3
43
1
5
3
65
17
5
4
26
3
2
4
25
5
3
1
68
2
4
3
6
4
5
3
38
5
3
3
18
11
5
3
17
3
4
4
36
15
6
3
49
3
2
4
34
8
4
2
40
2
4
4
65
7
1
2
44
2
3
1
17
3
5
4
68
21
3
4
28
12
3
4
43
1
5
1
63
1
5
4
31
23
2
4
61
1
2
2
4
1
4
4
37
11
4
2
2
3
4
2
25
1
6
3
14
24
5
1
32
1
2
2
15
1
4
3
22
2
6
4
66
2
6
4
18
28
4
2
31
5
4
4
45
8
7
4
30
3
5
3
30
4
5
2
66
1
3
2
4
2
6
2
23
2
6
3
61
5
7
1
29
2
1
1
52
1
4
2
8
3
3
1
35
3
2
3
27
9
2
2
41
3
3
1
12
6
2
2
13
1
5
1
1
1
3
4
71
1
3
1
9
7
3
2
38
3
5
3
5
3
5
2
41
1
5
2
54
2
3
4
10
8
1
2
10
1
6
2
9
3
2
1
42
1
4
2
18
4
6
4
43
8
4
1
55
1
5
4
9
30
7
3
32
1
2
4
29
10
2
3
38
6
3
2
23
1
5
4
67
21
3
1
53
1
4
1
71
3
3
1
43
1
2
4
28
5
1
3
45
4
1
3
55
14
3
4
17
6
7
4
44
12
7
4
39
2
7
4
6
31
4
3
39
3
1
2
67
1
2
4
55
3
1
2
55
1
7
2
45
4
6
4
71
3
3
3
6
5
6
2
36
5
5
2
47
1
7
4
12
3
6
4
60
9
2
3
54
1
5
1
49
2
2
2
63
3
5
4
33
9
1
4
52
15
3
1
1
2
1
4
8
8
7
1
61
1
3
1
8
12
1
3
5
5
4
1
16
1
2
4
23
8
5
3
52
1
2
3
28
10
2
3
27
7
3
1
17
16
5
1
39
2
6
2
11
2
1
1
28
2
1
4
37
10
6
1
39
4
5
4
44
15
3
3
63
8
2
4
55
5
3
2
6
1
1
4
14
23
2
4
13
13
6
3
60
10
2
2
52
3
3
2
34
2
1
4
1
10
4
4
49
5
3
2
15
3
2
1
36
3
3
1
4
3
1
2
71
3
5
3
8
14
6
4
41
4
1
2
16
1
7
1
41
3
7
4
63
6
4
2
37
4
1
1
54
3
3
4
39
7
1
3
45
5
2
1
8
7
1
3
15
11
3
2
53
2
5
3
60
26
3
2
30
5
6
1
67
2
4
4
53
3
4
2
44
3
6
1
9
3
5
1
60
1
4
3
71
4
7
1
18
8
6
3
23
6
2
3
25
5
5
4
9
29
5
4
6
28
7
2
16
2
1
1
36
2
7
1
18
10
1
3
28
6
1
1
65
1
2
3
33
16
5
1
7
6
1
4
35
4
6
3
41
3
3
2
35
3
1
3
13
4
1
1
68
1
1
3
29
14
3
3
7
1
3
3
33
3
1
3
10
6
2
1
26
3
4
1
13
1
7
1
26
1
3
3
17
4
2
3
66
6
2
4
67
36
6
1
71
1
4
3
41
4
6
1
53
2
1
4
54
5
4
2
27
2
5
3
63
7
3
3
37
8
6
2
13
2
2
1
66
2
4
1
60
2
6
4
47
16
1
3
10
23
4
1
22
3
6
1
67
1
1
3
39
7
4
4
42
1
2
3
71
5
6
2
52
5
4
1
15
2
6
4
38
6
2
2
26
4
2
4
13
7
3
2
42
2
4
2
37
1
3
4
36
3
1
1
37
2
1
3
9
18
6
1
15
4
4
1
61
2
7
1
33
8
6
3
32
2
1
4
2
12
3
2
1
2
1
4
14
4
6
1
65
2
2
1
40
3
2
1
10
8
7
2
7
3
2
2
53
3
1
1
33
2
4
2
22
1
6
3
68
16
5
2
42
1
2
4
15
6
3
1
16
6
5
4
53
5
7
1
6
1
6
2
10
2
2
3
4
19
4
2
38
4
3
1
27
1
1
4
66
5
6
4
26
9
5
3
68
4
4
1
3
2
6
1
66
3
7
1
7
2
6
3
2
3
5
1
6
2
7
2
39
1
3
1
41
1
6
2
12
3
4
1
44
3
5
1
25
2
4
1
23
2
1
2
5
1
2
2
66
2
7
4
12
5
3
2
71
1
6
4
18
14
6
3
34
4
4
1
14
20
6
1
38
1
4
3
11
12
2
3
67
33
3
1
4
2
7
3
35
7
1
2
67
2
7
1
40
2
7
1
25
1
2
1
44
4
2
1
11
6
1
2
33
1
6
2
14
1
3
2
29
2
6
2
54
1
7
4
7
2
3
4
41
2
2
4
40
8
3
4
4
19
1
1
47
2
3
4
7
6
5
3
11
17
4
2
61
3
6
4
29
16
5
4
40
4
5
4
23
5
7
4
11
14
4
3
31
18
2
4
32
11
7
1
32
2
6
2
31
3
7
3
1
7
7
3
18
21
4
4
45
5
6
4
10
32
1
4
5
12
3
1
10
6
3
4
22
14
3
3
54
2
5
2
39
4
4
4
22
5
1
4
47
2
4
2
65
3
5
3
26
6
2
2
3
2
5
1
2
7
5
1
30
8
2
4
42
3
1
2
47
2
2
3
44
10
2
3
16
3
6
3
14
11
7
1
38
2
4
3
40
5
1
2
65
2
4
2
12
2
1
4
32
6
2
3
47
1
4
3
61
3
7
3
65
13
7
2
18
2
6
1
63
2
2
3
40
2
1
1
45
2
4
3
26
8
3
4
68
12
4
2
43
1
6
1
49
1
6
2
27
3
1
1
35
2
1
3
55
16
7
3
49
2
1
3
9
27
5
1
11
1
7
2
60
1
2
1
30
7
1
1
43
3
6
2
28
3
3
3
42
1
2
3
37
6
7
4
11
25
2
2
63
1
7
1
37
1
3
1
13
8
4
3
53
6
6
3
8
20
2
4
38
2
2
4
2
13
5
3
34
11
5
3
4
27
5
3
12
2
2
2
22
2
5
2
11
3
6
2
55
3
4
2
7
1
5
1
5
1
4
4
5
7
7
2
25
2
5
2
36
3
6
2
30
2
3
4
27
7
2
4
15
9
3
3
47
5
2
1
27
2
3
3
66
7
5
4
52
21
4
2
8
1
2
1
2
1
4
4
25
9
1
2
49
1
4
2
49
3
7
3
36
3
3
2
61
1
7
4
1
1
5
4
27
9
3
3
1
5
2
2
5
3
2
3
25
2
6
3
13
1
1
4
8
1
1
3
15
15
3
2
60
2
2
3
31
29
7
1
47
3
5
1
52
2
4
3
35
4
6
3
43
3
3
1
23
3
1
1
28
3
2
4
16
2
5
1
5
2
3
2
45
3
4
3
16
5
7
3
53
4
4
4
35
5
4
4
65
14
4
4
31
20
6
1
45
1
4
2
32
2
2
2
9
2
1
1
14
8
3
3
3
8
6
3
36
12
1
4
61
12
5
3
22
12
4
3
30
8
1
2
35
2
4
4
63
10
4
2
68
4
2
1
42
2
5
2
26
1
5
4
49
2
3
3
12
3
3
3
29
7
3
4
60
4
3
4
30
7
6
4
3
17
1
2
17
1
7
2
40
4
6
2
17
2
6
3
23
11
5
2
14
2
4
2
68
3
2
1
29
3
6
2
2
2
5
2
43
3
2
3
42
3
5
4
33
3
7
2
28
2
7
4
4
18
5
1
31
16
3
1
3
5
3
3
44
7
6
1
55
2
7
3
2
9
5
2
33
3
3
3
52
4
1
1
12
3
2
2
29
3
6
3
3
2
5
2
34
3
6
1
31
8
6
2
1
1
7
1
34
9
3
4
16
6
1
3
7
5
2
1
34
2
2
2
6
2
4
4
17
3
7
4
34
13
4
1
22
2
5
2
3
3
5
1
54
2
3
4
3
5
4
3
67
14
7
4
54
9
5
2
32
4
7
