2
22
1
4
4
38
9
3
2
22
2
6
1
38
3
5
4
22
10
7
3
42
2
3
3
6
5
5
2
7
1
5
4
4
19
7
4
18
4
6
1
36
2
4
2
10
2
1
2
13
2
5
1
28
1
1
2
67
1
6
2
2
3
7
1
15
3
1
4
63
7
7
3
29
2
3
2
68
4
5
1
3
2
4
1
67
3
5
2
66
3
1
3
16
1
2
4
45
11
1
1
45
2
3
3
10
9
1
1
42
1
3
2
12
2
3
2
2
2
1
2
26
1
1
4
40
3
1
3
17
1
5
1
37
1
4
1
53
1
1
1
5
1
5
3
3
9
7
2
37
1
5
2
35
1
3
4
41
4
4
1
63
2
4
1
13
8
5
4
23
7
3
2
52
5
1
3
44
7
4
3
31
7
1
2
29
1
5
3
9
18
4
1
32
2
4
3
65
14
5
4
30
2
1
3
17
10
2
1
43
3
7
4
31
16
1
4
6
12
2
4
3
7
1
4
67
13
7
1
16
1
1
3
5
1
4
3
2
8
7
2
34
3
6
4
67
9
4
1
18
8
6
4
25
5
7
4
60
2
5
2
47
1
4
1
30
3
5
3
71
4
5
3
7
1
7
4
52
16
3
1
12
8
2
2
53
3
5
3
14
14
6
3
39
8
4
4
12
6
1
2
9
3
2
1
22
3
2
4
32
1
3
2
4
2
6
1
38
1
2
3
3
7
7
1
49
1
3
1
66
2
4
1
54
2
2
3
38
8
2
2
16
1
1
4
60
5
2
3
61
8
1
2
14
2
2
4
2
9
6
3
22
12
6
1
61
1
5
2
43
5
4
4
6
25
7
3
31
18
6
1
45
1
3
3
34
10
6
1
68
3
7
3
25
8
3
3
7
4
3
1
47
2
6
1
11
3
3
2
33
3
2
2
8
1
7
1
47
3
5
3
53
3
3
3
40
1
6
2
39
4
3
3
12
3
2
4
29
1
3
4
36
15
5
3
67
30
7
3
27
12
2
3
23
11
6
2
11
1
3
2
5
1
6
3
43
1
7
1
4
5
2
2
14
3
2
2
42
3
7
4
7
6
6
2
10
1
2
3
23
6
1
2
28
2
7
3
41
1
7
3
15
14
2
1
26
2
5
4
31
29
6
1
26
1
2
4
53
10
4
1
22
2
2
4
36
7
1
2
31
4
3
1
33
8
1
2
47
3
7
4
71
6
5
4
30
7
4
3
66
5
5
3
1
7
6
1
55
1
4
4
71
5
6
3
28
16
1
4
9
2
2
3
30
3
4
1
8
15
4
1
30
21
2
2
25
1
3
1
55
2
5
1
25
3
1
1
11
7
3
3
11
10
5
3
71
1
1
3
63
5
2
1
2
3
7
3
37
6
5
4
10
6
6
4
61
8
6
3
33
13
4
1
65
2
1
3
52
1
7
2
13
3
6
3
12
4
4
4
13
1
4
3
40
3
4
4
33
9
3
2
71
2
1
1
14
18
7
1
12
6
2
2
11
2
7
3
54
1
3
4
26
8
2
2
15
3
1
3
67
37
2
4
45
10
1
3
4
10
3
3
1
2
2
4
38
7
7
2
54
2
7
3
49
4
5
2
41
1
7
3
14
4
7
4
34
2
3
1
9
9
2
4
8
8
6
4
33
7
7
1
35
4
3
4
44
2
2
1
33
6
2
1
29
3
1
4
28
2
4
1
16
2
6
2
28
3
3
1
15
2
3
3
28
2
1
4
41
1
1
3
45
5
1
1
10
2
4
3
49
8
3
2
52
6
6
2
66
1
7
2
45
3
7
1
71
2
7
4
15
12
7
2
33
2
6
3
11
11
6
3
42
1
5
2
54
1
5
3
65
8
3
4
26
5
5
2
68
3
5
2
6
1
4
2
49
4
4
3
18
24
5
2
23
2
1
2
26
2
6
4
17
23
7
2
15
2
2
2
27
2
5
2
17
1
7
3
35
4
1
4
11
31
2
4
7
9
1
1
3
6
3
3
2
12
7
1
43
1
1
2
3
2
1
2
37
4
4
1
6
2
7
4
10
16
7
1
60
1
5
3
22
3
1
3
60
27
1
1
10
4
6
2
6
3
7
2
40
1
3
1
5
2
1
4
63
10
4
1
1
1
4
4
54
3
2
1
40
1
2
2
18
2
3
2
25
2
1
4
8
17
4
2
61
2
7
1
7
11
5
3
9
1
1
1
1
3
5
1
40
3
7
4
42
3
3
3
10
12
4
1
37
2
1
4
25
3
1
3
32
6
4
2
41
3
1
4
42
4
1
4
39
7
4
3
4
13
1
4
14
32
1
2
8
2
5
4
4
25
1
4
5
18
1
4
53
3
7
1
23
1
1
1
6
1
2
2
4
1
5
1
66
3
5
4
37
5
2
4
29
4
3
4
27
2
5
1
27
1
6
1
9
11
7
1
65
1
3
4
55
8
6
4
11
30
6
2
65
2
3
3
33
5
1
1
18
10
4
3
5
5
2
2
12
3
1
2
1
3
7
1
36
1
6
4
17
5
4
3
63
1
2
4
35
1
1
4
39
9
5
4
66
6
6
4
66
2
2
2
42
2
7
3
25
1
1
3
13
6
1
2
7
2
5
3
8
18
3
2
44
1
7
2
71
3
3
2
55
1
1
4
5
17
3
1
52
2
1
3
41
3
5
4
61
5
7
1
4
4
7
4
35
2
4
1
49
2
2
2
63
2
1
2
32
3
3
2
38
5
5
1
52
3
2
2
5
3
3
4
16
11
7
4
43
3
6
1
54
3
1
4
49
6
1
3
16
8
4
2
36
1
6
1
25
1
1
2
40
2
4
2
61
1
2
2
53
2
4
3
27
3
7
4
52
6
3
1
67
2
6
3
43
7
3
2
43
1
5
1
31
6
5
3
6
2
7
4
68
1
6
1
68
2
2
3
68
12
5
2
32
1
2
3
44
6
3
1
44
3
1
2
9
1
2
1
63
1
5
1
71
1
7
4
23
6
5
1
35
1
6
4
65
7
4
1
8
13
4
3
35
8
2
3
61
5
3
3
55
16
6
3
52
4
6
4
27
8
7
4
18
25
4
1
41
1
7
2
3
1
7
1
42
2
5
3
60
1
4
2
60
4
6
4
68
11
5
4
32
9
7
1
44
2
3
2
45
4
5
2
29
3
5
3
55
17
2
2
30
4
7
1
23
3
5
1
60
2
2
4
16
5
7
4
2
3
5
3
66
8
1
2
44
5
6
2
55
2
1
2
27
1
2
4
1
2
2
1
17
12
6
1
13
1
4
4
40
8
7
4
54
6
4
3
38
10
6
2
67
2
2
3
32
10
4
3
18
12
3
4
47
4
6
1
32
6
2
2
17
2
4
2
65
1
4
1
27
2
5
2
34
1
5
4
14
29
4
3
68
8
6
1
34
5
3
1
41
2
6
1
14
12
1
4
12
8
6
4
55
13
5
4
15
11
3
2
60
2
7
3
39
4
3
2
36
4
2
3
26
5
6
3
53
6
1
3
36
6
6
3
54
2
4
1
53
2
1
1
2
2
7
4
28
13
2
2
23
1
2
2
1
1
6
2
49
3
5
4
37
9
1
4
1
5
3
1
39
4
3
1
61
2
6
3
30
14
7
4
49
7
3
4
3
14
4
2
31
5
3
4
47
6
5
2
18
1
3
4
9
19
6
1
17
6
5
1
29
1
6
4
65
9
3
3
26
3
3
3
8
19
7
4
34
8
7
3
47
3
4
1
28
2
7
2
16
2
2
2
63
1
2
3
45
1
7
4
13
16
4
2
35
3
2
4
43
9
3
3
15
2
4
3
37
1
4
3
36
15
3
3
34
4
1
2
30
1
3
4
44
5
2
1
7
3
3
3
29
14
2
1
31
4
5
2
39
3
7
4
22
17
6
1
39
3
6
1
34
7
6
3
13
1
5
2
38
4
1
3
47
5
6
