4
32
3
4
1
43
2
7
2
30
3
7
4
8
9
3
1
38
2
4
4
67
1
6
2
7
2
6
2
31
1
7
1
55
1
2
1
37
1
4
4
45
7
5
4
39
9
3
1
16
7
6
4
42
3
6
2
6
2
3
3
8
10
5
3
60
7
2
3
26
8
3
3
63
4
1
1
18
2
6
3
6
1
6
3
60
6
2
4
17
10
3
1
65
2
3
2
28
2
2
1
15
5
6
3
27
11
6
4
30
5
4
2
9
2
7
4
35
2
2
1
9
10
2
4
1
7
7
1
53
2
3
4
10
22
1
1
13
3
6
2
66
3
6
2
8
2
1
2
52
4
2
3
40
4
2
3
7
5
7
1
54
1
3
1
6
1
6
3
2
5
2
3
61
2
2
1
43
3
2
3
18
18
6
2
42
3
3
3
16
3
1
2
65
1
7
2
37
4
1
1
17
7
2
2
49
2
4
3
45
6
6
4
54
4
6
3
38
12
7
2
61
3
5
4
63
12
3
4
6
8
6
1
47
2
6
3
53
5
4
3
25
4
6
4
17
13
5
3
33
9
7
1
3
7
7
3
68
16
4
3
65
11
7
1
36
3
2
2
38
1
5
2
41
1
1
1
55
2
6
3
5
5
3
1
67
3
2
2
61
1
5
1
22
2
6
4
31
10
5
4
4
21
7
4
22
12
5
1
33
3
5
1
35
2
4
3
16
1
1
4
33
7
1
2
23
2
5
4
44
7
6
4
14
13
5
4
5
23
4
2
7
1
1
1
26
1
5
4
66
5
2
4
23
18
5
1
29
3
3
2
15
2
1
2
54
1
4
1
68
3
6
4
23
11
3
3
35
1
5
1
45
2
4
3
13
1
6
4
29
10
1
1
41
3
3
2
47
2
2
2
35
2
6
3
31
3
3
1
8
11
4
3
49
5
6
1
31
18
6
3
55
4
7
1
3
10
5
4
60
5
2
4
49
1
5
1
35
1
4
2
4
3
4
4
2
13
7
1
60
1
7
1
68
2
4
3
67
17
6
1
67
1
2
3
13
9
4
1
9
6
4
1
37
2
7
3
1
8
7
1
29
2
3
2
22
3
2
1
12
16
4
4
38
7
1
2
27
3
1
2
17
1
7
3
15
8
4
2
60
1
2
2
16
3
4
3
31
9
2
3
14
4
4
1
32
2
2
1
32
6
7
2
52
2
7
3
68
2
1
1
28
3
7
2
1
3
4
3
65
3
5
4
25
3
5
4
18
25
5
3
61
10
7
3
38
10
1
3
41
4
3
1
25
3
7
4
66
4
3
3
10
24
4
2
31
3
1
4
28
9
6
3
39
5
3
4
54
12
3
3
9
24
5
4
31
19
5
3
12
5
2
1
4
7
6
2
41
4
7
2
22
2
7
3
66
1
1
1
17
5
1
4
14
15
3
2
39
4
7
4
61
6
1
4
65
8
4
1
53
1
5
3
63
8
3
2
49
3
7
2
47
4
4
2
34
1
5
4
65
3
1
3
27
4
2
2
33
2
5
1
41
1
5
4
45
12
5
4
32
10
3
1
42
2
4
2
4
1
2
4
26
1
1
1
52
3
3
1
40
1
3
1
52
2
1
2
32
2
1
4
5
27
3
2
10
1
3
3
36
1
4
4
13
1
5
3
35
4
2
4
3
2
5
1
65
1
6
3
71
3
2
4
9
22
7
3
29
6
5
2
36
4
6
2
8
1
5
3
40
3
4
4
52
14
1
3
22
11
7
1
66
1
1
1
71
2
6
3
28
8
3
4
15
5
3
4
43
4
7
1
28
2
3
2
67
2
5
4
35
5
7
1
33
5
7
4
30
7
5
4
4
8
2
2
68
4
5
3
32
9
7
4
7
2
4
2
67
1
4
3
66
2
2
1
1
3
1
3
28
12
6
3
30
7
7
1
42
1
1
4
63
10
1
1
25
2
7
2
9
3
7
2
66
1
5
2
23
3
6
4
27
3
7
2
60
4
5
4
49
2
5
1
39
4
7
2
10
2
5
3
9
13
4
4
41
3
7
4
11
26
2
3
52
7
4
4
28
10
1
2
13
3
1
3
39
7
6
1
11
2
7
2
16
1
4
2
25
1
1
1
5
2
6
3
25
3
4
1
49
1
1
1
23
3
4
1
1
2
7
2
65
4
6
4
10
15
4
2
40
3
2
1
34
11
1
3
5
2
1
1
61
1
7
1
61
3
4
4
29
13
5
2
42
2
1
2
55
2
2
4
13
15
3
1
30
18
3
2
34
3
4
2
40
4
7
3
2
12
5
4
34
8
2
1
2
7
7
3
47
10
5
3
53
8
7
2
30
2
4
4
44
19
1
2
5
1
1
1
12
5
6
2
26
1
7
3
37
3
5
4
38
3
1
2
28
1
5
3
44
2
5
2
35
1
2
4
33
3
4
2
14
3
4
1
44
4
6
1
2
1
5
1
16
6
5
3
3
1
1
1
22
3
7
2
68
1
5
3
34
10
1
3
71
4
5
2
12
3
4
2
17
3
4
2
25
3
3
1
47
1
3
4
7
4
4
4
8
7
7
4
36
3
4
4
25
7
2
4
71
6
5
1
49
2
4
4
16
5
1
2
44
2
5
2
43
5
6
1
14
22
3
2
71
2
5
1
34
1
5
1
6
2
6
1
54
3
7
4
26
12
6
4
37
5
7
2
13
1
1
1
44
1
4
3
6
6
3
3
47
3
6
3
44
3
5
2
29
1
3
3
12
7
3
3
36
7
4
4
16
11
6
4
43
5
2
4
27
2
5
4
42
2
1
2
32
3
5
2
3
1
3
2
53
2
6
2
11
1
4
3
32
8
7
1
23
2
2
3
54
2
6
4
12
7
4
2
14
1
3
3
7
2
7
1
14
14
7
1
63
1
6
2
63
2
3
3
52
9
4
2
1
2
3
2
36
1
7
1
27
1
1
1
5
1
4
1
7
9
3
2
45
4
3
2
3
2
7
2
53
1
1
2
38
5
1
2
15
3
6
1
15
3
4
2
5
3
7
1
8
15
5
4
40
5
6
2
29
3
6
4
47
12
4
2
44
3
5
2
37
2
3
1
39
2
4
4
40
4
5
2
63
3
5
4
68
9
3
3
4
4
4
3
67
5
2
4
71
5
7
2
12
2
4
4
67
22
1
3
54
1
7
1
4
8
3
1
66
3
5
4
60
4
2
2
2
3
6
1
13
2
1
1
36
1
4
4
52
20
2
3
11
11
6
4
36
14
4
4
18
23
2
4
34
1
3
4
9
19
5
4
68
22
5
4
6
31
2
3
22
10
1
1
60
2
1
3
17
1
5
2
54
2
4
2
27
2
4
3
18
24
7
1
27
2
5
1
18
10
2
1
63
2
6
2
45
1
1
2
26
2
7
3
3
6
7
4
53
5
6
3
15
17
1
2
33
3
1
1
45
1
7
1
26
3
5
3
17
7
3
4
55
8
5
2
55
1
6
2
11
3
6
3
43
8
6
3
14
11
4
1
10
5
4
3
43
1
6
1
7
5
7
2
39
3
2
3
10
18
7
2
71
3
3
4
11
3
3
4
3
18
5
3
26
7
2
4
47
2
2
2
18
3
7
4
1
2
3
3
42
1
1
2
2
1
5
4
55
12
5
3
45
4
2
3
1
10
6
4
22
19
4
3
41
3
1
2
18
2
1
1
10
7
6
2
43
3
6
3
55
16
3
1
30
9
6
1
11
7
1
4
41
2
4
3
11
20
2
3
29
9
4
4
2
7
2
4
61
9
2
1
31
12
6
3
23
15
3
2
6
3
3
3
8
20
1
3
37
2
7
4
12
9
1
1
40
2
4
3
49
1
2
1
71
3
4
1
38
3
4
4
37
1
6
3
34
8
7
3
42
4
1
3
33
10
3
3
23
12
7
4
53
11
7
4
39
3
2
3
30
15
5
4
15
19
1
3
4
24
1
