4
54
10
3
1
28
2
5
1
13
7
1
4
54
3
2
2
1
2
2
2
38
1
2
2
45
4
7
3
65
14
6
4
27
6
7
4
44
17
7
1
7
10
7
1
39
1
2
3
34
7
1
4
52
12
3
4
8
16
4
2
8
1
1
1
15
5
1
1
5
2
5
3
42
1
2
2
35
3
4
2
1
1
6
3
13
1
5
1
60
1
1
2
42
3
5
3
22
1
4
4
28
7
6
2
61
3
6
4
23
15
7
2
27
2
7
2
4
3
7
1
67
3
3
4
41
4
1
3
6
5
4
4
13
14
4
2
17
2
6
3
65
6
4
2
6
2
3
4
49
4
6
2
38
3
5
4
44
7
1
2
7
3
3
4
55
5
1
1
45
1
2
1
40
1
1
4
40
5
5
1
66
2
1
3
12
4
1
1
18
5
7
4
35
5
7
4
37
9
2
2
71
3
4
2
71
1
1
4
12
7
4
1
11
3
3
2
29
2
2
1
16
5
1
3
1
5
5
3
11
15
1
1
26
1
2
2
22
2
5
4
36
3
1
2
9
3
7
2
61
1
7
2
13
1
1
3
27
11
6
4
17
20
2
1
41
2
3
4
36
13
1
4
53
12
4
4
11
3
7
4
9
31
6
2
18
1
2
3
68
1
4
1
7
7
6
1
42
1
1
4
10
5
4
4
38
8
1
4
63
9
4
3
63
9
2
2
52
4
6
4
29
2
1
1
52
1
6
2
68
3
5
4
65
13
6
3
33
6
2
3
33
14
3
4
32
4
1
4
7
2
3
3
4
22
3
1
1
2
5
1
71
2
2
2
41
3
2
4
13
11
4
1
16
1
1
1
27
1
6
4
15
6
6
1
6
2
4
3
38
7
6
4
33
4
4
2
31
2
4
2
23
2
5
4
11
9
3
2
60
1
4
1
15
2
2
4
25
8
5
4
14
1
2
2
44
3
2
4
4
1
6
1
53
2
1
3
4
23
1
2
33
1
1
4
63
1
5
1
4
3
5
3
28
3
3
2
63
2
3
4
60
2
3
3
14
7
1
1
61
2
6
3
12
2
4
2
15
1
5
4
23
3
1
1
33
2
5
1
35
4
7
1
47
1
1
3
17
2
3
1
12
3
7
3
25
3
2
2
41
4
1
3
14
5
2
3
49
5
4
2
65
2
3
3
61
5
2
2
65
1
5
4
2
11
5
2
32
4
5
4
1
1
2
1
37
1
6
1
8
4
3
1
34
8
2
2
53
2
3
1
14
8
3
1
45
2
7
1
4
2
3
2
6
3
3
4
71
2
2
3
54
2
4
3
13
3
5
4
3
17
6
4
2
2
6
1
30
14
4
1
52
3
3
1
33
4
7
3
23
18
5
3
30
28
2
4
34
2
2
3
26
2
4
4
16
1
1
1
2
5
4
3
53
5
1
3
67
18
1
1
63
2
5
3
43
3
4
1
68
3
5
4
32
12
1
1
25
1
1
2
26
4
2
2
2
2
7
3
26
11
6
1
44
1
4
2
12
1
3
3
27
1
6
1
25
2
7
3
15
3
2
1
35
2
2
3
31
30
4
3
55
1
2
4
26
8
6
4
18
12
7
4
26
4
2
2
16
3
1
3
49
1
7
2
3
3
3
4
9
17
5
4
55
1
6
2
5
3
6
2
28
3
3
4
35
4
4
3
71
5
4
3
41
4
3
3
23
14
5
1
54
3
3
3
47
9
7
1
9
3
6
4
38
5
6
3
7
5
1
3
53
2
4
2
14
1
1
2
18
3
1
4
10
7
4
3
55
12
4
2
34
3
5
1
26
2
6
4
39
1
7
2
67
2
2
2
36
2
2
2
47
3
7
2
54
2
4
3
37
4
3
1
23
3
6
3
11
9
2
2
8
2
3
1
31
9
7
2
49
3
3
4
42
1
2
4
18
24
7
4
1
3
2
2
3
2
3
3
63
5
5
3
52
12
6
2
43
3
6
1
40
2
7
3
29
8
4
4
49
2
7
1
66
1
6
4
45
2
1
3
15
14
2
1
53
1
5
3
68
11
3
4
52
13
4
3
41
1
6
1
43
2
5
3
66
5
2
4
14
11
5
1
39
2
2
1
3
7
2
4
27
10
5
1
18
2
7
2
23
3
7
2
14
3
3
1
22
1
7
1
54
2
4
1
38
2
7
4
42
2
2
2
40
4
7
4
34
13
4
2
10
1
7
2
5
1
7
3
44
2
5
2
39
3
5
4
41
2
2
3
35
6
7
3
8
7
5
2
68
1
6
2
67
1
4
1
32
3
4
3
2
8
4
3
45
1
1
2
29
1
7
4
22
12
4
3
1
7
4
4
43
1
7
2
55
2
4
2
45
2
1
2
36
5
3
2
42
4
1
1
47
2
4
1
60
2
6
4
8
1
1
1
14
20
2
4
17
11
5
1
11
8
2
2
4
2
4
1
44
3
6
3
17
6
5
4
66
1
7
2
9
1
5
2
2
3
3
4
45
13
2
2
34
2
7
4
22
7
7
4
37
4
3
3
5
1
3
3
7
1
7
2
60
3
5
1
67
1
2
1
42
2
2
3
3
5
6
4
25
9
3
1
49
2
6
4
15
20
2
4
71
4
4
1
41
3
4
3
54
1
4
2
11
3
6
2
47
4
5
4
67
24
6
4
12
3
5
1
34
5
4
2
66
1
4
1
27
2
4
1
6
1
3
2
7
1
6
3
66
7
3
2
43
1
3
3
10
22
1
3
38
3
4
3
5
3
2
2
13
2
4
1
61
1
3
4
29
13
6
3
9
25
6
1
68
1
2
1
13
6
3
1
31
8
5
1
5
1
7
3
18
13
2
4
68
16
6
2
27
3
1
1
65
2
4
3
10
25
1
1
43
1
1
4
4
10
7
1
23
1
2
1
63
1
7
4
43
10
4
4
7
4
3
3
47
4
6
1
36
2
6
3
16
5
5
3
25
8
4
4
5
13
6
1
30
13
1
1
32
6
1
4
3
13
2
4
47
4
1
1
49
1
3
3
8
12
6
2
25
3
3
3
40
4
5
1
2
4
7
4
66
5
4
4
31
15
6
2
53
3
5
3
39
4
7
4
33
7
3
1
8
2
5
1
28
3
5
3
34
8
2
1
37
2
2
3
3
2
3
4
61
9
5
4
30
8
1
4
30
3
1
4
16
8
5
2
15
2
4
1
12
16
7
2
25
1
1
2
33
3
7
4
68
22
1
2
40
3
2
2
55
1
4
3
36
5
2
3
2
4
1
4
61
2
3
2
63
3
6
3
32
6
7
3
6
6
2
4
39
7
2
3
22
8
4
2
17
3
2
2
49
1
4
1
22
2
3
3
71
3
1
4
40
1
7
2
54
1
4
4
67
32
3
4
6
7
3
2
26
1
6
1
29
1
6
3
31
5
6
2
11
1
3
1
17
13
5
4
65
6
4
3
28
8
2
2
10
3
5
1
38
1
4
4
31
20
5
2
16
1
5
2
32
1
2
1
55
1
2
4
53
7
2
2
30
2
1
1
10
3
6
2
31
5
2
2
39
2
2
3
18
7
5
3
29
9
7
2
30
4
2
3
35
4
3
4
28
3
3
3
67
16
7
2
44
1
2
2
37
2
1
3
16
3
6
1
71
3
4
1
9
4
4
2
22
1
3
2
35
1
5
2
12
3
2
3
40
5
6
4
6
8
3
1
17
14
6
2
52
6
5
1
1
3
1
3
36
12
6
3
60
2
5
2
66
3
7
3
32
9
7
3
42
4
2
1
10
1
1
3
37
1
4
4
47
15
2
1
36
3
2
1
55
2
1
3
52
15
7
1
65
1
4
3
9
30
2
2
28
1
4
3
44
8
2
4
60
3
5
3
61
2
2
1
29
3
5
3
60
23
3
3
39
2
3
3
30
20
2
1
3
6
4
4
5
22
5
2
37
4
5
3
45
3
4
3
43
2
4
