2
49
3
1
3
30
20
3
4
6
18
5
3
12
3
3
4
38
5
1
1
45
2
1
2
71
2
1
1
27
3
1
3
27
7
2
1
13
2
4
3
42
2
5
2
28
2
6
4
14
18
5
2
6
1
4
2
26
4
1
3
37
9
5
4
40
2
4
1
22
1
5
4
12
7
1
3
67
36
6
4
66
4
6
4
67
7
2
4
31
21
7
1
1
3
2
3
8
20
5
4
60
1
4
4
17
11
5
4
39
2
7
3
1
4
3
3
4
5
4
1
8
1
1
4
22
6
6
1
60
2
7
2
45
4
4
1
30
19
4
1
14
9
3
1
40
3
4
1
65
2
2
3
33
13
2
4
38
7
4
2
68
2
3
2
33
1
2
3
45
7
4
1
63
1
7
1
28
3
2
2
47
4
1
1
8
7
5
3
71
4
5
2
61
2
2
4
32
13
1
1
44
4
5
3
60
13
7
3
53
5
1
4
49
4
5
4
42
4
7
4
10
6
3
2
23
3
6
2
17
2
2
1
36
2
5
2
8
1
7
4
28
1
5
4
54
4
6
4
65
2
5
4
45
12
6
4
3
13
4
4
26
3
3
1
27
2
1
2
63
1
4
4
27
2
2
3
35
5
5
2
67
2
4
1
55
2
1
3
33
10
7
4
71
2
1
1
54
1
5
2
25
2
3
2
35
3
7
4
33
7
6
3
6
5
6
1
11
6
3
1
29
3
5
2
41
3
2
1
6
1
5
1
11
2
1
4
41
3
7
3
27
11
2
2
30
4
4
3
3
10
7
1
4
4
4
2
8
2
5
4
31
14
7
3
13
1
4
1
67
2
5
1
31
17
2
3
8
6
4
4
23
13
4
3
30
8
5
2
5
1
3
2
44
1
5
1
25
3
3
3
37
11
4
1
71
3
1
2
63
2
4
2
7
3
1
4
68
19
3
3
66
8
5
2
3
2
2
3
36
3
3
4
16
2
2
2
32
3
2
1
49
1
7
2
7
2
3
3
7
2
3
4
42
1
3
4
1
10
3
2
66
2
7
4
44
6
4
4
43
4
1
3
68
14
5
1
36
1
7
4
29
10
5
2
38
1
5
1
66
2
1
4
53
5
6
2
39
3
1
2
15
1
5
1
37
1
4
2
36
3
6
3
54
2
3
1
43
2
7
4
47
10
4
3
39
4
4
1
4
8
5
2
10
2
5
1
6
2
1
3
66
5
7
2
34
3
6
3
41
2
6
4
2
4
3
4
5
15
4
1
17
10
2
3
17
10
1
4
9
11
4
1
35
1
2
3
25
5
7
3
23
15
3
3
43
7
1
1
60
1
7
4
12
3
2
3
63
10
5
1
34
2
2
3
18
23
2
2
37
3
3
1
31
4
1
2
15
2
7
2
53
1
1
1
7
1
4
4
14
34
3
1
28
2
2
4
8
11
5
2
52
4
1
2
34
1
4
4
66
5
7
1
15
1
6
3
65
18
5
1
30
7
2
1
47
3
7
3
11
12
4
3
55
7
4
3
32
10
6
2
54
2
2
3
10
9
2
3
11
4
4
2
2
2
6
1
22
3
5
3
38
6
4
4
61
11
2
2
60
3
6
4
10
24
7
3
38
12
2
4
26
11
7
3
61
9
2
1
38
3
5
2
13
3
2
2
11
3
4
4
11
12
3
4
13
4
2
2
5
3
5
2
49
2
6
3
14
5
6
3
1
5
6
2
67
1
1
3
2
5
3
1
45
1
7
1
49
2
2
3
60
21
6
2
6
3
7
2
55
2
2
1
39
2
4
1
68
3
2
2
44
5
5
1
65
1
2
2
42
2
7
1
23
3
4
1
10
7
6
1
54
2
2
3
34
5
1
2
54
1
3
2
38
5
2
4
36
15
1
2
35
1
5
2
22
3
2
4
25
6
3
2
45
3
7
4
1
9
1
2
39
1
3
2
47
1
4
4
30
6
6
2
53
3
3
2
32
1
2
2
25
3
5
3
14
10
4
1
33
5
6
1
13
8
1
2
29
3
7
2
27
3
5
3
45
3
2
2
18
1
6
3
54
1
2
4
17
9
5
2
60
2
1
1
53
2
3
3
17
6
2
3
40
2
2
1
33
8
6
3
68
17
1
4
34
11
3
1
3
10
4
2
28
3
2
1
14
11
6
1
42
2
1
4
3
3
5
1
66
3
1
3
26
4
1
4
6
6
2
3
6
4
6
1
25
2
4
4
25
9
1
2
12
2
3
2
61
3
3
4
55
9
6
4
67
35
4
2
68
1
1
2
16
1
2
2
40
3
2
2
27
1
3
1
12
16
4
4
55
10
4
3
44
8
1
3
9
16
7
2
14
2
6
1
68
1
1
2
29
1
4
1
12
5
1
3
47
8
2
4
15
8
3
4
63
8
4
2
16
3
2
2
31
2
1
1
41
2
6
1
18
4
1
2
18
3
2
2
30
2
6
1
63
2
4
3
71
3
1
3
26
12
7
1
61
3
1
4
54
9
3
3
3
1
1
2
4
3
1
1
23
2
7
3
16
3
3
1
41
1
1
2
23
2
4
3
53
7
6
1
18
5
4
4
52
10
3
3
23
12
5
2
2
3
5
3
4
6
2
1
43
1
3
4
71
1
7
3
29
3
3
3
41
4
3
4
60
5
4
3
5
3
5
1
61
1
7
3
15
11
3
4
23
22
4
1
10
2
2
2
31
4
4
4
4
14
5
2
13
2
6
4
68
13
3
2
65
4
4
2
3
3
6
2
52
5
5
3
47
4
2
2
37
2
5
3
32
4
3
4
40
4
4
3
52
10
4
4
35
4
6
3
34
2
1
4
34
1
3
4
36
12
1
1
53
1
5
4
37
8
1
3
67
12
3
4
41
2
4
2
66
1
2
1
47
2
2
3
22
7
4
1
67
1
2
3
10
6
3
4
43
3
1
4
27
7
1
1
39
3
5
3
16
6
7
4
8
4
3
2
22
2
5
4
7
1
4
1
26
3
4
2
41
5
5
1
16
4
2
1
2
3
1
3
39
1
1
3
49
3
3
4
13
8
4
4
37
9
4
4
4
26
5
1
42
1
2
4
11
11
3
3
52
11
6
3
40
1
2
4
44
3
5
4
32
11
3
1
9
12
6
1
32
5
2
4
5
21
6
1
15
3
6
4
30
8
1
4
2
8
6
3
35
2
7
4
22
12
2
1
37
2
4
3
36
14
6
3
12
6
4
2
9
1
3
2
71
3
6
1
34
3
5
3
31
24
5
1
38
2
3
1
5
1
2
3
63
12
7
3
61
6
3
4
49
7
7
1
55
1
7
3
9
25
3
1
44
3
4
4
28
2
7
2
14
3
5
4
53
10
4
2
42
1
7
3
43
6
4
2
36
4
6
1
17
14
2
4
52
7
4
2
10
3
4
1
32
4
6
2
26
2
6
1
35
3
2
4
65
13
1
3
22
11
3
1
1
2
6
2
4
2
2
4
63
6
5
3
13
6
5
3
42
4
5
3
55
1
1
2
1
3
7
3
15
8
4
4
18
5
1
2
9
3
6
3
7
5
1
2
12
3
5
4
39
5
4
4
7
5
6
4
45
2
2
2
11
1
7
3
28
6
4
4
47
5
3
4
61
2
2
1
16
6
5
3
28
11
3
2
40
4
4
3
2
10
7
3
31
16
2
4
35
1
1
3
29
4
7
1
3
11
5
2
43
3
7
2
17
1
2
4
9
27
6
4
18
27
1
3
18
10
5
2
55
3
3
1
29
2
3
1
52
3
6
4
15
19
3
1
40
1
7
2
33
2
7
1
52
2
4
1
26
1
7
3
65
19
4
3
25
1
2
2
65
3
5
1
9
6
3
1
2
1
5
1
71
1
7
3
44
9
3
3
49
6
6
4
29
11
3
4
33
9
5
1
5
2
3
1
7
6
7
2
43
5
6
3
5
5
3
4
16
3
1
2
1
1
6
