4
23
8
6
1
38
1
7
3
33
2
4
1
4
7
4
1
28
3
7
4
38
8
7
1
1
2
4
4
71
3
3
1
6
1
4
4
36
15
7
2
25
1
3
3
44
10
2
2
39
2
2
1
39
4
6
3
27
8
5
1
44
4
5
3
8
17
1
1
14
6
3
1
45
1
3
3
9
3
2
1
29
3
3
4
52
17
4
4
47
17
2
3
41
2
5
2
55
3
3
4
37
1
2
2
6
1
4
1
37
2
4
1
42
2
4
4
8
10
3
4
12
8
5
1
54
2
4
3
14
26
1
4
15
24
4
1
23
2
1
4
55
1
1
1
1
3
5
2
5
1
1
3
35
7
7
1
18
15
7
4
31
22
6
3
71
2
2
1
3
1
6
4
40
5
5
3
27
11
4
3
68
2
2
2
23
1
7
3
13
4
2
4
39
3
5
2
25
2
5
3
23
18
6
3
66
1
1
2
66
3
7
3
11
13
2
1
30
8
4
1
33
8
4
1
55
1
2
1
49
2
3
1
34
4
4
2
16
3
3
4
65
12
6
1
68
2
4
1
52
1
6
4
30
5
3
3
10
18
5
1
2
3
5
3
34
10
2
3
22
12
4
1
7
3
2
2
34
3
7
3
15
11
3
4
71
1
1
1
29
1
7
4
3
19
5
1
66
1
1
1
36
3
7
2
71
3
7
2
41
2
3
4
49
8
3
2
49
2
4
3
33
16
2
3
23
9
2
2
49
1
4
3
71
5
4
3
13
5
7
2
14
2
1
4
63
12
6
4
68
19
1
4
67
26
7
4
52
20
7
3
17
4
2
2
17
3
2
1
45
2
6
3
31
16
2
1
47
3
2
2
35
2
1
2
61
2
5
1
26
3
1
4
63
4
1
4
5
8
4
3
32
2
5
1
26
2
1
3
12
4
1
1
27
3
4
4
60
2
3
2
9
2
5
4
41
2
6
2
37
3
2
4
34
5
2
3
28
4
2
4
17
23
5
4
36
10
7
2
68
3
6
1
11
10
5
3
54
2
6
3
18
15
1
1
17
15
2
3
32
3
3
3
52
7
2
2
39
4
7
1
40
2
3
4
29
15
6
1
17
7
5
2
32
2
6
4
68
7
4
4
3
11
4
2
45
2
5
3
5
2
2
2
27
1
2
1
65
2
7
1
35
4
7
3
31
28
1
3
38
9
6
1
8
4
4
3
52
14
4
3
42
3
3
1
63
2
5
1
47
1
7
2
18
1
3
3
61
5
1
1
54
1
6
4
37
6
1
1
9
12
7
4
11
13
1
4
26
10
1
3
41
4
4
3
15
5
3
2
8
2
6
2
17
1
1
2
10
2
4
3
3
3
6
3
6
5
2
3
4
1
5
1
18
9
1
4
33
10
1
3
2
10
4
2
52
2
5
3
63
6
2
2
3
2
5
4
9
29
6
2
28
2
3
3
25
8
2
3
44
7
5
3
60
10
7
3
43
2
3
1
13
2
4
1
44
3
4
2
7
1
1
2
43
4
3
4
41
1
7
4
2
6
2
1
40
1
3
2
47
2
2
2
63
2
4
2
67
2
4
3
1
5
1
3
14
13
6
3
30
22
3
4
6
26
4
4
4
27
1
1
60
1
3
1
68
1
5
3
39
1
2
3
53
1
1
2
11
3
3
2
23
2
4
3
16
7
4
2
38
2
4
2
18
2
7
1
65
1
1
2
53
1
1
3
67
36
3
2
31
2
5
1
27
1
6
1
10
7
5
1
16
5
3
1
14
9
3
1
71
1
1
1
22
1
5
2
3
1
4
3
54
1
1
2
30
3
2
2
53
2
7
4
14
32
1
1
36
2
3
2
32
1
2
3
35
5
5
2
65
1
7
2
7
3
1
2
36
2
3
1
42
1
1
2
29
2
1
1
37
1
1
4
31
29
1
2
38
3
5
3
47
7
5
4
53
3
7
1
3
5
4
4
27
2
6
4
14
21
3
1
41
2
7
1
10
1
3
2
2
2
4
3
39
8
3
4
32
13
4
3
3
8
2
3
49
2
4
4
45
14
7
2
9
1
2
2
66
1
3
2
22
3
6
4
67
27
2
2
60
1
2
3
36
12
7
1
61
3
5
3
17
16
2
2
1
2
7
2
63
1
1
4
18
13
5
2
71
1
3
4
33
1
3
4
13
12
1
4
5
14
2
1
33
4
7
2
43
1
3
1
16
1
7
2
4
1
3
2
42
3
3
4
8
8
4
1
31
8
4
2
13
1
1
3
22
6
5
3
18
11
6
2
40
4
2
3
28
15
2
4
11
31
5
4
35
4
5
4
27
3
6
2
15
1
2
1
32
3
5
2
41
4
6
2
6
3
1
2
34
2
3
4
22
11
3
1
22
2
4
3
34
6
2
3
66
9
4
2
67
1
2
2
26
4
7
4
65
9
1
2
44
3
2
1
5
2
2
1
67
2
3
2
1
3
6
4
10
6
2
4
66
5
6
4
43
8
2
4
49
7
2
2
26
3
4
4
44
12
1
1
67
3
5
4
10
33
3
2
45
3
6
1
61
2
4
4
43
12
2
3
36
15
3
1
6
2
2
4
23
5
4
4
9
14
7
2
33
2
5
4
29
12
3
2
16
1
2
3
65
11
2
4
54
11
7
2
15
2
7
2
36
4
1
2
8
3
3
1
15
3
4
4
17
9
4
4
28
8
7
1
41
3
5
4
25
2
6
1
8
12
3
2
60
3
7
2
54
1
1
1
9
1
2
3
29
17
5
4
32
7
3
4
7
6
3
3
7
5
5
2
12
1
7
1
5
1
3
2
12
3
5
1
39
2
4
1
28
2
2
3
49
1
1
2
29
1
3
1
55
2
4
2
28
1
2
2
37
1
4
3
61
7
4
2
44
5
6
2
33
1
1
1
15
1
3
4
40
6
5
1
2
5
5
4
6
23
4
3
40
3
3
2
65
2
6
1
13
9
6
3
67
17
2
4
7
7
6
1
43
1
7
1
31
6
6
1
53
2
7
3
42
4
6
3
26
9
7
1
12
1
4
4
18
9
1
1
38
2
7
4
1
4
4
1
25
3
2
4
35
3
4
4
30
8
5
2
40
2
6
3
53
4
5
4
53
6
5
3
45
5
5
2
35
3
1
4
16
5
3
3
68
14
4
1
66
2
6
1
11
9
3
2
14
1
5
1
52
3
4
4
54
8
7
2
31
5
6
4
4
12
1
4
34
10
3
3
11
11
5
3
38
10
5
3
37
1
3
1
25
2
7
4
60
6
6
2
13
2
7
2
2
3
6
1
63
1
1
2
10
3
5
3
29
4
1
4
15
13
7
3
7
3
6
1
32
4
2
4
12
7
2
2
4
2
7
3
25
2
3
1
71
2
3
3
5
1
3
3
8
1
7
1
30
7
7
2
5
2
6
1
23
1
2
3
47
2
6
2
68
4
2
1
34
2
7
2
27
2
4
1
49
1
3
4
25
6
2
3
55
7
3
4
2
12
4
4
1
13
2
2
47
1
5
3
6
2
1
4
44
10
1
2
42
1
6
2
22
1
5
3
10
25
6
1
60
2
5
3
30
12
7
4
42
2
7
4
47
16
4
3
65
4
4
2
54
2
3
1
35
2
3
4
16
8
2
4
38
3
5
3
26
10
5
3
60
7
1
3
2
9
6
2
55
1
1
2
52
6
4
3
40
1
5
3
43
1
4
2
30
4
1
2
11
1
3
2
61
1
3
1
53
1
1
3
12
2
6
3
1
3
2
4
26
8
2
1
7
4
5
3
63
7
3
4
55
5
6
3
4
24
5
1
12
13
1
4
45
4
2
4
61
4
1
3
45
2
4
3
16
3
2
3
37
2
6
1
4
5
5
4
22
1
4
4
28
12
1
3
9
31
2
3
55
6
3
4
42
1
3
1
43
3
2
4
61
2
5
4
13
16
4
4
39
5
5
4
66
4
4
