1
29
2
5
2
10
2
5
2
31
1
7
1
40
1
3
1
45
2
1
2
43
3
2
4
68
6
3
2
1
2
2
3
42
3
7
2
68
1
6
4
44
12
6
1
52
1
3
3
31
13
7
4
12
2
6
2
6
3
5
4
3
20
2
3
66
4
1
4
5
14
1
1
68
3
6
1
8
13
7
1
44
4
6
3
9
7
3
2
52
5
5
3
45
6
1
2
34
1
5
1
30
3
2
3
66
8
3
1
9
7
6
2
10
3
1
3
34
10
1
2
34
2
1
3
37
3
6
4
26
9
7
3
32
11
3
1
9
12
4
3
11
9
3
4
36
9
6
4
65
3
7
4
54
12
3
2
5
1
7
3
34
1
5
2
22
2
4
1
34
5
3
3
39
9
4
4
36
15
4
1
65
2
1
2
60
3
1
3
49
4
1
3
53
7
2
4
44
5
6
3
26
2
2
1
47
1
7
3
37
10
2
1
54
3
4
1
2
6
2
1
60
2
7
2
8
1
4
4
39
8
3
1
34
1
3
1
27
1
3
2
16
2
5
3
71
3
7
2
30
3
5
4
26
11
3
1
71
1
1
2
18
2
3
4
65
5
6
2
29
1
4
1
61
1
6
3
2
7
3
1
66
3
2
4
18
9
3
3
3
2
3
3
18
10
5
1
4
2
7
4
1
3
4
1
22
2
3
2
16
3
1
4
2
3
5
1
41
3
4
4
47
8
6
3
16
7
2
2
14
1
7
3
63
6
7
1
38
2
5
3
60
28
5
2
4
3
5
2
55
2
7
1
5
1
3
3
22
8
7
3
8
15
1
1
35
2
6
1
49
2
6
1
26
2
6
4
29
16
1
3
6
1
1
4
34
8
6
2
27
3
2
1
29
1
6
2
26
3
3
4
14
20
4
4
17
21
1
4
22
17
4
2
68
2
2
2
32
3
7
1
11
3
2
4
40
7
5
4
60
2
7
2
7
1
5
2
12
2
5
2
17
2
3
2
47
4
4
4
71
5
7
2
6
1
4
4
68
24
3
1
32
3
3
1
63
1
5
4
28
4
4
4
22
19
6
4
66
2
1
4
67
3
2
1
37
2
2
1
8
15
5
1
44
3
2
3
65
15
6
4
6
29
7
2
42
3
1
1
26
1
4
4
13
14
7
4
30
1
7
1
15
5
3
1
16
2
6
4
71
3
4
4
45
12
5
3
13
9
3
3
22
3
3
4
38
1
1
2
66
2
1
1
37
1
5
1
49
1
5
3
52
5
4
1
10
6
5
3
30
15
6
4
35
2
6
3
55
10
5
2
42
2
7
3
35
4
1
4
9
23
4
4
10
10
1
2
37
4
3
2
63
1
2
4
49
5
6
2
30
4
3
3
54
1
4
2
31
2
3
4
2
2
3
3
17
17
5
1
31
10
1
3
54
2
5
1
7
6
4
4
61
12
5
2
7
3
5
4
41
2
4
2
67
2
6
1
55
1
6
4
52
3
2
4
43
3
6
2
13
1
7
3
67
5
7
1
22
1
5
3
10
5
1
4
4
18
1
4
34
3
1
4
31
23
3
4
11
9
1
3
25
3
5
1
52
2
4
2
15
3
5
3
43
8
2
3
18
11
4
1
43
1
4
2
9
3
4
2
11
2
2
3
55
4
2
1
31
1
2
3
12
6
2
1
15
1
4
1
60
1
5
4
23
9
5
1
67
1
1
3
45
2
4
4
32
3
5
3
33
18
7
1
53
1
2
1
1
3
4
1
42
2
4
3
47
10
3
1
13
1
5
2
14
2
2
3
32
9
5
3
71
5
2
1
43
3
7
2
38
1
3
3
29
6
4
2
49
1
5
2
55
3
4
1
3
2
6
2
35
1
6
1
36
3
3
1
33
6
6
2
29
2
5
3
67
24
3
2
40
2
4
1
53
2
6
4
42
3
2
2
71
2
7
3
40
6
3
4
23
15
6
3
11
13
4
4
37
6
2
3
60
8
5
2
15
2
1
2
39
3
6
4
28
1
5
2
61
3
6
2
60
2
7
3
35
1
6
4
15
1
5
2
61
2
3
4
3
15
2
4
12
5
6
1
6
1
6
4
49
1
7
1
32
1
3
1
67
2
7
3
4
14
2
3
63
4
6
4
35
4
1
3
47
5
1
2
63
3
4
4
16
5
3
1
17
1
3
2
23
2
1
4
4
2
3
4
8
19
6
1
68
2
1
4
14
16
2
4
17
25
7
1
4
7
2
3
61
11
3
1
13
4
5
4
37
4
3
4
33
6
1
4
52
11
4
2
18
1
5
1
71
3
1
3
42
2
2
4
61
3
1
3
23
4
2
1
40
3
7
1
55
2
6
2
2
1
4
1
14
2
6
3
68
2
5
4
25
4
6
4
67
21
1
1
14
16
3
2
17
3
7
2
65
3
2
1
39
1
6
4
27
6
3
2
71
1
5
1
47
3
4
4
40
4
4
4
18
15
4
2
33
2
3
1
38
1
3
2
22
1
5
3
52
2
6
3
5
4
3
3
7
5
2
4
5
16
7
4
9
3
6
3
44
10
4
2
43
4
2
4
63
2
3
3
23
15
7
3
9
10
1
4
39
3
4
2
3
3
6
3
29
15
1
3
28
14
6
2
2
3
4
1
45
1
3
4
54
5
3
3
14
6
4
3
8
17
7
3
28
16
6
1
12
4
3
1
6
2
5
1
28
1
1
3
5
2
5
3
2
1
2
2
33
3
2
3
30
8
3
1
28
3
3
2
32
2
1
2
53
3
5
4
32
10
5
3
15
2
2
2
53
2
4
4
55
2
7
3
36
1
4
2
41
1
2
1
27
2
4
4
30
4
1
4
53
7
3
2
52
1
6
4
38
9
1
3
65
10
2
2
36
2
3
4
53
15
7
3
12
5
5
2
8
3
7
3
38
5
7
2
38
5
7
2
65
1
5
1
16
7
7
4
13
15
5
1
63
2
1
4
33
11
4
4
7
3
7
1
65
1
1
2
54
2
5
2
1
1
6
3
1
6
6
2
26
1
5
3
4
13
6
3
7
4
1
3
41
4
1
1
30
13
5
1
23
2
5
4
55
6
3
2
40
4
4
3
39
1
5
3
3
8
6
3
49
3
7
2
41
2
6
3
25
7
2
1
41
2
3
1
25
2
4
1
17
3
4
1
10
2
7
2
39
4
2
1
18
5
4
1
23
1
5
3
10
1
4
3
27
14
2
4
42
4
2
2
45
2
3
2
66
3
6
1
3
1
1
4
16
1
4
2
54
1
7
1
33
7
7
4
27
7
5
2
28
3
3
2
36
3
6
2
27
1
3
2
28
1
2
4
1
7
6
2
12
1
7
4
29
8
6
2
47
3
2
4
10
29
1
1
2
5
2
4
47
4
7
3
1
9
1
4
63
7
4
4
43
9
3
2
9
1
7
3
27
1
3
3
43
2
2
3
17
1
1
3
68
14
1
2
44
3
3
2
45
1
2
3
41
1
3
3
26
12
1
4
45
14
6
4
41
1
6
2
67
1
6
1
11
7
3
3
40
1
7
4
15
3
2
1
1
2
1
4
11
15
7
2
3
2
4
1
7
10
3
1
36
2
1
3
16
8
5
2
49
4
5
2
23
1
5
4
60
8
3
4
25
7
5
2
11
3
6
4
8
5
2
3
14
19
5
2
37
1
5
1
5
2
5
1
12
15
1
3
44
3
7
2
25
3
1
2
44
1
7
2
5
3
4
1
25
3
2
4
6
16
3
2
4
2
2
1
42
1
6
1
54
1
3
3
6
4
5
2
13
2
3
1
66
1
1
3
38
10
6
3
33
20
2
3
31
19
7
3
53
2
5
2
25
1
1
4
31
27
4
1
61
2
7
3
36
13
1
3
13
5
5
2
35
3
6
3
61
4
7
1
18
4
3
3
15
8
7
1
39
3
7
4
7
8
4
1
35
1
4
4
66
6
3
