4
40
6
2
3
63
1
4
1
53
2
2
1
63
1
1
2
35
1
2
1
35
1
5
3
39
10
4
1
7
5
2
3
35
6
1
4
12
6
1
3
30
4
6
4
65
7
7
2
3
1
3
4
34
8
6
1
11
8
7
3
52
5
2
4
13
6
6
2
9
3
6
1
27
2
6
2
43
5
7
4
61
5
2
1
22
2
4
4
3
14
3
4
43
6
7
4
13
16
2
4
38
4
1
1
71
2
5
2
49
1
6
1
5
1
2
4
22
17
1
2
28
3
3
3
26
7
3
1
23
1
2
2
17
2
4
1
43
3
1
1
23
2
7
1
17
12
2
2
18
1
7
2
52
4
7
2
10
3
1
2
45
4
3
3
5
2
2
2
38
3
1
3
36
1
4
1
30
11
5
4
55
1
3
3
49
4
5
4
44
8
7
3
40
3
5
3
61
8
2
2
61
1
7
4
71
6
7
2
60
2
5
2
8
2
3
1
49
2
6
1
61
1
3
3
39
7
2
4
26
6
4
1
42
2
4
1
26
1
2
2
33
1
6
4
52
14
5
3
18
9
6
3
54
1
7
1
10
1
2
1
25
3
3
1
40
2
5
2
37
3
1
1
18
1
1
1
28
2
2
2
67
2
1
1
37
2
4
4
12
4
1
1
68
2
4
3
65
10
6
2
11
1
3
4
7
3
4
3
34
8
3
2
14
1
3
2
41
4
5
1
32
6
4
2
5
2
6
1
71
3
1
1
37
1
7
4
63
1
2
2
44
2
3
1
47
3
7
4
10
23
1
4
36
7
7
1
34
1
7
3
42
3
7
4
53
5
5
1
10
8
2
1
9
10
2
1
44
4
7
4
38
3
4
1
65
2
3
4
10
29
5
4
6
11
5
2
1
1
5
3
45
4
7
2
34
3
3
1
31
11
7
3
44
8
4
3
5
3
4
3
38
11
2
4
17
22
7
4
61
7
5
1
45
2
4
1
8
3
6
4
8
12
4
1
67
3
6
4
68
9
5
2
27
1
3
4
3
8
4
2
6
1
3
3
41
4
1
3
67
18
7
4
45
4
3
2
55
2
2
1
42
1
6
4
33
11
3
4
29
5
3
4
22
7
1
1
18
9
7
3
6
5
1
4
68
21
3
3
34
9
6
2
61
2
6
4
66
6
1
3
33
14
3
4
15
18
1
3
52
2
6
4
67
13
5
1
54
2
7
4
35
2
3
3
33
23
6
4
47
1
6
3
2
11
3
1
11
9
7
2
65
4
2
2
55
3
5
2
1
3
6
1
1
3
7
2
68
4
5
4
25
5
2
1
66
2
4
1
30
5
3
1
29
2
6
4
4
17
1
3
27
7
6
3
27
15
5
4
5
8
1
2
37
2
5
4
32
1
1
4
60
7
6
4
55
6
6
3
35
8
2
4
39
6
1
2
40
4
7
2
32
1
5
2
14
3
4
1
4
2
3
3
60
23
3
2
54
1
7
2
60
4
1
2
26
3
6
1
43
1
7
1
27
1
4
4
35
5
7
4
9
7
5
1
29
3
4
1
2
1
4
3
66
2
3
4
16
8
5
2
39
4
3
3
71
5
4
2
11
2
6
3
60
10
7
2
53
3
2
3
3
6
3
1
13
9
4
3
2
10
6
1
3
10
2
2
4
3
1
1
34
7
1
2
44
5
3
2
67
1
3
3
14
1
7
4
11
5
3
2
63
2
2
1
45
1
4
4
40
4
2
1
41
3
5
4
67
18
7
4
27
4
6
2
66
3
6
1
9
7
2
4
36
12
1
2
36
1
7
4
53
13
1
1
66
3
3
1
41
2
2
2
41
2
1
3
67
14
3
3
28
2
1
4
23
8
5
3
3
3
4
4
15
13
2
3
31
24
1
1
60
1
4
3
7
1
1
2
52
5
4
1
16
2
5
3
26
4
2
4
18
2
3
4
60
5
3
2
26
1
5
3
71
2
5
3
16
3
6
3
17
1
4
4
54
8
6
3
43
7
7
3
11
24
1
4
30
2
4
4
1
3
6
2
25
2
3
1
38
1
5
2
10
1
4
2
29
1
1
3
53
6
7
1
65
1
3
3
65
13
7
2
29
2
4
3
49
8
7
3
22
2
6
1
68
3
5
3
30
9
6
3
68
1
5
4
4
10
5
4
54
7
7
4
32
13
6
2
13
1
4
2
23
3
2
3
12
2
7
2
25
1
7
1
16
6
1
1
14
6
5
1
12
3
5
1
5
2
7
4
33
9
5
1
15
1
3
1
60
2
1
1
39
2
7
3
45
1
5
4
1
5
4
2
47
2
7
4
45
9
5
3
14
8
1
2
27
3
5
2
63
1
5
4
30
1
6
2
54
2
5
3
37
11
1
3
22
5
4
1
67
1
2
1
55
2
4
2
22
3
4
2
16
3
2
2
65
1
1
2
53
2
6
1
35
3
1
3
1
7
3
3
44
10
5
2
22
2
6
1
38
2
2
1
13
7
4
3
43
6
2
4
42
4
3
4
42
1
3
4
41
1
4
2
32
2
5
2
13
3
6
3
23
18
3
2
28
1
1
3
47
2
1
1
4
3
6
3
66
5
2
3
36
8
6
3
32
5
3
1
36
3
5
3
25
6
2
2
71
2
6
3
41
3
4
2
68
2
5
3
61
6
3
3
15
6
3
2
40
1
2
3
29
6
2
4
16
10
2
3
1
4
4
1
2
2
1
4
63
12
3
2
71
1
4
4
14
3
6
4
37
13
6
4
6
2
4
2
36
2
4
2
39
2
6
3
13
4
3
2
7
2
4
1
61
3
7
3
15
7
1
2
5
3
2
3
54
2
5
2
4
1
7
2
43
2
6
3
10
3
7
3
29
2
1
3
18
23
2
1
54
3
5
4
41
2
7
3
13
6
7
1
47
2
7
2
34
1
4
1
32
3
5
3
16
5
7
4
7
8
3
4
47
5
7
2
15
3
3
1
7
7
4
2
35
2
5
3
37
12
4
3
12
6
4
2
9
1
5
4
49
1
6
4
49
6
4
3
31
18
1
4
5
22
1
2
15
2
4
1
39
1
5
3
55
17
7
2
30
4
3
3
38
4
1
4
2
7
5
1
44
3
2
4
66
4
2
4
28
11
4
1
49
1
7
2
17
3
3
2
8
1
5
1
14
19
2
1
52
1
4
1
31
4
1
3
53
1
2
4
11
26
1
4
9
30
3
3
25
8
4
1
40
3
1
3
8
17
5
4
27
5
1
2
33
3
6
1
33
1
5
3
17
16
1
1
22
3
5
2
45
2
6
4
23
22
7
2
23
1
1
1
15
5
2
4
14
22
6
3
47
3
6
4
71
1
7
4
37
11
5
1
25
2
2
4
26
9
4
3
28
10
2
2
2
3
2
1
17
10
1
4
65
12
3
1
36
2
6
2
12
3
1
3
23
17
5
2
42
4
2
4
39
5
2
4
52
21
7
3
42
1
7
2
31
1
5
1
8
5
4
1
6
1
4
2
3
2
7
4
2
11
6
2
2
2
4
4
18
5
5
3
11
20
5
4
17
18
6
1
33
3
7
1
3
9
5
1
63
2
1
2
31
3
2
2
18
4
6
1
53
1
1
3
40
4
5
2
47
1
5
3
63
5
4
2
42
3
5
3
68
7
3
1
6
2
4
4
31
12
3
3
55
15
1
3
9
11
1
2
38
2
3
4
44
13
6
3
10
19
1
3
9
21
5
1
26
2
4
3
6
4
2
1
55
1
4
2
12
2
6
4
28
7
1
4
34
12
7
4
8
19
3
2
16
1
3
4
43
12
3
1
1
2
6
3
32
9
6
2
7
1
6
3
4
17
2
2
6
2
5
4
29
8
6
2
66
2
1
3
8
9
5
3
4
21
4
1
28
1
1
4
25
9
5
1
12
10
7
4
31
27
3
3
7
2
7
2
49
4
2
2
30
5
4
1
52
2
2
