2
10
3
4
2
31
3
3
3
61
10
1
4
42
1
3
1
35
4
5
3
35
4
7
2
68
3
3
1
67
1
1
4
38
7
2
2
8
2
2
3
28
3
4
1
32
4
3
2
13
2
5
2
36
5
6
1
71
1
3
3
71
3
4
1
43
1
7
2
3
1
3
1
5
2
6
2
31
4
3
2
33
1
3
1
28
1
2
4
10
19
1
3
13
2
2
2
39
3
7
1
25
1
4
1
3
1
5
2
55
2
3
3
43
2
6
1
11
5
1
4
55
1
7
4
54
12
4
3
34
11
2
3
11
3
6
3
26
7
1
2
17
2
6
2
9
1
4
3
22
11
5
2
23
1
5
2
44
3
1
1
34
2
2
2
26
3
4
3
40
1
6
4
23
12
2
1
47
1
6
1
52
2
4
2
16
3
6
4
41
4
1
4
68
14
3
1
13
7
1
1
16
1
2
2
7
1
3
4
31
15
7
1
2
4
5
1
13
5
7
2
61
3
4
3
5
5
4
1
14
16
1
2
65
1
2
1
31
10
5
4
54
7
1
1
40
2
5
1
10
3
1
1
15
2
6
3
22
6
6
4
30
2
2
3
44
5
1
4
5
4
2
4
44
15
7
1
25
2
2
3
31
21
7
2
41
2
6
4
9
25
3
3
23
12
6
2
2
1
1
1
53
2
7
1
55
2
1
2
29
3
5
3
71
1
7
4
1
10
6
2
6
2
3
4
38
2
2
1
66
2
1
4
5
2
3
2
30
2
4
2
6
3
2
3
4
12
4
3
68
12
7
1
28
2
5
4
41
2
3
1
12
11
2
2
23
3
6
1
22
1
1
2
5
1
3
1
3
6
7
3
15
2
1
1
53
1
3
1
23
2
7
2
5
2
5
1
23
3
5
2
66
1
7
2
41
3
3
3
45
4
4
2
60
2
3
1
67
2
3
1
35
2
3
3
63
9
1
4
39
1
6
3
34
7
1
1
49
2
4
2
4
1
2
3
35
5
6
4
49
7
3
4
3
2
2
1
17
15
7
1
1
2
4
1
27
1
3
2
25
2
5
2
2
3
1
3
29
6
5
1
31
11
2
3
15
11
1
1
29
2
3
1
30
21
7
2
49
2
5
3
29
18
4
1
45
2
3
2
27
1
2
4
1
6
6
3
4
10
2
4
67
11
3
3
54
2
7
1
10
7
1
2
32
2
6
1
65
2
1
3
67
22
1
4
6
6
2
4
35
4
4
1
38
2
2
4
61
9
1
4
71
1
1
1
66
1
5
3
37
5
3
3
25
6
5
4
7
1
1
3
37
9
7
3
36
8
3
3
55
9
5
3
38
2
5
2
47
3
4
4
55
4
4
2
66
3
6
1
16
6
5
1
47
3
1
2
37
2
3
1
38
1
5
2
33
3
1
1
45
1
1
3
61
2
3
4
60
1
2
4
66
2
6
3
43
8
7
1
26
3
1
4
53
4
4
2
61
1
6
2
28
3
4
1
17
13
6
3
26
12
3
4
27
12
2
4
25
1
1
4
4
3
5
2
13
3
7
3
27
4
2
3
30
17
4
3
17
17
7
3
52
16
6
4
45
12
7
3
47
7
5
4
47
8
6
1
18
3
2
2
47
2
2
2
34
3
2
1
68
3
1
1
32
7
5
2
35
1
7
1
7
2
2
3
60
2
4
2
54
2
3
3
9
14
6
4
13
7
5
1
5
1
1
3
44
7
6
3
54
1
1
2
26
4
4
2
18
2
4
4
23
14
6
2
34
2
1
3
67
33
1
3
10
14
1
3
10
20
7
1
37
2
1
3
30
3
1
4
39
3
6
4
4
24
1
3
53
5
3
4
37
4
6
4
15
2
1
1
63
2
4
3
25
3
1
3
28
10
2
2
49
4
2
1
34
9
4
4
18
2
7
3
14
14
5
1
42
1
6
3
39
9
1
2
52
4
1
2
45
3
1
3
14
11
5
3
3
6
4
3
17
5
1
3
66
1
2
2
71
3
3
3
52
3
4
4
35
3
5
2
29
1
3
2
27
2
1
2
40
1
4
4
30
6
7
4
28
8
7
4
66
5
6
2
12
3
3
1
37
1
3
2
22
1
3
3
40
6
3
3
8
7
7
1
8
16
4
4
60
4
5
2
43
2
2
4
53
11
7
4
8
13
7
2
63
2
1
1
6
2
6
2
14
3
7
4
16
8
6
2
45
2
3
1
36
3
3
3
1
10
4
2
53
2
2
1
61
2
3
3
32
12
7
4
26
7
6
4
33
9
6
2
30
3
2
3
11
18
1
2
38
2
3
4
61
6
3
2
15
3
1
1
54
3
4
1
29
1
3
3
33
18
1
4
67
27
1
1
26
2
1
1
40
1
7
2
63
1
2
2
43
5
3
3
49
7
2
3
2
9
5
1
9
6
4
4
22
5
3
1
9
9
2
4
11
29
5
1
33
6
4
4
32
11
1
3
47
10
3
2
17
3
4
4
27
5
2
3
41
2
7
1
60
1
7
3
8
12
7
2
1
2
6
1
36
1
6
4
3
3
7
3
18
22
7
3
7
3
7
2
10
2
3
2
12
1
7
2
68
1
1
4
71
3
6
3
39
2
7
4
37
13
3
3
68
13
2
3
38
10
4
3
12
3
2
3
45
6
5
3
9
26
2
1
4
5
4
3
33
24
2
1
8
7
5
1
61
1
3
4
25
8
2
2
22
2
5
2
18
4
6
4
65
10
1
4
68
20
2
1
2
6
3
4
17
22
5
1
12
6
7
1
41
3
5
2
67
1
3
1
49
1
6
2
16
1
3
3
53
2
2
4
9
15
5
2
55
1
6
4
65
1
2
4
12
1
6
4
26
9
5
4
14
3
3
3
42
4
2
3
36
10
4
4
11
25
1
4
13
3
3
2
25
1
5
3
60
11
6
1
6
1
7
4
52
16
4
1
63
1
3
2
36
3
2
4
8
9
1
4
63
1
2
1
14
9
1
3
13
6
1
4
42
5
3
1
4
3
1
3
23
18
6
4
33
10
5
1
52
3
6
4
40
8
4
4
16
7
2
4
18
12
1
4
2
10
4
3
7
4
5
4
52
4
3
3
65
13
4
1
7
3
4
1
60
2
2
4
43
12
5
3
2
2
4
4
34
3
3
2
15
2
4
4
10
14
5
2
35
3
1
2
42
2
4
3
5
1
6
1
1
1
1
1
65
1
4
3
6
6
6
4
7
2
1
1
44
1
7
4
14
17
5
3
49
4
7
4
49
2
3
2
14
1
6
2
44
1
4
3
16
8
3
3
55
12
2
1
22
2
4
2
7
2
2
3
63
1
6
2
71
1
2
4
44
13
7
1
30
20
2
2
53
1
5
1
39
2
4
2
67
2
5
4
47
11
4
1
15
4
6
4
36
15
1
4
29
8
3
1
33
5
7
1
44
4
5
2
11
3
2
4
15
25
1
3
16
2
6
3
6
1
5
4
31
9
1
4
40
4
7
1
18
2
5
1
39
3
4
3
66
9
7
4
28
12
2
3
12
1
7
1
71
3
6
2
32
3
7
4
12
4
3
2
11
1
6
3
18
23
2
4
45
8
3
2
60
1
3
3
32
11
3
4
63
8
3
2
65
2
4
1
68
2
7
1
43
3
1
3
27
2
4
4
22
3
6
4
34
5
3
1
11
3
4
3
65
16
6
2
52
3
7
1
27
3
1
2
42
4
2
3
42
3
3
4
6
28
2
2
28
1
4
4
36
1
2
2
8
3
1
3
3
8
1
4
29
9
5
1
55
1
4
2
40
4
7
3
41
1
1
2
1
3
7
4
43
9
7
1
54
2
2
4
2
5
5
2
4
3
1
2
3
2
1
3
1
2
5
1
42
2
7
2
9
3
3
4
32
14
1
2
38
3
2
2
39
4
4
3
31
8
6
2
54
1
1
4
17
21
7
1
41
1
6
2
37
3
2
