2
12
1
3
2
26
4
1
2
54
1
6
2
45
4
3
4
8
14
6
3
63
2
3
3
41
1
4
2
23
3
2
2
14
1
6
2
26
3
6
1
54
3
3
2
63
1
7
1
54
1
4
2
49
1
2
1
6
2
1
1
18
3
2
3
34
10
6
4
28
11
3
2
65
2
7
4
63
2
4
2
33
1
1
4
35
5
3
4
37
11
4
1
33
5
3
1
12
9
5
1
9
2
3
1
39
3
6
4
53
8
4
2
4
3
3
3
6
6
3
1
25
1
4
1
13
4
3
1
71
1
4
3
39
6
6
2
71
3
6
2
4
1
2
4
37
5
2
3
39
4
3
1
47
3
5
4
10
9
2
2
49
2
4
2
9
2
1
4
1
13
6
1
45
2
6
3
71
5
3
1
31
10
1
1
3
10
7
1
49
2
2
1
37
2
2
1
67
1
5
4
61
1
3
2
23
1
6
1
2
7
2
2
2
2
7
3
8
8
3
3
2
8
2
4
2
3
6
3
7
5
1
3
26
8
7
2
30
1
3
4
7
6
5
1
31
4
3
3
60
4
6
2
34
3
4
3
9
29
2
2
18
4
4
1
32
4
7
3
17
13
4
3
31
7
5
1
2
6
1
1
1
2
4
1
13
3
1
2
43
4
1
2
3
3
1
1
36
1
7
4
40
5
3
2
32
3
2
4
49
2
2
4
4
1
6
4
25
7
1
4
15
22
3
2
6
3
2
1
43
3
7
3
45
3
6
1
5
2
1
3
31
20
2
3
16
8
6
3
35
6
7
2
66
3
6
3
43
5
2
2
5
2
6
2
13
1
6
1
42
1
1
2
16
2
6
4
17
4
3
4
30
1
5
3
28
1
5
4
41
3
3
4
33
3
4
2
30
4
1
3
5
4
1
3
5
3
7
3
60
31
2
4
14
27
2
1
41
2
5
1
49
1
2
4
43
12
6
4
67
14
3
1
61
2
6
1
6
1
3
3
25
9
4
3
30
20
5
3
12
5
3
3
49
5
4
4
36
1
4
2
71
2
5
3
17
15
6
3
32
6
6
1
11
4
3
1
44
3
6
4
18
25
4
2
27
1
1
1
3
6
5
4
13
4
5
4
34
1
5
4
2
13
7
4
44
2
5
4
55
6
2
3
65
5
6
4
36
14
7
3
18
2
3
2
36
5
5
3
3
2
7
2
38
5
4
1
11
2
5
2
25
2
3
1
35
1
4
3
52
7
3
2
6
1
2
3
68
10
4
4
55
11
5
4
44
14
5
3
22
1
7
1
60
1
1
2
15
3
3
2
44
3
3
2
38
3
4
3
29
5
5
4
11
23
2
2
63
3
7
1
36
2
7
1
8
2
5
3
3
8
2
2
60
4
7
1
15
4
2
1
39
4
4
4
65
2
2
2
17
3
6
3
18
15
7
1
28
2
1
2
41
2
6
2
66
1
3
2
47
2
6
1
60
2
3
4
27
10
7
4
65
9
2
4
39
10
5
3
44
3
5
3
29
14
5
2
68
1
3
3
63
4
3
4
16
3
6
3
54
1
6
1
4
6
1
4
16
11
1
1
18
13
3
2
37
4
4
3
67
26
7
3
6
5
2
1
15
1
6
1
9
14
5
1
16
7
7
2
36
2
6
2
61
2
2
1
26
2
3
2
40
3
3
4
60
2
2
1
52
1
4
2
28
3
7
1
40
3
5
3
41
3
1
4
41
2
6
4
22
13
2
4
53
7
4
1
35
4
7
3
66
2
7
1
42
2
4
4
67
23
6
1
23
1
7
1
29
3
1
4
33
1
7
2
47
1
6
3
33
1
4
4
52
3
4
2
7
1
4
4
31
11
7
4
31
24
6
2
17
1
3
3
47
2
3
1
65
1
2
2
45
3
1
4
3
22
2
1
32
7
1
1
34
2
6
1
43
1
2
3
14
15
7
1
27
3
6
1
7
11
5
2
60
3
1
1
27
1
3
3
4
10
5
3
34
8
2
3
9
27
1
2
35
1
7
4
11
27
3
4
68
4
1
3
54
2
6
4
1
4
7
4
8
17
2
1
68
2
4
1
38
3
2
4
17
22
6
3
38
3
3
3
10
2
1
2
10
3
4
3
27
13
7
4
13
3
1
4
6
1
2
3
67
28
6
1
25
3
4
3
44
7
4
1
17
10
2
4
14
2
3
4
71
1
7
3
8
2
2
1
34
3
4
3
15
11
5
3
40
1
1
3
32
7
1
2
22
1
2
3
53
2
7
1
28
3
5
3
43
3
6
2
68
3
3
3
47
1
2
4
29
14
4
4
28
4
5
3
13
2
4
3
52
5
1
2
14
3
4
1
41
1
7
1
16
6
1
4
18
19
7
4
63
11
7
4
9
2
6
2
13
3
5
3
23
3
1
1
52
2
4
2
61
1
3
1
53
2
6
4
54
9
5
3
28
8
2
2
52
1
5
1
45
1
7
2
53
2
7
1
12
3
7
2
31
1
2
1
8
7
7
1
30
7
5
1
47
2
1
2
27
2
2
3
61
7
3
1
66
1
2
2
32
1
5
4
32
11
5
2
44
1
1
2
29
1
4
4
3
6
1
1
61
3
4
4
68
7
1
2
67
2
5
2
55
1
1
4
39
1
2
4
26
7
4
3
40
4
4
3
42
1
2
1
17
3
4
2
43
2
6
4
60
8
4
1
68
3
4
3
55
13
2
4
35
3
2
2
15
2
7
3
2
6
5
3
14
25
5
4
43
10
6
2
33
3
6
2
29
2
3
3
10
8
3
1
29
1
1
2
37
2
1
1
7
4
4
2
8
1
2
1
5
1
7
2
12
3
4
2
16
1
3
3
49
1
4
1
55
2
1
4
32
2
5
4
10
14
6
4
22
5
7
4
47
10
5
2
52
7
2
4
66
1
7
3
68
14
3
3
11
14
6
1
10
3
1
2
41
4
5
3
30
9
3
2
22
2
2
4
6
27
1
1
10
7
1
1
37
1
7
4
12
4
7
1
14
22
7
3
12
4
3
2
3
1
5
4
34
11
2
3
11
2
7
4
9
24
5
3
13
7
5
1
33
4
3
1
71
3
3
4
38
1
3
3
71
3
3
3
22
5
1
3
37
3
1
1
26
1
3
3
53
5
6
1
63
1
5
4
26
5
7
4
54
4
3
4
29
10
7
1
14
17
6
1
44
4
7
4
66
6
7
2
40
1
5
3
65
9
2
3
35
2
2
3
26
12
2
2
8
3
2
4
45
14
6
1
40
1
3
2
10
1
2
1
67
3
7
2
2
3
3
4
49
4
2
1
4
3
6
4
47
2
1
4
5
15
3
1
38
2
4
3
1
3
4
3
16
2
5
4
23
18
1
4
40
7
4
4
42
4
6
2
42
4
3
2
25
3
2
2
1
2
3
1
22
1
1
2
54
2
4
4
15
7
5
4
5
16
6
3
42
4
4
2
9
3
1
2
11
2
3
2
39
2
2
3
33
15
3
3
1
8
1
4
45
5
4
1
53
1
6
1
30
14
1
4
12
6
1
1
65
2
5
3
25
6
1
2
65
1
2
2
42
2
2
2
1
3
5
1
55
1
4
3
66
9
3
2
11
1
5
2
55
2
3
1
23
2
2
2
39
3
4
3
36
1
5
4
61
10
4
4
27
7
4
3
61
10
3
4
7
1
6
1
63
2
5
3
23
17
3
2
7
2
1
4
30
6
4
3
27
9
2
3
55
4
4
2
28
2
3
3
15
9
2
4
25
6
6
1
1
3
3
4
23
9
2
2
31
3
1
2
67
1
4
3
38
11
1
2
35
2
3
3
36
4
2
2
53
3
3
4
71
3
4
4
4
13
7
2
34
1
6
3
37
7
3
4
38
2
3
3
45
5
1
2
18
3
1
3
7
4
6
2
5
3
3
4
42
3
1
1
66
2
6
3
4
11
5
4
52
10
2
1
22
3
6
