3
14
11
4
3
15
7
6
4
60
2
1
4
17
7
3
3
31
24
2
1
41
3
7
1
71
3
2
3
14
16
3
4
9
28
3
2
38
2
6
3
4
11
4
3
44
6
6
4
38
7
6
1
5
1
5
4
36
13
2
1
49
1
1
1
16
6
6
3
18
25
6
2
35
3
4
1
63
2
5
1
44
4
3
3
4
16
6
1
17
6
7
1
37
1
4
3
55
1
2
4
27
7
3
2
66
1
3
3
40
3
5
4
41
1
7
2
63
3
1
4
3
17
3
1
11
6
3
4
5
11
6
4
11
28
5
1
43
1
3
2
44
4
6
4
14
13
4
1
65
1
1
1
22
3
7
4
49
6
1
3
43
5
5
3
66
3
7
4
38
2
2
3
25
8
7
3
54
2
4
4
3
6
7
1
45
2
4
1
25
3
7
4
60
1
4
4
27
1
7
1
9
7
1
2
4
2
1
4
18
4
4
1
31
18
1
1
10
6
1
2
38
3
5
1
22
1
2
1
26
2
3
1
35
4
7
4
32
9
6
4
71
5
4
3
68
14
6
4
33
3
4
2
7
1
1
2
1
3
4
4
35
2
1
2
71
3
5
1
4
8
6
2
15
2
5
3
9
14
3
3
5
2
1
1
38
1
6
1
38
2
7
2
40
2
3
1
5
2
2
2
4
1
7
4
53
11
2
3
33
17
2
4
10
10
7
4
54
11
4
3
38
8
4
4
9
12
7
3
16
1
5
4
65
7
2
4
35
5
4
3
35
4
2
3
37
10
1
4
13
13
1
2
14
1
6
1
67
2
4
1
55
1
2
3
16
5
2
4
41
3
2
4
37
4
5
3
13
4
6
2
42
3
3
1
13
1
2
3
34
11
6
2
47
2
5
2
52
4
7
1
52
2
1
2
55
1
2
2
47
1
3
3
63
1
4
1
8
12
2
1
15
1
4
2
35
2
5
3
7
5
1
1
28
1
1
2
45
3
5
4
31
4
6
3
6
6
2
1
68
2
1
4
31
29
1
4
26
6
6
1
44
1
4
4
10
5
1
2
17
3
6
1
61
2
1
4
23
23
5
2
34
1
2
4
45
6
6
3
6
5
1
2
17
1
2
2
53
2
3
2
26
4
4
4
43
12
5
2
67
2
6
1
39
4
4
4
44
15
1
1
36
1
3
1
7
2
3
4
29
2
5
1
40
2
4
2
66
2
4
4
28
13
3
1
27
3
2
4
32
7
1
3
31
6
6
1
32
2
6
4
14
3
3
1
16
4
2
4
33
4
5
4
47
17
4
2
10
3
3
2
33
1
1
2
32
3
7
2
34
2
7
3
45
6
4
2
12
2
7
1
4
6
2
1
27
2
2
3
28
10
2
3
30
10
5
4
66
2
5
3
2
11
1
4
15
11
3
2
14
3
4
1
43
2
6
1
37
2
5
2
36
1
1
2
71
2
6
4
23
24
4
1
60
1
2
4
15
3
1
3
22
5
3
1
55
2
2
4
6
16
2
3
17
1
5
4
25
1
6
2
16
3
2
3
2
10
1
1
63
1
2
3
23
11
1
3
43
6
7
2
7
2
5
4
2
2
6
4
30
6
4
2
37
1
6
1
18
5
5
1
25
1
6
3
37
5
7
4
37
9
5
2
43
5
6
4
34
14
2
1
33
6
2
3
36
2
1
3
54
1
2
2
3
3
6
1
6
2
6
3
39
1
3
2
18
3
7
4
43
2
2
3
65
9
6
1
33
3
3
4
18
15
4
1
45
1
5
1
14
5
1
1
2
3
5
2
54
2
4
3
7
4
5
2
6
3
6
3
26
12
7
2
41
2
1
3
28
3
3
3
71
2
6
1
17
7
5
1
54
1
5
3
53
3
7
3
17
10
3
1
36
3
2
3
36
15
7
3
67
22
3
3
27
17
7
3
53
5
1
2
27
3
4
3
3
8
4
2
42
4
5
4
40
6
6
2
5
1
1
4
17
22
1
4
61
7
3
4
52
9
4
3
8
15
2
4
11
7
7
3
47
2
6
1
52
1
5
2
54
1
2
2
22
2
4
3
10
8
1
4
8
8
3
2
53
3
2
2
37
2
2
2
6
1
3
2
39
1
5
1
34
5
1
2
68
2
1
4
66
6
7
2
45
2
3
3
66
4
7
2
11
2
4
3
29
16
1
3
15
8
4
4
22
4
3
1
3
10
5
3
44
7
5
1
31
6
7
3
1
7
7
4
1
13
2
1
35
3
3
3
22
10
7
2
23
3
1
4
4
7
6
2
25
3
1
1
18
11
1
4
61
5
1
1
11
7
1
3
30
4
5
3
47
7
7
4
47
6
2
3
42
2
2
1
2
5
7
2
60
2
5
2
22
1
5
1
3
11
6
3
12
5
7
2
18
4
3
4
6
1
7
3
67
20
2
3
27
14
5
1
65
2
3
4
42
3
3
1
28
3
1
4
67
27
5
1
66
2
5
4
65
4
2
2
29
3
1
3
41
2
6
2
2
3
7
2
63
2
6
2
27
1
1
3
33
15
4
2
31
3
1
3
45
1
5
3
60
9
4
3
32
1
5
3
60
16
5
4
55
3
1
4
13
8
1
2
44
5
5
2
13
1
2
4
39
7
2
3
52
11
3
1
12
13
6
2
1
1
4
4
45
4
5
4
30
8
6
4
63
9
2
1
1
1
7
3
29
3
5
4
52
7
1
1
53
2
3
1
29
3
2
3
10
2
7
2
8
2
4
4
7
3
4
2
16
1
6
2
41
1
1
4
4
8
3
3
41
1
3
4
22
11
3
1
49
2
2
2
15
1
2
4
36
5
1
1
13
3
4
4
29
16
6
1
26
1
6
3
1
2
1
2
9
1
1
1
53
1
3
4
26
1
3
4
12
4
1
3
11
11
7
3
65
3
4
4
8
13
3
3
18
11
7
3
13
2
2
1
15
4
1
2
52
7
5
4
16
11
1
1
71
1
6
3
39
2
6
4
54
3
5
3
40
4
6
2
8
3
6
3
26
5
3
2
65
4
6
4
71
3
7
4
53
15
3
3
38
7
6
2
61
2
4
3
9
30
7
3
23
2
6
1
67
1
6
4
40
1
4
2
13
3
1
2
43
3
3
4
44
8
6
2
39
3
2
1
47
3
5
3
12
1
6
1
14
1
7
4
5
14
7
3
52
16
7
1
42
2
6
1
61
1
2
3
3
6
2
2
49
1
7
4
42
5
7
2
28
3
1
1
1
2
6
4
67
1
3
2
2
2
4
1
10
5
2
2
12
1
5
4
34
13
2
4
63
10
2
4
2
5
4
1
39
3
2
1
29
1
1
2
30
1
2
4
49
5
4
1
9
14
6
3
35
6
3
3
49
6
6
2
25
1
5
4
39
8
5
4
55
7
6
2
65
3
3
2
61
3
3
4
25
7
5
3
32
12
6
2
32
1
6
3
63
12
7
3
61
7
3
1
68
1
6
1
60
2
5
3
42
3
7
1
54
3
7
1
23
1
4
2
9
3
6
4
68
6
3
1
66
1
7
2
68
3
2
1
42
1
7
4
7
8
3
1
7
1
3
2
31
4
5
3
11
21
2
2
29
2
2
2
30
4
1
2
3
2
1
4
68
14
7
4
16
12
7
1
12
1
3
3
49
4
4
1
34
4
5
4
1
2
5
1
30
9
7
1
41
2
2
2
5
2
4
2
49
3
7
2
23
1
4
2
40
4
3
2
10
1
1
3
61
9
6
2
60
3
7
2
67
1
5
1
8
6
4
4
28
6
1
3
34
6
1
3
71
5
5
1
40
3
6
3
8
19
2
1
30
13
5
1
23
2
3
2
33
2
1
3
5
1
2
1
47
2
7
2
55
2
2
2
28
2
7
3
25
6
1
2
11
1
1
1
6
1
5
3
55
15
6
2
36
4
5
3
68
12
4
4
12
1
5
1
32
1
6
2
26
3
6
