2
60
3
4
2
30
3
7
4
7
6
7
4
23
12
4
2
25
3
7
1
67
2
1
2
23
2
6
4
44
1
3
1
2
4
5
4
63
12
2
3
65
21
2
3
31
17
5
1
6
1
6
3
1
8
3
2
3
2
2
4
10
28
6
2
7
3
3
2
2
2
1
2
39
3
2
2
61
3
3
3
43
2
2
2
39
1
1
1
65
2
3
2
15
3
2
4
23
15
4
3
3
3
1
1
9
5
3
4
32
11
1
4
26
3
2
4
52
8
4
2
26
1
7
2
35
1
1
4
52
7
6
1
61
2
4
3
29
5
6
4
18
3
5
3
27
4
2
4
25
4
2
4
28
6
7
2
53
2
2
1
11
5
1
3
2
10
3
3
45
7
4
3
25
5
1
3
10
2
2
3
53
1
6
3
13
8
5
1
14
5
4
4
10
2
5
3
22
10
7
4
65
14
3
4
38
8
1
2
12
2
3
4
66
1
5
2
42
3
1
3
52
14
1
4
17
10
5
1
6
2
6
1
45
2
2
1
42
1
6
4
37
1
3
1
49
1
5
3
54
2
7
4
27
10
1
1
1
2
3
3
15
10
6
2
55
3
6
4
1
1
6
1
31
2
2
4
41
2
5
2
4
1
3
4
29
2
6
3
67
21
1
2
66
1
3
3
17
11
1
3
43
8
4
4
32
13
2
3
41
4
7
2
47
3
3
1
35
3
2
1
16
1
2
4
11
26
4
3
44
4
7
4
43
1
4
2
33
3
4
3
32
6
4
2
6
2
7
4
15
1
2
3
44
3
2
3
42
2
6
3
71
4
7
3
54
1
1
2
71
3
1
2
45
2
7
3
22
6
5
4
37
10
4
2
5
3
1
1
10
2
1
1
12
10
4
3
61
3
4
1
7
2
3
4
3
7
2
1
1
3
6
3
12
5
7
4
17
15
1
2
17
2
2
2
34
1
3
3
8
2
3
4
40
7
3
2
53
1
1
4
6
5
2
1
14
7
1
4
55
10
6
4
45
10
7
2
32
4
3
3
47
7
1
3
38
2
7
4
34
12
7
2
63
1
1
3
36
15
3
3
4
11
5
2
3
1
1
4
29
6
2
3
55
11
4
1
5
1
3
4
44
8
5
2
38
1
3
4
42
3
5
4
60
6
7
3
63
7
2
4
34
9
6
2
60
4
1
4
30
4
5
1
8
6
3
4
36
8
6
4
27
8
5
2
1
2
6
1
25
3
3
3
11
6
4
3
25
4
4
1
26
2
1
3
30
19
4
2
23
3
4
3
4
24
1
1
18
11
6
1
53
1
7
3
49
1
7
2
29
1
6
1
40
3
4
4
54
7
6
4
11
7
7
2
9
2
4
2
71
2
4
3
37
9
6
4
5
5
3
1
41
1
5
4
60
2
4
3
23
18
6
2
41
3
7
3
65
17
2
1
39
4
6
2
44
4
1
3
16
2
7
1
33
7
1
2
30
1
3
3
10
10
1
3
52
16
3
3
40
3
7
3
11
8
2
1
17
13
5
1
45
1
5
1
7
4
1
4
67
31
7
1
30
10
5
3
29
10
1
1
44
1
7
4
2
13
7
2
54
2
3
4
5
10
5
3
27
14
6
1
33
4
5
2
34
2
1
1
63
2
1
1
29
1
5
2
38
4
2
1
43
1
1
4
15
20
6
4
12
2
3
2
13
3
6
4
63
3
3
4
16
1
7
3
35
2
6
4
14
3
2
3
2
2
1
3
34
11
3
2
26
3
6
3
68
6
4
1
23
2
3
4
33
6
1
4
13
9
1
4
61
3
7
1
25
2
7
3
35
4
3
2
52
5
3
3
33
17
4
4
9
1
1
1
53
2
4
2
11
2
2
1
39
3
6
1
32
4
1
2
55
2
6
3
23
5
7
2
16
2
6
2
49
3
6
1
8
1
2
3
31
11
6
1
12
2
3
1
11
10
1
2
54
1
5
3
68
10
6
1
27
3
4
4
67
39
1
1
65
1
2
2
22
1
5
3
38
5
5
2
40
3
7
3
14
26
4
3
26
2
6
2
8
2
2
3
1
6
2
4
16
12
7
2
31
4
7
2
43
5
3
2
12
3
5
1
49
2
7
2
66
3
3
1
30
6
4
2
27
3
5
4
68
1
7
4
31
7
5
4
65
5
7
2
32
3
4
2
65
2
6
3
30
1
4
2
47
4
1
4
53
2
7
1
67
3
7
1
38
1
4
4
8
19
7
3
41
3
1
3
8
14
1
3
14
23
3
1
61
1
3
3
45
1
6
4
55
3
6
1
52
3
2
2
49
4
5
1
44
2
1
3
13
2
2
4
9
13
6
2
28
1
6
3
9
32
5
1
3
6
4
4
66
3
1
2
13
2
6
1
43
2
1
3
37
12
3
3
28
2
7
1
32
5
7
2
9
3
4
3
7
1
7
4
53
13
5
3
16
4
5
3
60
10
7
4
54
10
3
1
23
3
1
1
55
2
6
3
66
5
7
4
14
34
5
2
16
3
1
2
43
1
5
1
66
3
2
1
26
1
2
2
68
4
6
1
13
5
7
2
40
2
5
3
36
14
1
3
5
3
3
1
54
2
7
1
35
1
5
1
31
1
1
3
63
13
4
4
4
11
5
4
30
5
2
3
39
9
1
1
34
9
3
4
25
6
4
1
29
3
6
2
61
1
6
3
34
4
2
3
67
7
5
3
17
8
4
4
39
7
7
1
54
1
7
1
28
1
4
2
14
1
6
1
47
3
2
4
8
6
1
2
44
3
2
4
49
2
6
4
31
20
5
1
27
1
3
4
71
5
1
1
36
3
3
1
28
3
5
3
60
32
5
4
45
8
2
4
61
9
7
1
9
12
2
3
12
1
5
1
17
15
6
1
37
1
1
3
6
5
6
3
49
2
3
3
6
6
1
1
47
1
2
2
14
2
4
1
15
3
6
2
2
1
6
4
49
7
7
2
29
2
7
2
18
1
7
4
35
1
7
3
28
6
3
1
68
2
6
2
22
2
5
1
18
12
3
3
18
12
4
2
41
2
7
3
40
2
2
3
3
8
5
4
68
21
7
1
4
1
5
1
52
2
1
2
67
1
6
2
42
4
6
2
63
3
6
1
15
2
2
2
11
3
6
3
66
6
2
4
7
7
4
4
39
10
5
2
1
1
5
3
18
7
7
2
31
2
6
3
32
2
4
4
18
18
2
1
5
2
5
2
17
1
6
1
22
2
4
4
3
20
6
1
55
1
3
1
22
3
2
1
63
1
3
1
38
2
3
3
39
8
5
4
35
5
4
2
35
2
3
3
61
7
2
1
13
1
1
1
41
3
4
2
37
2
6
2
52
4
6
2
36
4
6
3
71
3
7
1
60
1
4
3
33
7
5
2
28
2
7
4
47
1
3
2
10
3
4
4
22
9
3
4
42
2
5
4
71
2
4
4
47
11
3
4
6
25
2
2
7
1
5
4
13
1
5
1
34
3
7
2
65
4
4
2
4
2
4
1
3
11
1
2
33
2
6
3
9
25
1
4
38
2
4
2
68
2
1
4
26
10
7
4
36
10
2
4
2
1
1
1
36
1
4
4
41
3
4
1
60
2
6
2
6
3
1
2
25
2
3
1
40
2
2
4
1
2
6
2
18
2
4
1
16
7
1
1
2
5
3
4
40
6
5
4
4
24
4
3
15
8
5
4
12
7
1
1
71
3
2
2
15
2
7
2
8
3
1
2
10
2
2
1
42
2
2
1
4
8
6
2
5
1
6
3
53
7
2
2
37
3
7
3
42
1
4
2
27
1
2
3
7
2
5
4
43
12
2
2
45
4
5
1
66
1
3
2
36
5
5
3
55
3
2
4
22
19
3
4
33
4
1
2
67
2
4
1
68
3
5
3
26
10
2
3
5
5
5
1
10
5
2
1
71
1
3
1
37
2
1
4
28
9
1
3
47
6
7
