3
3
10
7
3
5
2
5
3
71
5
6
1
14
4
5
4
4
21
5
4
3
18
7
2
65
4
4
2
43
5
2
4
32
10
6
3
40
5
1
1
32
7
7
2
67
1
2
2
49
3
5
1
26
3
4
4
36
2
2
4
12
8
1
1
3
11
3
2
25
1
7
4
13
13
4
2
23
3
4
4
47
14
4
2
63
1
3
2
65
1
4
3
18
11
2
1
16
3
1
1
7
9
5
4
6
21
6
3
39
10
6
2
25
3
7
2
34
3
4
1
6
2
4
1
45
1
1
1
18
8
2
2
14
2
7
2
26
2
5
3
36
9
2
3
30
26
5
3
28
7
2
4
27
1
6
1
22
3
7
1
63
2
1
2
39
2
5
3
26
8
2
4
9
3
6
4
60
5
1
2
38
2
5
4
61
10
5
1
60
2
4
3
15
6
4
2
22
1
1
1
22
2
3
4
55
1
5
4
10
13
5
1
18
6
6
1
37
2
2
3
17
5
4
2
42
2
2
4
44
2
6
4
17
26
4
2
52
7
7
2
66
2
2
1
40
1
7
4
66
5
2
4
34
9
7
1
36
3
7
2
8
2
7
4
65
12
2
1
60
1
5
3
61
3
2
3
4
1
5
4
71
4
5
2
5
2
3
2
35
2
2
4
22
18
6
4
18
6
6
4
29
1
2
3
13
1
7
2
54
1
7
3
23
5
2
1
6
1
3
2
44
4
4
3
37
2
2
1
65
1
3
1
44
3
2
2
47
4
3
1
17
4
2
4
8
5
4
4
37
9
2
2
42
4
1
3
29
10
1
4
63
1
1
3
16
1
2
3
52
9
4
2
45
1
4
1
29
2
3
2
26
4
6
4
26
2
7
2
45
4
4
1
4
6
7
1
1
3
4
1
66
2
3
2
40
2
2
3
60
7
5
1
5
1
5
2
14
3
5
3
2
1
6
3
26
10
7
3
16
5
2
4
17
8
7
3
44
4
7
2
15
3
3
1
38
2
7
4
52
18
3
3
7
2
6
1
39
1
2
3
52
11
6
2
60
3
3
1
39
3
3
3
49
1
7
2
30
3
1
1
33
2
7
1
25
1
3
3
61
8
2
2
63
2
1
3
17
7
7
4
16
5
5
3
3
3
7
2
17
3
5
2
17
2
5
1
3
7
7
4
40
7
5
1
49
1
6
2
7
1
1
2
37
4
5
4
8
15
5
1
27
1
4
3
35
8
4
4
25
1
5
1
23
3
5
3
11
26
6
1
42
1
4
2
29
2
3
2
13
3
1
4
6
9
5
2
33
1
6
1
45
2
4
3
34
11
5
2
71
2
3
4
28
10
1
1
49
2
4
1
31
9
2
3
4
4
1
2
11
1
2
2
30
1
5
3
33
2
5
3
37
1
2
3
5
4
4
2
71
3
3
3
63
2
5
4
54
8
1
2
1
3
5
1
30
2
4
2
66
3
7
4
31
18
1
3
2
6
5
2
13
1
4
3
12
2
7
2
3
3
2
3
55
1
1
3
30
20
7
3
8
11
6
4
38
3
4
2
43
4
5
2
10
1
7
4
63
3
3
3
29
14
1
4
1
7
7
1
53
2
6
1
61
2
3
3
7
4
6
3
9
6
7
2
22
2
5
3
67
20
6
1
5
2
4
4
30
4
1
4
49
4
1
4
45
9
3
3
6
4
3
4
5
12
6
2
2
1
1
1
15
4
2
2
53
1
5
3
27
15
1
3
53
4
2
4
18
16
5
1
41
2
2
1
63
1
3
2
12
2
2
3
43
8
5
1
55
1
5
4
14
18
3
3
23
3
1
2
28
2
2
2
34
1
5
4
5
9
4
3
71
1
7
2
33
2
7
1
7
6
5
2
8
3
7
2
39
4
7
2
27
1
6
1
11
1
4
3
15
4
3
1
27
3
1
3
41
4
7
3
35
4
6
1
54
1
1
1
67
1
7
2
37
1
1
3
10
19
6
2
44
2
2
2
54
2
3
2
11
3
6
4
55
4
4
4
30
3
4
2
41
1
3
2
18
4
4
4
1
6
2
2
10
2
3
1
35
1
4
1
4
5
5
1
8
1
4
4
66
6
6
3
14
13
5
2
29
1
4
3
40
2
4
2
61
3
6
4
40
6
1
2
47
2
7
3
38
12
7
4
68
8
2
4
33
1
5
3
54
2
7
4
26
1
7
4
67
32
6
3
49
5
5
2
27
3
1
1
61
3
2
4
10
14
5
2
16
1
6
4
45
6
4
1
67
3
4
3
22
8
4
4
41
3
1
1
44
1
7
1
31
13
5
1
68
3
4
2
67
2
5
1
53
1
5
3
28
10
7
1
9
7
5
2
18
1
2
4
61
9
4
1
65
2
7
2
35
1
2
4
7
3
6
4
39
6
3
1
29
1
6
4
52
8
7
2
4
1
3
4
35
3
4
3
22
7
1
2
4
2
5
1
36
1
2
4
23
21
7
4
68
19
2
1
42
2
7
2
38
4
1
4
65
4
7
2
49
4
6
3
31
24
4
2
16
3
6
4
15
18
2
4
12
2
3
2
60
2
7
3
14
26
6
1
10
3
2
1
47
3
1
4
54
9
6
1
8
17
4
2
31
5
2
2
55
2
2
3
66
9
4
3
12
6
2
1
23
1
7
4
71
3
1
1
14
20
4
3
63
9
4
4
25
4
1
1
16
5
4
3
68
15
7
1
28
3
7
4
37
13
1
1
12
16
7
1
28
1
7
3
42
1
4
1
41
1
5
2
32
2
3
4
32
4
7
4
39
4
1
1
13
1
4
3
53
1
7
1
40
3
2
3
66
6
7
4
38
2
4
4
15
21
4
2
53
3
2
1
2
7
6
4
43
10
6
3
45
6
4
3
18
6
5
3
32
3
5
2
36
4
6
2
6
2
5
1
34
11
6
3
11
12
6
1
33
6
7
4
36
7
2
4
67
30
6
1
32
1
2
3
44
6
1
2
68
2
3
1
52
1
7
4
33
6
4
2
9
2
3
1
35
2
7
4
53
4
7
4
42
1
3
4
35
2
3
4
41
2
6
3
32
5
4
4
14
29
6
4
28
13
7
2
28
1
3
1
43
2
1
3
1
7
7
1
1
2
4
3
25
5
3
4
3
3
2
1
68
1
1
4
53
8
7
4
9
14
1
1
54
3
6
4
7
2
1
3
38
2
5
2
12
3
6
4
22
5
2
1
10
7
5
2
3
2
3
3
31
21
4
2
31
4
6
3
54
1
6
4
42
4
5
3
33
14
6
2
52
5
3
2
2
2
3
3
41
2
6
4
31
23
2
2
15
1
6
1
66
3
3
3
55
12
4
3
36
3
6
3
45
3
1
2
32
3
3
3
8
8
1
4
47
13
3
4
34
14
6
3
1
10
4
4
13
11
1
4
23
10
4
2
23
2
2
2
40
1
7
1
52
3
4
4
16
11
3
4
49
6
7
2
9
3
4
3
34
5
7
1
9
13
2
4
27
11
2
3
68
10
5
1
2
4
5
1
34
6
5
1
30
14
5
3
6
1
5
4
2
9
5
1
71
2
7
3
13
8
1
3
47
2
2
1
47
2
5
3
39
3
4
1
26
2
7
1
13
9
7
3
47
10
6
2
5
1
3
4
43
8
5
3
25
8
2
1
11
12
2
3
10
21
7
2
1
2
5
2
61
2
3
1
17
15
4
1
55
2
7
2
6
1
1
1
12
7
1
4
44
5
1
3
67
36
7
4
29
11
4
1
38
3
5
2
55
1
6
3
42
2
4
3
9
16
5
4
11
26
6
1
15
5
6
1
71
3
7
4
4
4
1
2
41
5
3
4
60
8
4
2
68
3
7
2
7
3
3
1
37
1
1
3
27
1
6
4
2
7
6
3
43
7
2
2
36
1
7
4
11
29
1
3
60
23
2
3
65
15
1
1
43
1
6
3
65
4
3
1
25
3
6
