4
7
7
3
2
65
3
2
3
16
3
3
4
61
8
1
3
63
4
3
2
2
2
2
2
14
3
7
2
29
2
5
4
5
24
7
4
9
31
3
2
49
2
6
4
25
7
3
2
11
1
1
3
28
9
5
3
32
10
6
1
8
9
5
1
22
1
1
2
53
1
6
1
61
3
5
4
53
7
6
2
55
2
7
1
35
1
5
3
68
10
1
2
11
2
6
1
39
2
3
2
30
1
1
4
10
23
1
1
25
1
4
3
18
7
7
3
22
8
2
2
41
4
7
1
18
8
3
1
49
2
3
2
63
2
2
4
27
5
2
1
53
1
5
2
25
1
6
2
39
2
5
2
40
1
5
4
13
1
2
2
18
4
5
1
41
1
2
3
4
23
6
2
35
3
6
1
7
11
6
1
6
1
6
1
14
2
4
1
71
3
4
4
23
3
4
3
47
4
7
4
29
5
6
2
10
1
5
1
67
3
3
2
10
2
6
4
43
8
1
2
53
2
7
2
67
1
1
4
53
15
7
2
7
1
7
1
47
1
2
1
27
1
7
4
16
4
3
3
3
5
4
4
31
18
2
4
1
14
3
1
65
1
2
1
36
2
6
3
8
18
2
4
5
6
6
4
49
1
3
2
9
3
2
4
8
19
2
1
30
19
5
4
18
16
1
2
61
3
6
3
9
20
7
4
32
10
2
4
30
8
3
2
38
2
1
3
29
7
6
2
28
2
7
4
8
11
6
4
27
6
1
2
8
1
4
4
29
15
4
4
6
5
3
3
38
7
6
2
41
5
6
2
17
1
3
3
34
11
2
1
42
2
7
1
52
1
4
2
49
3
1
1
35
2
3
3
35
8
4
1
33
6
4
4
25
6
4
3
26
10
4
2
47
2
2
3
11
1
5
2
39
1
7
3
63
8
2
4
67
39
1
2
13
3
4
2
15
1
3
3
39
2
2
4
17
25
2
1
37
1
5
1
54
3
2
1
12
14
6
2
52
6
3
1
7
7
4
3
47
7
5
2
4
3
1
1
49
1
7
3
8
7
1
3
12
1
3
4
12
6
1
3
38
12
3
2
26
4
1
2
65
2
2
1
55
2
7
1
10
6
6
2
22
3
3
2
68
2
2
2
37
1
7
3
33
19
6
2
1
2
2
4
55
2
1
2
45
3
4
1
63
1
5
3
45
2
3
1
15
2
3
2
42
1
4
4
42
2
6
3
2
1
2
1
1
2
2
3
39
1
4
2
16
3
6
3
2
8
3
3
61
9
1
4
63
12
3
2
71
1
7
3
5
5
4
3
40
6
5
1
5
1
5
1
41
3
6
3
36
14
2
1
26
3
4
4
68
22
6
4
67
19
5
3
42
3
6
3
22
4
1
2
66
1
7
4
31
24
1
3
6
2
2
1
30
14
4
3
23
4
5
3
66
1
6
2
8
3
7
3
10
22
2
4
32
14
5
2
35
2
7
4
35
2
7
1
63
2
1
3
68
3
5
4
66
1
6
2
71
2
2
4
60
7
6
2
6
1
4
4
11
8
2
2
40
4
2
4
39
7
7
1
32
4
7
4
9
24
6
2
15
3
5
1
34
4
7
2
31
3
4
1
60
2
4
1
36
1
7
3
67
28
4
4
3
4
2
4
41
1
3
4
38
3
1
2
68
3
6
2
44
1
7
1
10
1
6
4
15
3
2
4
52
3
7
2
27
3
4
3
10
8
6
1
18
7
3
4
45
7
4
3
14
1
5
3
13
4
5
1
53
2
5
1
34
3
7
1
28
3
6
4
66
5
2
2
9
2
2
3
55
8
3
4
42
5
3
4
47
15
5
2
32
2
1
1
40
2
6
4
43
3
2
2
23
3
4
2
44
4
6
3
54
2
4
4
39
5
3
4
60
3
4
2
30
4
4
1
31
3
7
4
26
5
1
2
28
3
3
4
22
10
1
2
26
3
5
2
33
1
1
4
35
5
1
4
44
14
4
3
66
4
6
3
44
1
3
2
54
1
4
1
68
2
2
1
66
1
5
1
17
7
2
3
26
5
3
1
60
1
3
4
40
8
2
2
60
2
5
3
31
10
4
2
43
2
6
4
55
3
5
1
16
3
2
4
44
13
6
3
4
6
5
3
43
5
4
4
49
6
4
1
71
2
5
1
45
1
3
1
4
7
2
2
52
2
7
2
12
3
5
4
40
3
2
3
28
13
5
1
23
1
6
1
5
2
4
3
60
3
6
1
9
1
7
2
38
5
3
1
38
2
1
4
1
2
1
4
4
24
7
2
32
3
6
4
71
6
7
3
34
3
1
1
16
2
6
3
65
10
6
3
65
1
6
1
38
3
7
1
22
2
7
3
61
4
5
1
65
2
4
3
9
30
6
4
63
9
4
1
11
1
7
1
29
1
4
4
15
17
7
2
67
2
6
1
66
2
4
3
45
3
4
2
3
3
5
4
22
17
7
1
23
2
3
3
49
5
7
4
38
9
1
4
45
9
5
2
37
4
5
2
27
2
5
4
13
2
4
4
16
12
7
3
36
7
3
2
5
1
7
3
18
14
3
3
14
16
6
2
4
1
2
4
11
9
1
4
28
4
2
3
40
2
3
1
12
8
4
2
16
1
1
4
34
14
4
3
13
3
1
3
41
4
1
3
29
14
3
2
36
2
2
1
9
12
2
3
30
14
4
2
63
3
2
2
61
2
3
1
28
1
7
2
66
3
4
3
30
26
2
1
4
2
2
3
33
12
1
2
18
3
6
3
44
10
6
3
12
2
1
1
43
1
7
1
44
1
4
2
13
1
5
3
42
4
1
4
54
11
4
2
14
2
4
3
32
7
7
1
61
1
7
4
33
8
7
4
37
13
4
4
6
20
1
1
40
1
6
4
14
33
6
1
11
9
4
2
54
2
6
4
2
8
6
2
33
2
4
3
7
1
2
2
5
3
7
1
29
3
4
2
34
2
7
1
45
2
7
3
25
9
1
2
25
2
4
4
12
10
4
1
25
3
7
2
34
3
6
1
33
8
3
2
55
3
5
3
71
2
6
1
2
6
3
3
16
1
3
3
60
10
4
4
71
3
3
4
3
6
5
3
27
2
2
3
1
3
7
3
5
3
4
4
37
7
3
3
53
3
2
4
41
2
6
4
17
11
5
4
36
9
3
2
1
3
1
1
54
1
2
2
31
2
2
4
14
34
6
3
43
1
2
3
41
1
6
2
47
4
7
1
39
3
7
4
36
12
4
1
32
3
7
1
68
1
7
1
31
15
5
3
52
17
4
3
23
15
3
3
52
16
5
1
13
4
5
3
54
1
6
1
17
5
3
4
28
2
1
3
37
10
7
3
27
16
5
1
52
3
7
4
54
6
4
1
3
11
7
4
7
8
3
3
37
11
6
4
34
8
7
1
8
10
3
1
67
2
4
3
25
1
2
2
36
1
7
1
6
2
4
3
17
6
1
2
17
3
5
3
11
12
5
1
3
2
7
4
26
10
4
3
35
7
7
4
65
14
7
2
22
2
7
4
33
11
2
4
4
19
1
1
2
5
5
1
27
2
4
2
23
1
5
1
13
8
1
1
55
1
6
4
61
6
3
4
52
9
6
4
47
3
6
3
15
14
2
4
23
22
6
3
1
4
7
1
47
2
6
3
6
1
2
4
18
23
6
1
42
1
2
1
44
2
4
3
67
9
5
1
15
3
2
2
7
3
1
4
2
6
5
3
17
10
3
1
37
2
7
2
6
2
7
2
60
1
1
3
55
15
1
4
10
20
2
4
30
2
4
2
29
1
6
1
1
3
6
2
2
3
3
2
43
5
1
3
53
5
2
3
49
3
1
3
15
17
4
3
71
5
1
3
31
13
2
4
68
17
7
2
3
2
2
1
43
2
7
3
7
5
7
2
42
3
2
1
14
9
5
2
45
4
3
1
26
1
3
4
65
2
4
2
12
2
7
3
3
4
1
