3
30
28
4
3
41
4
6
4
6
15
4
2
38
1
2
3
31
19
2
1
49
2
1
3
31
17
1
1
53
1
2
1
52
2
4
1
27
1
1
2
25
3
7
2
29
2
6
4
9
15
6
3
14
20
3
2
47
3
1
3
61
7
2
1
43
1
6
3
3
10
1
3
53
8
5
1
4
5
1
1
63
2
6
2
26
4
7
2
15
3
3
2
27
3
4
3
1
4
1
3
4
4
5
2
16
3
4
4
60
3
7
4
29
8
4
2
65
4
6
4
43
8
5
1
13
3
3
3
4
18
7
4
15
1
6
4
4
10
7
4
26
2
6
2
47
2
5
2
2
1
7
3
18
25
1
4
36
4
2
2
41
1
6
1
12
7
3
2
66
2
2
4
36
6
6
2
30
4
4
1
17
4
6
1
44
2
2
3
8
15
3
4
18
12
2
4
35
4
4
2
63
2
6
3
52
8
2
3
68
13
6
1
36
1
3
3
65
5
6
3
45
5
3
2
54
1
1
4
11
19
3
3
23
14
3
3
67
7
3
3
44
3
2
2
12
2
6
3
68
9
2
3
49
4
2
1
4
8
7
2
37
4
3
2
1
1
4
4
17
20
1
3
10
15
2
1
55
1
6
2
17
3
7
3
22
10
3
4
37
10
2
2
5
1
2
3
13
1
5
2
14
2
2
2
49
4
7
2
5
3
4
3
55
8
7
2
49
2
6
2
11
3
5
1
33
4
7
1
53
2
4
3
39
4
3
4
7
8
5
4
2
10
6
3
45
1
4
1
9
14
3
4
30
8
7
1
66
2
2
2
41
2
5
4
47
10
4
1
67
2
1
1
65
2
6
4
43
5
6
2
7
1
2
4
45
6
2
4
18
19
4
3
71
1
1
1
16
3
1
1
61
2
6
1
65
1
2
4
49
2
4
2
44
3
1
4
52
1
5
2
44
2
6
1
23
1
2
4
38
8
4
4
33
5
4
3
14
7
3
2
11
1
7
4
29
7
3
1
42
2
3
3
7
1
6
4
67
28
1
2
23
3
7
1
68
2
3
4
34
12
1
3
38
3
2
3
12
7
2
3
71
5
1
2
61
1
5
3
40
2
1
2
22
3
2
4
66
5
6
1
38
3
5
2
61
3
7
1
47
1
4
3
25
2
2
2
54
2
7
3
67
13
4
4
23
12
5
1
55
2
2
2
45
3
4
4
61
7
4
1
54
3
2
3
44
6
2
1
6
2
6
1
3
8
7
1
37
2
7
4
14
28
6
2
39
4
6
1
45
1
5
1
12
3
6
1
38
1
6
4
12
6
7
3
34
3
6
4
71
2
7
2
2
3
4
4
1
7
3
1
40
1
7
2
42
3
4
2
60
3
2
2
1
3
6
4
68
19
3
2
34
1
5
3
53
4
5
1
7
9
1
3
29
7
2
2
4
3
2
3
3
1
4
4
39
7
5
4
33
10
5
2
43
4
3
3
66
7
6
4
27
4
6
3
22
8
4
4
52
4
2
3
47
2
2
4
12
4
1
4
71
1
3
2
18
4
2
1
25
3
5
1
71
2
2
3
36
6
4
4
42
5
2
2
45
4
6
2
52
2
7
2
22
2
3
4
37
3
2
1
63
1
1
1
32
1
2
1
41
3
4
3
61
11
4
2
33
1
7
2
27
1
1
4
30
1
7
4
61
11
2
3
1
7
3
2
43
5
2
2
33
3
2
2
66
3
4
4
27
9
5
1
1
1
3
1
9
2
3
1
27
3
6
1
31
10
7
1
8
15
3
1
14
20
5
4
5
25
5
3
17
4
1
3
26
10
1
2
9
2
7
2
28
1
6
1
14
8
2
3
6
5
6
3
28
1
1
1
16
5
6
3
60
17
2
4
65
2
5
2
30
3
4
1
11
12
5
1
23
3
1
3
6
4
5
4
31
14
2
1
22
3
2
4
3
12
7
2
67
1
7
1
2
2
5
2
10
1
1
1
66
1
3
1
22
2
1
1
11
2
4
2
32
4
1
2
53
3
5
2
3
2
6
4
63
7
1
4
44
11
2
2
6
2
7
1
61
3
3
4
32
11
3
3
42
2
1
4
22
12
6
1
44
4
6
1
18
15
4
4
45
2
6
3
23
10
4
4
39
1
3
2
32
3
7
3
52
15
1
2
65
1
2
2
18
3
7
4
63
1
7
4
31
1
4
2
16
1
1
2
25
1
7
1
34
7
6
3
7
3
4
4
54
2
1
1
68
1
7
2
68
1
3
1
54
1
6
3
37
6
3
1
1
3
6
2
4
2
1
3
47
10
5
4
40
6
3
4
9
4
5
1
5
2
5
1
13
7
5
2
12
3
6
3
33
10
7
2
3
3
2
4
40
2
3
2
55
3
5
3
38
5
7
1
28
1
6
4
7
6
1
1
5
1
7
1
15
4
3
3
54
1
5
4
3
10
3
3
18
10
1
1
26
1
2
1
52
1
4
3
35
5
3
3
27
14
7
4
11
21
7
2
52
6
7
2
8
3
7
1
17
2
5
2
60
2
1
3
60
23
1
3
41
2
6
4
34
10
3
4
38
7
7
1
28
2
1
3
28
2
4
3
32
9
2
4
10
29
4
3
13
3
2
1
67
3
2
3
15
5
1
4
67
13
4
3
15
17
6
3
10
25
5
2
28
2
6
2
71
3
3
2
9
1
2
1
43
2
5
1
49
1
2
3
11
6
5
3
63
5
4
2
42
2
4
2
36
3
3
2
29
3
7
2
68
2
7
4
10
23
6
3
2
3
2
1
10
8
7
4
25
2
2
4
55
7
6
1
39
1
3
2
23
1
3
3
34
4
2
2
53
2
4
4
35
2
3
3
54
2
4
1
25
2
4
1
15
2
2
3
27
15
4
3
37
10
4
4
17
10
2
2
35
3
5
3
30
27
5
4
5
15
4
1
40
2
7
3
8
7
7
1
29
3
6
4
28
2
6
4
49
7
4
3
12
3
5
3
29
3
1
3
42
1
7
1
45
2
2
3
26
2
2
4
23
18
3
4
25
3
6
3
39
10
4
4
41
1
6
1
30
13
1
4
42
2
7
2
36
4
3
1
33
2
2
4
22
9
1
3
5
2
5
2
13
3
5
4
28
12
6
1
36
3
3
4
32
5
2
1
71
1
1
2
35
2
5
2
39
2
4
1
7
5
7
2
14
3
7
4
53
9
2
2
6
3
1
1
35
2
1
1
37
1
4
4
1
3
7
1
10
2
4
4
53
10
4
4
2
4
5
2
40
1
4
3
33
8
2
4
54
1
2
4
14
11
4
2
7
2
3
4
65
12
4
4
47
7
7
2
13
1
6
1
34
2
6
2
40
4
2
2
15
2
5
3
66
1
5
4
26
3
7
2
26
2
2
3
11
26
7
1
60
2
7
3
25
8
6
4
55
8
1
4
13
16
7
1
47
3
5
3
35
4
6
2
8
2
2
3
17
2
1
1
31
2
5
2
71
2
6
3
16
4
1
2
31
4
6
1
32
7
2
4
16
12
2
4
41
3
2
3
9
24
2
2
34
3
1
2
31
5
7
3
36
11
7
3
43
8
2
3
16
5
3
1
26
3
6
2
37
3
4
3
32
3
4
2
10
2
6
3
40
3
1
1
29
1
2
4
68
3
1
1
6
1
5
1
30
7
5
3
43
1
2
1
42
1
1
4
60
4
5
4
6
31
4
4
8
17
7
1
35
1
1
3
65
14
1
1
8
6
7
1
60
1
3
2
17
2
5
4
4
7
1
2
67
2
1
1
18
4
2
3
5
5
3
3
55
5
5
4
13
7
4
4
66
3
6
1
39
2
6
2
38
3
1
3
9
25
4
1
3
2
1
2
63
1
7
3
49
8
7
1
41
1
2
1
2
3
3
3
2
12
4
4
15
9
2
4
16
2
4
4
8
16
4
2
55
2
2
3
63
13
2
4
44
4
1
