1
65
2
1
3
41
4
1
2
41
4
3
2
7
2
1
2
26
3
6
1
61
2
2
2
42
3
4
4
65
9
1
4
26
2
1
1
33
5
5
4
3
9
1
1
63
2
7
2
14
2
5
4
7
4
5
4
2
1
5
2
27
3
4
2
15
3
2
2
22
3
7
4
15
25
5
1
40
1
5
1
32
5
2
4
14
18
2
3
27
12
3
4
25
3
7
3
14
18
4
4
67
5
5
1
17
7
1
2
66
3
1
2
25
3
5
4
10
1
4
1
40
3
6
3
53
5
7
4
8
16
3
2
2
3
3
4
52
11
4
1
1
1
3
3
65
21
7
4
15
5
2
3
7
5
2
4
61
1
2
1
9
7
5
4
26
11
1
4
30
1
5
2
11
1
3
1
14
1
4
2
53
3
3
3
16
2
4
4
47
3
7
4
36
13
2
3
66
9
4
1
32
7
5
1
23
1
1
3
45
4
3
3
35
3
2
2
12
1
1
3
54
2
7
4
5
22
2
1
9
8
7
2
45
1
6
3
3
2
4
3
17
11
6
1
3
4
7
3
7
3
1
3
27
11
1
1
15
4
7
3
37
6
6
3
36
14
5
3
28
15
3
1
38
3
1
3
11
8
6
1
47
2
6
1
55
2
1
2
30
5
1
1
65
1
2
3
10
22
3
4
36
11
3
4
45
6
3
1
28
1
7
1
10
3
3
2
11
3
6
4
6
9
5
3
30
5
6
3
43
7
7
3
10
7
6
4
34
9
5
2
28
1
7
3
63
4
2
1
2
4
2
2
39
1
3
4
18
12
6
4
3
17
1
2
54
1
4
1
15
5
5
1
45
1
4
3
13
2
3
1
31
11
2
3
1
3
3
4
38
1
3
1
4
2
2
4
11
10
5
2
34
3
5
2
3
3
4
4
68
20
6
2
13
3
3
3
4
27
4
3
11
4
2
1
27
2
7
1
37
2
6
4
29
1
1
2
68
4
2
1
26
3
6
4
17
17
2
4
27
8
6
2
61
2
2
4
40
6
7
1
5
2
3
2
71
3
4
3
52
9
2
3
35
4
6
3
23
1
4
4
11
6
6
2
44
5
6
4
39
10
4
4
66
3
3
4
1
7
1
3
63
10
6
3
31
25
2
2
9
1
3
2
67
1
6
4
63
4
5
1
42
2
7
1
34
5
7
4
60
1
7
1
16
3
4
3
29
3
1
2
55
1
7
3
32
6
4
1
43
2
4
2
16
2
5
2
26
2
2
3
14
10
1
4
54
4
1
4
10
25
5
2
29
2
6
4
29
6
5
2
55
2
5
1
30
4
7
3
54
1
1
2
33
2
7
2
17
2
2
1
12
16
5
4
66
2
6
4
49
2
2
2
32
2
4
3
16
6
4
3
34
5
2
4
1
6
5
4
23
6
3
4
4
26
5
4
32
14
4
1
27
3
4
4
33
10
7
4
16
10
3
1
36
2
7
1
68
1
1
3
18
5
1
4
13
16
7
1
39
2
3
3
6
4
4
1
29
2
4
1
53
2
2
3
33
10
3
3
4
24
5
1
14
9
4
2
63
2
1
3
39
9
3
2
13
2
5
1
23
3
3
3
31
15
1
3
23
5
3
1
8
16
2
1
6
1
4
1
47
3
6
1
63
1
2
3
9
5
2
3
65
13
2
4
28
2
7
2
4
1
7
1
34
2
1
4
7
3
1
2
45
3
7
3
66
4
3
1
28
2
5
3
67
25
6
2
38
1
2
1
7
4
7
4
17
18
6
4
22
9
7
2
10
1
4
4
12
8
7
4
43
10
2
1
2
7
2
4
4
17
3
2
41
3
2
1
43
3
1
4
37
11
1
4
67
13
1
1
49
1
5
1
13
9
4
3
15
3
7
2
2
2
1
4
71
3
7
2
36
1
3
2
61
3
7
1
6
2
2
3
40
1
3
2
47
1
5
1
25
2
5
1
13
7
7
1
71
3
7
2
60
2
3
3
12
2
1
2
47
3
5
1
54
2
7
2
52
6
4
1
60
2
7
3
52
13
7
2
49
3
3
3
2
7
6
4
65
6
1
4
35
4
2
1
5
1
1
1
22
3
3
2
5
1
4
3
44
9
2
1
39
3
7
4
25
9
6
1
35
3
7
3
55
14
5
2
44
2
7
1
22
2
5
2
6
3
1
4
27
7
2
2
31
2
7
4
31
23
3
1
4
6
3
3
38
1
6
1
44
4
3
4
34
3
6
3
25
4
5
3
49
8
1
2
40
1
2
1
33
8
2
2
31
4
1
1
60
1
4
2
65
3
6
4
47
6
7
1
61
3
6
4
53
15
5
2
12
3
5
3
49
4
7
3
30
14
5
2
67
2
3
3
13
5
1
3
22
9
5
1
66
2
6
1
35
1
2
3
34
10
1
2
5
2
6
2
40
3
2
2
34
2
5
3
43
6
2
4
33
1
6
1
12
15
6
2
7
3
6
1
29
1
4
4
54
11
7
3
68
4
1
2
30
1
2
2
18
3
1
4
9
10
7
3
8
5
2
2
37
4
6
3
41
3
5
4
41
4
7
4
23
19
2
3
6
1
4
4
30
4
7
1
49
2
2
4
6
7
2
2
68
1
4
1
30
13
2
1
45
2
3
1
42
1
6
4
61
6
3
2
43
1
6
3
22
7
7
2
28
3
3
1
11
6
6
3
38
6
1
3
61
8
1
3
33
9
6
4
43
8
5
1
67
1
3
2
10
2
6
1
31
15
2
1
52
1
1
1
38
1
6
4
55
6
2
4
53
12
3
3
25
7
5
3
26
5
5
1
55
1
4
4
44
12
6
1
66
1
3
1
36
1
7
4
68
21
7
3
1
10
3
2
63
3
2
4
8
19
6
4
52
20
5
2
42
1
5
1
41
2
3
1
68
3
2
2
1
3
3
2
8
1
3
3
17
8
2
2
22
1
6
2
3
1
4
3
2
12
3
2
16
3
3
4
13
1
2
3
45
5
6
2
23
2
7
3
47
6
3
3
60
31
4
4
49
8
5
1
41
1
4
3
18
7
6
4
63
8
2
1
53
1
4
4
71
1
2
4
9
9
3
2
54
2
6
2
49
2
2
3
15
13
7
2
37
1
3
3
26
9
5
1
16
1
5
4
18
19
2
1
18
8
1
4
28
1
4
3
32
10
4
2
27
1
7
3
9
2
3
1
1
2
4
2
36
3
2
3
5
5
5
2
6
1
1
1
18
12
7
4
55
4
3
4
40
4
6
3
68
5
2
2
23
3
6
2
32
4
4
2
29
1
7
3
3
1
1
3
5
3
2
2
66
1
3
4
44
10
5
3
60
32
1
3
47
5
6
3
55
8
6
2
17
3
7
2
33
1
7
2
60
1
6
2
15
2
2
4
16
9
5
2
35
3
7
3
37
9
5
1
52
2
5
2
1
1
7
2
65
1
6
2
4
3
7
1
8
2
4
2
25
2
2
3
29
14
6
3
12
6
5
2
35
1
7
3
42
2
4
2
39
4
2
2
53
2
3
3
61
11
1
1
7
1
2
2
18
2
4
2
71
2
5
1
25
1
1
1
37
1
1
2
52
1
2
4
12
2
4
1
17
4
6
2
38
5
1
4
45
14
7
1
10
2
5
4
42
4
3
3
28
7
3
3
40
6
6
1
67
2
4
3
71
3
6
4
22
20
2
1
3
8
7
1
26
2
2
3
8
8
4
4
39
2
2
4
60
8
6
4
2
8
4
4
37
1
6
3
44
2
3
4
42
5
5
4
5
6
4
2
14
3
7
3
36
2
4
3
71
5
6
3
53
4
1
4
41
1
6
1
71
1
2
4
32
12
3
4
31
22
2
4
35
2
6
2
9
3
6
1
54
3
5
1
44
3
3
3
42
4
1
3
39
8
3
1
11
5
1
2
8
2
1
4
38
3
1
4
14
34
3
2
43
3
4
3
67
29
6
