4
43
2
2
2
16
1
7
4
52
13
5
3
13
7
1
1
40
3
6
1
45
1
1
4
6
18
2
1
67
3
7
3
10
9
1
3
65
6
7
4
55
4
6
2
33
2
2
2
43
2
1
2
37
3
4
3
61
2
5
1
22
3
3
3
47
1
3
4
23
15
2
1
60
2
4
2
71
2
5
4
67
34
5
2
6
1
2
2
36
4
6
2
1
3
2
3
52
6
3
3
63
6
7
2
43
5
7
4
35
2
1
1
45
2
6
2
15
2
5
1
37
1
1
2
66
3
3
4
18
20
6
3
33
6
3
3
16
5
7
4
68
10
1
1
49
1
3
2
54
2
1
2
38
3
6
1
28
2
1
3
30
27
3
4
34
10
4
4
13
6
4
2
65
4
2
4
60
1
7
2
67
1
2
2
31
5
7
2
28
3
1
1
7
10
2
4
26
2
1
2
35
3
1
4
12
4
7
2
49
1
1
3
43
4
2
2
5
3
7
4
30
4
4
4
12
8
3
4
3
20
6
1
13
6
3
3
35
4
1
4
54
5
4
2
26
2
4
3
71
4
2
1
34
3
2
2
22
1
6
1
27
1
1
4
10
25
6
1
8
13
3
1
38
1
5
2
9
3
6
1
39
4
3
1
10
4
6
3
3
9
7
4
15
11
6
4
29
13
4
2
32
2
3
2
42
3
7
2
17
2
7
3
54
1
3
2
18
2
2
2
37
1
1
4
28
1
6
4
17
16
3
2
30
5
6
3
9
20
7
2
42
4
6
2
7
3
7
2
34
3
3
3
22
11
4
1
40
2
7
1
5
1
6
3
31
29
6
3
35
2
5
3
44
2
6
3
60
18
7
3
67
24
2
3
39
9
3
3
37
12
6
3
11
15
5
2
29
1
4
2
52
3
2
1
39
1
7
3
27
2
4
4
67
26
1
4
49
2
2
4
60
7
1
2
5
2
2
3
29
19
3
3
40
1
2
3
25
1
4
2
38
4
7
4
14
15
6
2
61
1
2
3
27
12
1
2
60
3
7
3
42
2
5
1
33
8
7
1
38
2
3
1
26
1
2
2
63
1
7
1
15
4
2
3
32
6
6
3
36
7
2
2
26
4
2
3
5
3
7
4
31
4
2
2
13
2
1
4
55
13
3
2
41
1
4
1
41
2
2
3
10
4
7
4
7
6
4
1
26
3
6
1
44
4
6
2
40
4
5
2
53
1
4
4
54
6
7
4
30
1
1
4
39
2
3
3
31
3
1
2
12
1
1
4
49
1
7
3
6
5
5
2
29
3
3
3
44
9
6
3
25
4
7
3
8
14
1
4
15
7
6
2
18
3
3
1
23
3
1
3
68
2
5
4
53
7
4
3
66
2
4
2
39
3
6
4
37
3
2
2
1
1
5
1
11
5
6
3
49
6
2
3
11
12
1
3
61
9
4
2
49
4
7
4
35
5
5
1
18
5
2
4
13
15
3
1
12
14
4
3
18
25
1
3
14
16
7
1
32
4
7
1
14
19
6
1
55
2
7
4
40
8
1
3
52
12
5
1
68
1
2
3
32
11
2
4
66
6
4
1
30
3
2
1
7
1
7
4
32
13
5
4
27
11
7
2
54
1
3
1
71
2
6
1
43
3
2
1
25
1
3
3
23
12
2
4
52
7
4
4
38
2
7
1
54
2
2
4
38
6
2
3
71
1
1
4
61
6
7
4
25
2
4
3
41
4
2
1
3
8
6
4
47
2
1
1
3
3
3
1
8
4
5
2
8
1
6
1
9
1
4
1
53
1
7
1
33
2
4
1
44
2
5
4
4
25
6
4
44
6
6
3
54
2
1
1
16
1
6
1
61
2
6
2
14
2
6
3
33
1
1
2
52
1
6
3
63
9
5
3
34
4
4
1
29
2
4
4
17
7
1
3
29
13
4
2
65
3
2
1
18
7
6
1
6
1
3
1
12
7
2
3
4
1
1
1
65
1
2
1
67
1
3
4
16
5
1
2
14
3
1
3
22
7
7
4
6
22
7
2
2
1
1
2
61
2
3
4
32
11
5
3
39
6
4
2
25
2
7
2
25
3
4
3
4
23
3
4
11
8
7
4
14
4
4
4
63
6
1
1
60
1
3
3
55
15
4
4
47
17
4
4
53
2
7
3
12
2
5
2
10
1
1
4
2
7
6
3
49
5
3
1
29
3
4
4
22
18
3
2
44
1
1
3
26
5
5
2
11
3
7
3
38
10
3
4
26
5
5
3
38
6
7
2
2
3
4
2
67
2
2
2
33
3
7
3
23
4
5
4
45
8
2
4
27
8
6
3
6
3
6
1
66
3
5
2
4
3
2
2
17
1
7
4
10
17
1
3
30
5
7
1
31
10
5
1
32
7
4
1
14
20
2
4
41
2
6
2
6
3
4
3
37
9
3
2
32
1
2
4
66
3
7
4
34
9
6
4
65
10
4
3
55
16
1
1
27
3
1
2
47
3
6
4
44
9
7
1
42
2
4
3
42
3
3
4
65
6
1
2
4
1
5
1
71
1
2
2
68
3
6
2
3
2
1
2
66
1
4
3
18
17
1
3
40
2
7
3
12
4
2
1
4
3
2
4
43
1
6
4
31
21
4
2
3
3
3
2
31
3
3
3
8
10
1
3
16
7
2
1
53
2
6
4
42
3
2
4
71
2
6
3
3
8
1
3
7
1
5
1
23
2
2
4
33
11
1
4
3
8
4
2
47
4
6
4
37
4
6
1
43
1
7
3
53
6
2
1
47
1
4
2
35
2
3
3
34
1
7
1
9
2
4
3
17
7
1
4
39
1
7
3
15
15
5
3
41
1
6
1
37
2
6
2
27
1
5
2
16
3
2
4
1
3
5
3
15
1
3
4
8
2
6
1
6
2
2
1
34
8
2
3
60
1
6
3
5
4
5
3
43
2
7
4
25
6
3
2
45
1
7
2
10
2
4
4
28
10
4
2
55
1
5
2
36
5
2
1
25
3
6
1
10
2
3
3
1
3
4
2
12
3
6
4
36
13
5
1
54
1
6
2
11
1
2
1
52
3
2
4
68
23
1
4
45
2
3
4
5
15
1
1
61
3
4
1
1
2
3
1
49
2
3
4
33
2
1
1
36
1
1
1
52
1
1
3
7
4
2
4
63
4
6
4
1
8
3
2
9
2
3
1
17
10
6
1
17
2
1
1
16
2
3
4
42
4
4
3
47
7
5
2
41
3
3
3
1
10
5
3
36
3
3
2
22
3
3
2
7
1
6
1
35
4
4
2
53
3
6
4
71
4
2
2
44
3
4
2
55
3
5
4
8
4
6
2
39
4
5
2
71
3
7
3
28
12
6
4
41
1
3
1
68
2
7
4
4
13
6
4
2
13
7
3
9
30
7
1
55
1
2
2
28
2
6
3
17
13
4
1
2
6
5
4
40
5
2
1
63
1
6
1
42
1
7
4
23
1
5
4
5
26
6
1
5
2
5
3
53
3
7
1
30
10
3
4
36
7
5
3
2
10
6
1
31
6
6
1
13
5
6
3
65
3
1
2
8
3
6
1
66
2
7
3
68
6
1
3
2
8
2
4
22
7
5
3
66
9
6
2
23
2
6
4
7
8
4
2
15
1
5
1
1
1
2
2
13
1
2
3
67
17
1
1
63
2
7
3
45
1
6
4
18
16
5
2
63
3
5
4
29
6
7
3
28
5
7
2
60
1
2
1
11
12
5
2
45
4
1
4
9
31
5
1
41
1
4
3
13
2
4
2
68
1
5
3
14
3
3
1
36
2
7
2
30
2
4
1
35
1
5
2
23
1
7
1
47
3
1
4
16
4
3
1
28
3
6
2
40
1
1
1
2
2
3
1
22
2
4
3
45
7
2
2
34
1
5
4
61
7
7
4
9
17
1
1
65
2
2
4
11
10
4
3
26
8
6
1
4
7
3
1
15
2
6
2
27
3
4
