3
36
15
1
3
65
18
2
1
9
3
5
3
14
11
3
2
2
2
7
4
4
17
7
1
17
9
7
2
43
1
4
3
68
17
3
3
63
12
2
2
63
2
6
3
47
6
3
1
18
8
2
1
39
2
3
2
44
5
6
1
11
3
7
1
32
4
5
3
5
2
6
3
38
2
5
1
65
2
7
2
16
3
4
2
31
5
4
2
71
3
6
1
5
1
3
1
14
4
1
3
60
19
5
2
67
1
5
4
43
5
5
4
60
2
2
4
26
12
4
1
25
3
4
2
30
5
7
3
67
9
5
3
41
1
4
2
18
4
1
4
2
11
4
4
66
4
2
4
37
1
5
2
47
3
7
3
23
4
3
2
1
3
1
3
18
19
5
1
47
3
6
1
38
3
6
2
32
3
7
1
26
1
5
2
7
1
6
2
63
3
7
4
22
4
1
1
54
2
5
2
27
2
6
2
39
3
3
1
7
6
1
3
49
1
3
4
35
2
7
3
18
21
3
1
9
14
4
4
54
2
1
4
29
12
4
3
71
1
7
3
38
7
3
1
52
1
7
4
47
1
2
1
71
3
4
3
45
2
7
4
34
1
3
4
2
4
3
1
4
4
6
2
45
4
6
2
25
3
4
4
31
9
6
1
29
3
1
4
49
3
4
3
47
3
3
1
67
1
5
3
17
1
5
2
43
5
2
4
5
9
7
1
23
3
5
2
55
1
3
4
9
17
4
1
35
2
2
2
52
4
4
2
60
1
6
2
65
3
3
3
11
16
4
2
22
1
4
3
55
16
4
4
27
3
7
4
45
8
4
1
3
11
5
3
39
1
7
1
33
7
3
4
63
5
1
2
27
3
7
4
38
5
2
1
55
2
6
4
6
8
6
3
33
23
6
3
10
3
1
1
15
2
5
1
43
3
2
3
53
3
1
4
6
25
6
1
37
2
2
4
31
19
1
4
53
9
6
4
34
3
7
3
8
5
7
1
53
2
2
1
4
3
4
1
12
5
4
2
9
3
6
2
28
1
1
2
40
3
6
3
26
11
2
4
38
8
2
4
10
23
6
1
40
2
5
4
9
16
2
4
65
11
5
3
31
12
5
2
61
1
2
2
14
2
6
2
16
1
4
4
41
1
5
3
67
16
5
1
37
1
6
3
15
6
3
4
36
8
4
4
41
3
3
4
4
8
2
1
34
6
1
1
66
3
1
4
43
11
5
4
26
2
7
2
14
3
6
2
17
2
1
2
40
1
3
3
26
7
4
3
37
10
4
2
3
2
5
1
15
5
4
1
40
3
1
2
6
1
7
4
12
2
1
2
5
3
7
2
12
3
1
3
2
2
3
2
36
1
1
1
65
1
6
4
23
24
6
3
2
9
4
3
52
9
6
3
17
7
1
1
13
2
4
1
27
2
3
1
22
3
1
3
35
8
2
1
16
4
3
1
6
1
5
2
41
5
1
4
32
8
1
1
71
2
5
4
40
2
1
4
61
8
5
3
15
5
2
4
18
13
1
4
65
4
6
1
44
2
2
2
29
1
7
1
67
3
1
1
61
1
2
1
17
6
7
1
52
2
3
3
4
28
2
4
63
10
5
3
1
10
2
4
11
27
1
3
39
3
3
3
12
2
2
4
17
8
7
1
22
2
5
1
5
2
3
3
33
4
1
1
28
2
5
2
17
1
6
2
55
2
2
4
5
25
4
1
29
1
3
2
37
1
5
1
30
11
2
3
45
1
5
3
7
2
3
1
61
2
6
3
44
8
2
4
25
1
7
3
68
14
6
2
33
3
7
2
45
3
7
2
23
1
5
3
9
2
1
2
1
1
4
3
65
3
1
3
60
9
7
3
36
9
6
2
66
3
2
1
2
7
6
2
38
2
4
4
66
2
6
3
66
9
7
3
35
3
7
3
25
5
5
4
52
18
7
2
11
1
2
3
28
1
4
4
17
10
3
3
6
2
5
4
68
18
5
1
49
1
3
1
41
3
2
2
9
1
6
4
39
10
1
2
22
2
2
3
44
7
4
4
35
5
7
2
68
4
3
1
66
2
2
3
40
6
5
2
54
1
2
1
54
1
7
2
67
2
4
4
60
5
4
2
35
1
4
1
26
2
7
1
13
7
3
1
8
7
1
4
1
13
6
2
53
1
2
2
11
2
1
2
3
1
4
2
35
3
3
2
52
2
7
2
4
2
6
4
68
12
4
1
68
1
5
3
22
9
5
1
32
5
1
1
63
1
7
1
31
12
3
4
44
7
3
2
32
4
4
1
2
2
3
2
42
2
7
4
67
39
7
4
29
6
3
1
38
1
4
4
15
3
7
4
28
12
6
3
32
11
4
4
36
6
1
3
41
3
1
4
55
13
4
2
49
1
1
1
23
1
4
2
12
2
4
1
63
2
2
4
8
12
7
3
5
3
6
3
3
2
6
1
36
3
5
1
10
7
7
4
3
9
7
4
37
10
3
1
36
2
6
1
8
13
2
4
14
5
5
2
71
1
2
2
8
2
6
4
3
7
2
4
54
11
4
3
1
8
3
1
30
16
3
3
42
1
6
3
71
2
5
2
6
2
1
2
23
3
6
4
45
11
6
2
38
1
7
3
30
11
2
3
6
6
6
4
23
21
5
1
12
11
4
4
13
10
3
4
44
17
2
1
68
3
7
4
28
4
4
3
23
16
3
3
66
1
2
4
14
10
2
2
42
4
2
1
27
3
4
4
7
3
3
3
3
8
6
2
29
3
3
3
32
8
4
1
28
1
7
3
31
10
7
1
34
2
2
1
11
9
7
1
45
2
6
1
7
10
6
4
53
7
4
3
9
10
1
1
35
4
1
1
10
1
2
4
42
4
4
4
30
6
1
4
55
5
6
3
55
10
6
2
60
4
1
1
55
1
2
2
2
1
3
4
47
2
4
1
1
3
4
1
14
20
5
3
14
3
2
3
8
7
6
4
7
1
7
3
43
6
4
2
36
2
4
2
31
4
1
4
61
4
3
3
43
3
5
1
31
11
3
2
66
1
7
2
13
1
7
4
40
8
5
2
39
2
1
1
18
10
7
4
8
18
2
4
32
12
6
4
33
5
4
3
27
11
7
2
8
1
4
3
11
19
3
3
53
7
2
4
52
1
6
4
16
9
4
3
22
11
1
3
49
3
2
2
15
1
2
2
54
2
5
2
34
1
7
4
16
3
7
4
49
4
6
1
44
3
3
2
53
2
4
2
61
2
7
3
13
5
1
3
27
1
1
1
3
3
4
4
11
30
7
1
49
2
3
3
40
1
5
3
30
26
6
3
13
2
1
1
42
2
3
2
13
3
3
2
34
3
4
3
61
2
2
4
33
8
7
1
45
1
5
4
39
5
4
2
37
2
2
3
10
4
2
1
6
2
2
2
26
4
1
4
71
2
3
3
28
8
3
1
16
5
1
4
10
5
6
3
63
3
3
3
29
11
6
1
41
2
7
2
41
2
5
2
30
3
6
2
18
1
6
3
34
7
6
3
54
2
2
1
33
1
1
1
42
1
4
2
49
3
3
3
42
3
1
2
15
3
6
3
54
1
7
4
15
12
2
4
22
14
6
3
29
1
3
4
67
37
7
1
53
1
1
4
12
3
1
4
42
3
2
2
10
1
3
2
10
3
5
2
25
2
3
1
39
4
5
2
65
2
5
3
16
6
2
2
44
2
4
3
7
1
5
4
1
14
5
3
34
8
3
3
25
4
5
3
4
12
7
4
25
6
1
3
12
5
1
1
60
1
4
2
28
3
1
1
1
1
5
4
18
25
5
1
25
1
4
2
5
1
6
2
26
2
1
1
47
1
7
4
71
4
7
3
16
8
4
2
7
3
3
2
33
2
1
3
52
5
3
1
43
1
4
1
60
2
6
4
30
1
3
3
61
1
6
2
68
2
7
3
37
4
4
4
27
11
2
4
13
13
5
2
4
1
3
2
47
1
1
