1
60
1
1
4
45
8
1
3
42
3
7
3
65
20
2
2
35
3
2
2
10
2
6
3
39
4
6
1
9
7
1
3
33
13
4
3
8
6
6
4
47
2
2
4
31
7
7
4
6
6
5
1
1
1
2
3
47
10
1
2
41
5
2
2
55
1
7
3
2
1
6
4
3
10
6
2
15
2
5
2
41
4
4
4
67
37
1
2
4
1
3
3
36
12
4
4
43
1
7
4
30
7
5
4
15
22
2
3
67
17
2
1
1
2
6
4
33
8
1
4
66
2
7
2
14
3
5
2
45
3
7
4
31
23
6
4
53
6
7
3
29
17
3
2
11
3
6
3
17
7
4
2
12
2
6
3
16
4
2
3
5
3
1
1
2
6
6
1
2
5
2
4
32
5
7
3
26
9
5
3
38
2
4
2
60
2
4
3
1
1
6
3
66
1
4
3
45
3
3
2
47
2
5
4
71
1
3
1
33
7
2
3
10
7
2
3
52
1
1
1
43
1
7
4
25
8
7
1
16
2
6
2
40
1
5
1
49
1
5
4
13
14
2
2
61
3
5
2
16
2
7
4
23
5
5
4
13
15
7
4
61
4
1
2
9
1
3
2
43
3
5
2
68
2
2
4
44
5
1
1
17
4
2
3
23
15
3
1
28
3
4
4
45
13
4
2
61
1
7
4
28
6
5
4
54
8
4
2
28
1
5
4
36
14
6
3
40
1
4
2
18
3
1
1
53
1
5
2
67
1
1
4
17
2
7
1
41
3
1
1
52
3
4
4
12
2
5
3
22
6
3
4
65
3
1
2
65
3
2
1
66
1
1
2
11
2
6
1
41
1
6
3
71
5
2
3
43
8
4
4
43
7
6
1
10
8
1
4
42
1
4
3
3
4
1
3
9
11
5
4
22
4
1
1
11
1
7
1
39
2
1
2
36
4
3
3
63
12
4
4
1
13
7
1
66
3
6
4
55
2
7
3
36
5
5
4
35
5
5
1
6
2
2
2
9
3
2
4
52
16
7
3
8
20
3
2
2
1
6
4
67
6
5
4
53
9
3
3
25
8
1
3
4
28
7
1
31
3
7
4
39
4
3
3
40
5
3
2
29
1
7
2
63
2
1
4
36
11
7
1
8
5
1
1
8
1
1
4
5
9
2
4
63
5
7
2
12
3
4
2
3
3
3
4
11
15
4
2
49
1
5
1
12
2
5
4
2
10
7
1
15
1
7
3
13
4
6
2
23
1
1
3
55
14
7
1
37
2
5
4
71
6
6
2
45
4
1
4
61
9
3
2
42
2
4
2
6
2
5
1
25
1
7
2
22
3
2
4
10
18
7
4
8
8
2
4
27
9
7
4
38
4
2
4
11
31
4
1
61
1
5
3
11
21
2
3
53
4
3
4
14
32
7
3
31
29
6
3
7
2
2
3
28
9
4
1
65
1
1
1
31
9
5
1
26
1
1
4
9
33
2
4
47
5
7
4
4
17
1
1
30
3
5
1
10
6
1
4
33
7
7
3
32
8
7
3
6
4
7
1
34
8
2
3
18
4
4
3
5
2
5
1
23
1
2
1
13
6
4
3
16
1
1
4
7
3
3
1
71
2
1
2
63
3
2
1
11
3
4
4
55
8
7
1
7
2
2
3
37
6
6
1
45
2
5
2
7
2
1
4
26
7
3
2
8
3
5
3
44
10
3
4
14
14
2
2
38
4
3
4
4
8
2
3
7
4
6
4
34
5
2
4
49
4
4
1
61
3
4
4
65
2
1
3
23
13
7
2
54
2
6
3
4
24
1
1
18
9
1
2
33
1
7
4
7
2
5
1
29
3
6
1
49
2
5
3
12
1
4
3
44
9
4
1
44
2
1
2
42
4
3
3
14
13
3
2
3
1
3
1
17
5
3
4
15
2
2
4
27
6
2
3
34
8
3
3
3
3
6
4
10
8
2
1
13
5
4
1
18
4
1
1
35
1
1
2
31
5
4
2
10
1
1
4
63
12
2
3
30
21
6
1
5
1
1
3
38
12
7
2
30
4
4
1
53
2
3
3
65
5
5
1
26
2
2
4
25
9
1
2
1
1
4
3
15
9
7
2
4
2
6
2
47
1
4
4
18
21
7
4
3
6
3
2
55
3
4
2
26
2
3
3
1
5
3
3
29
18
3
1
36
2
5
2
53
3
7
2
16
1
5
2
60
4
7
1
22
2
2
2
43
4
5
1
32
6
4
2
5
3
4
2
25
2
6
2
71
3
4
3
32
7
3
1
40
2
2
1
54
3
6
3
54
1
1
3
42
1
1
4
52
8
4
2
34
2
1
4
42
2
3
4
41
2
7
1
33
3
1
2
13
1
4
1
29
2
7
2
15
3
2
1
27
3
2
3
67
31
7
1
30
10
3
3
12
6
1
3
33
6
6
3
41
1
5
1
60
2
2
3
11
8
5
1
14
11
5
1
23
3
4
3
41
4
6
1
36
1
4
2
22
1
7
3
6
2
5
1
14
21
7
4
16
2
2
4
17
23
6
1
38
2
2
1
43
3
4
1
3
8
2
3
27
14
4
2
27
3
5
1
32
5
6
2
34
3
6
2
32
4
2
4
41
3
4
4
5
23
1
3
26
1
6
1
27
2
3
3
55
11
2
2
33
3
5
4
38
3
1
2
52
7
4
3
31
15
1
1
16
5
2
1
39
3
2
2
17
3
3
1
5
2
6
3
53
3
5
1
3
11
5
1
55
2
6
4
8
12
2
1
9
11
2
2
26
4
1
4
32
13
5
1
67
3
2
1
34
5
5
3
61
4
2
3
49
8
4
1
63
2
2
2
31
4
7
3
49
1
2
2
71
2
3
1
45
1
3
1
12
1
3
1
4
6
6
2
39
2
4
1
4
2
3
4
34
14
5
2
32
1
1
1
25
2
7
1
42
1
7
1
63
1
2
1
44
3
3
3
34
4
7
2
54
1
5
1
7
7
6
3
22
11
4
4
35
3
2
2
1
3
4
4
28
7
3
1
54
2
7
3
63
4
1
2
68
1
6
2
29
2
4
3
37
4
3
2
6
1
7
3
54
2
7
3
66
6
4
1
37
1
1
3
18
16
5
2
52
6
3
2
27
1
4
3
13
2
7
3
27
7
6
2
40
2
2
3
17
14
6
1
35
2
6
2
44
3
1
3
61
7
6
1
6
1
4
3
30
7
2
4
66
5
5
2
2
2
6
2
14
1
4
2
38
3
1
4
68
25
7
4
40
7
6
4
12
8
7
3
60
3
2
3
25
4
1
3
68
8
3
2
28
3
5
4
68
22
7
4
44
16
4
2
65
2
2
2
49
2
7
4
9
4
7
3
71
3
1
3
28
13
6
2
8
2
5
2
5
2
5
1
47
1
7
1
65
2
2
4
29
5
4
2
30
5
7
2
53
1
3
4
18
13
3
4
22
12
1
1
47
3
2
3
68
14
1
1
68
1
6
1
15
3
6
2
7
3
5
4
39
1
4
3
14
18
5
2
66
3
5
4
60
7
6
1
71
3
6
3
9
10
7
4
1
12
2
3
35
6
4
2
25
1
2
4
40
3
4
4
23
2
6
4
29
9
5
4
6
31
3
1
68
3
1
2
66
2
2
4
37
10
1
2
23
3
7
3
10
14
6
4
37
13
4
2
37
2
7
3
35
3
3
2
17
2
2
1
55
1
3
3
47
7
6
4
49
3
2
4
2
3
1
3
45
2
5
1
67
1
2
1
38
1
4
2
67
2
3
4
54
11
3
2
37
1
4
3
2
12
1
1
42
2
4
3
60
21
6
2
44
4
7
3
52
10
7
4
26
9
6
4
16
10
1
1
52
1
7
4
60
8
4
3
43
6
2
1
28
1
1
4
30
5
7
1
22
3
3
2
13
2
7
3
15
12
4
3
39
3
6
2
36
1
5
2
39
1
3
1
40
1
3
2
18
2
4
2
35
1
7
