4
38
3
5
1
47
2
2
4
52
7
1
2
25
3
6
2
31
1
3
2
44
1
5
3
6
4
6
4
1
9
1
2
17
3
3
1
1
2
7
2
18
2
3
3
68
9
7
4
29
1
3
2
17
2
7
1
27
1
4
3
52
7
1
3
11
22
7
4
37
14
6
1
37
2
3
4
7
6
6
2
4
2
4
4
33
8
2
1
13
9
3
2
71
2
3
4
60
4
3
2
32
2
7
3
9
15
4
3
7
2
1
3
22
5
1
2
34
2
1
3
16
4
7
2
66
2
6
3
33
15
3
3
43
1
2
2
13
1
6
4
61
10
5
3
41
2
1
4
60
7
6
4
35
3
3
3
55
6
1
1
22
1
7
1
52
2
6
4
43
9
2
1
33
7
6
4
15
18
5
1
11
2
5
4
11
25
7
2
16
1
2
3
2
11
7
4
39
9
5
1
2
3
7
1
71
1
2
1
25
3
1
2
65
1
4
3
53
1
1
2
23
2
2
3
47
7
6
4
35
4
2
1
55
1
4
2
6
2
4
1
14
1
1
4
26
1
5
2
30
2
2
3
6
1
2
1
2
1
7
4
7
4
3
1
9
12
4
3
55
7
6
3
43
5
1
4
54
5
7
1
4
7
2
4
45
6
2
2
60
3
5
2
53
1
4
1
38
2
6
2
42
4
6
3
30
11
6
1
31
13
2
1
33
8
2
1
66
2
2
1
29
2
3
3
1
5
4
2
37
2
1
3
38
9
6
1
7
8
3
4
42
1
7
3
27
1
4
1
32
3
3
2
12
2
4
4
2
9
4
4
22
11
7
3
60
17
2
3
35
6
3
2
67
1
1
1
38
1
2
2
54
2
5
1
23
2
3
4
12
5
3
4
47
12
3
4
18
25
6
3
37
4
1
1
5
1
3
1
42
2
3
3
16
8
7
1
63
2
2
4
25
2
2
3
63
1
3
1
49
1
1
3
71
1
2
1
32
4
4
4
31
11
1
4
13
8
1
1
34
4
5
1
67
3
7
3
10
6
7
3
36
13
6
3
5
1
5
1
65
1
3
3
33
22
5
1
47
3
7
3
12
3
5
2
66
3
5
1
39
3
7
2
16
3
3
2
29
2
5
2
47
2
6
2
55
1
4
2
9
1
7
2
61
3
3
3
29
12
4
3
18
12
7
3
66
2
6
4
45
3
4
2
28
3
3
4
32
3
4
4
4
18
5
4
40
2
7
2
65
4
6
1
1
1
6
3
37
7
4
4
65
1
4
2
26
3
3
3
22
1
4
1
54
2
3
2
52
7
3
2
45
3
4
2
49
2
2
2
39
2
2
3
14
4
4
1
16
1
7
3
40
6
2
2
38
3
1
3
28
3
7
1
60
1
6
1
23
1
5
3
30
27
5
4
17
24
7
2
61
1
1
2
2
3
3
3
65
18
4
4
25
6
3
1
36
1
7
4
63
5
6
4
17
8
1
1
43
1
7
1
15
5
6
1
68
3
1
2
1
3
1
2
25
1
4
3
25
4
2
4
53
13
2
2
8
1
5
4
11
7
7
1
5
2
1
2
18
1
3
3
15
9
2
2
11
3
3
1
41
2
6
4
5
12
2
4
6
20
1
1
26
2
2
2
15
1
5
2
5
2
4
4
12
4
4
3
41
1
4
1
37
1
7
4
31
15
1
3
53
7
2
4
4
9
2
3
54
1
4
1
40
1
6
1
9
7
4
3
38
4
5
2
42
1
4
2
41
4
7
3
61
9
2
2
55
3
3
1
31
6
6
1
25
1
3
4
16
12
6
2
22
1
4
1
61
2
5
4
27
8
6
2
31
4
2
4
32
2
3
2
7
3
1
4
3
18
4
4
42
3
4
4
66
3
2
2
22
2
7
2
3
1
2
4
28
8
5
4
49
7
5
4
39
5
4
4
26
8
3
2
53
2
4
1
29
1
5
3
12
4
6
1
14
16
2
2
41
2
5
1
63
1
5
4
33
5
2
1
71
3
2
3
39
7
5
3
61
7
2
4
10
2
5
4
41
3
6
4
8
7
1
1
41
1
3
2
1
2
5
3
42
4
2
2
27
3
4
2
11
2
4
1
61
3
3
3
23
5
1
2
49
3
6
2
45
2
3
1
7
6
6
1
28
3
2
2
30
4
7
4
27
1
1
2
12
3
2
4
44
18
3
4
14
3
1
3
3
6
6
4
71
4
5
3
29
9
5
3
60
2
7
1
44
2
7
3
31
29
6
2
60
1
7
2
27
2
5
2
43
4
2
3
13
8
7
4
52
17
4
3
8
11
4
3
34
11
7
1
40
3
1
3
25
8
6
1
39
1
4
2
43
1
1
4
5
22
3
1
67
1
5
2
39
4
3
3
26
1
2
1
44
3
6
2
9
2
3
2
68
4
1
4
44
9
1
3
47
6
5
1
26
1
5
3
35
8
5
1
53
2
7
1
36
3
3
2
34
1
4
4
29
4
4
3
2
6
5
2
4
1
4
2
13
3
5
4
49
8
4
4
47
4
5
1
3
6
3
3
54
2
3
2
68
1
6
2
6
1
1
4
8
18
6
3
44
3
6
2
54
1
7
1
8
10
5
2
35
1
2
3
49
1
4
2
14
2
2
1
35
2
3
1
43
3
2
1
45
1
2
4
43
8
3
1
30
6
6
3
65
13
5
2
28
1
1
2
8
2
2
3
44
7
6
1
34
1
5
1
22
2
1
3
71
5
4
1
60
2
2
2
52
1
3
4
68
12
3
3
52
9
7
3
67
24
1
3
14
23
1
3
23
4
3
4
68
16
6
1
54
1
7
3
28
11
2
4
28
12
2
1
10
6
1
1
68
2
3
1
6
2
7
4
37
7
5
2
47
1
6
3
7
3
2
2
35
3
1
4
36
9
4
4
71
6
6
4
1
10
3
3
13
4
4
2
5
3
6
3
31
4
1
2
36
4
6
3
4
28
2
2
2
1
1
2
26
1
7
2
44
3
4
1
28
2
1
3
67
29
7
3
27
4
3
3
17
17
4
3
11
26
6
4
65
10
7
3
17
16
4
1
65
2
2
2
40
1
5
2
38
5
4
4
3
7
7
4
66
2
4
3
42
3
6
2
37
4
7
4
22
15
1
3
49
2
4
3
8
3
1
3
34
6
1
4
55
12
7
1
35
3
4
4
30
4
3
1
12
17
2
1
18
5
2
3
5
3
6
4
61
9
4
4
2
11
4
4
6
13
3
2
40
3
7
1
8
7
1
4
41
2
6
2
15
3
5
3
40
1
5
2
33
1
1
3
32
1
4
4
40
1
4
3
18
9
7
1
12
10
7
4
10
1
4
4
63
10
4
3
26
7
2
3
68
13
4
4
34
10
1
2
36
3
3
3
45
4
7
4
23
23
3
4
53
1
6
4
18
23
5
1
13
2
1
4
15
10
7
2
3
3
7
1
3
4
7
3
3
4
2
2
14
3
6
4
9
21
3
4
38
5
2
2
33
3
1
2
7
2
6
4
34
6
4
4
36
13
6
4
30
2
6
1
30
21
6
3
45
6
7
4
14
1
3
1
42
1
5
3
36
1
4
3
66
8
1
1
11
7
5
3
63
10
5
1
6
1
3
3
39
8
2
4
9
13
6
3
15
2
3
1
55
2
5
1
52
3
2
1
27
2
3
1
45
2
3
1
49
2
6
1
15
2
7
3
10
18
4
1
18
7
6
4
54
12
3
4
55
10
6
3
4
13
2
4
16
9
1
2
23
3
3
2
71
3
3
3
9
25
2
1
4
3
5
4
67
13
1
2
29
1
6
2
10
1
1
1
17
5
7
1
17
14
3
3
1
3
7
1
66
1
6
1
53
1
3
2
67
2
3
2
63
3
1
4
23
24
7
3
32
11
6
4
67
26
6
2
32
3
5
2
63
1
2
1
16
4
4
4
13
15
1
2
10
3
3
1
10
1
6
