3
44
5
6
4
40
6
4
2
26
2
7
4
38
9
2
1
38
1
1
1
4
6
4
2
15
2
3
3
27
15
2
1
30
21
6
4
41
2
1
4
36
4
1
3
33
9
2
1
35
2
4
3
67
1
3
4
52
9
1
4
41
1
3
1
13
8
7
3
37
10
6
2
6
3
4
4
38
1
7
2
40
3
5
3
10
9
4
4
8
3
2
2
28
3
5
2
2
1
5
1
61
1
1
4
44
18
1
4
1
2
1
4
6
2
7
2
71
3
3
4
16
10
3
4
27
2
4
2
17
2
4
4
15
18
6
2
49
2
4
3
26
2
5
2
27
3
3
4
52
17
4
4
29
4
7
1
53
1
4
4
53
15
1
4
12
2
5
2
5
2
6
4
17
1
5
2
16
2
1
2
54
1
4
4
2
5
5
4
42
4
2
1
1
3
5
4
23
3
4
1
37
2
4
1
40
2
6
3
4
23
3
3
18
5
3
3
4
25
1
2
42
3
3
1
67
2
6
1
16
4
2
4
68
20
6
2
43
1
1
2
5
3
6
2
53
1
1
2
61
3
3
1
67
3
1
2
33
2
3
1
66
3
7
3
60
8
2
1
52
3
2
4
2
1
7
2
71
2
2
2
28
2
2
2
67
2
5
3
54
2
3
3
49
2
5
2
42
1
5
1
2
2
2
4
36
13
6
3
61
10
5
1
8
17
3
3
9
7
3
2
8
1
1
3
29
5
4
3
7
5
2
2
38
1
1
1
6
1
5
3
40
2
4
1
25
3
4
4
28
8
6
1
60
1
1
1
15
1
5
4
9
5
1
2
10
1
5
1
55
1
6
4
66
5
5
1
17
9
3
1
60
2
2
1
3
7
4
4
13
12
5
2
27
2
1
4
66
4
6
1
10
1
6
2
10
2
3
1
44
3
5
4
67
10
1
1
14
11
5
2
39
4
7
1
42
2
3
3
61
2
5
4
31
12
1
2
61
1
5
2
18
1
2
4
53
2
1
4
55
3
3
4
39
8
5
1
14
10
2
4
4
4
4
4
37
2
4
4
11
18
3
3
3
1
1
3
32
4
3
2
40
2
3
1
47
3
5
3
65
19
6
1
37
1
4
1
43
2
1
4
61
10
3
3
37
3
6
3
12
4
2
1
45
2
7
3
29
1
7
2
47
4
2
3
45
6
5
2
68
2
5
2
7
1
2
3
8
15
7
2
43
2
5
1
10
4
1
3
10
8
3
4
54
4
1
3
47
8
7
2
13
2
3
1
47
1
2
2
45
2
1
4
32
4
5
2
36
4
1
3
52
10
7
2
60
3
6
2
9
2
2
4
45
5
2
4
65
11
6
2
18
4
3
3
23
19
1
3
35
3
5
4
26
2
1
3
42
1
1
2
25
2
1
4
31
6
4
2
30
3
5
2
49
1
5
1
35
1
2
1
53
2
5
1
4
1
6
3
38
2
7
3
68
1
7
4
18
3
7
3
13
5
5
4
23
24
1
1
9
4
6
4
22
11
1
1
55
2
2
2
45
4
1
3
39
5
4
3
3
6
1
3
71
2
5
2
32
3
5
4
13
9
2
2
35
3
3
4
34
7
1
1
29
1
3
3
25
7
3
2
31
5
2
1
32
1
6
4
35
5
2
2
31
1
5
3
55
11
5
2
1
1
4
4
14
22
4
1
26
1
4
1
34
3
1
4
1
14
3
3
41
2
6
3
13
2
4
3
8
8
6
1
33
6
4
4
68
25
2
3
26
4
3
4
71
5
7
3
63
8
3
2
8
3
4
3
1
9
1
2
68
1
3
1
45
1
2
3
63
10
6
3
55
6
5
2
16
1
3
4
67
24
3
4
47
7
4
3
67
27
1
3
6
2
2
1
38
2
7
3
53
3
2
3
23
8
6
3
43
6
1
4
25
7
2
2
53
3
1
3
40
1
4
3
41
4
3
1
68
2
5
2
12
2
1
2
36
1
2
4
30
3
1
1
44
1
4
1
12
4
2
1
40
3
5
1
17
1
2
4
9
6
5
4
49
6
3
1
65
1
1
3
36
8
1
2
7
2
3
2
37
1
7
4
47
12
3
1
65
2
1
2
37
2
4
1
25
2
4
2
4
3
1
2
34
2
7
2
63
1
6
2
2
2
5
3
30
11
4
1
41
1
5
2
63
2
2
2
22
3
2
4
17
9
6
1
31
18
2
1
68
1
1
3
66
1
7
1
66
1
4
4
6
24
5
1
30
14
3
4
39
9
4
4
25
9
3
1
42
1
1
2
60
1
6
4
35
1
6
1
15
4
7
4
3
14
3
1
63
2
7
3
28
12
2
2
47
2
6
2
34
1
4
3
12
1
7
1
29
3
5
3
52
18
1
2
3
3
7
1
2
3
6
1
22
3
5
1
36
2
4
1
33
1
2
4
61
2
7
2
66
2
3
1
11
5
3
3
25
6
6
3
34
7
3
2
17
3
1
1
23
1
6
3
65
3
3
3
5
1
1
1
13
1
6
2
29
2
7
1
7
3
5
3
68
14
4
3
7
2
1
3
35
6
4
3
14
13
4
3
17
9
2
3
36
1
2
3
6
5
6
4
11
15
6
2
66
1
3
1
23
2
2
2
13
1
3
2
54
2
2
4
10
18
3
1
28
3
1
4
60
5
2
2
41
4
2
3
28
1
2
1
7
8
2
2
41
5
5
2
11
3
3
4
34
5
4
3
44
10
5
4
71
4
3
3
22
7
7
4
7
9
5
3
32
9
6
3
38
10
2
4
7
1
4
2
38
5
2
1
9
8
5
3
39
3
6
4
45
3
7
4
43
12
6
3
16
2
7
1
49
2
6
2
23
3
5
1
32
3
1
3
60
9
3
2
35
1
1
3
31
23
1
3
45
2
6
1
52
1
6
3
31
10
7
3
22
1
2
2
3
2
6
3
18
7
6
2
12
3
5
2
11
2
5
2
29
3
2
1
3
1
2
3
2
8
7
4
49
5
6
3
47
3
3
4
3
22
2
4
43
10
6
3
1
3
3
1
6
2
3
2
52
6
6
2
25
1
2
4
55
7
6
4
54
2
2
3
5
3
5
2
55
2
2
3
15
3
6
1
22
1
3
2
52
3
7
1
8
14
5
3
33
19
3
2
65
1
1
4
63
5
3
1
26
3
1
3
30
2
7
2
33
3
5
1
39
2
7
2
4
1
6
4
22
18
3
1
1
2
6
1
71
1
3
4
15
9
6
2
6
1
4
4
14
8
2
4
29
5
3
4
12
10
4
2
1
2
4
1
36
1
4
2
55
3
7
1
11
10
5
3
15
17
4
3
11
20
1
1
5
1
3
1
63
1
4
1
28
2
6
3
66
5
6
3
16
1
6
4
28
13
2
1
41
2
5
1
49
1
7
4
27
6
7
1
54
2
3
1
39
4
4
3
17
2
1
1
18
11
2
3
27
1
7
1
71
2
4
2
14
1
7
1
34
11
6
1
27
2
6
4
40
4
1
2
26
1
6
4
33
1
2
4
5
2
1
1
16
2
3
3
42
4
2
1
43
1
1
4
5
11
2
2
23
1
1
3
49
4
1
1
12
11
1
4
60
7
3
3
43
1
2
4
8
13
3
4
44
17
7
4
33
2
3
4
18
6
6
4
16
6
4
2
15
1
5
1
54
1
3
3
34
5
5
4
4
24
3
2
44
1
4
1
18
12
1
1
31
9
5
2
22
1
3
4
65
15
7
4
30
7
4
2
9
3
3
4
63
8
7
4
32
12
1
3
9
15
7
2
67
1
4
4
42
1
2
4
26
10
7
3
11
23
1
2
39
3
3
1
61
2
7
3
54
1
3
2
65
3
4
1
5
2
2
2
14
2
4
3
71
4
4
2
30
5
6
3
53
7
4
3
14
22
5
2
44
5
5
2
32
1
2
4
10
21
6
4
37
3
1
1
27
1
1
3
2
2
2
