1
3
4
4
3
17
10
1
4
17
11
2
2
42
4
1
3
33
13
4
1
14
4
6
3
27
11
7
1
22
2
6
2
49
2
4
4
71
3
7
4
39
2
3
2
32
3
5
1
63
2
5
4
55
3
7
1
71
2
1
2
6
3
4
1
43
3
7
1
55
1
3
2
4
1
1
2
45
2
2
2
9
2
2
2
16
2
7
4
14
22
4
2
53
3
5
4
1
1
7
2
44
3
5
4
43
4
7
2
16
1
4
3
2
7
6
2
65
2
2
4
67
23
4
3
18
22
6
4
49
6
4
2
35
1
7
2
43
2
7
4
40
4
6
3
28
1
4
1
25
3
1
3
26
6
2
3
26
11
1
3
30
22
5
4
53
13
5
1
12
13
2
2
7
3
1
1
9
13
4
3
14
9
6
1
22
3
7
3
40
1
2
2
26
2
6
1
25
1
1
2
61
3
3
3
49
3
4
1
16
6
4
1
27
1
1
2
10
2
4
1
55
2
5
2
43
3
7
2
45
3
3
1
54
3
6
4
26
10
7
3
7
5
1
2
5
1
5
1
35
2
6
3
9
23
1
3
22
6
4
1
14
6
7
3
60
13
3
4
3
5
6
3
5
2
2
2
30
5
2
4
31
4
5
3
52
2
6
4
13
12
1
2
25
3
1
2
5
2
2
2
47
3
4
1
34
9
1
1
18
9
7
3
67
25
1
3
8
13
7
2
49
1
3
3
40
4
1
2
22
3
4
1
36
2
4
4
47
13
2
2
10
1
1
2
12
3
5
1
23
1
7
2
39
4
3
1
35
1
3
2
13
1
6
3
1
8
1
4
61
2
4
2
11
1
5
3
37
8
2
4
37
6
3
3
66
6
6
4
2
11
3
2
27
3
2
2
18
4
6
1
7
3
6
2
55
1
2
4
55
9
1
3
66
9
6
3
33
16
5
4
9
29
5
1
38
2
4
3
8
10
5
3
30
23
6
3
34
9
2
2
63
3
5
2
39
3
7
4
29
10
6
3
22
10
3
3
1
10
3
2
54
1
2
3
53
6
1
1
31
12
2
3
38
9
3
2
37
1
7
3
67
14
1
2
33
3
2
1
13
7
1
2
40
2
1
2
12
2
2
1
44
4
1
3
13
5
3
4
45
14
2
3
38
2
7
2
13
2
1
3
17
7
7
3
71
1
7
4
12
5
1
3
43
8
7
1
40
1
1
4
25
7
5
2
44
4
2
4
23
1
2
1
4
5
2
2
32
4
1
4
71
2
7
1
47
2
5
1
28
3
3
1
18
8
5
3
45
5
5
1
52
1
4
1
65
2
2
3
63
11
6
4
1
3
4
4
30
1
3
2
38
1
6
4
10
26
4
3
23
9
3
4
60
8
6
3
11
24
6
1
15
3
6
4
52
15
4
3
32
12
6
2
34
2
2
4
25
4
6
2
2
3
3
4
63
3
7
4
52
6
6
1
6
2
3
2
28
2
5
1
10
2
3
2
29
2
5
3
54
2
1
4
33
1
1
4
18
17
6
3
45
6
6
3
68
14
3
4
33
3
3
4
42
4
7
4
22
2
1
4
41
4
2
1
13
5
2
1
61
3
6
2
67
1
2
3
37
4
1
2
8
3
4
3
25
1
1
2
27
1
7
2
29
3
3
1
23
2
7
2
65
3
4
3
29
12
4
2
71
1
1
2
61
2
7
4
54
10
6
1
16
1
3
4
42
2
6
4
26
5
2
3
55
10
5
1
7
9
1
2
53
1
5
2
22
1
1
4
3
1
1
3
61
6
2
1
41
1
6
1
54
1
5
2
40
4
7
4
13
7
3
3
41
1
1
4
11
5
1
3
60
32
3
3
28
14
6
2
47
1
2
2
14
3
4
1
52
2
1
4
23
2
5
1
68
2
6
1
63
1
1
4
30
7
7
1
28
1
2
2
8
2
6
3
54
1
5
2
68
1
7
1
49
1
2
3
39
1
2
1
49
2
7
2
7
2
2
1
60
2
2
1
42
1
4
2
60
3
3
3
4
1
6
4
15
6
7
1
47
1
6
3
6
1
1
1
31
17
6
3
9
3
7
4
9
24
4
2
14
2
1
3
41
3
2
2
67
2
2
1
36
3
3
3
53
4
6
3
4
18
7
1
41
2
5
1
4
1
2
2
15
3
2
2
25
2
5
1
2
7
7
4
34
11
2
2
63
1
3
1
27
2
1
4
2
3
4
3
42
3
4
2
66
1
4
1
11
8
2
3
47
2
3
2
9
3
3
3
12
2
2
4
18
25
1
2
31
2
2
1
26
3
3
1
53
2
2
3
10
25
5
1
8
16
6
4
43
8
4
1
42
2
7
4
37
5
6
4
66
2
7
1
12
11
6
3
36
12
6
1
45
2
1
4
66
4
3
2
4
3
1
3
25
7
7
1
38
1
3
3
43
4
3
2
36
5
6
3
63
5
7
1
66
3
5
1
34
7
7
3
32
7
6
4
11
27
2
3
31
16
1
3
3
7
6
4
38
5
1
1
17
1
1
1
39
1
3
2
30
4
7
1
33
7
2
4
39
6
3
4
4
22
1
4
27
7
2
2
23
1
6
2
52
4
7
1
30
12
5
3
35
7
7
4
35
5
4
2
28
3
7
2
38
3
7
4
49
2
7
1
33
5
2
3
49
6
1
2
52
6
4
2
71
3
3
4
4
12
3
2
31
5
7
4
36
11
3
1
5
2
2
2
6
1
1
1
30
7
7
3
42
2
7
4
61
11
5
2
2
2
2
2
41
3
4
4
12
1
4
1
15
5
5
1
68
1
4
4
7
4
4
1
39
4
2
1
2
2
2
1
29
3
4
4
10
16
4
1
1
3
5
3
52
16
4
1
26
2
1
4
44
17
2
2
18
1
2
4
5
16
2
1
11
4
7
4
16
4
4
3
35
5
3
2
3
1
7
3
44
9
4
3
15
3
5
1
32
6
3
2
42
2
6
3
65
6
7
4
6
8
6
2
11
3
2
2
3
2
1
4
44
19
1
1
43
1
5
3
16
4
5
1
37
1
1
2
17
1
6
3
71
4
1
4
45
7
2
4
41
1
2
2
35
3
5
4
34
1
5
1
29
1
3
2
36
3
3
1
17
10
3
3
7
2
7
1
65
1
2
4
8
19
7
4
7
2
4
2
54
2
5
4
38
3
2
3
6
2
3
4
67
7
5
4
53
4
7
4
47
17
3
4
15
24
1
2
34
3
6
3
2
5
3
1
61
2
5
1
71
1
7
4
65
4
7
4
63
4
3
1
3
9
7
4
6
14
6
4
36
8
7
4
68
2
4
4
31
1
1
1
37
2
4
1
67
1
5
3
31
13
2
3
11
14
4
2
26
4
1
3
13
9
5
1
45
1
4
3
55
4
4
3
5
1
6
4
40
6
5
3
3
8
2
3
29
15
6
2
55
3
6
3
12
4
4
3
15
4
6
4
32
1
4
3
10
11
3
3
68
11
5
4
16
8
4
4
65
2
1
1
67
3
3
4
27
2
1
3
34
4
7
4
17
8
4
3
14
12
4
2
66
2
3
3
27
7
2
4
28
1
2
4
54
11
1
3
47
6
4
1
9
3
2
3
44
3
7
4
14
3
5
2
37
4
7
3
23
13
4
4
35
2
7
3
61
7
1
1
8
17
6
4
32
6
6
2
15
2
4
1
10
4
5
2
17
3
6
2
68
2
2
2
1
3
7
2
23
2
1
1
32
4
4
3
36
3
6
1
5
1
7
1
40
3
2
2
60
2
6
4
22
5
3
2
1
1
6
2
41
1
1
1
66
1
1
3
16
3
2
1
6
1
6
4
5
3
5
3
65
19
7
4
60
6
2
1
1
1
6
1
53
1
4
3
18
23
5
4
8
17
7
1
60
1
2
4
29
9
1
3
39
7
1
4
28
12
4
1
44
2
6
2
33
2
6
4
68
7
2
