3
23
3
4
4
18
5
5
2
17
2
3
3
54
1
4
1
38
1
2
2
54
2
5
1
37
2
5
4
7
8
6
3
40
1
3
3
53
5
5
3
65
13
7
1
63
1
5
3
63
8
4
3
11
10
6
1
37
1
4
4
45
7
4
4
65
13
6
2
63
2
5
1
39
2
2
1
3
4
3
2
41
4
4
4
44
17
5
2
66
3
6
4
29
8
7
4
61
10
6
2
32
4
3
1
10
4
5
3
44
9
1
4
41
2
3
3
45
2
4
3
18
1
6
3
61
1
7
2
23
1
4
2
52
6
1
4
33
7
3
3
7
3
2
4
13
4
6
3
10
5
4
1
9
8
5
3
52
14
2
1
13
6
1
2
29
1
7
2
71
2
4
3
32
6
1
2
11
1
6
1
41
3
4
3
4
24
5
1
60
2
1
3
34
5
1
3
3
3
4
2
67
1
6
1
4
3
4
2
36
5
6
4
6
17
4
3
40
3
5
3
41
1
6
4
45
9
5
3
30
13
3
3
39
3
5
1
40
1
2
1
61
2
3
2
60
3
3
1
26
3
4
3
42
3
5
3
45
1
1
3
16
8
1
2
25
1
3
2
71
3
2
4
16
12
7
1
44
4
1
4
63
11
6
2
1
3
7
1
52
1
3
4
40
6
1
4
52
14
5
4
66
5
4
3
34
9
2
1
47
3
4
2
40
2
3
4
31
12
3
3
71
4
4
1
8
2
7
3
49
6
6
3
43
2
4
4
61
1
2
3
43
6
1
3
63
13
5
1
41
2
1
4
12
5
1
4
8
2
6
2
31
1
2
2
18
1
5
4
36
5
2
1
5
2
4
1
13
8
1
4
63
3
2
4
3
18
5
3
38
3
5
3
37
6
3
2
1
1
3
1
15
5
1
2
47
2
5
3
42
4
5
4
9
16
2
3
1
8
3
4
36
15
6
2
18
3
6
1
17
12
7
4
22
11
2
3
52
1
5
3
32
10
4
4
2
10
6
2
68
2
2
4
11
31
5
4
17
11
3
3
2
10
4
3
47
1
3
1
14
10
2
3
12
4
3
2
61
1
3
1
39
1
1
2
29
2
3
4
37
3
4
4
14
22
2
4
67
24
1
1
67
1
6
4
4
26
7
4
11
22
3
2
30
1
3
3
8
15
5
3
68
16
4
4
23
2
3
3
28
7
1
4
55
10
3
1
71
3
4
2
38
5
3
2
23
3
5
1
26
1
6
1
43
3
1
4
47
4
6
2
17
3
3
1
61
3
5
4
54
9
2
1
36
1
2
4
65
6
6
1
1
3
4
3
15
5
7
2
67
2
6
3
36
4
4
4
47
2
4
4
68
3
4
3
67
8
5
4
54
8
5
3
30
21
5
2
33
2
6
4
18
14
7
1
68
1
7
2
22
2
6
3
53
8
6
2
9
3
4
4
42
5
7
3
61
9
6
3
9
32
1
1
68
3
4
1
3
1
4
2
49
2
5
3
39
7
2
1
2
5
7
2
68
1
2
3
16
1
1
4
25
7
3
2
7
3
6
4
5
25
4
3
25
1
2
2
36
1
2
1
27
1
3
4
53
4
4
1
55
2
1
1
11
2
1
1
55
1
3
2
3
1
2
4
15
14
3
3
26
8
3
2
27
2
3
4
28
1
5
3
36
2
7
4
27
7
5
2
4
3
7
1
10
6
3
1
49
2
6
3
7
5
2
2
53
1
4
2
65
3
7
3
31
21
5
4
32
12
6
3
27
2
6
1
54
3
3
2
3
2
7
4
1
5
7
2
44
2
7
1
31
10
5
1
33
5
6
4
68
21
1
2
61
3
5
4
30
3
6
1
23
2
6
1
25
3
6
4
60
4
2
4
66
3
1
2
45
3
2
2
63
1
3
2
55
1
5
1
67
2
6
3
28
12
3
2
11
2
7
2
39
1
5
2
8
3
4
1
15
4
6
2
45
2
1
3
9
14
5
3
37
1
7
1
53
2
3
4
7
6
7
3
29
1
7
3
66
9
4
3
49
4
3
3
13
2
1
4
40
4
2
1
28
3
1
1
30
17
3
4
55
7
2
1
7
3
3
2
12
2
4
3
26
4
3
4
43
2
7
3
4
28
5
1
34
10
1
4
39
6
2
3
60
31
6
4
41
3
2
2
41
2
1
4
32
7
7
2
16
2
4
3
71
3
4
2
26
2
3
2
26
4
5
2
49
4
3
2
10
1
3
2
6
2
7
4
30
8
6
4
15
12
5
4
53
2
4
1
22
1
4
2
15
1
4
3
55
4
4
3
6
6
3
2
65
1
6
2
2
2
4
4
39
8
4
1
35
1
3
2
33
3
4
2
60
1
4
2
34
1
1
3
17
4
4
3
5
2
1
4
33
10
2
2
44
4
7
2
34
2
5
3
6
4
6
1
49
1
3
4
38
8
1
1
42
2
5
1
71
2
7
2
12
3
7
2
40
3
6
1
38
2
2
3
44
2
5
3
38
4
2
2
14
1
1
4
26
3
4
2
22
3
5
3
12
5
6
3
10
8
4
4
42
3
1
1
4
1
7
4
23
4
6
1
23
1
6
2
38
4
2
2
13
2
5
1
1
2
5
1
34
2
4
2
7
1
1
1
30
11
1
2
27
1
4
4
34
8
1
4
9
11
3
2
42
2
1
1
47
2
2
3
17
5
5
1
6
2
5
2
35
1
1
2
37
1
2
4
49
7
7
4
5
27
6
1
53
1
5
4
60
1
7
3
68
14
3
3
5
1
2
1
32
2
3
1
29
3
3
1
32
4
4
4
49
8
6
1
2
7
3
1
16
7
6
1
9
4
1
4
37
12
3
4
71
5
2
3
33
12
5
2
25
3
1
3
14
19
7
2
10
3
1
3
55
2
5
2
28
1
6
1
66
2
1
1
25
2
7
2
39
4
1
2
4
2
2
1
29
1
2
4
35
4
4
4
31
9
3
3
14
21
2
2
30
4
6
4
38
6
7
2
32
3
4
3
54
2
5
4
6
31
3
4
35
2
6
4
67
12
3
2
54
1
5
4
25
6
6
2
15
3
4
3
47
9
1
3
23
8
1
1
42
1
5
1
12
7
6
3
35
4
5
3
60
13
2
4
12
3
1
3
66
2
2
1
18
12
3
3
29
3
7
1
6
1
4
2
55
2
1
3
18
24
4
1
18
9
1
4
14
24
5
2
28
2
6
1
60
1
2
2
13
3
7
4
13
3
7
1
17
14
3
1
7
5
2
1
22
3
4
3
41
2
2
1
11
8
3
1
33
1
5
1
31
11
6
3
33
22
5
1
45
1
6
2
9
1
7
3
35
6
7
4
26
9
2
2
8
2
5
4
17
26
2
3
1
9
7
2
5
1
2
1
27
2
7
1
63
2
6
3
67
22
6
1
43
2
3
1
52
3
1
1
65
2
2
2
31
4
6
2
43
3
7
4
43
3
1
2
16
1
2
3
2
8
4
1
54
1
2
3
13
4
3
4
3
1
2
1
40
2
2
1
5
1
5
2
14
3
6
1
16
2
3
3
3
8
6
4
28
6
2
4
8
10
4
4
4
23
1
1
66
1
1
1
45
2
6
1
28
2
4
1
8
6
2
4
52
9
5
2
35
2
6
1
14
13
1
2
66
2
1
3
65
16
4
3
25
2
3
1
44
1
5
4
10
15
7
4
34
1
1
3
27
17
1
1
35
4
1
3
22
9
5
2
47
3
7
3
11
23
3
2
53
2
5
1
65
1
5
4
29
15
5
3
22
12
4
2
42
1
7
2
43
2
4
4
22
4
3
2
5
2
5
2
52
4
6
4
71
4
4
2
6
3
3
4
16
11
2
4
10
19
2
3
15
7
1
4
27
4
6
3
31
1
4
2
37
4
2
4
2
5
7
1
12
8
1
1
36
2
7
4
1
9
2
3
8
8
3
4
44
5
4
2
2
3
6
