2
41
5
2
2
25
1
4
2
11
2
3
3
63
7
1
1
3
5
6
1
12
7
7
3
55
5
4
4
53
4
7
2
16
1
4
4
2
11
1
2
26
4
1
2
39
2
6
1
15
1
3
4
44
8
3
3
12
1
5
4
7
3
6
2
27
2
6
3
39
7
6
4
67
25
7
1
10
7
3
3
37
9
5
4
34
13
1
3
18
19
3
2
34
3
5
3
35
8
2
3
31
1
6
1
55
2
2
3
45
7
4
4
27
1
3
4
36
11
6
1
66
3
7
4
63
12
7
4
63
4
4
2
30
5
1
2
35
1
3
4
27
10
3
4
11
16
7
3
52
15
1
4
31
29
4
3
34
5
2
3
40
3
5
4
36
1
5
1
36
3
2
4
47
6
6
4
30
5
4
4
29
15
4
4
5
16
6
3
17
1
4
3
42
3
7
3
33
10
7
2
40
1
6
1
67
1
2
3
6
5
3
1
36
2
6
1
29
2
6
3
34
9
7
4
38
7
3
1
32
1
1
1
37
1
3
3
55
8
7
4
6
13
5
2
6
3
1
4
33
6
5
2
4
3
4
2
5
2
5
4
13
14
5
3
43
3
3
4
39
8
7
4
17
7
7
4
35
2
3
4
7
6
1
3
8
8
7
2
38
4
4
4
17
15
5
3
2
9
4
2
52
6
5
4
2
4
3
3
60
15
7
3
3
1
5
3
44
7
3
3
41
3
3
1
11
10
5
1
8
2
2
1
43
1
5
3
43
8
2
4
26
9
7
3
7
3
7
3
7
5
7
1
44
1
4
4
61
5
6
2
2
1
2
1
38
2
2
1
22
3
5
3
29
14
6
4
10
27
5
2
40
3
4
4
65
6
6
4
55
2
6
1
26
1
7
4
66
3
2
4
37
9
2
3
31
17
3
4
25
4
6
1
60
2
6
4
22
7
2
1
54
2
1
4
37
7
6
1
5
1
4
3
11
25
7
2
9
2
7
2
43
3
3
3
4
1
6
2
38
3
7
1
23
1
1
1
18
3
3
3
63
10
5
1
4
3
5
2
13
1
5
2
3
3
5
4
10
21
2
3
66
9
3
1
25
2
4
2
12
2
2
1
71
2
6
1
22
1
5
3
36
1
2
4
54
10
3
2
37
3
4
3
30
8
4
1
37
2
6
4
3
7
6
2
66
3
6
1
28
3
3
3
25
3
7
3
54
1
5
3
17
17
6
3
67
9
2
4
61
2
2
3
29
16
7
2
61
2
6
3
53
8
7
1
11
5
7
4
32
6
3
2
30
1
6
2
53
3
4
1
1
1
6
2
63
3
2
2
54
2
2
2
65
4
1
3
35
3
2
3
12
6
5
3
65
5
4
2
17
1
6
3
11
22
2
2
29
3
2
2
7
2
6
1
7
8
6
1
16
5
6
3
54
2
2
2
2
2
4
2
26
3
5
1
27
2
7
4
39
5
1
3
16
4
3
2
14
2
3
1
49
2
4
3
32
6
5
1
29
1
6
4
4
17
2
4
34
6
6
3
4
20
5
1
5
2
5
1
61
3
3
4
65
1
4
1
27
3
1
2
36
4
1
2
18
4
6
4
18
15
6
1
10
1
6
2
5
3
1
3
67
6
7
4
42
4
5
2
32
2
4
3
23
3
1
2
42
3
7
3
33
7
7
3
22
11
6
2
18
2
5
2
42
4
3
4
52
16
6
3
60
11
3
2
28
1
4
4
22
2
5
2
53
2
1
2
52
3
4
1
8
11
3
4
45
5
2
3
10
5
5
2
45
3
6
4
14
7
4
4
16
6
7
4
41
1
7
1
66
1
2
1
39
4
5
3
1
8
6
3
13
2
6
2
44
2
5
3
61
8
7
3
71
4
1
2
47
3
2
1
49
1
5
1
13
5
2
4
55
8
3
4
9
32
1
2
27
3
7
1
43
3
7
1
71
1
7
1
25
1
6
3
38
8
6
2
15
2
1
4
12
9
6
2
16
2
6
4
33
11
3
2
8
1
4
3
23
17
2
2
3
2
3
4
35
1
3
1
32
3
3
4
54
2
4
3
37
11
4
4
11
31
6
1
9
13
6
2
67
1
1
1
52
2
4
1
41
2
3
1
34
9
1
2
33
1
6
1
45
2
5
3
45
2
7
2
55
3
6
2
49
3
6
1
61
1
6
1
55
1
2
4
49
3
7
2
61
3
6
1
6
2
2
1
17
6
3
4
8
8
7
4
68
9
6
1
34
6
5
3
66
2
3
2
34
2
7
4
31
23
1
1
53
2
3
2
8
2
2
1
31
13
3
4
49
5
6
3
68
4
4
4
6
23
6
2
1
2
5
4
28
1
4
3
27
5
5
4
18
2
1
2
12
1
1
1
30
14
5
2
71
2
2
1
1
3
2
2
43
4
6
2
10
1
3
1
54
3
4
1
14
21
1
4
15
27
4
4
25
2
7
2
15
1
2
1
42
1
4
1
2
5
2
3
49
1
6
3
36
2
2
2
23
2
7
4
28
6
3
2
7
3
7
2
36
5
4
4
40
8
2
4
30
3
2
4
16
10
6
4
71
5
2
3
5
1
1
1
65
2
4
1
52
3
2
1
67
2
6
4
42
3
3
3
15
10
5
4
47
17
7
1
33
6
3
3
28
3
5
1
38
3
3
4
60
9
3
1
16
4
2
2
39
1
6
1
45
1
6
2
65
3
2
3
26
2
4
4
26
2
6
1
47
2
5
1
4
7
5
3
47
2
1
2
44
5
1
2
49
4
3
4
5
22
2
1
18
8
4
1
23
3
3
1
35
3
3
3
40
2
5
4
66
5
3
3
22
10
6
4
13
1
7
3
2
11
1
2
68
2
5
3
13
5
1
3
1
1
1
2
6
1
2
1
6
1
3
4
68
21
4
1
68
1
1
4
40
7
3
1
40
1
6
2
33
2
3
4
12
2
3
3
65
2
6
4
45
4
3
3
68
11
5
3
3
9
3
2
32
3
3
3
42
1
2
3
16
3
2
1
13
7
6
1
53
1
1
2
35
3
4
3
9
27
6
1
35
1
5
4
41
4
3
4
38
2
4
2
47
1
2
1
31
2
1
1
14
5
3
2
37
2
2
2
28
3
1
2
66
2
5
4
29
5
5
1
68
3
6
1
9
12
5
3
30
13
3
4
4
4
4
1
26
3
4
2
9
1
5
3
6
1
1
2
31
2
4
3
49
8
6
2
67
2
3
3
25
5
2
2
17
2
4
2
68
4
5
3
53
2
4
4
3
13
6
3
27
2
6
3
14
6
7
2
10
3
3
4
23
1
3
2
4
1
4
3
71
2
1
4
23
11
2
2
11
1
1
1
42
2
6
4
1
13
4
1
30
12
5
1
41
3
7
1
12
12
7
4
43
12
3
4
9
28
7
1
60
1
7
4
44
2
5
2
25
2
4
2
41
2
4
1
28
1
5
4
60
5
4
1
39
2
6
3
38
7
5
3
15
1
6
3
39
9
6
2
22
3
3
3
61
2
5
4
8
1
5
3
26
5
3
3
28
9
1
3
52
12
1
3
5
5
5
1
63
2
1
2
23
3
2
4
15
9
1
2
60
2
3
2
55
2
6
1
33
7
6
1
40
3
7
1
47
3
4
2
31
4
6
2
22
1
4
1
7
6
7
4
1
10
7
2
14
3
7
4
71
6
3
3
14
18
2
3
9
9
3
1
15
5
1
4
53
14
5
1
3
11
5
4
67
32
7
1
63
1
4
1
17
10
6
3
44
2
1
3
32
4
6
2
13
2
2
3
41
2
6
2
71
3
3
2
60
1
2
3
10
18
6
2
29
2
4
2
54
1
7
3
8
7
1
4
32
2
4
4
52
2
7
3
18
4
2
4
14
24
4
2
1
3
2
2
45
1
1
3
47
6
5
4
43
4
1
2
63
2
6
1
65
1
6
1
2
6
6
1
44
2
4
