2
40
3
3
3
15
17
6
2
41
1
4
2
38
4
5
3
14
18
7
4
26
3
4
3
40
6
1
1
28
2
1
3
27
10
5
2
67
1
3
3
44
9
5
2
26
2
6
2
49
3
1
2
54
1
6
4
9
19
6
1
10
6
2
1
16
3
7
1
27
3
5
1
38
3
2
3
31
12
6
4
44
15
7
3
67
30
1
3
37
5
2
2
44
2
7
4
60
6
2
3
2
5
2
4
15
6
7
2
9
2
1
2
42
4
2
1
45
1
4
3
67
29
6
1
66
1
5
3
17
1
5
2
15
1
5
3
37
1
2
4
11
18
4
3
31
13
4
4
29
2
6
2
34
3
5
4
17
23
5
3
71
5
1
3
22
8
4
1
30
5
4
4
35
2
1
1
15
5
6
1
65
1
2
4
10
22
1
3
13
8
3
1
17
6
1
4
55
4
3
1
38
2
1
1
8
12
2
4
37
3
4
1
47
1
1
3
38
8
3
4
36
6
6
3
25
9
5
4
4
25
4
4
34
9
4
2
52
7
2
4
65
10
7
4
10
6
5
2
14
3
2
3
12
4
1
2
61
3
6
1
2
1
7
1
66
3
5
3
47
6
6
1
26
2
4
1
39
4
3
3
66
2
7
3
38
11
6
2
71
2
4
1
34
3
2
4
6
2
1
3
1
6
6
1
9
13
4
1
12
18
1
1
6
1
4
3
7
2
1
1
29
1
1
2
2
2
5
2
12
2
2
3
8
3
6
1
44
4
2
3
11
5
1
3
54
1
7
1
67
2
1
1
49
1
7
4
1
13
6
4
28
10
6
2
68
4
1
4
5
6
5
3
30
10
7
3
6
4
1
2
6
2
2
1
18
8
5
3
49
7
7
1
65
2
4
4
8
13
4
1
39
3
7
2
22
1
5
4
3
19
5
4
27
12
1
4
43
12
4
2
39
3
3
1
31
18
5
1
23
3
4
2
66
2
3
3
63
5
2
4
25
6
7
2
3
3
3
4
67
15
6
1
30
20
3
2
15
3
3
2
47
1
7
4
2
12
5
3
60
18
6
2
1
2
4
3
36
13
2
1
11
7
1
3
10
25
4
2
4
2
1
2
30
2
1
3
68
13
5
4
18
8
1
1
34
1
3
3
65
20
4
3
3
2
7
2
8
1
6
3
49
3
7
3
39
1
1
3
28
1
6
3
68
17
5
2
27
3
5
3
13
3
7
3
35
1
6
2
10
1
2
1
5
2
2
2
39
1
1
2
67
2
3
2
65
2
3
3
36
1
7
1
43
2
5
4
32
11
1
2
22
2
3
4
38
5
4
2
32
2
6
1
36
1
5
1
7
6
1
2
25
2
7
4
14
31
6
4
3
21
5
1
68
2
6
4
42
3
1
2
18
4
6
4
32
1
2
2
52
2
3
1
4
7
7
1
32
3
6
2
55
2
2
4
37
11
2
3
41
2
5
1
6
2
5
1
29
2
4
4
47
6
1
1
49
2
7
2
32
3
4
3
5
2
6
2
17
3
7
3
52
4
2
3
1
8
1
4
23
17
7
1
25
3
1
3
42
4
6
2
30
5
5
2
36
3
3
4
49
4
3
3
63
11
2
1
1
3
4
2
37
3
5
1
9
6
1
4
49
7
2
3
28
13
5
4
6
31
5
3
44
8
4
3
34
6
7
4
42
4
2
2
29
1
5
4
25
1
1
4
39
10
7
1
13
1
1
3
16
4
1
4
53
11
4
1
16
4
4
2
68
2
4
3
45
2
2
2
60
1
4
2
43
4
3
4
31
11
6
4
4
3
3
4
54
4
5
3
54
2
4
4
1
8
2
1
68
3
5
2
43
1
2
4
17
21
7
4
23
8
2
2
71
3
1
3
40
5
5
1
32
2
7
2
12
3
2
4
12
8
3
1
33
4
1
4
66
2
1
3
30
5
6
1
33
5
3
1
3
11
3
3
16
5
3
2
16
2
7
2
38
3
7
4
67
1
3
3
17
14
1
3
3
3
2
2
42
3
3
4
41
4
3
1
47
3
4
1
25
2
3
2
60
4
4
2
53
1
6
1
23
1
5
4
18
9
6
1
67
1
5
3
18
11
6
3
6
1
7
4
45
5
2
4
65
11
5
2
14
2
3
1
42
2
4
4
43
10
1
1
37
2
4
4
7
3
6
3
60
14
3
4
28
11
4
2
5
2
4
1
54
3
2
4
71
4
2
3
10
11
6
2
35
2
7
2
45
3
2
3
45
6
1
4
68
21
3
4
63
2
5
3
29
7
4
2
36
2
2
2
55
3
6
2
5
1
7
3
26
8
4
4
2
13
2
1
3
1
5
1
53
2
5
4
52
1
5
4
33
7
5
4
68
2
1
2
4
1
3
3
42
1
7
4
27
9
7
3
61
6
7
4
22
16
5
3
8
6
4
4
34
5
5
1
14
5
2
2
33
1
1
1
35
1
2
1
55
2
3
2
23
2
7
2
35
1
4
1
52
2
1
3
55
10
3
4
39
6
6
4
15
13
7
2
10
2
3
1
28
1
7
2
54
2
6
2
31
1
3
1
37
1
6
1
61
1
1
1
22
3
3
1
4
1
6
4
22
14
3
1
61
3
4
3
43
2
6
4
30
3
7
2
26
3
7
1
53
1
3
4
16
6
5
3
7
4
1
1
60
2
1
4
5
7
7
2
27
1
5
2
8
2
6
3
53
2
7
3
22
7
4
2
33
3
1
4
47
11
1
4
52
12
4
1
40
1
2
4
33
11
6
3
66
9
5
1
12
17
6
2
11
1
6
1
40
3
7
4
61
11
2
4
8
9
1
1
44
2
4
4
36
12
1
4
41
2
5
2
63
1
1
2
11
2
6
3
61
2
6
3
12
5
2
3
29
8
4
3
2
10
4
2
28
1
6
1
71
2
1
3
23
10
1
3
47
5
6
3
52
5
5
1
7
5
6
4
40
4
3
3
53
4
5
3
9
23
6
2
2
3
5
2
31
4
4
4
29
14
7
2
53
3
1
3
39
9
2
1
63
2
5
2
45
1
2
1
14
19
6
3
32
2
2
3
65
8
2
3
33
22
7
1
11
10
5
1
36
3
6
2
13
3
2
4
14
33
4
3
9
17
6
2
23
1
6
1
27
1
6
2
25
1
6
1
43
1
1
1
13
3
1
2
40
1
2
3
25
7
1
2
49
2
2
2
65
4
4
3
71
4
6
1
60
1
2
2
7
1
7
2
6
3
2
4
11
16
4
1
15
3
4
4
9
12
4
1
63
1
7
2
29
3
2
3
18
24
2
3
43
5
5
2
47
2
2
4
16
5
7
3
14
15
4
3
23
12
6
2
9
3
2
2
1
3
4
1
5
1
3
3
4
6
7
2
17
2
3
4
13
10
1
2
7
2
2
4
45
2
2
4
60
4
6
1
45
2
7
1
41
1
6
4
40
7
2
3
4
16
2
1
1
1
5
4
13
2
4
3
5
5
1
2
16
3
2
2
66
3
4
3
41
3
7
1
8
14
2
3
33
7
2
2
28
3
1
4
7
4
3
4
54
9
7
4
71
1
4
4
66
4
1
1
18
13
2
2
34
2
2
1
54
1
4
2
3
1
1
3
27
1
2
1
42
1
1
4
26
10
1
4
44
7
1
4
31
26
2
1
41
3
1
1
2
3
1
1
52
1
7
4
63
3
1
3
55
4
2
4
30
1
3
3
26
4
7
4
38
4
6
3
15
2
6
3
34
8
2
3
11
1
6
1
26
1
3
4
12
1
4
2
44
3
3
4
53
3
7
1
10
4
1
3
32
4
4
4
55
10
1
3
35
6
1
1
35
3
2
2
18
1
4
1
17
3
4
4
61
10
6
2
13
1
6
2
63
2
7
1
31
14
7
2
37
4
7
4
35
1
7
2
41
5
2
2
61
1
2
1
55
1
1
1
22
2
3
1
71
3
6
