1
35
4
3
1
31
5
3
2
27
2
4
1
25
1
5
4
4
3
3
3
49
7
4
4
33
8
6
3
36
11
6
2
6
2
6
2
17
3
1
4
18
1
5
2
15
3
5
3
33
8
7
4
47
7
4
2
7
2
5
2
39
4
4
4
35
1
1
3
22
3
7
4
18
26
3
2
5
3
4
1
7
8
4
1
12
2
4
3
55
16
7
3
14
17
2
2
5
2
1
2
11
2
1
1
63
1
7
4
41
4
1
1
25
3
2
3
10
3
1
1
15
5
2
1
41
3
3
4
4
6
5
4
22
1
2
1
3
6
5
3
27
7
4
3
55
12
1
3
37
7
2
3
60
8
1
1
65
2
5
3
36
13
7
3
43
8
3
2
65
2
5
4
16
4
6
1
54
2
2
3
68
17
6
1
45
2
7
2
16
3
1
1
12
7
5
4
29
11
2
3
42
4
1
4
47
4
1
3
35
5
3
4
27
8
1
3
12
6
3
2
15
2
7
2
26
3
3
4
30
4
3
2
54
1
7
3
26
3
3
2
67
2
6
2
4
2
4
1
1
3
1
2
42
2
4
4
2
8
3
3
63
8
5
2
66
2
4
2
60
4
7
2
36
4
1
3
43
6
1
2
18
1
1
1
34
1
5
2
28
3
3
2
26
1
7
2
38
5
6
3
28
16
3
4
66
6
2
3
34
8
6
4
8
3
4
1
38
1
5
4
36
2
4
1
18
4
4
2
43
3
6
3
31
23
4
4
11
4
1
1
71
1
7
2
33
2
1
4
34
7
1
1
53
1
5
3
4
12
2
1
14
4
1
1
61
2
4
4
55
3
7
2
43
1
1
1
1
2
6
1
60
1
7
3
17
2
1
4
13
13
2
3
11
1
3
1
5
1
5
4
31
9
7
2
2
1
4
3
66
2
5
4
65
10
6
2
52
3
6
4
52
20
2
2
6
1
7
1
29
1
4
1
10
7
5
3
68
11
2
1
42
1
3
4
54
11
4
3
32
1
7
1
39
3
7
3
32
2
2
4
45
5
4
3
67
1
5
4
1
2
3
3
3
7
7
2
23
3
6
4
12
2
1
4
53
4
4
1
49
1
1
1
52
1
1
2
4
1
6
2
14
3
2
3
1
10
3
2
41
4
7
4
61
9
6
3
7
3
6
3
65
3
1
2
8
3
1
1
42
2
7
4
5
10
6
3
49
3
2
2
45
1
6
1
16
1
1
4
10
17
3
4
36
8
6
3
37
2
2
2
47
2
5
4
29
7
2
1
9
9
7
3
54
1
3
1
4
8
4
4
9
4
3
2
30
5
5
1
34
3
1
4
40
6
1
4
67
28
2
4
39
8
5
1
68
3
7
4
42
5
3
3
45
3
6
3
6
5
4
2
66
1
3
3
5
3
6
4
2
10
3
1
26
2
1
2
49
3
7
3
26
10
2
3
30
24
4
2
49
2
3
3
34
4
1
1
37
2
7
2
32
2
7
2
37
1
2
1
33
1
2
2
42
4
1
1
10
8
1
3
11
15
6
1
43
1
5
2
16
2
6
1
22
2
1
2
39
3
2
1
13
7
7
3
13
8
4
1
15
1
5
3
31
12
5
4
8
2
1
1
65
1
5
4
9
12
1
2
38
3
5
2
68
2
6
1
35
2
3
1
40
2
3
3
44
5
6
4
33
2
1
2
63
3
4
4
5
18
1
3
30
17
2
3
23
10
3
2
68
1
5
3
7
2
7
2
10
1
5
2
44
2
6
4
14
7
7
4
45
14
7
3
22
12
3
2
7
1
7
2
25
2
1
1
27
2
3
2
35
2
7
1
4
7
2
1
16
6
2
3
25
1
3
2
10
3
5
2
34
2
5
3
52
14
6
2
29
1
2
3
14
7
2
1
47
3
2
2
25
1
1
4
63
12
2
1
30
16
6
4
60
6
2
1
44
1
1
3
39
1
3
4
68
16
3
1
66
3
2
4
52
7
7
2
13
3
4
4
43
11
5
1
6
1
5
4
15
9
2
1
26
1
1
4
63
5
5
3
38
11
6
3
13
4
2
2
31
3
5
1
71
2
5
2
12
1
3
1
47
2
2
1
54
3
4
3
41
4
3
4
34
2
4
2
9
2
1
3
2
1
6
4
71
2
1
1
11
4
3
2
45
3
5
1
61
1
5
2
41
1
7
3
53
8
2
2
18
4
6
1
45
1
7
1
67
3
2
1
32
3
1
4
16
1
6
3
65
6
1
3
15
2
3
1
27
3
3
3
44
4
5
3
3
1
3
2
30
2
7
3
60
6
4
1
44
2
6
4
35
5
6
4
32
14
1
2
1
2
1
2
28
2
4
3
33
9
1
4
13
12
4
1
68
1
2
3
5
2
6
3
71
1
4
3
23
3
7
2
17
1
3
4
15
11
4
4
71
4
4
3
16
3
1
4
30
8
2
2
23
2
1
1
33
8
1
2
65
1
7
3
4
17
2
2
61
2
7
1
41
1
5
1
30
18
6
1
49
2
7
2
55
3
4
1
32
5
1
1
66
2
2
3
52
2
4
2
8
1
3
3
25
6
2
4
31
26
4
1
6
2
5
4
6
5
4
1
2
1
7
4
54
8
2
4
49
3
7
4
37
10
5
1
43
3
7
2
61
1
2
3
9
8
6
2
14
2
1
3
2
8
2
3
66
5
6
4
38
5
1
1
38
2
2
3
27
1
4
3
61
4
6
3
39
4
4
2
29
2
7
4
42
3
6
4
6
24
1
4
41
1
3
2
44
4
3
2
12
3
6
3
8
2
6
2
54
2
3
4
22
15
1
3
16
5
4
4
26
5
2
2
22
3
1
3
18
13
1
4
60
4
6
2
35
1
2
2
34
1
5
4
23
3
2
3
40
2
1
4
66
3
7
4
32
4
2
1
11
8
2
4
10
29
3
1
13
1
6
1
8
11
4
3
8
7
1
4
55
6
5
1
52
3
3
3
18
24
7
3
9
4
2
2
63
1
4
3
10
7
1
1
7
11
7
3
28
4
3
1
55
2
6
1
39
1
2
4
65
6
4
3
6
2
2
4
68
11
3
2
22
1
4
4
25
1
6
2
60
3
5
3
29
12
3
1
31
8
5
3
41
3
3
3
63
5
1
2
67
1
1
4
7
8
6
2
13
2
6
2
47
4
6
3
38
3
7
1
23
3
3
4
39
9
5
4
23
19
6
1
17
11
6
2
71
3
5
2
53
2
3
4
44
2
2
1
22
3
6
2
3
1
1
2
33
3
7
2
40
2
6
4
3
16
7
1
23
2
3
1
18
2
2
3
1
4
1
4
25
5
1
3
47
5
6
3
42
2
1
2
53
3
1
3
29
15
3
1
36
3
1
2
2
3
4
4
40
7
3
2
11
3
7
1
53
2
3
4
44
16
1
4
17
26
7
1
29
2
1
2
55
2
2
3
47
10
4
1
5
2
7
2
27
3
5
1
17
14
4
1
55
1
1
4
1
7
7
4
27
9
6
1
9
1
3
2
36
2
5
4
49
7
6
3
35
4
4
4
61
5
1
4
3
19
1
2
37
3
2
3
71
4
7
4
17
15
3
4
67
2
2
2
3
2
7
1
36
1
1
1
28
2
4
4
28
7
5
3
17
1
2
1
60
2
5
4
11
28
7
4
37
14
4
4
38
1
5
4
43
2
7
2
31
4
4
3
40
1
6
2
1
1
7
1
40
1
7
1
3
4
5
1
2
5
2
1
28
3
6
2
52
7
6
1
63
2
1
1
67
2
6
1
37
1
7
4
7
9
1
2
40
4
3
4
14
18
5
3
15
15
6
1
14
10
1
2
71
1
1
3
12
2
2
4
12
4
3
4
28
13
3
3
61
10
3
2
32
4
4
3
53
2
3
2
9
1
7
1
8
15
1
3
54
2
1
3
45
2
1
3
67
16
2
4
53
9
3
4
26
3
7
