3
33
18
6
4
16
11
1
2
22
3
3
3
4
28
5
3
3
2
1
2
41
2
1
1
41
2
6
4
47
9
1
4
14
28
3
3
9
31
7
4
10
20
7
2
18
1
5
3
67
5
2
3
71
3
5
2
68
3
7
3
54
1
1
3
53
3
4
2
29
1
5
2
15
2
1
1
33
2
5
2
11
3
7
4
3
22
6
2
45
1
3
4
23
4
7
3
29
16
7
2
13
1
6
1
32
1
2
4
2
3
2
2
17
1
6
1
63
1
4
1
31
13
5
2
23
3
4
4
38
2
4
1
54
1
6
4
7
9
4
4
30
7
6
2
18
4
6
4
32
14
4
4
55
1
2
2
11
1
1
1
27
1
6
1
45
1
1
3
8
20
1
3
35
5
2
1
44
1
3
4
12
6
7
3
32
7
6
1
17
8
1
1
34
7
3
3
66
5
4
4
25
1
6
1
71
3
4
3
26
11
5
1
10
3
2
1
6
1
2
4
66
3
3
2
33
3
3
1
53
1
7
3
23
8
2
1
1
3
4
2
60
3
7
2
3
3
1
4
61
4
1
2
54
2
2
3
1
7
3
4
54
11
6
4
5
12
2
4
37
6
5
1
39
4
3
2
27
3
4
1
32
5
5
1
13
9
5
1
41
3
3
3
68
4
6
3
30
15
7
1
65
2
3
1
43
3
5
3
32
9
2
4
32
9
1
2
26
4
7
4
22
11
6
2
39
4
7
2
12
1
5
2
13
3
5
4
13
6
4
2
47
2
4
1
29
3
6
1
49
1
6
1
12
7
7
4
18
5
6
2
12
2
1
3
11
15
3
1
16
1
1
2
66
2
2
3
52
8
2
1
36
1
2
3
18
17
2
4
63
1
6
3
17
9
4
3
13
4
6
4
30
2
1
2
71
3
6
1
45
2
7
3
34
6
7
1
55
1
6
3
3
10
3
3
36
6
4
1
66
2
4
4
33
2
3
1
12
16
6
1
26
1
4
4
34
13
1
1
23
2
4
4
68
24
1
4
34
1
2
2
10
3
7
3
26
12
4
3
61
8
5
4
42
2
7
4
3
7
5
4
43
1
3
1
31
18
7
2
5
3
2
3
8
7
2
4
65
2
7
3
1
3
1
2
60
4
7
4
55
11
5
2
47
3
7
2
63
1
3
4
71
1
6
1
14
21
2
1
10
2
1
3
28
4
1
1
42
1
6
4
7
2
1
4
28
10
2
1
52
1
2
4
37
1
1
1
11
9
7
2
34
2
1
4
8
5
4
4
27
7
7
4
29
6
1
2
6
2
5
4
44
14
5
4
45
2
2
3
65
21
4
2
32
1
4
3
39
7
7
2
43
1
1
2
38
5
6
2
22
2
4
3
13
1
4
4
53
7
3
2
2
2
6
3
33
23
7
1
54
2
6
2
40
3
7
3
42
3
6
4
1
13
3
4
14
3
1
1
37
2
7
2
41
5
3
4
67
12
5
1
47
3
6
1
65
1
2
1
5
1
2
3
67
32
2
2
1
2
2
4
67
13
7
3
40
3
6
3
29
9
3
1
43
2
5
2
52
5
1
1
7
6
6
4
49
3
3
3
47
4
4
1
33
6
1
3
17
8
6
3
11
2
7
1
26
2
3
2
9
3
7
3
31
1
7
4
6
3
5
1
25
3
1
2
34
1
1
1
38
1
3
4
47
12
1
4
35
3
4
2
16
3
7
2
17
3
7
3
9
26
5
1
11
7
5
3
2
10
1
3
41
1
5
1
53
2
5
3
22
8
1
2
53
1
1
1
15
2
7
1
67
2
5
3
71
2
5
4
11
10
5
3
5
5
7
1
7
4
1
4
31
6
1
2
71
2
4
4
65
10
5
3
63
5
3
4
52
5
7
3
53
4
2
2
14
3
1
3
7
3
6
2
45
4
6
4
61
7
4
2
44
5
2
1
63
2
4
2
67
2
5
4
33
4
5
2
25
1
7
3
5
1
5
4
16
2
1
2
16
1
3
2
30
2
2
4
54
3
7
3
38
2
5
1
42
2
4
3
61
6
3
2
8
1
6
4
45
11
4
4
39
7
4
1
18
6
5
2
53
3
1
2
37
1
3
1
2
6
3
3
10
3
1
1
27
3
4
4
60
4
2
1
13
8
3
3
31
25
5
3
16
4
4
1
47
1
3
1
29
2
6
1
66
1
4
3
27
11
6
2
4
1
5
2
7
2
7
1
60
1
1
1
1
1
3
2
9
1
3
4
35
2
3
2
23
2
2
1
25
2
2
3
18
19
7
3
43
1
5
3
12
6
6
4
36
14
1
3
63
11
6
3
25
9
6
2
27
2
4
2
14
2
5
2
26
3
7
1
3
3
2
1
71
1
3
1
6
2
2
3
14
25
4
3
4
4
4
3
39
3
2
2
30
1
1
1
68
1
2
1
23
1
1
2
39
2
5
4
63
10
6
1
16
4
1
1
2
4
6
4
26
10
5
4
1
3
2
4
60
2
4
4
22
9
4
1
5
2
3
2
32
4
5
2
42
3
7
3
49
3
4
3
42
4
6
4
17
12
7
4
49
6
5
4
6
14
1
2
49
2
7
2
4
3
2
2
63
2
4
1
37
1
1
4
29
10
2
3
44
5
1
2
49
3
2
2
1
1
5
1
15
4
5
4
52
20
4
4
11
22
4
3
60
26
3
2
61
2
7
2
31
4
6
4
40
3
4
4
4
6
3
4
53
12
6
2
2
1
7
2
8
3
1
1
67
1
1
4
43
4
2
1
49
2
4
4
15
9
3
1
3
7
1
3
60
19
3
1
40
2
3
2
36
5
5
3
47
5
3
1
18
3
7
3
37
2
6
3
23
3
2
2
38
3
5
2
7
1
7
1
38
3
5
4
38
8
4
2
6
1
3
2
3
1
1
1
17
4
7
3
35
4
1
1
8
13
6
2
35
3
7
3
28
14
4
3
16
2
7
4
2
13
5
2
28
3
6
1
28
3
3
4
12
5
4
1
52
3
4
1
34
9
2
2
33
2
4
3
44
9
7
4
5
10
3
3
22
1
6
1
36
3
4
3
14
3
4
2
40
1
3
2
55
1
3
2
42
4
6
2
29
2
6
4
40
4
4
1
40
3
4
3
40
4
2
4
28
4
5
2
35
2
2
2
43
5
1
2
68
1
2
1
35
4
6
1
22
1
3
3
6
1
4
2
36
1
3
4
18
25
6
4
42
1
4
2
52
1
7
4
15
7
3
4
66
4
2
4
13
7
4
3
49
7
5
4
17
7
6
3
65
6
1
4
39
9
6
1
55
2
3
3
7
2
7
1
4
3
4
1
39
2
7
4
68
8
3
3
36
9
6
1
28
1
7
1
44
4
6
2
25
2
6
4
10
33
6
4
9
19
5
3
30
10
3
3
38
11
7
4
4
15
3
4
26
11
7
1
60
2
5
1
30
19
7
1
35
2
1
3
34
5
4
4
8
10
2
3
6
6
6
3
55
8
2
3
66
1
2
2
65
3
3
2
61
3
5
4
41
2
2
4
27
6
1
1
61
2
3
4
36
5
1
1
8
16
4
2
66
1
4
3
45
1
6
4
44
6
5
1
9
3
3
3
54
2
5
3
15
12
1
1
61
3
5
2
65
1
5
2
67
1
2
1
68
2
5
3
12
4
3
3
45
7
6
3
15
7
4
3
27
7
6
3
55
15
1
1
9
12
7
2
37
2
6
3
2
1
1
2
44
2
6
3
10
9
4
2
10
1
4
3
52
7
4
3
68
2
6
3
43
8
2
4
41
1
3
2
55
3
2
4
31
22
7
2
15
3
6
1
4
2
6
4
9
21
3
4
23
21
6
2
5
1
5
4
71
3
3
1
22
2
7
3
41
4
1
3
25
1
3
2
28
2
2
2
31
1
6
1
30
21
3
1
14
22
2
2
54
1
7
3
37
5
6
4
25
8
5
