2
54
1
2
4
55
5
2
3
71
1
1
4
53
3
6
3
5
1
2
2
32
3
6
1
18
7
2
4
33
1
3
4
32
4
7
1
39
4
5
4
16
4
5
3
1
10
5
1
14
2
1
2
1
2
4
2
38
2
7
4
29
11
1
3
47
4
3
4
40
1
4
4
63
2
4
4
13
4
1
2
2
3
1
2
14
2
3
1
32
6
7
2
1
3
3
2
33
3
6
1
27
2
2
1
2
4
2
4
47
10
5
4
15
1
5
2
15
3
5
3
53
8
6
4
41
2
3
1
3
2
4
3
45
5
2
1
35
4
7
4
13
2
3
4
36
6
4
4
47
5
4
3
35
1
5
2
37
3
3
2
31
4
3
2
35
2
1
2
61
2
2
3
66
6
1
3
36
11
4
2
3
3
6
4
45
11
6
1
55
1
7
1
71
3
2
3
60
14
2
3
3
5
5
3
23
12
6
2
55
1
2
3
6
2
7
1
63
1
1
1
23
2
3
2
60
1
1
2
68
3
5
2
49
1
2
1
10
5
4
1
8
1
4
2
4
1
2
1
29
3
4
3
43
2
3
2
11
3
1
1
16
3
3
3
17
3
1
2
53
3
4
1
22
1
3
3
36
14
2
1
34
11
3
2
5
1
5
2
12
1
5
3
27
12
6
4
65
13
6
4
2
5
2
2
42
3
3
3
41
3
2
3
42
2
3
1
67
2
1
1
66
3
3
1
67
3
4
3
15
14
2
2
30
4
6
4
52
13
3
2
45
1
2
2
26
4
2
2
12
3
2
1
25
3
1
1
68
2
5
1
49
1
5
3
33
16
4
1
38
1
7
3
34
8
4
2
5
2
6
2
27
3
4
3
9
16
5
2
33
1
1
1
4
3
6
3
37
1
2
4
6
12
6
4
11
20
2
2
39
2
2
3
25
9
2
4
53
1
1
4
6
18
3
3
16
3
4
3
67
4
3
1
61
1
6
1
41
1
3
2
27
1
1
2
36
3
2
3
65
12
3
4
7
5
4
4
33
9
4
1
60
1
1
4
49
5
4
4
65
3
4
1
6
2
3
1
25
1
3
4
54
1
4
4
14
7
4
3
16
2
7
4
25
3
4
4
10
3
6
3
38
7
5
1
68
3
5
2
65
1
7
3
30
20
4
4
18
24
2
2
66
3
7
3
22
3
5
2
52
7
1
1
1
3
7
3
7
1
7
2
43
4
6
4
22
10
2
1
49
2
5
4
39
8
6
4
66
5
2
2
13
2
7
3
27
13
7
3
49
7
4
2
29
2
5
3
14
12
7
4
29
13
6
4
31
28
3
1
9
8
5
3
6
6
3
3
2
3
4
2
71
3
5
3
34
1
3
3
8
3
3
4
52
17
1
4
22
12
3
4
5
12
2
3
25
7
6
2
39
4
2
1
55
2
7
3
68
2
1
1
5
1
4
2
40
3
4
3
29
5
2
2
9
1
7
1
34
5
1
4
31
1
2
1
16
4
6
1
26
3
6
1
65
2
3
4
39
3
5
2
44
3
2
1
44
4
2
4
49
1
2
2
36
2
5
4
66
1
7
1
44
3
1
1
53
1
4
1
7
10
6
2
18
2
5
4
44
14
3
3
4
5
7
4
4
21
7
1
52
1
5
4
44
6
7
2
65
4
7
2
54
2
3
1
18
5
7
1
33
4
3
1
22
2
6
1
54
1
5
1
47
2
3
3
45
4
4
1
37
1
7
2
16
2
5
3
13
7
5
2
63
2
7
2
28
3
5
3
66
3
4
4
30
3
7
4
17
19
6
3
11
18
6
3
28
10
6
4
37
9
5
2
52
2
3
1
26
1
1
1
61
2
6
1
40
2
1
2
47
1
7
1
32
4
5
2
14
1
7
1
65
1
6
2
66
1
2
4
45
10
2
2
6
1
4
1
36
3
4
1
42
2
1
2
55
3
5
4
61
2
5
2
8
1
2
2
18
3
5
1
39
1
7
4
60
2
2
3
35
7
7
3
54
2
6
2
49
4
1
3
44
3
6
4
60
6
1
1
17
13
3
3
37
3
2
2
13
1
5
2
11
2
2
1
15
1
1
2
17
2
3
4
2
13
1
4
42
4
1
3
41
2
3
1
6
1
4
3
55
17
2
3
43
6
2
3
65
3
6
3
39
8
5
2
61
1
3
4
12
6
4
2
28
2
3
1
10
3
7
4
26
6
7
1
3
11
2
4
67
23
3
3
42
1
3
3
32
7
7
1
43
2
4
4
8
12
2
1
1
2
3
2
31
3
3
3
18
2
7
3
52
11
3
3
61
4
2
4
37
13
3
1
45
2
6
3
12
3
1
3
26
2
1
4
14
19
4
3
32
12
1
4
32
3
4
1
2
1
5
1
13
2
7
2
29
1
4
4
3
19
1
4
28
13
1
4
3
9
2
1
60
2
4
4
1
13
3
2
2
2
3
1
7
8
3
1
11
3
2
1
28
1
5
1
52
3
7
1
33
1
6
4
28
11
7
3
11
23
6
2
41
5
2
4
38
1
1
3
55
10
3
3
38
10
3
1
4
7
6
2
26
2
5
1
5
2
1
1
27
3
7
2
25
3
2
4
43
12
4
4
38
9
1
2
47
3
6
2
15
1
3
4
42
5
7
3
26
10
6
4
55
12
6
3
5
4
2
3
49
1
2
4
23
11
1
3
54
1
5
2
7
2
7
1
8
16
1
3
8
6
7
4
15
17
1
2
34
1
1
3
13
8
3
1
54
2
4
2
35
3
7
1
28
2
6
1
13
1
4
2
63
3
6
2
23
1
3
4
35
1
2
2
3
1
4
4
9
25
2
1
41
2
5
3
63
9
5
2
16
3
3
1
53
2
5
4
5
21
4
1
29
1
6
4
27
3
2
1
71
2
6
4
34
10
5
3
4
9
3
3
18
1
5
4
35
4
2
2
25
1
5
2
4
3
2
2
68
1
4
2
30
1
5
4
10
21
1
2
8
2
5
1
12
9
4
2
40
1
7
1
35
1
1
1
17
10
1
1
45
1
7
3
22
5
4
4
18
5
4
2
22
2
1
4
25
4
5
4
1
5
3
3
30
8
2
3
47
5
7
3
1
9
3
4
43
1
3
1
47
1
2
4
36
4
1
2
9
2
7
2
60
4
6
4
17
26
1
1
9
4
5
4
26
10
7
1
43
3
2
2
67
2
5
4
54
12
7
3
71
4
4
4
12
9
2
1
38
2
6
4
7
3
5
3
3
8
7
3
60
27
1
3
31
12
2
1
14
18
7
3
14
24
7
4
34
12
4
2
43
3
4
4
61
8
3
4
27
11
1
2
6
3
2
4
71
3
4
3
63
12
6
3
9
3
3
2
45
3
2
4
40
8
4
4
71
4
5
1
37
2
4
2
34
3
7
1
23
3
5
4
9
33
6
2
10
2
7
3
10
4
6
1
15
5
4
2
37
1
7
1
63
2
7
1
36
2
6
2
10
3
3
1
11
8
3
2
22
1
7
3
61
5
5
3
67
13
1
3
23
10
2
3
44
7
4
3
68
7
6
3
28
3
2
2
71
2
7
4
63
12
6
1
31
2
4
3
15
7
7
2
17
3
5
3
40
5
4
2
41
3
6
1
30
4
4
1
40
1
7
3
40
3
1
3
10
7
3
1
42
1
5
2
42
1
6
1
12
13
2
2
38
5
1
3
53
1
1
3
29
10
1
3
12
6
3
3
2
12
5
2
67
1
1
4
41
1
5
1
30
19
5
4
67
18
6
4
8
15
6
4
68
15
5
3
7
3
4
3
31
17
7
4
16
7
4
4
4
20
1
2
53
2
6
3
33
6
4
3
39
5
6
2
32
1
6
4
11
24
3
3
52
7
7
4
68
20
2
2
7
1
3
3
17
14
4
1
66
2
4
1
31
14
4
2
23
2
4
4
30
7
5
4
23
2
6
2
44
5
5
