3
47
10
2
4
23
3
1
4
38
7
3
1
8
1
4
1
40
2
4
4
17
22
2
2
65
2
1
4
71
1
6
4
37
8
3
4
27
12
3
1
17
13
2
1
8
2
5
2
44
3
4
4
49
6
5
4
12
3
1
1
54
1
7
2
34
2
3
4
30
7
1
4
34
3
3
4
6
11
4
2
60
1
4
4
43
12
6
1
12
7
4
4
65
2
7
4
42
1
2
1
12
5
5
2
2
3
2
1
9
8
3
3
55
8
6
3
13
7
3
2
71
2
7
1
68
3
2
4
29
3
3
4
3
11
5
4
49
7
5
2
23
2
4
4
8
6
1
2
27
1
2
2
32
4
7
1
68
2
4
4
9
29
5
2
13
1
6
2
61
1
7
3
61
5
6
2
53
1
3
4
60
5
5
2
29
1
3
3
41
3
4
1
47
1
3
4
2
3
6
1
33
5
7
3
66
8
7
3
14
6
1
3
36
5
4
4
13
7
7
4
6
21
2
1
35
3
1
3
45
3
1
1
7
3
7
1
34
6
1
1
23
1
1
2
52
3
4
4
29
15
1
3
9
28
1
1
3
3
3
1
67
1
4
4
14
18
6
2
36
3
2
2
8
1
2
2
18
3
3
4
32
1
5
2
66
1
3
3
14
16
7
3
16
7
7
3
15
13
1
2
68
3
7
3
13
1
2
2
25
3
6
2
30
3
5
2
67
2
1
4
14
6
5
1
30
18
2
1
14
3
3
4
44
4
4
2
5
2
5
2
34
1
2
1
38
2
1
3
4
21
5
2
7
3
4
1
61
3
4
3
4
27
5
1
11
11
5
4
35
1
6
1
29
2
2
4
66
1
5
4
36
10
5
2
14
1
5
3
35
8
4
2
4
1
7
1
26
1
1
4
33
6
3
4
37
10
3
4
63
7
2
3
23
6
2
4
60
8
1
2
14
2
5
4
22
7
4
2
41
1
7
4
25
7
6
3
39
6
6
3
17
12
6
1
16
4
5
4
47
10
7
3
11
8
2
3
28
6
6
3
34
11
4
4
25
9
7
3
60
11
6
4
41
2
4
1
39
3
3
2
37
1
6
2
6
3
7
2
2
2
7
3
52
12
2
4
68
10
3
1
36
1
4
4
36
6
5
2
55
3
3
1
17
9
5
4
3
19
1
3
25
7
3
1
54
3
3
4
63
9
3
1
52
3
5
3
65
3
2
4
30
5
7
1
71
2
3
1
44
4
5
1
13
2
6
4
66
5
1
3
67
32
3
1
35
2
2
2
38
2
4
2
10
2
4
1
36
3
5
1
49
1
6
1
60
2
6
3
9
22
4
3
6
5
4
3
54
2
1
3
67
6
6
2
11
1
2
1
31
6
2
1
10
1
3
3
2
11
4
2
43
3
4
1
32
1
5
4
1
5
4
4
55
7
1
3
43
2
7
1
18
1
3
1
61
2
5
3
42
4
6
4
7
9
5
2
41
5
5
3
7
1
3
4
55
6
6
2
68
1
1
1
2
2
7
2
42
2
3
4
67
7
3
3
30
9
7
3
37
4
1
3
45
2
6
4
18
25
3
4
18
7
7
2
47
1
3
2
16
3
7
4
40
7
6
4
52
10
2
2
35
3
6
3
31
8
5
4
5
19
4
3
22
1
2
3
5
3
4
1
63
1
5
1
42
1
3
3
60
15
4
3
29
9
7
3
54
1
7
2
66
2
6
1
42
2
1
1
65
1
4
2
39
1
4
1
28
1
5
1
25
3
6
3
3
10
7
2
28
3
7
1
16
6
4
2
36
2
2
4
54
10
2
4
39
10
1
1
60
1
4
2
55
1
3
4
10
4
1
2
11
2
2
1
27
2
7
2
1
3
3
4
33
5
7
1
34
11
7
4
26
3
6
1
25
1
2
3
27
15
7
2
15
2
5
4
28
10
2
3
8
6
1
3
49
2
3
1
43
2
3
2
38
3
4
3
12
1
4
3
42
1
4
3
36
4
6
3
34
3
3
2
71
1
1
1
47
3
2
4
17
9
2
4
22
6
2
2
27
2
5
4
61
7
2
2
65
4
2
3
32
5
6
3
10
12
7
2
30
2
6
1
7
1
5
2
26
1
3
1
49
2
4
1
37
1
2
2
61
3
7
4
23
10
1
4
13
1
6
3
12
7
5
2
49
3
6
3
39
4
3
4
16
12
6
2
45
2
7
4
45
14
7
3
22
11
6
1
2
4
6
2
26
4
6
2
13
3
5
2
31
1
4
3
44
2
6
3
27
3
2
2
40
1
1
1
9
2
6
2
63
2
4
3
43
7
7
4
7
2
7
2
33
2
2
1
18
14
6
3
40
1
7
2
42
3
1
2
32
2
5
3
28
1
3
3
33
3
5
3
11
21
4
3
68
5
4
1
38
1
6
3
61
1
3
4
47
12
5
3
1
8
1
1
13
9
2
4
71
2
2
1
32
5
3
2
39
4
7
3
31
20
4
1
14
1
6
2
9
2
1
2
53
2
3
1
6
2
6
1
1
3
7
3
18
12
3
1
5
2
4
1
33
3
5
2
35
2
3
4
67
37
6
1
66
1
7
4
9
2
4
4
38
4
3
3
68
9
4
4
31
26
4
1
5
1
7
4
44
3
1
3
53
2
5
4
43
6
3
2
28
2
6
1
22
3
7
1
52
1
5
3
32
7
6
1
71
1
2
3
17
17
2
1
11
5
4
3
71
5
7
4
34
2
2
1
23
3
2
2
23
3
4
4
2
6
5
4
1
12
6
4
65
1
3
2
54
2
4
2
31
3
7
3
52
14
4
2
33
1
3
2
9
3
7
2
47
3
6
4
27
8
1
3
38
6
2
1
66
2
2
3
71
3
7
1
39
4
4
3
5
1
6
2
22
3
3
1
29
1
7
1
31
18
6
4
54
1
2
3
63
2
4
4
42
3
7
1
4
8
6
3
8
12
4
1
10
3
3
2
60
4
3
3
65
8
2
4
15
9
2
4
15
15
1
2
18
4
6
2
6
2
5
1
3
10
4
3
49
6
3
2
49
1
2
3
10
11
1
3
26
5
4
4
11
31
2
3
37
2
5
2
67
1
3
2
3
2
3
4
45
12
2
1
65
2
4
2
40
2
4
2
45
4
6
1
37
2
3
2
25
2
7
2
12
1
3
3
30
5
3
4
5
16
3
2
15
1
6
4
4
16
1
2
63
3
4
2
16
2
4
1
43
3
5
2
44
1
7
4
68
7
7
2
37
2
6
4
31
17
5
3
26
6
6
1
53
1
3
3
7
5
6
3
16
2
7
1
45
2
5
1
40
3
2
1
27
3
4
1
26
2
3
1
30
15
4
4
32
10
4
3
44
3
1
4
4
22
5
1
45
1
6
3
3
4
2
1
15
2
4
1
41
3
2
2
10
3
4
2
29
2
5
1
6
1
1
1
1
2
2
3
41
1
6
3
47
2
7
3
40
5
1
2
8
3
5
4
11
21
3
4
12
5
5
4
26
12
1
3
6
2
7
4
52
9
4
1
28
2
1
2
17
2
5
2
5
1
7
2
52
1
2
4
8
9
7
4
35
2
3
2
7
2
5
3
15
3
2
3
1
6
4
3
25
1
1
1
67
2
5
3
55
10
3
2
43
5
7
4
40
5
7
2
1
1
2
3
63
6
2
3
2
10
6
1
63
2
2
3
53
5
1
2
3
3
7
1
41
2
6
3
29
2
3
4
28
5
4
4
61
3
3
1
15
4
2
4
41
1
4
3
23
4
2
1
4
1
3
2
22
2
6
1
53
2
7
1
55
1
3
4
16
11
2
1
55
2
4
1
44
2
6
4
39
7
1
3
35
1
2
3
18
14
6
3
38
7
2
2
17
1
3
4
10
20
3
3
66
1
1
2
4
2
1
3
33
13
7
4
53
6
6
4
53
1
5
2
54
1
5
1
22
2
5
2
12
3
1
