3
68
14
3
3
4
23
2
1
60
2
5
1
42
2
6
2
32
3
5
1
66
3
6
2
38
5
5
2
35
2
5
2
53
2
1
4
39
10
7
4
17
26
2
3
3
6
6
4
45
8
1
3
55
1
2
2
55
1
7
3
35
1
6
3
18
10
3
1
4
3
5
4
11
15
4
3
43
5
5
3
17
12
3
4
34
1
2
4
41
1
5
3
7
3
2
4
66
6
1
1
52
1
5
3
5
1
5
2
71
2
4
3
10
22
2
3
10
15
2
4
4
22
4
4
33
8
6
1
3
1
7
2
63
3
1
3
52
7
1
2
7
3
5
3
54
2
2
1
18
8
2
4
38
4
2
2
7
2
7
4
45
11
6
3
25
2
7
3
15
9
5
4
44
8
3
1
3
4
6
1
53
1
5
2
2
2
7
2
36
1
1
4
31
21
5
4
60
4
2
3
31
7
2
2
41
2
5
1
63
2
5
3
60
32
7
2
11
2
5
3
33
16
5
2
22
3
5
3
33
19
5
3
55
6
2
2
3
2
6
2
10
3
7
1
34
6
3
1
6
2
1
1
30
13
1
4
34
4
7
4
65
13
3
4
26
2
3
2
13
2
6
1
18
11
3
4
42
3
6
2
61
2
3
4
47
6
5
4
37
8
6
2
33
2
1
4
30
1
3
4
12
9
2
1
9
2
1
2
5
3
1
1
53
2
2
1
29
1
6
2
15
3
5
2
31
5
6
2
52
2
7
2
23
3
2
1
26
2
1
4
61
5
4
1
22
3
4
3
65
10
6
4
42
1
4
2
49
3
5
3
49
8
2
3
1
10
5
3
6
1
7
1
12
3
6
2
10
2
6
4
18
4
5
1
71
2
4
1
31
12
5
1
10
5
4
2
18
3
5
4
44
5
6
1
16
4
7
2
47
3
7
3
54
1
2
3
71
5
7
1
6
1
5
4
63
10
6
4
28
7
1
4
35
1
1
4
54
5
4
1
17
13
5
1
41
2
1
3
42
4
2
2
4
3
1
2
1
2
1
1
2
1
6
4
49
6
7
3
38
8
6
1
32
7
2
3
8
20
7
4
10
24
6
3
34
1
6
4
27
10
2
3
13
6
2
3
63
6
4
4
67
27
4
2
41
3
2
3
27
9
2
3
14
19
7
2
37
3
5
2
29
2
6
3
28
3
1
2
22
2
4
4
53
7
3
1
28
2
5
4
18
22
6
4
15
15
3
1
54
3
3
4
54
6
1
3
49
6
4
3
23
16
7
4
25
5
3
4
27
3
4
2
39
2
4
4
32
2
2
3
40
1
2
2
28
1
1
2
6
1
6
3
16
3
3
2
34
3
5
2
35
3
2
4
23
16
4
3
22
12
1
3
17
9
4
2
60
3
5
2
63
2
6
1
30
20
5
4
16
3
3
3
9
29
5
4
8
5
1
1
71
1
6
2
42
3
5
2
29
1
5
1
55
2
6
1
31
7
6
4
35
3
2
2
11
3
2
2
54
1
2
3
3
5
3
1
55
1
2
2
9
2
6
3
60
9
3
3
12
3
3
1
65
1
1
4
1
14
3
1
4
2
6
2
3
3
3
4
6
20
1
1
5
2
6
3
52
17
6
4
52
1
3
1
7
4
4
1
33
2
3
3
36
1
1
4
33
3
5
3
65
15
4
2
37
4
6
1
41
3
6
1
67
1
5
3
67
11
7
4
12
8
6
4
68
21
5
1
23
1
3
2
47
1
2
3
39
8
2
2
45
1
4
3
68
9
6
2
23
1
1
3
61
5
5
4
47
9
6
3
43
4
4
1
29
2
5
3
30
12
1
3
2
10
7
1
2
7
7
3
13
7
3
2
30
2
3
3
41
2
7
1
44
1
2
3
53
6
6
1
36
1
6
2
12
3
6
4
17
16
1
1
11
4
4
2
43
2
1
2
32
2
3
4
32
9
1
1
45
1
2
3
11
20
7
3
22
8
1
3
2
2
3
4
4
1
6
4
43
4
4
3
5
5
6
1
27
1
4
1
68
3
7
4
71
6
3
1
43
3
4
1
63
1
4
2
53
1
3
1
8
4
3
2
67
2
4
2
13
3
4
4
29
10
6
3
47
4
5
1
36
2
5
1
47
2
1
4
40
6
7
3
14
1
6
2
14
1
1
1
17
3
2
4
13
11
4
3
15
16
2
3
63
11
1
3
32
12
5
3
34
7
4
1
37
2
3
3
8
8
1
2
71
1
4
4
7
8
4
3
42
3
4
1
12
11
2
4
36
3
1
3
26
6
6
4
26
1
1
2
14
2
4
4
37
7
6
2
34
1
2
1
8
9
3
2
43
3
3
3
18
11
6
3
35
3
1
4
63
6
6
4
30
5
6
4
40
5
3
2
12
2
5
4
15
17
6
1
10
1
1
1
68
2
4
2
65
2
5
3
38
7
5
1
49
2
5
3
16
7
3
2
9
1
4
4
29
12
4
1
15
2
2
1
33
4
3
2
17
1
5
1
38
2
2
2
33
3
6
1
43
1
6
3
1
1
4
4
31
19
7
1
45
2
4
4
11
29
4
1
40
2
5
2
45
2
1
1
1
1
1
4
60
1
5
1
14
19
4
4
52
13
7
4
7
7
1
1
39
4
5
2
42
2
4
4
3
2
1
3
71
4
3
4
43
9
2
3
31
6
7
1
38
3
6
3
25
8
3
1
39
2
3
4
8
4
3
2
54
2
2
3
67
20
3
2
55
2
4
3
47
10
7
3
9
12
5
4
67
2
3
1
9
1
6
1
67
3
6
1
25
1
3
2
1
3
4
4
16
4
5
2
40
1
6
4
9
5
7
1
65
2
3
4
1
11
6
3
30
10
6
2
2
1
6
2
5
1
2
1
26
1
6
3
41
1
5
3
44
3
3
1
61
3
2
2
27
2
7
4
10
9
5
4
5
22
2
1
1
2
3
4
9
14
4
1
7
9
4
1
60
1
3
1
23
2
2
4
25
6
7
4
14
16
1
2
61
1
7
2
8
2
6
1
16
6
5
4
39
7
4
3
4
20
4
3
11
12
6
3
27
8
5
1
61
2
6
2
38
2
4
3
66
8
7
2
25
1
7
1
66
2
4
4
49
5
1
2
66
2
7
1
34
8
1
4
36
8
6
1
25
2
3
2
60
1
3
3
32
3
7
4
23
20
7
3
53
5
4
3
39
9
1
3
36
7
6
2
18
4
7
2
40
3
5
1
54
1
7
2
15
1
7
1
35
3
5
2
27
3
5
1
35
1
7
2
67
1
4
4
38
7
1
4
3
11
5
4
61
7
7
4
13
15
3
1
13
8
7
2
6
3
2
4
71
2
2
3
37
7
1
3
28
6
2
1
37
1
6
4
2
13
6
3
44
1
2
1
11
5
4
4
5
13
3
4
22
4
6
2
49
2
6
4
28
9
1
4
55
6
6
2
68
1
6
3
66
1
3
1
44
2
6
3
7
5
7
2
17
2
3
2
66
3
5
2
65
4
4
2
4
1
1
3
23
19
5
2
16
1
5
1
15
1
2
2
44
2
2
1
40
1
5
2
28
3
1
1
42
1
4
1
32
3
6
2
30
4
3
1
27
3
6
4
2
5
1
1
28
1
3
1
22
2
1
3
29
8
7
4
14
9
2
3
45
3
6
3
26
12
5
4
22
6
5
2
39
3
7
2
36
2
4
3
37
6
7
4
68
9
4
2
8
1
3
4
65
11
1
4
41
2
1
2
31
1
3
2
26
1
7
3
40
4
7
2
68
3
3
2
52
5
5
3
6
3
1
1
49
1
7
4
55
2
2
1
47
1
2
2
25
3
4
3
61
10
5
1
13
4
6
1
14
21
1
3
29
7
5
1
52
3
1
4
66
3
7
1
5
1
2
2
16
2
1
4
6
11
3
2
44
4
6
2
26
3
6
3
45
7
1
3
12
6
1
4
53
8
7
