2
1
1
7
4
35
4
6
1
10
7
6
3
45
6
7
3
16
8
5
3
33
1
3
1
63
2
7
3
38
10
7
4
55
12
1
3
71
5
6
1
17
10
4
1
61
2
6
4
1
14
5
4
34
14
5
3
44
8
6
1
42
2
5
3
60
18
7
2
30
4
3
4
33
4
2
2
12
1
6
1
65
1
7
1
71
1
7
3
40
4
3
3
54
2
6
1
16
2
3
1
55
2
7
3
29
4
3
1
63
1
1
3
47
4
3
4
47
15
2
3
23
18
5
2
1
3
6
2
43
5
5
1
44
3
4
4
3
6
3
4
15
5
7
2
8
3
1
3
18
22
1
3
28
6
6
4
23
8
2
4
4
6
2
1
4
8
3
3
1
6
6
2
36
5
5
1
30
17
2
4
45
3
4
3
55
7
2
1
7
6
1
3
3
7
3
2
4
3
7
1
60
1
3
2
22
3
7
2
6
2
3
1
33
8
4
2
61
1
5
3
13
1
5
1
35
3
4
4
43
8
1
1
31
13
4
1
40
2
5
2
54
2
6
2
29
3
1
1
41
2
4
1
47
3
5
2
5
2
4
3
12
3
3
4
35
2
3
4
25
7
6
4
61
3
2
4
54
10
5
2
28
2
3
1
49
1
4
1
8
16
5
1
28
2
7
3
10
21
5
3
30
14
3
4
41
1
4
2
71
3
6
4
60
3
3
1
47
1
3
4
31
9
2
4
39
10
7
2
35
2
3
1
2
7
3
2
52
1
7
3
23
19
6
1
26
2
4
2
32
1
6
3
27
7
6
4
38
9
2
2
31
2
7
4
7
1
7
1
5
2
3
4
9
7
7
3
43
4
4
1
49
2
3
2
43
2
7
4
2
4
1
2
30
1
3
3
42
2
5
1
22
3
4
1
53
2
7
2
55
1
3
3
9
22
7
2
39
1
3
3
55
4
3
3
27
9
5
1
41
3
4
1
4
6
2
2
60
2
1
3
25
2
4
2
67
2
5
4
42
5
5
3
6
6
5
2
35
3
6
4
22
19
2
3
47
5
3
4
65
1
5
4
6
6
6
4
42
4
5
1
65
2
4
1
32
2
1
3
10
6
2
4
22
5
2
2
34
2
1
4
15
2
7
3
68
9
4
3
2
2
1
3
33
10
6
3
25
4
7
3
63
12
4
3
14
22
5
3
8
18
7
2
27
3
6
4
5
23
3
1
38
2
5
4
49
7
2
3
2
8
6
3
37
5
1
2
27
2
3
3
65
5
5
2
39
3
1
4
13
8
3
3
32
9
7
1
6
1
4
3
63
8
5
1
52
1
2
1
14
5
3
4
17
14
5
2
16
2
5
4
10
29
7
4
12
5
1
4
31
6
6
3
31
16
6
1
18
9
3
4
52
20
4
4
47
17
1
4
27
6
1
2
66
1
1
4
63
12
3
2
71
2
5
2
9
1
4
4
26
3
4
4
18
27
2
2
13
3
4
1
36
2
2
4
41
2
2
2
40
4
1
1
34
4
3
1
29
3
7
1
67
2
2
1
22
2
7
1
35
1
5
3
28
12
4
1
28
1
2
3
61
3
4
2
26
1
1
4
26
8
3
1
13
6
7
2
49
2
5
1
33
7
2
2
7
2
2
2
44
2
3
4
33
10
7
2
10
1
7
2
9
3
7
4
30
5
5
3
6
5
5
3
30
12
6
2
65
4
4
4
18
2
1
2
12
2
3
3
31
29
3
4
14
28
6
2
4
1
4
4
36
7
7
1
15
1
4
2
2
3
3
2
13
2
7
2
45
1
1
2
31
5
2
4
55
6
3
3
37
12
5
4
68
11
6
1
45
1
6
1
5
1
6
3
1
5
2
4
27
4
6
3
26
5
4
4
68
3
3
4
17
22
7
1
11
4
7
4
37
10
4
3
22
12
2
2
18
4
7
4
40
2
5
1
67
1
2
2
18
1
3
2
41
5
3
4
1
12
3
3
5
4
5
2
25
2
1
1
39
2
4
4
38
6
2
4
61
1
3
1
39
4
2
1
25
2
1
2
47
3
4
3
41
2
5
1
40
1
1
2
68
1
7
1
6
2
1
4
16
2
7
4
2
10
2
2
45
2
4
4
6
9
2
1
3
9
2
3
44
6
7
2
33
1
6
1
37
1
3
4
8
7
5
2
49
1
7
2
11
2
7
1
27
3
7
3
71
2
4
3
53
8
7
2
11
1
5
4
11
9
1
1
10
3
5
3
60
24
3
4
66
2
5
2
29
1
7
1
15
3
2
2
37
2
1
2
23
3
3
1
30
11
1
1
61
3
7
4
10
20
1
2
14
3
1
3
66
3
1
3
39
6
1
1
36
3
7
2
55
3
1
1
2
4
7
3
45
3
7
3
40
5
7
3
4
7
4
3
32
12
7
2
42
1
2
1
43
3
5
4
23
7
2
2
26
2
4
2
15
2
1
1
68
2
7
3
41
4
5
2
47
1
6
1
38
3
1
2
67
1
5
2
53
1
5
1
18
3
7
2
42
4
1
4
8
5
1
1
14
14
2
1
53
1
7
3
34
2
7
2
38
2
1
1
31
17
5
1
23
1
3
2
32
3
7
3
36
9
5
2
54
1
6
3
52
5
3
1
17
12
1
4
66
5
3
3
49
3
3
1
54
2
3
1
7
10
7
3
14
24
7
4
40
6
7
1
11
9
5
4
44
14
3
2
66
3
3
2
17
1
6
1
9
9
4
2
22
2
4
2
2
1
3
2
68
4
6
2
3
1
1
4
29
3
4
3
17
15
7
4
11
28
7
1
71
2
2
1
55
1
6
3
35
1
3
4
53
12
3
2
10
2
4
3
66
9
2
1
32
5
7
3
52
13
2
4
16
5
7
3
15
7
3
4
28
6
3
3
9
11
5
2
25
1
2
4
65
10
5
2
14
2
7
1
27
2
2
3
35
7
7
4
3
15
2
3
61
1
7
3
8
19
2
1
44
4
7
4
12
7
1
4
13
1
6
2
41
4
3
4
67
39
5
1
29
1
5
3
29
16
3
3
53
2
5
3
39
4
6
2
34
3
4
4
28
12
7
2
5
1
5
1
54
3
3
1
12
16
2
2
17
3
3
3
67
29
7
1
60
2
4
3
54
1
3
1
43
2
6
3
11
1
1
2
28
3
1
1
34
6
6
2
3
2
5
1
66
2
4
4
32
13
5
4
5
3
7
3
17
8
6
2
8
2
5
1
68
1
5
3
7
1
2
3
12
1
5
3
4
4
7
4
32
7
6
1
8
5
4
2
36
3
5
2
33
2
5
3
67
5
1
2
6
3
7
1
12
3
2
3
15
17
5
4
9
30
6
2
15
3
5
4
67
23
4
2
60
3
7
2
61
3
4
3
22
7
6
3
42
3
4
3
11
7
1
2
40
1
2
4
49
3
7
1
16
3
6
4
25
9
7
4
37
5
6
2
44
3
3
1
66
3
7
4
30
8
1
3
18
9
2
3
7
5
3
4
63
1
2
1
37
2
2
4
60
9
6
2
37
3
5
4
29
14
7
4
71
6
3
4
39
6
7
1
9
5
4
4
52
13
2
1
45
2
6
1
1
3
2
3
3
10
4
2
38
5
5
4
4
14
4
1
25
1
5
3
36
1
5
1
26
1
2
2
63
2
6
1
3
5
7
3
49
5
6
2
63
3
5
3
68
1
1
3
43
1
5
4
34
4
6
3
5
2
6
1
1
1
7
2
23
1
2
1
13
9
5
1
42
1
7
4
45
6
1
4
36
11
7
2
52
3
3
4
44
9
1
3
13
4
7
3
16
2
2
3
26
2
7
4
14
33
5
2
7
1
4
1
52
3
4
4
54
5
2
3
34
4
7
2
65
1
5
2
53
2
3
4
7
7
3
4
71
3
4
2
16
1
3
4
53
13
2
3
38
6
7
1
23
3
6
3
65
10
3
4
43
2
4
