3
2
9
3
1
54
3
3
1
38
2
5
1
6
2
4
3
60
20
2
3
17
4
6
1
35
2
3
2
33
1
2
4
27
8
4
4
28
10
5
3
8
11
1
1
66
3
3
3
41
1
7
4
42
2
4
1
60
2
7
2
12
2
5
4
55
2
5
4
65
2
2
2
8
1
1
4
63
7
3
3
66
6
2
3
13
1
3
3
12
6
1
2
22
1
4
4
34
11
4
4
11
4
3
4
13
13
4
2
55
1
1
1
16
7
4
4
17
20
7
2
52
7
2
3
4
10
4
1
7
3
5
1
28
3
2
3
53
7
1
3
60
25
1
4
37
2
7
2
31
3
3
3
28
12
5
1
55
1
4
2
71
1
1
1
39
4
6
3
49
5
6
3
6
3
1
3
16
7
1
4
15
27
2
2
32
3
6
3
38
6
6
2
45
2
5
4
68
19
1
1
36
2
3
4
32
5
3
3
54
2
7
1
22
1
2
3
9
3
6
2
49
4
7
2
43
3
4
3
40
3
2
1
67
3
5
4
39
6
5
2
67
1
4
3
10
20
1
4
22
8
6
1
1
3
4
4
15
14
4
4
40
8
6
1
13
8
2
3
36
3
5
2
30
4
2
4
9
17
2
3
71
4
1
4
36
5
2
2
68
1
5
1
29
1
1
4
16
12
3
1
36
1
7
2
30
3
4
2
12
1
6
3
28
16
5
3
35
7
3
1
43
2
6
4
18
13
3
4
30
7
7
1
5
2
5
3
65
20
7
3
67
9
7
3
34
7
2
3
25
2
3
2
23
1
3
2
45
1
4
2
26
3
5
1
41
2
7
2
17
3
2
2
29
3
2
1
9
12
7
1
23
1
5
1
42
2
4
2
53
2
3
2
9
1
2
2
13
1
3
2
65
4
5
4
17
16
6
2
3
2
7
1
30
1
5
2
32
4
7
2
38
4
1
4
1
7
7
2
7
1
3
4
39
5
1
4
33
4
2
3
71
5
1
4
7
2
6
3
29
6
7
4
12
9
1
1
32
7
1
3
22
7
6
2
61
1
6
3
32
2
4
1
15
2
5
2
47
4
3
3
36
7
4
1
10
2
7
4
47
7
5
1
38
1
1
4
61
10
2
2
66
1
1
4
23
18
4
2
35
2
2
2
18
1
6
4
4
23
7
2
53
1
6
4
31
19
2
4
26
7
2
3
47
2
7
1
30
20
7
4
2
6
5
4
26
3
5
2
49
2
2
2
40
2
7
1
44
4
2
1
61
3
5
4
45
5
7
3
26
3
2
2
16
3
7
3
13
9
3
4
67
11
1
3
61
8
1
1
39
2
2
4
6
29
6
1
4
3
5
2
6
3
6
4
8
14
2
3
33
3
6
1
12
14
1
3
42
4
5
1
49
2
1
4
14
28
5
4
47
14
2
2
26
4
7
4
33
9
3
4
41
2
3
3
47
1
3
4
42
3
5
4
30
5
2
2
38
5
5
1
43
3
5
3
32
6
6
4
10
30
7
3
1
6
4
3
37
3
4
3
49
4
7
2
14
3
7
1
55
2
2
3
9
18
3
2
37
3
3
1
63
2
3
3
37
9
4
1
68
1
7
3
33
8
6
2
40
4
4
4
34
12
7
2
25
2
2
1
60
1
4
3
27
1
4
2
6
1
6
3
5
1
6
1
47
2
7
4
18
28
3
2
18
4
7
2
35
3
6
4
22
11
7
2
25
1
2
4
35
4
6
1
2
6
7
1
18
10
3
4
53
9
3
1
41
3
7
4
2
1
4
3
39
9
1
2
68
3
7
2
65
3
3
1
27
2
3
3
39
4
6
3
42
2
5
4
7
3
1
4
23
14
5
1
2
1
6
2
60
3
5
3
45
4
7
4
11
24
3
2
44
2
5
4
49
1
6
1
8
15
3
4
12
7
1
1
53
1
6
3
68
10
5
4
3
20
6
3
17
8
4
4
16
2
6
3
16
6
3
3
25
7
5
2
42
2
2
1
25
1
1
3
4
14
7
1
9
7
1
1
22
2
2
3
53
1
3
4
52
6
6
1
68
2
3
3
55
17
4
3
34
2
3
4
28
6
3
4
66
1
3
1
65
1
4
3
43
7
4
3
55
13
5
1
52
1
5
1
54
1
4
4
29
11
2
2
41
2
1
2
5
2
5
1
10
7
2
1
40
3
1
3
44
10
3
1
8
9
6
4
35
3
4
1
27
3
3
1
4
2
3
2
27
2
3
1
52
3
1
2
34
3
1
2
39
4
3
3
18
14
6
1
32
6
4
4
52
10
5
3
6
5
2
1
34
9
6
1
1
1
1
2
16
1
5
1
45
1
2
1
61
1
3
2
11
3
2
2
54
1
1
2
67
2
2
4
10
25
3
1
47
1
6
4
40
2
1
1
23
2
6
1
65
2
4
4
8
19
5
3
45
7
1
1
17
4
3
1
11
6
5
3
12
3
5
4
71
2
1
4
32
8
3
4
25
8
6
2
2
2
1
1
5
1
2
4
66
2
3
2
4
3
2
1
49
1
6
3
10
15
2
4
9
31
4
4
14
23
3
3
31
6
3
2
31
1
1
1
71
3
7
4
37
7
4
4
61
9
3
4
3
12
4
2
61
2
5
3
30
19
7
1
44
1
3
1
45
2
3
1
66
1
3
1
63
1
7
2
22
2
7
3
3
7
7
2
54
2
2
3
63
7
2
2
28
3
2
2
11
1
5
4
60
2
3
2
41
3
6
4
65
6
5
4
45
2
3
2
39
1
5
4
13
9
3
1
33
1
6
4
4
11
3
3
30
22
4
1
15
1
5
2
7
2
2
1
14
16
6
2
8
2
4
3
68
13
2
1
25
2
6
3
27
17
6
1
33
3
3
1
37
1
3
3
3
8
5
3
2
8
4
4
38
4
3
3
7
3
7
4
27
10
2
4
5
8
4
3
44
4
4
4
63
3
3
4
41
4
4
4
49
2
2
3
26
8
6
3
38
3
1
3
52
4
1
3
66
9
3
3
14
1
6
3
8
3
5
4
44
18
3
1
11
10
4
2
14
1
4
1
3
10
6
2
10
3
4
3
52
5
3
1
16
3
2
3
23
11
7
1
67
2
2
1
17
7
1
2
43
2
4
3
15
16
3
1
14
5
6
4
43
8
5
4
53
6
2
1
28
2
4
1
40
1
3
1
53
2
7
2
10
1
2
3
23
1
3
4
60
3
6
1
13
3
5
2
23
3
7
2
15
1
5
3
40
4
3
2
33
3
2
1
34
11
5
1
71
2
5
4
25
3
2
3
15
14
7
2
4
1
3
3
1
2
6
2
5
3
2
4
44
10
5
3
35
8
5
2
36
4
6
2
27
1
4
1
3
11
4
2
66
2
7
2
15
2
7
2
1
2
6
2
44
3
6
2
36
5
3
2
63
1
1
1
18
3
7
1
37
2
5
1
31
6
2
2
63
3
6
3
11
2
1
4
71
6
4
2
52
2
3
1
7
7
5
3
41
4
6
4
1
4
7
1
6
1
3
3
14
24
2
4
29
10
4
4
68
21
4
2
71
3
1
4
31
6
5
2
60
2
6
2
17
2
6
2
34
2
6
3
43
1
3
2
3
3
6
3
22
8
4
1
26
3
7
4
54
9
5
2
42
3
3
4
36
7
7
1
35
1
7
1
26
1
2
3
18
15
1
3
61
1
3
3
31
21
5
4
55
5
5
2
28
1
2
2
1
1
6
1
29
2
1
3
67
28
3
3
29
1
3
2
37
4
7
4
38
2
3
3
65
17
7
1
42
1
3
2
29
1
7
2
47
2
2
2
13
3
3
2
9
2
6
4
67
25
5
1
12
12
5
3
5
2
3
1
31
2
3
3
63
3
4
4
6
23
1
3
11
16
6
4
43
5
2
4
5
27
6
4
54
1
2
3
7
1
2
2
55
2
7
3
54
1
6
2
2
3
7
