4
2
10
4
3
3
8
7
3
61
2
3
3
31
27
5
3
28
2
5
1
39
4
7
4
33
6
4
4
37
1
1
3
8
7
3
1
25
2
4
4
43
6
7
4
36
14
1
2
7
1
7
3
29
4
6
2
10
2
5
1
61
3
4
2
66
2
6
4
11
26
5
3
7
4
3
1
25
3
7
1
49
1
3
1
15
2
4
4
33
3
2
1
60
1
4
2
30
2
3
2
71
2
4
3
23
19
2
2
26
1
4
4
6
12
7
4
22
2
3
1
10
8
1
4
36
13
5
3
66
3
3
2
55
2
3
2
68
2
7
3
60
26
6
4
55
8
4
1
38
3
3
4
71
6
7
4
1
7
5
4
68
12
5
4
35
3
2
3
67
5
5
2
11
3
3
1
68
3
3
2
40
2
4
2
43
2
5
1
67
1
6
4
22
11
3
1
34
6
6
4
65
12
2
2
71
3
2
1
3
9
6
3
4
18
7
3
33
21
4
1
65
2
7
3
39
4
2
1
52
1
4
3
5
1
1
4
32
7
4
2
43
1
2
1
35
3
6
3
11
10
3
4
3
15
2
1
42
1
6
2
53
1
3
1
44
1
4
2
60
2
5
2
23
3
1
3
18
9
5
1
40
1
2
3
10
3
2
3
12
3
2
3
34
8
4
3
49
4
4
4
25
4
6
4
18
7
5
3
9
18
7
4
39
5
4
1
22
1
2
2
31
1
1
2
38
2
2
1
26
2
2
3
37
9
3
3
30
15
3
1
12
15
6
1
28
2
4
2
54
2
5
4
1
5
2
4
5
7
5
4
35
2
1
4
3
7
1
3
53
1
6
1
53
2
7
3
26
3
7
4
28
4
5
2
2
1
3
4
66
4
1
1
30
18
7
1
6
1
3
3
16
8
6
1
67
2
4
2
9
2
1
4
54
4
6
3
47
2
7
1
11
2
4
2
61
1
2
2
45
3
5
4
9
30
2
1
18
1
7
3
60
8
4
4
30
2
6
3
35
6
4
2
23
2
4
4
60
6
4
1
14
16
1
2
25
2
5
3
68
6
5
3
10
22
6
1
14
18
7
4
28
5
7
2
67
1
3
2
61
3
1
1
13
3
4
4
65
8
1
4
18
16
2
4
27
5
5
3
55
16
3
1
61
1
2
2
32
3
4
3
33
12
7
2
22
2
6
2
29
2
5
4
49
2
5
1
44
4
6
4
49
4
3
2
18
1
2
3
42
3
1
1
11
7
2
2
42
1
1
4
54
12
4
1
38
2
5
1
31
11
7
4
42
1
4
1
1
1
6
4
53
14
5
3
71
4
5
4
34
14
1
3
42
4
4
2
12
1
4
1
30
11
6
4
63
1
1
3
43
7
3
1
4
7
6
2
4
2
4
4
55
10
4
3
66
2
5
4
13
7
6
2
28
1
5
3
35
4
2
2
12
2
6
4
23
18
7
4
40
3
6
2
42
2
1
3
16
3
4
1
45
2
6
3
54
2
5
2
34
1
3
2
33
2
7
4
44
8
6
2
30
3
2
2
44
4
5
3
44
10
2
2
11
1
3
1
8
11
5
2
6
3
6
4
52
16
5
1
23
1
5
1
55
1
6
3
18
1
6
2
1
1
1
3
41
1
3
1
6
2
5
2
60
4
3
3
14
22
5
4
6
23
3
2
34
3
6
2
45
2
1
4
16
3
2
3
7
2
7
2
16
2
5
1
54
1
4
1
22
3
5
3
9
5
3
1
17
16
7
1
9
4
4
2
28
2
3
1
37
2
1
1
71
3
2
3
4
23
4
4
47
5
6
2
3
1
1
4
38
6
7
1
32
6
7
1
41
2
5
4
52
7
4
1
45
1
4
1
7
2
3
3
12
5
7
1
2
5
4
3
49
8
1
1
13
7
1
2
41
4
1
2
14
1
2
1
5
1
3
1
60
2
6
3
29
12
2
4
15
9
4
3
44
8
1
3
14
19
1
4
8
8
4
3
5
2
2
3
36
6
5
1
40
3
2
4
16
5
5
2
52
4
3
3
31
6
7
1
55
2
3
4
7
8
5
2
47
4
6
1
27
1
7
3
13
4
6
1
35
2
2
4
11
4
7
1
26
1
6
3
53
7
7
2
47
3
4
4
31
16
7
3
23
3
3
3
45
1
4
2
14
2
1
4
17
21
3
2
68
3
7
2
15
2
3
4
45
5
7
4
41
4
2
2
18
3
7
1
27
3
1
4
26
6
5
1
16
4
7
1
53
1
7
1
54
2
1
1
63
1
1
4
10
9
1
2
66
1
7
1
39
3
2
4
4
25
1
3
32
8
1
3
65
7
2
2
13
2
2
4
15
21
6
1
1
2
3
4
12
7
1
1
3
11
3
2
35
1
5
1
47
1
5
2
36
1
2
4
39
3
7
3
17
9
5
2
31
2
5
4
32
9
4
2
25
1
6
2
44
1
6
4
42
5
5
3
2
11
1
3
15
17
4
1
71
2
6
3
15
3
7
2
39
3
2
3
28
1
2
4
14
22
3
4
71
2
7
1
28
3
1
4
53
9
4
4
5
24
5
4
66
1
5
1
43
3
5
3
43
3
5
3
17
6
4
1
23
2
6
3
2
1
7
4
30
4
3
1
7
8
2
4
67
14
4
3
1
3
5
3
27
8
5
4
38
9
3
2
65
1
5
1
33
2
3
3
61
11
2
4
40
5
1
4
68
10
5
1
12
18
4
1
17
1
3
4
27
4
2
4
14
10
5
2
13
1
5
2
4
1
7
1
49
2
3
1
9
10
5
3
1
8
2
2
5
3
7
2
7
3
6
4
8
7
7
2
49
4
5
1
36
3
2
3
71
2
1
1
8
16
1
4
25
2
1
2
32
1
4
2
35
3
1
3
26
9
4
2
29
3
2
4
63
5
2
2
55
1
1
3
38
6
7
2
54
1
5
3
63
5
4
2
15
1
7
2
37
4
1
4
45
13
6
2
22
1
4
1
37
1
2
2
3
3
1
3
25
6
7
1
68
2
6
1
33
5
3
1
36
1
3
3
37
3
5
3
13
8
5
4
4
11
7
2
37
2
5
4
61
9
2
1
42
2
6
3
30
11
1
2
38
4
6
3
36
11
6
2
17
2
7
2
1
2
6
1
66
2
5
2
49
3
3
1
52
2
7
4
26
11
1
3
6
1
4
3
41
2
3
3
52
9
5
1
43
2
4
1
16
3
4
4
13
10
2
2
9
1
1
3
39
1
4
3
22
2
1
2
39
4
4
1
4
2
6
2
67
2
1
3
27
16
1
4
29
1
2
2
33
1
4
2
10
1
1
4
37
9
6
1
34
1
3
4
10
10
7
1
66
1
6
3
63
2
6
4
44
18
7
4
34
1
5
2
16
1
3
1
65
1
5
3
45
7
5
2
17
3
1
3
22
3
4
1
47
3
4
3
3
7
3
2
6
1
1
3
67
29
6
2
53
2
5
3
54
1
2
4
61
4
4
3
65
16
4
4
7
2
7
4
23
12
1
3
6
4
6
2
27
3
2
3
38
1
2
1
31
7
5
1
63
2
2
2
27
1
4
3
40
3
3
4
41
3
6
2
65
4
1
2
5
2
2
1
2
4
1
2
36
5
7
2
8
1
5
1
10
3
2
3
40
1
3
1
29
1
6
1
32
2
1
2
52
7
5
3
25
5
1
1
41
3
7
4
12
10
2
4
60
8
7
2
8
2
5
3
52
6
4
3
8
2
2
4
31
2
3
3
47
10
1
4
67
18
3
4
17
3
3
3
32
6
2
1
29
2
6
3
34
4
4
3
68
3
1
4
47
4
1
3
55
17
2
2
40
4
2
4
43
2
6
2
63
3
1
1
5
2
7
1
18
2
2
4
29
6
2
2
63
1
1
4
2
6
5
1
15
1
3
2
26
4
7
2
41
2
1
4
9
3
1
3
11
6
7
2
2
3
3
