4
26
8
3
2
23
3
3
4
45
11
5
4
63
2
6
4
15
22
1
1
13
9
6
4
68
17
5
2
49
4
1
2
38
1
3
3
23
9
1
2
52
4
2
4
1
11
3
2
37
1
1
4
68
22
4
3
1
2
4
2
1
2
2
4
4
21
5
3
32
1
3
3
7
2
2
3
55
7
5
3
18
12
5
4
52
1
7
3
63
13
2
2
15
2
3
3
22
8
7
4
49
8
1
4
32
8
3
1
11
12
6
3
49
5
5
1
54
3
4
1
65
1
1
2
34
3
3
4
43
2
5
2
47
3
3
2
7
1
1
3
14
7
3
2
39
3
5
2
38
4
2
1
12
10
4
4
60
2
1
2
10
1
7
4
47
7
7
1
13
1
4
3
13
5
1
2
54
2
4
4
39
5
2
3
40
1
3
4
60
7
7
2
41
1
4
2
67
1
4
3
15
2
7
3
35
2
7
1
15
3
1
1
63
1
4
3
10
11
7
1
66
3
7
4
29
7
3
1
3
9
4
3
66
5
5
2
65
2
3
4
9
25
6
1
71
1
7
4
6
14
7
4
71
5
3
1
67
3
7
1
61
1
6
4
7
5
4
1
17
4
7
2
44
1
6
2
11
3
6
2
16
3
3
4
12
2
7
1
2
4
4
1
28
1
1
1
27
1
7
2
7
2
4
1
52
1
7
3
28
3
2
1
25
2
6
3
2
3
4
1
36
1
6
1
23
1
3
1
10
6
5
3
61
8
3
4
41
4
1
2
2
2
2
1
11
7
6
1
29
3
4
2
65
4
5
1
66
2
3
2
16
1
6
3
43
8
7
2
30
5
4
3
44
4
5
4
27
6
7
2
22
3
7
2
1
1
2
1
32
2
1
4
29
1
5
1
16
7
5
4
22
14
1
4
61
11
1
2
29
3
5
1
63
2
4
1
53
1
1
3
53
7
7
3
16
4
3
4
35
3
7
3
25
8
1
1
4
2
5
1
27
3
5
4
33
4
3
4
37
7
4
1
38
3
6
1
41
2
6
3
52
3
5
1
29
1
2
3
36
14
2
3
9
16
1
2
23
1
6
4
40
2
4
1
14
3
2
3
63
11
3
2
55
3
3
4
22
11
7
3
6
5
3
1
60
2
3
2
6
3
4
3
71
3
6
4
45
12
1
4
36
2
4
1
1
2
7
4
40
3
2
1
31
6
7
2
40
4
6
1
42
1
4
1
15
1
1
3
61
7
7
3
54
1
4
2
25
1
6
3
68
10
5
4
53
5
6
1
12
18
7
3
54
2
3
2
45
4
5
3
33
16
6
1
67
1
3
1
61
3
3
4
31
5
2
1
37
2
3
2
47
2
5
3
38
5
7
4
37
13
6
1
39
1
1
1
34
10
1
1
9
14
3
3
7
5
2
1
44
3
7
1
6
1
4
2
9
1
7
3
68
2
6
2
52
5
6
1
36
2
4
4
18
23
4
1
43
1
1
1
17
2
1
1
30
1
2
2
35
2
2
3
16
5
1
2
44
2
2
4
42
5
6
2
67
2
4
4
30
7
7
2
15
3
1
2
6
2
4
3
33
13
1
2
12
3
5
1
42
2
3
4
4
23
3
4
63
9
7
2
63
1
6
4
52
14
2
4
18
7
7
2
30
4
4
3
1
10
5
2
11
2
5
3
6
1
4
3
39
4
1
2
43
4
3
4
8
14
2
4
55
12
6
2
41
4
5
4
41
1
5
1
5
1
6
3
71
2
2
3
17
12
2
1
40
1
2
4
39
2
2
4
44
7
2
1
8
7
2
1
6
2
5
4
36
1
5
2
32
3
2
2
61
2
3
2
36
5
3
3
10
2
4
4
34
13
7
1
18
4
7
3
8
12
6
4
44
6
6
3
49
2
2
1
31
3
2
1
37
1
7
2
8
2
4
2
28
3
7
4
11
24
2
2
63
2
3
1
49
2
3
3
60
28
5
4
66
1
7
1
7
3
2
3
22
10
2
2
29
2
2
4
23
5
4
2
68
1
7
1
44
2
1
1
39
4
5
4
14
2
6
3
9
21
5
2
33
3
7
1
60
1
3
3
15
9
7
3
3
9
1
2
37
4
6
2
49
1
5
1
7
5
6
3
34
7
6
1
68
2
4
1
55
1
6
2
3
3
1
3
36
9
7
1
40
3
5
1
53
2
7
2
3
2
2
4
17
26
5
3
28
14
3
2
53
1
6
2
18
3
3
3
65
16
5
3
30
15
5
1
10
8
1
1
16
4
6
1
35
2
1
3
35
1
5
2
4
3
6
1
34
7
1
3
47
7
5
2
14
2
1
4
26
3
4
2
54
1
1
1
3
2
7
1
22
3
7
2
18
1
5
4
10
26
2
3
29
10
3
1
33
8
1
2
5
3
5
1
43
2
7
2
32
4
5
4
67
7
6
4
54
11
1
3
45
4
7
2
22
1
7
2
14
3
5
1
55
2
5
3
5
5
4
3
30
4
5
4
13
8
2
3
38
12
5
4
43
7
1
3
42
1
6
2
39
2
6
2
28
1
2
4
55
6
7
4
12
3
4
2
40
1
3
3
27
5
2
4
42
3
5
2
17
1
6
3
14
14
2
4
27
3
7
2
66
3
3
3
66
9
5
2
45
1
7
2
33
2
7
4
32
12
5
3
4
9
1
1
49
1
6
4
53
12
4
1
47
2
1
3
2
11
1
1
23
3
1
3
8
17
4
3
26
5
6
4
8
15
3
1
4
1
7
1
30
15
7
4
16
11
4
1
8
14
1
1
5
2
4
4
10
12
4
4
5
3
2
3
34
10
7
3
41
3
5
1
45
2
7
3
43
1
7
2
68
4
1
4
25
7
5
4
54
7
3
4
38
5
3
2
26
2
3
4
49
6
5
2
31
4
7
2
35
3
6
1
47
1
6
2
42
1
1
4
9
2
6
3
29
1
2
4
34
14
4
4
47
14
2
2
8
3
6
1
65
2
3
3
31
25
2
3
26
6
4
1
71
2
5
2
61
1
4
3
67
38
3
3
11
14
5
1
45
1
2
2
60
2
3
3
31
13
4
4
7
1
6
2
66
1
3
2
5
1
3
2
71
2
5
3
11
17
1
3
41
1
1
2
10
3
7
3
45
7
7
2
60
1
1
3
18
19
2
1
26
1
2
1
1
1
1
4
28
11
3
3
23
13
2
3
39
2
4
1
38
2
1
3
37
3
5
2
34
1
1
4
6
12
1
2
9
3
3
2
36
4
3
4
33
1
5
4
35
5
4
3
4
21
2
4
2
2
3
3
13
2
3
3
27
6
6
4
2
11
5
1
35
4
6
2
13
1
2
2
31
5
4
3
5
4
7
4
17
9
4
3
32
5
6
1
54
1
5
4
15
9
6
2
2
1
4
4
65
14
5
4
3
5
5
2
53
3
3
1
22
1
5
3
52
2
3
3
3
2
5
4
1
14
1
3
47
6
6
4
25
5
1
1
14
2
6
4
3
22
5
3
42
2
6
3
17
7
1
1
33
1
6
4
28
2
3
1
68
1
6
2
4
2
3
2
71
3
6
4
11
21
4
4
23
16
1
2
43
1
7
1
52
3
3
2
25
2
5
1
18
9
4
2
42
4
6
3
25
1
4
3
44
1
5
4
66
4
2
3
55
4
3
4
30
3
6
3
60
25
7
3
37
5
2
4
31
11
7
4
5
22
3
3
65
19
2
2
12
1
3
4
13
11
1
4
61
4
4
4
16
1
5
1
2
1
7
2
55
2
7
3
12
1
1
4
67
33
2
4
65
11
1
1
9
2
5
1
26
3
2
3
40
2
4
3
12
4
2
1
28
3
3
2
17
2
4
4
14
34
2
3
67
32
1
2
27
2
3
4
38
3
5
2
26
4
5
2
27
1
2
1
25
1
2
1
41
1
1
2
13
3
3
4
71
2
6
1
32
5
7
3
53
1
2
