1
39
3
1
2
15
2
7
4
17
20
1
2
38
5
3
3
35
1
2
2
35
1
1
4
18
5
5
1
12
4
2
4
68
20
2
4
25
5
6
1
8
10
2
1
35
1
3
2
36
3
3
3
33
10
5
2
2
3
2
1
28
2
1
4
53
7
2
1
61
2
4
3
23
7
1
2
60
3
3
2
71
2
5
2
10
1
3
2
43
3
6
2
49
1
6
3
68
13
5
3
49
8
1
2
42
3
4
2
34
1
3
1
41
1
4
3
66
7
3
4
37
2
1
3
7
2
6
2
33
1
7
2
52
3
3
4
45
4
6
4
1
10
1
2
54
2
2
2
55
1
2
4
66
5
4
3
15
1
7
1
10
4
2
4
30
1
5
3
32
7
1
4
12
10
3
1
14
8
5
2
37
4
1
4
8
11
3
3
67
31
7
2
60
4
2
2
8
1
7
1
30
7
6
1
9
6
2
1
63
1
7
2
39
3
1
2
47
4
2
4
35
5
2
3
2
12
3
4
55
5
4
4
53
3
5
4
7
8
1
4
9
1
1
3
5
2
6
3
43
3
1
1
18
9
7
1
17
16
5
3
8
12
2
4
29
1
6
1
40
3
4
3
38
11
3
1
3
10
6
4
27
11
4
1
11
9
4
1
61
1
2
2
28
3
5
1
16
3
1
1
52
1
1
2
17
2
2
3
12
3
3
3
44
7
3
3
30
18
4
4
54
3
5
2
32
4
7
4
23
22
2
3
9
32
7
4
32
1
3
1
33
1
5
2
12
3
4
1
7
7
7
2
26
3
4
3
4
23
1
3
66
2
3
2
5
1
6
1
43
3
5
3
34
7
5
3
49
6
1
4
63
2
1
1
68
3
5
2
29
2
1
4
40
1
1
1
1
1
1
4
38
4
2
2
52
1
2
4
11
13
1
2
8
2
6
1
34
6
2
2
4
1
4
4
52
20
1
3
42
3
7
1
28
3
4
1
60
1
6
1
18
2
5
3
35
5
5
3
61
11
4
2
47
3
2
1
25
1
7
4
66
1
6
2
12
1
5
2
40
1
1
1
42
2
5
4
17
2
2
1
37
2
3
4
60
8
3
4
5
13
2
2
5
3
3
4
71
3
7
4
4
12
7
1
4
1
6
3
18
20
2
2
13
2
6
3
54
2
6
1
38
2
5
4
35
3
6
4
60
6
7
2
32
1
7
1
12
13
2
4
43
4
4
3
52
7
2
3
13
2
2
1
23
1
3
4
3
10
2
3
52
11
6
2
11
1
7
2
49
3
7
3
28
2
7
2
54
1
1
4
1
4
1
2
66
2
6
4
68
10
1
4
47
12
3
1
49
2
7
2
9
1
7
1
38
1
3
3
67
38
5
4
2
12
6
3
71
4
6
3
5
1
5
1
44
2
6
3
53
2
3
2
14
2
2
2
26
1
1
1
32
2
1
3
41
4
1
3
44
1
2
2
1
2
3
4
28
12
6
2
18
1
6
3
32
4
7
1
32
4
1
3
12
4
5
1
31
10
7
1
42
1
6
3
3
10
6
4
22
8
6
4
22
15
7
2
17
1
1
4
65
3
4
3
33
8
4
3
8
13
2
1
26
2
7
4
15
26
5
3
10
12
6
2
7
2
2
1
29
3
3
1
2
7
2
4
42
4
6
3
55
7
5
3
60
3
3
2
35
2
2
4
67
39
5
1
5
1
2
3
26
1
5
1
11
5
1
3
17
13
3
3
63
1
3
4
10
32
4
3
15
12
1
3
9
15
1
3
22
2
7
2
63
3
1
4
61
6
2
1
30
14
6
4
29
9
7
2
44
2
1
2
30
2
3
1
3
11
7
1
35
4
7
2
1
1
5
2
10
2
1
4
26
1
2
3
25
5
3
2
23
2
3
2
14
1
6
1
17
15
7
1
10
2
5
2
28
1
2
4
23
15
1
4
13
13
4
1
25
2
5
2
63
2
6
4
14
10
4
2
39
1
5
4
27
12
6
2
30
4
2
4
33
4
5
3
61
3
4
3
16
5
3
4
45
13
6
1
54
2
3
1
40
2
4
4
39
9
4
4
63
9
2
3
11
15
2
3
10
10
6
2
3
1
6
2
22
2
3
3
1
3
1
2
16
2
7
4
2
1
2
3
28
8
7
4
44
14
2
1
7
3
4
4
14
31
3
3
39
9
2
2
66
1
2
1
39
2
6
2
45
4
2
2
53
2
6
3
23
5
4
1
55
2
4
2
61
3
6
1
67
1
7
1
9
13
2
1
6
1
6
3
53
6
3
1
45
2
6
3
29
18
4
2
11
2
3
1
5
2
3
2
31
3
6
3
18
5
5
2
34
3
4
1
6
2
4
4
41
2
3
1
34
4
7
2
23
3
3
4
15
12
4
2
16
3
2
3
36
14
3
1
15
3
6
2
65
1
3
4
40
2
5
1
47
1
1
1
65
1
4
3
14
7
7
3
36
13
7
4
49
4
5
2
4
2
5
2
53
1
1
1
4
7
2
4
36
1
3
4
41
1
6
4
18
21
3
3
22
1
3
2
27
1
2
3
37
12
7
1
53
1
3
4
34
10
4
2
40
4
4
1
22
2
5
4
4
8
4
3
13
6
1
3
40
3
6
4
31
18
7
1
36
3
7
3
27
12
1
3
25
3
1
2
29
1
3
3
37
8
3
3
6
3
5
4
49
3
4
2
2
1
4
2
67
1
5
1
31
8
1
2
27
2
5
1
22
3
6
3
55
1
3
2
31
1
1
2
68
3
6
4
37
6
7
3
45
2
3
4
33
5
2
2
33
2
2
1
54
3
6
1
47
3
1
4
5
18
2
1
33
3
2
1
71
3
1
2
25
1
1
4
6
13
3
2
7
1
6
1
1
2
4
3
43
7
6
4
7
9
3
4
55
1
5
3
34
8
2
4
42
3
1
1
65
2
5
4
12
7
1
2
15
1
3
3
63
8
4
2
45
1
7
4
30
8
5
3
7
5
7
2
22
1
6
4
36
8
3
4
10
18
4
1
29
2
6
4
54
4
2
1
27
3
5
3
38
8
3
1
63
2
4
2
3
3
5
1
68
1
3
4
3
15
6
4
39
7
1
2
38
2
7
1
13
7
5
1
8
13
7
2
25
3
2
3
11
8
1
4
52
9
6
1
66
3
3
3
47
6
1
4
44
15
6
2
55
3
4
4
32
10
3
1
66
2
5
3
27
16
7
4
47
11
2
1
27
1
6
3
31
13
7
2
44
1
4
3
47
2
3
1
45
1
1
1
2
2
5
3
3
6
4
3
17
6
1
1
43
1
7
4
16
5
1
1
36
1
4
3
60
9
3
4
71
4
2
4
9
18
7
2
41
5
7
1
44
3
4
4
25
6
5
2
67
2
5
2
9
3
3
2
61
2
4
4
28
10
3
1
53
2
7
3
14
10
4
4
61
3
2
3
45
6
3
1
15
1
4
3
30
12
4
4
26
3
3
3
2
1
6
3
65
7
2
3
41
1
2
4
34
13
6
2
65
4
5
2
6
1
7
3
16
3
1
4
16
10
1
4
13
3
6
1
23
3
2
3
39
1
5
1
26
3
6
1
55
1
3
2
37
1
5
1
52
3
1
1
49
1
4
4
43
7
5
4
11
5
1
2
42
4
3
3
65
5
7
3
54
1
2
2
13
1
3
1
71
1
2
3
42
1
6
3
40
2
6
3
6
2
6
2
18
3
4
3
31
8
6
2
43
2
7
1
41
3
4
1
37
1
3
3
4
12
1
2
68
2
2
3
1
6
6
3
26
12
6
2
36
1
2
1
16
4
2
3
29
3
3
3
71
1
1
2
41
1
6
1
60
2
2
4
38
1
3
2
6
3
6
3
68
10
6
4
65
15
2
2
71
3
1
4
8
2
1
4
6
15
4
1
14
20
5
1
13
4
4
1
67
2
4
4
67
28
1
4
31
11
4
