2
47
2
4
3
15
13
4
2
55
2
6
1
9
9
3
4
68
4
2
3
16
1
1
3
31
16
1
2
65
4
1
4
34
5
3
3
54
2
4
2
1
1
7
1
35
3
7
2
41
2
5
1
4
6
4
3
4
2
1
3
5
3
7
2
4
2
2
1
66
1
7
2
18
2
5
2
52
3
3
4
13
9
7
1
40
2
3
3
14
26
3
4
29
15
5
1
22
1
4
4
25
2
1
2
38
4
4
2
29
1
2
2
54
1
3
3
25
2
1
2
25
2
3
2
42
2
2
3
33
24
3
4
14
21
6
1
60
2
3
3
27
1
1
4
66
2
7
2
34
2
1
1
13
1
4
2
44
2
7
2
32
1
7
2
66
2
2
2
14
2
2
2
66
3
4
1
17
1
4
2
23
1
3
2
3
3
1
1
23
2
1
1
29
3
5
2
65
3
2
4
61
10
7
2
10
3
4
1
39
2
1
3
44
3
6
1
41
2
6
1
68
1
6
1
8
17
3
4
7
9
6
1
3
4
2
3
10
8
1
1
67
3
6
1
11
5
6
2
68
1
5
2
60
2
2
1
37
1
6
1
44
3
6
3
60
31
3
3
41
2
5
1
30
17
2
4
35
5
3
3
65
3
2
1
43
2
6
3
53
6
2
1
26
1
4
4
60
5
5
2
63
2
2
3
37
9
4
1
1
1
7
3
33
21
1
1
34
8
4
4
32
6
2
2
26
4
2
4
16
10
4
4
7
3
3
4
3
12
1
3
43
1
5
1
33
7
1
4
8
9
3
4
49
3
5
4
30
2
3
2
40
2
2
2
25
1
7
3
18
11
4
1
66
3
3
2
12
1
4
1
7
11
7
1
52
2
5
2
27
3
3
4
63
2
4
1
18
3
7
1
42
2
4
3
63
5
1
2
53
2
5
2
47
1
6
1
37
2
2
4
42
5
1
1
27
1
7
2
7
2
7
3
28
15
2
2
44
5
5
4
49
6
6
4
37
13
3
4
4
13
4
3
63
11
1
4
11
21
5
2
28
2
5
1
26
3
5
3
38
5
4
3
3
9
3
2
37
1
4
1
65
2
3
1
44
1
2
1
28
2
6
3
44
4
7
3
18
23
1
2
30
4
1
3
52
1
5
4
43
12
4
2
14
1
4
3
10
12
5
4
22
14
3
3
4
20
4
3
22
4
1
4
54
3
5
3
8
18
4
2
53
1
5
4
45
13
1
4
52
3
7
3
39
1
4
1
25
3
6
4
26
4
1
3
6
3
6
1
38
2
6
2
1
3
5
4
2
8
5
2
6
1
1
4
31
20
3
3
55
3
1
2
17
2
6
4
4
24
2
2
9
3
2
3
12
2
1
3
35
1
6
1
12
13
6
2
71
2
7
2
49
3
7
4
28
4
2
4
6
18
1
4
31
26
7
1
32
4
2
3
49
3
7
4
29
2
3
4
1
11
4
2
30
2
4
1
2
4
2
3
17
12
6
1
53
1
7
2
63
3
5
1
3
6
4
3
43
8
6
3
7
5
6
1
71
1
4
3
66
6
3
1
43
3
7
3
34
8
1
1
4
5
3
3
67
16
4
4
54
1
1
1
14
10
2
4
23
16
5
1
2
1
4
4
28
11
2
4
1
3
4
4
39
7
7
2
15
3
1
3
23
19
1
4
6
15
2
3
30
7
6
1
55
2
1
1
31
14
5
1
35
1
7
3
47
9
5
2
61
1
2
1
55
1
6
4
43
11
2
4
27
2
6
2
67
1
1
1
15
2
5
1
33
6
3
4
52
4
1
3
40
6
7
4
10
25
2
1
52
3
6
4
23
23
2
3
36
10
1
2
36
4
6
4
36
9
4
2
35
1
6
1
68
3
5
4
3
5
2
3
26
11
2
2
55
1
6
1
34
5
3
1
7
8
5
4
17
5
5
4
40
3
1
4
37
11
1
1
10
2
4
1
60
1
3
1
36
2
6
2
5
2
2
3
31
27
2
3
35
8
1
2
31
5
5
2
29
3
3
3
23
8
5
1
54
1
1
1
61
1
4
1
14
15
3
1
8
5
2
1
16
4
1
1
45
2
3
2
36
1
6
1
61
2
2
4
11
13
5
4
44
17
7
3
47
8
7
3
7
2
4
3
11
14
4
4
44
2
1
3
61
5
1
3
66
3
3
4
47
2
1
1
22
3
2
3
30
22
4
1
12
10
3
3
9
24
2
2
61
3
3
3
68
4
2
1
47
2
7
3
42
1
4
1
42
1
1
2
16
2
4
2
2
2
7
2
7
1
2
3
25
9
2
4
14
9
5
2
13
1
2
2
22
2
4
1
15
4
2
3
29
11
6
2
45
1
6
1
5
2
3
2
43
3
5
2
39
1
7
1
9
4
4
1
6
1
3
3
13
7
7
3
2
3
7
3
38
10
7
3
29
17
5
3
22
12
3
3
26
1
3
4
65
11
6
2
38
3
3
1
36
3
1
2
31
2
1
4
55
11
2
2
27
1
7
2
10
2
4
4
53
5
7
3
5
2
2
3
65
13
1
3
16
7
7
4
15
3
1
1
65
1
6
4
13
16
5
3
68
16
1
2
40
4
5
4
35
4
4
1
17
13
1
2
42
1
3
4
34
14
2
1
18
13
3
4
60
4
4
4
33
8
3
3
32
11
4
2
33
3
3
4
2
13
5
4
12
2
6
1
6
2
3
2
8
3
2
2
68
4
5
2
32
2
6
4
38
2
3
1
71
3
2
1
25
1
6
1
27
2
1
4
42
2
4
4
53
3
3
3
42
3
5
1
28
1
2
1
39
3
4
4
25
5
1
4
36
15
6
3
54
1
4
2
15
1
7
2
2
1
2
4
16
11
4
4
65
7
5
4
5
11
7
2
9
1
5
4
18
25
6
3
40
3
2
3
45
1
4
2
43
1
6
1
13
5
4
3
41
1
4
4
61
11
3
4
66
3
3
3
60
10
4
4
41
2
4
3
28
8
6
2
35
3
5
2
33
1
5
2
26
3
3
1
63
2
5
3
39
2
4
1
11
4
4
4
47
4
5
4
8
14
4
4
45
11
6
3
6
6
2
1
31
7
2
1
23
1
5
4
68
23
2
2
45
2
4
1
30
11
3
1
10
6
5
2
18
1
4
2
54
2
2
1
67
2
1
1
45
1
6
1
16
7
5
4
22
6
5
4
10
20
4
2
34
1
7
1
1
3
3
3
1
5
2
3
53
4
6
2
49
4
4
1
49
1
2
1
40
3
3
4
55
5
2
3
67
21
4
3
17
14
3
4
17
19
1
3
32
6
4
3
71
4
7
2
60
4
5
2
13
2
1
2
67
2
2
2
17
1
5
1
5
1
7
2
39
4
1
2
41
1
3
1
32
6
1
2
22
1
2
4
71
1
1
1
53
2
1
1
41
3
7
3
49
1
1
4
40
2
4
2
11
1
3
3
8
17
6
4
5
6
1
2
6
3
5
3
2
1
7
4
18
10
6
3
71
1
1
3
45
2
4
3
37
6
6
2
16
3
7
3
52
2
6
3
3
4
4
2
8
1
1
4
9
9
7
4
26
10
6
4
33
11
7
4
39
3
3
4
67
16
5
4
71
4
1
4
41
3
7
4
27
7
3
4
12
4
2
3
61
10
2
1
54
2
7
2
23
3
3
2
5
3
3
2
4
1
6
4
15
22
3
4
32
11
6
1
47
3
7
3
13
4
6
3
1
6
4
3
12
4
5
3
36
3
6
4
38
3
2
4
30
7
4
2
52
5
1
4
63
1
5
3
27
15
6
3
11
7
4
1
38
3
4
3
55
11
1
3
9
6
7
1
49
2
1
1
29
1
3
2
3
2
2
2
71
1
5
4
67
2
5
2
11
3
5
3
14
22
6
2
12
2
7
1
63
1
3
3
15
9
3
3
34
9
2
2
28
1
6
2
37
2
2
4
9
17
4
