3
42
4
3
4
18
8
7
1
29
3
6
3
6
3
1
1
28
1
7
2
52
3
6
3
66
5
2
4
32
10
4
1
65
2
7
3
53
6
1
2
22
2
2
1
36
2
3
3
14
23
5
3
40
6
2
2
29
2
4
2
34
2
3
4
54
1
2
4
23
20
2
1
53
2
3
4
4
24
1
2
28
1
3
1
45
2
3
1
2
5
6
3
60
1
2
4
71
3
1
4
28
12
5
4
13
5
1
2
54
1
4
3
71
2
6
2
61
1
5
1
18
8
2
3
54
1
1
3
35
6
6
4
71
2
4
2
66
1
1
2
33
2
7
3
26
9
6
4
66
2
4
2
68
4
4
2
66
3
7
1
18
3
7
2
49
3
1
2
60
2
7
3
13
7
5
3
33
12
1
2
7
3
6
3
68
5
6
2
5
3
5
2
8
1
5
2
16
2
5
1
28
2
5
4
8
3
7
3
27
15
2
3
13
8
5
3
47
8
2
4
54
7
1
3
45
6
3
4
55
3
4
2
36
5
3
1
54
1
6
1
23
3
1
3
25
2
2
1
43
1
5
1
49
2
4
1
44
3
5
1
33
1
4
3
7
3
4
2
45
1
3
4
9
28
3
4
25
8
3
2
36
1
1
2
47
3
7
3
54
2
6
3
22
2
1
4
49
7
5
3
27
3
1
3
9
21
4
4
29
9
7
4
32
11
3
4
44
15
3
3
43
6
2
2
37
1
6
3
16
1
7
2
40
2
5
2
33
3
1
4
33
5
7
2
30
3
3
2
40
4
5
3
47
6
2
3
30
5
3
3
41
1
1
2
15
1
4
4
29
14
6
4
52
8
7
4
15
21
6
3
23
12
6
4
36
15
6
1
67
3
5
3
52
3
6
3
36
2
1
4
55
11
3
2
6
1
6
1
61
3
6
2
45
3
7
2
25
3
2
4
34
4
1
1
37
2
1
2
53
3
7
3
32
1
6
2
52
2
2
3
17
10
2
2
15
2
1
2
44
1
3
3
25
5
2
2
55
1
1
1
31
8
1
3
11
19
2
3
35
4
6
1
53
1
4
3
39
4
6
2
60
3
3
4
30
4
5
1
16
4
2
1
26
3
6
1
1
1
7
4
53
7
4
1
38
3
2
1
17
13
7
1
13
5
5
1
47
3
6
1
41
1
6
2
44
5
5
3
55
9
3
4
12
9
6
3
1
10
2
3
40
2
6
3
15
13
4
2
10
3
4
4
11
15
1
1
54
3
2
2
71
2
2
3
49
1
2
3
10
23
6
1
36
3
5
1
23
2
1
3
29
2
2
3
18
12
2
1
9
10
4
2
1
1
1
1
25
1
2
3
26
6
3
1
55
1
5
4
34
12
1
3
18
25
2
4
61
9
5
4
18
1
3
2
65
3
6
1
42
1
2
3
15
16
2
2
3
1
6
4
14
31
2
3
29
12
6
2
3
3
3
1
2
1
6
1
25
3
1
4
36
5
4
1
55
2
6
1
42
2
4
3
71
3
1
3
30
2
4
1
13
1
5
3
17
5
4
2
4
2
4
2
12
1
3
4
15
5
3
3
65
17
5
3
60
10
7
4
31
13
2
2
39
1
5
2
26
2
2
2
8
2
5
1
4
5
6
3
12
4
3
3
5
1
6
4
63
7
7
1
33
7
6
4
7
3
4
1
61
2
3
2
39
4
5
3
44
2
1
3
2
12
6
2
49
4
6
3
8
16
2
2
14
3
3
4
27
11
1
1
3
4
5
1
43
3
1
1
7
8
1
1
8
13
5
4
22
20
3
2
35
3
6
3
28
12
6
1
12
3
6
4
12
8
1
4
11
29
7
4
47
14
4
2
7
1
3
4
65
3
1
1
38
2
2
1
39
3
2
1
34
1
2
2
31
4
4
4
35
4
4
1
34
11
4
2
55
2
1
3
34
11
3
4
38
8
7
2
14
2
5
1
15
3
2
1
22
1
3
4
30
6
2
3
55
3
1
3
22
9
4
4
1
13
6
4
22
14
2
3
1
3
2
1
27
2
2
4
28
4
1
3
66
6
3
4
41
3
3
3
28
1
4
4
1
3
7
1
39
1
1
1
26
2
3
4
10
12
5
1
4
1
6
1
66
3
4
3
43
1
2
4
8
4
2
4
65
2
5
4
40
7
4
1
16
5
1
2
29
3
7
2
16
1
3
1
68
3
4
4
26
5
4
2
18
1
2
1
30
16
6
2
10
1
4
4
2
4
5
1
44
4
2
2
63
1
3
2
13
3
2
4
2
6
5
1
12
4
2
4
6
5
3
2
71
1
7
3
63
11
4
4
5
26
3
4
60
4
2
3
7
5
7
1
10
1
3
1
3
8
7
2
35
2
7
4
63
1
2
4
5
27
1
1
65
1
4
2
17
3
5
3
12
5
3
2
23
1
5
4
38
9
1
1
6
1
6
1
1
2
4
2
43
2
2
1
41
3
2
2
65
1
1
4
44
16
5
4
53
4
7
4
61
4
5
1
27
3
6
3
10
22
6
1
15
2
4
4
68
8
5
1
11
5
6
2
61
2
7
3
36
1
1
2
43
5
2
2
22
3
3
4
47
4
4
3
61
7
4
2
4
1
4
4
35
2
2
4
39
7
5
3
31
16
5
4
41
4
6
2
23
3
5
4
4
1
2
4
13
16
4
3
3
3
5
3
63
13
7
1
14
20
2
2
18
4
3
2
63
3
7
3
14
5
6
4
33
2
1
3
53
1
5
1
49
1
6
1
40
3
4
4
37
4
1
2
37
2
6
2
11
3
2
3
38
6
1
1
52
2
6
3
42
1
1
3
67
8
3
2
38
2
6
2
27
3
3
4
42
1
6
2
27
1
3
2
42
1
7
1
6
2
2
1
32
7
6
2
41
4
4
1
63
2
4
2
12
3
5
4
6
27
1
4
45
7
7
2
53
2
3
3
16
7
2
4
9
25
7
3
45
3
5
2
26
3
5
2
31
5
2
2
67
2
4
3
6
1
6
2
47
4
3
4
3
12
3
3
67
3
1
4
49
6
2
1
40
2
1
3
38
1
3
3
37
1
1
3
65
4
6
3
52
15
1
3
32
2
5
4
7
8
2
4
26
3
2
2
28
2
7
1
47
1
1
4
25
2
2
1
60
2
4
1
9
12
7
2
9
1
5
2
68
2
4
4
60
5
3
3
2
7
3
2
32
2
6
3
5
3
3
2
25
2
5
3
11
11
2
3
61
2
3
1
11
1
4
4
40
4
3
2
9
2
6
1
63
1
6
4
31
26
3
3
41
4
5
4
68
2
7
4
10
18
2
1
8
10
2
3
33
17
1
2
2
3
1
1
7
5
4
3
4
26
4
3
4
6
7
1
31
3
3
1
45
1
4
4
45
12
7
4
67
38
6
1
37
1
2
2
5
2
1
1
71
3
3
2
54
2
1
1
60
1
2
2
2
2
3
4
42
4
4
2
6
2
2
1
35
1
6
1
29
1
1
1
30
2
6
3
49
7
3
2
30
5
3
1
66
1
5
3
44
7
4
3
23
16
4
3
34
6
6
1
14
13
1
4
16
6
6
1
5
1
3
4
43
6
5
4
3
20
6
4
27
12
3
4
17
9
1
2
42
4
6
4
39
6
4
2
13
2
2
3
8
9
7
1
17
10
6
2
34
3
3
2
1
3
2
2
67
1
3
4
16
3
6
1
35
3
3
4
14
28
2
3
31
27
1
4
52
19
4
4
43
8
1
1
52
1
6
2
32
3
1
2
41
2
5
1
22
2
1
4
37
10
5
1
68
1
2
3
37
6
6
3
68
2
3
4
17
12
6
2
17
2
2
1
5
2
1
3
3
1
6
1
10
6
3
1
67
1
1
4
66
4
4
2
11
2
1
4
67
40
4
3
9
23
3
3
39
10
5
2
38
4
6
1
71
1
1
1
32
6
6
4
23
2
3
