3
42
3
7
2
38
5
2
1
38
1
5
4
60
1
7
4
71
3
1
2
1
1
6
3
6
6
6
3
38
8
6
1
43
2
7
3
4
3
6
2
3
1
1
2
66
1
7
1
44
3
1
1
32
6
3
4
16
11
2
1
4
7
1
3
32
10
1
1
17
7
2
1
22
2
5
4
1
1
2
4
47
12
2
2
33
3
3
4
23
13
2
1
42
1
7
1
15
4
1
4
10
32
2
2
22
2
7
2
4
3
4
3
33
23
6
4
12
2
2
1
32
1
3
1
52
1
1
4
39
1
3
4
6
31
1
2
41
1
1
3
42
2
3
1
60
1
2
1
61
3
1
3
22
1
2
2
8
3
3
4
17
21
6
1
71
2
6
2
36
1
3
4
14
34
2
2
11
2
4
2
15
3
7
2
52
1
2
3
15
6
4
4
32
3
5
3
71
2
4
3
16
6
1
2
35
2
5
1
40
1
3
4
14
22
1
4
45
11
3
1
66
1
7
4
38
3
7
2
53
2
1
2
18
3
6
2
37
2
2
1
34
8
4
4
26
5
1
4
35
4
3
2
16
1
5
4
2
7
7
4
42
4
5
3
14
13
2
4
41
4
6
2
63
3
2
3
26
9
4
4
16
12
6
4
22
1
7
1
35
1
5
1
54
3
5
4
43
12
5
4
55
5
1
4
3
2
6
4
28
9
6
1
18
6
3
3
1
1
7
1
23
1
1
2
1
2
6
4
13
12
1
1
67
3
1
1
42
2
1
4
35
5
6
4
9
21
7
3
36
9
1
1
13
4
6
1
29
3
1
3
14
18
3
4
67
36
7
3
54
1
5
2
53
1
2
2
11
1
6
1
37
2
3
2
30
2
5
3
11
5
6
2
31
1
5
3
36
5
1
4
22
19
3
2
12
2
6
4
40
2
3
4
66
1
1
2
4
1
1
4
52
19
4
4
38
4
6
2
7
1
4
2
14
1
2
1
43
1
4
2
67
1
4
2
14
2
2
1
38
3
3
4
32
9
3
2
44
3
2
1
18
4
4
1
26
3
5
2
2
2
4
2
3
3
4
1
71
1
2
2
37
4
4
4
7
9
5
2
6
3
4
2
28
3
2
3
68
16
5
2
71
2
1
1
11
10
6
2
5
3
5
3
29
7
5
3
17
15
1
1
45
1
6
4
4
25
2
2
32
2
1
2
43
3
7
3
23
8
5
2
10
1
6
2
65
2
6
1
8
15
6
2
26
1
7
4
63
11
2
3
55
3
6
3
12
2
6
4
30
2
5
4
44
18
5
1
40
3
6
3
67
10
4
1
28
3
5
1
14
10
6
4
44
14
2
1
34
4
2
2
43
5
4
3
7
1
5
3
34
5
3
3
71
5
7
4
27
1
6
3
18
4
6
3
61
11
7
1
6
2
6
2
42
3
5
3
13
9
2
4
54
1
5
1
68
3
3
4
8
16
3
1
52
3
3
4
40
8
4
4
65
13
1
3
40
3
2
4
53
15
5
1
31
17
4
2
66
3
6
4
25
7
7
4
68
12
2
2
36
3
6
2
45
4
6
1
65
2
1
1
61
2
4
1
33
2
1
3
63
5
2
4
11
25
6
3
30
14
5
2
47
4
4
3
43
7
2
1
12
13
7
4
42
2
2
1
23
2
4
2
42
4
5
3
47
10
2
1
39
2
5
3
12
7
2
3
13
2
5
3
66
7
6
1
27
2
2
2
63
2
4
2
40
3
3
4
33
9
7
3
3
9
2
1
41
3
4
2
55
1
1
4
65
1
7
3
49
2
6
2
2
3
2
4
66
4
4
2
41
4
3
4
60
4
5
1
35
3
4
2
10
3
5
1
3
10
2
2
6
2
2
3
44
8
4
1
2
2
6
4
34
11
1
3
18
13
1
4
34
12
2
1
3
2
7
1
63
1
2
1
7
10
2
3
31
30
6
1
45
2
1
1
54
1
6
4
49
2
1
3
30
7
4
4
36
14
4
1
49
1
3
3
55
10
4
2
25
3
1
2
49
4
7
1
16
1
7
1
5
2
5
1
31
15
5
1
49
2
7
2
31
2
2
1
63
2
1
3
49
1
7
3
23
18
3
3
33
24
5
4
25
3
3
3
27
2
2
2
40
4
4
2
39
1
3
2
52
5
5
3
28
15
1
2
27
2
6
4
52
10
5
4
71
2
3
4
18
26
5
2
67
2
5
1
5
1
1
3
31
24
1
1
47
2
6
3
45
5
3
3
40
5
1
1
55
2
2
2
8
2
3
1
25
2
4
1
37
1
1
4
12
3
6
3
11
10
4
2
47
1
1
1
30
17
6
4
47
11
3
1
28
2
7
3
3
3
5
3
10
8
6
1
55
1
4
4
9
10
6
4
63
10
4
2
60
3
7
3
22
11
1
3
15
17
6
1
30
2
2
3
38
6
5
1
16
5
1
3
16
3
6
3
66
2
7
2
5
2
7
2
68
1
6
2
55
2
7
4
27
4
3
2
34
1
4
3
52
13
4
4
13
13
3
4
53
6
6
3
29
1
5
1
29
2
6
2
29
3
1
1
33
8
2
1
10
6
3
1
9
13
4
2
33
1
7
3
8
12
2
1
41
2
6
3
32
6
3
2
60
2
4
4
23
22
5
2
65
1
2
3
27
17
1
2
34
2
3
4
7
8
4
4
4
20
7
4
43
8
5
2
54
1
6
3
9
30
1
2
71
1
7
1
53
1
6
4
2
4
4
2
44
1
6
3
35
7
2
3
35
1
6
2
28
1
3
2
9
3
6
4
1
14
3
1
12
2
2
2
32
1
4
4
36
11
6
4
3
6
5
1
36
2
4
4
31
17
5
1
66
3
3
2
18
4
6
3
4
12
4
4
67
16
6
3
52
1
5
2
27
1
1
3
67
37
1
3
34
6
7
4
61
4
4
3
60
1
7
2
23
3
1
1
8
8
6
3
47
8
3
3
2
4
3
2
30
1
5
2
26
3
7
1
11
11
6
3
28
7
6
3
41
2
1
2
23
2
1
3
37
11
5
4
61
12
5
1
1
3
4
3
60
8
3
4
15
10
7
3
10
25
4
3
63
2
7
2
35
1
1
3
7
3
6
2
68
2
2
1
4
3
1
1
44
4
1
2
54
2
1
2
38
2
7
4
30
7
2
1
68
2
4
1
25
3
7
2
45
1
3
3
37
8
3
4
41
1
6
3
8
17
6
4
33
7
4
3
53
8
6
1
39
4
4
1
47
3
4
3
25
5
5
1
9
11
4
1
53
2
6
3
41
3
7
3
43
8
1
4
5
5
3
1
17
6
6
3
45
3
2
4
37
11
6
2
22
3
7
1
27
3
6
4
29
3
7
2
13
3
1
2
13
1
2
4
18
19
3
3
5
4
2
3
61
1
2
1
67
2
4
2
39
4
6
1
15
1
2
3
25
6
4
2
16
2
7
2
17
1
1
2
61
2
4
4
17
15
2
4
68
5
2
3
39
7
5
2
49
2
1
2
61
3
6
3
44
4
3
3
2
11
1
1
2
3
1
4
37
14
2
2
29
2
1
4
5
19
7
4
31
27
1
4
26
9
5
2
25
2
4
1
7
9
2
4
10
7
3
4
15
9
1
3
53
3
2
1
10
8
5
3
9
20
5
1
1
1
4
1
14
14
4
4
54
3
5
3
65
20
1
2
17
3
3
1
36
3
6
4
39
5
1
3
65
18
3
3
5
5
7
3
6
4
1
4
49
3
2
4
6
10
2
4
29
6
2
1
60
2
4
1
26
1
7
2
15
2
4
4
55
11
2
3
39
5
1
3
26
11
4
3
68
11
4
1
6
1
2
1
13
3
1
3
54
2
4
3
17
13
3
4
11
3
4
2
7
2
1
4
28
8
3
4
45
9
3
4
8
5
4
2
9
1
4
1
65
1
3
2
12
1
1
3
1
4
5
1
22
3
5
