4
63
11
3
4
54
4
1
1
54
2
2
2
41
5
3
2
17
1
2
3
37
8
4
3
53
8
4
3
45
5
3
3
5
2
2
3
14
15
5
4
47
12
1
3
1
5
6
1
16
1
2
1
71
1
5
4
30
6
4
2
47
3
1
1
37
2
2
3
42
4
4
4
43
7
1
2
6
3
1
3
29
15
7
2
16
2
1
3
55
12
2
4
40
6
3
4
67
7
4
2
22
2
5
2
8
2
3
4
45
10
6
4
13
4
2
2
39
1
4
3
65
2
1
2
3
2
3
3
18
7
1
1
7
4
7
3
14
4
1
2
18
2
1
4
36
7
2
2
44
2
6
2
22
3
3
1
38
3
5
3
68
14
1
1
3
5
1
1
4
7
5
2
15
3
3
2
11
2
3
1
12
6
3
1
6
1
4
4
55
6
1
2
29
3
1
2
40
3
6
1
53
2
1
2
5
3
3
4
30
7
4
4
6
20
3
2
36
1
7
2
63
2
3
3
12
6
4
1
45
1
5
4
4
23
5
2
39
3
6
4
23
22
2
3
53
2
1
1
31
4
4
3
28
10
6
2
15
1
2
4
35
4
4
4
68
10
5
3
33
14
1
2
30
3
5
4
10
11
4
3
60
25
5
3
54
1
3
1
36
3
1
3
18
13
5
2
54
2
3
2
18
3
5
3
61
1
4
2
8
1
5
3
13
3
5
4
32
7
5
4
15
24
5
3
6
2
2
2
55
3
5
4
17
7
2
2
32
1
5
2
41
4
5
2
52
1
2
1
8
8
5
1
6
2
3
1
11
11
5
3
26
10
7
1
29
3
2
3
2
12
2
4
15
5
3
3
45
6
7
2
27
2
5
3
36
4
6
4
37
7
1
2
29
1
2
1
15
1
1
4
11
3
5
4
66
6
2
3
22
9
4
4
35
5
6
2
37
3
6
4
10
27
7
3
11
24
6
3
47
8
4
2
34
3
6
1
8
2
2
2
40
2
2
2
3
3
7
3
30
28
7
4
23
17
3
2
6
2
3
2
12
1
1
3
3
6
6
3
10
23
1
4
6
6
1
2
65
3
2
2
47
4
7
3
13
8
2
2
60
4
6
3
17
8
2
4
63
1
7
3
32
5
2
3
26
1
4
3
12
7
1
1
66
3
4
1
53
1
7
1
17
2
7
1
44
4
2
3
63
2
2
3
17
12
6
4
41
4
5
1
34
6
1
3
43
2
7
1
1
1
5
2
13
3
2
1
12
11
2
1
47
3
1
1
33
6
7
4
68
1
7
4
28
13
7
3
67
32
1
3
41
1
1
4
39
3
6
3
33
4
4
3
39
4
1
4
40
5
7
1
52
1
1
1
47
1
1
3
66
1
1
2
67
1
7
2
67
2
1
3
15
7
7
1
18
9
5
4
53
4
2
1
65
1
2
1
40
2
6
4
1
4
6
3
8
1
3
2
1
3
7
3
41
2
3
4
28
6
7
1
28
3
1
1
25
2
3
4
34
4
6
2
27
3
1
2
2
2
3
3
23
12
2
1
4
4
7
2
42
2
4
4
34
1
2
2
26
1
1
2
13
1
4
1
11
12
3
1
15
4
4
3
35
1
7
1
27
1
2
2
49
1
1
1
30
9
7
4
37
1
1
4
67
18
5
4
32
4
7
2
16
1
2
3
43
3
5
1
63
2
6
2
25
2
5
1
41
1
6
2
60
3
6
4
52
2
6
3
52
7
2
2
31
3
6
1
68
1
1
4
16
3
7
3
9
20
4
4
55
9
4
3
61
4
4
1
2
2
1
3
25
9
5
2
53
3
3
1
45
2
4
1
3
11
4
1
7
8
5
4
18
21
1
1
60
2
5
1
13
6
3
3
22
10
3
2
37
4
3
1
10
3
4
1
34
5
1
3
40
2
2
3
25
6
4
2
45
2
6
3
66
4
7
4
16
5
1
1
16
2
3
3
71
2
4
2
61
3
3
4
42
3
7
3
42
1
7
3
15
6
2
3
49
6
4
3
9
15
6
2
30
5
2
2
55
2
2
4
11
25
6
4
38
3
7
4
14
14
4
4
7
5
1
3
65
18
7
1
23
2
2
1
14
15
5
1
29
2
1
4
2
6
7
4
26
8
7
4
49
8
3
1
42
1
5
4
60
8
2
1
18
6
1
4
44
13
7
1
68
2
1
1
39
3
1
2
25
3
2
3
35
6
6
2
35
2
7
2
31
1
2
1
26
3
4
1
30
3
5
4
71
5
1
4
53
10
2
1
63
1
1
3
31
16
1
4
17
23
1
2
17
3
7
1
38
2
7
4
5
14
1
1
9
6
7
3
47
3
7
2
54
1
7
3
34
8
4
1
23
3
5
4
45
9
4
4
1
14
5
2
36
4
2
3
23
5
7
2
23
3
4
3
6
6
1
4
27
11
7
1
33
8
4
2
11
1
7
2
9
3
4
2
4
1
3
4
61
10
2
3
39
2
7
1
41
3
1
4
65
8
1
4
3
14
2
1
52
3
6
1
55
1
7
2
68
1
7
3
60
23
6
2
65
1
4
4
29
9
3
1
65
2
2
3
16
4
6
2
14
3
1
1
31
17
5
1
61
2
3
3
67
21
6
3
2
2
2
1
71
3
1
1
44
2
6
1
67
1
7
4
7
6
2
1
40
1
6
3
55
2
5
2
32
2
5
3
28
4
1
4
42
4
3
3
68
15
6
4
18
17
1
4
2
10
3
3
16
7
4
3
7
4
1
1
43
3
1
2
71
3
4
2
28
2
7
4
49
2
2
4
27
10
7
2
12
3
5
3
29
8
1
2
68
2
1
1
36
1
4
1
37
1
7
4
25
5
5
4
4
12
7
3
38
6
5
1
22
1
3
2
33
2
3
1
35
3
7
2
35
3
3
3
8
16
6
3
34
11
1
2
63
1
4
3
27
14
7
1
10
5
2
2
2
1
6
1
39
4
7
2
1
1
6
1
26
1
5
2
44
1
1
3
30
4
7
4
66
4
7
1
5
2
5
2
7
1
3
4
3
2
5
1
32
6
5
2
43
4
2
1
22
2
4
2
45
3
6
3
7
5
4
3
31
19
6
1
60
1
3
4
60
4
2
4
52
11
6
2
43
3
5
2
26
3
7
4
5
17
1
2
23
1
6
4
39
2
6
2
53
1
1
3
3
5
2
4
31
6
3
1
35
2
6
2
33
1
7
3
1
6
7
1
1
3
4
4
25
9
3
4
43
4
7
4
44
16
3
3
49
2
5
3
32
1
7
1
54
3
7
1
25
1
6
3
36
3
6
3
37
5
1
2
66
3
2
3
10
6
1
1
49
1
4
4
13
5
7
4
12
3
6
4
29
2
1
1
67
2
7
3
71
4
2
2
71
2
1
3
44
10
6
4
33
2
6
4
22
6
2
3
4
19
2
3
38
11
6
1
14
9
7
3
52
9
6
3
4
15
5
4
12
7
4
3
54
2
1
4
14
28
2
4
8
6
3
1
9
5
7
4
54
1
4
2
5
2
7
4
36
3
1
4
38
1
2
2
14
1
5
2
28
3
4
4
9
6
5
4
22
4
4
2
61
1
4
1
66
2
1
3
27
7
1
1
27
2
7
2
10
1
7
1
17
16
5
1
2
3
5
3
44
4
2
2
7
3
1
3
5
3
3
2
52
4
7
4
8
7
3
2
34
2
6
2
38
5
5
2
66
1
4
4
33
9
2
1
5
1
5
4
9
11
2
2
9
2
4
4
61
9
4
2
10
3
3
3
40
5
4
2
42
1
3
4
31
13
6
1
55
2
3
1
61
3
6
4
47
4
4
3
11
18
1
3
63
4
1
1
13
9
2
1
43
1
2
2
4
3
4
4
65
9
7
2
38
4
6
2
49
3
1
1
28
2
5
1
42
2
1
1
32
4
6
4
26
11
4
4
71
2
6
4
41
2
2
1
49
2
6
