1
52
3
7
3
12
5
7
2
60
1
3
4
54
5
6
3
29
3
1
2
2
1
4
1
35
1
7
3
53
6
5
4
17
14
5
4
42
4
7
4
12
10
1
2
22
1
2
4
3
4
7
3
36
8
7
3
30
20
6
2
5
2
6
2
67
1
2
4
9
16
7
1
66
1
4
1
71
3
3
3
54
2
7
4
66
5
3
1
25
2
7
4
43
10
6
1
61
3
1
2
11
1
4
3
47
3
6
4
47
17
5
4
25
3
1
3
10
19
7
1
43
1
4
1
26
1
7
2
27
3
6
3
14
19
5
1
33
7
2
1
71
1
7
1
17
16
7
3
25
8
4
3
23
5
3
3
27
2
4
2
67
2
6
3
16
4
2
1
37
1
2
3
41
3
7
2
28
1
2
1
16
3
1
3
5
5
1
4
28
12
4
1
36
1
6
3
7
2
1
1
53
1
7
3
60
21
3
3
71
2
4
1
22
3
4
3
22
9
1
1
65
2
1
4
35
2
6
3
2
4
1
4
33
6
4
4
34
11
1
4
23
16
3
4
8
5
4
4
13
5
6
4
38
8
7
3
6
3
6
3
23
16
5
3
26
9
3
3
13
7
6
2
60
2
1
1
10
5
3
3
28
2
4
1
41
3
3
3
26
5
2
3
8
4
4
2
41
3
3
2
35
1
4
3
11
9
1
4
49
4
7
1
25
3
1
4
29
4
6
3
5
1
2
4
43
11
3
1
38
2
4
2
42
2
5
1
18
1
1
1
44
2
3
4
2
7
4
1
39
4
6
3
66
7
3
3
33
8
3
2
45
1
1
2
32
1
7
4
54
4
7
2
35
3
1
3
18
14
6
3
31
5
5
2
47
3
2
4
71
4
5
2
13
1
4
4
8
17
4
4
68
9
6
1
7
5
3
1
15
3
7
1
28
1
3
2
10
1
7
3
33
13
6
3
4
20
1
2
66
2
3
3
13
3
7
3
41
2
2
4
14
32
5
4
39
4
4
1
44
4
5
3
37
12
3
4
30
7
1
1
5
1
1
1
29
2
1
1
40
2
7
3
66
2
5
2
65
4
1
1
43
2
2
2
55
2
2
2
8
3
2
1
53
2
7
2
33
2
7
2
38
5
4
2
25
3
7
3
67
20
2
3
61
5
7
4
53
1
7
4
61
1
7
1
36
2
2
1
32
2
3
4
52
6
1
3
22
3
3
2
37
2
4
2
44
1
4
4
7
8
5
3
68
6
1
3
40
5
5
2
40
2
5
3
54
1
2
4
1
12
3
1
4
7
1
4
27
1
4
3
63
3
2
4
31
5
2
4
26
2
1
1
31
1
5
3
61
7
4
2
7
1
4
1
34
9
4
2
5
1
7
2
66
1
3
3
55
2
7
1
49
1
1
4
45
14
6
1
9
8
3
4
18
22
1
1
65
1
4
4
67
21
6
3
47
4
5
2
31
1
5
4
18
18
4
4
63
12
1
4
32
12
4
4
47
11
1
3
1
10
5
4
32
13
2
2
43
4
1
2
49
1
7
1
42
1
1
2
12
3
1
2
68
2
3
1
2
2
2
3
10
8
3
4
49
2
5
2
29
1
3
2
37
4
3
2
30
1
1
2
16
1
4
1
7
6
7
1
8
4
5
4
52
1
2
1
30
4
4
4
36
12
1
4
27
4
5
2
3
1
4
2
30
4
6
2
3
2
2
2
8
2
1
2
36
1
7
1
13
4
2
4
60
6
3
1
60
2
4
2
15
3
3
2
38
2
3
3
17
17
6
4
16
9
4
4
39
10
5
2
34
3
2
3
45
4
3
2
4
1
6
3
65
17
1
3
35
1
6
3
40
3
4
4
61
2
7
4
29
2
5
3
25
4
3
3
71
5
4
1
60
1
1
2
40
4
1
3
39
7
5
3
38
4
4
2
14
3
5
2
12
1
1
3
52
16
2
1
38
3
4
3
36
12
1
2
29
2
4
2
6
1
7
1
67
2
4
1
3
2
1
4
1
6
3
4
71
3
5
4
4
26
4
2
4
3
3
4
45
7
2
2
54
2
2
3
55
13
5
3
2
2
5
2
25
2
4
1
23
3
7
3
45
6
5
4
15
19
7
1
55
1
2
3
34
10
4
1
6
2
4
1
33
6
2
4
34
7
4
4
33
8
4
4
5
11
3
3
44
9
7
2
54
1
2
1
15
4
6
4
13
11
3
3
3
10
5
2
65
2
3
4
23
17
6
3
32
2
4
1
3
7
1
2
53
2
3
1
68
1
4
4
14
21
6
2
36
5
2
3
44
3
2
1
5
2
4
3
43
8
7
3
9
10
4
2
63
1
2
3
31
13
3
3
15
8
3
4
2
8
4
2
71
2
2
2
33
3
5
1
37
2
7
3
49
7
6
1
63
2
7
3
42
4
1
1
32
7
2
3
60
20
7
1
1
1
6
1
39
1
4
1
54
2
2
4
53
8
1
3
67
38
5
2
13
2
5
2
11
2
5
2
9
1
2
3
37
5
1
1
45
1
2
4
41
2
7
2
7
3
2
1
6
1
2
4
11
24
4
2
22
3
2
4
16
5
6
2
31
2
6
1
49
2
3
1
54
1
7
4
6
2
4
4
5
20
5
1
55
2
3
4
42
2
6
4
28
2
3
4
31
27
1
2
47
4
2
1
27
3
1
4
60
3
6
4
36
14
1
2
15
2
4
3
15
16
7
2
28
2
3
4
65
12
7
1
68
3
2
2
16
2
7
2
39
3
7
2
17
2
7
1
11
12
4
4
30
1
7
4
66
3
2
3
12
1
4
4
67
40
6
4
44
13
7
4
37
7
5
2
41
5
4
4
55
4
2
4
10
8
5
3
9
19
3
1
67
3
2
3
7
1
4
1
66
2
5
1
42
2
3
4
4
7
2
1
40
1
6
4
10
11
1
1
16
1
6
4
55
8
4
1
9
12
6
2
63
3
2
2
26
4
5
4
68
23
1
1
26
3
3
3
39
9
1
2
9
2
4
4
26
1
5
4
6
19
7
2
42
3
2
1
34
11
6
1
30
2
4
1
10
3
2
3
28
13
2
2
23
2
6
2
14
2
3
3
27
5
4
2
34
1
7
1
31
15
7
4
22
6
7
2
1
1
5
3
11
10
1
4
15
4
4
3
1
4
2
2
43
5
4
3
38
5
3
2
18
3
6
4
65
7
1
4
12
9
7
3
16
6
7
1
17
1
4
1
11
4
6
3
68
14
6
1
8
9
3
2
52
1
3
4
35
1
6
2
71
3
3
2
2
3
7
2
23
3
1
4
11
9
5
2
68
4
7
1
35
4
3
4
25
5
4
1
45
2
7
3
18
16
1
3
35
6
5
3
29
19
1
3
30
23
5
1
2
4
4
3
42
3
4
4
17
11
6
2
55
3
2
4
38
4
7
3
53
2
3
2
39
4
6
3
8
18
1
4
63
1
4
1
29
3
4
2
17
1
3
3
6
2
4
4
40
1
3
1
23
1
7
2
27
2
3
3
52
6
2
1
27
2
4
1
14
8
4
1
13
1
5
1
47
1
5
3
43
5
1
3
65
9
1
4
41
1
7
2
53
3
2
3
32
7
2
4
37
13
6
2
32
2
3
3
63
1
4
4
7
7
6
3
14
18
3
4
3
19
1
3
17
13
6
3
34
6
4
4
22
20
4
3
4
17
2
2
10
2
3
2
61
3
6
2
45
3
7
2
1
2
3
1
14
15
2
1
1
3
2
1
18
14
2
1
63
1
7
1
52
1
4
2
52
7
6
3
49
5
3
2
49
3
5
2
61
2
6
1
22
1
4
1
28
3
6
1
4
8
3
4
44
18
5
1
12
10
2
4
40
3
6
1
61
1
6
1
41
2
5
4
9
5
5
1
12
13
7
2
18
4
2
1
47
2
2
3
3
3
6
2
26
3
1
2
44
3
4
2
6
2
7
