1
42
1
2
4
71
1
5
3
11
15
5
3
68
1
7
3
23
3
3
3
41
4
3
2
55
3
3
2
1
3
1
3
15
6
7
2
43
4
7
2
34
3
1
4
18
27
6
4
33
3
1
1
17
12
1
2
7
2
3
4
60
2
7
1
65
2
3
3
11
20
1
3
29
14
3
2
39
2
3
4
17
19
5
4
30
8
2
1
27
3
1
3
6
6
5
2
67
2
7
1
55
2
2
1
47
3
2
3
55
10
6
2
54
1
6
2
30
5
5
2
26
2
6
2
18
3
1
1
9
13
4
3
14
12
4
3
3
3
1
2
22
3
4
1
43
3
2
3
60
9
6
1
52
3
5
4
32
1
1
2
23
3
7
2
7
1
4
2
36
5
4
3
28
4
7
2
68
3
5
4
9
24
4
2
18
1
2
4
3
7
1
2
33
3
1
1
7
4
1
4
8
9
3
3
6
3
2
1
10
8
2
1
17
11
1
3
54
2
7
4
30
1
5
2
53
3
5
1
3
6
3
2
15
1
4
1
16
5
1
1
16
2
7
4
44
17
5
4
5
26
7
1
28
2
1
3
52
17
3
3
30
8
5
4
28
10
4
1
67
2
5
4
36
5
6
4
37
10
1
3
67
2
4
3
4
17
5
3
29
12
4
3
37
5
5
4
49
2
7
2
45
1
5
1
11
3
7
3
18
25
7
4
7
3
1
1
34
3
7
4
37
1
7
1
71
3
1
1
15
1
3
4
66
5
7
1
61
2
1
4
15
1
3
4
25
1
7
4
65
8
2
3
65
3
4
4
47
13
1
1
2
3
7
2
14
2
3
2
29
1
2
3
12
6
6
3
27
13
1
1
66
2
4
4
49
1
4
2
1
1
6
4
45
10
7
4
23
18
2
3
61
1
6
3
34
10
6
4
31
8
2
1
29
3
4
1
38
1
4
3
39
5
2
1
55
1
3
1
13
4
6
4
18
19
3
1
61
1
6
2
37
1
4
1
10
5
4
2
47
2
4
2
71
1
5
1
23
2
5
2
26
1
1
3
7
3
1
2
66
1
1
1
30
17
7
1
26
2
6
4
16
3
4
2
37
2
7
3
7
2
4
2
49
4
7
4
36
10
2
4
68
15
4
4
26
11
1
4
16
4
5
2
45
3
4
1
68
1
3
4
39
10
4
3
16
2
6
1
40
1
7
2
44
3
5
2
60
4
4
3
39
1
7
4
29
1
5
1
60
2
1
3
9
18
2
2
13
3
6
4
1
5
5
4
10
19
2
3
42
1
3
4
53
15
6
1
6
2
1
4
9
20
7
3
37
4
5
2
2
1
3
3
4
28
5
3
61
4
5
1
63
1
1
2
61
1
2
3
33
8
5
4
55
2
3
4
68
4
5
4
2
10
3
2
27
2
1
3
10
16
7
4
27
12
6
4
52
8
4
4
43
3
4
2
38
2
7
3
44
3
2
3
17
17
3
2
4
1
7
1
1
1
5
4
12
3
3
2
8
3
3
3
35
3
4
4
11
1
6
4
53
4
1
4
26
4
4
4
34
6
5
4
40
2
7
3
8
13
1
2
42
1
4
4
11
22
7
3
63
3
5
3
38
10
5
1
5
1
6
1
54
3
7
2
29
2
4
1
67
3
2
2
11
2
5
3
13
5
5
3
55
16
1
3
40
3
5
4
4
24
4
3
47
10
1
3
68
6
4
2
65
3
2
1
14
14
3
3
1
10
6
1
39
2
6
2
42
3
7
1
40
3
7
4
6
24
4
2
67
1
4
2
2
3
5
3
9
17
2
2
9
3
7
2
15
3
4
4
55
4
4
4
2
1
3
3
63
10
7
2
36
4
2
2
32
3
7
4
42
4
1
1
8
5
1
1
30
13
2
1
22
1
5
3
5
2
4
4
61
2
1
4
67
23
4
2
31
5
6
3
2
10
2
2
28
3
1
2
68
1
6
3
36
14
6
1
33
5
1
1
8
11
3
4
32
4
1
1
31
7
3
2
14
3
3
3
45
3
7
3
43
6
5
4
65
2
3
3
30
28
4
1
42
2
6
2
5
3
6
4
22
11
5
2
35
3
5
1
4
4
7
1
25
2
3
3
53
3
4
1
41
3
2
1
49
2
2
1
15
3
2
3
25
2
7
4
61
7
6
2
12
1
7
4
38
3
1
1
1
2
2
2
65
2
7
2
71
3
4
3
2
9
6
4
13
1
5
1
3
11
4
3
53
1
4
1
35
3
1
2
11
3
7
3
13
7
4
3
8
2
1
3
31
23
5
3
65
16
3
1
14
8
5
2
28
2
5
4
5
23
1
3
12
2
5
3
10
12
4
1
36
1
1
1
28
3
2
1
38
2
1
4
41
3
6
1
7
11
3
3
71
4
5
3
15
16
4
2
47
3
3
2
22
1
7
3
26
5
1
4
41
1
4
4
1
13
1
1
66
1
3
3
47
3
6
1
9
2
6
1
71
1
6
1
29
2
4
2
53
2
6
1
25
3
6
4
44
6
5
1
31
9
1
2
35
2
3
2
4
3
6
4
42
1
1
4
54
12
1
2
39
4
6
1
41
1
3
3
18
19
6
4
3
16
3
3
36
2
4
4
35
3
7
2
9
2
6
3
44
10
3
2
23
2
3
3
42
4
6
3
5
4
4
2
63
2
2
2
10
2
2
1
2
6
3
3
3
9
5
1
63
2
5
2
33
1
4
4
10
2
6
2
6
1
5
1
43
1
2
3
27
7
2
4
60
6
2
2
17
3
7
2
40
3
1
3
33
12
7
2
32
4
6
4
40
4
6
2
60
2
5
4
52
2
1
2
3
3
6
2
3
1
4
4
8
5
1
3
49
4
1
3
22
7
4
3
31
18
6
1
68
2
5
3
16
5
4
4
33
7
3
4
29
9
4
4
17
7
4
3
32
7
6
4
63
2
6
3
22
4
6
4
7
8
2
2
34
1
6
2
25
2
5
2
55
2
5
4
14
30
6
2
8
1
6
1
18
2
5
1
53
2
5
1
37
1
6
4
27
8
4
2
44
2
6
1
18
6
3
3
1
8
1
4
13
3
3
3
60
4
7
1
27
2
1
4
14
25
3
3
67
36
3
1
44
3
5
1
5
2
3
3
40
2
6
3
49
6
1
1
37
2
7
2
66
2
3
1
44
4
7
3
34
4
2
1
26
1
4
1
52
2
2
2
43
3
1
4
43
11
5
2
38
4
1
2
41
2
4
2
13
1
6
3
17
14
7
3
23
8
3
4
12
5
5
3
66
1
2
4
66
2
6
4
6
17
6
3
54
1
5
3
32
5
4
1
60
1
6
2
52
3
4
1
32
5
3
2
16
1
1
2
40
2
5
1
23
1
7
4
39
9
5
2
63
1
1
1
12
5
1
4
38
4
2
4
22
9
6
3
41
1
5
4
47
14
1
1
6
1
4
2
27
3
2
2
10
3
3
4
45
4
1
1
34
6
3
2
6
3
3
1
33
3
3
2
5
2
5
1
45
2
5
3
26
11
2
1
35
2
7
1
39
4
2
1
65
1
1
3
25
3
2
2
49
1
7
1
4
1
1
2
16
3
5
1
45
1
4
2
25
3
4
2
52
2
4
1
54
1
1
4
28
1
2
3
14
20
3
1
32
4
4
2
41
3
3
1
12
17
3
4
54
5
1
4
63
9
1
1
49
1
2
3
71
5
4
1
22
3
2
1
53
1
5
3
66
5
5
4
34
11
4
2
61
3
5
4
35
1
4
4
4
10
4
2
54
2
2
1
36
3
3
1
47
2
6
4
67
29
3
2
30
4
3
4
23
20
4
3
38
7
5
4
71
6
1
4
31
5
5
2
12
2
4
2
17
1
6
3
52
14
1
3
45
2
4
3
35
8
4
1
11
12
7
1
13
7
7
3
43
3
7
2
31
3
4
3
28
15
7
4
25
9
2
4
15
10
4
