2
17
2
3
2
10
2
4
1
42
2
2
4
17
14
1
2
55
1
1
2
12
2
1
4
4
4
3
3
3
10
5
1
10
6
3
3
27
6
1
3
38
4
6
3
67
33
1
2
45
2
1
4
23
15
1
2
36
3
6
2
60
4
1
4
55
4
1
3
4
4
7
3
29
3
5
1
41
2
5
4
14
34
7
1
49
2
2
1
13
4
1
3
53
3
2
3
14
2
6
2
18
3
5
2
32
2
3
4
54
1
3
3
28
11
4
4
6
9
6
1
28
1
7
4
5
8
7
4
38
9
6
3
47
6
2
4
68
18
7
4
2
6
5
3
23
3
5
4
22
15
3
3
10
5
5
3
7
1
5
3
3
6
1
1
7
10
7
1
18
8
7
4
45
5
4
1
3
5
2
3
2
6
5
2
33
1
1
2
8
2
5
4
40
2
5
4
30
6
2
3
53
4
3
2
40
4
1
1
12
17
2
4
12
9
4
2
39
2
5
3
60
13
5
1
30
10
5
2
71
2
4
2
5
3
2
3
16
1
3
3
33
10
4
4
10
15
4
4
35
1
2
2
1
2
4
2
28
1
4
2
55
3
6
1
67
2
1
4
43
7
4
2
35
3
5
4
45
4
4
3
41
3
7
2
31
5
2
3
61
7
2
1
16
6
3
2
14
3
4
4
16
11
6
2
16
1
2
3
66
1
5
2
42
2
5
2
65
1
3
1
27
1
7
4
1
13
6
2
29
3
1
3
32
8
4
4
32
12
6
2
43
3
5
2
7
1
7
3
36
12
1
2
22
3
7
4
18
5
2
1
26
3
2
4
28
4
2
2
1
3
2
3
52
16
7
4
35
3
3
3
43
6
3
1
8
1
2
3
49
8
7
3
71
2
1
2
66
3
5
2
18
2
3
1
22
2
5
1
71
1
7
2
41
4
4
2
65
3
4
1
14
18
3
1
31
1
4
2
25
2
2
4
54
2
7
4
5
4
4
1
60
1
3
2
9
3
6
1
45
2
5
4
52
20
2
2
11
2
6
1
40
2
7
2
25
1
1
3
1
7
3
4
30
4
3
4
41
3
6
4
8
16
7
1
1
1
5
3
60
29
2
3
44
3
1
4
17
18
3
3
61
8
6
3
47
4
2
4
47
3
7
4
61
8
3
4
39
10
3
1
35
4
4
3
55
13
3
3
25
4
2
4
27
2
3
1
47
2
6
2
29
2
1
3
65
1
7
1
43
1
7
3
5
3
3
2
39
4
6
4
53
14
1
1
33
7
7
4
36
7
3
1
2
3
7
1
34
4
7
3
45
7
6
1
60
2
2
2
14
2
6
3
63
7
3
3
38
6
2
3
39
3
1
2
45
1
4
2
2
1
6
2
31
2
7
2
38
5
5
3
12
2
7
1
8
5
2
4
39
3
2
2
47
2
7
4
32
8
6
2
33
3
7
1
44
2
1
3
67
15
1
2
68
4
5
1
33
5
7
3
13
9
3
3
44
8
3
1
11
9
1
4
15
11
3
2
8
1
6
2
30
5
1
2
37
1
1
3
31
10
7
1
66
1
3
2
43
1
1
2
22
2
7
1
49
1
4
4
28
12
1
1
25
1
6
1
9
10
4
3
13
5
1
3
11
5
7
2
49
4
7
2
26
3
4
4
49
2
6
3
66
4
7
2
16
3
6
1
36
1
6
3
35
5
1
4
25
4
4
1
23
3
5
1
23
1
6
4
36
8
3
3
63
11
5
2
36
4
3
4
11
5
7
2
7
2
4
3
41
2
2
2
67
1
2
3
37
1
3
3
10
9
6
3
65
18
5
1
29
1
2
3
8
9
3
3
18
6
5
1
6
1
6
4
14
30
3
3
5
4
5
3
17
6
4
4
71
3
4
1
16
4
5
1
65
1
6
4
13
15
3
2
52
3
5
2
26
2
5
2
61
2
1
3
68
17
2
4
25
5
7
2
3
2
7
2
53
3
4
1
32
7
7
4
26
9
7
4
60
7
4
2
34
2
7
3
36
10
3
3
68
14
1
3
26
9
3
4
41
1
1
4
44
9
3
4
1
8
1
1
63
1
1
3
54
2
4
1
47
3
6
2
44
5
1
1
9
4
1
1
18
5
3
1
15
3
4
1
34
11
3
3
42
1
3
2
47
4
6
4
66
5
2
1
37
1
1
2
63
2
1
4
60
5
2
4
47
17
5
3
42
2
7
1
54
2
3
3
49
7
6
1
27
3
3
4
11
10
7
3
11
6
7
2
23
2
3
3
22
5
2
4
26
11
3
1
36
2
2
2
34
3
5
3
2
2
7
1
13
5
5
1
52
1
6
2
27
3
7
1
40
1
6
3
35
6
5
4
68
15
2
1
6
2
7
1
38
2
3
1
3
7
1
1
5
2
1
4
8
13
7
3
39
7
7
2
4
3
2
4
53
12
4
4
6
25
4
2
27
1
7
3
23
1
6
2
15
2
7
2
13
3
3
3
4
11
1
2
37
3
4
1
66
3
2
3
7
3
7
2
17
1
3
1
32
2
3
2
2
3
3
2
11
1
3
3
15
16
5
4
13
7
1
4
2
9
2
1
35
2
7
3
30
21
2
1
2
2
2
4
34
8
7
4
9
19
5
1
52
2
6
4
33
8
6
1
68
2
1
1
26
1
5
1
17
1
5
3
18
14
4
1
67
3
4
4
12
8
4
4
4
15
3
1
4
2
3
1
1
3
3
3
71
3
4
4
10
6
5
3
40
3
1
2
52
6
4
1
61
3
5
4
65
14
4
2
71
1
6
4
31
18
7
2
42
4
2
1
63
2
1
4
42
5
5
1
28
3
4
2
3
1
2
4
7
2
6
2
68
3
5
3
37
3
4
2
67
2
7
1
37
2
3
2
5
1
6
1
38
3
1
3
9
6
7
4
9
21
1
1
65
2
5
4
38
3
4
2
23
3
7
1
29
3
4
1
10
4
6
3
15
4
6
2
6
2
2
2
41
1
7
1
11
3
3
3
9
20
6
3
27
12
3
4
40
7
6
1
71
3
4
4
16
3
6
3
16
8
1
2
54
1
5
2
66
1
1
2
35
2
3
4
65
13
7
3
34
11
2
2
44
1
5
1
54
1
3
1
4
3
4
1
5
1
4
1
53
1
6
3
1
10
1
4
55
10
1
2
6
1
6
4
3
7
3
2
38
1
7
4
15
2
3
4
29
1
7
4
67
38
6
2
49
2
2
3
25
8
7
3
22
3
4
3
28
5
3
1
41
3
7
4
37
10
3
3
29
6
3
1
43
2
5
1
25
2
2
3
52
1
1
2
12
3
7
3
30
19
7
4
18
19
4
4
37
7
3
1
7
1
4
4
43
10
2
1
22
3
6
1
15
1
2
2
60
3
5
1
53
2
4
3
33
13
7
4
34
14
4
4
63
9
1
4
27
11
1
3
55
12
3
3
43
1
6
3
6
6
4
2
63
1
5
4
44
7
3
1
45
1
3
1
14
7
7
4
71
2
7
1
68
1
5
4
23
4
3
1
30
2
1
4
3
2
1
4
66
4
1
4
61
12
4
2
54
2
3
3
6
4
4
1
61
2
4
2
13
1
5
1
17
9
7
1
39
3
6
3
31
21
7
3
34
2
5
2
9
1
6
4
22
8
2
1
39
4
1
3
54
1
4
3
12
3
5
4
63
12
4
2
30
1
2
4
49
1
5
3
14
1
3
4
29
16
4
4
67
21
4
4
33
10
3
1
44
4
3
4
31
8
5
2
15
1
1
2
32
3
2
2
28
3
5
3
40
6
6
3
17
1
7
1
31
8
1
4
52
8
4
2
4
2
3
1
55
2
2
2
10
3
4
4
42
4
6
3
45
4
2
1
42
1
5
1
55
1
6
2
40
3
7
1
12
18
4
3
8
20
5
3
32
11
6
2
61
3
2
2
53
2
3
4
7
8
6
3
26
8
5
