4
49
1
5
2
9
3
1
4
42
2
7
2
3
1
6
3
5
2
5
3
18
17
6
4
35
4
7
4
14
33
3
1
28
2
2
1
54
2
5
4
22
4
5
3
34
7
2
1
11
6
2
1
12
13
5
2
40
2
7
4
39
1
4
1
68
1
1
4
30
1
2
2
8
3
2
4
16
3
5
4
33
3
5
1
3
7
7
2
52
7
2
4
8
17
6
1
2
6
6
3
2
3
5
1
16
5
7
3
38
7
7
3
44
9
3
1
18
1
4
2
35
3
3
3
36
10
2
4
2
10
4
1
42
2
5
2
14
1
7
3
44
3
2
2
42
4
4
1
66
1
5
4
1
8
6
1
52
1
6
3
42
3
4
2
65
4
2
1
55
2
2
2
68
1
3
1
49
2
3
3
28
6
6
4
53
8
1
3
2
1
4
1
16
4
5
1
47
1
6
3
52
14
5
3
49
8
1
4
61
11
2
1
42
1
5
4
34
4
4
3
61
9
4
2
49
2
5
4
13
7
3
3
49
7
2
2
13
3
4
4
47
17
5
3
9
28
5
3
27
3
5
4
16
11
1
2
47
3
2
2
27
2
4
2
55
2
1
4
13
8
2
2
32
3
4
2
44
1
7
2
71
1
2
2
25
3
5
3
66
6
7
3
60
20
2
1
32
5
5
4
43
4
6
4
42
5
4
1
4
2
4
1
31
16
4
2
30
5
3
2
4
2
1
3
53
3
7
4
65
2
2
4
9
12
2
3
55
16
5
2
22
2
2
3
32
3
2
3
39
5
1
2
43
1
1
2
28
3
6
1
13
3
5
1
11
4
1
2
3
3
7
1
35
4
6
2
65
1
4
1
40
3
4
4
67
19
6
2
4
1
7
1
2
3
5
1
8
7
4
2
11
1
5
4
7
3
1
1
68
3
2
1
43
3
6
4
32
5
6
2
9
2
7
1
66
2
7
1
14
18
2
4
37
10
1
2
12
2
4
3
13
8
6
2
8
2
2
3
25
7
1
3
33
24
7
4
18
3
1
1
1
1
7
1
37
1
3
2
5
1
5
4
10
30
5
3
66
2
3
2
16
1
6
1
60
1
5
4
43
5
5
4
27
3
2
4
6
27
3
1
67
3
6
1
39
2
7
3
11
9
7
1
52
3
3
1
34
10
4
3
47
9
7
4
66
4
2
2
66
2
4
2
38
4
5
3
37
10
2
1
30
7
3
1
39
4
4
4
60
1
5
3
43
6
3
3
3
5
6
3
18
25
1
4
11
2
6
2
41
2
3
3
36
4
2
3
8
4
2
1
23
3
4
4
68
12
6
4
3
13
6
1
31
11
6
2
63
1
7
4
29
14
2
2
30
1
5
2
14
3
3
2
44
5
4
3
53
5
2
2
54
2
3
4
52
1
7
4
5
16
3
3
4
8
6
1
9
1
3
1
71
3
7
4
29
12
4
4
28
6
4
1
15
2
6
1
71
2
2
2
37
4
6
2
15
1
4
3
7
3
4
3
11
20
1
1
15
3
1
3
27
2
5
1
25
1
6
4
7
6
2
2
41
3
1
3
30
12
1
3
35
4
2
4
53
4
1
4
4
26
7
3
68
1
6
2
37
2
4
2
7
3
2
2
52
4
2
4
38
6
7
2
1
1
5
1
54
3
4
4
35
2
1
4
44
1
5
1
41
2
7
2
54
1
5
2
36
4
4
3
71
1
5
1
41
3
1
4
22
2
2
3
54
1
3
2
10
1
1
4
6
16
6
2
55
3
3
1
10
5
7
2
34
1
1
3
25
1
5
1
9
9
1
1
13
5
3
2
10
2
5
3
23
19
5
1
8
15
7
3
14
6
2
3
4
9
1
2
1
3
4
4
60
3
1
4
54
3
3
3
7
5
4
2
40
1
4
3
30
9
7
2
7
1
4
1
44
4
6
3
22
6
7
2
6
3
1
4
5
1
6
4
67
1
2
3
15
8
2
3
65
3
5
4
15
16
2
4
25
7
2
3
29
18
5
2
17
1
1
3
26
10
2
1
34
5
1
3
33
10
7
2
60
3
3
1
6
1
2
3
26
3
5
2
2
3
4
2
12
1
6
2
29
1
1
2
36
1
5
3
10
25
5
1
55
1
7
3
17
5
2
1
47
2
1
3
45
4
5
3
9
27
1
3
43
5
1
3
1
9
1
2
66
3
3
2
34
3
2
3
41
2
2
2
22
3
3
2
67
1
6
1
22
3
5
1
1
2
3
4
11
17
6
4
3
21
4
2
61
2
7
3
31
4
5
2
68
3
4
3
29
19
6
4
17
20
4
1
40
2
5
2
43
4
2
3
12
5
3
4
45
4
1
3
5
4
4
2
26
3
6
1
14
19
4
1
26
3
3
4
12
3
2
3
16
3
6
2
23
2
7
4
8
15
7
1
25
2
7
4
15
19
1
1
60
2
1
4
23
11
5
2
39
4
5
2
53
1
7
2
28
2
1
1
27
3
3
3
68
3
7
2
29
3
7
4
18
1
3
1
67
2
7
1
29
2
2
2
42
2
7
1
7
10
7
3
8
18
7
1
22
2
5
4
52
18
7
4
12
7
6
4
36
15
5
3
12
6
5
2
18
1
4
3
42
2
3
4
41
2
1
3
45
6
6
3
71
5
6
1
17
4
4
2
26
2
6
4
65
14
3
3
34
8
1
2
6
1
4
2
25
1
4
1
7
2
6
2
47
2
4
1
30
19
5
1
45
2
4
1
53
2
7
4
68
5
6
2
13
1
4
1
38
1
2
2
61
3
3
1
65
2
4
2
45
4
7
1
4
5
5
3
32
12
7
1
63
2
5
4
40
5
1
2
35
1
5
3
63
7
5
3
10
16
4
1
10
6
1
3
63
2
6
4
66
6
5
3
60
2
6
3
6
3
6
1
36
1
5
2
16
2
6
4
55
3
1
1
43
2
6
3
40
3
1
3
31
25
2
4
26
3
4
4
32
4
2
3
6
6
7
2
33
2
6
2
31
2
3
1
6
2
3
3
41
4
3
4
39
7
5
4
28
11
4
1
36
2
6
2
33
1
7
3
61
1
7
4
38
4
2
3
67
38
6
2
5
3
6
2
18
3
7
4
45
5
3
1
26
2
6
3
55
12
2
3
47
4
5
1
27
2
7
1
23
2
5
4
26
8
1
1
33
8
1
4
23
10
3
4
33
5
5
4
63
2
7
1
35
1
7
3
28
1
5
4
71
1
3
3
54
2
6
4
71
4
4
4
41
3
2
4
2
6
1
3
13
5
7
1
63
1
2
3
1
1
1
3
52
4
1
2
31
1
7
3
67
19
5
1
17
9
5
3
37
11
5
3
17
15
5
4
55
8
6
2
17
2
6
4
31
17
6
4
37
9
6
4
49
5
3
4
27
9
2
2
27
1
6
2
11
2
2
2
32
2
5
3
22
2
6
1
29
3
5
1
3
5
5
4
17
14
7
1
12
2
1
4
34
3
6
2
38
1
7
4
40
8
1
4
36
11
1
3
39
1
1
2
60
4
1
1
65
1
7
3
40
6
2
4
31
24
2
4
14
13
2
4
63
8
1
4
47
6
3
1
53
1
1
1
44
3
4
3
65
20
2
2
67
2
1
1
33
1
5
1
45
1
1
4
9
30
1
4
54
2
7
4
10
13
3
4
30
2
7
3
14
20
4
1
5
2
5
4
44
4
3
2
23
3
4
3
16
4
2
1
5
1
5
1
61
1
5
2
63
2
5
2
53
3
4
2
15
3
7
1
37
2
2
1
38
3
4
4
4
7
5
1
61
3
4
2
2
1
7
3
15
13
6
1
32
4
1
4
25
3
2
4
1
2
1
4
61
9
7
2
39
3
1
1
18
6
7
1
28
3
2
2
45
2
7
2
49
3
3
3
35
5
4
1
49
1
1
2
71
3
1
3
23
12
2
3
38
1
7
3
3
8
6
