1
14
15
6
2
15
2
2
2
65
4
7
4
8
9
1
4
66
2
7
3
67
17
5
2
32
2
6
3
63
9
6
3
67
32
7
2
8
3
4
4
55
4
6
3
33
22
7
4
12
6
4
4
31
11
2
3
28
3
1
4
14
26
3
2
18
2
7
1
31
18
6
1
29
1
4
1
5
2
6
1
38
1
1
2
29
1
5
1
35
4
5
2
35
2
2
4
1
14
7
2
45
1
3
4
39
8
1
2
22
1
7
2
36
3
2
4
13
1
7
4
71
3
2
3
6
4
3
4
36
5
6
2
11
3
4
1
17
3
2
2
17
2
6
3
65
18
1
3
49
1
1
4
33
7
3
1
15
2
5
1
16
4
3
2
27
1
1
4
30
3
2
3
2
5
5
2
26
3
1
3
9
3
2
3
38
6
5
1
36
1
2
1
61
2
7
4
22
3
3
3
47
9
6
2
54
2
7
2
36
2
6
3
53
3
3
1
3
5
5
3
29
7
1
4
17
17
1
1
13
3
1
4
41
4
2
3
42
2
1
3
4
9
3
4
13
15
6
1
44
1
1
1
34
4
7
3
30
18
2
3
37
11
4
1
60
1
6
3
16
5
4
1
53
2
7
2
26
2
3
3
13
8
2
2
12
2
3
1
68
3
5
2
13
2
2
2
33
2
3
1
52
1
4
3
22
4
6
2
49
1
6
2
31
5
5
2
42
4
7
3
3
1
1
4
31
27
6
2
43
4
6
1
25
2
2
2
55
2
7
4
15
22
7
1
41
1
1
3
15
16
4
4
5
19
5
3
8
12
4
2
44
3
6
4
23
24
2
1
15
1
7
3
7
4
3
3
55
8
2
1
26
1
5
2
6
2
3
2
9
1
4
2
60
3
6
2
66
2
5
3
17
3
3
3
41
1
4
1
14
3
2
3
12
1
7
2
3
3
1
4
43
11
5
1
23
2
6
3
15
5
1
2
32
3
3
2
47
1
7
4
14
21
3
4
25
2
7
2
53
3
5
1
43
2
3
3
68
6
2
3
68
1
1
1
22
1
7
3
45
2
3
3
1
9
6
4
12
10
1
1
33
2
3
3
13
7
7
1
42
2
6
2
22
2
1
2
52
2
1
4
47
14
2
1
11
9
1
3
26
6
1
3
23
19
3
1
4
8
6
3
31
3
4
3
2
6
7
3
12
2
1
4
32
14
6
3
49
7
1
3
11
24
2
3
34
9
2
2
1
1
5
4
61
1
2
1
47
1
5
4
66
1
1
4
29
15
5
4
16
7
7
3
31
26
5
3
41
3
1
2
53
2
2
4
22
19
2
2
54
1
7
2
8
1
5
1
1
2
4
3
25
3
4
1
41
3
6
3
61
6
2
3
60
4
1
4
44
13
1
3
27
2
5
2
11
1
5
1
8
9
6
3
28
14
5
4
42
2
3
2
30
3
7
4
60
2
5
1
53
1
3
2
55
1
1
4
60
4
2
1
40
3
5
3
4
21
2
2
14
1
4
1
40
2
4
2
67
2
4
1
63
1
3
2
34
3
4
2
60
4
3
4
23
14
3
2
35
1
2
4
40
6
6
2
63
1
6
4
37
6
1
1
65
2
7
2
10
1
1
3
9
27
7
2
29
3
3
1
2
4
5
3
54
1
5
3
6
1
1
1
9
9
1
2
37
2
2
3
16
3
1
4
35
3
3
1
29
2
2
3
40
2
3
4
67
3
4
3
38
4
6
1
13
6
5
3
35
6
2
2
1
2
7
1
67
1
5
4
36
2
5
1
63
2
7
2
37
1
5
1
1
1
5
1
34
9
4
1
39
1
5
1
6
1
4
2
4
3
5
1
61
3
1
4
15
9
5
3
29
10
5
4
11
7
3
2
28
2
1
1
43
1
4
2
30
1
6
3
40
1
4
3
52
14
4
4
37
4
2
1
30
7
2
3
39
8
2
4
11
27
3
4
49
8
5
2
7
1
6
4
34
8
3
2
7
3
7
2
41
5
3
4
38
5
5
4
10
16
1
1
54
3
5
4
55
2
1
2
43
2
3
4
26
6
4
3
14
21
4
4
54
12
2
3
35
4
7
2
40
4
6
2
31
1
5
1
28
1
4
4
26
11
5
3
27
7
2
4
27
10
5
2
28
1
7
1
25
1
7
2
68
1
6
4
17
24
5
2
45
3
3
3
36
1
7
3
5
4
3
2
12
3
3
2
67
1
3
3
66
1
6
3
52
18
2
2
41
1
6
4
28
6
6
1
10
4
3
3
33
10
1
1
55
2
7
4
44
7
6
2
68
4
4
2
23
1
3
2
44
1
5
4
29
2
2
1
7
11
1
2
18
4
2
4
33
1
6
1
55
1
1
2
16
2
1
1
30
21
4
1
18
4
7
1
42
1
2
4
53
6
5
3
43
4
1
4
32
8
4
2
5
2
6
4
25
9
6
4
2
7
6
2
4
2
1
2
15
1
1
3
42
1
7
2
6
3
2
2
25
3
7
3
55
6
4
3
66
9
3
2
3
1
3
3
10
16
1
2
2
1
7
1
37
2
4
4
41
2
2
4
6
10
5
4
18
27
7
2
2
3
3
1
66
3
1
3
60
8
6
4
39
5
3
1
36
2
7
4
30
5
3
2
38
2
7
4
27
8
7
3
54
2
1
4
28
9
2
1
32
2
2
3
8
19
7
1
4
3
5
2
33
1
7
3
32
1
4
1
47
2
6
1
32
3
5
3
39
1
7
1
38
3
1
2
23
3
5
2
71
2
4
4
68
17
5
4
6
7
4
1
60
2
4
2
38
3
5
4
1
11
7
1
9
14
4
4
8
3
7
2
9
3
4
4
16
3
1
1
67
2
1
1
35
2
4
2
34
1
3
2
65
1
3
3
47
3
3
2
13
3
5
4
4
11
3
3
22
11
5
4
63
1
3
3
37
12
3
4
61
6
6
3
44
5
2
2
16
3
2
1
45
1
5
1
68
2
2
1
11
12
5
4
5
13
2
4
45
12
6
4
52
6
7
1
54
2
6
1
5
1
7
1
39
2
7
2
47
4
2
1
23
3
4
1
66
1
6
1
52
2
2
2
14
3
3
3
25
5
1
3
14
3
2
2
17
1
4
1
49
1
2
4
9
11
3
2
40
1
5
4
45
6
5
1
27
3
3
1
31
16
7
1
18
10
4
4
34
6
1
4
7
2
7
1
16
5
4
3
44
1
1
3
26
7
6
2
71
3
5
3
23
16
4
2
25
1
6
1
12
8
6
3
7
5
5
3
1
3
5
1
71
2
6
2
42
3
6
1
44
4
2
4
63
6
2
1
7
6
3
2
61
2
2
2
27
3
7
2
52
4
4
1
6
2
4
4
38
9
3
4
65
3
5
3
71
3
4
2
61
1
6
1
28
3
5
3
10
5
1
3
3
2
1
2
39
2
2
1
37
1
2
3
17
8
4
1
8
14
4
4
3
19
4
4
47
12
7
3
34
5
5
1
71
3
5
4
43
8
3
3
53
7
1
2
39
3
2
4
35
5
5
3
61
3
1
3
43
7
4
2
49
4
6
3
5
1
1
1
12
13
5
3
36
2
5
4
52
7
6
3
30
2
7
4
18
28
6
3
63
11
3
3
11
26
4
3
45
3
4
1
27
1
2
1
65
1
4
3
71
4
5
4
3
16
1
4
42
5
4
4
2
9
7
4
54
11
2
4
40
3
3
2
10
3
6
4
7
4
4
1
3
8
4
3
32
2
6
4
9
4
2
4
68
13
5
4
4
27
4
2
66
1
6
4
71
1
2
1
22
2
1
4
10
24
2
3
18
22
7
1
49
2
7
3
65
11
2
1
33
3
5
2
5
3
5
4
49
7
6
1
10
1
4
1
2
5
7
4
67
9
7
1
17
5
6
4
53
11
4
1
26
2
3
2
63
3
1
1
45
2
6
4
65
10
5
3
18
6
5
