4
43
4
6
3
1
1
1
4
33
10
4
2
4
2
2
3
31
6
4
3
68
3
1
3
37
1
1
3
40
6
1
2
7
2
3
3
43
1
3
3
45
2
4
4
45
3
7
1
39
3
6
3
36
1
4
1
43
3
3
3
66
6
2
4
63
7
5
4
52
4
1
3
68
10
6
4
44
11
4
3
44
6
7
3
4
16
4
1
61
3
1
4
55
12
3
4
61
2
3
1
2
1
7
4
17
15
7
3
6
4
3
3
10
15
7
4
13
12
4
1
53
1
4
4
31
27
7
2
13
3
7
2
33
1
5
1
4
7
5
1
53
2
7
1
9
6
3
2
40
2
5
4
36
6
2
2
36
2
3
4
26
7
4
2
32
4
3
3
54
2
5
4
4
8
6
2
3
3
5
1
67
3
3
1
12
18
3
1
28
3
2
2
17
1
2
4
40
7
5
4
25
7
7
4
15
13
3
4
67
18
7
3
11
1
3
3
31
15
7
3
55
12
6
4
29
11
2
3
47
5
2
2
11
2
5
3
63
9
3
2
55
2
5
2
43
3
3
2
37
4
1
1
3
8
6
1
65
1
2
3
42
1
5
2
66
3
5
2
12
3
7
2
39
1
4
4
26
8
3
2
55
3
1
2
42
3
3
3
28
13
3
1
40
2
2
2
13
1
1
1
68
1
5
3
10
8
5
4
55
2
5
1
38
1
1
4
32
7
5
4
67
9
5
4
60
9
1
2
18
1
6
3
66
5
5
1
3
6
5
3
7
4
3
4
68
4
5
1
54
1
4
3
47
6
3
4
38
4
1
4
65
10
3
4
4
21
2
1
30
21
3
4
13
6
3
4
66
6
3
3
67
2
3
3
60
4
5
1
55
1
2
1
35
4
4
3
15
8
6
2
9
2
7
3
39
6
5
1
33
8
6
2
52
3
4
2
65
4
7
1
27
2
3
4
14
13
1
4
27
1
2
2
35
2
5
3
71
1
3
3
40
5
7
2
27
3
3
3
61
4
3
1
34
10
7
4
39
6
6
4
68
16
1
3
26
8
7
3
13
3
7
3
7
5
1
1
32
5
5
1
71
2
6
2
14
3
4
1
14
5
2
4
25
3
1
1
40
1
2
3
12
6
7
2
38
3
1
4
44
5
4
4
16
3
5
1
4
1
4
2
67
2
3
3
25
3
5
2
68
1
5
2
5
2
1
1
60
2
5
3
3
5
4
2
34
2
1
2
65
3
7
4
3
10
5
4
41
4
1
3
45
4
7
1
65
2
3
4
5
6
7
2
47
3
2
3
41
1
4
1
42
2
5
4
5
12
7
1
11
9
6
4
63
12
2
2
23
2
5
1
60
1
3
1
1
1
6
2
42
1
1
3
9
21
3
4
37
14
4
4
11
12
7
3
18
10
4
4
43
3
4
3
60
16
6
2
26
4
3
4
11
27
5
1
43
2
6
1
34
1
5
1
12
15
6
2
38
2
2
2
1
2
2
1
26
3
2
3
16
3
4
3
49
1
4
1
27
3
3
4
22
7
3
4
33
2
6
4
41
1
7
4
49
7
7
1
36
2
2
4
23
11
3
4
71
6
3
1
6
1
4
4
35
3
3
4
42
1
5
2
23
3
7
3
53
6
2
1
17
8
4
1
41
2
7
1
16
6
7
4
71
2
7
3
42
3
1
4
1
4
1
4
61
1
5
3
2
6
5
4
10
14
5
4
2
3
1
1
41
1
6
2
2
3
3
3
15
6
1
1
1
3
3
1
18
6
6
2
30
4
1
2
47
2
6
2
44
4
7
3
34
11
4
3
44
5
6
3
13
5
6
2
15
2
4
4
30
5
2
1
47
1
3
1
7
4
5
1
45
2
2
4
31
28
4
3
8
8
7
2
37
1
4
3
35
1
4
2
53
2
4
3
30
27
2
2
40
3
7
2
6
2
6
4
8
9
1
4
66
2
2
3
27
6
1
2
71
2
1
1
13
2
1
1
37
1
7
3
38
1
4
4
9
12
5
3
65
9
2
1
49
2
2
1
39
2
2
2
66
2
5
3
29
3
3
3
63
10
4
1
47
3
5
2
9
3
7
3
16
8
7
3
43
3
1
1
30
2
7
4
18
16
7
1
10
3
2
1
8
2
5
3
34
3
5
1
29
3
7
2
27
2
1
4
40
5
7
1
45
1
4
2
30
1
4
3
14
6
7
1
8
11
4
1
16
5
6
1
54
3
4
2
67
1
4
2
39
3
2
4
54
10
1
3
65
18
1
3
55
3
2
4
28
2
3
3
41
3
7
1
25
3
5
1
17
5
5
1
36
1
1
2
61
3
4
1
2
2
7
3
9
15
1
4
47
8
3
2
3
1
1
1
23
3
5
2
5
1
4
3
67
4
3
2
68
3
1
2
49
4
5
1
11
6
6
4
53
10
4
2
36
1
1
2
28
3
1
2
18
3
4
2
63
3
4
3
36
11
1
4
35
4
1
3
23
5
1
2
60
4
5
4
22
6
4
2
41
2
6
2
8
3
1
3
26
7
6
4
34
9
7
2
63
2
4
4
38
2
1
1
10
1
1
4
6
6
6
3
27
13
6
4
29
13
2
2
28
2
2
4
27
10
4
4
15
3
4
3
25
4
2
1
29
1
7
3
22
11
4
4
36
11
4
1
52
1
1
1
5
2
4
1
71
1
4
1
15
5
4
1
22
3
7
1
9
11
7
3
11
22
5
3
17
14
3
2
45
1
1
3
29
14
5
4
2
13
7
1
31
12
5
2
35
1
6
1
25
1
7
2
31
3
5
1
42
1
7
3
6
3
2
2
26
1
2
1
49
1
3
2
14
1
1
1
26
1
5
3
17
11
5
4
32
2
5
1
38
3
3
1
6
2
7
2
22
2
1
1
68
2
1
2
17
3
6
1
5
1
4
4
47
10
7
3
35
8
7
2
32
3
6
4
60
4
7
2
52
5
3
3
1
6
3
2
10
1
4
4
54
8
3
4
8
6
4
1
14
1
2
2
31
4
5
2
8
2
2
4
14
22
3
4
12
10
1
3
14
5
6
2
29
3
1
4
6
22
4
4
53
15
6
1
52
3
6
4
49
5
4
2
15
3
6
4
16
9
1
2
4
1
4
4
23
8
6
3
30
7
5
2
29
2
2
1
55
2
6
3
18
4
6
4
18
4
3
1
61
2
5
2
43
4
1
4
34
5
4
4
3
13
2
1
15
2
7
3
52
10
3
1
35
3
5
4
42
3
3
3
4
5
4
3
53
4
3
2
7
3
5
4
65
12
5
4
28
9
6
2
33
3
5
1
7
7
3
3
8
15
7
3
33
7
7
2
71
1
7
2
45
2
4
3
5
2
5
1
37
2
1
1
22
1
4
2
54
2
7
4
12
9
3
1
28
2
7
2
2
2
4
3
32
3
2
3
38
9
4
2
10
3
3
4
39
2
4
4
10
10
4
4
37
12
7
2
34
1
1
1
32
7
7
2
16
1
6
3
2
10
5
2
61
2
5
3
33
1
7
3
49
8
1
3
61
1
7
3
22
12
6
1
44
1
7
4
1
6
7
4
52
18
3
3
23
6
5
2
49
3
4
2
11
3
6
4
7
6
3
2
44
5
6
4
45
6
2
1
18
11
1
3
3
1
4
1
66
1
7
4
7
5
2
3
12
7
5
4
9
2
7
2
25
3
7
1
63
1
1
2
16
3
7
3
32
1
1
1
63
2
5
2
6
3
1
1
66
2
5
2
22
1
5
2
54
1
2
2
1
1
4
1
23
1
1
1
67
1
1
1
44
2
4
2
41
1
3
2
60
3
4
2
12
1
7
1
13
7
4
2
25
1
6
3
37
5
6
1
33
6
2
3
39
7
6
3
52
14
6
3
54
1
7
3
28
11
4
4
17
17
4
4
30
4
2
3
5
3
7
1
31
6
4
2
53
3
3
3
71
3
3
