1
36
2
3
2
65
1
6
3
61
3
6
3
38
1
4
4
43
8
2
3
28
13
7
1
28
1
7
4
39
4
3
3
35
3
3
4
28
9
2
1
49
2
3
1
61
2
3
4
36
6
2
3
16
5
7
4
68
25
7
4
17
6
1
2
55
2
1
3
33
17
5
3
67
35
5
3
54
1
7
4
63
2
3
2
53
3
2
2
47
3
4
1
32
5
6
1
22
2
6
1
34
3
6
3
13
5
7
4
23
2
4
3
17
8
7
1
28
2
4
4
53
8
2
2
71
2
7
3
25
7
6
4
35
5
6
1
4
4
4
2
9
1
3
3
11
14
3
2
9
2
1
4
13
6
7
2
18
1
4
3
13
4
3
2
53
1
5
1
63
1
3
2
15
3
1
4
32
13
1
1
66
3
2
1
44
3
1
4
55
12
2
3
10
23
1
1
31
13
2
2
36
3
2
1
14
19
2
3
6
5
4
1
7
11
7
3
31
17
5
1
9
3
7
1
33
8
2
4
3
17
3
2
55
1
1
2
26
2
3
2
36
1
4
1
16
1
4
1
23
2
4
1
6
2
4
4
13
4
2
3
8
15
2
2
1
2
4
2
35
1
4
2
16
1
6
2
39
4
1
1
7
9
2
3
17
16
4
2
38
3
6
2
4
1
6
3
40
3
2
1
41
2
1
2
25
1
1
4
45
7
2
1
40
3
7
2
49
1
6
2
17
2
4
1
55
1
2
3
44
7
3
2
41
5
6
4
38
9
1
2
22
3
4
1
53
1
1
1
34
11
5
1
3
9
6
1
8
6
1
1
71
3
5
1
13
2
7
1
26
2
5
4
36
5
6
3
49
7
7
1
17
12
7
3
39
8
6
4
10
22
4
3
47
6
4
4
60
2
6
2
26
3
1
4
31
18
7
2
44
3
2
4
34
6
7
3
23
9
4
2
10
1
6
3
45
5
7
3
7
3
6
4
49
6
4
4
33
10
1
3
38
8
5
3
43
4
7
2
4
2
1
3
44
4
5
4
33
11
7
3
29
2
7
1
39
4
6
2
11
1
5
1
42
2
3
4
8
2
6
1
23
3
7
2
47
1
6
4
23
24
6
4
4
8
1
3
6
2
4
4
30
2
1
4
26
2
2
2
42
4
3
1
36
3
7
4
45
10
4
1
35
2
6
4
53
4
2
4
47
12
7
4
42
4
7
1
3
3
4
2
27
2
7
2
2
1
2
2
61
2
1
2
63
3
3
3
33
1
4
1
68
2
6
2
12
2
7
4
29
7
6
2
15
1
2
2
27
1
3
3
9
16
2
4
11
7
5
2
33
3
6
4
39
3
6
2
28
1
4
4
42
3
4
2
32
2
3
4
44
2
5
3
4
15
7
2
68
4
1
4
17
12
6
1
43
1
2
1
30
18
1
1
45
2
4
2
42
2
6
2
33
2
1
3
35
5
3
4
2
11
4
1
39
2
3
4
49
5
3
3
11
23
2
3
12
1
6
2
60
2
6
4
35
1
2
2
44
4
1
4
44
5
1
3
1
6
7
1
2
2
3
1
66
2
2
1
52
3
4
2
13
3
7
3
63
9
1
1
12
5
4
2
32
1
4
2
8
3
1
4
16
1
1
3
45
2
3
1
43
2
4
2
66
2
7
1
11
12
1
4
11
4
5
4
27
10
6
2
18
2
4
1
29
2
5
3
27
11
4
2
31
2
1
3
18
21
7
1
33
2
3
2
35
2
2
1
35
4
6
1
44
4
1
3
34
3
2
1
32
1
6
4
66
2
7
1
26
3
7
4
25
1
4
3
68
13
5
4
37
12
3
2
1
1
2
4
14
13
7
4
37
1
2
4
47
13
7
2
34
3
3
1
71
2
6
2
16
2
6
1
25
1
1
2
31
1
4
1
45
1
4
4
5
24
4
4
10
1
7
2
6
1
4
2
60
3
6
4
25
9
5
2
22
2
6
1
1
2
7
3
71
2
6
4
63
8
6
1
27
2
4
4
12
10
3
3
36
15
3
3
37
2
4
4
68
4
2
2
49
4
7
1
41
1
7
3
67
30
4
3
53
3
4
1
65
2
1
3
15
8
6
2
14
1
7
4
15
21
2
2
5
3
4
3
2
3
5
4
7
6
3
2
7
3
2
4
1
14
5
4
34
13
4
3
32
5
3
1
42
1
1
2
2
3
5
3
27
12
3
1
54
2
5
1
49
1
2
4
8
16
3
2
10
2
7
4
32
9
1
4
41
2
6
1
17
10
6
4
18
28
4
3
71
4
6
2
45
4
5
1
13
7
5
3
16
4
3
3
10
13
2
3
66
4
4
1
25
3
4
1
54
1
4
3
5
3
6
3
4
18
6
1
47
2
1
3
26
4
7
3
34
6
2
3
63
1
2
2
3
1
3
4
16
12
6
4
9
19
6
4
65
3
5
3
8
14
6
3
55
6
7
3
36
3
5
4
27
2
3
3
61
6
6
1
27
3
3
4
54
5
6
2
14
2
2
4
40
1
4
3
41
2
5
3
65
3
7
3
39
5
7
3
49
1
3
1
15
4
4
2
40
1
4
1
67
3
3
2
34
1
7
3
54
2
6
2
68
2
2
2
63
1
4
1
60
2
7
3
43
7
2
3
2
6
1
1
10
2
4
1
10
4
5
2
11
2
6
2
67
1
6
4
4
25
5
4
5
22
4
3
25
4
2
4
71
5
7
2
40
3
6
4
1
10
7
1
4
5
2
2
41
4
6
4
18
12
6
3
52
14
3
3
66
1
2
4
61
4
1
3
23
4
7
2
39
1
6
3
52
17
7
2
29
2
3
3
15
7
3
1
61
3
1
3
53
1
2
3
3
2
5
3
14
18
2
4
67
5
7
3
47
7
7
1
31
12
1
2
54
2
1
3
65
13
2
4
31
6
7
4
52
12
5
2
43
3
3
2
43
5
6
1
60
1
2
4
28
13
7
4
71
3
7
2
17
3
6
3
22
8
4
3
9
29
5
3
7
1
7
4
22
1
2
3
28
10
6
4
41
1
1
1
11
1
4
1
29
1
3
2
12
1
2
4
61
8
7
4
65
4
5
1
18
13
4
1
6
1
6
1
5
2
5
3
22
9
2
1
53
2
3
2
23
1
5
2
28
2
6
1
9
4
1
1
14
13
5
4
30
8
2
1
65
1
4
1
12
3
1
2
67
2
5
2
25
3
2
2
71
3
2
1
15
1
4
4
40
4
1
1
63
2
7
3
40
4
4
2
30
1
4
2
52
7
4
3
32
9
3
2
66
3
2
1
22
1
7
2
37
4
3
4
9
29
7
4
54
1
1
2
13
2
5
2
65
2
2
3
26
10
4
4
6
17
4
3
30
27
2
2
61
1
1
3
1
1
6
1
18
12
1
3
14
11
6
3
29
4
5
4
7
8
4
1
68
1
6
2
45
3
4
2
38
2
2
4
29
11
7
2
8
2
3
3
12
3
7
3
42
3
5
1
2
5
1
4
67
32
7
1
52
2
6
2
52
6
2
2
30
5
7
3
41
1
3
1
37
2
4
4
55
1
1
3
42
1
3
4
2
1
7
4
60
5
5
3
68
8
5
1
8
2
7
1
38
3
3
3
3
8
7
2
54
1
2
3
55
17
2
4
15
4
1
3
31
5
4
1
38
1
2
3
60
1
6
4
43
11
6
2
3
2
5
4
38
8
3
4
22
11
3
4
14
9
4
2
5
2
4
1
37
1
1
1
30
5
7
1
55
2
7
3
18
7
3
2
37
2
6
2
29
1
4
3
60
17
3
2
7
2
5
3
37
12
7
4
6
10
6
4
66
5
2
3
5
2
3
1
40
1
1
4
52
19
4
4
26
3
5
2
6
3
3
1
16
3
7
1
67
1
3
1
1
1
2
1
5
1
1
3
30
16
3
2
23
2
1
1
47
3
2
4
3
12
6
4
12
5
2
