4
16
6
2
3
10
15
1
2
14
1
6
3
6
5
7
3
38
7
4
3
2
6
4
2
6
1
4
4
15
4
6
4
30
3
2
3
7
1
4
4
39
2
3
3
41
3
7
3
8
19
4
2
53
3
1
1
35
2
6
3
27
16
1
3
32
4
7
3
47
5
1
3
60
1
1
2
4
3
5
3
30
7
2
1
16
2
5
2
7
3
5
2
5
2
2
4
12
6
7
1
16
1
6
2
40
1
1
2
67
2
1
1
31
10
5
1
66
3
2
3
33
16
7
3
18
22
2
3
29
9
1
1
47
3
5
2
54
1
2
1
7
10
4
2
65
1
2
2
15
3
1
3
61
9
2
3
60
21
3
1
61
2
7
4
12
8
5
2
11
2
4
1
30
15
5
4
31
27
2
4
68
4
2
2
23
1
5
1
44
3
2
1
68
1
3
1
42
2
4
2
36
2
5
4
32
3
2
4
34
13
5
2
12
2
3
4
34
7
1
2
68
4
6
3
6
6
1
1
55
2
6
4
47
2
7
4
43
5
6
2
11
1
4
1
18
4
7
3
52
2
2
4
37
10
5
1
22
3
1
1
55
1
3
4
25
2
1
4
61
9
1
4
47
7
6
2
1
3
7
1
39
3
3
4
9
30
4
2
27
3
1
2
71
3
2
1
32
1
5
2
55
3
7
3
44
4
1
4
10
8
1
4
54
10
6
1
10
8
2
2
60
2
4
4
23
13
4
2
30
1
2
2
2
2
6
1
10
7
6
4
65
9
7
1
67
3
1
2
29
2
2
4
40
4
6
3
63
12
1
4
71
3
4
1
63
2
3
4
30
4
2
1
45
2
4
3
32
5
7
3
25
8
4
3
5
2
1
2
1
1
3
2
43
2
2
2
26
1
2
4
4
1
7
4
32
1
5
3
26
5
3
3
25
5
2
2
27
2
4
3
42
2
2
4
41
1
6
1
31
14
6
4
66
3
7
1
60
1
4
1
36
3
1
1
63
1
4
2
16
3
7
1
41
2
6
2
35
1
7
1
30
13
2
1
44
1
3
4
16
7
6
2
3
1
1
4
26
7
1
3
37
5
6
4
22
17
7
1
15
3
5
2
22
2
7
4
38
7
1
2
30
4
2
4
71
5
1
4
68
3
3
2
60
3
4
3
35
2
5
4
60
6
1
1
7
2
1
2
45
1
2
4
42
2
4
1
33
1
5
1
17
11
7
4
52
11
6
4
45
7
4
3
55
10
4
3
4
27
5
1
53
2
5
4
31
26
4
2
68
3
7
3
26
6
3
2
26
2
3
2
37
1
4
2
52
2
2
4
11
3
1
2
41
1
5
2
22
1
6
2
33
2
4
1
14
5
2
1
13
5
2
3
3
9
4
4
14
24
4
1
67
1
2
2
44
2
2
4
26
11
6
1
2
3
5
2
36
4
6
3
54
1
1
2
34
2
2
1
53
1
2
4
36
4
4
3
33
8
5
1
3
10
6
2
65
2
5
2
71
2
7
1
12
13
4
3
18
8
6
3
14
26
5
4
2
11
5
4
33
1
3
2
14
3
4
2
66
1
1
1
36
2
1
1
41
3
5
4
17
3
2
2
28
2
2
2
33
1
7
3
67
24
5
4
3
18
6
4
61
7
4
2
3
2
4
3
35
8
3
3
31
30
6
1
52
1
6
2
25
2
6
2
52
7
7
1
3
11
6
2
39
3
1
1
61
3
7
4
66
2
4
3
65
21
1
3
63
10
1
3
42
1
3
3
53
3
4
1
23
3
7
4
67
24
4
2
2
1
5
3
23
19
4
2
25
3
6
3
68
8
6
4
1
11
5
2
55
1
4
3
53
2
3
4
2
5
4
3
15
3
1
3
67
23
6
3
9
7
1
1
28
3
5
2
54
2
6
3
37
2
2
4
44
6
7
3
31
21
7
3
39
6
3
1
23
1
4
2
47
2
3
3
17
7
4
1
54
1
7
2
4
1
5
3
17
4
7
3
44
7
6
2
49
3
1
4
37
7
6
2
18
4
7
4
27
8
4
3
4
23
6
3
15
4
4
1
9
13
3
3
11
20
4
4
8
9
2
4
5
5
7
3
66
3
4
1
1
1
3
1
33
5
6
2
17
1
3
2
8
1
1
1
71
1
5
4
4
26
5
2
28
3
2
1
12
6
4
1
15
2
4
3
16
3
1
4
17
19
4
4
67
17
1
1
26
2
7
4
18
15
5
3
27
3
3
2
47
1
5
2
39
2
3
4
27
2
6
3
28
6
7
1
71
2
1
2
40
4
5
3
38
5
1
3
36
5
3
1
25
2
4
3
13
7
1
4
39
7
5
1
8
1
3
1
38
2
5
1
11
8
7
2
53
1
5
4
65
10
4
3
43
4
3
3
14
18
7
2
31
4
5
1
17
7
7
2
35
2
7
1
49
1
5
1
27
2
3
1
66
1
5
4
49
8
4
3
22
12
3
1
52
3
3
3
47
6
2
4
23
17
4
1
40
1
6
3
71
1
4
3
12
6
4
2
17
3
2
3
45
4
2
3
43
2
4
1
37
2
2
1
8
13
5
4
35
4
2
2
66
3
6
1
27
3
2
3
66
6
5
4
11
31
3
2
8
2
7
3
68
11
7
4
63
6
5
2
43
3
5
3
13
8
7
3
40
5
1
2
61
1
1
2
18
3
1
1
6
2
4
3
45
1
5
3
28
10
6
4
40
6
7
2
42
4
3
3
71
5
7
4
53
8
6
2
45
4
3
3
23
1
2
4
5
7
1
3
39
9
1
4
10
1
4
1
14
15
5
1
45
1
6
1
34
10
7
1
43
3
6
1
37
1
7
1
35
3
3
3
61
11
7
4
7
6
6
1
26
3
4
1
40
2
1
2
5
3
1
2
29
3
7
1
42
1
4
3
16
4
5
3
40
3
7
1
47
2
6
3
30
22
4
3
49
7
6
4
7
4
1
3
34
4
4
3
54
2
2
3
5
4
2
1
5
2
3
3
29
17
5
4
44
1
2
3
49
1
5
4
29
13
6
3
8
4
1
1
4
6
7
4
25
8
3
4
55
13
7
4
3
13
2
3
41
2
6
4
29
10
6
2
44
5
3
4
45
13
2
1
38
3
5
3
52
14
7
2
49
2
4
1
43
2
1
2
67
1
1
3
22
10
6
4
1
12
1
1
25
1
5
4
60
9
6
2
63
2
4
3
7
3
7
1
4
1
6
2
34
1
5
4
43
3
5
4
28
2
7
3
1
10
3
2
31
3
3
4
38
3
6
2
32
3
1
2
16
1
3
1
9
7
2
4
15
7
1
3
12
3
2
3
9
13
2
2
15
1
1
1
18
10
5
4
42
3
6
4
28
7
1
2
9
2
5
2
13
1
7
1
65
1
4
2
63
3
4
1
39
2
2
1
6
1
2
1
32
7
6
2
9
3
7
4
36
9
4
3
36
15
3
1
68
3
3
1
5
1
7
3
55
2
5
4
63
9
7
4
22
2
7
1
1
2
5
4
53
2
6
1
11
5
5
3
34
7
6
1
2
2
5
1
13
3
6
4
49
3
3
2
42
3
4
3
3
7
4
4
54
1
5
3
1
7
2
4
41
3
5
2
23
2
3
4
35
5
1
1
22
2
6
2
38
1
6
4
13
1
5
2
38
3
6
1
65
2
4
4
52
19
7
3
65
1
5
1
29
3
3
2
10
1
4
4
8
1
1
4
6
29
4
2
10
3
5
3
10
23
6
1
29
2
6
2
12
3
5
2
41
5
6
2
6
3
1
2
61
3
3
1
28
1
5
4
18
16
2
1
49
2
2
4
14
25
6
2
7
2
6
1
34
9
6
4
9
17
2
3
2
7
4
2
13
3
6
4
55
6
3
4
6
8
7
1
60
2
7
1
54
2
1
3
11
25
5
2
32
4
4
4
33
4
7
4
13
10
1
2
37
2
6
