3
63
5
3
2
31
4
5
3
27
6
5
3
38
4
4
1
54
2
1
3
43
3
6
1
67
1
7
2
68
4
7
2
66
2
7
2
39
3
7
3
33
14
6
1
17
5
7
2
16
2
6
2
17
1
4
1
2
3
3
1
23
2
5
1
32
7
2
2
1
3
1
2
67
1
7
3
33
4
3
3
17
9
3
2
32
1
1
4
40
1
5
1
32
2
1
4
41
4
2
4
4
16
7
4
47
5
1
3
9
19
5
4
68
20
7
3
68
14
3
1
22
2
4
4
8
12
2
4
68
3
6
3
52
9
2
2
39
4
3
1
66
1
3
2
53
3
3
1
1
2
3
4
22
4
1
1
33
7
2
4
25
3
4
2
55
1
1
3
68
16
7
2
68
1
1
1
65
2
4
1
66
2
5
3
1
6
6
2
5
1
7
3
25
2
5
2
9
3
1
4
26
10
3
1
8
8
1
2
37
2
3
1
41
2
3
3
10
19
7
2
71
1
4
2
43
1
1
2
8
1
6
4
31
11
6
4
5
27
6
3
44
6
6
3
26
10
1
3
28
5
4
2
61
2
6
4
43
2
2
4
65
7
4
3
31
18
7
3
3
6
5
2
11
2
6
4
63
5
1
1
18
3
6
2
31
5
1
4
15
20
6
3
13
2
6
4
29
11
2
1
14
22
7
2
33
2
7
3
29
18
5
4
12
9
3
2
61
1
2
1
71
2
4
3
39
4
5
4
3
8
1
4
13
15
7
4
10
25
6
4
66
5
6
1
47
2
3
2
27
3
2
2
37
1
7
3
35
1
7
1
27
3
3
3
55
14
2
2
44
1
2
2
14
3
4
3
36
2
1
3
66
7
4
1
18
12
6
2
6
1
6
3
67
3
2
2
32
3
7
1
49
1
2
4
63
4
3
1
11
12
5
4
2
13
5
1
44
2
7
2
29
2
1
3
37
4
6
4
67
35
4
3
14
10
6
2
7
2
2
1
26
2
7
2
12
1
6
3
14
1
1
2
15
3
1
4
14
1
7
1
40
1
2
4
34
13
2
2
47
4
5
1
37
2
6
4
34
5
6
4
52
19
6
4
38
2
7
4
35
4
6
2
25
2
6
3
11
18
5
2
18
4
3
3
7
3
5
1
27
1
4
4
52
3
4
1
40
2
2
1
1
3
1
2
22
2
6
1
17
15
2
3
53
6
1
3
53
2
5
1
10
7
3
2
2
1
1
3
34
10
5
3
49
5
6
2
60
2
6
1
63
2
5
1
38
2
2
4
6
6
2
3
11
25
4
2
10
1
5
3
15
3
5
2
41
2
7
4
66
3
2
4
45
10
4
2
3
1
6
3
8
17
7
3
12
6
1
3
66
6
3
4
35
1
6
2
67
2
2
1
25
2
5
1
61
2
6
4
71
1
6
4
12
2
3
3
28
14
1
3
54
2
2
1
36
3
2
2
42
1
5
1
14
3
2
2
49
2
1
3
61
2
3
4
16
3
1
3
29
12
7
3
12
5
6
4
29
4
7
4
42
4
7
1
33
4
3
3
44
4
5
4
26
1
7
3
40
1
2
2
44
2
7
3
65
10
2
2
13
2
2
1
60
1
4
4
11
25
2
4
1
1
4
3
45
7
4
4
44
5
3
3
42
2
2
1
63
1
2
1
55
2
5
2
8
3
4
3
71
4
1
4
47
3
1
2
45
2
7
2
36
2
4
1
3
8
5
4
33
2
4
3
22
12
7
2
65
1
2
1
12
6
1
2
52
5
4
1
55
1
2
1
5
2
7
3
2
11
2
2
43
2
4
3
8
1
7
4
23
13
5
1
6
2
6
1
25
3
1
4
5
13
2
2
41
4
2
4
18
7
3
1
53
2
1
4
14
8
1
4
53
1
1
2
52
6
1
4
28
8
7
4
30
1
7
1
23
1
6
4
7
2
2
2
40
1
2
4
33
7
7
1
45
2
5
4
32
14
6
2
30
5
7
2
60
3
1
4
42
5
3
1
5
1
3
2
27
1
2
4
61
12
7
3
23
9
6
2
23
3
1
1
8
13
7
3
4
26
6
1
3
6
7
1
11
7
7
4
7
5
2
3
54
1
6
1
65
1
6
3
39
2
6
1
22
1
4
3
43
1
6
3
30
24
5
2
4
1
1
2
33
3
2
3
52
8
6
1
34
3
1
3
2
12
5
3
10
1
6
4
43
3
1
4
39
7
4
3
40
6
7
2
26
2
3
3
3
2
1
3
13
3
3
1
29
3
6
4
6
9
3
4
55
9
4
2
40
2
1
1
45
1
3
2
53
1
5
3
41
1
7
1
53
1
7
3
9
12
4
4
3
20
3
2
15
1
2
4
49
3
5
1
28
3
5
4
60
1
4
1
4
6
1
2
42
3
1
4
65
3
1
4
40
7
3
2
54
1
2
1
12
1
4
3
25
3
5
4
37
6
2
2
28
2
2
4
41
3
4
1
68
1
3
1
30
9
5
3
34
6
4
1
7
4
6
4
16
12
5
1
42
1
4
1
38
3
1
1
13
7
2
1
10
1
4
4
10
16
7
3
37
2
4
4
54
3
1
3
41
2
6
3
16
5
2
3
18
24
1
4
37
9
4
3
30
22
3
3
60
27
6
3
47
1
3
1
13
9
6
1
52
3
5
2
28
1
1
1
9
14
4
4
8
4
3
4
55
11
3
2
1
2
5
2
36
5
5
1
6
1
7
4
17
17
2
1
47
3
3
3
36
6
1
3
38
5
1
1
49
2
7
3
42
3
5
1
67
3
1
2
2
3
2
1
16
5
3
4
49
8
3
4
32
3
4
1
60
2
5
1
4
4
6
1
9
7
4
4
45
5
6
1
52
2
5
2
66
1
5
1
30
7
2
4
71
2
4
4
25
1
7
1
43
2
4
3
1
1
1
4
36
8
1
3
15
2
4
3
4
5
5
1
71
1
7
4
17
5
5
2
26
4
1
3
32
3
1
3
35
7
1
1
15
1
6
1
26
1
7
3
60
8
2
2
34
1
7
3
16
3
5
2
6
3
7
2
30
1
7
2
55
2
4
2
10
3
5
2
54
2
1
1
28
1
2
3
63
13
7
1
31
13
5
4
53
5
3
4
15
15
1
4
39
2
7
1
15
2
5
3
47
6
4
3
32
12
3
2
29
3
1
3
61
10
1
3
55
1
7
3
27
8
2
3
6
5
2
2
14
2
3
2
7
1
3
2
23
1
4
2
25
1
3
4
23
23
6
1
31
16
7
4
31
22
2
3
71
3
1
4
30
5
4
3
67
5
5
1
37
1
6
1
7
5
6
1
68
2
4
2
3
2
5
4
11
27
2
2
71
2
6
1
44
3
5
3
18
16
4
2
63
1
2
2
63
3
5
2
38
4
1
1
39
3
6
4
27
11
4
1
29
2
6
4
36
5
6
1
35
1
5
3
23
1
2
2
4
3
2
4
18
12
3
3
17
4
4
3
49
1
5
2
65
2
6
2
13
3
7
1
41
1
2
2
9
1
2
4
54
10
4
2
49
1
7
2
5
3
7
2
35
2
4
4
38
4
6
2
12
3
5
4
61
2
4
2
35
1
2
2
16
3
3
4
1
4
5
4
22
9
7
2
45
1
7
3
22
5
7
1
39
2
6
4
4
15
5
1
34
9
6
3
5
5
4
4
60
5
1
1
42
2
7
2
47
2
2
3
7
5
4
4
9
18
3
4
27
12
2
2
34
3
1
3
31
22
6
2
38
2
5
4
28
11
5
3
45
5
6
3
65
18
5
1
54
1
7
1
35
4
2
1
43
3
2
1
61
1
3
4
13
7
2
1
2
4
2
4
9
3
2
2
22
3
2
4
44
15
6
2
11
1
1
3
6
4
5
3
5
1
4
4
2
4
6
3
26
3
5
4
67
9
3
2
18
2
1
2
17
3
2
1
36
2
6
1
16
4
6
