3
9
7
3
4
31
27
5
3
47
10
5
3
13
9
3
3
3
6
3
4
47
11
5
1
10
3
2
3
47
2
2
4
14
26
3
4
30
7
5
3
52
12
1
1
42
1
5
1
35
4
5
1
43
3
3
1
17
11
3
4
29
2
1
1
26
3
1
3
15
11
5
3
17
11
7
1
45
2
6
3
55
13
4
3
29
4
4
4
37
9
4
3
41
1
2
1
5
2
4
4
67
28
7
2
47
1
6
3
17
4
1
2
33
1
5
3
44
1
1
4
54
11
4
1
29
2
4
4
49
4
2
4
13
15
3
4
38
2
3
4
38
4
4
2
17
2
4
2
15
2
1
4
17
15
1
1
28
3
2
2
5
2
7
4
40
6
2
1
65
1
5
3
65
21
7
3
68
9
1
3
38
6
3
3
16
6
3
4
32
10
4
2
8
1
6
2
6
1
5
1
15
5
5
2
39
1
1
1
37
1
7
4
53
6
5
1
10
6
5
3
71
2
7
3
27
3
4
2
55
3
5
3
37
8
3
4
8
13
6
4
66
1
5
1
61
2
6
2
61
1
2
4
65
7
2
1
39
3
6
4
41
4
3
2
54
2
3
2
11
1
7
3
45
1
4
4
7
3
6
2
38
3
5
1
63
2
4
4
2
11
7
3
31
13
5
4
10
10
4
1
55
1
3
1
6
2
7
2
22
1
7
3
18
21
2
4
36
9
6
2
34
3
1
2
63
2
1
4
6
27
1
3
14
24
5
1
54
2
6
3
30
19
3
1
38
1
7
2
65
1
3
4
68
17
3
1
15
1
7
4
7
4
6
1
28
1
1
1
1
2
7
1
18
9
2
3
11
3
3
3
36
12
3
4
29
5
5
1
4
6
4
4
34
6
4
2
28
3
5
3
53
1
6
1
44
3
1
3
65
11
1
3
22
1
6
3
42
3
5
3
41
3
4
1
2
2
1
3
8
18
6
2
3
2
2
3
44
5
3
1
22
2
1
4
15
11
3
3
35
2
2
2
53
1
4
2
4
3
4
3
8
13
5
4
28
7
6
3
66
5
2
3
2
8
7
2
40
1
2
1
42
2
1
4
67
9
7
2
45
1
3
1
32
2
6
4
55
11
1
2
67
1
6
1
43
1
6
2
55
2
5
2
27
1
4
3
12
3
1
1
1
3
2
4
17
2
1
2
16
3
2
1
66
2
2
4
60
5
5
4
10
15
7
1
61
1
3
3
28
15
2
2
15
3
1
3
10
4
1
2
33
2
1
2
37
4
3
4
3
8
2
4
33
8
6
3
32
2
3
1
39
4
4
3
13
6
4
1
17
1
2
1
45
1
1
4
5
3
5
3
67
4
3
2
53
2
6
4
61
2
5
1
9
3
6
4
33
1
6
3
32
9
1
2
31
4
7
3
26
4
5
4
36
10
2
3
25
9
7
1
22
1
3
2
66
2
6
3
18
3
1
1
31
5
7
4
45
10
6
1
38
2
5
4
52
13
2
2
12
1
3
1
5
1
1
3
27
2
7
2
6
2
1
4
18
21
1
1
41
1
5
3
61
8
4
4
54
2
1
2
37
1
1
4
66
6
7
2
66
3
6
4
2
8
6
2
10
1
5
2
60
1
1
4
32
14
3
4
44
13
3
1
41
2
3
2
71
2
4
4
22
4
3
1
12
17
2
2
30
3
6
1
68
1
7
1
14
8
4
2
1
2
3
3
7
4
7
3
37
4
1
1
49
1
3
3
60
25
4
3
10
10
6
2
32
2
4
2
44
4
2
4
27
9
2
4
68
19
4
4
31
19
6
2
26
1
1
1
31
11
6
1
66
3
6
4
3
1
2
3
22
7
6
4
71
2
5
1
33
8
2
1
68
3
3
4
25
6
6
2
42
3
3
1
9
1
2
3
11
2
1
4
27
1
5
3
31
22
4
2
29
2
6
3
63
8
3
1
44
1
5
4
30
8
4
1
30
14
4
2
28
2
3
1
13
9
4
3
33
16
3
1
47
2
3
1
32
7
4
2
9
3
6
4
71
3
1
1
36
3
4
4
42
5
3
1
11
9
1
1
12
1
2
4
35
2
2
4
63
2
5
4
49
3
7
2
23
1
2
2
49
3
2
3
5
5
7
2
22
2
4
1
67
3
5
3
6
3
5
2
32
4
2
1
3
10
4
3
7
5
6
4
11
20
6
3
49
5
2
3
14
11
5
1
63
1
4
3
1
10
4
4
12
10
6
3
63
4
7
3
54
2
6
3
38
3
5
2
9
2
2
1
8
12
7
1
18
6
3
4
12
4
5
1
47
3
1
3
35
8
4
2
68
3
2
2
27
2
3
4
35
5
6
3
54
1
7
3
39
4
1
2
65
3
6
3
4
16
2
2
67
2
6
4
37
2
6
3
40
1
4
4
9
7
2
2
14
2
5
3
66
2
3
3
55
16
7
3
16
5
6
1
60
2
6
4
23
9
1
2
7
2
5
4
9
8
5
2
30
1
2
2
14
1
3
2
61
3
6
3
30
9
7
4
23
2
1
3
33
24
1
4
6
1
3
3
1
9
6
2
34
2
2
2
8
2
7
4
41
3
4
1
34
2
5
2
4
2
5
1
23
2
3
4
1
6
3
2
36
4
5
3
23
2
7
4
43
1
1
1
13
1
7
2
36
1
7
2
18
1
5
1
55
2
6
1
11
2
6
1
53
1
4
1
49
2
6
3
36
6
1
2
60
3
4
1
67
2
7
4
4
6
1
1
7
10
7
4
65
4
5
3
49
1
7
2
1
1
6
2
11
3
7
1
35
3
3
4
1
9
3
1
14
3
5
1
71
1
2
4
43
5
2
3
28
10
3
4
39
6
5
4
52
4
6
2
63
1
6
2
42
1
2
2
13
2
7
4
16
2
1
4
55
8
1
4
61
12
2
3
4
19
2
1
6
1
3
3
45
6
3
2
43
1
5
3
53
5
1
3
71
3
5
2
13
3
7
2
3
1
7
2
25
3
1
4
53
4
3
2
44
5
7
2
71
1
7
2
5
3
2
1
52
3
6
4
63
7
1
1
7
2
4
3
3
9
2
1
23
1
2
1
40
1
3
2
35
1
2
4
25
9
2
2
26
4
7
2
49
4
3
2
52
5
2
3
68
15
2
2
23
2
3
2
38
5
6
4
5
17
7
2
17
3
3
4
45
8
4
4
14
21
7
4
18
3
2
4
22
13
5
3
6
2
1
1
25
1
3
2
68
2
2
3
40
4
7
4
4
10
7
3
43
5
6
2
54
1
1
3
12
6
1
4
26
8
7
4
60
3
5
4
39
8
1
3
15
3
1
4
28
2
1
3
67
21
5
2
2
3
6
2
39
4
6
1
16
6
2
4
40
5
5
3
5
4
5
1
34
1
3
2
16
1
2
1
37
2
5
3
34
2
4
2
45
3
3
2
47
3
6
2
2
1
4
2
52
7
7
2
43
3
2
3
34
1
5
1
71
2
2
1
8
9
3
1
26
1
6
4
11
4
6
4
16
5
2
1
16
1
7
3
23
8
2
1
29
1
2
4
44
19
4
2
41
4
2
1
52
1
5
1
30
11
1
1
25
3
4
3
39
8
3
1
60
1
1
1
27
3
5
4
26
5
5
4
13
5
5
4
8
2
3
4
47
9
3
2
29
3
2
2
10
3
1
3
61
9
4
1
2
6
4
1
33
6
7
2
41
2
2
2
7
1
6
1
40
3
7
1
4
2
3
3
60
22
1
1
65
2
5
3
52
16
4
3
29
14
5
1
27
1
6
4
15
5
3
2
18
3
3
2
25
1
3
2
31
1
7
1
53
2
6
1
3
9
6
3
26
6
3
3
43
2
6
4
42
4
5
4
34
4
5
1
54
1
5
1
36
1
5
2
40
3
5
3
9
15
5
3
42
2
2
2
12
2
6
3
2
12
3
2
35
3
2
3
25
1
6
