4
23
19
6
4
36
3
3
3
49
6
5
4
29
4
4
2
36
2
7
3
5
1
1
2
49
1
6
2
41
4
5
2
67
2
5
4
10
27
1
1
15
2
2
1
17
14
3
3
18
16
7
3
17
9
4
2
16
2
1
1
45
2
1
1
10
4
2
2
14
1
5
3
67
30
7
4
38
9
5
4
31
1
5
3
61
3
2
4
49
7
6
4
23
3
6
1
44
4
4
1
34
2
3
4
54
9
4
2
47
4
7
4
4
23
2
3
34
4
2
3
35
7
6
2
30
1
1
3
28
6
3
3
3
6
4
4
55
4
3
4
67
27
3
3
26
2
4
1
63
2
1
2
26
1
6
3
43
7
2
4
15
12
3
1
40
2
4
3
9
22
4
2
13
3
4
4
71
4
6
4
26
9
7
1
13
1
1
2
65
2
7
2
44
2
7
2
43
5
5
3
13
3
2
2
34
1
3
2
60
4
2
3
10
2
6
3
37
10
1
1
52
3
3
1
28
3
6
4
17
13
1
2
18
2
1
2
54
2
5
4
28
5
1
4
43
6
4
2
25
1
3
3
41
3
7
1
5
2
4
3
13
2
7
1
52
1
6
2
45
1
3
4
41
4
2
4
4
16
3
4
43
11
5
3
60
23
6
2
2
1
1
1
31
8
4
3
3
3
1
3
1
5
7
1
61
3
7
3
45
3
5
2
25
3
5
4
16
8
6
2
55
2
1
3
14
24
3
3
16
3
7
3
60
5
1
3
42
3
6
4
25
1
3
1
53
1
2
4
68
24
5
1
6
2
5
3
39
1
7
4
8
13
4
2
68
2
5
1
60
1
4
3
66
7
6
3
71
2
1
1
29
2
1
4
6
13
4
1
65
2
2
2
43
4
7
1
18
10
5
1
68
1
4
2
71
1
6
3
30
20
2
2
28
1
2
1
6
1
2
1
11
6
3
2
30
4
7
2
47
1
2
1
9
9
3
2
16
1
2
4
65
14
7
4
63
1
7
4
63
11
4
3
29
3
5
3
40
4
5
4
13
2
3
1
42
2
4
2
23
1
5
4
61
9
6
3
34
7
5
2
54
1
7
3
23
9
2
2
49
2
1
4
1
4
5
4
60
4
4
1
31
18
4
2
52
7
1
4
7
6
1
4
44
7
3
3
8
1
6
3
30
23
2
3
8
18
6
4
52
5
2
3
27
7
4
3
44
7
2
3
36
4
7
1
67
1
4
3
15
9
7
2
40
1
4
2
28
2
3
2
5
1
3
4
14
25
1
3
22
9
6
2
38
4
2
2
15
1
3
1
37
2
5
3
47
10
7
3
36
15
3
4
45
9
3
4
12
5
5
3
68
14
7
2
3
3
2
3
52
4
2
4
35
2
3
4
22
3
4
4
52
14
1
4
38
8
7
2
39
1
3
1
3
5
5
4
53
2
7
2
27
2
6
2
35
3
3
4
54
5
1
1
12
14
1
4
11
26
3
3
25
9
7
2
61
3
3
3
45
4
7
1
16
2
1
3
6
3
4
2
27
3
1
1
54
2
7
1
2
3
2
2
13
2
7
1
65
1
6
3
9
13
5
3
63
4
7
2
4
1
4
1
13
9
2
4
11
5
7
1
1
2
2
2
33
3
5
4
27
5
5
1
7
3
5
1
27
2
7
4
47
11
4
2
8
2
1
4
39
3
5
4
55
6
4
2
67
1
5
3
22
3
3
3
10
23
5
2
68
4
4
3
54
1
1
1
71
1
1
4
61
3
5
3
41
2
7
1
38
1
5
4
40
6
1
3
26
7
7
2
42
1
7
4
6
18
6
1
71
3
4
3
54
2
1
2
22
3
5
4
16
3
5
2
7
2
5
3
7
3
2
2
52
4
3
1
33
3
7
3
25
5
2
2
53
3
6
1
16
1
5
1
4
1
7
1
47
3
4
1
37
1
2
1
42
1
2
3
27
2
6
1
32
5
1
4
42
1
4
3
55
2
4
2
17
2
3
1
8
2
3
1
22
2
7
2
45
4
5
1
32
3
7
2
22
2
1
3
16
4
2
2
44
5
5
2
23
2
4
2
9
1
3
2
31
3
5
1
63
1
3
2
11
1
5
2
38
5
1
2
53
2
5
1
35
3
3
4
18
3
1
1
15
3
4
3
49
4
6
1
54
3
3
1
29
1
1
1
33
6
6
3
14
14
4
4
39
7
3
3
4
25
7
1
43
3
2
3
65
16
1
4
68
1
4
4
44
8
7
1
23
1
1
4
37
14
7
4
26
3
4
1
36
3
2
3
53
6
1
1
14
21
1
2
10
1
2
2
32
4
1
4
41
1
4
1
55
1
6
2
8
3
3
4
22
2
5
4
66
6
6
1
11
3
4
1
27
1
3
2
6
1
3
2
2
3
2
4
9
29
7
2
34
3
3
1
44
2
6
2
55
1
1
2
37
4
3
2
37
2
5
2
31
5
4
2
9
3
7
3
63
7
1
3
12
1
3
3
32
2
7
3
23
12
6
1
30
14
4
1
49
2
2
4
34
12
5
1
1
1
1
2
42
2
7
1
26
2
6
1
41
2
3
4
27
1
3
3
33
10
7
2
41
3
1
2
35
1
7
2
71
2
6
4
7
1
1
4
53
5
4
4
33
9
2
4
10
4
7
3
33
14
7
2
66
3
1
1
22
1
2
3
44
8
2
4
40
7
4
2
15
3
7
1
60
2
6
3
11
3
4
4
33
6
6
1
47
1
2
4
5
22
7
3
55
6
7
4
15
14
7
3
2
2
2
1
41
1
4
1
2
4
6
1
3
4
2
3
6
4
4
4
12
7
2
4
65
7
1
2
6
3
2
1
35
1
6
2
29
1
4
3
68
11
6
1
14
18
2
2
3
1
4
3
37
11
3
3
31
28
3
3
18
8
1
4
35
3
6
4
42
3
1
1
61
1
2
4
8
1
5
4
66
5
4
2
1
2
2
2
33
1
1
1
7
7
6
1
43
2
6
1
38
2
2
1
34
4
3
1
39
3
4
3
28
4
4
2
66
2
5
2
12
3
2
1
53
2
3
2
4
3
1
3
31
6
7
2
32
3
7
3
42
4
6
1
4
4
4
1
26
1
7
3
17
12
5
4
3
21
2
3
29
8
3
3
71
5
3
1
18
11
7
4
71
5
3
1
9
6
6
4
60
9
2
2
61
1
7
1
5
1
4
1
67
3
2
4
17
2
2
4
30
5
5
3
32
12
1
3
65
1
5
1
55
2
4
3
7
1
5
3
67
25
7
2
39
4
7
1
28
2
5
3
35
4
6
4
25
9
4
4
9
25
6
3
11
13
4
3
40
6
3
4
37
5
3
4
2
9
4
1
49
1
7
4
31
28
4
3
1
4
4
3
15
3
2
1
66
1
5
4
67
32
3
1
8
15
4
4
13
16
3
1
10
2
4
1
30
6
2
2
10
2
7
4
47
17
5
3
2
3
7
3
47
4
1
4
45
3
6
3
5
2
5
4
49
2
3
2
18
4
4
1
36
1
5
4
14
30
7
2
5
3
3
2
60
3
3
4
29
14
3
4
18
28
5
3
12
5
7
1
12
1
7
2
26
2
7
3
53
7
3
2
63
1
2
2
7
1
5
4
5
15
4
1
68
2
4
2
1
3
2
2
63
3
5
4
1
8
2
1
25
2
3
3
39
6
2
3
4
5
5
3
43
4
6
3
38
3
7
4
3
5
1
4
32
9
3
3
61
2
1
4
30
8
4
3
38
9
5
2
11
2
4
1
66
2
1
1
40
1
6
2
12
2
1
1
39
1
5
2
36
4
3
4
32
10
4
3
66
3
7
2
17
1
1
4
2
3
6
4
36
8
4
2
65
1
7
1
45
1
5
2
40
4
7
1
23
2
2
2
14
2
6
4
34
6
2
3
52
14
3
4
28
12
5
1
17
3
1
1
25
1
2
2
29
2
5
