3
13
5
4
4
3
22
6
2
5
2
7
1
8
9
2
3
41
1
4
1
55
1
2
2
32
2
3
2
40
2
1
1
11
8
2
3
68
3
5
3
36
2
5
4
9
12
5
2
14
3
5
2
28
2
4
2
37
1
7
1
40
1
4
2
61
3
7
4
55
13
5
1
31
5
5
3
6
6
7
3
54
2
7
2
29
1
3
4
30
7
6
1
42
1
7
2
27
3
7
2
29
3
6
2
33
3
5
1
25
2
3
4
32
6
4
1
66
3
6
2
17
3
2
1
5
1
4
3
36
8
4
1
25
3
1
1
47
3
5
3
63
7
3
4
22
15
7
3
60
32
7
4
5
25
7
2
13
1
4
3
33
12
6
4
53
3
1
3
66
6
7
2
43
5
4
2
27
1
5
4
14
16
6
1
23
2
2
4
52
5
5
2
71
2
2
2
36
1
3
3
4
18
4
4
38
8
4
1
37
1
5
3
32
1
5
4
63
2
1
4
25
4
6
4
13
3
3
3
10
22
6
1
12
16
6
3
28
5
2
2
47
4
4
4
37
11
6
2
43
1
5
1
28
3
6
4
33
6
5
2
39
3
1
2
1
3
7
4
29
15
7
2
71
3
5
2
18
3
5
2
40
4
6
2
38
3
1
3
2
7
4
4
33
11
7
1
67
3
3
1
52
2
4
3
14
21
3
2
2
1
3
3
27
11
1
1
34
11
1
4
60
7
5
3
55
3
3
3
4
1
7
2
45
2
1
4
5
12
2
2
31
5
6
1
27
3
7
3
6
5
6
2
68
3
5
4
60
1
5
4
31
23
3
1
33
4
2
1
5
2
2
4
39
9
4
4
1
13
1
2
25
3
6
3
41
3
2
4
25
3
3
4
36
13
3
4
14
5
7
3
39
9
7
4
11
15
5
1
43
3
4
1
30
8
2
2
49
4
5
3
49
8
6
4
68
22
3
1
26
2
1
3
47
1
2
4
1
11
5
3
68
8
7
3
37
9
7
2
60
2
3
1
32
7
1
1
28
1
3
3
11
15
4
3
33
13
2
4
37
12
6
1
15
4
7
4
7
6
3
1
52
1
6
3
54
1
1
1
8
10
3
3
34
5
4
4
61
11
7
1
9
8
6
3
7
4
5
4
4
23
4
3
65
6
6
1
71
2
6
3
22
9
7
3
15
16
7
1
17
16
3
4
12
9
5
1
18
9
5
1
4
5
3
4
27
1
5
2
13
3
6
4
18
15
3
3
17
4
2
4
45
2
4
1
65
1
6
2
52
5
5
2
67
2
7
2
6
2
7
4
27
12
7
1
14
15
1
3
53
3
4
1
36
1
1
4
30
1
4
3
47
2
4
1
41
1
4
3
3
2
7
2
66
3
3
2
12
2
4
4
28
1
4
1
47
1
4
2
65
2
7
1
23
3
4
2
3
3
1
3
1
4
6
2
8
2
1
2
30
3
2
3
45
3
6
4
15
4
4
3
49
1
6
4
31
12
4
4
23
3
1
4
42
1
6
3
42
4
3
3
67
38
2
1
38
2
6
3
30
8
1
4
71
5
2
4
49
8
4
2
12
1
2
1
22
3
1
2
9
2
1
2
60
4
4
4
41
1
2
1
7
6
7
4
52
11
2
4
54
11
7
2
52
7
7
1
53
2
3
2
38
4
5
2
33
1
7
1
13
5
6
1
71
3
7
2
66
1
5
3
12
4
3
2
16
1
2
1
32
6
1
2
2
3
1
4
32
13
1
4
8
17
6
2
1
1
7
2
16
2
6
2
54
2
3
3
26
11
6
1
45
2
1
1
1
1
6
3
29
9
6
3
30
16
6
2
9
1
1
2
4
3
1
4
63
12
3
2
22
3
3
2
35
1
4
4
2
2
1
3
3
5
6
2
37
4
6
4
7
8
6
4
6
3
3
1
15
1
2
1
33
3
4
1
34
7
6
4
45
1
2
3
1
8
7
3
8
9
1
2
4
2
4
2
10
2
7
3
35
1
5
1
35
3
5
4
47
11
7
2
49
2
6
3
9
12
3
4
22
5
3
3
61
11
1
4
55
11
3
3
23
11
7
4
29
8
6
1
63
2
3
3
71
5
3
3
34
10
7
3
53
2
6
2
61
2
2
3
14
13
4
1
3
7
2
1
10
4
6
2
7
3
3
4
67
15
4
1
37
2
6
1
61
3
7
3
27
9
3
1
2
1
4
3
60
14
1
4
54
10
6
3
35
3
5
1
63
1
4
4
61
9
6
3
11
26
3
3
25
8
2
4
9
3
5
4
35
5
5
4
40
5
2
4
12
8
4
3
67
7
1
3
38
2
4
4
44
1
6
2
11
1
4
4
18
25
3
3
38
12
7
3
9
24
3
1
49
1
4
3
39
1
6
4
36
8
7
2
65
3
7
3
71
3
2
3
5
2
4
1
43
2
6
3
16
4
2
2
34
3
6
2
63
1
4
3
65
4
5
2
25
1
4
3
31
13
7
4
65
14
2
3
43
4
4
4
67
12
2
2
35
2
1
3
40
6
7
1
6
2
2
3
18
4
2
4
16
10
2
1
18
10
3
1
16
3
5
1
60
1
3
3
13
6
4
3
7
2
1
1
44
4
7
3
31
23
1
2
32
1
7
1
68
3
5
4
8
5
4
1
55
2
1
1
17
9
6
1
61
2
3
3
16
1
5
4
34
3
3
1
12
9
3
2
63
3
4
2
14
1
7
4
43
3
6
3
43
8
2
1
16
1
6
1
38
3
5
1
7
7
3
1
26
1
4
2
41
5
7
4
47
16
6
1
42
2
2
3
5
3
6
2
47
1
5
1
1
3
3
2
67
1
6
2
18
4
2
4
15
21
3
1
53
1
3
3
44
5
4
4
11
8
4
3
8
2
6
1
11
5
6
4
17
3
1
1
4
2
2
4
41
4
4
2
22
1
6
1
44
1
4
1
35
4
2
4
42
3
4
3
55
6
5
1
29
3
4
4
44
10
3
2
55
3
6
2
28
3
1
2
26
2
7
4
2
6
1
1
65
2
1
4
35
3
2
1
29
2
4
3
32
11
2
1
40
2
1
2
10
1
6
1
54
3
1
4
49
1
3
1
3
2
6
4
16
3
3
2
23
3
4
3
23
3
3
3
26
9
3
3
25
5
4
4
10
19
6
3
17
14
5
1
27
2
1
2
26
3
7
3
44
3
7
4
71
6
6
2
45
1
1
1
67
2
1
4
34
6
4
3
66
9
6
2
23
1
7
4
40
4
3
3
63
13
1
4
6
18
5
2
11
2
7
2
41
3
5
1
41
3
4
1
68
2
4
1
30
21
4
1
39
3
5
3
61
5
4
2
68
4
6
2
8
1
6
1
39
4
6
3
18
16
4
2
42
3
6
1
2
2
4
2
3
2
3
2
15
2
1
2
55
2
2
2
53
3
2
4
43
8
5
3
37
11
7
2
15
3
4
3
10
11
5
3
52
10
5
3
42
2
2
4
3
9
7
2
44
5
3
3
15
8
6
1
6
1
4
1
49
2
2
3
12
2
3
2
7
2
3
3
28
11
7
2
17
2
6
2
44
2
1
4
68
2
5
4
26
7
1
3
22
8
4
1
45
1
5
4
28
3
4
1
14
22
1
2
6
3
7
2
31
4
4
4
26
9
1
2
34
2
2
4
66
1
6
2
5
3
6
3
2
4
4
4
17
23
5
2
39
4
3
4
38
4
6
2
54
1
4
3
45
5
6
1
54
1
3
2
36
5
2
3
40
5
7
4
66
3
5
1
22
1
6
3
52
18
1
4
39
7
5
1
31
1
7
1
9
6
1
4
10
18
5
3
29
16
3
4
65
11
4
1
13
7
7
1
10
2
7
2
53
1
1
1
60
2
2
1
66
1
6
4
53
7
2
2
30
2
6
2
42
1
6
1
36
2
6
4
4
8
7
4
23
18
4
4
13
11
5
