1
26
2
4
1
45
1
4
2
36
2
3
4
17
10
4
4
61
4
5
2
26
2
7
1
3
3
2
3
22
9
4
2
63
3
2
1
67
2
3
2
5
3
6
1
10
3
4
3
37
8
5
4
32
8
1
3
45
2
7
4
15
24
4
2
53
1
1
2
60
2
1
4
4
22
2
1
55
1
2
2
33
1
2
1
9
12
1
1
40
1
4
4
47
14
4
2
15
3
6
2
31
2
1
3
12
5
2
4
7
7
1
2
13
3
1
3
28
6
4
3
26
11
2
3
43
7
3
1
17
8
5
3
11
3
5
4
11
1
5
2
49
3
1
3
38
6
4
2
8
1
4
4
31
13
5
2
33
3
3
2
66
1
7
4
28
10
2
1
61
2
6
2
35
3
1
3
55
13
4
1
36
1
7
3
52
18
4
3
42
4
2
2
25
2
2
3
34
6
7
1
6
1
7
1
47
1
4
4
33
1
5
3
40
4
4
1
37
1
6
4
49
2
4
3
65
4
1
2
9
3
6
4
40
6
3
1
18
9
2
2
35
2
5
3
15
3
5
1
63
2
7
2
5
1
1
1
31
5
5
3
30
8
6
3
25
5
2
4
1
6
2
1
22
3
2
2
68
2
2
3
63
13
2
4
38
7
6
1
8
2
5
1
71
3
3
1
22
1
3
3
43
8
4
3
1
3
6
4
44
7
3
2
4
2
3
4
8
1
4
3
17
2
4
3
31
19
3
3
36
3
2
4
5
27
4
2
17
1
1
1
54
3
7
1
13
8
4
2
10
1
3
3
4
19
2
4
42
1
3
4
30
5
2
3
3
9
7
4
2
6
2
4
34
1
3
3
29
8
2
4
12
4
4
1
41
2
1
1
29
3
1
3
16
6
7
2
3
1
1
1
68
1
3
4
10
9
3
1
66
2
2
3
7
2
4
3
63
12
1
2
41
3
1
3
25
3
1
1
68
2
3
3
41
3
3
4
67
13
4
2
1
2
4
1
65
1
6
4
29
14
7
3
60
15
7
2
18
4
1
4
53
1
4
1
67
3
3
4
1
11
7
3
17
7
6
3
32
1
2
3
47
10
7
2
53
3
1
1
25
1
3
2
37
2
4
4
13
6
1
1
35
2
6
2
16
1
5
1
34
4
4
4
27
10
4
2
36
1
2
4
40
1
5
3
5
5
1
4
6
24
5
2
44
2
2
4
34
14
2
1
32
1
5
2
66
3
4
2
10
2
6
1
11
9
6
2
39
3
6
4
47
16
6
4
36
6
4
4
26
4
4
2
12
1
4
3
9
3
5
4
31
28
4
4
11
5
4
1
44
2
3
2
23
2
5
4
29
11
1
3
39
5
3
2
29
3
5
3
3
4
4
1
37
2
6
3
13
1
4
3
4
13
4
1
43
1
1
4
54
2
3
2
25
1
1
3
23
17
7
2
30
2
4
3
2
8
6
2
7
2
6
3
65
20
2
4
52
11
5
3
53
2
1
4
55
1
2
2
1
1
7
2
61
2
3
4
18
17
5
4
68
9
2
2
14
3
2
2
49
2
5
3
36
5
2
1
53
1
1
1
14
8
1
2
54
1
2
4
37
5
5
2
6
2
3
3
40
2
5
1
32
6
5
1
7
5
4
4
25
3
3
2
43
3
1
1
16
6
4
3
11
25
1
1
27
3
5
1
60
2
4
4
55
9
1
1
11
12
5
3
5
3
1
4
27
6
5
1
42
2
1
2
55
3
2
3
47
1
7
2
32
2
4
2
37
1
6
3
14
21
3
1
26
3
3
1
18
4
5
2
12
2
5
1
4
2
6
1
30
18
4
3
41
2
7
4
71
1
2
3
67
18
4
4
38
6
7
2
18
3
7
3
34
3
3
2
27
1
6
3
7
1
5
2
2
2
3
2
14
1
5
2
28
2
2
4
45
1
1
1
60
1
5
4
32
1
5
1
55
2
2
2
65
2
7
1
25
3
2
4
16
1
7
1
71
1
7
4
3
21
3
4
22
15
1
4
23
5
5
3
12
6
5
4
3
16
2
1
35
4
4
4
39
3
6
4
36
10
7
1
39
1
5
4
28
6
4
1
15
5
3
4
22
13
4
1
41
1
5
2
7
3
1
4
60
2
6
3
9
30
7
3
61
4
4
3
14
26
6
1
23
1
5
2
23
3
2
2
2
1
7
1
28
2
2
1
33
7
3
1
65
2
3
2
61
1
3
1
8
5
4
1
38
2
5
2
42
1
7
4
14
11
4
1
17
10
3
3
42
3
3
2
65
1
7
1
47
2
5
4
10
10
6
4
9
2
3
4
66
3
5
2
22
2
5
2
39
2
4
2
9
2
6
2
13
2
4
3
68
13
5
2
3
2
5
2
4
3
4
3
45
7
3
3
26
9
6
3
18
1
3
1
3
11
1
4
60
8
2
2
30
5
2
1
39
3
7
3
49
5
1
3
44
6
2
3
35
6
7
3
8
16
3
2
11
3
2
4
63
11
4
4
45
12
2
2
34
3
1
3
54
1
4
2
40
1
7
3
35
2
5
4
43
4
1
2
67
2
1
1
15
2
4
1
28
3
7
3
16
7
6
3
44
4
6
2
47
4
4
1
2
4
5
1
6
2
4
3
54
2
1
2
38
1
4
3
31
2
6
3
33
18
6
4
42
5
2
3
6
5
5
4
41
3
6
3
10
4
3
2
38
4
6
1
45
2
5
1
53
2
4
4
68
5
7
3
52
2
3
4
53
2
2
2
71
2
2
2
67
1
4
3
1
7
5
2
43
2
4
2
11
2
7
1
27
1
3
1
33
8
4
1
5
1
5
2
54
2
1
3
6
3
1
1
29
1
2
3
71
4
4
3
32
2
2
3
37
9
1
3
67
23
6
3
22
5
1
2
29
1
6
3
30
14
6
2
60
4
2
4
71
6
2
1
49
2
5
4
26
5
2
4
17
13
1
4
61
1
3
4
63
9
4
1
66
1
1
3
55
6
3
3
61
9
4
2
6
3
4
2
15
1
5
2
52
6
2
2
8
2
6
4
43
12
6
2
55
2
6
1
4
8
1
1
1
2
7
3
23
4
1
3
8
5
7
4
37
2
3
3
15
14
5
3
60
13
7
2
31
4
6
1
43
2
3
2
32
4
5
4
4
6
4
1
44
3
2
4
65
11
2
1
40
2
2
1
63
1
3
2
16
3
2
1
14
2
1
4
52
13
7
4
25
8
1
1
9
10
1
4
35
3
3
2
45
4
4
4
8
19
2
2
42
3
1
1
52
1
4
1
5
2
7
2
17
2
2
1
16
1
6
3
18
9
2
3
2
3
7
4
13
13
6
4
5
8
2
2
34
1
4
2
68
3
1
4
49
8
5
1
1
3
1
1
10
1
4
2
44
1
3
3
68
15
2
3
13
6
5
2
47
3
7
2
52
5
3
4
9
3
4
1
23
3
7
1
61
3
7
4
14
29
6
4
30
1
3
3
10
18
6
4
54
5
6
1
12
9
5
1
7
8
5
3
53
8
6
1
42
1
6
4
65
6
4
1
36
3
2
1
38
3
7
2
22
1
7
3
27
8
2
2
27
3
1
3
49
8
7
2
26
4
2
1
54
1
1
3
28
4
5
1
30
16
3
3
39
4
2
3
71
1
1
4
7
1
1
3
38
12
6
4
44
6
4
1
34
11
3
3
66
6
5
2
71
3
3
4
67
26
2
4
66
2
4
2
45
1
2
4
33
6
4
1
12
12
5
1
13
9
2
2
40
4
5
4
23
14
2
3
33
24
1
4
35
5
2
2
28
3
4
4
18
21
2
1
49
1
5
2
63
1
3
3
27
7
1
4
41
2
2
4
16
3
1
4
6
4
1
1
2
5
2
3
66
9
7
4
39
2
4
3
29
3
4
4
15
23
6
1
31
16
6
2
41
2
4
1
52
3
2
4
12
1
6
4
2
12
3
