4
43
7
7
4
42
5
2
3
37
5
3
3
2
4
3
3
8
19
5
4
7
2
5
4
47
15
5
2
67
2
6
3
36
12
7
1
11
9
5
4
3
1
6
4
35
5
3
4
54
10
7
4
15
12
5
1
2
3
5
3
60
26
1
1
61
3
3
2
42
3
7
3
42
1
7
4
66
5
3
3
47
8
5
2
49
4
4
1
9
10
6
2
18
2
5
4
68
18
4
4
32
4
7
4
40
8
7
2
22
3
5
3
22
6
6
2
49
3
6
1
63
2
1
4
26
5
1
1
3
7
4
4
4
5
4
3
14
21
2
4
13
1
7
2
8
3
6
2
9
3
5
3
22
11
7
2
44
4
2
2
32
2
5
1
65
1
7
1
32
4
1
4
65
11
7
2
63
2
5
1
22
3
5
3
4
28
7
1
26
3
3
3
31
12
7
3
32
6
6
3
18
5
2
4
2
5
2
1
14
14
1
3
55
10
2
3
68
6
7
3
5
1
6
1
5
2
7
3
17
17
6
4
5
21
4
4
6
4
5
3
33
17
4
2
37
1
4
2
28
1
1
4
60
6
1
4
12
7
7
3
30
9
5
3
37
10
6
3
61
4
6
1
68
1
4
1
1
3
5
3
29
5
7
2
68
1
2
3
67
15
3
2
33
2
4
4
39
10
4
2
52
1
6
1
27
2
7
1
7
11
6
4
29
16
7
3
26
9
2
2
45
4
1
4
67
36
5
1
28
1
5
1
18
12
5
3
63
3
7
3
11
7
4
4
31
2
4
2
1
3
2
2
67
1
6
4
36
10
5
3
3
9
4
3
9
30
3
2
5
3
3
3
49
2
1
4
28
2
6
3
28
2
2
2
9
1
2
1
23
2
4
3
43
1
5
2
43
2
4
2
66
1
2
3
14
7
6
4
17
8
6
1
36
3
4
2
44
2
6
1
6
1
2
4
65
7
2
2
16
2
2
3
13
3
1
4
71
6
6
2
55
3
7
3
28
15
6
3
40
1
1
1
38
3
2
3
35
4
5
3
6
2
3
2
71
3
4
4
26
3
6
4
44
11
2
3
8
5
4
3
1
6
6
3
52
5
5
2
3
2
1
2
60
3
2
2
41
5
3
3
44
10
1
4
10
25
5
1
27
3
3
1
41
3
6
1
71
2
6
4
8
14
3
2
47
2
1
3
36
4
4
4
7
8
3
4
63
12
5
1
61
1
4
2
43
1
7
1
68
2
7
1
53
1
1
3
47
1
2
2
23
1
7
4
18
11
5
2
65
3
2
3
66
7
2
1
13
1
5
2
68
2
6
3
63
1
3
1
47
3
3
1
16
1
4
1
39
1
1
4
63
7
2
1
49
1
7
1
37
2
4
1
7
2
2
1
12
12
1
1
66
1
2
1
52
3
3
2
27
2
4
1
8
7
3
2
29
3
1
1
40
1
3
2
14
2
3
1
17
5
6
4
25
9
7
4
43
5
3
1
11
6
7
2
7
1
6
1
45
1
4
4
34
11
4
1
17
2
2
4
23
14
3
3
1
4
4
4
37
8
4
2
54
1
7
2
42
1
1
3
13
4
4
4
27
9
6
1
4
8
7
3
12
1
5
1
67
3
1
4
68
3
6
4
28
8
6
1
25
3
4
1
40
2
5
1
65
2
2
2
36
1
1
2
16
3
1
4
25
7
5
3
49
8
1
2
17
2
5
1
1
2
4
3
15
17
3
3
44
9
1
4
31
8
4
1
10
5
6
2
52
5
4
3
38
7
2
2
30
2
5
1
60
1
1
3
16
7
3
3
7
4
5
3
10
5
1
2
1
1
6
1
31
13
4
3
40
5
2
3
10
1
6
4
14
27
2
1
35
1
5
3
65
4
1
1
66
2
5
3
9
13
4
3
25
4
7
3
41
1
3
2
17
3
3
1
34
6
3
2
11
2
7
3
4
1
5
4
66
1
5
2
55
2
4
2
45
1
5
4
1
13
1
2
32
4
7
3
2
10
5
4
16
6
5
2
26
1
2
3
60
12
5
2
47
3
5
4
35
3
7
3
67
35
2
1
29
1
5
4
30
3
3
1
12
13
3
2
31
1
1
2
53
1
2
2
54
2
5
1
18
1
6
3
16
6
3
2
14
1
6
3
27
5
7
2
61
1
4
4
11
12
5
4
41
1
1
4
45
11
1
3
23
16
3
3
3
2
6
4
16
5
4
3
6
6
5
2
23
2
6
1
13
2
1
4
32
9
7
4
52
12
5
4
60
7
1
4
23
24
4
1
34
5
7
1
10
8
2
1
42
1
6
3
65
9
7
2
34
2
7
2
11
1
7
1
53
2
2
3
52
15
7
1
25
1
2
1
22
1
3
4
61
4
2
4
52
18
4
1
63
1
4
1
41
1
7
2
8
2
2
2
4
2
1
1
37
1
5
1
30
20
7
4
1
3
2
3
45
7
2
1
47
2
1
1
54
2
2
1
42
2
4
3
71
3
1
4
38
6
4
1
71
1
1
1
45
2
1
4
37
4
2
1
39
3
2
1
35
3
2
2
2
2
7
1
55
2
2
2
29
2
6
2
61
2
7
4
9
33
2
4
15
11
7
1
43
1
5
3
39
1
2
2
37
4
4
3
30
15
7
4
2
2
1
1
33
3
3
3
34
10
3
4
22
14
5
2
13
1
3
1
2
7
1
2
6
1
3
2
26
4
4
3
12
3
2
4
39
3
7
4
53
5
6
2
12
2
1
2
71
2
2
4
40
3
2
3
66
6
4
4
36
12
5
2
18
4
2
4
55
6
7
3
15
9
4
1
8
17
3
4
22
19
1
4
11
9
2
2
35
2
6
1
3
8
7
1
30
2
4
1
31
14
2
3
25
7
6
2
39
1
2
1
14
18
5
3
17
11
3
4
18
13
7
4
47
10
7
2
25
2
5
1
44
4
4
1
36
2
2
2
39
4
4
4
12
4
7
2
10
2
5
4
8
16
4
3
33
4
2
2
36
2
4
3
5
5
2
2
66
3
2
2
38
3
6
3
11
1
3
4
42
4
2
4
27
7
2
4
55
11
2
3
7
2
2
2
25
1
4
3
39
6
7
4
33
10
4
4
61
7
4
1
44
3
5
3
43
3
4
1
54
3
3
2
30
3
2
3
71
1
3
1
15
3
3
4
17
3
6
4
49
2
7
2
27
3
4
4
67
6
1
1
33
7
1
2
41
2
4
2
12
1
2
2
28
2
5
2
53
2
6
1
32
2
2
2
10
1
1
4
5
19
3
3
23
7
3
2
5
2
3
3
31
11
1
1
28
2
7
4
3
7
5
3
26
1
1
1
52
2
2
3
38
12
6
3
53
1
7
2
6
2
1
1
9
1
6
4
45
6
6
2
4
3
1
4
54
3
1
2
15
1
1
2
40
1
5
2
60
4
3
4
41
2
7
2
2
1
1
4
29
6
5
1
49
2
2
3
68
9
5
2
31
5
5
1
23
3
4
4
10
13
5
3
18
9
5
3
53
5
3
4
34
12
4
1
5
1
4
3
34
1
3
2
65
2
1
3
54
1
5
3
54
2
2
2
38
5
2
2
34
3
3
3
42
3
3
4
14
12
7
2
22
2
2
3
35
3
6
2
33
3
5
1
26
1
7
1
15
5
5
1
29
2
6
2
15
2
5
2
63
1
4
3
27
6
4
1
55
1
6
1
16
3
2
3
41
4
6
1
4
1
6
4
71
5
5
4
38
5
5
3
55
16
7
4
30
4
2
2
7
3
4
3
45
2
3
1
6
2
5
4
33
6
4
4
6
17
3
1
60
2
3
3
61
10
4
4
44
14
1
3
29
11
3
4
53
1
6
2
40
4
1
4
49
4
7
2
13
2
2
4
9
17
1
3
32
4
7
2
35
1
3
1
67
1
7
4
13
3
7
2
3
3
1
1
43
2
3
4
4
21
7
1
38
2
5
