2
44
2
6
4
43
9
7
4
27
11
5
4
31
27
1
4
52
4
6
1
16
6
3
3
6
6
4
2
1
3
1
1
41
1
3
4
29
12
7
3
49
3
3
4
60
2
3
1
67
3
3
4
67
35
2
1
12
8
3
3
43
3
7
3
10
15
1
3
37
4
4
4
55
12
6
4
13
5
7
2
23
2
5
3
13
4
4
2
15
1
7
3
9
31
1
4
23
1
2
4
25
9
4
1
61
3
6
4
12
8
7
2
5
1
6
2
33
2
7
2
34
2
3
1
9
9
6
1
40
3
5
2
14
1
3
3
33
22
1
1
11
9
3
3
32
3
5
4
33
3
3
4
22
19
7
3
44
10
7
2
36
3
7
4
71
6
5
4
63
6
7
3
33
15
4
3
34
8
4
3
53
6
5
3
54
2
3
3
53
2
6
3
60
13
3
2
31
1
2
4
4
14
5
1
35
1
3
3
26
6
6
3
13
1
1
3
30
18
5
3
10
22
6
3
30
20
3
3
45
1
2
3
60
1
4
2
60
1
2
1
38
1
1
4
27
10
7
4
60
6
1
1
31
5
5
2
66
3
2
2
66
1
1
2
47
1
6
4
53
12
7
2
41
5
1
1
68
2
3
4
33
11
1
2
16
1
4
3
66
1
2
4
29
2
3
1
49
1
5
3
55
4
3
3
68
17
1
4
11
27
3
3
6
5
4
1
36
1
6
3
39
5
2
2
3
3
7
3
40
4
2
2
17
3
3
1
54
1
6
4
9
12
6
1
30
15
2
4
39
9
2
3
36
15
3
1
37
2
3
2
15
2
2
4
2
11
2
1
34
3
4
1
17
15
3
3
18
24
3
3
25
5
1
2
10
1
2
2
40
2
7
3
5
1
1
4
18
9
5
3
43
4
4
3
12
5
5
2
53
2
2
1
47
3
4
1
5
1
6
2
13
1
5
1
61
1
2
3
27
5
6
4
6
13
2
2
65
1
4
2
14
3
3
4
61
4
1
4
55
9
4
2
44
1
4
4
25
3
4
4
43
1
7
3
25
2
2
3
35
1
6
2
43
1
4
2
41
1
6
3
41
3
3
4
23
21
6
1
13
5
2
3
28
7
4
1
40
2
4
3
14
2
2
1
34
9
1
2
25
1
4
4
40
5
7
2
5
3
1
4
35
1
7
2
6
2
4
4
26
5
5
1
7
7
3
2
3
2
7
3
18
17
1
4
71
3
2
2
29
2
6
2
52
7
1
2
22
3
6
3
71
3
7
4
16
3
4
4
32
3
6
4
14
5
6
4
30
3
1
4
36
4
1
2
55
2
2
3
38
3
6
4
65
5
4
1
71
2
3
1
29
2
5
1
29
3
5
4
13
9
5
2
30
4
2
2
63
2
4
3
42
3
4
3
32
9
7
4
45
7
4
2
35
2
6
1
8
14
2
1
14
5
2
1
39
1
6
3
16
7
1
4
37
7
6
1
4
7
4
4
66
4
1
2
37
2
4
4
45
4
4
3
37
1
1
4
61
12
5
2
47
4
3
4
28
1
3
3
29
8
1
2
6
1
4
1
43
1
5
1
27
1
7
2
30
5
6
4
32
13
4
2
17
1
7
4
31
3
7
2
38
1
6
1
1
2
6
3
41
4
2
1
49
2
2
3
29
6
5
1
25
1
6
2
8
2
7
1
6
1
4
1
25
2
7
4
12
9
4
1
47
1
7
3
27
10
1
1
35
4
6
1
15
1
5
2
49
2
4
1
17
5
6
1
45
2
4
4
17
1
6
3
17
8
5
4
6
20
2
2
9
3
2
1
65
2
5
1
12
13
1
3
65
9
1
4
28
7
7
1
67
1
2
1
30
9
4
3
23
16
5
1
53
2
1
1
60
2
6
2
65
3
7
4
7
1
6
1
33
8
2
2
54
1
1
4
63
7
1
3
65
19
6
1
63
1
1
2
11
2
2
2
7
1
6
3
61
4
7
2
60
2
2
2
12
2
7
3
16
3
7
4
5
25
2
4
47
17
2
3
54
1
4
1
23
2
6
4
47
12
5
1
31
7
4
2
67
1
1
1
3
9
3
3
23
9
4
3
2
1
7
2
71
2
2
2
10
3
6
1
9
7
7
3
71
4
1
1
52
3
6
2
43
2
6
1
44
4
1
2
28
2
7
4
16
6
2
4
22
11
3
4
66
2
6
2
32
3
6
3
31
23
6
2
13
2
6
1
26
3
4
4
68
1
5
2
27
1
5
3
38
4
7
4
26
7
2
2
38
5
2
3
4
21
3
3
55
12
4
3
5
4
1
3
42
4
6
2
26
3
3
3
15
7
1
4
34
11
7
4
3
19
3
4
36
2
6
4
17
6
5
3
4
10
1
3
31
21
7
2
29
3
3
2
7
3
7
3
12
4
4
3
7
5
7
1
55
2
5
1
65
1
1
1
63
2
6
1
2
7
4
3
40
6
4
2
68
3
1
4
10
24
4
3
11
24
4
4
18
5
6
1
8
5
7
1
2
3
3
2
37
1
5
4
35
3
7
1
13
6
4
1
14
20
4
2
61
2
6
3
36
12
4
1
4
8
2
4
54
9
4
4
14
30
6
4
54
12
3
1
1
3
2
3
67
10
3
4
67
22
4
1
33
2
3
2
49
3
4
4
42
2
6
4
8
13
5
4
3
22
5
4
41
1
2
4
49
1
2
2
63
1
3
3
52
9
4
4
37
3
7
3
44
3
4
4
15
18
4
1
11
3
4
1
60
1
6
1
22
2
6
2
2
2
7
1
10
1
7
1
36
3
4
4
53
11
5
4
42
4
5
2
26
1
2
4
65
7
3
2
68
2
3
3
22
9
2
1
27
2
1
2
45
1
4
1
6
2
4
1
43
3
7
2
61
1
1
3
9
6
3
2
8
3
5
2
54
2
5
4
11
2
2
3
61
8
5
4
7
5
1
1
53
1
1
1
38
2
6
4
10
14
1
1
18
14
1
4
2
13
3
3
68
14
2
3
2
2
2
4
15
16
7
2
34
3
2
4
38
4
5
1
42
2
1
2
4
1
6
2
2
1
1
3
49
6
5
1
37
1
5
2
42
3
1
1
71
3
3
1
66
1
3
1
68
3
5
2
45
2
7
2
27
3
6
1
15
4
2
4
30
5
4
4
4
26
7
4
40
8
1
2
55
1
2
2
18
4
6
4
9
21
3
2
36
4
2
2
39
2
6
3
52
10
4
3
1
9
5
4
1
9
3
1
18
13
7
1
7
6
4
1
45
1
1
3
45
7
2
3
8
10
1
3
63
3
1
4
5
13
1
2
12
3
7
1
28
1
1
1
23
1
3
4
39
5
5
1
10
8
5
1
26
2
5
1
55
1
7
2
40
1
5
2
32
2
4
3
39
2
2
2
22
1
5
2
1
2
5
1
41
2
4
3
66
7
5
4
49
2
2
2
42
2
3
4
68
22
6
3
47
10
4
1
39
4
1
1
52
2
5
4
34
14
5
3
15
15
2
3
14
22
7
1
44
3
6
3
3
5
1
2
28
1
7
2
9
2
1
4
44
5
1
4
52
18
1
4
38
3
4
2
35
1
4
3
11
16
7
1
16
2
1
2
25
2
1
2
33
3
2
2
39
1
1
2
18
2
7
4
1
14
5
3
34
11
3
1
3
3
4
3
1
4
4
4
41
4
1
3
35
7
4
2
71
3
1
2
52
1
6
3
22
1
1
3
47
1
7
2
4
3
4
3
26
2
6
3
7
1
2
1
32
5
1
1
22
1
5
1
32
3
1
3
8
14
2
1
54
2
4
2
11
1
6
4
8
5
7
3
17
13
2
3
63
5
2
2
53
1
3
3
67
22
4
1
42
1
4
2
67
2
6
3
28
2
7
3
3
1
5
2
23
3
3
1
28
2
6
1
5
2
5
2
16
2
6
4
44
6
4
2
31
4
5
1
66
3
1
