1
11
12
7
3
27
15
6
4
66
6
1
4
8
9
4
3
4
4
2
4
5
9
7
1
44
2
3
4
61
5
1
2
47
1
4
3
33
17
3
2
43
3
1
3
7
4
2
2
28
1
2
4
16
2
2
4
42
1
7
3
60
30
5
1
37
1
7
3
30
22
4
2
17
3
2
2
11
3
6
3
52
12
4
2
66
2
4
1
39
2
5
3
71
1
2
3
34
4
2
3
65
3
6
1
17
7
3
1
52
3
2
1
32
5
1
1
67
3
6
3
55
14
6
3
31
16
5
4
49
2
1
3
55
12
4
4
13
8
5
3
26
8
2
2
16
3
2
2
13
1
2
3
15
5
1
3
22
12
2
3
13
3
1
1
30
6
1
1
38
3
2
4
15
18
4
4
33
10
7
1
35
1
1
1
18
12
4
4
63
1
6
4
43
9
4
2
4
1
3
2
67
2
7
3
31
21
4
1
2
7
6
2
38
2
3
1
7
8
4
1
17
2
1
1
6
1
1
3
35
4
2
2
22
3
4
2
32
4
5
3
63
1
3
4
12
6
1
1
67
1
3
2
45
1
6
1
15
2
6
2
49
2
3
1
49
1
1
2
15
3
1
4
28
5
3
4
37
5
7
4
36
8
2
1
38
2
1
2
5
3
1
1
36
2
3
1
33
5
1
2
44
3
1
1
54
2
7
3
14
12
6
3
25
5
7
1
71
2
5
3
11
25
6
1
16
1
6
4
6
14
3
4
67
32
2
2
3
3
7
4
7
3
1
3
42
3
5
4
1
8
4
1
27
2
6
2
13
2
4
4
8
18
3
2
68
2
5
1
22
1
7
3
49
3
3
1
40
3
3
1
4
5
4
3
11
24
3
1
60
1
3
1
71
1
5
3
71
5
7
2
18
4
5
4
11
14
2
3
9
5
2
2
33
3
6
3
26
11
3
2
27
3
5
2
63
2
5
4
53
8
2
1
10
3
6
1
14
14
5
4
27
5
4
1
9
2
4
4
39
7
2
1
42
1
6
3
4
5
2
4
43
8
1
2
12
3
1
2
10
1
3
2
37
4
3
3
61
5
3
2
42
4
7
1
8
5
2
1
3
6
5
4
35
5
2
1
13
8
4
3
39
4
4
3
29
19
2
2
40
1
3
3
41
4
7
1
53
1
4
3
1
10
7
4
60
1
7
4
68
3
1
4
10
7
2
3
6
5
6
1
54
1
5
3
39
1
5
4
3
7
1
4
9
20
4
2
30
5
3
1
42
2
3
4
49
3
6
4
54
9
5
2
3
1
1
3
67
31
1
2
22
1
1
3
9
12
5
4
25
6
1
4
5
21
7
3
10
6
3
4
17
4
4
4
32
10
3
1
35
4
2
4
47
8
1
1
66
2
7
3
15
6
1
1
8
3
2
3
68
14
3
2
16
1
3
1
34
4
7
2
43
2
1
1
37
2
3
4
30
2
5
4
55
9
3
4
34
7
1
1
5
2
7
1
27
1
7
2
54
1
4
1
25
2
4
2
35
3
6
1
6
2
4
4
71
4
6
3
68
9
7
3
38
10
2
1
2
2
4
1
40
2
2
2
41
3
5
3
16
2
3
3
29
11
2
4
71
1
6
1
47
3
6
4
45
11
2
1
32
2
4
2
26
3
6
3
63
6
7
2
18
2
1
2
34
1
1
3
5
4
5
4
9
33
2
3
54
2
2
4
65
3
7
4
60
9
6
3
14
6
3
3
6
2
6
1
47
1
7
3
1
7
5
2
12
1
1
2
23
1
6
2
47
3
5
4
17
20
6
2
67
1
6
4
55
7
4
3
41
2
3
2
8
3
7
2
38
4
6
1
4
7
2
4
22
8
3
2
40
3
2
2
2
3
6
1
66
3
4
3
60
3
4
2
66
1
4
2
49
1
6
3
23
1
2
4
42
2
2
1
12
16
7
1
39
1
7
2
7
3
3
1
52
1
3
1
26
2
3
4
38
1
6
2
17
2
7
3
10
9
6
1
68
1
4
3
45
4
1
2
14
3
4
4
22
10
5
2
11
1
5
3
38
3
2
4
2
3
7
3
25
2
5
2
23
2
3
3
66
4
2
1
65
2
2
4
53
3
7
3
49
8
4
2
52
6
3
1
65
1
2
3
32
12
2
3
13
2
6
4
14
27
7
2
37
3
3
2
31
4
2
4
16
1
2
3
8
5
3
3
43
8
4
3
42
2
6
2
5
2
5
2
55
3
1
4
52
7
4
1
22
3
5
4
37
4
2
4
41
3
7
1
16
5
2
4
13
2
7
3
52
9
7
2
53
3
3
4
29
11
2
3
28
6
4
4
54
12
7
4
28
13
3
4
35
4
4
3
3
3
5
1
33
6
1
1
61
1
6
3
40
1
1
2
10
3
2
4
23
4
7
2
35
1
6
2
61
1
6
3
28
4
1
4
67
33
6
4
31
4
3
2
14
2
7
4
68
12
3
2
34
2
2
4
40
4
1
4
32
1
2
1
55
2
4
2
29
3
4
1
45
2
2
4
23
12
6
2
36
2
7
1
9
8
4
4
26
10
5
4
41
4
6
2
15
1
4
1
68
3
2
3
54
1
7
1
7
3
1
4
65
2
6
3
45
2
2
1
60
2
4
3
53
4
1
3
7
3
1
2
61
2
4
2
6
2
3
3
5
5
1
3
36
1
4
3
8
7
5
2
28
2
4
1
12
15
2
4
66
3
7
2
33
2
2
1
49
2
4
2
9
1
7
4
11
5
7
1
44
3
3
3
35
3
5
2
8
2
4
3
37
11
5
4
63
5
5
3
44
6
1
4
29
15
7
3
2
6
3
4
1
7
2
1
26
1
7
2
44
4
4
4
7
4
5
3
30
15
6
3
17
6
6
1
10
6
2
3
47
9
3
2
41
2
5
3
37
6
7
3
16
7
5
1
63
2
1
2
71
3
5
1
61
3
5
2
2
2
4
1
13
7
7
2
60
1
2
2
1
1
4
1
5
1
3
1
55
1
3
2
32
2
6
1
1
2
4
3
40
3
5
3
36
6
5
1
28
1
4
2
65
1
1
4
44
3
4
2
7
2
1
4
33
5
1
3
67
1
1
1
31
5
7
3
44
3
7
2
25
3
7
4
52
20
5
1
31
6
1
2
25
2
4
4
15
21
1
4
25
1
6
3
3
2
4
4
4
18
7
2
4
3
4
1
1
3
4
3
53
3
7
3
18
3
5
1
23
1
3
1
30
17
5
4
10
28
2
2
42
3
4
2
39
4
2
4
34
10
1
2
29
1
1
1
18
13
6
1
34
10
6
4
31
10
7
3
12
1
3
2
27
2
4
4
38
2
7
1
28
3
1
2
55
1
1
4
18
27
6
2
71
2
4
2
9
2
1
2
65
3
5
3
43
5
3
4
27
1
2
3
22
8
3
4
39
9
1
4
44
8
2
1
41
2
6
1
29
3
6
3
32
5
2
2
26
4
6
4
6
24
5
3
17
7
5
2
1
3
4
4
12
10
1
2
31
5
7
2
52
2
5
4
14
5
7
3
27
5
1
4
47
2
7
2
39
3
2
1
15
1
3
1
43
1
1
4
4
11
5
4
3
6
1
1
63
1
4
3
47
2
1
1
3
10
5
1
23
2
3
4
2
1
1
2
60
4
1
1
11
5
3
2
45
2
6
4
30
1
6
1
45
1
1
2
36
1
1
2
6
3
2
1
43
3
1
2
68
4
4
1
36
1
5
4
61
11
6
4
18
17
7
3
23
14
3
3
34
8
1
3
65
13
2
3
18
8
5
1
29
1
5
3
12
5
7
3
33
6
6
4
40
6
2
4
36
3
1
2
54
2
6
3
66
5
7
1
41
3
4
3
61
4
5
1
25
3
5
1
53
2
4
1
14
8
2
2
53
2
6
3
2
9
1
2
30
4
6
2
63
3
4
4
45
12
5
4
26
11
2
