3
11
24
5
4
42
2
1
1
52
2
6
1
8
14
2
2
10
2
6
4
68
10
4
4
25
9
4
4
27
12
4
3
38
4
2
4
13
9
2
2
16
2
3
1
67
3
5
1
45
1
7
2
60
1
3
3
7
1
5
4
9
22
4
4
26
9
4
2
32
2
2
1
55
1
4
1
44
3
3
4
12
1
2
3
45
7
5
1
1
2
1
2
7
1
6
1
1
3
2
4
7
9
6
4
8
1
4
3
9
24
2
2
2
2
3
3
31
19
6
1
23
1
6
2
25
2
7
3
29
9
7
2
41
5
4
3
49
6
1
2
52
3
4
2
12
3
1
3
8
3
4
2
53
2
2
1
37
1
3
2
22
2
3
3
13
6
4
3
27
15
7
3
23
11
6
3
41
1
4
2
32
4
1
4
31
21
4
1
60
1
4
2
15
1
3
3
32
7
3
1
44
2
3
1
22
1
6
1
28
1
6
3
52
12
4
2
38
5
5
1
34
6
7
1
68
3
4
3
60
7
6
3
71
3
3
1
9
10
7
3
1
1
4
2
71
3
3
1
26
3
3
3
27
6
6
2
13
3
4
2
31
5
5
1
60
2
6
2
55
2
2
4
53
9
1
4
68
20
1
2
66
2
6
1
30
11
6
1
36
1
6
3
65
16
1
1
55
2
1
2
6
2
7
3
67
34
3
4
45
2
7
3
15
13
4
4
39
7
2
2
26
4
7
4
38
8
6
1
11
3
2
4
11
11
7
4
71
1
5
2
7
3
7
4
31
10
5
3
35
3
6
4
5
2
7
4
35
3
2
3
28
1
1
1
34
7
3
3
14
8
5
3
23
1
2
3
12
5
3
3
44
2
7
3
30
20
1
2
22
1
7
3
17
17
5
2
18
4
3
2
17
2
2
1
7
4
4
4
6
17
5
2
39
4
3
4
40
3
3
1
16
3
6
3
9
29
1
3
11
13
3
4
4
9
3
4
32
13
1
4
16
10
5
2
30
3
1
2
47
2
1
4
17
11
2
4
6
21
5
2
63
1
2
4
71
3
5
4
54
7
3
3
40
3
3
1
52
1
2
1
15
4
2
4
32
10
4
3
67
4
3
4
18
17
2
2
13
1
1
2
54
1
2
2
6
1
3
3
4
15
7
2
43
2
3
1
15
1
7
4
30
4
1
1
2
2
2
3
25
7
7
4
35
4
3
4
34
4
2
4
10
9
7
2
28
1
3
1
53
2
7
4
3
8
7
1
49
1
4
3
55
17
3
3
26
2
6
4
41
2
2
4
29
13
3
1
35
4
3
2
2
3
6
1
27
2
7
3
18
16
2
4
43
12
6
2
25
1
1
2
28
2
6
4
3
10
3
3
42
4
1
3
37
4
2
1
47
3
7
2
4
2
4
2
47
4
4
2
18
1
6
3
44
9
1
2
44
1
2
4
52
21
5
3
53
1
2
4
17
26
4
2
44
4
2
4
30
2
4
1
4
8
2
1
11
2
3
3
66
3
4
2
41
1
6
4
67
11
4
3
3
3
6
3
5
1
1
1
42
2
6
3
10
19
7
4
60
7
6
4
2
5
5
2
17
3
7
3
3
8
3
2
45
3
7
3
26
1
4
3
2
1
7
1
38
3
7
2
36
5
2
4
15
27
3
4
47
4
4
1
37
2
4
4
49
3
4
3
43
8
4
3
6
5
4
4
14
15
7
4
36
5
5
3
71
4
7
2
60
3
7
4
27
9
5
1
18
11
3
1
10
4
4
1
6
1
1
4
65
6
1
2
67
2
3
3
36
8
7
3
4
25
1
1
45
2
3
2
35
1
7
2
29
3
6
4
49
5
2
3
29
12
3
4
26
4
7
2
15
3
4
3
54
2
1
4
4
18
4
1
71
1
7
3
55
4
3
3
61
2
1
1
31
1
4
2
14
3
6
2
27
1
1
3
68
9
7
3
34
4
1
2
27
3
2
2
34
3
3
4
9
28
3
4
47
1
3
1
41
2
5
4
61
9
2
1
43
2
6
2
67
1
2
1
3
10
4
2
10
3
4
1
71
3
2
3
63
3
6
3
37
12
2
3
30
24
1
2
33
2
6
2
37
3
7
1
10
2
4
3
22
7
4
3
43
1
2
2
16
3
7
1
17
10
6
2
31
2
5
3
2
4
3
3
40
1
1
3
32
3
5
3
60
23
1
4
33
6
7
4
38
1
3
1
22
2
5
1
47
1
3
1
32
5
1
1
40
1
2
2
26
2
1
3
22
8
6
2
61
1
1
4
53
14
7
2
4
3
5
3
15
12
3
2
11
1
4
3
47
1
7
2
14
2
4
3
28
15
7
3
35
5
5
4
11
17
5
1
17
14
5
1
65
1
1
1
13
7
4
2
43
5
7
4
12
8
1
4
60
5
7
4
7
4
7
2
65
3
4
1
8
16
5
4
1
6
5
3
12
2
7
3
53
7
4
2
12
2
2
2
23
1
4
2
40
3
3
2
63
3
7
2
68
2
5
3
66
7
7
4
44
12
6
2
42
4
5
2
66
3
4
4
66
1
7
3
16
2
7
4
33
1
7
3
1
2
2
4
45
7
2
4
65
15
7
1
3
11
7
4
63
1
2
2
71
2
5
4
14
18
1
3
41
3
3
4
55
10
2
4
23
20
6
1
27
3
7
1
5
1
7
1
35
2
3
2
53
1
3
2
1
1
6
1
25
2
4
2
9
2
1
2
42
3
7
1
61
1
6
1
29
3
4
4
23
23
7
2
30
2
5
3
38
3
1
4
10
15
3
1
9
1
5
3
63
5
4
4
34
9
1
3
42
1
2
1
36
3
2
2
23
3
6
3
31
10
6
1
13
9
5
4
15
24
5
4
16
8
2
1
63
1
6
1
54
1
6
1
65
2
2
2
55
3
4
2
3
2
7
2
9
3
3
1
32
1
3
4
40
2
5
3
25
9
4
1
26
2
4
3
47
7
4
3
54
1
2
4
22
9
1
2
38
2
6
3
18
25
6
4
18
9
6
1
49
2
6
1
38
1
4
4
41
4
6
4
52
3
6
1
16
5
2
3
45
2
5
4
54
2
5
3
7
4
6
1
53
1
5
2
65
1
7
4
61
3
5
1
14
12
5
1
30
13
1
4
44
17
3
1
39
4
4
2
68
3
4
1
23
2
6
1
18
1
2
1
6
2
1
3
10
8
7
4
39
3
4
4
37
7
6
4
2
11
5
4
28
10
3
3
34
6
3
3
33
14
4
3
49
5
7
3
8
13
1
3
39
4
7
3
14
20
4
2
34
1
2
3
17
12
5
2
45
1
2
1
61
2
2
2
29
1
5
1
41
3
4
3
5
5
3
4
13
2
7
2
5
1
6
1
33
5
6
2
40
2
4
3
65
18
5
3
36
7
6
4
36
4
5
3
33
5
5
1
2
3
3
3
13
3
2
2
1
2
3
1
25
1
2
1
14
5
3
1
63
2
1
3
39
3
4
1
43
1
4
4
42
3
4
2
39
3
5
1
40
2
1
2
37
1
4
1
12
9
5
4
29
2
5
4
8
11
6
4
1
14
1
1
28
3
6
2
3
1
1
1
7
10
1
3
16
5
6
4
22
14
6
2
5
2
6
1
42
1
7
1
12
16
3
2
54
2
5
2
33
1
3
2
61
3
2
1
31
2
6
4
25
3
4
2
49
2
7
2
8
2
1
2
35
2
4
4
63
11
2
1
4
6
3
4
28
12
1
1
67
2
7
3
61
6
3
1
66
3
5
1
33
8
3
2
49
4
5
4
37
13
1
4
5
23
6
1
68
2
5
4
55
9
6
1
66
2
1
3
68
10
6
2
52
5
1
2
11
3
7
4
67
18
7
1
5
2
2
1
29
2
7
3
6
3
5
1
39
1
2
2
8
1
2
3
52
7
4
4
43
7
5
2
36
1
3
4
66
3
3
1
54
3
3
