2
26
3
5
4
13
2
3
1
28
3
7
4
68
2
5
3
47
8
6
1
35
3
1
4
30
8
7
3
3
6
7
3
6
4
5
1
53
1
2
3
14
13
2
1
13
6
2
2
47
2
5
1
47
3
3
1
38
2
1
1
60
2
3
3
5
4
5
2
33
2
4
4
4
14
2
4
14
24
6
3
37
5
2
2
71
3
6
1
42
1
3
2
4
2
7
4
43
5
6
3
22
5
4
2
53
2
4
2
27
3
4
1
30
11
6
3
65
3
7
4
63
7
2
4
9
21
7
3
10
14
7
3
1
9
3
1
6
1
3
3
39
2
5
2
44
2
2
1
35
2
7
2
34
2
5
3
29
13
3
4
35
3
2
1
66
3
4
3
36
9
5
1
16
3
3
1
55
2
4
2
60
3
4
2
67
1
5
1
71
1
7
3
2
7
7
4
38
6
5
4
32
2
3
4
61
8
2
3
44
10
2
4
15
4
7
1
11
11
3
2
60
4
2
1
49
1
2
2
66
1
7
2
6
2
2
3
7
4
7
4
34
13
3
2
65
2
4
2
42
2
5
1
11
12
6
3
65
17
1
3
43
1
3
1
10
3
2
4
22
17
5
2
12
3
6
3
28
3
7
4
63
9
7
4
6
1
3
4
25
3
4
3
4
25
2
4
29
12
3
4
28
13
7
3
40
3
6
2
22
2
7
4
45
7
5
3
38
7
2
3
33
7
5
4
1
6
2
4
38
9
5
2
30
2
4
2
9
3
2
2
7
3
1
3
44
9
2
3
31
30
7
4
54
10
4
3
22
10
7
3
45
3
1
1
1
3
6
3
38
11
2
2
61
3
1
3
16
5
7
1
9
3
6
3
13
3
2
4
16
8
5
2
54
1
5
2
61
2
7
1
32
2
7
4
33
7
2
1
3
11
1
2
41
4
4
2
7
1
6
2
4
3
2
2
29
2
7
3
16
1
5
1
31
14
7
3
29
10
4
1
43
3
3
2
16
1
7
1
23
3
7
1
71
3
1
2
53
3
5
4
34
10
1
3
63
9
7
1
12
2
6
1
37
1
4
1
40
2
7
3
47
9
3
1
41
3
4
3
42
4
3
1
18
7
1
2
29
1
3
4
22
16
6
4
8
5
1
1
68
2
3
2
32
4
7
4
5
13
6
4
45
8
6
1
66
1
4
2
37
2
4
3
66
8
1
3
23
19
1
2
39
3
4
4
68
13
7
2
12
1
1
4
11
23
2
2
40
4
7
4
12
9
4
1
61
1
5
2
49
3
6
1
41
2
6
1
5
2
2
1
31
5
3
4
6
8
7
4
44
1
1
4
43
6
2
4
1
8
4
1
63
1
3
2
47
4
6
3
63
10
6
3
26
3
1
1
32
5
6
3
67
17
3
3
18
4
6
1
63
2
4
1
68
1
3
4
71
3
6
2
1
2
5
2
32
3
5
4
27
3
6
4
39
5
7
2
27
1
6
1
8
15
3
2
25
2
5
1
43
1
5
3
36
4
4
1
44
1
2
1
29
3
2
2
68
3
4
1
25
1
3
4
7
2
1
2
45
1
7
1
8
2
1
3
35
3
7
1
4
5
4
1
27
3
2
3
13
8
7
1
45
2
2
4
44
14
2
3
49
1
6
1
29
2
2
2
40
1
4
2
31
1
2
4
52
20
2
3
15
8
7
3
45
2
7
2
36
3
1
1
49
2
7
1
12
7
6
1
16
6
3
2
68
4
2
1
15
2
3
3
12
6
1
3
32
3
7
2
67
2
4
3
2
4
6
3
14
6
1
3
55
3
3
1
3
10
6
3
17
10
1
4
55
6
2
3
27
3
7
1
7
10
2
4
16
10
1
1
36
1
5
2
35
2
6
1
54
1
5
1
33
7
2
2
43
3
6
2
5
3
4
2
71
1
4
1
30
7
3
2
52
4
3
2
37
4
1
4
40
2
7
2
33
3
6
2
18
4
7
4
10
30
7
2
16
2
3
3
37
6
6
3
5
5
1
1
60
1
2
2
34
3
7
1
23
1
7
1
34
4
1
4
61
3
5
4
49
1
5
4
60
5
7
2
49
4
2
3
60
16
1
4
41
1
1
4
7
4
5
2
10
1
5
2
66
2
2
3
33
19
3
1
39
1
1
3
66
3
1
2
28
2
3
1
42
2
6
4
14
1
3
3
9
9
1
3
52
11
2
2
38
5
6
4
37
5
7
1
55
1
6
3
12
1
7
3
3
4
5
3
6
2
7
2
23
1
5
2
18
1
2
1
28
1
6
3
30
25
4
3
28
13
2
1
26
2
3
4
47
7
1
3
54
2
7
1
4
3
3
2
30
5
1
4
67
8
3
2
43
1
6
3
25
6
6
4
32
4
3
3
52
5
1
3
42
1
5
3
31
13
5
1
54
2
1
2
5
1
1
1
1
1
6
4
11
18
5
2
11
1
7
1
52
3
6
3
53
8
3
4
40
6
7
1
40
3
6
1
38
1
6
4
42
5
4
4
2
2
6
4
30
5
6
2
38
2
3
2
26
2
7
1
14
16
4
4
55
3
1
1
67
2
6
2
36
4
1
4
67
35
1
1
37
2
3
4
60
8
5
2
41
5
1
4
10
8
3
3
61
3
7
4
41
4
2
3
39
7
5
4
3
20
6
3
18
11
5
4
36
5
4
2
3
3
2
2
31
5
2
3
60
12
1
4
5
26
6
1
22
3
1
1
34
7
1
2
45
4
4
4
33
3
1
3
11
9
5
2
39
2
7
3
35
4
4
2
2
2
4
2
22
1
3
3
26
7
7
4
26
8
3
4
17
20
2
2
65
3
3
4
13
16
1
2
35
1
5
1
47
2
3
3
53
4
7
1
7
3
6
1
45
1
7
4
37
14
5
4
8
6
4
3
17
2
4
3
27
9
4
4
65
9
3
1
26
1
3
2
15
3
5
1
44
2
3
2
1
3
5
4
2
3
2
1
18
1
6
2
3
2
2
4
36
2
2
4
53
5
5
3
55
1
6
4
54
9
3
2
10
2
5
2
14
1
5
3
34
2
5
1
5
1
3
1
33
5
4
3
67
21
2
3
9
24
3
1
65
1
5
3
7
3
1
3
23
10
2
3
8
4
3
1
53
2
2
4
23
9
2
4
42
2
1
3
25
4
1
4
53
12
6
2
44
3
6
3
71
4
7
3
41
3
2
1
17
11
7
3
10
21
1
3
68
16
6
2
9
1
2
3
34
1
7
3
41
1
4
4
39
4
4
1
27
1
1
2
52
5
2
4
29
2
4
4
9
23
5
2
42
4
6
4
49
6
1
2
25
1
5
3
1
1
7
3
4
5
1
4
28
12
3
3
54
1
3
3
71
3
1
2
55
2
5
4
4
23
3
1
36
3
7
3
8
2
7
1
14
3
7
4
12
5
4
2
6
1
3
2
14
3
5
1
17
9
1
1
25
2
6
4
66
2
3
2
63
2
4
1
22
2
1
1
13
7
7
3
49
5
4
2
63
1
7
3
68
6
1
3
43
6
1
4
17
16
5
1
15
5
7
4
66
6
7
1
9
13
6
2
17
3
1
4
31
20
6
1
67
3
2
1
39
4
1
1
65
2
2
2
54
2
6
4
15
20
4
3
30
14
3
1
2
6
7
4
18
15
3
1
10
1
7
4
18
7
5
4
23
13
5
4
25
9
1
1
2
3
7
2
17
2
2
2
55
3
1
2
28
1
7
1
61
2
1
2
8
2
3
4
26
3
7
3
11
1
5
4
65
2
7
2
13
1
1
2
15
1
3
3
61
7
6
4
71
6
6
2
11
3
7
4
27
5
7
4
3
12
3
3
40
4
6
1
6
2
2
1
52
1
3
4
47
12
1
3
32
9
7
4
31
7
5
2
8
3
1
3
15
13
6
2
23
2
5
2
13
2
4
4
52
7
5
4
35
5
1
2
2
1
7
