1
32
6
1
2
23
1
6
4
17
16
4
1
54
2
6
3
61
10
6
4
10
12
4
2
34
1
7
3
52
16
7
4
38
1
2
1
41
3
6
4
55
12
4
4
47
17
5
3
3
1
6
2
13
2
1
1
8
15
5
2
35
1
7
3
7
3
2
3
31
23
5
4
31
29
3
3
52
2
1
4
40
1
6
4
22
8
4
3
45
1
2
4
33
3
1
4
66
6
2
4
67
5
5
3
66
3
4
1
35
3
3
1
61
3
1
3
36
12
6
1
9
5
2
1
27
1
5
1
10
5
2
1
18
4
1
1
43
2
4
4
33
2
5
3
55
11
2
2
2
2
6
4
30
7
7
2
6
2
4
1
25
2
3
1
35
1
4
2
42
3
3
1
22
2
3
1
36
3
6
1
65
2
1
4
42
3
7
1
33
8
2
1
45
1
2
1
39
1
1
1
52
3
6
1
25
3
3
4
68
19
1
3
42
1
4
1
23
1
7
3
66
7
4
3
35
2
7
2
44
5
7
4
2
7
2
2
38
1
5
2
26
1
4
2
47
1
2
2
31
1
1
1
3
9
7
1
10
8
1
4
54
6
6
3
36
8
4
2
39
4
4
4
7
6
6
4
55
13
2
3
1
1
2
2
49
1
1
2
28
3
2
3
53
4
3
1
27
2
1
1
44
4
6
4
27
11
3
1
68
3
6
1
60
1
4
3
25
7
6
4
52
7
6
1
28
2
7
3
16
6
7
1
37
2
7
2
54
1
5
4
45
3
6
4
18
17
3
2
41
4
4
2
43
4
6
2
16
3
6
2
11
2
5
2
10
3
4
3
44
1
2
1
54
3
4
4
1
11
2
4
37
12
2
4
65
6
2
4
13
8
4
4
43
10
3
3
27
17
1
3
45
2
3
3
31
10
7
4
29
4
5
4
28
4
5
4
10
23
3
1
41
1
7
3
5
5
1
4
53
1
1
1
26
3
5
1
11
4
5
2
42
1
7
1
14
20
4
4
34
12
6
4
26
9
3
1
34
6
2
3
67
26
7
2
41
2
3
2
3
3
1
4
36
15
6
2
71
3
1
4
61
1
5
4
16
5
6
2
68
4
5
3
34
4
2
4
34
11
1
1
42
1
3
4
35
2
6
2
17
1
3
2
71
1
1
3
6
6
6
4
2
6
4
1
16
2
6
2
61
1
7
3
60
17
3
4
47
6
7
1
9
3
5
1
2
7
5
1
30
5
7
1
6
1
7
3
13
9
3
1
66
2
6
4
9
1
1
1
7
8
7
3
47
7
4
4
13
11
2
1
14
18
2
1
63
1
7
4
12
3
2
4
8
11
2
2
9
2
5
4
11
23
4
4
39
2
2
1
40
1
5
2
33
3
7
2
26
2
4
2
65
4
1
2
29
2
1
3
11
24
6
3
15
16
5
3
11
9
3
3
30
8
6
2
5
1
2
1
4
2
2
1
12
1
5
3
29
15
3
2
68
1
4
4
66
5
3
4
36
7
2
4
6
15
1
3
22
7
4
4
14
15
4
2
27
3
1
1
31
14
7
3
71
4
7
2
55
3
3
3
27
15
2
4
54
11
3
1
1
1
6
2
7
2
5
2
30
4
2
4
12
1
4
4
71
3
2
4
32
13
4
3
12
1
3
1
45
2
7
2
25
1
2
4
29
9
2
1
40
2
1
2
22
3
6
4
49
8
5
3
17
4
2
2
7
1
1
4
32
9
4
3
32
10
6
3
44
7
7
2
65
2
6
3
7
2
1
4
16
8
3
3
23
6
1
2
10
2
2
3
14
5
4
2
4
1
6
2
66
3
4
2
23
2
6
3
37
5
5
3
12
4
2
2
60
4
2
4
37
9
2
1
15
5
4
1
36
2
1
4
30
4
6
1
49
2
4
4
15
12
5
3
3
5
4
2
13
1
7
3
38
9
4
4
9
8
5
1
55
2
6
3
39
9
5
1
71
3
7
1
39
2
4
2
54
2
3
3
14
1
7
1
42
2
5
2
3
2
4
3
30
9
4
4
41
3
5
1
1
2
1
2
32
1
3
3
17
12
6
4
6
4
5
3
47
5
4
3
37
2
6
1
5
2
4
4
60
7
5
2
11
3
5
2
37
3
5
1
23
2
7
1
17
2
1
3
5
1
7
4
15
27
2
3
26
9
2
3
68
13
2
1
17
16
2
3
18
11
6
1
29
1
5
4
4
9
3
3
29
13
4
2
1
2
5
3
6
4
3
4
71
1
5
4
22
5
4
2
67
2
3
1
38
3
6
1
11
7
1
2
34
3
1
1
13
6
7
3
38
2
7
2
53
2
5
1
47
1
1
1
5
1
2
4
25
5
1
2
49
2
1
2
16
2
5
3
55
14
2
4
35
4
5
2
37
4
3
1
52
2
2
4
63
8
3
4
3
5
5
4
17
26
5
2
8
3
4
4
8
2
2
3
15
13
1
2
40
2
5
1
4
3
1
3
54
2
6
1
53
1
3
2
2
1
3
2
36
3
4
3
53
8
3
3
60
21
7
4
61
6
2
4
49
2
3
4
44
19
2
1
67
3
3
3
32
8
5
3
42
3
4
3
4
12
1
2
12
1
4
1
61
1
2
3
4
9
6
2
52
5
4
1
65
1
5
2
17
2
3
3
33
4
1
2
55
1
1
1
47
2
7
1
60
2
4
1
67
1
3
1
55
1
2
2
43
3
5
2
44
2
4
3
23
1
6
1
28
3
4
4
60
4
7
4
5
24
3
4
7
1
2
2
47
2
6
3
1
9
4
3
61
9
3
4
39
10
4
4
11
18
6
3
8
11
2
2
32
3
3
4
14
13
4
2
8
1
3
1
33
7
2
2
12
2
6
3
71
1
4
2
53
1
6
3
63
7
6
1
44
3
5
2
18
1
4
4
42
1
1
1
68
2
2
2
22
1
1
3
26
6
6
3
8
5
7
2
27
1
7
2
1
1
2
3
49
4
6
3
13
6
6
1
15
4
6
4
43
8
6
1
49
1
2
4
18
6
5
1
7
7
7
4
44
1
7
4
5
25
3
1
71
2
6
3
65
7
6
1
3
1
6
4
23
12
3
4
28
13
3
2
29
3
2
2
35
3
6
1
34
3
1
3
41
3
7
1
38
1
5
4
25
6
1
2
18
4
5
2
61
3
1
2
5
2
1
1
32
5
4
4
1
2
2
4
52
16
6
2
25
3
7
2
4
2
3
2
63
3
7
2
63
1
6
1
53
2
1
3
10
9
7
2
9
3
5
2
60
2
7
3
65
11
4
3
25
2
4
2
45
2
1
3
54
1
6
3
49
2
2
1
18
12
7
1
22
1
2
4
23
1
3
1
12
2
7
2
15
1
1
1
6
2
3
4
40
5
5
1
63
2
2
2
6
1
2
4
41
4
1
2
38
3
7
3
41
2
5
3
28
1
6
3
40
2
2
3
63
1
2
2
52
7
5
3
28
15
4
2
31
5
4
2
36
2
4
4
68
1
3
3
33
17
3
1
8
9
7
4
38
5
2
4
63
3
6
3
2
12
4
3
68
16
5
1
31
5
3
1
29
3
2
1
43
1
5
3
39
10
5
3
9
6
5
1
16
5
6
3
16
3
3
2
14
2
3
4
67
4
7
3
18
23
3
2
67
1
3
1
30
10
4
2
30
2
2
3
2
5
1
4
3
18
5
3
43
8
7
3
9
17
5
3
40
4
1
3
22
12
4
4
53
2
4
1
37
1
2
1
26
2
3
4
31
14
7
2
15
2
3
3
35
5
4
2
14
1
3
1
66
3
7
2
40
4
3
4
26
10
5
3
67
14
1
2
33
1
6
4
27
12
1
1
2
4
7
4
65
4
2
3
43
7
3
2
66
1
1
1
13
2
7
4
45
9
7
2
28
2
6
4
4
24
4
3
34
2
6
2
45
4
4
2
39
2
3
3
10
24
2
