2
3
2
2
4
41
2
2
2
7
2
2
1
41
2
5
2
41
2
2
1
42
2
7
1
6
2
6
1
9
12
2
4
14
9
7
3
37
12
3
1
4
5
2
4
22
4
3
3
17
14
4
2
37
3
6
1
11
6
2
2
34
1
3
1
9
5
3
3
11
21
6
3
53
6
6
2
43
1
2
3
16
8
3
4
65
10
6
4
42
3
3
4
36
9
4
3
7
2
4
2
33
3
7
4
61
12
4
3
42
2
6
2
11
2
4
3
6
1
3
3
35
6
3
3
8
16
4
1
14
7
1
2
53
2
6
4
35
3
5
4
16
10
6
1
30
4
3
4
15
8
2
2
28
1
7
4
28
2
6
2
8
2
3
4
60
7
2
1
31
10
3
1
39
4
6
4
66
4
3
4
12
1
1
3
55
10
2
3
25
4
3
2
66
3
1
3
10
10
6
2
55
3
1
2
17
3
3
4
52
16
4
4
3
17
4
2
37
1
3
4
44
17
5
1
27
3
6
4
68
24
2
1
66
2
5
2
42
3
2
1
31
18
2
4
35
4
5
4
30
1
3
3
36
3
4
2
49
3
3
1
7
4
3
2
66
2
2
1
53
2
2
3
4
9
6
3
43
3
1
1
11
7
4
3
9
29
3
2
6
1
3
3
66
7
7
2
61
1
7
1
43
3
3
4
3
16
3
4
5
12
6
4
25
6
2
3
29
7
6
1
71
1
2
4
66
2
6
1
60
2
3
1
10
6
6
3
52
16
7
1
3
9
3
2
4
2
3
2
71
1
1
2
8
3
7
2
71
2
3
2
22
2
5
3
39
9
6
1
8
11
7
2
68
1
5
3
66
1
4
2
15
2
4
3
8
5
7
4
18
3
1
1
39
2
5
2
2
2
7
4
14
14
5
1
67
2
2
3
71
1
1
3
1
8
2
1
13
4
2
1
17
14
3
2
63
3
3
2
55
2
1
3
3
10
7
4
28
1
1
1
68
1
2
2
3
1
1
1
68
3
4
1
1
1
7
4
43
6
1
4
49
1
3
1
45
2
5
1
38
2
4
1
63
2
7
1
2
6
2
3
40
4
2
3
40
2
6
3
13
4
6
3
6
5
4
1
25
2
1
3
68
14
2
2
9
1
7
4
36
12
7
4
63
3
2
3
54
1
4
2
12
2
6
4
32
7
6
1
7
5
6
1
1
3
3
4
1
14
7
4
22
20
6
2
10
1
7
1
66
3
4
3
38
8
6
4
38
9
6
2
17
1
1
1
44
3
7
3
37
11
7
4
71
5
4
2
23
1
4
3
53
1
3
4
23
3
6
3
60
13
4
3
5
2
4
2
41
5
2
4
45
11
4
1
27
2
4
2
35
1
4
3
47
7
5
3
44
6
3
4
37
11
3
1
49
2
6
2
5
2
6
3
63
5
2
4
12
7
3
1
65
1
3
2
43
4
2
4
52
9
5
4
43
5
2
4
5
27
1
3
49
4
3
2
65
4
6
3
34
8
7
4
17
26
3
3
16
5
3
3
31
5
1
4
2
9
6
3
3
2
4
4
53
10
7
4
10
4
1
3
39
6
4
1
67
1
2
3
9
4
1
4
1
2
1
3
31
25
4
2
2
1
7
4
71
2
7
3
1
4
7
1
33
1
2
3
32
8
5
3
60
19
7
2
40
1
3
1
37
2
5
2
38
5
7
3
65
5
3
3
36
4
5
2
27
1
5
3
41
4
4
1
34
6
6
3
65
4
7
2
4
3
3
1
45
1
1
1
30
17
2
1
26
3
6
1
32
6
4
4
33
8
6
3
23
18
2
4
47
7
6
2
67
2
7
2
9
3
7
1
2
7
2
3
10
8
4
3
30
24
3
1
43
2
2
2
16
3
5
2
38
4
2
3
26
7
3
3
15
4
3
4
6
12
3
3
34
2
1
4
54
3
7
2
32
2
4
1
14
15
4
2
52
4
1
3
18
12
5
1
61
3
1
4
41
3
5
4
54
8
5
1
16
5
7
2
63
2
6
3
28
9
1
3
26
4
6
2
13
3
5
3
33
7
2
3
27
10
5
1
3
1
2
2
30
4
3
2
10
3
2
2
32
4
7
1
16
1
6
4
29
3
7
2
54
1
6
1
71
3
1
4
31
20
7
1
18
13
5
1
22
2
1
1
5
1
7
1
52
3
2
4
44
3
2
4
55
9
3
3
52
4
7
1
40
3
7
3
17
13
6
1
36
3
4
2
25
2
1
3
14
6
4
3
15
3
5
3
23
11
7
3
63
13
1
1
25
1
1
2
28
3
2
2
14
1
2
2
23
2
3
2
14
2
2
2
29
2
7
2
34
2
4
4
9
8
2
2
5
3
6
4
32
9
5
4
30
4
1
3
13
1
3
4
60
2
7
2
22
1
4
2
68
4
4
1
55
2
7
2
16
1
4
2
30
2
3
4
55
6
6
2
36
3
1
2
61
3
2
2
44
2
2
3
22
11
3
1
55
1
1
2
11
1
4
1
13
7
3
1
53
1
4
1
12
7
2
1
4
4
4
2
1
3
7
4
27
4
4
3
42
4
1
1
36
1
7
4
10
14
7
4
26
5
4
4
18
24
3
4
26
9
1
3
44
10
6
1
47
2
7
3
22
3
6
4
7
7
2
1
15
1
3
2
18
1
5
1
17
16
6
4
67
20
5
2
15
3
2
2
60
2
4
1
29
1
7
1
8
2
7
1
6
1
6
1
65
2
3
4
39
7
1
4
11
16
5
4
40
7
6
3
32
11
7
2
53
1
1
3
67
25
7
1
35
1
4
3
35
4
4
4
45
3
3
3
55
1
5
4
4
20
3
3
71
5
7
3
12
4
6
2
47
4
4
1
28
1
1
1
35
3
6
4
27
11
5
3
67
7
4
2
31
5
6
1
32
1
5
4
23
10
7
3
61
8
7
1
61
2
4
2
1
1
5
1
5
2
7
2
45
3
3
4
13
11
1
2
44
4
1
2
42
2
6
4
8
18
6
2
26
2
4
1
10
4
2
4
7
1
6
3
7
4
3
2
52
5
3
2
36
1
3
4
65
13
6
1
34
3
6
1
28
3
7
2
49
2
2
3
49
1
7
2
47
3
6
1
47
1
7
2
60
4
7
4
13
6
1
2
26
1
2
2
67
1
4
3
61
10
5
2
29
1
2
2
39
4
7
4
2
3
3
3
43
5
7
2
18
4
6
3
2
5
7
1
49
1
5
4
17
21
1
3
47
8
3
2
25
3
5
1
18
4
1
2
27
2
7
1
37
1
3
4
11
18
5
3
11
26
1
1
63
1
6
1
22
1
3
3
18
6
3
1
52
1
5
4
9
7
7
4
61
2
7
1
54
1
7
4
37
14
6
4
31
17
2
3
29
9
5
4
16
7
6
4
47
13
6
3
25
2
3
3
2
11
6
4
34
12
1
2
39
3
5
1
23
2
6
3
12
6
5
2
13
1
7
4
67
36
6
2
31
1
1
2
12
3
2
4
15
9
7
4
38
4
6
2
7
1
2
1
54
2
5
4
68
25
7
3
68
12
6
1
41
3
4
1
44
1
6
4
33
10
1
4
40
1
4
3
33
8
4
3
38
11
7
1
26
1
4
4
34
5
3
2
54
2
1
2
40
2
1
3
45
7
7
4
25
4
1
4
8
16
4
2
6
2
6
1
15
4
4
3
4
2
2
1
40
1
6
4
53
11
7
4
6
9
1
1
42
1
6
1
60
1
5
4
39
2
5
3
28
15
5
1
29
3
5
3
14
21
3
4
49
3
6
3
45
4
1
3
5
1
5
3
54
2
6
4
63
2
6
1
12
1
4
3
30
11
1
4
29
9
1
1
23
3
6
4
42
2
5
2
65
1
7
1
38
1
5
3
41
1
5
2
33
2
6
4
4
16
2
1
33
6
1
2
45
4
6
3
27
5
5
2
35
3
2
