4
66
5
2
1
16
6
3
1
8
17
1
1
4
4
4
1
17
4
5
1
1
1
6
3
27
5
3
1
42
1
2
2
49
1
1
4
1
4
2
1
61
2
4
3
43
4
7
3
54
2
7
3
45
4
6
1
41
1
3
4
47
13
7
2
43
5
6
4
11
15
7
1
30
8
3
2
30
1
4
2
41
4
5
2
63
3
5
1
34
11
5
1
49
1
2
4
4
22
1
3
68
3
2
4
35
5
2
3
34
11
4
2
22
1
4
2
44
2
4
3
36
2
5
3
52
12
3
3
63
5
6
2
18
2
6
4
14
34
4
2
42
3
7
2
55
1
6
4
22
12
1
4
30
3
2
1
61
1
4
2
17
2
5
1
43
2
3
4
52
12
2
3
30
18
3
4
6
21
4
4
3
4
2
1
30
3
2
3
25
1
3
2
10
3
3
3
4
27
1
1
42
2
2
1
3
8
2
1
52
3
7
2
32
1
4
1
68
2
3
1
55
1
7
4
44
8
2
2
25
1
3
4
5
1
1
3
52
7
3
4
14
13
1
4
26
7
2
1
27
1
2
1
6
2
2
4
25
9
2
3
8
16
6
4
53
2
4
4
10
29
3
2
10
2
7
2
39
3
5
3
55
6
1
1
36
3
2
1
10
2
4
4
53
14
1
1
26
2
1
3
16
7
5
1
71
1
5
3
9
26
2
2
53
1
4
2
2
1
6
3
1
9
1
1
44
1
1
3
22
12
4
3
35
6
2
2
8
2
3
3
37
3
3
3
60
11
4
1
38
2
2
4
11
30
2
1
28
2
4
3
41
3
5
2
37
3
2
2
71
3
7
4
7
7
1
1
22
3
4
3
38
12
1
1
25
1
4
3
6
5
1
1
35
1
6
2
39
4
2
2
26
2
7
2
55
3
3
1
15
2
7
1
23
2
1
2
4
1
2
4
42
3
7
4
9
26
4
4
3
13
5
3
7
5
6
3
66
5
3
2
52
1
6
1
18
10
2
4
35
4
6
3
26
8
7
1
12
11
3
2
33
2
3
4
30
6
3
2
28
1
2
3
25
4
5
3
40
3
7
1
2
7
4
4
2
5
5
2
60
3
3
3
54
1
1
2
9
2
4
3
45
1
6
1
6
1
3
1
60
2
6
4
54
9
6
3
61
11
6
1
14
9
2
4
16
2
2
4
28
13
3
4
12
6
2
3
55
3
3
4
67
14
3
1
54
1
2
2
23
1
4
1
23
3
7
3
27
1
5
4
36
3
2
3
42
3
4
4
16
7
2
4
22
14
6
4
18
8
5
2
13
1
6
1
32
1
7
1
17
2
5
3
61
3
6
2
5
3
4
2
11
3
4
1
29
2
5
1
37
1
6
2
3
2
2
4
6
29
3
1
55
2
4
4
33
6
2
1
65
2
6
3
53
7
7
3
65
19
5
2
9
3
6
2
28
2
2
1
9
6
6
4
5
5
4
3
1
7
2
3
18
20
1
2
1
2
3
4
4
17
1
2
54
2
3
3
36
3
1
4
71
1
3
2
17
3
4
3
41
2
6
4
28
8
4
3
39
9
3
3
71
5
1
3
4
9
7
2
53
3
6
3
68
12
4
2
49
2
3
4
2
4
2
3
29
2
3
2
63
1
4
4
29
1
6
4
32
6
5
1
47
2
6
1
16
3
1
2
7
1
2
3
14
17
1
2
33
1
1
1
43
1
2
1
5
2
1
3
67
37
6
4
71
6
2
3
15
11
2
1
15
4
4
1
9
9
1
2
68
2
5
1
45
1
4
3
66
7
3
3
23
18
6
1
11
5
1
2
15
2
6
3
42
2
7
2
8
1
2
1
18
14
3
4
42
1
7
3
3
10
4
1
31
7
2
3
34
1
2
1
11
9
7
4
15
13
3
1
29
3
2
2
25
3
7
3
14
20
6
3
17
14
6
3
67
18
7
1
12
4
5
3
22
2
2
4
47
11
2
2
30
4
3
1
10
8
4
4
41
4
7
3
28
8
7
4
23
11
7
4
13
12
6
3
32
5
2
1
2
3
4
3
49
1
6
4
18
4
7
4
17
2
2
3
23
6
1
2
44
5
1
4
55
6
4
4
37
6
1
2
6
2
4
2
54
1
7
2
5
2
4
1
65
1
1
3
10
16
1
1
27
2
3
2
38
4
6
1
39
3
7
1
40
2
5
1
34
6
3
1
28
3
6
2
60
4
6
4
68
4
2
1
45
2
1
3
5
5
5
3
8
7
6
3
53
2
7
3
6
4
1
4
27
8
5
2
61
3
4
3
47
10
6
3
26
1
2
1
66
3
4
4
45
5
1
4
39
9
4
1
36
2
7
3
2
5
5
4
38
9
4
1
35
3
4
1
67
2
6
3
37
9
6
2
40
3
2
2
67
1
3
1
53
2
2
4
44
9
3
1
33
4
5
2
13
3
4
2
45
2
6
4
9
28
1
3
40
1
6
1
33
8
5
4
34
4
4
1
26
3
4
1
13
9
4
4
63
2
5
1
38
1
2
3
18
18
4
1
47
1
4
1
3
3
5
4
36
11
5
2
27
3
3
4
65
7
5
3
49
8
3
2
4
2
5
4
32
9
6
3
11
4
5
2
16
1
2
3
60
20
1
2
23
3
2
3
29
4
5
2
7
3
5
2
12
2
6
4
61
8
4
4
60
6
6
3
28
9
1
3
13
7
4
4
25
1
4
2
71
1
6
2
1
3
4
1
66
2
2
4
33
5
3
4
68
1
2
4
39
1
1
2
34
2
6
4
41
1
1
2
29
1
3
3
3
9
3
2
36
4
5
1
14
18
1
1
53
1
7
4
67
18
5
1
44
4
3
3
17
7
6
1
54
2
4
2
18
3
1
4
13
16
4
4
27
12
6
3
13
3
1
3
43
7
3
2
31
2
2
2
11
1
6
4
31
18
5
3
39
1
6
2
27
2
6
4
8
16
2
2
26
3
1
1
49
2
3
2
47
2
6
4
26
12
2
2
14
1
5
3
12
1
2
2
32
4
2
4
49
1
3
4
43
4
7
2
16
2
5
1
60
1
5
2
52
4
2
4
38
4
5
1
25
2
4
1
7
10
6
3
2
8
4
4
1
12
7
4
40
1
5
4
45
12
2
2
47
1
3
4
34
13
1
4
63
8
1
1
37
2
7
4
54
1
4
2
15
3
7
2
41
5
5
2
40
1
1
2
65
3
2
4
52
7
1
4
40
2
1
1
5
1
5
2
43
4
3
4
65
1
2
3
65
1
4
3
30
26
1
1
63
2
7
3
10
2
7
1
1
3
1
4
17
24
3
3
31
30
4
1
31
10
6
3
5
1
6
4
37
7
6
3
9
6
4
3
47
7
6
1
67
3
4
3
44
7
3
4
43
3
2
1
40
3
5
4
7
6
6
4
15
25
2
2
29
2
5
1
8
10
3
3
71
2
3
2
45
1
1
4
31
1
4
3
35
4
4
3
33
7
2
4
66
6
7
1
7
11
2
3
33
13
3
2
66
3
3
4
55
10
6
2
38
2
2
1
63
1
2
2
34
1
1
1
4
1
1
2
61
1
6
4
8
4
1
1
22
1
2
3
63
1
6
2
65
1
4
1
32
4
5
2
66
1
6
2
68
1
6
4
10
6
2
3
11
1
4
1
41
2
1
4
61
3
3
2
3
3
3
2
42
2
7
2
14
3
5
2
31
4
4
2
6
3
7
4
23
2
2
3
44
1
3
2
35
1
4
4
29
7
5
3
12
5
2
3
16
2
5
4
49
3
3
3
38
4
7
2
12
1
7
1
52
2
7
2
67
2
1
3
15
16
3
2
36
2
7
1
13
5
7
2
37
4
4
3
31
21
4
3
7
4
3
3
32
3
2
1
39
2
7
4
60
4
7
2
22
2
4
4
12
10
7
1
68
1
1
2
35
2
5
2
2
3
5
1
71
3
5
