2
29
1
1
1
71
2
3
3
53
4
6
4
29
15
7
1
67
3
1
4
25
9
2
2
15
3
6
3
36
10
6
1
2
2
5
2
9
1
2
4
60
6
3
4
41
2
6
3
15
17
4
1
36
3
4
4
26
4
4
1
11
9
5
1
9
8
3
1
6
2
3
4
18
21
4
3
16
3
7
1
15
3
2
4
8
1
2
1
11
2
3
4
3
1
1
2
60
4
6
4
7
9
2
4
39
7
5
2
12
1
3
4
31
8
2
2
10
3
2
1
49
1
4
2
27
3
1
4
68
16
1
4
16
7
7
4
53
4
1
4
7
6
7
1
17
9
7
2
4
2
7
3
37
9
7
3
1
7
1
4
2
1
6
2
11
1
6
4
22
5
4
3
66
4
2
2
18
4
1
4
33
9
6
3
14
6
1
2
12
3
7
1
65
1
1
3
31
10
6
2
71
3
5
3
38
9
1
4
38
2
5
4
1
12
4
3
27
17
7
1
5
2
6
4
25
5
6
1
5
1
3
3
47
7
6
4
43
11
4
2
49
4
5
3
71
4
1
3
39
7
3
1
28
1
2
1
44
4
2
1
13
5
6
1
12
14
3
3
5
4
3
3
14
11
5
2
53
2
2
1
55
2
2
3
17
17
2
1
18
11
2
2
25
1
3
3
29
10
4
1
30
10
7
4
27
5
3
2
6
3
4
1
61
1
3
2
53
3
7
4
54
3
3
3
38
7
5
1
63
2
4
3
6
1
4
2
65
4
4
2
41
1
7
2
26
4
1
2
55
2
4
3
41
4
3
4
17
19
3
2
5
2
4
2
67
1
7
3
35
4
6
2
14
2
7
4
30
1
5
4
35
1
2
1
14
21
2
1
41
3
4
4
5
24
6
2
1
2
7
4
61
12
4
3
54
2
4
2
4
1
5
3
30
16
6
1
39
3
7
2
31
3
1
3
32
10
5
1
45
1
6
4
34
8
7
2
3
1
5
3
68
4
3
3
41
2
5
3
37
8
3
1
7
5
5
2
22
2
7
3
25
1
5
2
43
5
2
3
10
18
5
4
44
13
6
4
29
9
2
1
27
3
2
2
7
2
7
3
34
8
1
3
55
7
1
1
38
1
2
3
49
7
4
3
11
2
4
1
42
1
3
1
66
3
7
4
36
2
4
3
3
9
3
2
39
3
6
2
41
3
2
4
28
12
5
4
66
2
1
1
16
5
5
3
65
1
3
2
68
1
3
2
31
2
5
2
34
3
1
1
54
1
6
4
71
5
7
2
3
3
3
1
36
2
5
4
49
8
2
2
8
1
7
2
35
2
7
3
9
17
2
1
61
3
4
2
37
2
6
4
37
5
5
1
32
4
1
2
13
3
3
1
23
1
2
1
42
2
7
4
11
22
6
4
10
17
5
1
9
5
2
3
71
3
2
4
33
5
5
2
36
2
7
4
4
25
2
3
12
4
2
1
47
1
3
3
34
7
4
3
42
1
7
1
35
2
1
2
52
2
5
3
28
15
4
4
13
15
5
4
52
13
6
2
66
1
5
3
55
11
5
2
40
2
1
1
60
2
3
3
65
6
4
3
22
2
6
1
22
3
1
1
2
6
7
2
13
1
5
1
29
3
5
2
11
2
1
3
17
3
5
3
27
10
4
1
7
3
1
4
12
7
5
1
67
1
7
2
61
1
6
2
35
3
4
3
36
8
1
4
28
4
3
4
22
7
2
2
60
2
3
2
14
3
2
1
53
2
1
2
54
1
7
2
6
2
6
2
2
1
3
4
35
5
3
1
39
1
4
3
40
5
1
4
52
7
7
4
45
6
1
4
23
14
1
2
44
3
7
4
15
20
5
3
9
2
3
3
13
4
7
1
31
17
5
1
16
6
6
3
5
5
5
1
33
4
1
4
40
3
3
3
66
7
6
4
18
9
6
1
12
1
6
2
22
3
3
2
5
1
5
4
71
1
3
1
34
4
1
2
44
1
6
3
45
1
7
1
8
2
7
1
13
2
7
2
25
2
5
3
52
8
3
1
4
7
1
1
38
2
2
1
34
6
6
4
32
8
5
2
67
2
6
1
10
6
2
1
29
1
5
1
66
2
3
2
63
2
5
4
12
4
1
4
41
3
3
3
29
15
3
2
26
2
5
2
30
1
5
4
10
26
3
1
44
3
3
3
18
22
5
4
66
4
1
3
54
1
5
3
28
12
1
4
26
1
2
2
49
3
1
1
60
1
1
2
7
3
6
2
33
2
1
4
61
11
6
4
47
11
4
3
4
7
6
4
36
8
5
3
6
6
5
4
2
10
7
3
67
1
4
2
33
1
6
4
6
8
7
2
1
3
1
2
38
3
5
3
15
14
5
3
67
27
5
1
10
4
4
1
15
5
4
4
67
12
4
3
63
11
5
4
55
4
2
4
49
4
5
1
8
5
7
4
11
15
7
1
25
1
4
1
55
1
2
4
9
13
1
1
26
2
3
1
6
1
1
1
68
3
4
1
40
3
1
1
35
3
4
3
2
5
6
3
3
8
3
3
43
3
6
4
39
2
2
4
1
7
7
3
42
2
4
3
2
10
6
4
4
18
7
2
71
2
1
3
33
11
5
4
65
4
5
1
14
10
2
2
27
2
7
3
61
5
1
2
8
2
1
2
52
5
3
4
54
9
6
4
16
1
1
1
4
8
6
4
37
6
2
4
63
12
4
3
61
9
5
2
47
3
7
3
1
5
2
1
52
2
3
1
31
10
1
4
47
14
4
4
3
5
4
4
23
1
5
3
4
10
6
3
23
13
4
1
27
1
6
2
15
1
1
4
45
8
3
3
52
14
2
4
5
17
4
3
31
19
2
2
16
3
4
2
42
1
4
3
7
5
6
3
18
7
3
2
28
1
6
1
30
8
6
3
11
21
1
1
1
3
7
1
22
2
2
3
45
2
2
4
15
10
3
1
33
2
5
3
25
9
6
1
41
1
7
2
54
2
3
3
68
7
1
2
42
3
1
3
63
5
3
1
25
3
4
1
3
8
1
1
17
12
2
1
37
2
2
2
68
3
2
4
17
3
4
4
34
2
2
3
44
6
4
4
53
6
2
2
17
2
6
2
40
4
7
2
29
3
4
4
42
1
2
2
32
2
7
3
13
2
3
3
39
2
5
1
71
3
2
3
12
1
5
4
55
1
1
2
55
1
4
2
16
2
3
2
38
1
7
2
37
4
3
3
43
8
7
1
32
3
1
3
40
6
5
2
65
3
3
4
43
4
1
2
17
3
4
4
32
5
2
3
47
6
6
1
43
3
1
4
30
2
7
4
14
1
3
1
54
3
4
4
60
8
1
3
49
5
6
2
39
4
2
4
65
3
1
2
34
1
3
4
8
12
4
1
47
2
2
4
13
4
1
3
32
9
3
2
47
2
7
1
65
2
2
3
33
21
1
3
35
6
2
3
10
13
1
1
28
3
4
1
1
1
4
1
3
3
4
4
27
6
7
4
38
1
6
3
30
14
4
1
49
2
5
4
6
15
7
2
30
2
7
1
45
2
6
1
37
1
2
2
2
2
6
2
23
2
3
2
28
2
7
3
60
1
2
1
43
1
6
1
52
1
6
3
16
2
4
3
60
3
3
2
66
3
3
1
23
2
6
2
45
4
5
2
9
3
1
2
43
4
1
2
63
3
6
4
67
15
4
3
26
9
2
2
32
1
3
2
18
2
6
1
26
1
1
3
53
1
6
4
42
3
1
1
68
1
6
2
45
1
3
4
63
10
5
3
23
7
5
1
53
1
3
2
10
1
2
3
8
5
1
3
7
4
4
4
14
17
1
2
23
1
6
1
63
1
4
4
31
13
2
3
44
7
2
4
44
9
2
3
22
3
6
1
18
6
2
2
36
3
4
3
8
19
7
2
61
3
6
3
26
3
3
4
40
2
7
4
9
16
3
4
68
24
3
1
40
2
6
