1
16
5
3
2
28
3
2
4
1
7
1
3
15
14
2
1
52
1
6
1
41
1
5
3
3
5
7
2
60
1
3
2
65
4
3
1
22
2
3
4
53
10
1
2
40
1
4
1
31
5
3
2
39
4
3
2
10
3
5
3
1
10
1
4
7
8
3
2
61
2
1
4
9
22
6
4
8
14
3
3
28
4
1
4
67
39
2
3
14
24
2
2
47
3
4
1
9
1
6
1
7
2
2
4
54
11
1
2
63
1
1
1
12
12
2
1
67
3
2
1
32
6
1
4
66
3
6
3
27
4
2
1
54
1
5
3
4
4
1
1
44
3
6
1
26
1
7
2
14
3
5
3
61
7
4
3
55
3
6
4
63
2
6
2
53
1
4
2
17
3
6
4
32
13
5
1
45
1
3
1
1
2
4
4
40
5
1
4
3
12
5
3
8
3
3
4
38
5
5
2
30
4
3
1
28
1
7
1
7
7
3
2
26
3
3
2
7
3
2
2
28
2
6
1
18
15
1
2
45
1
4
4
38
7
5
4
52
1
5
4
52
2
3
2
67
2
1
2
31
1
5
2
54
2
7
4
16
7
3
2
40
3
5
4
31
14
3
4
29
12
7
4
25
6
6
2
11
1
5
2
44
2
1
2
30
1
6
1
33
8
3
1
67
1
1
2
16
1
2
2
22
3
3
4
31
16
4
3
5
1
7
2
53
3
7
2
71
1
7
3
7
5
4
2
15
3
4
4
17
18
3
4
36
11
5
3
53
5
7
1
68
2
3
1
3
7
3
3
27
1
2
1
53
1
7
1
23
2
1
3
68
17
7
2
18
1
2
1
27
3
1
2
23
2
1
3
4
13
2
1
12
5
4
4
26
11
6
2
37
2
4
3
68
15
7
1
5
2
1
2
68
4
7
4
42
3
6
1
55
2
4
4
13
2
5
1
60
1
5
1
47
3
3
3
43
4
5
4
7
6
4
2
35
3
3
1
49
2
4
3
67
29
5
2
26
1
6
3
41
2
6
3
41
4
5
1
26
2
4
1
14
17
4
2
60
4
4
2
11
2
1
2
9
3
7
4
34
10
3
2
31
5
4
4
13
14
5
1
36
2
3
3
5
5
3
2
55
3
3
3
54
2
3
1
53
2
5
4
8
18
4
2
61
1
3
4
27
12
6
3
44
2
5
4
71
1
6
3
44
1
3
1
30
18
4
4
18
3
1
4
39
1
1
2
6
3
6
3
1
3
6
3
11
2
2
2
1
3
7
1
3
10
5
3
18
19
5
1
8
13
5
3
32
4
1
2
49
2
1
1
44
1
1
3
13
8
4
2
32
4
4
4
53
4
3
2
47
2
5
1
71
2
2
2
45
2
4
4
32
8
2
4
61
2
5
1
38
3
5
3
47
8
2
3
67
1
1
2
22
1
3
4
14
31
6
1
6
1
2
4
65
2
4
1
36
1
2
2
33
3
4
1
8
6
6
1
4
6
6
3
9
7
7
1
65
1
3
2
27
2
1
4
33
6
1
3
25
5
7
3
33
9
3
1
25
3
2
3
71
1
3
3
66
4
2
1
17
15
5
3
18
13
5
3
49
7
7
1
45
2
6
4
63
3
5
1
11
11
6
4
9
26
4
1
2
1
3
2
2
1
6
1
71
1
3
4
23
1
1
2
43
4
4
3
52
1
6
1
9
8
1
4
39
5
1
1
39
1
7
4
23
13
7
4
66
1
2
4
60
5
5
3
33
17
7
3
7
2
2
1
43
2
5
1
60
2
1
3
29
1
3
1
1
1
2
1
66
3
7
2
42
3
6
4
44
16
7
2
52
2
4
4
60
3
6
3
38
1
5
4
47
9
3
3
11
12
3
2
66
1
1
1
65
2
1
2
23
1
4
3
26
6
4
2
67
1
7
4
67
18
6
3
37
3
4
3
6
5
6
1
35
1
7
3
60
9
2
2
17
1
3
3
10
10
1
4
36
8
7
1
30
14
3
2
29
2
6
1
10
6
2
1
17
6
3
4
17
23
7
2
4
1
5
3
9
22
2
3
49
6
7
4
11
14
2
3
30
26
2
2
41
1
5
4
30
4
7
1
16
7
6
3
10
9
3
3
35
2
6
1
40
2
2
1
22
1
2
3
31
6
7
3
13
7
1
3
25
6
5
2
32
3
3
4
49
2
5
3
34
2
4
3
39
2
1
1
68
3
3
3
61
9
5
1
63
1
4
2
10
1
7
1
49
1
4
3
71
4
4
4
27
6
7
4
65
7
6
1
54
3
3
4
55
12
2
3
36
12
5
1
42
2
2
4
10
15
2
2
37
1
5
3
43
2
1
4
41
4
7
3
29
14
5
2
16
3
6
3
66
2
3
2
34
2
1
3
6
1
6
1
37
1
4
4
16
12
4
4
4
14
2
4
54
8
5
4
47
8
2
1
31
17
7
1
41
3
1
4
55
5
5
2
39
3
2
1
29
1
6
2
27
1
7
4
37
7
7
1
61
2
5
1
42
1
7
2
12
2
7
2
55
2
6
2
8
1
1
2
3
2
1
4
30
3
5
2
44
3
1
1
52
2
5
3
40
5
6
1
43
3
1
3
42
4
2
4
45
12
5
1
25
2
7
3
16
5
5
4
33
4
7
3
36
8
3
4
2
8
2
4
45
10
7
3
35
8
6
3
45
5
1
1
63
2
2
4
22
3
2
3
28
8
4
4
3
18
5
4
5
8
1
2
2
2
4
4
15
24
7
1
11
1
4
2
63
3
4
2
25
3
4
2
43
2
3
2
6
1
6
4
68
18
1
3
34
7
1
1
23
1
4
3
40
4
1
2
34
3
6
2
35
2
1
3
54
1
4
1
6
2
1
3
63
11
3
3
39
9
2
3
52
7
5
4
14
18
3
4
71
3
4
3
22
10
2
3
63
10
4
2
33
1
2
4
44
14
1
3
38
5
5
2
9
2
3
2
7
2
7
2
68
3
2
1
10
7
2
4
37
2
6
2
38
5
7
3
23
1
4
4
4
25
4
1
34
4
2
4
61
9
3
3
31
9
5
2
4
3
3
2
65
3
3
1
39
3
5
3
60
13
4
4
41
3
5
2
1
1
4
4
1
12
2
4
43
10
7
1
47
1
7
1
33
7
7
2
66
2
6
1
14
14
7
1
37
2
1
1
18
7
4
2
54
1
7
3
12
3
4
3
2
12
7
3
65
8
2
2
25
2
7
4
40
7
2
3
2
4
4
4
35
4
5
2
49
4
3
1
66
2
1
2
15
1
6
1
35
2
2
1
5
1
5
3
22
4
3
2
71
3
4
3
23
10
7
1
13
4
7
1
61
3
3
3
3
4
1
4
12
9
4
3
47
9
2
4
2
10
1
3
26
2
2
4
26
5
5
4
6
13
4
4
18
21
6
2
18
3
4
1
15
2
7
3
12
5
7
3
15
2
3
3
8
10
2
1
38
1
5
2
3
3
3
1
32
7
2
2
29
3
2
3
55
2
6
2
41
2
4
1
13
3
2
2
52
1
4
1
4
3
4
3
53
7
2
4
10
25
5
2
12
1
6
4
29
9
6
4
49
1
3
4
35
1
2
4
11
6
6
1
29
2
2
3
17
16
1
3
65
9
2
3
37
11
6
2
36
5
6
2
14
1
3
4
68
22
7
2
36
1
3
2
13
2
4
1
34
5
4
2
42
2
5
2
13
3
5
4
43
11
5
1
28
2
4
3
42
3
7
4
5
21
5
4
6
19
2
3
45
4
2
2
8
3
2
4
22
7
6
1
27
1
5
1
55
1
6
3
14
5
1
4
28
12
5
3
16
1
1
4
25
8
2
1
15
3
5
4
28
4
3
2
5
3
2
4
15
23
6
2
38
1
3
4
34
14
3
2
5
1
6
4
12
8
4
3
32
10
6
3
17
7
2
4
42
1
3
1
40
1
4
3
30
11
5
1
2
5
5
