2
33
1
7
3
23
6
4
2
43
2
1
2
71
3
5
2
45
2
6
2
53
2
6
4
5
11
6
4
43
4
5
2
15
2
7
4
26
9
7
2
7
2
7
4
8
10
3
4
23
11
6
2
45
4
1
2
55
2
4
1
38
1
2
2
4
3
7
3
54
1
4
1
1
2
6
4
68
10
6
4
9
9
5
4
52
20
1
2
65
1
4
3
3
10
6
2
38
3
5
1
15
2
3
3
32
2
7
1
11
11
6
2
31
3
6
2
28
2
7
2
32
1
4
1
63
1
5
1
30
17
7
3
66
9
3
4
29
3
4
4
33
11
6
2
41
2
1
4
18
27
4
1
28
2
7
3
12
7
1
3
53
6
4
4
28
2
4
1
10
2
4
2
2
2
4
4
36
5
5
3
37
6
2
3
33
21
7
1
23
1
3
1
60
2
7
1
52
2
7
2
35
1
1
1
71
1
7
4
39
4
3
4
13
7
4
2
54
2
5
3
36
3
6
4
36
1
3
4
38
4
1
1
42
2
2
3
35
3
7
4
23
13
2
4
34
14
3
1
39
3
2
1
9
14
7
3
28
3
6
2
23
3
1
4
45
8
4
4
42
2
5
4
15
17
7
2
3
1
7
1
9
11
2
2
37
3
7
1
2
6
6
3
67
23
6
2
25
3
7
4
18
20
5
3
71
3
3
1
7
4
7
3
8
5
4
1
67
1
7
4
38
1
2
3
22
10
2
3
38
11
7
4
63
11
6
2
36
2
1
2
40
4
5
3
40
1
5
2
26
4
1
1
4
5
1
3
44
7
1
1
16
1
1
1
32
1
3
3
55
3
3
3
45
7
1
3
29
18
6
1
37
2
7
1
18
10
4
4
2
13
3
4
60
9
1
1
61
1
6
3
34
10
5
3
10
14
5
3
53
3
7
4
45
12
7
1
17
15
5
1
47
3
3
1
11
10
1
4
22
2
5
3
32
10
7
3
43
3
1
1
44
2
4
1
31
15
5
3
47
7
6
3
45
4
2
4
28
10
7
4
47
2
7
3
63
2
4
2
7
1
2
3
35
1
1
4
44
14
4
1
43
2
2
2
42
1
3
2
42
4
5
1
12
13
1
4
31
7
5
3
18
3
2
2
67
2
2
1
68
3
6
3
36
11
3
4
14
6
2
3
1
3
7
1
22
2
6
2
66
1
2
1
65
2
5
2
25
1
1
2
9
1
4
1
49
1
7
2
6
3
2
3
63
6
5
1
14
10
3
2
3
2
7
1
25
3
6
3
14
2
4
4
61
2
4
1
5
2
5
4
1
2
7
1
41
2
5
3
27
2
5
3
30
24
1
1
3
9
5
2
31
2
3
4
34
9
2
2
63
1
4
2
8
2
3
1
47
1
3
2
27
2
3
4
2
2
6
4
5
8
4
2
47
3
3
4
15
19
5
1
18
2
6
4
4
21
5
1
36
2
5
4
54
12
4
2
52
2
6
3
6
4
6
3
47
5
5
1
45
1
2
2
49
4
2
1
41
1
2
1
42
1
6
2
39
4
3
1
35
2
5
4
66
3
7
3
17
17
2
1
5
1
2
2
39
1
2
1
55
2
2
4
33
10
2
3
4
7
5
2
18
2
1
3
25
8
2
1
35
4
4
4
17
13
5
4
14
17
1
1
45
2
5
1
55
1
2
3
28
11
5
1
40
2
6
3
31
26
6
4
13
11
1
4
3
2
7
2
67
1
3
4
10
13
6
4
17
6
1
3
14
19
3
3
49
3
7
1
23
2
5
3
29
4
6
1
28
3
4
4
29
8
6
3
7
1
5
1
61
2
4
2
37
1
6
2
2
1
6
2
33
3
5
1
17
5
7
4
40
2
2
2
60
1
3
1
15
3
5
3
10
21
6
2
71
1
1
1
13
8
5
2
68
3
3
4
49
4
5
1
66
3
1
3
11
25
4
4
39
9
1
4
9
26
5
4
30
8
6
2
11
1
2
2
12
3
4
2
12
2
4
1
34
11
6
2
5
1
4
1
37
1
7
3
52
4
7
2
16
3
3
2
11
2
2
4
11
3
1
3
71
2
1
1
63
2
2
1
39
1
5
4
7
3
6
2
4
1
5
3
65
10
4
1
40
1
1
4
53
10
3
3
11
15
5
2
65
2
3
3
30
16
7
2
22
3
6
2
26
2
1
2
13
1
1
2
14
3
5
4
40
3
4
2
35
2
7
3
55
17
1
4
12
2
1
1
34
10
3
4
60
5
1
4
66
6
5
1
27
1
6
2
44
1
1
3
52
9
3
4
65
9
3
3
39
8
1
4
67
32
6
1
22
1
6
3
34
1
6
1
8
6
4
3
22
2
1
3
60
16
6
1
52
3
5
3
7
2
5
4
10
6
5
3
15
10
7
2
23
1
4
4
44
11
3
3
17
2
6
1
33
2
7
1
29
1
2
4
25
3
7
3
40
5
2
4
1
11
6
3
33
18
6
3
54
2
2
2
60
2
6
1
25
1
3
3
8
20
1
3
44
6
3
4
30
4
1
1
32
2
5
2
10
3
7
2
53
3
6
4
55
8
1
1
7
8
2
4
35
1
7
2
44
2
2
2
22
2
6
1
49
2
7
3
37
1
6
3
31
1
7
1
54
1
5
2
17
1
3
3
39
5
1
4
49
6
3
4
7
9
4
1
38
2
3
4
11
30
3
1
44
3
2
3
61
3
4
4
27
4
1
1
10
5
6
2
8
3
2
3
42
1
6
2
14
1
4
3
13
5
5
3
16
1
5
4
54
2
2
1
14
18
7
3
68
17
2
1
68
1
6
4
25
8
3
2
9
2
3
3
3
5
3
4
12
5
2
1
6
1
7
2
36
1
4
4
27
5
2
3
9
5
1
4
8
8
5
3
2
10
2
4
32
4
1
1
30
21
4
4
6
20
4
1
67
3
5
1
4
4
4
3
1
9
2
2
1
3
7
2
10
1
5
4
26
8
1
1
16
5
4
2
41
5
5
2
66
3
4
2
17
2
7
4
47
16
4
2
68
2
5
2
32
4
2
2
18
1
1
4
42
3
4
1
12
4
7
1
53
1
7
4
55
10
4
2
29
1
4
1
31
5
1
1
3
4
4
1
6
2
7
1
1
1
4
2
49
2
4
4
41
3
3
3
25
5
2
1
26
3
6
1
27
3
5
3
60
12
7
2
6
1
7
4
31
5
1
4
71
2
1
3
26
4
5
2
61
3
6
1
33
8
4
4
32
3
7
4
16
7
4
2
30
4
2
1
65
1
5
4
35
2
7
2
61
1
1
1
13
7
4
3
15
7
5
3
4
17
5
4
22
13
3
3
66
6
5
3
67
17
5
3
27
6
3
2
1
2
5
4
37
3
7
3
16
2
1
1
29
3
2
3
26
2
5
2
63
3
7
2
16
1
2
3
42
3
6
1
54
2
7
3
6
1
4
4
52
19
6
3
9
29
4
2
43
4
1
4
61
7
3
3
12
3
1
3
2
11
5
4
16
4
7
2
5
3
2
3
18
20
6
1
71
3
6
4
3
17
1
2
54
1
4
3
13
2
6
4
41
2
2
1
66
1
1
1
36
3
1
1
26
1
6
3
43
7
6
4
71
3
2
4
63
7
5
2
15
3
4
4
6
30
4
3
23
4
6
2
13
2
4
2
30
1
4
2
52
1
6
3
38
5
2
1
2
7
2
2
28
1
6
3
41
1
5
3
41
4
5
3
49
6
1
3
61
8
6
1
43
3
5
2
34
2
6
1
60
1
4
1
53
2
7
4
67
12
6
2
40
1
5
1
8
17
3
4
53
11
7
2
34
3
5
2
38
2
2
4
37
6
1
2
47
2
4
2
29
2
5
2
55
1
4
2
27
1
2
4
65
1
5
4
43
8
2
3
65
5
5
3
5
5
6
3
5
2
6
4
68
9
5
4
4
22
5
3
68
2
3
