1
54
3
1
4
33
6
6
3
6
5
2
4
37
5
7
4
5
15
3
1
12
10
5
2
68
1
1
1
52
2
4
1
25
1
3
1
2
6
4
2
44
1
6
2
7
3
2
1
43
3
5
3
9
11
3
3
18
7
4
4
43
10
3
2
31
2
6
4
17
8
3
3
4
19
3
4
10
6
6
4
71
1
4
3
49
7
5
1
34
3
6
3
7
1
5
2
71
2
3
4
54
4
5
3
34
7
7
3
41
3
6
1
39
1
4
3
18
20
5
2
53
1
1
4
60
5
4
4
42
2
5
3
28
15
5
2
54
2
2
3
54
2
6
1
6
1
5
2
61
2
5
2
29
3
5
4
18
21
7
2
10
1
2
3
36
10
1
3
66
7
2
2
43
4
2
3
5
3
3
2
61
1
3
2
65
3
7
4
26
10
2
4
17
3
5
1
27
1
1
2
47
3
1
2
1
2
5
4
30
3
6
3
32
1
4
1
55
1
3
4
28
12
5
2
34
2
2
1
32
3
1
4
32
11
5
4
39
1
6
4
14
20
1
2
22
2
3
2
27
2
3
4
14
2
1
4
66
6
2
4
65
11
7
4
22
13
1
3
30
13
4
4
47
6
6
1
33
1
2
3
31
10
2
4
2
4
1
4
4
10
6
4
68
24
2
3
71
4
7
2
16
2
2
1
37
2
5
2
15
3
7
1
40
1
3
4
3
19
1
4
13
10
7
2
71
3
7
4
41
3
6
1
15
4
6
4
65
4
7
3
54
1
6
2
42
1
5
2
49
2
5
3
60
19
2
2
16
1
4
2
31
3
3
3
71
2
7
2
43
5
4
1
35
4
6
2
3
3
2
4
35
4
5
1
14
6
6
2
54
1
5
1
3
7
5
2
28
2
4
3
61
7
4
1
8
13
5
4
28
2
5
1
25
3
2
3
32
2
2
3
68
12
2
2
8
2
6
3
68
5
3
1
52
1
2
4
49
4
3
4
53
15
1
1
1
2
4
1
44
1
2
1
65
2
6
3
12
1
3
1
12
15
6
4
15
17
2
4
52
21
1
1
32
7
4
3
55
2
1
4
67
3
5
4
11
20
2
4
25
8
4
2
2
1
3
2
8
1
5
2
34
1
4
1
47
1
6
3
60
7
7
2
5
3
5
1
23
1
3
4
67
18
6
1
36
3
1
1
10
6
4
1
31
3
2
1
36
2
1
4
10
13
2
1
63
2
1
1
23
2
3
4
49
8
5
1
68
2
4
1
29
1
2
3
49
2
6
1
49
2
4
4
35
1
2
3
37
9
4
3
25
7
2
1
66
2
4
4
42
5
1
3
16
4
4
1
68
1
1
2
63
2
5
4
9
26
2
3
1
6
7
2
6
1
5
1
26
1
1
2
45
4
3
1
14
7
7
3
36
13
6
2
53
2
4
3
13
2
7
2
52
7
5
4
9
31
2
2
45
2
4
1
53
2
3
1
9
12
6
2
66
3
3
4
34
8
1
1
34
7
5
2
23
3
5
3
12
2
4
4
4
16
6
1
4
8
1
3
22
6
4
4
27
8
1
4
36
4
2
3
14
16
7
1
35
1
2
2
33
3
7
4
13
6
7
1
16
5
1
2
17
2
1
4
53
5
4
3
26
8
1
3
22
12
5
1
11
11
2
4
23
22
7
3
29
4
7
3
8
7
1
2
13
3
6
3
27
12
5
3
47
3
7
3
33
16
1
4
45
6
6
1
10
2
1
2
14
2
5
1
17
2
7
1
11
5
1
4
23
9
4
1
41
3
1
1
6
2
1
2
67
2
1
1
13
6
3
4
55
11
2
2
12
1
7
2
3
1
6
1
26
2
5
3
55
8
1
2
25
2
1
1
42
1
2
1
18
3
3
3
25
8
3
3
33
10
6
1
1
3
1
1
9
14
5
1
38
3
2
4
26
7
6
4
31
4
6
3
15
8
1
1
43
2
7
2
41
1
5
2
14
1
3
2
60
1
6
1
7
3
5
2
35
3
1
3
27
14
6
4
22
14
2
1
39
3
5
1
28
1
4
2
25
1
6
2
36
4
6
3
65
1
6
2
63
1
1
1
54
2
6
4
34
1
7
1
67
3
6
1
42
2
2
2
37
2
5
2
39
1
5
4
8
2
2
1
18
13
3
3
35
3
4
2
26
1
1
1
30
11
2
3
13
4
6
3
23
9
1
4
31
2
4
2
27
1
7
2
13
1
6
2
18
1
1
4
43
11
6
4
1
5
4
3
7
2
4
2
4
3
5
1
16
7
4
2
23
2
6
2
22
3
4
4
2
12
5
1
8
2
5
3
15
17
2
3
10
9
4
4
38
3
2
3
1
5
2
4
37
1
2
2
26
4
5
3
44
7
6
1
60
1
6
4
47
11
5
4
60
8
5
2
60
4
4
4
25
7
5
1
4
5
5
3
52
15
2
1
65
1
3
1
27
3
7
3
61
3
2
3
52
12
6
4
66
4
4
3
40
1
4
4
12
6
5
1
28
3
6
3
34
2
3
2
2
3
4
4
41
2
3
2
36
1
4
3
31
7
1
2
42
3
6
4
54
8
2
3
23
4
4
1
22
1
7
4
44
12
1
1
53
1
1
2
44
5
2
4
38
8
1
4
71
2
4
1
38
2
4
4
30
8
2
4
7
3
7
2
12
2
1
3
3
7
5
3
5
1
4
1
30
2
4
2
68
4
5
3
2
8
1
2
30
2
5
4
7
5
4
3
10
10
7
2
6
3
7
1
45
2
4
1
7
2
1
2
15
1
5
1
37
1
5
1
71
1
2
2
18
2
1
3
42
1
2
4
1
3
2
3
43
1
5
3
63
7
2
4
61
5
5
2
32
1
2
2
9
3
2
3
66
4
5
4
39
10
1
3
53
7
4
2
38
3
4
3
43
2
7
1
49
1
6
2
11
1
3
3
45
2
4
2
38
5
2
4
63
12
4
1
47
3
4
3
29
5
5
4
29
3
3
3
39
10
6
1
40
3
1
3
63
1
1
2
7
1
2
2
55
1
1
4
63
11
2
2
28
1
2
2
66
2
6
4
18
2
6
2
39
4
7
2
55
2
4
1
61
3
2
3
47
1
5
4
8
9
1
4
45
8
2
3
17
17
2
1
15
1
1
4
6
10
4
3
9
9
1
1
45
1
3
3
44
9
1
3
38
5
4
2
32
3
6
4
33
11
7
3
30
12
5
1
41
1
5
3
67
14
2
3
14
10
7
2
29
2
7
1
44
3
1
1
29
2
5
1
3
8
5
3
4
26
1
1
17
8
2
2
67
1
6
4
6
6
5
3
45
5
2
2
52
4
3
4
61
2
5
4
3
6
1
4
55
12
5
4
27
5
4
3
2
5
4
1
66
3
5
2
5
1
6
2
40
1
3
3
40
3
7
2
30
5
4
4
32
6
2
3
65
5
1
1
5
1
7
3
67
25
5
1
31
12
1
3
16
8
5
3
42
3
7
3
35
2
1
4
40
4
4
4
68
6
1
2
35
1
5
1
55
2
6
1
71
2
6
2
11
2
4
2
17
3
7
2
1
3
6
3
26
1
5
3
8
3
6
2
37
4
4
3
17
11
1
2
10
3
3
1
63
1
7
4
16
3
5
3
6
2
1
1
67
1
5
1
13
3
4
1
60
2
6
2
41
2
5
2
49
3
4
1
61
2
4
4
36
1
4
4
40
1
1
2
4
2
1
3
3
10
6
3
53
8
7
4
44
14
3
1
5
2
4
2
40
2
4
4
15
10
3
2
9
2
4
1
33
8
7
3
37
11
3
4
52
20
4
4
11
18
7
2
65
4
2
2
33
1
6
4
5
14
2
3
39
4
1
2
47
4
1
1
2
4
7
3
41
4
5
4
29
8
5
3
38
9
1
1
22
3
6
4
12
5
3
4
16
10
2
3
11
9
3
3
28
12
1
3
11
15
1
