2
44
2
1
1
52
2
7
1
25
1
4
1
13
9
3
1
7
3
1
3
67
7
7
1
25
2
5
2
63
2
7
2
6
2
6
1
60
1
1
2
7
3
1
3
40
4
4
4
7
9
3
1
63
2
1
1
39
4
2
1
1
3
3
4
35
1
1
1
8
9
2
2
38
4
1
1
4
3
6
4
17
22
7
4
10
18
1
3
65
8
6
4
37
6
6
3
27
11
5
1
30
15
2
3
14
8
3
1
60
2
4
1
31
9
1
1
28
1
2
2
30
4
7
3
63
2
4
1
44
3
4
2
55
3
5
1
23
3
4
3
35
2
1
4
28
11
6
4
25
1
2
4
1
8
2
3
26
4
2
4
49
7
2
3
16
4
1
4
54
2
4
2
44
3
6
1
41
1
5
1
3
4
2
3
7
1
6
4
52
17
6
1
40
2
2
1
67
2
3
2
54
2
6
4
47
8
3
4
66
2
3
4
44
5
7
4
9
25
5
1
2
4
1
1
66
2
1
1
43
2
2
4
35
4
7
1
49
1
1
4
32
1
3
3
41
2
6
4
52
8
7
3
31
27
1
2
30
2
3
1
29
1
5
2
35
3
5
3
43
3
2
3
9
21
4
2
35
2
5
4
47
2
5
2
28
2
2
1
53
2
6
1
2
7
5
4
6
8
7
1
27
1
4
2
2
1
5
1
55
1
2
1
45
2
3
4
3
22
4
4
45
4
7
3
6
6
6
3
23
14
3
2
65
4
7
4
31
15
2
1
3
6
3
4
44
12
2
1
14
5
2
3
1
5
5
2
10
3
2
3
29
8
5
2
1
3
2
4
26
12
5
3
11
19
4
2
31
2
7
3
32
10
7
2
60
3
4
1
15
4
6
2
42
3
3
3
4
27
2
4
5
18
3
1
10
3
1
4
23
13
4
4
32
10
1
2
23
2
3
1
13
5
4
3
13
7
6
1
26
2
3
3
8
12
5
2
3
1
2
3
44
1
6
4
40
6
6
2
14
2
5
2
6
3
3
1
42
2
6
1
68
2
5
2
33
3
2
1
11
7
5
2
16
2
3
4
5
10
2
1
39
1
1
1
61
2
5
4
39
3
6
4
67
2
6
2
4
1
7
1
9
6
7
3
12
4
5
2
55
1
5
4
12
7
3
2
52
4
1
2
33
2
1
3
4
9
5
2
13
2
7
2
39
4
1
3
25
2
5
3
39
6
3
2
71
1
2
1
9
1
1
3
38
1
5
2
9
1
3
4
22
13
6
4
22
16
1
3
2
2
3
1
32
3
1
4
63
9
5
3
26
6
1
2
15
1
2
3
8
16
7
1
22
1
1
1
12
7
1
1
65
1
5
2
5
2
1
2
34
3
4
2
12
2
7
2
15
3
4
3
49
6
7
1
44
4
3
2
41
1
4
3
1
2
7
3
37
7
3
3
22
8
2
1
35
3
2
4
34
5
7
4
45
5
2
3
41
4
4
1
63
1
1
2
47
3
2
2
36
2
2
2
34
1
6
1
49
2
7
1
36
2
1
2
65
2
6
4
53
9
2
2
23
3
1
1
8
3
4
4
17
16
2
4
41
2
2
4
11
17
2
3
63
5
5
3
15
9
3
1
31
12
6
4
16
6
6
1
53
1
4
2
11
3
4
2
13
1
2
3
7
3
6
1
15
3
3
4
38
9
7
3
37
1
2
2
7
1
2
1
67
1
6
4
13
13
3
2
39
2
1
3
54
2
6
1
66
3
6
4
4
27
1
1
68
3
4
3
47
10
3
3
66
7
7
1
37
2
7
3
23
8
6
1
35
4
6
3
30
4
6
3
14
2
6
1
4
2
2
3
13
2
6
1
5
1
5
2
52
7
2
3
29
6
2
1
47
1
4
4
68
21
3
4
65
15
5
4
42
1
1
4
61
8
5
1
18
14
3
2
68
2
2
4
8
13
2
2
31
4
5
2
61
1
7
2
53
2
3
3
12
1
1
1
11
5
6
1
61
1
1
3
22
10
4
4
67
32
5
4
49
4
7
4
30
3
1
4
11
23
1
4
54
5
3
4
27
7
6
1
71
1
3
3
66
4
2
2
22
3
5
3
9
7
1
3
10
9
1
4
55
8
2
1
7
5
6
2
22
2
6
1
23
2
6
4
36
11
4
2
41
5
3
4
36
12
6
2
43
2
7
4
61
7
1
1
47
2
5
2
37
1
3
3
53
7
5
1
30
16
1
3
71
2
2
3
28
14
6
1
41
3
4
3
49
3
3
1
71
3
3
4
43
9
3
2
12
1
2
3
42
2
4
4
34
8
2
4
15
21
2
3
55
1
5
2
26
3
1
3
52
2
1
4
18
1
2
3
60
16
5
3
3
3
5
4
18
6
5
4
28
4
5
1
52
1
7
1
54
2
2
2
25
2
7
3
52
8
4
2
49
2
3
2
37
3
1
4
60
1
2
2
10
2
2
3
42
4
1
1
6
2
1
2
36
1
4
2
16
3
1
4
10
14
3
4
71
4
2
2
8
3
3
4
60
2
1
2
11
2
3
1
28
2
3
3
2
8
5
1
26
1
5
2
66
3
5
1
43
3
4
2
4
2
5
1
27
2
3
2
17
2
1
4
13
12
6
4
41
4
2
3
53
8
5
1
16
7
1
2
3
3
5
3
45
3
6
1
40
3
5
3
5
1
1
1
42
1
5
3
28
13
2
2
54
1
7
3
25
8
3
4
42
4
5
2
27
1
1
4
25
4
2
4
14
23
6
3
61
9
7
1
16
2
2
4
23
21
2
3
17
15
5
2
49
3
1
3
32
4
4
2
5
3
2
4
6
11
3
4
29
11
3
4
38
4
6
3
11
26
3
4
37
11
6
4
9
8
4
2
45
4
7
3
33
20
5
4
43
4
4
3
33
22
1
3
61
7
1
4
1
13
4
2
29
1
1
2
40
1
2
4
68
10
3
4
55
5
4
4
53
1
7
4
14
24
2
1
54
1
7
1
29
2
5
1
14
2
5
4
27
5
5
2
32
4
1
3
40
2
2
1
17
16
3
3
27
15
3
2
18
2
6
2
9
2
5
3
17
4
2
1
33
7
6
4
3
19
3
1
38
1
5
1
65
2
1
4
31
12
1
4
39
2
2
3
5
4
1
2
26
2
6
3
18
3
7
1
34
10
7
2
27
3
2
3
30
26
1
4
40
5
6
3
60
25
6
2
67
2
2
3
67
15
5
2
47
2
7
4
7
5
3
2
1
2
3
4
8
2
4
4
29
10
5
2
67
1
5
2
8
2
3
3
55
10
6
2
45
1
1
3
3
1
7
1
10
6
6
1
32
5
1
3
45
6
2
1
45
1
7
4
33
11
6
3
38
11
6
3
15
4
2
4
2
11
1
4
71
2
7
1
6
1
6
2
2
3
5
2
14
3
5
4
12
6
2
3
44
9
2
3
18
15
4
2
28
3
6
2
38
2
3
3
43
6
4
2
71
2
1
4
16
11
2
2
42
4
6
4
15
5
4
2
25
3
4
3
6
1
2
2
63
1
1
2
60
4
7
2
32
1
4
3
65
3
6
1
12
2
4
4
33
4
7
4
2
6
1
2
17
1
2
2
29
2
7
4
30
7
5
3
68
9
4
3
31
20
2
4
63
6
1
3
10
7
1
1
36
1
3
1
22
2
2
2
18
3
2
4
66
4
7
1
33
4
7
3
39
8
6
1
18
7
3
2
53
1
3
2
68
4
1
3
16
7
5
2
40
3
2
3
71
1
5
3
36
14
4
3
35
1
2
3
36
4
2
3
68
7
4
2
61
3
5
1
38
2
1
1
5
2
1
3
34
2
4
4
4
1
5
3
34
6
7
3
47
1
3
1
55
2
4
1
1
1
2
3
54
1
3
2
66
2
1
4
26
8
5
1
34
2
4
1
17
10
1
4
65
8
2
2
43
3
5
1
37
1
4
