4
1
13
2
1
68
2
2
3
29
9
3
2
65
4
4
2
28
3
5
2
12
3
4
1
1
1
3
1
53
2
5
1
49
1
6
2
66
3
2
3
35
6
4
1
6
2
4
2
26
1
2
2
10
3
1
2
54
1
5
3
54
1
7
1
36
3
7
2
30
1
1
1
29
3
4
2
25
3
3
3
1
2
7
4
26
8
6
3
10
7
7
4
4
9
3
1
45
2
4
2
36
2
3
4
1
2
7
3
13
4
1
2
16
2
1
4
7
6
6
4
8
6
4
2
34
3
7
4
23
7
7
1
13
9
5
2
66
2
3
3
4
3
6
2
29
3
6
2
53
3
3
3
66
1
5
4
61
9
5
4
44
7
6
3
32
5
4
4
30
2
6
2
68
3
1
2
60
1
6
4
60
2
2
1
55
1
5
3
7
4
4
4
40
5
1
4
29
12
1
2
13
3
1
1
30
20
3
4
39
1
7
4
28
6
5
1
16
3
7
4
36
14
6
2
4
2
6
2
55
2
4
3
8
13
7
4
67
17
4
4
22
14
2
3
30
13
7
3
33
24
1
1
60
1
7
2
30
4
6
4
15
2
4
4
66
4
1
3
6
1
2
2
42
2
2
4
14
21
6
1
10
8
1
2
22
1
7
3
29
10
6
1
17
11
5
4
38
9
3
3
37
4
7
4
33
10
4
1
54
2
6
1
8
12
7
2
61
3
1
4
29
1
3
3
11
9
4
2
33
1
5
4
35
4
3
1
31
17
2
1
40
1
6
1
32
2
2
2
17
2
4
1
54
3
1
1
5
2
6
3
68
7
1
2
47
1
1
3
28
8
6
1
3
2
6
3
54
2
6
2
33
2
6
3
3
8
2
4
2
3
3
1
1
3
1
3
1
8
6
1
47
3
4
4
55
4
4
4
32
8
5
1
22
2
2
3
13
6
3
3
61
3
6
2
15
3
1
2
23
1
3
4
7
8
1
2
16
1
2
4
45
12
7
1
28
2
1
2
67
2
2
3
67
21
3
2
13
2
6
4
54
11
3
4
53
4
5
1
37
1
4
3
52
13
4
3
4
20
5
3
23
10
3
1
22
3
7
4
37
3
5
4
55
7
6
2
35
2
7
3
38
10
3
2
28
2
1
1
61
1
2
3
38
12
6
3
18
16
7
2
40
4
2
1
33
5
6
2
61
2
3
1
25
3
2
1
32
6
1
4
61
5
7
2
47
3
7
2
53
2
1
1
34
10
1
2
4
1
1
2
63
3
2
4
68
7
3
1
43
1
6
2
40
1
5
4
67
7
1
2
6
3
1
3
47
4
3
3
40
2
7
2
44
4
5
1
14
21
4
3
42
2
4
1
2
1
5
1
49
2
3
4
6
8
5
3
65
11
5
3
27
12
1
4
17
4
2
2
39
4
2
3
34
3
1
3
44
7
1
1
28
1
7
2
43
3
7
4
2
7
4
3
15
7
2
2
36
4
2
4
34
5
7
2
7
2
6
2
49
4
4
2
32
2
3
2
31
1
2
3
36
11
4
3
63
9
5
4
30
5
3
3
71
3
1
1
27
2
7
1
52
3
3
3
14
13
6
1
10
3
4
2
26
2
2
4
49
2
2
3
22
5
2
2
14
2
1
4
13
14
1
3
5
3
5
2
31
2
6
4
22
17
2
4
43
7
4
1
41
1
2
2
17
3
3
4
9
27
4
3
65
13
2
3
41
2
1
1
53
1
5
3
25
1
5
1
9
5
2
2
18
1
7
1
71
1
6
4
5
15
4
3
14
26
7
3
31
3
1
3
5
1
5
4
17
6
4
1
25
1
1
1
11
9
7
2
8
2
5
3
41
4
3
3
40
4
2
4
60
5
2
1
38
1
5
2
2
3
1
2
71
2
7
3
31
17
7
1
65
1
1
3
28
13
5
3
17
8
2
3
67
22
4
2
12
1
5
1
31
11
3
1
67
3
1
4
18
22
7
4
68
22
7
1
40
3
1
1
45
1
5
1
52
2
5
4
65
11
1
4
35
3
5
3
16
3
5
4
9
8
6
3
26
12
6
3
23
15
7
1
7
5
1
3
30
20
5
1
44
1
4
3
52
6
5
1
12
10
7
1
30
13
7
2
37
4
4
1
66
3
3
2
41
1
3
1
2
6
3
1
39
1
2
2
63
1
4
3
53
8
1
2
7
3
2
2
38
5
7
3
45
5
2
2
29
1
1
4
6
21
7
1
65
2
2
4
5
10
2
2
9
3
5
1
66
1
2
4
28
11
2
1
12
16
6
2
3
2
6
2
52
7
3
3
66
8
5
4
42
2
3
3
34
2
7
2
41
3
1
2
18
4
2
1
67
2
1
4
3
16
5
3
55
2
3
4
25
1
3
4
44
15
1
4
42
3
3
4
71
5
7
3
49
2
4
4
33
4
5
2
71
3
5
4
40
6
1
1
35
4
4
3
44
10
7
1
61
3
3
3
45
4
2
1
71
2
3
2
6
2
5
1
42
2
7
1
41
2
5
1
18
6
6
2
35
1
4
1
16
2
3
2
15
2
6
3
36
6
5
3
26
7
3
2
38
3
7
1
11
10
4
2
11
3
2
1
63
2
7
1
17
8
3
3
12
1
1
2
25
2
5
1
15
2
7
3
35
4
7
2
5
3
2
1
36
2
4
4
4
26
2
1
6
1
6
1
35
2
5
4
43
9
2
4
38
8
6
2
52
1
5
4
39
4
5
3
32
11
5
4
8
7
5
4
54
5
2
4
11
27
4
3
43
8
4
3
27
15
5
3
61
7
6
2
1
3
6
4
52
1
1
3
68
6
3
2
32
1
3
2
67
1
3
4
12
6
6
4
16
6
5
4
12
10
4
1
8
14
2
1
13
5
3
3
6
3
7
2
49
3
1
3
18
24
4
2
14
3
6
2
22
3
5
2
44
3
3
1
27
1
5
4
31
25
5
2
1
2
3
2
55
3
2
3
33
5
2
4
11
16
1
2
27
1
1
2
34
1
5
2
37
2
3
3
9
16
6
2
27
2
2
1
4
5
3
4
63
4
7
4
27
5
6
3
10
20
6
3
71
5
6
3
22
1
3
4
66
3
4
3
60
26
6
4
16
3
3
2
45
2
4
1
42
1
4
3
37
5
7
3
2
4
1
1
68
3
2
4
41
2
1
1
26
2
4
4
3
10
1
1
39
2
1
4
25
4
6
2
54
2
2
2
39
2
3
4
47
7
3
3
47
1
1
1
63
1
2
4
49
1
6
3
63
6
7
1
7
9
7
4
14
9
5
1
55
2
1
4
37
2
1
1
33
8
2
3
53
4
6
2
65
2
1
4
53
8
2
1
60
2
6
4
13
13
1
1
15
4
2
4
47
9
5
3
9
7
2
3
49
6
6
4
27
9
7
1
26
3
7
4
32
12
5
1
29
1
6
4
10
15
3
1
43
3
6
1
18
4
4
2
5
2
7
2
3
3
5
2
43
5
4
2
68
4
5
4
31
14
2
3
12
4
6
3
7
1
5
3
42
3
6
4
18
16
1
3
2
7
4
3
39
5
5
2
8
3
3
4
15
7
3
1
38
2
6
2
9
1
1
2
2
1
3
1
37
2
3
4
26
1
1
3
16
5
3
4
52
16
1
3
11
14
3
3
8
6
5
4
65
7
3
1
9
1
7
3
25
9
3
1
14
2
4
1
34
7
3
4
41
1
4
4
63
5
4
4
36
3
6
1
5
1
5
4
71
1
2
2
42
3
7
2
60
4
5
3
15
8
1
4
34
14
2
1
4
8
4
1
47
2
4
3
43
6
3
3
17
1
5
3
39
8
5
3
3
5
1
4
23
13
7
2
23
3
4
4
10
17
3
1
23
2
5
4
45
8
3
2
45
3
6
3
55
14
5
1
44
3
4
2
10
1
3
1
23
1
3
1
3
9
5
2
11
1
2
3
60
11
5
