4
44
3
7
2
23
3
2
4
28
13
4
3
35
8
5
3
25
3
5
2
36
2
5
4
39
7
7
2
60
1
2
4
47
2
7
1
15
5
6
1
68
2
6
3
14
1
3
1
60
2
3
1
65
2
1
2
25
3
6
4
35
2
1
1
65
1
2
1
30
5
2
3
60
7
2
4
37
4
3
3
32
1
2
2
39
4
2
3
7
2
4
2
14
1
1
4
32
14
6
1
2
6
4
1
33
7
3
2
44
3
5
3
55
17
4
2
5
2
4
3
65
5
6
1
3
11
2
4
38
1
3
1
53
1
6
1
10
7
7
2
33
3
5
3
47
3
1
2
7
2
3
4
28
11
6
3
9
18
2
1
23
2
5
1
35
1
7
1
34
1
7
2
71
3
1
4
43
9
6
3
42
4
6
3
71
1
6
1
4
3
2
1
18
11
1
2
67
1
6
3
37
12
6
2
45
4
5
1
66
3
4
4
17
14
5
3
43
5
7
2
17
2
3
2
29
2
1
4
4
5
1
4
43
5
7
1
38
3
3
2
41
2
5
2
36
4
2
2
32
3
7
2
65
2
6
1
52
2
6
2
38
2
4
3
4
4
4
4
52
18
7
3
40
5
6
1
31
16
7
4
33
3
6
4
6
21
1
2
67
2
4
2
11
1
4
2
44
5
3
1
37
2
3
2
28
2
2
3
23
15
4
4
36
11
1
1
71
1
5
4
61
4
7
4
67
33
4
3
29
5
3
4
10
21
5
3
52
1
2
1
67
3
2
2
34
2
7
2
60
4
5
2
61
2
2
4
5
15
4
2
4
3
7
1
44
1
3
4
38
9
4
2
2
3
7
3
12
1
1
2
55
2
7
4
53
3
6
2
41
1
3
4
29
2
6
4
42
2
1
2
3
3
6
4
37
3
1
1
66
2
6
1
53
2
6
3
34
3
6
1
22
3
6
2
32
4
5
3
10
5
6
4
16
5
7
2
53
1
6
4
30
2
2
1
12
13
3
3
11
17
7
1
9
9
7
4
66
3
2
1
45
1
4
3
65
2
5
1
71
3
5
1
40
1
1
1
11
1
1
3
30
27
6
4
23
20
3
1
6
1
5
1
43
1
5
4
34
6
7
3
61
9
4
4
36
14
5
3
33
8
4
2
49
2
7
1
11
9
7
3
6
6
1
2
53
3
6
4
42
1
1
3
14
20
6
1
47
2
2
3
9
10
7
2
10
3
7
2
13
3
4
2
63
2
7
2
17
1
4
4
40
4
5
3
27
9
1
1
32
1
3
3
25
8
1
4
49
8
6
3
66
5
2
4
3
16
7
3
39
6
1
2
37
3
7
1
60
1
2
1
39
3
1
4
31
10
7
1
44
3
2
2
55
1
7
3
49
7
7
1
28
2
5
2
43
2
6
4
12
2
1
4
1
9
1
1
47
1
7
2
54
2
1
1
37
1
5
2
10
2
2
2
1
2
7
1
41
3
4
2
52
7
1
4
10
31
4
4
60
1
5
3
45
7
6
2
15
1
7
3
47
6
5
3
18
19
2
1
63
1
2
3
22
9
1
4
71
6
1
3
43
2
5
2
68
1
7
1
52
3
5
4
9
25
1
4
22
11
7
2
31
4
1
3
33
9
1
1
17
14
5
4
67
3
2
2
6
1
6
1
49
2
5
1
2
4
6
4
32
13
3
3
63
7
2
1
54
2
6
3
2
10
6
1
12
8
1
2
28
1
5
4
52
11
4
4
13
10
4
4
14
26
3
2
34
1
2
4
31
28
1
4
8
15
4
3
37
10
7
1
22
2
3
3
71
5
2
1
41
2
6
3
10
26
2
2
37
4
1
2
30
4
7
3
54
1
7
2
8
2
3
4
63
5
3
4
34
2
2
2
1
1
4
4
71
5
5
3
53
6
6
2
18
2
3
4
9
1
5
4
25
8
6
1
23
3
6
1
38
1
7
3
2
9
2
1
7
4
7
4
13
2
2
4
8
7
1
4
47
7
7
4
15
9
6
1
14
3
2
4
22
5
1
2
38
4
3
2
68
3
3
1
55
2
7
3
49
8
6
3
66
9
7
3
29
17
6
2
16
3
7
4
2
11
4
3
31
16
2
1
49
1
3
1
26
2
6
4
45
5
4
4
11
11
1
2
42
4
3
3
22
11
6
2
40
2
6
4
68
11
6
4
29
4
5
3
32
2
5
3
44
10
7
2
66
1
3
3
13
6
4
4
66
4
2
3
39
1
1
1
39
4
6
2
15
3
5
2
23
2
4
4
3
19
1
1
17
3
4
2
14
3
5
4
7
1
1
2
35
3
6
2
47
4
5
2
5
3
1
1
36
2
5
2
63
3
2
2
3
2
5
1
3
1
2
1
25
3
1
3
3
8
4
1
61
2
3
4
55
13
5
2
31
5
1
2
11
2
1
4
55
8
3
3
3
5
3
3
17
3
4
1
63
2
6
4
60
9
6
2
9
1
2
2
47
3
7
1
42
1
2
3
1
4
4
1
4
8
4
3
36
14
4
3
12
3
5
3
23
12
4
4
68
6
1
1
27
3
4
3
17
15
4
2
30
3
5
4
41
2
1
3
26
7
7
1
28
3
7
3
15
13
2
1
34
6
4
4
15
6
1
1
7
5
1
1
10
3
5
1
45
2
2
1
36
1
2
1
55
1
1
3
16
5
4
3
16
7
4
3
55
16
2
3
38
10
5
4
17
5
4
3
30
25
4
3
60
9
6
4
5
7
4
1
8
7
5
1
29
2
1
4
2
4
3
1
16
2
3
1
54
1
2
1
25
1
6
2
18
1
7
2
35
2
2
3
42
1
5
3
41
2
6
1
32
7
5
4
18
19
4
1
15
2
1
2
39
3
1
2
12
2
6
4
33
1
2
3
45
4
2
3
67
21
7
4
14
12
2
3
53
2
4
4
53
15
3
2
45
2
4
1
18
3
5
3
6
4
4
2
33
1
2
4
7
6
6
2
4
1
5
2
2
1
2
4
61
1
3
2
49
3
1
3
18
14
4
3
4
14
5
3
68
11
3
1
43
2
7
1
31
13
2
4
35
3
4
3
15
6
4
4
26
10
3
3
41
1
2
2
9
2
2
2
61
3
3
4
25
2
6
4
54
4
3
3
44
8
3
3
36
12
4
1
1
1
6
3
38
4
1
2
40
1
3
2
54
1
4
4
1
7
1
3
11
5
5
2
12
1
6
4
18
15
5
1
16
5
2
3
28
11
2
1
27
2
6
4
4
24
1
3
31
15
4
3
52
17
1
2
65
3
2
3
40
4
6
2
43
5
6
1
8
11
4
4
45
7
1
1
13
4
1
2
22
2
6
1
1
3
4
1
13
7
2
1
42
2
7
1
40
3
4
3
28
12
3
3
5
1
1
1
35
4
7
2
13
1
2
4
26
7
2
3
54
2
6
3
67
22
5
1
33
3
4
1
5
2
4
2
71
1
6
1
68
3
3
4
23
17
7
1
61
3
3
3
35
2
2
2
26
1
4
1
29
1
5
2
7
3
3
1
26
1
4
3
61
1
6
4
12
3
3
4
49
7
3
4
27
3
4
3
68
16
7
4
65
8
1
2
22
1
1
4
39
6
1
3
26
3
3
1
9
11
2
2
8
3
4
1
6
2
1
4
65
5
1
4
30
1
3
2
26
3
5
3
34
1
1
1
30
8
2
3
13
9
3
4
41
1
7
2
27
3
1
2
16
2
7
4
44
16
3
2
27
1
1
4
6
7
4
4
16
10
5
1
14
6
1
3
7
5
7
2
25
2
2
4
11
12
4
4
27
4
1
3
1
1
3
2
66
3
6
3
8
1
2
3
63
6
4
4
63
12
6
2
52
2
7
4
40
1
6
3
5
4
5
4
54
1
7
3
27
13
5
1
5
1
2
1
67
2
5
2
42
3
7
2
6
3
6
2
29
1
5
3
8
4
3
