4
68
12
6
1
71
3
1
1
30
12
2
4
27
11
5
1
33
4
1
1
26
1
4
3
8
10
5
4
1
4
2
2
3
1
6
1
18
5
1
2
34
3
7
1
22
1
7
4
26
10
4
4
43
3
6
1
45
2
7
1
5
1
5
1
38
2
6
1
40
1
1
4
60
5
4
1
68
2
1
3
15
9
1
4
13
10
2
4
4
20
2
1
61
3
3
1
11
12
4
1
39
1
4
2
9
1
1
1
44
4
2
2
35
3
2
3
38
7
6
2
44
4
7
2
39
4
6
4
23
8
5
3
27
3
4
3
34
8
1
2
29
1
7
2
8
1
5
4
6
25
7
4
60
3
3
4
61
7
5
3
8
12
7
4
14
6
4
2
2
3
6
4
53
1
2
1
42
2
6
4
6
27
1
3
3
3
2
3
41
1
5
2
42
1
3
1
22
2
5
4
9
20
4
3
29
3
6
2
67
2
1
3
32
2
7
4
53
8
5
2
71
1
4
1
17
6
5
3
23
6
1
1
2
6
6
1
14
3
3
4
30
8
2
4
40
5
1
2
61
1
3
1
1
1
1
3
30
7
5
3
37
9
4
2
23
1
4
3
45
3
7
2
11
1
2
2
27
2
4
4
43
5
2
2
31
5
7
3
43
4
2
1
38
3
7
2
17
1
7
3
55
2
4
1
3
1
7
4
39
10
3
2
28
2
6
2
6
3
5
4
49
8
2
4
8
10
3
2
35
1
2
1
43
3
2
4
10
8
1
1
26
2
4
1
32
1
7
4
29
12
5
3
28
3
2
2
10
2
2
1
16
1
5
4
27
1
4
4
34
6
4
1
65
1
2
2
34
2
3
1
27
1
4
3
1
5
3
4
41
3
1
3
22
9
5
4
33
1
1
1
68
1
2
4
23
16
4
2
47
1
5
2
18
2
3
1
39
3
7
1
54
1
2
1
17
3
4
3
66
8
7
2
38
4
4
3
17
10
2
1
23
2
4
3
35
8
5
3
65
21
3
2
68
3
2
4
26
2
3
4
66
5
3
2
53
3
1
3
14
11
7
2
31
1
6
4
71
1
2
4
67
2
2
1
41
1
7
3
29
2
5
1
67
2
1
2
25
2
2
1
2
4
6
3
53
7
5
2
63
2
5
1
55
1
7
3
40
2
2
3
38
9
2
1
7
6
4
3
18
9
1
1
49
1
7
2
3
3
7
1
67
3
4
4
35
5
6
3
27
13
4
2
7
1
7
1
30
13
3
4
8
2
7
4
14
7
3
4
37
7
1
3
54
1
1
1
4
7
4
3
13
6
1
2
41
2
1
4
3
10
1
2
38
3
5
2
26
3
5
1
65
2
5
3
28
9
5
1
34
9
1
1
10
4
4
3
33
7
7
3
4
12
4
4
16
1
7
4
67
13
2
3
23
2
6
4
55
8
6
3
34
1
6
2
44
2
7
3
11
26
5
2
9
3
6
1
36
2
6
3
10
12
1
2
37
2
2
2
66
1
5
2
12
2
1
2
71
2
2
3
39
10
1
1
6
1
7
2
27
1
6
4
22
9
4
1
53
2
5
2
54
2
2
3
35
3
5
3
11
19
3
2
33
2
5
1
12
18
3
4
12
8
4
2
26
4
7
3
25
9
6
1
49
2
3
3
49
7
6
2
36
2
7
3
65
5
3
3
16
8
3
1
18
9
4
3
61
7
3
2
33
3
7
3
7
1
3
4
42
2
2
3
9
6
5
3
61
3
6
1
63
1
7
2
53
1
4
1
6
2
3
1
31
17
4
1
45
1
4
2
8
2
3
2
10
3
3
4
25
1
5
1
8
13
3
1
29
2
4
3
71
4
4
3
52
15
4
4
17
19
2
3
47
2
3
3
3
5
6
3
31
5
2
1
44
1
2
4
34
5
3
1
31
1
2
4
17
18
2
2
13
1
4
1
7
7
5
4
9
27
1
3
31
2
1
4
61
2
4
4
30
5
4
4
39
5
3
1
47
3
3
2
6
2
7
2
66
3
1
2
54
1
7
1
13
2
4
3
68
1
7
1
1
3
3
2
22
3
4
4
31
9
3
2
52
6
2
3
39
1
6
4
55
2
2
3
36
10
7
2
15
1
3
2
1
2
2
2
65
4
6
4
12
2
7
3
66
1
6
4
29
5
7
2
23
3
4
3
14
14
1
3
54
2
5
3
45
7
3
4
5
21
3
3
67
12
6
3
67
10
1
1
63
2
2
1
66
3
5
4
49
6
2
4
52
11
6
2
43
4
4
4
31
15
4
3
2
7
2
4
38
1
1
3
16
5
5
1
28
1
5
1
4
3
2
2
13
3
1
4
13
9
4
3
4
1
6
3
41
4
1
3
53
2
4
3
37
6
4
1
14
12
5
3
32
8
5
4
1
5
1
3
68
3
1
3
17
12
7
1
15
3
2
1
47
2
1
1
37
1
6
2
18
4
1
3
49
3
3
4
25
5
2
2
43
1
1
1
27
3
2
3
60
18
5
1
25
1
4
2
68
1
5
4
45
3
3
1
66
1
2
1
37
2
6
1
52
1
2
2
60
4
4
4
11
8
4
3
12
3
4
4
15
5
3
3
40
4
2
3
22
10
1
4
42
5
5
2
65
2
6
2
14
3
6
2
14
2
7
1
25
2
6
4
44
1
2
2
16
1
4
1
23
1
3
2
4
2
1
4
3
11
5
3
44
6
5
1
52
3
1
2
29
2
7
2
55
1
2
1
16
6
2
4
47
5
5
4
2
5
7
3
1
3
7
1
15
1
2
2
32
4
4
3
10
7
1
4
44
11
7
2
5
3
1
1
42
1
1
1
3
4
6
3
43
2
5
2
30
2
5
4
7
9
7
2
63
3
3
2
52
1
7
4
37
10
1
2
32
3
1
2
61
2
1
3
12
2
2
4
41
4
7
2
60
2
2
1
11
2
5
3
44
7
7
4
65
9
4
2
40
2
4
3
26
3
4
3
18
10
5
1
35
1
6
2
39
3
1
3
2
2
5
4
10
33
5
2
49
3
1
1
53
1
3
2
17
2
1
3
63
3
1
2
37
1
5
2
49
2
4
2
7
3
4
4
66
3
5
3
13
3
6
1
13
8
4
1
32
4
7
1
60
2
4
1
43
1
2
2
25
1
7
1
9
8
2
2
41
1
4
2
22
2
1
1
28
2
2
3
6
5
6
4
32
13
1
3
42
4
1
2
36
4
6
3
26
7
7
1
9
7
2
2
4
3
3
2
45
4
7
3
30
13
3
1
12
4
1
1
41
2
5
2
5
2
6
3
9
20
7
4
38
7
1
3
42
1
6
4
36
15
5
1
71
2
3
4
65
2
3
4
40
2
1
3
6
2
6
4
18
9
1
3
36
3
2
3
47
5
7
3
7
4
7
4
45
4
2
4
22
18
4
1
34
10
6
4
2
1
1
4
7
6
4
4
16
10
2
3
25
8
4
1
60
1
5
2
11
2
3
4
54
3
5
3
5
2
3
4
5
13
1
4
28
10
4
2
12
3
4
4
68
1
3
4
28
8
2
4
36
14
2
2
30
5
4
2
45
2
6
1
33
7
2
4
32
12
4
2
28
1
5
2
55
3
6
2
1
3
3
3
55
10
4
4
11
7
7
2
42
2
3
4
15
23
7
4
18
27
7
1
54
3
1
3
5
5
6
2
16
2
5
4
63
6
5
4
52
8
7
2
15
2
2
1
36
3
7
2
47
2
2
1
8
6
1
4
71
4
4
4
35
4
2
1
5
2
5
1
55
2
7
4
4
16
4
3
52
11
1
4
63
11
5
2
2
1
6
3
71
2
4
1
40
2
6
4
33
9
5
3
60
16
3
2
40
3
4
1
35
4
4
1
29
1
1
1
10
7
4
4
54
2
3
4
47
6
2
1
61
1
5
3
15
11
5
3
63
7
5
2
67
1
6
3
33
14
2
