4
61
5
3
4
7
7
4
4
9
26
1
1
37
1
6
3
11
10
5
3
25
1
4
1
35
4
2
2
42
2
3
1
14
9
5
3
17
5
3
2
33
3
7
4
6
31
1
2
13
1
3
1
5
2
1
3
5
4
1
4
41
4
1
1
35
3
5
1
36
2
5
1
8
12
1
2
49
4
6
1
25
2
6
2
54
2
2
3
29
7
5
1
44
4
5
2
1
2
7
3
60
24
3
1
7
1
6
3
31
12
1
1
7
4
6
3
55
7
4
3
22
10
4
4
36
7
6
1
16
2
6
3
9
11
3
1
14
14
7
2
32
2
3
1
63
2
5
3
22
12
6
2
40
3
2
4
8
19
7
4
45
10
1
2
68
1
2
3
26
5
3
1
60
2
5
3
27
7
5
2
36
1
1
4
27
9
5
1
61
3
4
4
8
16
3
1
55
2
7
4
43
6
2
3
10
23
7
2
29
2
4
2
1
3
6
3
40
3
6
1
65
1
6
1
40
1
4
2
25
2
2
4
65
5
1
1
13
7
2
4
17
24
5
2
44
4
6
3
53
1
2
3
38
7
2
2
29
3
7
3
17
8
6
2
49
2
3
3
42
2
2
3
65
8
5
3
44
6
7
3
32
10
1
1
31
16
5
2
7
3
5
2
22
2
3
3
36
1
4
4
28
12
3
4
23
22
6
3
16
7
3
3
5
3
6
2
2
3
1
1
23
1
2
3
54
2
1
1
40
3
3
2
30
3
7
4
4
16
5
4
31
29
5
3
44
9
1
1
65
2
3
2
23
1
7
1
34
3
4
2
38
5
3
4
71
1
7
2
42
1
3
4
9
32
4
3
2
7
2
2
16
1
2
1
67
2
2
1
44
1
2
4
42
3
6
4
5
9
2
2
67
2
6
2
10
1
2
2
66
1
1
3
14
5
5
2
5
2
5
3
23
16
3
1
33
4
7
1
22
1
7
3
36
11
6
1
8
4
6
1
41
2
5
1
12
9
6
3
54
1
3
2
36
5
5
4
60
7
5
2
6
3
5
2
11
1
3
1
34
2
5
2
39
2
6
4
7
1
4
2
34
1
1
3
66
6
2
2
41
2
2
4
17
6
4
2
7
2
1
4
52
5
3
1
38
2
2
1
15
3
4
4
3
10
3
1
49
2
6
1
36
3
6
4
55
9
6
2
53
2
3
2
31
1
2
4
49
7
7
3
71
1
1
4
4
3
7
2
61
1
4
4
1
3
5
3
33
23
3
4
32
11
4
1
61
1
6
1
33
7
7
2
54
1
5
2
28
2
4
3
61
10
1
2
71
2
2
2
12
1
7
1
26
3
1
4
33
9
1
1
9
3
4
1
10
3
1
2
60
2
4
2
17
1
6
4
14
15
7
3
43
2
6
1
18
10
6
4
6
9
3
1
53
1
5
3
7
1
2
4
35
3
4
3
15
1
4
3
47
6
6
3
63
7
6
4
2
6
2
3
28
4
2
2
43
3
7
4
37
3
3
3
1
7
4
1
42
2
6
3
34
4
7
2
27
3
6
1
2
5
2
2
39
4
1
3
18
17
4
3
35
4
6
1
45
1
6
1
17
5
6
4
38
6
1
4
12
7
5
3
6
2
5
4
43
3
7
1
31
8
5
4
22
3
1
2
45
4
7
3
42
1
3
2
65
2
3
1
1
2
4
1
13
3
5
4
60
2
6
2
67
1
7
2
25
1
1
2
52
5
1
2
13
3
6
4
32
10
1
4
68
19
3
4
34
13
3
2
15
2
4
3
15
4
7
1
3
4
5
3
4
27
7
1
66
3
7
3
28
3
4
1
6
1
2
3
39
4
7
2
18
2
3
2
4
1
3
4
30
6
1
1
23
3
1
4
39
7
2
1
42
1
5
4
53
11
1
4
39
1
1
1
68
2
5
1
32
7
5
4
38
5
6
2
63
1
1
1
3
6
4
1
60
1
7
4
2
12
4
1
28
2
2
1
29
1
3
4
26
5
1
1
66
2
6
4
61
10
4
3
16
8
1
4
29
4
2
2
14
3
7
2
9
2
6
3
14
12
5
3
13
6
5
1
43
3
4
3
7
2
3
3
9
4
5
1
41
1
6
4
23
2
5
4
1
2
6
4
15
26
5
2
3
2
2
3
68
5
4
4
49
4
7
3
45
4
3
3
68
2
7
4
36
13
7
2
38
3
2
2
6
2
3
3
8
7
7
2
18
1
6
2
26
2
3
3
4
3
3
4
27
3
2
1
37
2
2
1
30
17
2
1
28
3
3
2
27
2
3
1
12
17
4
1
47
2
1
2
2
2
2
4
42
4
2
4
65
15
6
1
15
1
1
2
55
3
2
4
45
5
4
4
33
3
7
3
55
12
7
1
27
3
7
3
41
2
2
3
45
3
3
4
12
3
5
4
67
13
4
4
40
5
7
4
68
25
3
1
17
7
4
2
14
2
1
3
31
27
2
1
27
1
6
2
10
2
2
1
71
1
4
2
66
3
3
2
8
1
2
2
26
4
4
4
66
4
5
2
47
4
5
4
35
2
7
3
23
2
4
1
5
1
4
4
28
10
2
4
63
10
1
2
16
2
6
3
35
7
5
3
6
3
2
2
8
2
7
1
29
2
3
3
13
5
4
1
54
2
7
2
12
3
3
1
38
3
1
4
13
12
3
3
41
4
3
4
30
2
7
4
66
2
5
4
5
17
1
2
45
2
6
3
8
2
3
2
52
7
7
2
37
3
4
2
60
3
7
3
30
26
4
4
71
2
1
2
9
1
3
1
67
3
1
4
40
8
4
2
68
3
6
2
41
4
1
3
40
2
6
3
37
4
5
2
33
1
2
1
4
4
7
4
14
16
5
3
67
14
1
4
13
14
5
4
10
2
2
2
4
2
7
4
41
2
4
3
43
4
1
4
44
19
5
2
61
3
6
1
11
9
4
2
35
3
2
2
53
1
2
4
63
9
3
3
37
3
4
3
33
1
7
1
68
1
3
4
44
10
6
4
67
5
1
4
18
17
4
2
22
1
6
4
29
11
1
3
65
5
2
3
71
4
4
3
38
9
3
2
35
1
4
1
26
1
2
1
71
3
2
2
28
3
5
1
39
1
3
2
43
1
3
2
44
2
3
4
52
20
3
3
32
4
6
4
31
21
3
2
23
2
7
1
52
1
4
2
15
3
5
1
11
11
3
2
31
5
6
2
71
1
6
3
11
14
5
4
11
10
2
3
60
7
3
2
65
1
1
1
9
14
4
2
3
1
7
3
12
3
7
3
34
2
6
2
32
4
1
4
55
4
7
2
63
3
6
4
47
9
5
2
17
3
4
3
49
6
2
4
26
2
1
1
49
1
5
2
40
1
5
2
34
2
1
3
25
8
2
1
1
1
1
1
25
3
6
3
67
13
4
1
16
1
3
4
16
3
6
1
2
7
7
3
2
6
3
3
30
19
3
4
10
13
1
1
63
1
2
1
6
2
2
1
45
2
2
3
49
1
3
3
29
10
6
4
16
1
1
1
47
3
2
2
30
2
1
3
61
1
1
4
53
8
7
4
34
10
7
3
53
7
3
1
10
2
4
3
18
15
2
4
54
2
5
3
39
9
5
1
39
3
4
1
55
1
2
3
52
10
1
3
52
7
5
3
3
4
2
3
1
1
7
4
37
7
1
4
25
9
1
1
22
3
4
3
66
1
7
1
30
20
4
1
52
3
1
4
54
8
4
2
5
3
3
4
25
2
4
4
47
2
4
4
18
22
6
2
55
1
6
2
11
3
5
3
26
2
3
1
53
2
2
4
3
18
2
3
63
2
2
4
15
22
2
1
32
2
3
3
3
3
1
1
43
2
5
1
4
5
3
1
54
3
5
4
22
6
7
4
11
14
5
3
12
1
2
3
47
5
7
2
47
2
7
2
37
1
5
3
10
16
5
1
18
5
2
3
27
17
3
