2
10
1
2
4
44
11
7
4
45
10
2
2
14
3
3
2
44
3
4
3
43
4
5
4
67
30
4
3
27
5
1
2
43
2
5
2
44
1
1
4
54
4
3
4
30
3
2
2
32
1
1
1
3
3
5
4
53
9
2
2
12
3
1
3
52
11
5
4
41
4
6
1
67
1
6
3
66
6
7
3
13
8
6
3
61
5
1
1
32
5
5
4
31
22
5
3
55
1
4
3
53
8
7
2
5
3
6
4
31
13
4
2
35
3
1
4
2
2
6
4
52
17
6
1
5
1
7
4
37
8
7
4
23
21
1
4
34
3
1
1
33
2
7
1
15
1
1
4
67
9
3
2
35
1
5
4
7
4
6
4
28
3
1
2
26
2
4
4
17
15
6
1
52
2
2
1
27
3
2
1
71
3
1
4
38
6
7
1
55
1
1
2
47
2
4
4
5
13
1
3
15
8
3
1
38
1
6
4
61
6
1
3
44
5
1
2
12
1
3
2
55
1
2
3
34
2
4
3
3
6
5
1
29
2
3
3
28
3
2
2
14
2
5
4
32
1
7
2
54
1
4
3
65
13
4
4
40
1
4
4
3
9
4
4
45
5
5
4
33
9
6
2
43
3
7
2
1
1
4
1
18
11
5
2
66
2
1
2
53
3
6
1
7
1
2
1
34
8
4
2
41
3
4
1
67
3
4
2
2
2
3
1
31
10
1
4
4
8
2
4
10
3
4
3
2
8
1
4
35
2
7
2
68
4
7
1
35
1
1
2
54
2
5
2
13
2
6
4
12
10
4
1
14
22
6
4
23
8
5
4
49
4
7
4
63
2
7
2
53
1
7
2
33
1
3
3
9
1
6
3
14
5
3
4
18
26
4
3
11
23
4
4
44
10
3
3
5
5
2
3
42
2
3
1
1
1
6
3
61
3
4
2
49
1
5
1
28
2
2
4
65
9
2
1
30
8
6
3
35
4
5
1
29
3
2
2
23
2
1
1
43
1
3
4
15
3
2
4
39
8
1
2
61
2
1
2
38
2
7
1
2
4
5
2
23
1
2
4
54
12
4
3
36
7
1
3
14
17
7
4
16
9
4
2
36
2
2
1
6
1
1
3
6
5
6
4
12
9
2
4
55
13
1
3
37
9
7
3
71
5
5
2
34
3
5
1
28
1
6
2
37
4
7
3
6
2
2
3
28
8
4
2
40
1
5
1
39
4
6
3
53
6
7
1
6
2
4
3
30
25
1
1
65
2
7
3
5
3
5
2
8
3
2
3
25
5
4
1
8
12
3
3
63
1
4
4
5
2
1
3
3
3
6
4
43
5
5
1
16
4
6
1
43
3
1
3
41
3
6
2
67
1
4
1
22
3
6
1
53
2
7
1
38
2
2
2
4
2
1
4
68
18
5
4
16
4
4
4
68
4
5
1
61
2
4
1
44
1
1
2
7
3
5
3
45
3
3
3
47
6
7
2
25
1
5
3
54
1
4
1
55
2
4
2
68
2
1
3
17
11
3
2
16
1
4
1
65
1
3
3
25
4
4
4
35
5
6
2
61
1
1
1
9
12
2
1
52
3
7
4
25
5
2
1
18
12
5
2
11
3
4
2
25
2
3
2
6
2
2
1
63
2
5
3
41
2
6
1
31
2
4
2
29
2
3
2
1
2
7
4
15
19
3
4
1
6
7
2
22
1
7
2
33
2
3
1
8
2
1
1
2
2
4
3
45
2
4
2
18
1
5
1
34
9
3
2
9
1
5
1
14
2
1
2
65
1
1
1
39
3
2
3
27
15
7
2
38
3
5
4
26
10
6
4
14
1
6
4
71
6
6
3
30
23
3
2
45
1
2
3
12
4
5
2
13
1
6
4
39
7
6
1
45
1
5
1
1
2
7
3
68
9
2
2
39
2
5
1
36
1
7
1
3
1
2
1
63
1
5
1
30
14
7
3
23
1
2
4
28
12
5
3
49
5
1
1
12
12
1
4
9
21
4
3
12
5
2
2
32
3
5
1
47
1
6
3
16
1
5
2
31
2
7
1
27
2
7
1
42
1
7
4
32
6
5
4
13
8
5
2
40
3
7
2
45
4
7
1
16
2
6
1
61
1
1
1
41
2
7
3
63
12
5
3
26
9
7
2
30
3
1
3
7
4
4
3
26
4
2
3
8
11
4
4
43
2
7
4
29
8
5
4
66
5
5
1
44
4
4
2
37
3
3
4
63
4
1
3
22
11
7
1
49
1
7
3
7
3
7
2
71
2
5
4
27
12
7
3
67
25
3
4
14
29
6
1
12
6
5
3
39
10
2
1
33
7
2
4
55
11
2
3
4
1
1
4
40
6
5
3
17
10
3
3
60
11
4
2
49
3
2
1
17
12
3
4
7
7
5
4
22
15
1
1
23
3
7
1
49
2
3
3
11
24
4
3
42
4
7
3
60
26
6
2
15
1
4
1
71
2
4
4
8
3
4
1
54
3
7
2
55
3
6
4
3
2
3
1
4
4
4
2
63
2
2
1
54
2
6
2
7
1
6
1
13
6
5
2
34
2
7
2
52
3
2
3
15
7
6
1
40
2
4
1
26
3
4
3
4
2
7
3
1
9
6
3
29
3
5
3
31
13
3
2
60
4
5
4
6
23
2
1
32
1
3
4
2
1
2
4
52
18
2
1
10
4
2
3
33
24
2
2
3
1
1
3
39
2
3
2
30
2
2
4
11
28
7
2
42
3
7
2
15
2
3
2
63
3
7
4
42
4
6
1
13
8
2
2
36
3
1
2
9
2
1
3
44
4
5
3
33
3
4
1
17
5
6
1
53
1
5
2
52
2
2
1
23
2
6
3
40
5
3
3
52
16
3
3
37
4
2
4
38
2
6
1
41
3
1
4
47
11
2
3
54
2
7
1
66
2
4
3
34
8
1
2
26
1
2
3
68
16
4
3
38
2
6
1
47
3
3
4
49
6
5
2
29
3
3
4
65
11
3
3
13
2
1
4
42
1
3
2
65
2
4
4
10
10
7
1
40
3
5
4
60
2
3
2
17
3
7
2
27
2
3
4
6
11
6
4
34
12
2
1
11
1
5
3
49
2
3
3
23
18
6
2
31
4
7
4
37
13
3
3
16
5
3
2
71
3
2
1
37
1
2
3
38
3
5
3
29
5
7
3
66
8
1
4
8
8
4
3
32
5
4
4
47
8
7
4
29
4
3
3
10
18
6
1
35
4
5
2
11
2
3
1
66
3
5
4
22
3
3
2
60
2
4
4
17
23
7
1
45
2
4
3
65
18
1
2
10
2
3
4
36
13
2
1
9
5
6
3
36
2
5
4
11
7
3
4
30
1
1
2
42
4
3
1
15
3
3
2
67
2
3
1
26
1
1
1
22
1
3
3
2
7
3
1
11
8
3
3
18
25
1
4
61
5
7
2
18
2
3
4
66
6
7
3
18
3
3
3
8
6
1
3
31
18
4
3
47
4
2
4
4
15
3
4
1
7
6
1
25
1
5
1
10
2
2
2
66
1
2
4
53
1
4
2
17
2
4
2
5
1
3
3
9
21
3
2
28
2
6
2
4
3
5
4
26
2
3
1
7
2
4
4
27
5
2
4
33
11
1
3
35
8
2
4
13
7
4
2
22
3
7
2
6
3
7
3
10
22
5
4
71
5
1
2
28
1
6
4
25
6
3
3
55
17
4
2
8
1
3
2
41
2
6
4
18
2
1
1
37
2
1
4
36
1
3
3
67
20
4
1
4
6
5
2
3
3
5
1
60
2
4
1
68
1
2
2
16
2
3
3
22
8
5
1
60
1
7
1
68
3
1
4
60
8
2
1
5
2
1
1
42
2
7
3
40
6
6
3
1
2
3
3
71
2
2
2
2
3
1
2
39
3
2
2
47
4
1
2
27
1
4
3
32
9
7
4
9
16
3
1
36
2
1
1
25
2
1
4
41
1
7
3
43
6
6
