1
45
1
3
1
45
2
6
1
39
3
4
1
26
2
6
2
10
1
1
4
49
4
3
1
10
3
6
4
1
2
4
1
14
1
1
1
65
1
2
1
38
2
1
4
30
8
7
3
55
16
3
3
31
10
7
3
1
4
3
1
67
2
4
1
18
1
5
2
41
5
3
2
2
2
4
2
28
2
4
1
55
1
7
2
4
3
2
2
27
3
3
4
4
9
4
1
23
3
7
3
34
8
3
2
17
2
6
2
42
1
1
1
39
2
6
4
7
4
7
1
15
5
6
4
26
9
5
1
36
2
7
1
16
3
5
1
3
4
2
1
6
1
3
3
68
7
4
4
10
22
4
2
1
2
2
4
40
2
3
2
45
1
6
3
53
1
5
1
63
1
3
4
33
10
7
3
61
10
2
2
1
1
3
3
65
9
5
4
23
3
7
4
18
26
4
1
32
2
4
1
43
3
5
1
29
3
3
4
55
4
7
2
2
3
4
2
25
2
5
1
29
2
3
1
6
2
1
2
49
2
2
3
49
7
6
2
36
1
2
2
6
1
5
1
16
4
1
2
34
1
5
3
16
1
3
3
9
6
6
3
25
8
6
4
63
10
1
1
2
5
5
4
43
7
2
2
67
2
5
2
22
2
7
4
66
3
5
1
71
3
6
4
27
9
6
3
29
6
1
1
42
2
2
4
8
5
6
2
5
1
1
4
54
2
2
2
34
2
1
1
34
9
6
2
6
3
7
4
16
8
2
4
2
7
4
3
65
8
5
4
41
1
5
2
38
5
1
3
15
3
7
3
28
2
2
1
32
6
6
3
43
1
7
3
63
10
6
2
9
1
5
3
71
4
7
3
23
15
2
3
23
9
7
1
10
2
7
4
15
7
4
3
52
3
5
2
5
3
4
2
43
1
7
3
35
3
5
3
60
1
7
4
68
18
2
2
29
1
6
1
4
6
4
4
11
14
2
3
34
9
5
3
40
6
6
1
17
3
1
2
38
1
4
4
71
3
3
3
45
7
4
2
53
2
2
2
25
3
1
4
12
4
1
1
44
1
3
1
71
1
7
3
32
4
5
4
8
1
1
3
18
24
7
4
37
13
6
2
14
2
6
3
41
2
5
4
65
7
5
2
11
2
2
3
6
3
5
4
63
5
7
2
71
3
5
3
18
4
1
1
11
4
6
3
29
12
1
1
13
9
1
3
4
17
4
2
8
3
4
1
65
2
3
1
68
1
4
4
11
13
7
3
27
15
1
1
35
4
5
3
60
5
1
3
8
20
2
4
61
6
3
2
67
1
6
1
12
8
7
1
63
2
4
2
33
1
4
2
33
2
4
1
47
1
4
2
16
2
7
1
25
3
5
1
25
1
5
2
23
1
5
2
12
1
3
4
26
2
6
2
29
2
4
2
49
1
3
3
35
8
1
2
15
2
6
2
40
1
2
2
66
3
3
4
3
8
3
2
54
1
1
2
4
2
1
3
2
6
7
1
41
1
6
2
63
3
3
1
60
1
5
4
29
3
2
2
12
3
1
1
14
18
4
2
54
2
5
4
44
14
5
2
42
3
2
4
47
6
3
2
22
1
7
3
1
1
3
2
47
4
5
3
54
2
5
3
44
7
4
4
22
1
1
4
33
3
1
3
33
12
2
3
11
26
5
4
52
17
4
4
47
9
6
2
68
4
7
3
37
7
1
4
67
1
4
4
22
6
6
3
42
2
4
4
43
11
2
1
67
3
2
3
37
6
2
3
4
21
3
1
7
6
3
1
44
3
2
4
16
4
3
4
5
21
2
4
45
1
2
4
10
1
2
1
12
6
3
1
30
16
5
3
9
13
4
3
47
9
6
2
9
3
6
4
4
26
4
2
18
2
1
2
35
3
6
2
32
2
3
4
66
6
7
1
22
2
1
4
35
5
2
3
53
6
7
1
28
3
6
4
17
23
7
3
66
4
6
2
71
1
5
4
13
4
1
3
27
12
1
2
68
2
1
3
68
11
5
3
25
9
7
3
22
10
4
2
7
1
2
1
61
2
6
3
36
1
7
2
17
1
4
1
36
3
3
1
43
1
1
3
6
4
6
2
53
1
4
1
3
7
3
3
66
3
6
2
13
1
7
1
37
2
6
4
29
9
6
1
26
3
3
3
16
4
6
2
30
4
2
1
55
2
3
3
3
1
6
3
42
1
5
2
37
4
6
2
26
3
5
1
68
2
6
3
39
3
1
1
49
1
6
2
45
2
3
3
71
1
6
4
18
16
6
2
26
1
1
3
26
8
5
2
18
3
7
4
17
12
7
2
3
3
2
3
13
3
3
3
10
21
4
3
17
16
1
4
23
5
3
4
36
3
4
1
35
2
4
3
67
26
4
3
54
1
1
1
13
1
4
2
14
3
6
1
2
2
7
4
60
2
3
4
42
1
1
1
27
2
4
2
66
2
6
4
2
1
6
3
3
10
4
4
38
1
6
4
42
3
7
1
33
7
6
4
54
7
2
1
18
13
1
4
60
4
1
1
34
8
7
4
65
9
4
2
63
2
2
3
38
12
4
3
15
14
4
3
47
1
2
1
66
1
7
1
40
2
3
3
13
2
3
3
44
5
4
3
40
5
2
1
31
3
1
3
22
2
6
4
41
4
1
4
40
6
4
4
35
4
7
2
60
2
5
2
39
3
1
4
15
25
5
1
5
2
5
1
1
3
4
1
7
1
1
4
1
10
4
4
12
1
5
3
36
9
4
2
16
3
5
4
45
13
5
4
36
11
1
1
22
3
2
1
61
1
7
3
61
4
7
4
32
4
1
3
14
10
1
2
40
4
4
2
35
2
2
4
25
3
4
2
52
7
7
4
67
14
4
2
23
3
5
1
8
10
3
4
14
8
1
2
37
3
1
1
15
1
6
1
11
2
3
1
47
3
7
4
5
22
5
1
5
1
1
2
32
3
7
2
15
1
5
3
10
3
1
2
30
2
3
2
55
3
3
1
17
1
1
4
32
8
7
1
53
1
6
4
61
7
2
2
11
3
3
1
52
1
2
3
43
8
3
2
44
4
4
3
7
2
3
3
5
3
7
2
52
6
1
1
37
1
3
1
52
2
7
3
30
1
5
3
30
15
1
2
65
4
2
3
12
1
2
4
52
21
6
1
38
1
6
4
6
7
3
3
32
12
1
4
31
23
6
1
4
2
1
2
28
1
2
2
36
2
6
3
67
38
6
3
8
3
1
3
52
10
4
3
41
4
7
4
44
3
4
4
34
2
3
4
39
6
4
1
54
3
4
1
30
10
1
1
9
14
6
4
49
8
5
1
1
2
4
2
8
1
2
2
7
3
5
4
37
6
5
2
43
3
7
4
30
2
6
2
31
2
7
1
49
2
6
2
47
2
7
3
39
2
1
2
61
3
3
1
27
3
2
4
13
1
7
3
14
24
7
2
10
3
1
4
68
20
1
2
61
2
4
4
53
13
1
4
6
14
6
1
31
1
3
1
54
1
5
3
17
7
3
3
55
6
6
2
60
3
7
3
45
6
5
3
28
1
7
2
65
2
2
4
28
2
7
4
38
6
6
4
28
7
4
4
53
10
4
4
27
6
7
2
44
3
1
4
71
6
1
1
66
3
2
2
27
2
1
4
31
15
3
2
13
2
7
3
26
3
4
4
9
5
4
4
7
1
6
1
9
4
3
2
41
4
3
1
23
2
4
2
39
1
7
2
31
3
1
3
2
4
2
1
60
2
3
4
25
7
7
1
8
14
4
4
3
4
4
4
14
14
2
3
11
24
3
4
55
5
6
3
49
4
7
4
39
8
5
1
28
2
6
3
5
1
1
1
40
1
2
3
31
18
7
4
34
1
6
3
7
3
2
1
53
2
7
2
55
1
7
1
41
3
3
3
33
1
3
1
42
1
2
3
38
6
1
3
12
7
5
1
33
1
7
3
63
4
4
2
3
1
5
4
9
22
7
