2
52
2
3
2
15
2
3
1
31
4
7
1
25
1
3
1
28
2
3
3
68
2
1
4
34
14
2
3
61
6
1
3
42
2
7
1
45
1
2
1
53
2
6
2
41
1
3
1
26
2
5
1
65
2
5
1
11
5
5
1
54
3
2
2
41
5
6
2
14
3
6
4
53
6
6
2
67
1
7
4
63
9
6
3
44
6
1
3
43
6
2
3
30
11
5
2
38
2
7
4
29
2
4
4
39
4
3
1
23
1
2
3
7
2
5
3
38
2
5
3
63
1
1
4
34
6
5
3
45
2
5
3
10
25
5
1
3
8
1
3
9
9
3
2
43
4
4
1
65
1
7
2
3
3
2
3
67
24
4
3
53
1
6
3
36
13
3
1
35
2
1
2
13
1
2
3
53
8
4
1
8
3
6
3
23
1
1
2
37
1
5
1
35
4
4
3
11
11
2
3
14
26
1
2
60
2
7
1
32
2
3
2
47
4
7
2
61
3
7
2
47
2
6
3
39
2
1
1
47
1
1
3
27
1
3
2
37
4
4
1
10
6
4
4
11
22
1
1
43
1
6
2
33
2
2
4
5
21
7
1
23
2
4
1
2
6
5
1
40
2
2
3
29
3
7
2
8
1
6
3
36
9
4
3
17
3
3
4
68
20
4
3
2
3
6
4
61
3
7
2
66
3
3
4
63
12
3
1
55
1
6
1
29
1
1
4
31
17
2
3
32
5
2
3
49
4
7
2
9
2
4
4
67
1
1
4
61
12
5
2
40
2
7
3
1
7
7
4
40
4
7
2
4
1
1
3
71
3
3
3
65
17
1
4
9
18
6
4
1
2
7
3
49
1
4
4
36
3
2
3
16
3
1
1
34
1
3
2
14
1
4
1
63
1
7
3
18
12
6
4
7
9
7
1
17
15
2
1
67
1
4
1
16
3
3
1
9
8
4
4
17
3
3
3
3
8
7
3
42
3
4
4
55
2
2
3
28
15
3
2
22
2
2
3
3
5
3
3
30
9
7
2
44
1
4
3
13
5
6
4
26
10
3
2
25
3
4
4
37
11
6
1
16
7
2
1
22
3
1
4
45
11
1
2
67
2
2
3
6
4
5
4
42
2
2
4
4
8
5
2
25
2
1
4
13
16
1
4
16
7
3
3
8
1
4
1
5
2
4
4
71
2
5
2
60
4
2
4
42
1
6
2
63
2
1
1
49
1
1
2
49
2
6
1
45
2
7
1
44
2
7
3
55
9
5
3
38
5
2
2
16
3
3
4
28
1
5
2
5
1
6
1
39
4
6
3
52
18
5
2
32
4
1
3
7
4
4
2
45
3
5
2
63
3
7
3
27
13
2
4
23
15
1
2
45
4
5
4
66
3
4
1
2
7
6
1
41
1
1
2
71
2
3
3
6
2
6
3
47
8
1
4
31
21
4
3
4
12
6
3
29
18
3
1
5
1
5
3
10
4
3
1
36
1
7
2
40
1
6
2
2
3
7
1
15
4
7
4
28
5
3
4
18
4
6
3
60
3
4
4
16
5
5
2
34
3
6
2
10
3
5
1
33
4
4
1
67
3
2
1
71
1
2
3
31
26
2
1
4
4
1
2
7
1
1
4
49
7
5
1
14
20
2
1
7
3
4
2
15
1
3
4
37
13
4
2
16
2
6
3
26
11
2
2
44
4
1
2
28
2
3
1
26
1
6
1
68
3
4
3
55
5
7
3
17
13
7
1
60
1
5
4
54
1
1
4
7
2
1
3
40
3
5
2
35
2
7
2
8
2
5
3
12
1
3
3
22
11
5
4
54
5
1
4
13
2
7
3
66
8
5
1
54
1
1
3
1
2
2
2
65
3
4
2
68
4
5
3
33
6
5
4
40
2
5
1
66
2
1
3
15
4
6
3
2
5
4
4
71
4
2
4
55
8
5
2
1
2
4
4
3
6
5
1
30
2
5
4
2
13
3
4
10
21
2
4
44
11
3
1
18
14
4
1
37
2
2
4
6
10
3
4
12
6
4
1
60
2
6
2
55
1
7
2
53
1
7
4
27
12
6
2
9
1
2
2
26
4
1
1
34
7
3
3
14
8
6
4
45
10
4
4
22
16
1
3
61
5
6
2
31
1
7
4
53
14
5
1
13
2
1
1
39
2
1
4
1
12
5
4
2
10
3
2
5
3
4
4
25
1
6
1
11
11
2
4
14
24
2
2
18
4
6
1
32
4
5
3
54
1
2
3
41
2
2
3
18
3
3
4
65
10
4
4
41
3
3
2
36
3
5
4
8
18
3
1
63
2
4
4
66
2
6
1
71
2
5
2
10
2
4
4
17
21
6
3
66
3
5
1
27
1
4
1
3
1
5
3
45
7
6
4
60
2
1
4
35
4
4
3
40
2
6
4
47
13
5
1
15
3
5
1
12
14
3
1
22
2
1
1
55
2
5
4
35
2
3
2
7
3
2
3
32
10
4
2
42
1
5
4
32
6
6
1
29
2
4
1
49
2
7
3
31
24
7
3
34
11
3
2
66
1
3
4
10
12
5
2
13
2
1
2
54
2
1
4
11
30
5
1
4
5
1
1
25
2
6
2
29
3
2
4
68
8
5
4
49
2
3
1
61
2
7
1
6
2
6
1
61
1
4
2
28
1
4
4
27
1
2
4
30
1
6
3
37
9
5
3
54
2
4
1
40
1
6
4
15
23
3
2
39
4
6
1
47
2
4
3
47
7
3
4
47
6
1
1
33
8
7
1
38
1
5
3
68
16
5
2
65
1
5
1
10
3
7
4
18
3
3
4
6
20
3
1
28
3
4
1
68
1
1
3
5
2
2
2
11
3
7
3
33
2
5
3
13
1
4
1
13
9
3
2
68
1
3
1
6
1
4
3
11
6
7
4
65
12
5
2
34
2
2
2
23
2
5
3
25
6
5
4
60
1
1
4
30
3
1
1
53
1
2
4
3
17
7
4
22
13
6
4
29
4
2
2
17
3
2
2
29
2
2
2
33
1
2
2
17
1
4
4
33
11
2
2
35
1
1
4
52
2
4
3
23
19
2
1
7
1
3
2
36
2
7
1
9
13
3
2
38
5
4
3
60
5
3
1
44
3
4
1
1
2
6
3
44
1
1
4
4
25
6
2
3
1
6
2
32
1
2
4
8
17
3
2
23
1
7
4
33
6
5
2
43
3
2
3
71
1
1
3
8
15
5
3
26
12
5
1
37
1
2
2
12
2
1
1
52
1
5
1
30
5
3
2
55
3
2
1
38
3
1
3
4
16
2
2
49
1
3
4
15
1
5
3
25
1
6
4
38
4
6
1
14
16
3
1
42
2
7
3
9
5
6
2
52
5
7
1
52
3
4
4
67
5
2
1
66
1
2
1
8
13
1
1
12
3
7
3
65
12
1
2
31
4
6
4
25
5
4
4
43
9
6
3
52
3
4
3
37
7
6
4
36
11
3
3
41
4
7
4
43
1
1
1
43
3
1
1
17
6
1
3
12
4
2
3
67
25
1
4
32
1
7
3
16
7
1
1
31
12
7
1
41
2
4
1
1
3
3
2
42
2
6
2
26
3
4
1
27
2
1
2
27
2
3
4
23
7
4
4
12
5
5
4
52
18
3
2
39
1
4
3
22
12
3
4
44
4
5
3
43
5
4
2
6
2
7
3
15
14
5
2
22
3
2
4
5
4
7
2
71
3
7
3
39
10
2
4
41
1
3
2
11
1
6
2
4
3
5
2
18
3
3
1
42
1
7
2
54
1
2
2
6
3
3
4
38
7
7
2
53
2
4
3
5
5
1
4
14
16
1
2
61
2
2
2
30
1
5
1
36
3
3
2
12
1
3
3
34
4
2
4
39
3
2
2
30
4
6
4
26
12
4
2
2
1
1
2
1
3
6
3
28
16
1
3
35
2
4
3
63
6
1
3
35
5
2
2
27
3
7
1
18
4
3
4
9
20
4
