1
47
3
2
2
54
2
3
3
43
1
6
1
12
12
2
2
43
4
1
4
42
3
2
4
14
32
1
4
7
7
7
4
2
6
5
4
71
6
2
4
15
22
6
3
55
15
2
2
34
1
6
1
65
2
3
3
35
3
5
4
22
17
3
1
18
12
4
2
55
3
1
2
52
4
5
4
54
10
5
4
30
1
6
4
35
5
2
2
14
3
1
1
33
6
3
4
23
12
7
3
7
1
3
1
55
1
6
3
23
1
3
4
27
5
5
3
9
5
7
3
31
18
3
2
55
2
2
2
41
1
6
4
8
19
5
3
26
11
2
3
67
18
3
4
40
1
7
4
6
20
2
3
63
9
6
3
16
3
2
2
31
3
6
4
33
9
5
3
14
19
6
1
60
1
2
1
10
1
1
3
25
5
3
2
15
1
2
3
32
6
4
3
42
4
4
4
66
4
1
1
37
2
5
4
34
8
7
3
54
1
2
2
15
3
1
3
34
7
6
4
52
3
3
4
7
1
3
1
53
2
6
2
6
2
6
4
55
7
1
1
36
3
1
4
40
2
6
3
41
3
5
4
63
11
4
4
14
6
1
1
25
3
7
3
17
16
6
2
6
1
2
3
38
9
5
3
53
7
6
1
26
2
4
2
12
2
2
4
15
3
2
1
31
3
7
4
13
5
7
1
29
1
4
3
9
21
2
1
35
1
3
4
10
18
3
4
45
5
5
3
38
11
3
1
28
2
4
2
36
5
4
2
2
2
5
4
10
26
4
3
33
15
5
1
49
1
6
3
1
2
7
4
44
18
6
4
9
33
6
4
36
15
2
3
2
4
5
2
40
2
2
3
8
13
6
1
16
7
3
2
68
2
6
1
2
7
3
4
49
8
7
2
34
3
1
3
8
9
4
1
2
6
1
3
3
6
2
4
38
6
6
1
42
1
4
2
54
1
6
2
4
3
3
3
30
14
2
2
16
3
6
4
55
8
3
4
18
25
3
1
12
8
2
2
61
2
5
1
9
4
2
3
27
10
7
3
33
3
3
4
54
6
3
4
23
8
3
4
29
10
3
3
65
3
5
1
11
12
3
1
30
1
7
3
68
17
5
3
16
1
7
2
4
1
7
3
30
28
7
4
8
18
5
4
65
8
5
4
61
12
4
2
13
1
4
2
12
3
5
1
35
2
5
2
41
5
5
3
52
4
1
1
52
3
3
4
11
25
2
1
34
4
3
4
3
14
6
2
39
4
7
1
41
3
3
4
38
7
2
4
12
8
7
1
63
1
5
1
33
5
1
2
30
4
2
1
54
3
2
3
28
3
6
3
68
4
2
3
5
4
2
1
41
1
1
4
31
24
4
2
49
4
3
1
5
2
4
2
71
1
1
1
3
10
2
2
47
3
2
1
39
2
3
1
4
2
2
4
52
8
5
3
35
1
4
1
71
2
5
3
12
3
4
3
34
2
2
1
55
2
6
1
38
3
2
2
8
3
4
3
10
6
2
1
11
7
2
1
1
1
5
3
29
15
3
2
10
1
5
1
29
3
6
3
53
6
7
1
45
2
1
2
9
2
3
1
6
2
4
2
18
3
4
1
3
5
6
2
66
2
1
3
60
17
3
3
13
7
6
3
61
2
1
3
66
4
5
3
52
2
7
4
41
1
4
4
60
4
6
2
45
4
5
3
45
6
4
4
18
14
5
3
15
11
1
2
38
2
1
4
32
8
5
3
42
2
1
3
5
2
6
3
47
3
5
1
13
2
6
1
5
1
6
2
60
2
5
3
15
14
6
4
67
27
5
2
33
1
3
3
29
16
7
1
25
2
7
3
1
8
3
4
61
2
5
1
27
1
1
2
17
3
4
2
29
1
1
4
1
9
2
3
39
4
5
4
67
25
3
3
47
9
7
1
60
2
2
4
68
8
6
1
67
3
2
4
53
11
6
4
22
5
7
4
17
25
1
1
4
6
1
1
10
4
1
3
39
10
1
4
42
1
1
3
41
2
3
3
44
3
5
4
36
14
3
2
32
2
4
2
27
1
1
4
25
4
6
4
37
2
4
2
61
1
4
2
47
2
3
1
8
7
3
4
13
11
7
1
66
1
7
1
26
1
5
2
37
2
1
1
1
3
6
3
12
1
4
2
26
2
1
4
3
9
3
2
44
2
1
3
32
2
4
1
8
8
3
1
28
1
2
3
43
5
4
2
35
1
1
2
18
4
4
3
65
17
7
1
68
3
7
2
35
3
7
4
11
18
3
4
26
6
1
2
65
4
2
3
66
3
7
1
61
2
3
2
22
2
1
3
25
2
2
1
67
1
3
1
14
19
1
3
54
2
2
2
3
2
1
1
17
13
6
3
71
1
1
1
45
1
1
2
25
2
5
1
32
2
7
2
28
2
5
3
18
9
6
3
23
14
3
4
63
10
5
3
2
10
4
4
32
6
7
2
63
1
3
2
13
3
3
3
61
11
2
2
71
3
6
4
27
11
7
2
42
2
7
1
14
8
5
2
7
1
2
1
34
8
1
4
68
24
7
2
25
3
3
1
15
1
3
1
40
2
1
2
16
2
6
3
10
8
1
4
43
7
1
4
33
2
6
4
43
6
3
2
67
1
6
3
28
2
5
4
53
5
2
3
6
4
5
4
25
9
1
4
5
8
2
1
61
1
2
1
22
3
3
3
55
14
5
4
41
2
7
2
2
1
4
1
37
1
6
2
14
1
5
1
23
1
4
3
40
1
1
1
43
2
4
2
53
1
6
1
13
3
4
1
53
1
2
4
35
1
3
2
52
7
4
1
22
2
1
3
36
12
5
2
36
4
5
2
49
3
4
1
40
3
1
3
63
12
2
2
5
1
4
4
47
17
3
1
17
7
2
1
32
7
5
1
30
16
7
3
4
19
5
1
42
2
2
3
49
1
4
3
6
5
2
3
7
5
3
3
27
5
6
4
45
13
4
2
67
2
5
3
17
10
3
2
11
2
4
1
68
1
5
3
11
13
5
2
1
3
3
2
29
3
2
4
9
10
1
1
54
1
2
4
29
2
4
4
30
8
1
4
16
1
4
1
6
1
5
2
10
3
4
3
18
5
2
1
7
11
5
4
26
9
4
3
60
15
6
4
65
2
3
1
52
1
4
1
27
2
7
2
42
3
2
2
45
3
3
3
14
18
2
4
71
4
2
4
4
21
4
4
39
7
4
4
5
22
3
4
28
8
5
4
31
3
7
2
23
2
3
4
66
3
2
4
6
16
4
2
65
3
7
4
34
4
2
2
22
1
3
2
32
3
5
4
37
14
5
1
23
2
2
2
33
2
7
3
37
5
4
4
28
11
5
3
13
6
2
1
66
2
3
2
37
1
1
1
49
2
1
2
53
3
6
2
38
5
1
3
37
8
1
2
66
3
6
1
18
8
1
1
44
2
6
2
44
1
7
4
16
8
3
2
7
3
7
3
49
4
3
1
9
2
3
3
45
5
5
3
36
14
4
2
28
1
7
2
39
1
5
1
65
1
1
2
43
5
4
2
5
2
3
1
47
1
5
3
40
2
1
4
17
18
4
3
3
10
2
2
68
4
6
4
44
15
7
4
60
5
4
4
1
13
1
1
7
3
2
3
11
8
3
2
17
1
3
2
60
1
1
2
26
1
2
2
8
1
1
3
67
4
2
1
39
3
4
1
38
2
3
3
22
12
2
1
16
6
6
2
31
1
5
1
31
14
4
4
39
9
1
3
71
4
4
2
30
1
6
2
63
3
7
3
44
2
1
1
15
5
3
1
63
2
2
4
47
15
7
3
4
3
7
1
43
3
1
2
23
3
3
2
27
3
3
4
4
6
5
2
40
1
7
2
11
3
7
2
9
1
2
4
12
6
7
4
2
8
3
1
71
1
6
2
3
1
6
3
26
5
4
2
1
2
4
1
44
1
1
1
36
1
6
3
31
12
4
3
22
4
6
4
49
2
5
