2
39
3
4
2
63
2
6
3
65
2
2
4
16
5
2
3
11
1
6
1
33
1
6
1
22
2
5
2
37
1
4
3
55
1
4
3
41
4
5
1
39
1
6
4
47
3
7
3
37
3
5
2
47
4
7
3
22
7
4
4
27
12
1
3
14
25
7
2
18
1
2
4
3
3
3
4
67
22
7
3
41
1
6
3
49
2
2
2
17
1
5
1
71
3
5
2
60
2
3
3
45
1
3
1
31
14
2
2
17
2
5
2
36
2
2
1
26
2
6
3
29
5
4
2
25
3
1
1
18
5
3
1
67
1
1
3
25
8
7
4
61
12
1
2
63
3
5
1
36
1
2
4
43
11
1
4
65
14
1
4
33
4
1
1
28
2
6
3
54
2
5
3
7
3
1
2
68
2
5
4
26
3
5
2
8
2
6
4
17
17
7
3
2
10
4
4
11
2
4
4
68
4
1
2
35
2
5
1
7
3
2
3
17
17
7
4
2
1
6
2
36
3
2
3
17
15
5
4
23
11
7
2
14
3
2
3
53
7
2
1
8
10
3
3
27
5
2
3
26
1
3
4
67
36
5
3
1
10
4
3
12
6
4
3
52
9
3
3
35
3
7
4
32
5
6
4
47
12
2
2
32
1
3
1
18
14
5
1
10
5
6
1
11
6
4
1
42
2
3
2
38
1
3
4
63
11
5
1
11
3
2
4
36
15
5
1
43
1
3
3
27
2
6
2
60
4
2
1
40
2
6
2
4
1
2
4
42
3
4
1
66
2
3
4
65
6
4
2
9
1
4
4
38
4
1
4
53
8
5
3
23
15
5
4
37
10
5
2
14
2
3
1
47
3
7
4
37
4
6
1
61
3
1
4
33
6
6
1
2
6
6
1
4
2
2
4
14
19
4
2
9
2
7
4
60
5
2
4
61
2
6
2
43
5
5
2
53
1
6
4
30
3
1
1
10
4
3
1
55
1
3
2
42
3
6
2
15
1
3
3
60
17
6
2
52
3
3
3
9
12
6
3
44
7
3
3
55
11
4
1
66
3
4
3
47
1
7
1
12
10
6
4
22
19
6
3
52
1
4
3
25
2
2
2
55
2
4
3
34
8
2
4
38
6
5
1
28
1
2
1
38
1
1
3
23
7
7
2
10
1
4
1
43
2
5
4
7
9
1
4
10
13
2
2
33
2
1
3
8
18
2
4
5
27
6
3
8
16
1
1
25
1
5
4
16
1
6
4
66
1
4
4
15
3
5
4
26
10
2
1
45
2
2
2
13
3
1
4
15
9
3
3
31
26
2
2
6
1
2
2
23
3
7
1
4
6
5
2
53
2
6
3
13
1
3
1
31
9
2
2
12
3
4
1
71
2
2
3
13
6
4
1
63
1
6
1
6
2
1
3
39
10
6
4
9
3
7
4
34
8
6
4
55
2
4
2
66
3
2
4
8
15
3
2
13
1
4
2
68
4
3
4
29
3
6
2
18
2
4
3
36
5
5
1
41
3
1
2
67
1
1
2
22
2
3
3
61
3
2
2
66
1
2
1
16
2
7
4
66
5
7
4
60
2
4
2
45
3
3
2
28
2
4
2
35
3
4
3
16
8
2
1
68
2
3
2
7
2
6
3
7
4
2
2
42
2
2
3
14
1
3
2
25
1
3
4
9
22
4
2
34
1
5
3
32
7
5
3
30
8
7
1
8
16
7
2
37
4
1
4
28
9
3
3
40
4
5
3
43
2
1
4
8
12
2
1
67
2
1
3
5
4
5
2
3
3
1
4
43
10
5
2
7
3
2
4
12
8
1
2
16
1
4
2
3
1
2
1
38
3
2
4
55
4
1
2
67
2
7
3
42
4
5
4
39
2
1
1
37
2
3
2
40
1
7
3
33
14
3
3
60
6
1
4
6
14
7
4
6
15
3
1
35
1
7
1
26
1
7
4
49
6
1
2
32
3
1
3
61
7
4
1
35
3
1
1
27
3
2
3
49
8
7
3
30
11
3
2
22
3
7
2
54
1
4
3
29
19
7
1
41
1
3
4
49
1
4
4
52
14
4
2
52
6
6
2
38
5
3
3
71
1
6
4
25
8
2
1
68
1
4
2
4
3
2
1
22
3
3
1
47
2
2
3
1
2
7
1
49
2
1
3
47
6
2
4
45
7
3
2
71
2
1
1
49
1
5
4
71
5
5
1
17
10
4
3
45
4
7
4
53
2
5
2
61
3
7
4
23
3
6
3
66
7
1
3
10
1
5
4
54
5
1
1
1
3
7
3
16
3
5
4
42
5
5
4
35
2
2
4
68
14
1
1
32
1
7
4
31
17
2
3
36
7
6
2
8
3
6
4
44
5
5
3
15
8
7
3
11
13
1
1
54
3
2
2
2
1
1
1
25
2
1
1
32
6
4
4
44
12
1
3
31
8
6
1
5
1
4
4
41
3
3
1
65
2
6
2
16
2
5
2
23
1
4
3
34
3
2
1
42
1
1
2
33
1
5
2
2
2
3
1
33
2
2
3
4
4
3
3
63
10
7
1
34
11
5
3
18
3
2
2
29
1
3
3
67
27
6
1
27
1
3
4
14
15
1
1
2
3
7
4
11
31
3
2
29
2
5
1
60
2
7
4
71
2
2
3
63
13
7
1
53
1
1
3
40
5
5
2
26
2
4
3
26
10
6
1
61
2
6
1
29
1
2
1
30
21
6
1
9
12
5
4
25
6
1
1
17
8
3
3
28
2
4
1
53
2
6
2
27
1
2
2
71
1
6
1
29
2
7
4
1
7
7
3
6
2
5
2
31
1
2
3
42
2
7
1
15
1
7
2
1
2
7
1
1
1
6
3
28
10
5
1
15
4
2
4
2
10
4
2
41
1
7
2
54
2
6
2
27
2
4
1
60
1
2
4
52
20
6
3
67
6
7
2
15
3
3
2
44
5
6
2
1
1
4
3
53
4
3
4
18
24
3
3
65
7
6
4
29
12
7
3
32
2
3
3
37
7
1
2
11
1
3
2
41
2
2
1
5
2
1
1
13
4
6
4
31
6
5
1
55
2
5
1
44
2
5
3
12
4
4
1
34
2
4
4
17
19
2
2
26
1
1
3
5
5
5
2
40
4
1
4
63
1
1
3
3
8
2
3
3
4
7
2
44
3
7
3
4
18
6
4
45
5
4
4
30
7
3
4
10
29
6
4
3
12
7
2
49
4
4
1
30
20
7
4
18
23
2
4
39
3
2
1
16
5
3
1
13
8
4
3
18
7
7
2
39
1
6
4
4
13
6
3
39
1
6
4
34
7
3
2
30
5
4
4
27
3
7
1
6
1
2
4
13
7
2
1
23
3
5
1
37
1
3
1
14
21
6
4
35
5
6
2
31
3
6
1
3
3
6
4
36
12
1
4
54
4
1
1
23
2
2
4
4
4
6
3
33
19
5
2
6
2
1
2
12
1
1
2
28
3
5
1
44
3
5
2
11
3
2
4
32
9
2
2
61
2
3
3
43
5
7
2
30
3
4
3
2
1
7
2
34
2
7
4
41
4
5
1
12
16
1
2
43
4
6
4
40
7
7
4
40
6
6
1
63
2
7
2
45
2
4
4
7
1
1
4
5
24
3
1
14
10
1
2
55
1
2
2
49
1
6
1
52
2
4
2
5
3
6
3
44
3
5
1
3
1
4
3
54
1
1
3
15
7
7
3
38
10
4
3
68
12
1
2
47
1
3
4
28
3
3
2
10
3
3
3
38
2
7
3
68
4
5
1
40
1
2
3
10
7
5
3
66
6
1
1
52
1
2
1
65
1
7
3
71
4
5
3
22
6
7
4
12
9
4
1
45
1
2
4
1
6
6
4
13
15
5
1
54
1
2
1
7
2
3
2
65
4
5
1
39
4
5
4
22
20
5
3
6
6
4
2
5
2
3
2
65
1
3
3
35
1
6
1
36
2
2
3
9
23
2
1
9
3
2
