2
49
2
3
4
35
4
4
3
53
6
2
1
47
1
6
1
31
18
2
3
17
1
5
2
41
4
6
2
35
1
3
4
3
19
7
4
49
6
5
1
41
2
2
1
23
3
4
4
11
16
1
3
5
5
4
2
18
1
4
2
31
2
3
4
12
6
1
3
54
2
5
4
66
1
6
1
14
3
5
3
31
17
3
1
71
3
3
3
36
4
2
3
63
9
3
1
39
2
1
2
5
3
6
1
45
2
2
2
71
1
3
3
68
5
1
4
61
7
1
3
52
9
2
2
68
2
2
4
25
4
2
1
40
1
5
2
39
4
6
3
45
2
3
2
53
3
2
4
5
11
4
4
10
21
3
2
27
3
1
2
12
2
2
3
18
17
5
4
55
7
6
4
6
15
1
3
42
4
1
3
44
4
3
2
15
1
7
4
29
3
5
2
9
2
3
1
11
10
1
2
22
3
6
4
53
4
1
2
17
3
3
2
44
1
6
3
71
2
5
1
10
1
3
2
43
1
4
4
68
20
4
4
27
2
4
2
42
2
6
1
14
11
3
1
53
1
5
3
13
9
1
4
23
3
7
3
26
5
5
1
25
2
3
4
52
3
7
4
45
7
1
3
6
6
4
2
61
3
5
1
12
18
2
3
25
9
4
1
63
2
4
1
55
1
7
1
38
2
2
2
29
1
6
3
41
3
1
4
15
4
2
2
10
1
3
4
31
22
2
1
45
1
5
3
4
12
7
2
10
3
5
4
60
4
1
3
10
7
4
3
43
3
6
1
5
1
1
2
8
1
5
1
34
8
2
2
23
2
3
2
8
2
4
1
43
3
2
3
32
9
5
4
27
10
1
1
16
1
2
3
61
8
6
4
43
6
2
3
55
4
7
2
3
2
2
3
12
3
2
2
40
3
2
1
3
5
2
4
36
2
2
4
29
2
7
4
18
16
2
3
66
5
1
2
71
2
6
3
54
1
3
3
37
2
1
4
14
10
6
1
47
2
3
2
54
1
4
2
39
1
5
3
68
16
3
3
35
5
5
1
17
2
5
2
29
2
6
1
31
6
5
4
22
9
7
2
7
2
6
1
11
12
5
3
1
6
5
4
42
4
4
2
26
4
4
4
17
21
6
4
2
4
1
2
25
1
7
1
38
1
6
4
26
6
5
4
40
1
1
3
42
1
4
4
34
8
1
4
30
1
4
4
10
18
4
2
52
3
6
4
32
6
2
1
61
1
1
3
38
10
1
1
42
2
4
2
60
2
4
3
67
3
2
1
36
1
2
3
27
10
4
4
45
13
7
2
36
1
3
2
38
1
2
4
25
8
1
3
45
3
6
2
68
1
4
3
52
1
4
3
33
9
2
4
28
11
1
4
6
17
2
4
1
13
2
2
23
1
6
2
15
2
6
2
33
1
4
1
29
1
7
2
33
2
7
1
44
3
1
2
22
1
4
1
1
1
5
4
33
6
4
3
31
1
7
4
14
15
4
1
32
7
3
4
9
18
6
4
12
7
3
3
38
5
1
2
6
3
4
2
36
4
2
1
27
1
1
4
67
33
6
1
22
2
5
3
28
2
4
3
26
1
5
1
23
2
6
2
55
2
3
3
8
1
5
2
45
3
6
1
17
3
7
4
13
13
4
3
71
4
2
3
29
16
6
4
40
6
7
2
6
2
4
4
49
7
7
1
26
3
2
1
54
3
3
2
42
4
4
4
28
8
3
3
33
2
6
1
6
2
7
3
32
1
3
2
40
2
3
1
33
1
1
1
37
2
5
3
16
3
7
3
14
8
7
3
39
10
2
1
40
3
4
2
4
2
3
2
28
2
4
4
32
14
6
3
17
8
4
1
7
11
4
1
3
9
6
4
4
24
2
4
41
4
3
1
60
1
6
1
33
3
4
3
18
18
5
3
55
12
7
3
34
1
1
4
65
4
2
3
60
2
4
4
71
2
7
1
34
3
4
1
42
1
7
4
17
8
6
2
37
2
1
4
15
6
3
1
32
1
3
2
28
1
4
4
35
3
3
3
47
5
5
2
27
1
6
1
30
14
5
2
65
1
1
4
1
2
6
4
37
2
7
4
63
1
3
1
25
3
4
2
67
1
7
2
2
1
7
2
4
1
1
2
13
1
3
3
49
7
6
3
12
5
4
4
36
8
1
4
55
10
2
4
41
1
5
2
53
2
2
1
43
1
2
1
8
4
3
1
68
2
7
3
27
3
4
3
39
9
3
3
10
22
5
3
63
5
2
4
47
16
2
3
13
6
6
3
66
1
3
1
54
1
7
1
60
2
6
2
37
1
2
1
10
6
6
3
5
1
7
1
49
2
3
1
8
15
3
2
30
2
6
2
65
2
4
4
23
21
1
2
12
3
5
3
65
4
4
2
13
3
1
2
52
1
3
1
41
1
5
4
7
7
3
1
30
1
3
1
16
7
4
4
4
13
1
4
65
3
7
3
11
5
3
2
1
1
1
3
22
12
2
1
26
2
1
4
16
9
7
1
4
3
6
4
53
15
2
3
34
9
6
2
1
2
6
1
52
3
5
1
66
3
3
1
71
1
4
4
31
20
6
1
39
1
3
4
18
11
1
4
44
6
2
1
29
2
7
4
11
11
3
3
4
16
3
2
17
2
3
2
30
4
7
3
37
3
6
2
47
3
5
3
15
7
5
2
34
3
6
1
35
4
7
3
43
2
7
1
2
3
7
3
22
9
5
4
61
4
6
2
63
3
2
3
65
16
3
1
1
2
6
2
32
4
4
1
68
1
4
2
63
1
3
1
15
4
7
2
38
5
7
4
13
9
7
2
11
3
3
2
55
3
7
1
55
2
2
3
23
1
5
1
12
11
5
3
2
2
4
1
28
3
7
1
49
1
2
2
54
2
4
1
63
1
6
1
9
5
5
2
67
2
3
3
49
2
7
3
29
1
5
2
66
1
1
3
40
5
3
2
44
4
7
3
3
3
2
1
9
2
2
2
31
5
4
3
3
2
4
2
9
1
4
3
1
5
6
2
61
1
4
2
14
3
3
3
8
12
2
2
16
2
3
4
52
15
5
2
49
3
4
3
25
2
2
4
63
4
3
2
41
5
4
4
54
5
3
1
67
3
6
3
35
6
6
3
14
9
4
4
33
1
7
4
7
3
3
1
13
2
4
4
44
11
7
2
35
3
5
4
68
6
1
3
9
28
1
4
38
8
4
1
27
3
6
4
30
5
4
1
5
2
6
3
60
32
5
3
6
5
6
2
11
2
6
2
43
2
5
3
44
8
1
1
13
4
4
1
18
12
3
4
16
4
3
4
71
4
2
3
11
4
6
1
37
1
6
3
67
4
3
2
25
2
2
1
65
1
5
3
9
2
7
1
28
2
7
3
41
1
4
2
7
1
4
1
44
2
5
2
26
1
7
3
47
1
1
4
26
9
4
2
45
1
7
1
35
1
1
2
5
1
1
4
9
7
1
4
3
9
4
3
7
1
7
4
67
37
3
4
39
2
2
1
36
2
5
1
7
6
5
3
15
10
5
4
47
2
1
3
30
25
1
4
8
7
1
3
16
2
5
4
66
4
3
1
15
1
7
4
8
19
3
1
4
6
5
4
22
14
2
4
60
9
2
2
2
2
4
1
2
6
3
2
60
1
1
1
18
8
2
1
61
2
6
1
67
2
7
4
39
3
3
3
7
5
2
3
30
19
1
2
14
1
7
4
42
3
6
3
53
7
1
3
2
5
4
4
2
12
6
1
65
2
6
2
32
3
3
3
28
4
7
4
54
6
6
2
16
1
6
1
52
2
2
2
66
2
4
3
61
10
4
1
53
2
4
1
22
1
3
4
43
10
3
4
5
3
5
4
37
13
3
4
38
3
7
2
47
4
5
3
40
4
1
2
34
1
7
3
23
13
3
2
3
1
1
2
18
2
2
4
34
9
6
3
36
5
7
1
6
1
7
1
66
2
3
