3
32
4
1
4
53
10
4
4
34
7
4
2
39
1
2
3
17
15
7
1
42
1
2
2
68
4
6
4
26
2
4
1
37
2
7
2
40
2
2
2
5
3
5
1
14
13
3
4
14
22
7
2
38
1
5
3
13
3
2
3
42
1
5
4
15
25
1
1
38
1
5
2
54
1
6
4
18
21
5
2
61
2
4
3
25
7
5
4
10
33
1
3
35
1
3
2
26
4
4
1
12
14
1
4
68
5
3
3
37
8
2
4
9
21
5
1
2
3
1
4
67
1
7
2
11
2
1
1
31
12
3
1
16
3
3
2
55
1
3
1
8
16
7
1
34
2
5
2
17
2
4
4
3
14
7
2
26
2
4
1
18
15
5
2
18
4
7
4
47
10
3
3
3
3
2
1
41
2
6
2
37
2
5
3
7
2
4
2
6
3
7
1
35
1
7
3
6
4
6
3
44
9
7
3
68
3
7
1
15
5
4
4
9
25
1
2
34
3
5
4
68
18
4
4
49
2
5
4
61
3
5
2
27
2
1
4
66
1
7
3
10
11
4
2
63
2
6
1
33
6
6
2
63
1
7
3
31
9
3
4
15
26
3
4
16
11
5
1
32
1
7
4
28
7
3
3
5
2
2
3
8
3
6
1
61
2
4
1
17
11
4
3
41
4
6
1
42
2
3
1
2
2
1
2
30
4
4
3
52
17
4
1
71
1
4
2
27
3
3
1
49
1
7
1
6
2
4
2
29
1
3
3
22
4
1
4
44
9
3
3
52
8
3
3
29
17
1
3
15
9
7
1
11
6
4
3
16
8
1
1
1
1
5
1
36
1
4
1
47
1
6
2
43
4
7
3
9
10
5
1
26
1
6
4
2
5
6
4
67
40
3
1
32
2
6
1
52
2
2
4
63
10
3
4
27
8
4
2
49
4
5
3
4
5
2
3
25
9
4
3
35
4
3
4
3
20
3
3
71
2
7
2
60
4
5
1
39
3
7
3
1
10
6
1
3
7
1
3
66
7
4
4
5
12
6
4
61
9
1
3
30
6
5
2
37
3
5
1
36
3
2
2
35
2
2
4
42
4
7
2
3
1
1
2
43
3
5
1
45
2
5
4
17
8
5
1
5
1
3
1
65
1
7
2
17
3
7
2
42
4
6
4
35
5
3
4
71
5
6
2
42
1
6
2
29
2
2
2
49
1
5
2
10
2
5
3
28
12
4
2
32
2
4
3
63
12
3
4
38
8
3
4
16
2
5
2
33
1
2
4
13
6
1
4
54
1
1
3
61
9
4
4
11
16
6
2
6
1
6
1
7
4
5
1
23
3
5
2
18
1
1
3
36
1
2
4
63
6
7
1
44
1
4
3
14
3
5
3
65
13
7
4
17
26
3
1
4
3
1
4
8
11
7
1
4
2
7
2
28
3
2
2
22
1
2
1
68
3
7
1
68
1
5
2
31
1
1
3
4
25
1
2
60
3
5
1
12
4
2
3
53
8
2
2
4
2
7
4
37
1
5
2
61
3
2
3
54
2
1
2
14
1
1
3
6
1
2
2
9
3
3
4
65
9
7
2
53
3
1
2
12
1
7
2
1
3
4
2
44
5
1
1
40
2
2
2
65
1
2
2
41
4
2
2
66
2
3
1
65
2
5
3
10
14
1
2
71
1
3
2
1
2
5
2
13
1
6
4
26
1
7
1
33
1
4
4
45
7
3
2
35
1
7
3
43
5
6
2
39
4
5
3
12
4
4
3
71
1
6
2
67
2
3
4
10
9
4
1
53
1
5
3
30
25
7
4
54
8
7
4
40
1
3
2
65
3
4
2
34
1
4
1
25
2
2
1
66
1
3
1
55
1
6
2
45
4
1
1
9
5
4
3
33
17
2
1
11
11
5
1
35
2
1
3
47
3
2
2
23
2
1
3
31
30
1
3
38
9
1
2
30
2
2
1
54
2
4
2
55
2
7
1
55
2
7
3
61
2
4
1
60
1
3
4
25
4
4
1
67
2
3
1
15
2
2
2
10
1
2
3
2
9
1
3
3
7
4
1
67
3
1
2
15
2
4
3
9
30
4
1
52
3
1
1
31
3
4
1
29
1
7
2
52
1
7
4
36
1
2
1
43
3
3
1
7
9
7
4
39
5
1
2
44
2
2
2
7
1
6
1
39
1
6
4
43
11
3
3
67
33
5
4
60
3
1
2
14
3
5
3
23
2
5
2
5
1
7
3
26
8
1
3
65
14
1
3
68
2
1
3
29
6
3
4
29
16
7
3
27
9
2
3
2
10
1
1
8
14
3
3
43
6
3
2
33
3
2
1
34
11
3
2
54
2
4
4
29
9
3
2
28
2
4
1
37
1
6
4
23
10
6
3
33
13
6
3
17
12
1
4
38
9
3
2
52
6
1
1
23
2
4
4
7
5
6
1
40
1
3
4
42
3
2
3
60
12
3
4
13
5
6
1
14
9
6
3
15
12
1
3
14
13
6
2
13
3
2
4
71
1
5
2
23
3
1
2
66
3
5
2
9
1
6
2
45
1
1
3
18
13
6
1
13
2
4
1
41
3
5
3
41
2
7
2
36
4
6
4
1
9
5
2
32
1
2
1
25
1
5
3
37
3
7
3
55
16
7
1
47
3
5
4
28
10
3
1
1
3
7
1
13
6
1
4
39
7
1
3
11
21
4
2
2
2
5
4
22
9
3
4
30
1
4
1
18
14
2
4
41
4
2
2
36
5
1
4
22
8
2
3
16
4
6
2
8
3
5
4
55
5
6
3
5
5
7
1
45
1
6
3
28
8
5
2
11
1
3
3
60
13
1
4
66
4
1
4
11
12
4
4
34
14
6
2
71
3
2
4
55
7
4
2
40
4
2
2
38
3
5
1
29
3
7
4
7
9
3
4
44
6
5
3
23
1
6
4
18
22
1
3
66
5
3
2
47
3
3
1
27
3
5
4
33
3
1
2
8
2
1
2
67
1
2
1
63
1
2
3
54
1
5
1
10
2
6
1
27
1
1
3
22
6
7
4
30
6
4
3
42
3
7
3
18
23
3
2
4
1
6
1
22
1
6
3
40
5
5
4
25
2
4
1
6
1
4
3
67
8
6
4
49
3
7
4
2
9
6
4
33
5
3
1
28
1
6
1
44
2
2
1
22
3
7
3
44
10
4
1
49
2
5
1
9
10
6
2
25
3
4
3
1
3
3
3
26
4
1
4
36
2
5
4
12
7
2
4
35
2
3
3
7
5
7
1
30
6
7
4
5
5
4
3
45
5
7
4
32
1
6
2
22
3
3
3
45
4
3
4
27
3
7
3
47
7
7
1
3
11
5
3
55
5
7
2
68
3
6
4
12
10
3
1
17
3
3
4
47
8
2
3
11
16
5
3
13
7
3
2
7
2
6
3
12
7
1
2
16
2
6
4
40
5
2
4
1
12
1
3
36
14
5
2
3
3
7
4
60
9
5
4
8
3
3
4
4
3
1
4
45
9
3
1
43
2
5
2
53
2
7
2
15
3
4
1
53
2
7
1
28
3
7
3
49
8
6
2
16
1
7
3
63
9
4
2
2
1
7
4
23
17
2
3
27
5
5
4
4
5
1
3
39
10
3
1
71
3
1
1
66
3
3
3
38
10
2
4
14
28
6
1
16
1
3
3
8
1
5
4
43
6
3
2
12
3
3
4
41
3
3
2
25
1
2
4
53
3
7
1
60
2
3
3
49
4
6
4
31
11
6
1
5
2
5
1
54
1
6
1
61
3
6
1
30
19
1
1
38
2
5
4
52
9
7
1
10
7
5
4
52
1
2
4
6
2
1
4
65
14
6
2
31
5
6
2
41
5
7
3
40
1
5
1
26
3
1
3
34
6
2
4
6
13
5
3
39
2
4
3
34
4
5
3
32
2
6
4
32
8
5
2
47
2
6
4
31
28
1
1
63
2
5
3
53
4
6
4
37
10
7
