4
52
21
5
4
43
12
7
4
49
1
5
4
6
28
4
2
5
3
1
4
38
6
2
4
27
3
4
1
36
2
1
3
25
6
5
3
1
4
4
1
71
3
5
1
61
3
7
2
23
2
5
4
2
3
5
3
29
17
3
4
47
11
5
1
7
8
4
4
60
6
1
2
37
2
7
3
36
1
6
4
29
12
5
2
39
2
5
1
29
3
5
3
35
8
4
4
2
8
6
4
60
7
2
3
25
8
5
2
26
4
1
3
14
23
7
1
43
2
3
4
36
13
3
2
71
3
5
4
5
18
7
2
29
2
6
3
26
8
6
2
27
3
7
2
32
1
2
3
22
3
4
3
12
3
3
1
12
15
3
3
67
5
6
3
9
7
1
2
17
1
6
2
16
2
6
1
31
4
1
1
53
1
2
2
36
1
1
4
42
2
7
1
40
2
4
3
28
7
3
2
43
4
4
4
5
4
2
4
10
8
1
1
5
2
6
1
32
5
1
1
4
7
5
3
55
13
5
4
35
3
4
1
9
6
1
1
54
1
5
4
4
3
1
2
4
2
4
4
35
1
3
1
2
2
4
2
33
3
5
1
1
2
7
1
41
1
3
4
71
6
4
4
16
10
1
1
12
8
1
4
29
15
3
3
52
3
3
1
66
1
4
2
63
2
6
3
1
7
7
2
38
2
1
2
42
4
3
1
8
15
1
1
30
8
1
3
13
1
7
1
55
1
2
4
3
12
7
1
63
1
2
2
41
3
7
4
55
7
4
3
12
2
5
2
12
2
6
4
32
2
2
4
9
23
2
2
11
2
7
1
23
1
3
3
8
13
6
2
52
2
4
2
30
1
3
2
18
4
2
4
37
11
2
2
54
2
3
3
45
2
4
1
1
1
1
3
3
5
1
1
66
3
6
3
27
4
5
2
28
2
7
1
10
5
6
2
14
2
5
1
49
2
1
3
47
9
1
4
7
6
2
2
7
1
6
1
52
2
4
4
28
4
7
3
43
8
4
1
10
8
6
1
65
1
5
3
2
2
3
4
45
9
1
2
40
3
4
4
41
4
6
3
6
3
7
4
13
4
4
2
14
3
7
1
63
2
7
3
67
34
5
2
34
2
1
2
26
1
6
3
30
8
1
2
52
6
6
4
23
23
4
3
10
16
5
3
43
5
4
2
60
3
5
2
61
3
1
3
26
12
2
2
32
4
6
3
52
10
1
1
37
2
7
3
5
1
6
1
9
10
2
4
36
3
1
4
6
8
4
4
23
5
1
1
13
1
3
3
4
2
5
4
66
2
5
1
7
3
1
4
14
18
6
4
39
6
5
4
40
8
7
4
26
10
6
2
17
3
6
1
33
3
7
1
39
4
2
3
53
3
1
1
29
2
4
3
34
3
1
4
34
13
5
4
43
11
5
2
23
1
5
1
52
3
7
4
12
2
1
2
39
1
7
3
8
16
2
3
41
1
3
3
4
1
3
2
37
1
5
4
33
1
2
2
28
3
7
4
32
10
4
3
18
2
5
1
43
1
3
2
65
1
4
1
33
2
2
4
9
29
5
1
45
2
4
2
31
3
4
2
1
3
4
3
30
21
2
1
37
1
1
4
18
20
5
2
42
1
5
1
11
12
2
3
40
1
5
1
68
2
4
1
18
1
6
3
66
3
1
2
8
3
1
3
2
12
4
3
49
1
6
1
65
2
1
1
26
2
3
2
41
2
2
2
2
2
5
1
39
2
2
2
29
1
4
4
18
26
5
4
25
6
4
2
68
4
4
4
67
8
7
3
14
9
5
1
15
5
7
2
66
2
5
4
17
3
1
2
7
3
4
1
42
1
3
3
33
8
5
4
31
19
5
2
63
1
4
4
54
3
3
1
44
1
5
4
11
10
1
1
71
2
1
2
35
3
2
3
11
5
7
1
22
3
4
4
54
8
1
2
45
3
2
1
61
2
7
1
35
1
5
3
41
4
4
2
33
2
5
4
25
3
6
3
61
7
1
2
13
3
6
4
4
6
1
1
15
3
4
3
60
19
1
3
7
5
5
1
8
5
1
3
3
2
1
4
63
6
6
1
60
1
4
1
34
1
3
1
25
2
1
3
23
7
2
3
10
7
7
2
27
2
6
4
55
3
1
2
18
2
4
2
3
2
3
2
53
3
6
4
42
3
1
1
17
11
1
4
8
15
3
4
38
5
4
1
6
2
6
2
9
1
5
2
1
2
2
3
45
4
5
3
6
4
1
1
54
3
6
2
45
4
5
1
60
2
7
1
4
4
3
4
15
14
2
3
37
6
1
1
27
3
2
1
6
1
1
4
61
9
3
4
8
6
6
3
9
28
4
4
44
14
1
2
36
4
7
1
67
2
1
1
14
1
6
3
35
5
1
2
38
5
3
4
34
1
7
2
16
3
3
3
42
3
4
4
30
4
1
1
11
3
7
4
65
11
7
1
47
2
5
1
3
7
7
2
5
1
7
2
49
1
5
3
63
9
4
3
16
8
1
2
34
3
5
2
47
1
1
3
11
20
2
3
15
15
3
3
66
1
7
3
42
2
5
1
68
3
1
1
40
1
2
4
17
5
3
1
28
1
3
2
3
3
4
2
44
3
2
3
60
14
7
1
49
1
7
1
47
3
7
3
54
1
6
2
2
1
4
2
6
1
7
2
30
5
3
2
49
4
6
3
22
2
4
4
31
25
4
2
55
3
4
3
18
18
4
1
44
4
6
4
61
2
7
3
68
16
5
2
15
1
4
3
63
11
7
3
7
4
3
2
31
5
1
1
22
1
6
4
67
38
6
4
3
19
7
1
27
1
5
3
13
9
4
3
61
4
4
3
71
4
1
3
38
2
2
4
63
1
2
2
60
4
2
2
6
2
6
3
68
12
3
2
65
3
2
4
11
28
2
4
71
1
2
4
15
27
5
4
40
7
2
3
39
4
3
4
10
30
7
3
28
11
4
2
55
1
1
4
53
2
3
2
15
2
2
3
37
4
4
1
38
3
6
4
68
13
1
4
66
6
6
3
65
7
4
1
45
1
2
2
40
2
1
2
67
2
4
1
26
1
5
1
16
3
1
2
53
1
4
3
44
7
6
4
49
8
2
3
44
5
2
1
3
11
2
4
37
4
5
3
39
9
7
4
12
7
6
4
28
3
4
2
10
2
7
3
33
4
1
1
38
1
6
1
41
2
4
3
27
16
2
2
44
1
5
4
22
19
7
3
47
6
3
1
35
3
5
2
8
1
5
4
65
14
1
1
16
5
7
1
42
2
1
4
13
2
7
3
49
5
7
1
28
3
7
2
35
1
4
3
71
3
5
3
53
2
2
4
52
12
6
3
32
1
5
4
44
5
1
2
71
2
3
3
15
13
1
2
47
2
5
2
4
1
7
2
12
3
6
1
18
3
5
1
23
3
6
3
17
3
7
1
5
1
3
4
41
3
5
4
1
11
4
2
25
2
5
2
61
1
7
1
14
20
4
3
40
4
3
2
66
1
3
2
67
1
3
4
27
5
1
2
25
3
6
4
22
15
1
2
10
3
4
4
30
7
5
3
16
1
6
1
55
2
6
4
7
5
1
3
31
13
1
1
13
3
7
4
26
5
5
4
45
7
7
1
25
1
4
1
36
1
2
3
34
1
5
2
22
1
5
3
36
15
2
4
53
7
5
4
16
4
7
3
65
5
2
4
68
17
4
2
68
3
2
4
33
8
2
2
11
1
2
3
55
10
6
3
54
2
4
1
32
1
5
1
53
2
7
1
31
9
7
3
17
2
1
3
38
8
5
4
39
9
5
4
47
1
3
2
9
3
3
2
43
2
3
1
2
3
5
1
34
6
1
1
67
3
4
1
17
7
2
3
32
2
2
4
14
19
4
2
22
3
7
4
1
9
4
3
23
13
7
3
29
11
7
3
5
4
3
2
54
1
6
2
13
2
6
3
31
1
5
1
30
10
4
