3
63
10
3
4
8
9
6
2
41
2
1
1
10
6
2
2
6
1
1
3
67
11
4
2
42
1
6
4
6
4
7
1
26
2
7
2
43
3
2
2
31
4
1
1
40
1
3
3
65
18
1
3
17
12
3
3
31
17
3
4
29
8
2
4
63
4
4
3
49
7
3
3
23
5
3
1
39
1
1
4
4
18
7
3
5
2
5
1
52
3
2
2
10
3
3
3
14
20
5
4
7
5
2
4
23
7
1
1
67
2
3
4
16
7
4
2
13
1
7
4
71
1
2
1
42
1
2
2
39
3
6
3
43
2
3
3
71
5
7
2
30
4
3
1
43
3
3
4
25
9
7
2
31
1
5
1
65
1
2
4
31
11
6
1
25
1
7
2
5
2
2
3
47
2
2
2
23
2
5
3
54
1
5
3
39
1
2
4
13
1
2
1
52
2
6
4
67
7
1
1
25
2
4
3
27
3
1
4
61
2
6
3
26
8
4
3
16
4
6
2
22
3
7
4
17
21
1
3
8
4
7
1
37
2
5
4
63
3
6
1
61
2
7
4
11
6
4
3
71
3
2
1
13
2
6
3
7
1
5
1
12
11
6
3
2
9
5
3
53
1
3
3
22
6
4
3
10
7
4
1
34
7
6
1
23
3
5
1
28
1
6
3
28
9
7
3
31
23
4
4
26
5
5
2
33
2
6
4
38
9
1
1
55
1
1
1
38
3
3
3
13
3
3
3
40
2
3
1
66
3
2
4
39
7
2
4
45
14
6
1
53
2
6
1
13
9
4
2
40
3
1
3
3
4
4
2
9
3
2
4
49
7
5
4
33
5
3
1
30
6
4
4
34
14
6
2
2
1
5
4
45
3
4
3
12
4
1
3
55
10
2
3
61
8
6
1
12
8
2
4
39
4
7
4
5
5
3
4
53
10
1
1
45
1
3
4
47
12
3
2
26
4
1
2
18
3
7
2
5
3
5
2
37
1
7
4
7
7
6
2
52
7
1
1
8
1
4
1
63
1
4
1
3
1
6
2
53
3
4
2
29
1
6
1
34
11
1
4
66
6
2
2
9
1
7
3
47
8
2
1
54
2
6
1
23
2
3
1
10
2
3
3
11
17
7
2
36
1
1
2
1
1
1
3
61
10
3
1
27
3
6
2
41
5
3
2
71
3
7
3
2
8
6
1
18
13
4
4
34
7
6
3
60
17
2
3
66
2
2
3
38
2
7
2
43
5
3
3
54
2
6
1
32
6
1
2
68
2
7
1
40
3
5
4
4
20
4
4
9
25
4
2
6
2
1
1
41
3
2
3
30
24
2
1
16
2
3
2
4
3
4
1
39
4
6
1
35
3
4
2
14
2
6
2
17
2
5
3
1
1
5
1
4
8
5
1
2
7
6
4
18
4
2
4
55
9
1
1
7
8
1
3
52
13
7
3
37
4
6
3
4
2
3
4
13
11
3
3
25
7
5
1
49
2
1
4
71
6
6
1
11
5
7
3
4
25
6
3
42
4
1
1
22
2
4
2
35
2
6
2
15
3
7
4
52
7
1
3
68
6
1
3
35
8
6
1
68
3
6
4
1
1
3
4
30
6
7
3
44
2
2
3
65
12
1
1
43
2
6
3
33
12
6
1
60
2
5
3
45
3
7
1
16
5
1
2
55
2
2
3
45
2
6
1
63
2
6
2
1
3
5
3
33
23
3
1
42
2
7
3
36
7
5
4
8
3
2
2
12
3
3
4
32
1
3
4
18
18
6
2
47
3
6
2
38
4
1
2
61
2
5
4
14
12
7
2
71
2
1
1
37
1
6
4
12
2
5
1
26
3
3
2
37
4
6
2
35
1
6
3
66
8
3
3
52
2
3
2
68
1
7
3
22
2
3
1
54
3
1
1
36
1
3
1
31
3
3
1
36
3
6
3
3
10
3
4
42
1
5
1
9
11
3
2
22
2
3
1
14
20
4
4
6
21
2
3
27
9
2
4
10
21
5
1
6
1
5
2
63
2
4
1
5
2
4
4
37
6
6
3
39
2
4
4
54
9
5
3
23
2
1
4
67
32
2
2
36
3
7
2
8
1
5
4
3
1
5
4
52
12
6
4
9
5
3
3
38
9
3
4
37
13
1
2
60
3
2
1
67
3
6
3
15
9
1
1
68
2
5
4
35
4
1
4
15
10
3
4
43
7
6
1
2
1
6
3
53
8
7
3
26
3
1
4
42
3
3
3
1
5
3
4
68
4
6
3
13
7
3
2
33
1
4
1
17
14
4
1
71
3
5
3
8
3
1
4
14
17
2
1
8
8
6
4
28
4
6
3
55
12
7
1
44
2
1
4
29
15
3
4
49
3
5
2
30
2
4
2
29
2
1
1
3
8
3
4
11
13
7
2
3
3
3
1
17
11
3
3
25
2
7
2
44
4
4
3
5
3
5
2
11
1
7
2
61
3
5
4
17
6
1
2
60
1
5
4
27
5
6
1
4
7
2
4
53
3
6
2
7
3
7
2
17
3
2
2
27
3
3
4
47
3
4
2
53
2
6
3
34
10
2
1
15
4
3
2
66
1
7
2
8
2
1
4
25
1
6
3
29
17
3
1
18
6
7
3
34
11
5
1
49
1
6
4
15
16
4
4
1
8
3
2
25
2
4
4
3
12
3
1
27
2
4
1
14
18
2
1
66
1
5
3
9
5
5
4
44
14
5
4
5
4
2
4
60
3
4
3
30
20
7
1
35
1
2
1
55
2
1
1
28
3
5
1
47
2
2
3
37
2
7
2
44
2
5
1
33
2
7
1
61
1
6
1
60
1
7
3
7
5
7
4
38
2
4
2
67
2
2
3
67
27
6
3
32
7
2
3
6
3
4
2
47
2
5
4
28
5
1
2
63
1
6
2
27
1
6
4
68
23
2
2
10
1
2
1
30
14
5
2
13
3
3
1
41
2
3
4
60
6
2
1
1
1
2
2
49
1
2
2
40
4
3
2
3
1
5
4
40
8
1
2
65
1
3
4
12
4
6
1
33
1
1
3
63
12
6
4
2
13
7
3
18
17
4
2
23
3
7
3
32
9
3
1
1
3
5
2
7
2
3
3
43
5
5
1
44
3
5
4
22
10
1
4
44
1
1
4
31
28
2
3
41
4
3
3
6
4
4
4
54
11
2
4
35
1
4
2
2
3
4
4
41
1
7
3
44
4
5
4
26
10
3
2
54
2
1
1
53
1
7
1
29
3
7
2
49
3
5
2
15
2
3
3
40
6
2
4
30
2
5
2
26
2
3
4
33
4
2
2
67
1
6
3
36
11
4
3
11
9
1
2
34
1
4
3
14
10
4
4
41
2
4
1
15
2
3
1
6
2
6
3
68
1
7
2
4
2
3
3
17
14
2
4
65
8
2
4
55
5
1
3
9
23
4
2
32
3
3
4
22
13
4
3
28
8
6
3
16
3
1
3
41
2
1
3
42
2
6
4
40
5
6
2
14
3
5
2
42
2
2
1
45
2
4
1
7
5
1
4
16
1
2
2
34
3
6
2
45
4
5
4
65
6
4
2
28
2
1
3
60
19
4
1
31
4
4
2
32
2
6
4
61
10
4
4
2
11
1
2
16
2
5
2
12
1
6
4
23
13
3
2
28
3
5
3
15
17
6
2
25
3
6
1
22
3
5
1
32
5
6
2
45
1
1
2
55
1
7
2
38
2
5
3
12
2
3
3
35
6
7
1
71
2
7
3
49
3
5
2
54
1
6
1
65
2
4
4
43
1
3
3
29
12
4
2
39
2
6
2
66
2
7
4
27
6
5
3
18
25
4
1
5
1
6
2
16
3
2
4
66
4
5
2
11
2
4
1
47
1
5
4
36
13
2
4
32
13
6
4
36
8
7
2
52
5
5
3
10
20
4
1
38
1
3
2
65
4
3
4
10
14
6
2
18
2
7
1
29
2
4
1
9
9
1
1
11
7
4
