3
65
16
7
4
31
19
2
4
49
1
5
2
2
3
4
4
63
8
7
4
44
1
5
1
42
1
1
1
5
2
4
1
1
1
3
3
63
10
2
3
11
5
3
2
44
5
6
1
30
2
7
4
45
2
2
2
40
4
5
4
30
5
5
3
43
4
4
4
5
5
3
4
61
8
6
4
37
11
2
2
9
2
7
2
29
3
2
3
44
2
5
1
71
1
2
3
30
13
1
2
37
1
3
3
66
4
6
3
42
3
5
2
2
2
1
2
4
3
2
2
30
2
4
4
39
5
2
3
22
3
1
1
63
1
4
1
23
2
6
1
45
2
3
2
40
3
6
2
26
2
4
2
6
1
1
2
41
1
1
1
17
15
2
4
28
4
1
2
31
2
5
2
11
3
5
4
42
1
2
4
8
17
3
4
34
10
2
1
11
5
7
4
54
12
3
1
12
4
7
4
18
10
4
3
36
4
2
4
23
22
3
3
16
4
4
2
5
2
2
2
17
2
4
1
28
1
2
4
3
20
3
3
38
3
1
4
27
3
5
4
41
2
6
2
15
3
1
3
32
6
4
1
42
2
7
3
49
3
5
1
2
1
7
2
12
3
5
1
60
1
5
2
27
1
3
2
25
3
2
4
42
4
4
1
40
2
3
2
8
2
2
3
34
2
2
4
40
5
1
4
8
8
1
2
13
3
5
4
53
3
7
1
8
8
3
3
7
4
5
1
54
3
5
4
26
2
4
4
55
12
3
4
39
7
4
4
1
12
5
2
52
3
2
3
41
1
6
2
9
3
5
4
18
20
7
3
27
5
3
2
4
1
4
1
66
1
5
4
54
11
5
1
7
9
2
3
45
2
2
3
39
7
6
3
15
1
1
1
39
3
5
2
22
1
3
1
16
6
7
4
25
6
7
2
28
2
2
2
60
2
2
1
36
1
5
3
9
9
7
1
25
2
3
2
18
3
5
4
52
4
6
3
37
3
4
3
38
8
7
1
44
1
7
4
14
30
6
1
1
2
3
1
65
1
2
3
53
1
7
2
65
1
5
4
43
10
7
2
32
1
4
1
33
5
5
1
25
3
6
3
41
3
7
1
31
10
5
3
18
11
5
4
40
2
4
2
7
2
2
3
17
13
7
1
67
1
3
2
12
1
4
1
68
3
1
3
22
4
3
1
27
2
2
4
11
19
2
3
9
4
2
1
6
1
7
4
3
6
1
3
66
7
6
3
18
22
2
3
52
9
4
3
54
1
4
1
65
2
3
4
43
8
3
3
1
4
3
4
16
1
6
2
34
2
3
4
7
3
7
1
45
1
4
1
60
2
3
1
37
1
2
2
47
1
3
4
49
6
4
2
10
3
1
1
28
2
5
4
65
2
6
4
32
11
2
2
60
1
6
2
42
1
5
3
8
20
7
3
67
5
2
2
18
2
5
4
12
7
4
2
36
5
5
1
52
1
1
1
10
3
5
2
67
1
2
3
10
3
1
4
36
8
4
3
43
2
5
3
53
4
7
3
26
10
4
1
54
1
1
3
23
3
7
4
61
7
7
2
37
4
1
4
34
8
7
1
3
2
4
3
35
1
5
4
37
14
4
1
35
3
5
2
10
2
1
4
71
4
6
1
47
2
7
1
33
8
7
4
60
1
2
1
40
1
7
2
16
1
1
1
9
3
7
2
68
2
2
3
40
1
3
1
39
1
4
1
4
3
3
2
5
1
2
1
18
14
2
3
23
1
2
4
65
9
4
2
65
4
4
3
12
4
5
4
33
3
2
3
63
5
3
1
8
12
6
1
13
9
2
1
34
8
6
1
18
4
6
2
52
7
3
3
30
23
6
1
13
3
5
1
14
11
4
3
3
1
7
4
35
4
3
4
22
13
2
2
33
1
1
2
66
3
2
1
53
2
7
3
40
5
7
1
35
2
5
3
2
9
2
2
31
1
1
3
52
13
7
4
71
2
2
3
61
9
4
3
1
8
4
2
45
3
6
3
28
11
6
1
67
3
5
2
23
3
5
1
30
10
4
1
36
3
4
1
71
3
1
4
2
2
5
1
41
3
5
4
68
5
1
1
10
2
6
3
33
5
6
1
3
4
1
2
54
2
6
3
65
7
2
3
61
7
6
2
54
1
5
1
12
1
3
2
67
2
7
3
71
4
4
2
42
4
4
1
15
4
7
2
66
2
2
4
9
14
5
4
27
8
7
1
6
2
3
2
26
4
3
2
25
2
7
2
6
2
5
2
55
3
4
2
44
3
6
4
10
25
5
2
36
2
1
2
14
1
5
1
22
2
3
2
55
1
1
4
1
9
6
4
4
8
1
3
42
2
3
4
52
17
5
1
53
1
3
2
63
2
3
2
7
1
3
1
27
3
1
2
34
3
6
3
7
1
5
2
47
2
1
3
11
9
6
1
68
1
1
3
44
5
6
1
47
3
7
3
68
14
3
3
29
17
7
2
27
2
7
4
4
1
4
2
41
4
4
3
8
7
6
3
17
2
3
3
29
4
7
3
34
8
5
4
35
5
1
4
17
1
5
4
55
11
5
4
53
2
3
1
15
3
3
3
28
12
7
2
1
2
4
3
27
13
7
3
55
17
1
2
30
4
4
2
61
1
5
4
30
6
6
1
11
6
2
4
36
11
3
1
38
2
2
2
1
3
1
4
29
8
1
4
28
9
6
1
31
5
1
4
11
21
3
2
29
1
4
3
39
9
1
2
35
1
6
2
61
2
3
3
32
1
2
4
44
12
1
1
7
5
7
2
35
3
4
1
43
3
6
4
15
7
4
1
14
1
7
4
16
11
6
3
49
1
7
2
33
3
7
4
38
1
7
3
12
5
2
4
7
4
3
4
2
4
6
3
4
10
1
3
55
4
6
4
45
10
2
4
12
5
1
1
22
3
1
1
4
4
1
4
67
34
7
4
68
19
4
3
33
3
7
4
25
8
5
1
23
3
2
3
6
3
1
3
67
10
2
1
49
2
4
2
13
2
4
2
63
1
2
4
6
6
1
1
26
3
6
3
60
14
4
4
26
12
6
3
13
4
7
2
53
1
5
2
71
1
3
1
29
3
4
4
17
15
4
1
29
2
3
2
38
5
3
1
44
2
3
4
60
2
6
2
45
4
6
1
34
9
7
2
32
4
4
3
31
20
4
1
61
3
6
3
26
1
2
2
38
3
6
2
15
1
5
1
63
2
5
1
66
3
4
3
10
5
1
3
6
4
2
1
5
1
2
2
49
2
3
1
55
1
7
2
22
3
3
3
13
5
5
1
32
3
3
2
8
1
1
4
33
9
4
2
71
3
2
2
49
1
5
4
23
24
2
3
31
11
7
1
52
2
3
1
55
2
7
3
5
3
1
1
17
8
6
2
39
1
5
3
3
2
5
1
9
10
1
4
66
3
6
4
63
12
3
3
5
2
2
1
37
2
2
3
35
3
1
3
2
7
2
3
4
5
2
3
47
2
6
4
13
16
6
1
61
1
3
2
3
2
6
2
53
3
7
1
49
1
5
3
60
24
4
2
16
2
1
3
15
12
2
1
32
2
3
3
25
1
3
4
6
12
3
4
31
28
2
1
41
2
2
4
67
28
3
3
45
3
1
1
2
7
1
3
47
9
4
4
14
4
1
3
16
5
7
4
22
4
5
1
26
2
7
3
37
9
6
3
54
2
4
1
16
5
5
2
28
3
3
1
38
3
6
2
43
5
6
4
13
4
1
3
36
10
7
3
14
19
2
4
32
6
5
2
14
2
3
3
71
1
7
2
23
1
4
4
41
3
7
4
5
20
6
3
14
12
3
2
68
1
1
2
17
3
2
4
29
3
4
4
38
4
7
4
10
3
2
3
68
13
7
4
66
6
2
3
25
9
6
4
15
16
4
4
47
15
2
2
11
2
4
2
3
1
1
4
9
5
4
2
39
3
5
4
47
5
6
2
43
3
4
1
43
1
3
