2
66
2
5
2
43
3
4
1
15
5
2
1
25
2
3
3
8
6
5
4
5
7
2
4
53
2
7
2
32
1
5
3
15
2
2
3
65
1
2
3
49
5
5
2
52
2
2
2
15
3
3
4
65
9
2
1
9
7
2
1
41
3
5
4
27
3
2
1
66
2
7
2
27
2
5
1
65
2
2
3
13
2
4
3
30
20
3
2
2
1
3
2
68
4
3
1
6
1
1
4
39
5
3
3
71
2
5
3
35
2
3
2
6
1
1
1
34
4
1
2
35
1
2
3
2
5
7
4
13
9
7
3
14
10
3
2
26
1
2
3
63
4
2
1
10
1
5
1
12
5
4
2
5
2
2
3
34
1
3
4
28
8
7
4
54
9
2
2
22
3
7
4
34
8
4
2
28
3
7
2
47
1
2
3
10
6
7
4
68
10
2
4
25
1
1
2
5
1
5
3
4
17
5
3
6
2
2
3
67
35
3
1
33
5
3
3
27
16
1
2
54
2
7
3
42
2
3
3
5
4
1
2
34
2
1
2
61
3
3
3
13
3
7
1
31
17
5
1
53
1
1
3
31
20
2
3
8
5
3
1
40
2
4
4
32
14
2
1
18
15
2
1
3
8
7
3
17
5
5
2
17
1
3
2
35
3
1
4
30
4
1
1
67
3
2
2
49
1
3
3
14
12
4
1
32
1
2
1
66
1
1
3
43
7
3
1
2
2
5
3
4
24
1
1
26
3
2
1
8
6
3
3
68
15
5
4
29
3
4
2
1
1
4
2
7
1
3
1
5
2
1
4
2
11
5
3
61
8
1
3
26
12
5
1
39
3
1
3
38
5
4
3
7
1
5
4
27
8
3
4
8
9
5
1
60
1
1
4
36
10
3
2
4
1
5
1
39
2
4
3
38
3
1
2
8
2
5
1
68
1
4
2
36
2
3
4
10
18
2
3
60
2
7
1
36
3
1
4
1
13
6
3
16
8
2
2
10
2
4
4
12
10
6
2
14
1
4
2
14
2
6
4
22
6
4
2
45
2
6
3
31
5
1
2
9
3
3
4
33
3
1
2
37
4
4
1
3
9
4
2
3
2
6
3
18
1
4
3
22
1
6
2
25
3
7
2
63
3
6
2
41
3
7
1
52
2
6
4
4
26
7
4
35
4
1
4
17
20
4
1
49
2
1
3
33
8
3
2
1
3
6
3
1
2
4
1
34
8
5
4
29
15
1
3
6
5
7
4
23
24
1
3
44
6
5
3
15
6
7
4
35
2
7
3
37
3
6
2
45
4
6
4
16
8
4
4
15
8
3
2
13
1
5
3
16
3
4
1
60
2
2
1
38
3
6
1
2
4
4
1
40
1
3
1
4
5
7
2
31
2
6
4
54
10
6
4
28
11
2
1
63
2
5
3
47
1
3
4
67
12
7
4
71
5
2
3
29
8
7
2
40
1
3
4
44
13
7
3
41
3
3
1
44
1
4
1
43
3
4
1
14
2
7
4
3
8
7
2
29
1
3
3
52
17
1
4
34
2
5
1
28
2
6
4
36
1
2
4
53
5
4
3
27
7
3
3
12
1
2
2
29
2
2
2
10
3
3
1
38
1
7
3
2
1
5
1
37
2
4
3
22
8
7
4
31
17
3
1
49
1
7
2
7
2
2
1
33
1
3
4
13
16
2
3
60
11
2
2
60
4
3
4
52
21
6
2
53
3
3
4
12
3
6
1
65
1
1
4
15
5
3
2
44
3
4
4
26
9
3
2
61
1
1
3
42
1
5
2
9
2
2
2
32
4
5
2
71
1
6
1
22
2
3
3
30
15
3
1
28
3
1
2
39
4
6
3
36
13
1
4
42
2
6
1
45
2
1
2
36
3
7
4
9
9
5
1
12
15
3
2
18
3
1
3
39
10
1
1
13
5
4
1
29
2
7
1
8
17
1
1
11
12
4
1
30
18
2
4
38
6
2
2
42
4
4
1
16
2
3
3
9
30
2
2
33
2
7
2
68
1
4
4
43
4
3
4
42
4
4
3
52
10
6
2
49
3
6
2
31
4
2
1
67
2
2
4
63
12
1
2
27
1
2
2
23
3
4
1
22
3
2
2
11
2
3
1
7
8
1
3
11
3
3
4
52
3
3
1
54
2
2
1
37
1
5
2
12
3
1
4
14
2
7
3
17
8
3
2
41
1
5
1
16
7
7
2
42
2
7
2
30
5
2
3
66
3
2
2
38
2
2
3
44
4
5
3
9
23
4
3
25
8
3
4
10
15
3
2
53
2
5
2
22
1
6
1
41
2
7
1
29
1
5
4
61
8
4
3
63
10
7
4
66
5
2
3
43
4
6
1
17
13
4
3
45
4
2
2
63
2
3
4
11
25
1
1
15
1
6
2
60
2
3
2
65
1
1
2
6
3
6
1
27
3
4
3
29
19
2
3
34
11
1
4
61
6
5
1
71
1
7
2
43
1
2
3
7
5
5
1
71
3
2
4
44
11
6
4
22
14
2
2
2
3
5
1
42
2
4
1
26
1
4
1
10
4
7
1
36
1
4
1
5
1
4
3
47
10
1
4
60
8
5
2
26
3
3
4
66
6
4
2
44
2
5
1
68
3
6
1
55
1
4
4
47
6
7
1
44
4
1
3
3
7
3
2
12
2
7
4
17
16
2
3
39
7
6
1
17
7
2
2
25
1
3
2
16
1
7
3
26
2
7
1
7
9
7
1
61
3
7
2
55
3
6
2
30
1
4
1
23
1
1
4
18
7
3
3
10
26
2
4
49
8
6
1
32
5
7
4
41
4
6
2
23
1
4
4
18
14
2
3
37
5
6
4
7
7
4
4
16
4
1
3
55
9
2
2
67
1
1
3
23
9
7
3
32
9
4
4
37
2
3
4
55
10
4
4
68
25
5
4
63
2
5
1
4
8
4
4
2
10
5
4
37
8
6
3
67
2
7
3
25
7
1
3
53
3
5
4
25
4
2
2
15
2
2
3
28
6
3
1
14
1
6
4
6
19
5
4
67
33
5
1
27
2
7
1
54
1
7
3
5
5
1
2
34
1
5
3
61
9
6
3
36
12
2
4
71
6
4
2
8
1
2
1
53
2
5
1
55
2
7
4
41
1
1
3
12
2
1
3
23
15
7
2
28
2
3
3
41
4
3
4
26
5
1
4
8
17
4
3
28
14
2
4
45
7
4
3
11
12
5
4
30
6
4
3
54
2
4
3
65
10
5
4
5
25
1
2
13
3
7
2
18
2
7
3
71
3
5
4
11
15
6
4
9
31
3
2
67
2
5
2
54
1
4
2
3
1
5
4
43
10
7
1
35
2
5
1
9
4
5
1
31
12
6
1
30
14
2
3
66
8
6
1
43
1
4
4
7
8
2
4
40
1
1
4
31
25
1
1
1
2
4
4
3
16
7
4
1
10
5
1
47
3
6
1
61
1
4
2
17
3
1
2
33
1
5
2
71
3
5
3
40
1
5
3
40
5
1
3
68
9
3
4
4
4
2
1
47
1
5
1
11
10
5
3
49
2
5
2
38
1
7
1
6
2
7
2
47
4
6
4
47
11
4
2
39
1
5
1
13
3
3
4
33
9
4
2
55
1
2
3
3
4
5
1
1
1
2
1
35
3
6
4
45
8
7
4
23
1
1
4
65
2
3
4
39
7
6
4
49
5
3
3
32
3
1
4
40
8
3
4
55
5
1
2
37
3
5
4
14
11
1
1
18
8
5
1
63
1
4
2
16
2
1
3
35
6
4
1
45
1
5
2
4
3
7
1
23
3
5
2
11
3
6
3
53
4
5
2
66
3
2
2
40
2
4
3
55
6
3
3
18
16
2
1
42
1
2
3
33
22
7
4
60
3
5
2
52
7
1
1
52
3
4
1
25
1
6
3
54
1
3
4
6
12
3
3
45
6
6
4
32
10
6
4
38
9
3
2
65
2
5
3
1
9
7
