1
33
8
1
3
1
6
6
3
31
12
5
3
53
7
2
1
53
2
5
1
49
1
7
3
32
2
7
4
4
15
6
4
14
1
2
3
52
6
3
1
7
6
5
4
10
7
2
2
23
2
7
4
12
5
7
2
3
3
2
2
41
2
1
2
13
2
7
4
71
3
4
2
61
1
5
4
16
8
2
1
55
1
3
1
39
1
5
1
30
9
2
3
52
3
1
1
38
2
4
3
27
14
3
4
14
24
3
2
68
3
7
3
42
1
2
4
37
3
2
4
31
10
4
2
2
2
6
3
11
11
4
1
18
4
3
1
4
7
6
4
61
1
3
1
17
10
3
4
28
4
2
1
53
1
2
3
55
4
4
1
60
2
2
4
23
9
3
4
35
1
5
1
43
1
5
4
17
13
4
3
68
14
5
1
34
2
7
4
2
9
6
4
27
8
6
1
11
4
7
2
45
2
4
3
17
2
7
1
42
1
3
3
13
9
4
4
8
17
6
1
15
2
3
3
3
10
2
3
54
2
1
1
66
2
5
1
47
3
4
2
4
1
7
1
35
4
3
3
34
4
5
4
7
5
5
3
41
2
2
3
2
9
2
1
45
2
4
4
12
2
6
4
34
9
6
1
61
3
6
4
41
3
1
1
45
1
6
1
10
4
5
1
68
1
6
1
41
2
4
2
52
4
7
4
63
12
2
4
38
9
1
3
2
11
3
1
39
3
7
3
65
2
3
4
1
14
6
4
34
3
7
1
14
17
3
1
27
2
3
1
71
3
5
2
47
4
6
1
28
3
4
4
47
2
1
3
45
7
4
2
30
2
2
1
16
5
7
2
17
3
1
2
66
3
5
3
9
13
5
2
7
3
1
4
41
2
7
4
9
10
3
4
13
7
7
4
37
9
5
4
31
5
7
4
55
3
4
2
26
3
5
3
67
24
3
1
2
6
4
4
55
9
2
3
11
24
7
3
35
4
7
3
23
3
2
4
60
7
1
4
5
11
7
2
12
1
2
4
8
7
4
2
38
3
7
3
36
5
5
1
10
5
4
1
3
5
3
1
35
2
2
4
42
4
3
1
37
1
2
3
63
12
1
3
29
19
2
1
36
3
1
1
4
1
6
3
41
1
6
2
10
1
3
3
61
11
1
2
34
3
6
3
7
1
2
2
17
1
2
2
27
3
2
4
18
27
6
1
25
2
6
4
15
12
7
1
26
1
5
4
22
10
2
3
6
2
4
4
36
11
7
2
35
2
3
2
43
1
6
2
12
3
6
4
43
8
4
1
34
3
5
3
15
8
6
2
6
3
5
3
14
21
3
4
28
12
7
4
2
7
6
2
66
2
2
4
6
27
4
3
4
22
6
3
28
5
3
3
14
25
1
1
32
1
6
2
32
4
3
2
5
1
2
2
8
2
2
4
39
3
1
3
40
3
3
3
3
9
6
1
12
15
7
4
29
13
7
1
55
2
6
3
40
6
6
2
9
1
4
4
18
17
6
1
8
4
6
1
67
3
7
4
11
14
7
1
14
13
6
1
44
3
6
2
28
1
3
1
37
2
5
1
5
1
1
3
49
8
7
3
29
17
7
3
31
8
7
4
9
15
4
4
65
4
4
3
12
6
3
4
16
12
7
4
42
5
3
2
29
2
5
4
26
6
4
3
68
2
1
1
42
2
1
2
52
3
2
4
3
4
2
3
39
2
1
3
18
8
3
4
30
1
6
3
8
2
2
2
11
2
6
3
49
4
1
4
29
15
1
2
35
3
7
3
26
4
4
4
67
9
6
4
65
10
6
3
30
5
5
4
36
3
5
2
40
3
7
3
16
8
2
4
3
9
5
3
42
4
6
1
52
1
7
1
29
1
7
2
7
2
6
3
66
5
7
1
54
1
5
2
63
1
5
1
44
1
3
2
60
1
5
4
40
7
1
2
39
3
1
1
28
2
6
2
28
3
7
1
15
1
1
4
25
3
7
1
30
10
1
1
29
2
4
3
10
11
5
2
1
3
1
2
60
4
7
3
37
3
4
2
29
1
1
2
11
3
1
2
34
1
1
4
44
17
5
2
68
2
5
1
9
5
6
2
25
3
2
1
36
2
7
4
11
5
3
4
66
2
7
4
54
5
7
2
32
1
3
3
61
3
2
4
54
7
1
3
66
9
3
4
22
7
2
3
26
9
2
3
10
7
5
1
66
1
2
4
13
2
7
4
4
6
2
4
66
3
7
1
40
2
6
1
12
5
2
2
13
1
6
3
8
6
2
1
43
3
5
2
67
2
5
2
23
3
7
3
44
2
6
3
43
6
7
2
27
2
7
2
65
4
5
2
33
3
5
1
11
12
2
1
32
2
2
3
7
5
3
2
55
3
3
3
33
15
1
2
9
3
1
1
17
9
7
2
33
2
2
3
16
4
4
2
71
3
2
2
16
2
2
2
54
1
5
3
44
10
6
2
4
3
4
3
17
16
6
3
25
8
3
4
61
5
2
3
37
1
4
2
16
1
1
4
32
14
5
1
18
13
7
3
53
5
7
4
33
6
7
1
47
2
5
2
14
2
5
1
33
6
1
3
13
2
4
1
8
9
1
4
53
11
6
3
67
14
7
3
71
1
1
4
25
6
7
1
65
2
7
1
6
2
5
1
23
1
6
3
43
1
6
2
37
2
6
4
30
8
6
3
34
9
7
3
60
11
7
2
55
2
6
3
4
1
2
1
41
3
2
2
18
2
5
4
39
1
5
3
28
1
6
1
1
2
4
4
43
2
5
2
54
2
3
3
1
7
5
1
5
2
1
2
47
2
1
4
27
5
2
2
40
4
2
4
67
35
5
4
71
5
6
3
55
13
7
2
61
2
3
2
37
3
4
2
53
2
6
2
30
4
6
1
54
2
6
4
23
23
5
2
3
2
1
2
36
5
3
3
54
1
4
2
67
1
7
2
22
1
7
3
38
11
3
3
22
5
4
4
17
9
2
2
44
4
3
3
47
5
5
1
16
4
7
3
9
3
7
2
6
2
6
2
15
1
5
1
63
1
2
4
1
5
5
2
15
3
2
3
45
1
6
2
26
1
6
1
31
1
7
1
13
9
6
3
38
10
4
3
39
6
5
2
31
3
3
2
43
4
5
2
5
2
3
3
23
4
6
2
39
2
1
1
68
2
4
4
45
1
1
2
45
3
7
4
32
3
1
3
63
2
7
1
40
3
6
3
5
1
1
4
45
5
1
2
42
4
5
4
38
6
3
2
8
1
5
4
33
11
1
1
9
11
7
1
23
3
2
3
6
4
4
4
68
19
5
2
63
3
7
1
67
1
5
2
53
1
3
2
22
2
2
1
22
3
3
1
22
1
4
3
15
12
2
2
10
3
3
4
15
11
5
3
71
4
1
3
18
13
7
3
36
10
1
2
42
1
2
3
60
10
1
3
30
3
1
1
61
2
3
2
1
1
1
4
5
9
1
2
49
4
7
4
10
31
6
1
27
3
5
2
36
4
5
4
63
5
2
2
65
1
3
3
5
3
5
4
40
8
2
3
47
1
2
1
65
1
6
1
60
1
5
2
71
1
6
3
32
7
2
4
68
1
7
4
44
19
7
1
25
3
1
2
2
3
4
3
27
1
6
1
6
1
1
4
49
7
6
4
6
28
6
4
53
9
3
1
52
2
3
2
25
1
7
4
60
2
3
4
7
7
3
2
38
1
7
2
14
3
4
4
47
1
6
1
71
1
1
1
3
7
2
3
35
2
1
1
31
13
7
2
31
5
1
1
1
1
1
4
52
12
4
1
2
4
2
1
63
2
7
4
26
2
3
4
52
18
4
2
18
4
4
3
25
4
6
3
12
7
5
2
49
2
4
3
22
1
6
1
13
3
6
1
7
1
5
1
26
2
3
1
38
1
5
2
41
3
4
1
49
2
6
2
44
1
7
3
33
16
2
4
49
2
5
3
65
1
6
4
35
3
3
