2
4
3
5
2
45
3
6
1
31
13
1
4
68
8
4
2
18
4
7
3
68
12
6
1
37
2
3
4
38
8
2
3
1
2
3
2
28
1
1
2
29
3
6
1
53
1
4
1
30
17
5
3
11
7
3
3
28
14
4
3
7
5
5
4
36
10
7
3
47
3
3
3
4
7
2
2
29
2
3
4
71
5
5
2
7
1
5
4
17
4
7
2
53
3
2
1
68
3
6
3
23
3
3
2
35
2
1
1
68
1
4
4
25
9
6
2
3
2
3
1
6
2
4
1
16
4
5
2
67
1
6
3
8
7
3
2
44
3
2
3
30
16
2
4
27
9
1
2
11
3
5
2
52
7
1
1
36
2
5
3
13
5
7
2
7
3
3
4
6
31
7
3
35
5
7
1
14
3
2
3
3
10
6
2
1
2
1
4
9
28
2
4
26
3
5
4
42
5
5
3
32
1
3
1
54
3
7
1
5
1
1
4
4
6
3
2
71
2
1
2
9
2
7
2
10
2
7
3
4
18
7
3
16
5
7
4
42
1
6
2
34
3
3
1
23
3
5
4
43
6
3
2
32
2
7
2
31
1
4
1
33
4
4
3
32
3
7
3
1
6
6
2
60
1
2
2
37
4
3
3
49
3
4
1
7
1
3
2
60
3
5
3
27
8
4
2
26
1
6
3
37
8
4
2
38
3
7
3
34
6
2
4
11
4
1
1
10
5
1
4
10
10
3
3
61
9
1
2
12
2
7
2
61
2
4
3
16
1
6
2
68
1
7
1
27
3
7
1
35
4
5
1
18
2
4
1
5
2
3
4
45
8
7
2
52
4
5
1
41
1
4
2
61
3
4
3
53
1
1
4
23
18
4
2
68
3
6
3
55
14
5
3
43
1
4
1
55
1
7
1
32
3
5
3
10
9
2
3
31
20
6
2
2
2
2
4
37
10
7
3
10
15
6
2
55
1
4
1
52
2
2
3
40
6
7
4
60
3
2
1
55
2
1
3
41
2
5
2
55
3
6
3
52
11
1
4
8
10
1
1
26
3
7
4
45
1
3
3
71
5
6
3
39
8
5
2
43
3
6
2
36
4
3
1
22
1
4
2
40
1
5
2
47
1
7
3
35
7
2
2
10
1
3
4
41
4
4
2
49
1
4
4
71
1
1
3
33
9
4
2
42
3
5
3
31
11
7
1
29
3
3
2
6
3
4
2
17
3
5
2
65
2
4
3
18
18
6
2
30
3
7
4
61
5
3
2
63
3
2
4
28
13
2
4
3
8
1
3
15
10
7
4
17
11
6
1
15
2
5
4
18
6
1
2
39
1
7
4
22
19
7
4
39
3
5
3
5
2
1
2
8
3
4
2
71
3
2
1
35
3
2
2
37
2
2
1
37
1
6
4
18
3
2
3
54
2
6
3
63
7
6
3
37
2
6
4
67
8
4
1
42
2
7
2
63
1
7
3
2
9
1
4
7
3
2
2
1
1
6
1
9
1
5
3
63
11
6
2
14
1
7
3
68
2
7
3
65
6
5
1
49
2
3
1
11
1
5
3
52
13
4
3
39
9
4
1
63
2
6
2
27
1
4
1
40
3
7
1
71
1
6
4
22
17
4
4
32
13
1
4
1
12
6
3
26
12
3
4
44
9
6
4
63
5
6
3
28
8
2
3
25
9
7
4
16
3
5
3
44
3
5
2
34
2
2
2
54
2
6
4
52
4
6
2
40
4
5
4
16
2
3
3
38
6
7
3
14
14
4
4
53
15
7
4
4
21
5
1
31
2
4
2
13
3
1
1
53
2
1
3
8
15
7
3
42
3
1
2
65
4
2
4
14
34
1
2
23
1
6
4
30
4
7
1
63
1
7
4
55
3
4
1
15
1
4
3
9
10
4
3
71
4
1
1
3
3
1
1
52
1
6
1
41
2
7
4
63
1
6
2
17
1
1
1
13
2
7
3
17
6
2
1
25
1
6
1
16
2
3
4
9
5
4
2
33
3
5
1
33
7
5
2
14
3
2
3
45
5
3
1
38
3
3
4
54
9
1
4
68
19
5
1
22
2
7
1
12
14
3
1
36
3
3
4
40
3
7
4
15
24
4
1
14
8
1
4
12
1
6
2
6
2
4
2
27
3
3
4
36
13
3
2
26
2
1
1
30
18
3
4
11
17
3
1
61
3
3
4
2
12
4
1
28
3
2
1
1
2
5
4
65
14
7
1
61
1
7
1
44
4
5
1
27
2
3
4
66
6
4
4
1
3
6
3
14
21
4
2
44
4
5
1
39
3
1
1
10
7
4
3
6
1
1
4
13
1
4
4
47
12
5
2
47
3
1
4
31
11
5
1
25
3
6
3
36
1
2
1
32
6
3
4
52
8
2
1
2
2
4
3
2
2
5
3
41
4
3
3
43
4
3
3
40
1
4
4
8
11
3
2
22
2
3
1
65
1
1
3
11
14
1
2
41
4
1
4
66
2
3
2
32
1
2
1
34
6
3
2
67
2
4
3
38
7
2
1
17
9
1
2
36
2
4
4
44
8
1
4
40
5
1
3
9
1
6
3
47
5
5
4
38
5
5
4
5
25
4
4
29
2
3
1
8
4
6
4
41
3
7
1
54
2
2
2
25
1
5
1
11
10
6
3
60
10
7
1
12
16
2
4
35
4
6
3
3
2
1
1
49
1
7
4
30
5
2
1
28
1
4
4
26
12
1
2
5
1
4
2
38
1
4
1
44
3
7
1
47
3
3
4
32
7
7
3
27
10
4
2
66
3
7
2
28
3
4
3
5
5
1
4
3
14
7
2
11
2
7
2
31
3
2
1
4
6
1
4
7
7
7
4
2
13
1
4
33
11
3
1
45
1
6
4
37
13
3
4
61
2
3
1
17
8
7
3
29
7
4
4
23
23
2
2
3
1
3
4
54
7
7
1
71
2
6
1
43
3
5
1
29
1
4
1
38
1
3
4
60
5
1
4
14
17
2
1
8
9
5
2
22
3
7
3
36
6
3
1
42
1
6
3
30
4
5
1
2
1
1
2
49
2
1
3
55
5
1
3
13
7
1
4
53
2
3
2
25
3
4
2
45
1
5
2
43
1
6
4
6
25
3
4
65
8
5
3
67
38
1
1
23
1
4
3
66
6
1
4
49
1
2
4
39
6
2
2
8
1
1
1
4
2
5
2
42
2
7
3
12
3
5
2
16
2
1
3
29
1
2
1
66
3
1
2
16
1
7
2
12
1
6
4
29
1
5
2
54
1
5
1
47
1
5
3
45
2
5
3
67
20
1
2
66
1
5
4
25
6
3
3
44
9
1
4
5
23
6
2
15
2
1
1
3
4
2
4
33
10
5
1
34
1
6
2
2
1
2
3
23
8
2
3
12
7
1
3
60
17
7
2
41
5
3
3
22
9
1
4
10
6
5
3
65
20
7
3
22
6
1
4
15
5
2
1
43
1
5
4
12
2
1
1
65
2
5
2
5
2
1
1
66
1
1
3
34
3
3
4
35
3
7
1
26
1
1
3
54
1
1
2
23
2
3
3
6
3
2
4
34
6
7
1
67
1
2
1
18
4
2
3
49
8
6
4
13
16
4
1
60
1
2
3
18
3
3
4
47
8
1
1
39
4
2
2
33
1
3
2
13
2
5
1
1
1
1
1
9
8
3
2
53
1
2
3
15
14
5
2
15
3
4
4
28
12
6
3
7
3
1
2
35
1
4
2
4
2
5
3
42
1
4
3
17
16
4
4
34
14
4
3
66
7
2
3
33
18
7
1
6
1
5
4
55
1
7
2
9
3
3
2
18
2
6
1
45
2
5
4
49
7
1
3
61
4
4
1
67
3
5
4
43
8
5
4
27
3
5
3
26
6
6
3
25
4
7
1
60
2
6
4
67
23
4
2
30
5
5
3
53
4
1
2
39
4
2
4
31
3
4
1
7
6
4
1
40
1
7
1
13
6
5
