4
66
5
4
1
2
3
2
2
27
3
7
3
2
7
6
2
49
3
4
4
60
6
7
1
26
1
7
3
32
4
1
4
26
12
3
2
39
1
7
1
54
1
2
3
55
14
1
2
5
1
6
3
55
4
2
1
44
3
6
2
42
2
7
3
34
6
7
2
66
2
7
2
29
3
4
4
41
2
2
3
36
15
4
3
28
5
2
2
40
2
5
1
7
2
7
1
43
2
6
1
60
2
1
1
68
1
3
1
4
5
1
4
42
3
7
3
7
4
1
1
27
1
5
3
23
9
3
4
23
20
6
4
44
15
1
4
11
6
4
2
63
2
4
4
17
20
5
1
37
1
3
4
26
5
5
4
38
7
3
1
17
3
7
2
61
3
5
2
17
2
2
4
27
3
4
3
1
6
4
4
39
3
1
4
32
6
2
4
22
12
6
4
61
12
5
1
27
2
3
3
13
2
1
1
39
3
3
1
65
1
7
3
43
6
6
2
6
2
2
1
11
5
7
2
38
4
5
2
8
1
7
1
29
3
3
3
54
1
6
1
23
1
2
3
60
13
1
2
14
3
4
1
5
2
4
4
25
8
6
2
67
1
5
2
29
2
3
4
37
12
5
1
66
3
5
1
52
1
2
4
43
6
1
1
6
2
3
1
12
13
5
4
35
5
6
2
49
1
4
1
38
2
4
2
14
2
3
2
31
3
6
2
71
2
5
4
55
9
5
3
49
5
2
4
7
9
5
3
52
8
1
2
71
1
7
3
44
5
1
2
55
3
7
3
1
9
5
1
32
3
3
3
68
13
2
4
30
3
3
1
33
3
1
4
31
26
1
1
32
1
7
3
43
1
1
4
2
4
7
3
38
10
5
1
39
1
1
4
25
4
1
1
23
2
5
4
27
11
3
4
36
11
4
3
41
1
7
2
27
1
4
2
45
4
2
2
33
2
2
4
47
14
1
1
28
2
4
2
32
1
6
2
12
2
4
3
42
2
4
1
2
4
7
3
52
4
2
3
5
3
5
1
38
3
5
2
63
3
4
4
14
29
5
4
10
22
4
4
28
6
6
3
18
14
6
3
12
7
3
1
37
2
5
2
1
1
5
4
31
21
6
1
9
8
6
1
52
2
2
3
17
8
2
1
43
1
5
4
65
11
2
4
53
4
2
4
11
30
2
4
40
8
1
3
65
18
4
1
9
4
5
1
6
1
5
4
41
1
2
1
8
2
5
1
18
2
6
2
9
3
1
3
35
2
4
3
61
5
5
2
11
3
3
3
30
7
6
2
34
1
7
2
60
4
7
4
52
11
5
2
44
4
7
1
44
1
3
3
65
19
7
1
36
3
1
2
67
2
2
1
25
2
7
2
2
2
2
2
37
2
7
3
27
17
7
2
53
1
1
2
18
1
5
3
61
4
4
4
28
11
6
3
28
7
6
1
25
1
6
4
7
1
6
1
68
3
6
3
9
21
6
1
16
5
2
1
45
1
1
3
41
4
3
3
37
1
4
4
29
12
2
2
9
1
2
1
22
2
6
4
34
3
3
4
47
6
6
4
49
5
5
2
43
2
5
4
13
5
7
1
10
1
7
3
22
6
4
2
33
3
7
2
35
3
6
3
71
1
2
1
13
2
3
4
10
30
2
4
54
1
5
4
8
16
2
4
23
24
4
1
40
1
2
3
4
12
6
1
5
1
7
3
53
1
5
3
71
3
4
4
60
1
4
3
7
2
1
4
36
12
4
1
34
5
4
2
5
2
3
2
28
3
6
3
66
1
5
2
43
3
4
4
3
10
1
1
18
14
2
3
63
9
6
4
40
2
5
1
49
1
4
3
35
3
5
3
4
8
2
1
31
3
4
3
14
23
5
4
32
11
4
3
67
1
3
3
3
6
3
3
37
9
2
3
11
19
3
1
42
1
1
4
9
30
3
2
47
1
1
2
66
1
7
1
67
2
2
2
31
4
2
2
10
3
1
1
17
9
7
4
3
22
1
3
36
4
3
4
13
12
6
2
2
3
4
2
25
3
4
3
31
30
5
4
33
11
6
3
15
9
5
1
31
15
7
1
49
2
4
4
68
6
4
2
4
2
6
3
3
9
3
4
8
11
4
4
43
3
4
2
3
2
4
2
30
3
7
1
7
5
6
3
10
2
2
2
23
3
2
4
55
3
5
4
4
11
6
3
39
3
7
2
11
2
2
3
14
11
6
4
37
4
3
4
68
20
1
2
25
1
2
2
13
3
6
1
47
1
3
1
33
5
5
4
16
11
1
2
41
2
3
1
30
16
6
4
6
14
1
3
23
15
3
2
12
1
6
2
65
1
2
3
27
8
1
1
53
1
2
1
45
2
5
3
16
2
6
3
45
6
2
2
39
4
4
3
33
22
7
2
16
3
5
1
28
1
4
2
44
3
5
1
16
3
3
1
55
1
3
4
34
8
7
1
11
8
6
1
14
13
5
3
25
1
5
4
16
2
1
1
54
3
6
2
7
1
4
3
49
1
5
2
41
1
2
4
35
4
6
2
15
3
3
1
60
1
7
2
68
3
7
1
71
1
6
2
37
3
2
2
3
3
2
2
36
3
1
2
45
2
3
1
34
3
5
4
44
13
1
2
65
4
1
2
15
1
7
1
15
2
5
4
6
1
4
1
29
2
7
4
5
15
2
2
53
3
6
3
6
4
2
2
52
2
6
2
4
1
7
1
3
3
7
3
60
6
1
4
63
1
5
3
29
19
7
1
55
2
1
3
67
28
6
4
39
2
3
2
42
3
4
2
26
2
3
4
1
7
6
4
4
1
4
3
44
1
7
2
54
2
4
3
25
3
7
2
1
2
4
2
13
1
2
3
5
2
7
3
17
16
6
1
14
21
1
4
5
11
6
3
53
3
4
4
52
13
7
4
53
9
7
2
36
5
3
4
18
24
7
4
71
2
7
3
42
1
4
3
40
5
7
1
30
13
2
4
1
9
1
3
2
5
1
2
38
2
6
4
65
7
5
1
61
2
2
3
9
28
1
2
17
1
7
1
47
3
3
2
32
2
4
1
26
2
7
2
18
3
4
3
39
6
7
3
54
2
2
1
63
2
1
4
38
3
1
1
1
3
2
4
42
4
6
2
22
2
6
3
10
10
1
4
18
7
2
4
49
4
2
3
29
5
1
2
8
2
4
3
16
1
7
1
13
9
3
1
63
1
3
3
34
8
7
2
7
3
5
1
4
8
6
1
53
2
3
2
54
1
2
1
15
3
7
3
68
11
2
2
47
4
7
4
33
9
7
2
55
1
7
1
12
15
5
3
26
12
6
2
68
2
3
3
13
9
5
3
47
6
7
4
12
7
3
4
45
11
6
4
15
8
1
3
12
6
2
3
31
19
4
1
40
3
1
3
11
7
7
3
8
13
3
3
66
7
1
4
30
1
6
1
8
1
1
2
10
2
2
3
40
6
3
3
8
11
6
1
65
2
5
4
67
15
7
4
12
8
2
2
52
6
4
1
22
3
4
1
10
3
2
4
63
5
5
4
29
1
6
2
6
3
4
3
45
1
4
2
34
2
7
1
67
3
3
2
22
3
1
1
35
3
4
3
47
3
4
4
17
8
5
1
1
2
4
4
45
14
7
3
38
7
1
4
66
3
3
2
23
1
5
2
28
2
3
3
6
2
2
4
71
4
7
1
3
9
5
2
60
1
6
4
15
15
3
2
61
1
2
3
63
13
4
2
26
4
5
4
61
11
4
4
67
11
3
3
15
14
5
2
35
2
6
4
2
7
7
4
14
28
3
2
16
2
5
1
71
2
1
1
41
3
7
1
42
2
1
4
22
18
3
2
30
1
2
1
35
2
5
3
32
3
6
1
66
2
3
3
33
15
3
1
61
1
1
3
26
2
2
2
40
3
4
1
36
1
5
4
9
17
7
3
18
18
5
4
54
7
1
3
22
7
1
3
30
19
3
1
41
1
6
