2
30
3
2
1
16
3
3
1
30
5
7
2
28
1
2
3
49
2
6
1
16
2
5
4
30
1
2
4
4
25
4
4
3
22
4
4
18
26
2
2
7
1
6
2
2
1
7
1
4
6
5
2
29
1
7
4
15
3
2
3
9
6
4
2
44
2
6
4
4
3
2
3
18
17
5
3
38
8
7
2
14
1
1
4
10
10
4
3
42
2
1
1
43
2
2
1
35
3
6
4
41
1
4
3
67
26
1
1
49
1
6
1
65
2
1
4
26
1
6
3
12
6
3
1
9
11
5
2
36
4
3
2
49
3
5
1
40
2
2
3
3
6
7
4
39
2
1
3
16
4
4
2
12
1
2
1
42
1
3
4
13
6
4
2
63
1
3
4
2
12
3
2
13
3
5
3
26
11
3
4
49
7
1
1
8
11
2
2
61
2
1
4
5
7
6
2
17
3
7
3
8
6
6
3
25
7
4
2
42
4
5
3
6
2
7
3
36
14
6
3
9
23
1
1
1
3
7
3
63
5
3
4
6
13
4
1
4
8
6
1
44
3
7
3
32
9
5
3
31
7
6
4
52
4
6
1
18
1
5
1
29
1
3
1
30
8
4
4
43
11
5
1
5
2
4
2
6
3
5
2
61
1
2
2
22
2
3
3
3
7
3
3
6
6
5
1
37
2
2
3
22
1
4
1
35
1
5
2
33
3
1
1
39
2
5
2
14
2
4
4
47
4
5
2
60
1
6
1
26
3
1
3
27
6
7
4
63
10
7
4
60
9
7
1
34
4
7
3
71
3
3
4
30
5
1
4
1
3
1
3
41
4
1
3
45
3
6
2
33
2
7
1
38
2
2
1
15
3
2
2
66
1
6
3
47
5
7
2
18
1
4
1
13
3
2
1
11
10
7
4
9
1
2
3
61
8
7
1
33
6
4
2
39
1
3
1
32
7
7
1
43
1
2
2
55
3
6
3
14
11
5
4
25
4
1
2
13
2
7
4
18
18
6
3
43
5
5
4
16
10
5
4
13
16
1
4
65
4
1
2
44
4
7
4
5
13
3
4
9
3
1
3
36
4
6
4
22
19
7
1
71
2
1
2
17
1
4
3
67
37
1
4
35
1
3
2
36
2
1
2
25
2
2
3
11
18
1
3
4
1
5
1
34
2
6
2
5
1
2
2
68
2
3
2
3
1
5
4
23
13
1
4
3
4
5
2
6
2
6
2
10
1
2
3
10
1
4
3
13
2
2
4
31
11
6
3
30
21
6
3
47
6
3
4
53
2
4
2
40
2
4
3
27
14
2
1
6
1
5
3
23
18
1
1
17
1
5
2
53
3
3
1
10
4
2
1
41
1
1
1
53
2
6
3
55
1
4
3
29
18
6
3
39
2
5
1
47
3
6
1
27
1
5
3
23
19
3
2
38
2
6
3
66
2
6
4
49
6
6
1
31
5
3
3
15
4
6
3
28
11
1
3
55
3
7
2
49
4
7
2
16
3
7
4
71
3
1
2
31
3
3
3
35
6
3
3
65
6
3
3
5
5
3
1
65
1
3
4
8
12
5
4
60
3
3
3
11
15
7
4
29
5
2
3
34
7
7
3
8
20
3
1
45
1
3
2
15
2
6
4
66
1
6
4
61
12
4
1
10
7
5
3
17
14
7
2
32
4
6
4
32
11
1
3
32
6
5
2
39
4
4
3
44
7
5
4
27
8
3
4
1
7
4
4
45
5
6
1
31
17
6
4
68
19
6
2
23
1
3
1
18
11
7
4
33
6
4
1
36
3
6
4
22
12
1
4
14
33
2
2
65
3
4
4
47
3
7
3
54
1
7
1
6
2
4
4
34
14
5
1
38
1
7
4
8
9
1
1
7
4
5
2
8
2
3
1
44
2
7
2
52
2
4
2
65
2
3
4
44
14
4
1
9
1
1
1
28
1
1
2
5
3
3
3
22
2
3
4
66
6
6
4
44
19
5
2
63
2
1
1
63
2
6
1
54
2
1
4
52
2
3
2
53
1
7
1
12
9
1
1
8
5
1
2
23
2
3
4
42
4
4
3
65
4
7
4
25
6
3
3
53
6
3
4
29
6
4
3
34
5
5
3
12
2
5
3
13
3
1
1
12
6
1
3
7
1
4
2
7
2
6
1
3
4
1
1
47
2
7
4
67
30
1
1
60
2
7
3
17
10
7
3
44
3
3
2
18
2
4
2
37
4
1
1
25
2
1
1
7
9
6
1
2
2
1
1
36
2
3
2
9
2
6
2
35
3
1
2
1
1
4
2
10
2
4
4
10
15
3
4
35
4
6
4
65
14
1
1
22
1
1
4
2
7
3
4
45
12
1
1
15
5
4
4
43
3
1
1
55
2
2
4
7
9
7
3
16
5
7
2
34
2
2
1
17
12
2
3
49
7
4
4
67
12
2
2
55
2
2
1
32
2
1
1
41
2
6
1
61
3
1
2
16
1
2
4
32
12
1
3
53
7
6
2
66
2
6
3
68
10
6
4
37
3
4
2
3
3
5
1
28
3
2
4
38
2
4
3
7
4
5
4
17
16
4
4
38
9
7
3
60
9
1
3
37
11
4
4
33
9
1
1
67
1
5
2
67
2
3
1
66
3
3
1
66
2
1
4
61
7
5
1
53
1
2
2
52
5
5
4
26
6
3
2
45
4
2
3
5
4
4
3
2
9
2
1
1
2
2
2
4
1
7
4
68
22
6
4
27
12
6
2
27
1
1
1
49
2
3
2
26
2
5
4
28
11
5
4
71
5
4
4
34
3
4
1
68
2
5
1
29
2
1
4
12
8
6
2
11
1
7
1
68
3
4
2
71
1
2
2
26
3
2
2
38
5
6
1
63
1
6
3
68
7
3
2
42
2
7
2
25
3
7
2
45
1
2
3
33
17
4
1
2
1
4
1
11
9
3
2
11
3
2
3
18
14
3
4
31
16
4
4
14
22
3
3
40
1
4
1
22
3
2
2
35
1
7
4
28
1
3
1
23
3
2
1
13
7
7
4
37
7
5
1
40
3
2
2
60
3
3
2
12
3
3
4
39
6
6
2
31
2
6
1
52
3
7
2
29
2
6
2
67
1
3
2
9
1
2
3
31
21
1
1
54
1
6
3
43
8
2
2
43
2
6
3
41
1
7
3
39
8
5
3
29
17
4
3
28
10
5
1
67
3
4
4
54
6
1
2
30
4
7
4
12
2
5
2
40
3
4
2
43
1
7
1
14
11
5
4
63
12
3
2
41
4
4
4
41
4
5
3
61
7
1
4
15
26
2
3
4
7
2
3
2
1
4
1
55
1
6
4
55
12
3
3
1
8
6
1
39
4
7
3
42
3
4
4
7
8
4
3
14
4
3
1
26
1
6
4
54
7
2
3
15
2
5
1
37
1
7
3
63
8
4
3
52
18
2
1
52
1
7
2
1
2
5
4
36
7
4
3
38
5
2
2
28
2
6
2
68
4
6
2
34
1
7
3
25
1
7
3
30
23
3
3
35
5
5
1
25
3
4
1
3
5
6
2
27
2
5
2
71
2
1
4
42
3
5
1
60
1
3
3
26
2
6
1
27
2
5
2
41
1
3
4
40
7
3
2
37
1
2
1
71
1
1
2
47
2
5
2
32
3
1
3
1
3
1
4
16
8
2
3
33
4
3
3
10
26
4
2
54
2
7
1
33
8
2
4
6
29
2
3
45
7
2
4
55
11
2
4
11
22
7
2
2
3
4
3
40
4
4
1
45
2
7
1
14
15
5
4
36
2
3
2
22
1
1
1
23
1
4
3
37
6
5
2
15
3
3
3
60
16
2
1
5
1
6
1
61
2
7
1
42
2
1
2
4
2
1
4
11
8
4
4
17
21
3
4
53
9
6
2
47
4
1
3
52
9
7
2
54
1
1
3
54
2
4
4
40
8
2
4
23
7
4
3
66
9
5
2
8
3
2
3
71
1
5
