4
33
10
1
2
31
3
5
4
28
9
5
1
60
2
5
4
35
4
7
3
6
5
6
2
29
3
2
3
40
4
1
4
28
4
7
3
49
2
2
1
60
1
5
3
38
8
7
1
9
7
2
3
55
11
6
2
42
2
1
2
12
1
6
3
14
20
6
2
13
1
6
1
43
2
4
2
9
2
7
1
52
2
3
4
8
14
1
4
22
12
4
4
33
9
5
4
5
12
5
2
67
1
4
2
5
3
6
2
63
3
1
1
65
1
5
2
71
3
5
2
66
1
7
3
26
1
5
3
22
10
4
3
65
5
7
2
14
2
6
1
34
9
6
3
23
9
7
4
29
6
6
1
34
3
7
4
38
9
1
4
61
3
2
2
14
1
1
1
41
1
6
3
32
3
7
4
7
3
6
1
5
2
4
3
52
16
2
3
9
9
6
3
33
23
5
1
33
2
2
2
41
5
6
1
36
2
2
4
7
9
4
4
67
40
4
1
11
8
7
4
22
8
3
3
67
5
2
1
45
2
6
4
25
4
4
1
37
2
2
3
67
25
3
3
17
14
4
3
61
7
7
4
36
2
4
3
17
3
4
4
18
11
5
1
29
3
4
3
31
29
6
1
55
2
7
3
7
5
4
2
27
2
2
2
44
4
2
1
7
5
3
2
11
1
7
3
30
25
7
4
3
14
2
1
47
2
5
2
28
2
4
3
1
9
7
2
43
5
7
3
66
9
3
4
10
3
7
4
38
3
5
3
41
1
2
1
15
1
5
1
40
3
3
2
34
3
5
4
12
9
1
4
49
3
4
3
28
14
3
2
4
2
4
2
23
2
3
3
13
8
7
4
3
4
1
1
29
2
2
1
12
5
2
1
25
3
1
3
68
16
5
4
39
7
1
4
18
26
7
1
6
1
2
1
1
3
5
3
68
5
3
3
42
3
7
1
44
1
5
4
66
6
4
2
38
3
5
2
36
1
2
1
42
2
2
3
42
2
1
4
32
5
4
1
63
2
4
3
61
5
3
4
68
13
4
2
22
2
3
3
43
5
6
4
55
6
7
2
52
6
7
3
31
30
7
3
16
2
4
3
43
2
4
4
8
17
1
3
5
4
4
3
27
16
7
1
25
2
2
2
17
1
2
3
23
3
5
2
10
2
6
2
37
4
5
4
42
1
3
4
6
1
2
4
1
11
3
1
28
1
3
2
27
1
7
3
60
11
5
2
68
3
1
1
16
6
4
1
15
3
2
3
4
12
5
1
54
3
3
4
60
4
5
3
18
14
6
4
4
19
3
4
4
25
7
2
55
2
1
2
6
2
5
3
49
8
3
3
34
6
3
3
26
12
3
3
65
10
6
2
60
3
5
4
55
11
4
2
29
1
5
4
23
20
7
2
31
2
3
2
1
2
5
4
43
2
4
3
66
4
5
4
63
12
3
1
17
15
3
1
65
2
6
3
34
4
1
1
39
3
6
3
12
5
3
1
22
3
4
2
38
4
3
2
66
3
4
2
7
1
3
4
14
17
3
4
65
11
4
3
54
2
4
2
28
3
1
2
35
3
3
1
26
2
7
1
47
1
2
2
5
2
6
3
3
10
7
4
1
4
7
1
27
2
7
1
10
6
3
3
33
7
7
4
14
27
1
4
30
3
3
1
33
5
5
2
67
2
1
3
28
9
2
2
42
4
4
2
26
2
4
1
32
3
1
1
39
1
4
1
55
1
7
1
22
1
7
4
61
9
3
3
10
17
7
1
30
16
1
3
39
2
2
4
2
9
1
1
49
1
6
1
30
12
2
1
43
1
1
3
47
2
5
4
30
7
6
4
52
11
6
4
34
9
6
4
68
19
7
2
26
4
4
1
17
11
2
4
66
4
7
2
44
2
6
1
66
1
3
4
10
21
2
3
14
12
3
3
2
11
5
2
17
2
4
4
11
13
6
3
53
2
6
4
17
7
2
1
67
1
4
2
2
1
6
3
7
4
2
1
18
3
1
2
33
2
3
3
25
2
3
3
36
7
7
2
22
1
1
2
49
3
6
2
11
3
4
4
39
5
3
3
36
15
3
1
6
2
7
3
44
3
3
4
13
10
3
2
18
2
3
2
13
2
5
3
8
6
4
3
18
15
3
4
11
26
1
2
54
1
3
3
39
4
4
3
16
3
4
1
14
14
2
1
63
1
7
1
68
2
1
1
4
8
2
3
8
11
5
2
68
1
4
1
71
1
7
2
3
1
3
4
36
3
6
2
37
3
3
2
18
1
2
2
63
2
7
3
30
22
4
4
15
1
6
2
32
1
4
2
60
1
3
2
65
4
5
1
26
1
1
1
31
6
6
4
40
5
3
2
2
3
6
4
49
2
5
2
55
1
3
1
11
6
3
4
27
8
4
4
53
8
1
4
6
7
3
3
47
4
4
2
16
3
5
2
12
2
3
4
15
25
6
2
52
4
1
3
4
7
3
3
35
2
7
3
22
9
4
2
41
3
3
4
63
1
1
2
39
3
2
1
4
7
3
2
34
2
4
3
27
1
4
2
40
1
2
3
52
3
7
3
11
13
6
4
31
7
5
1
36
3
4
3
12
2
2
2
25
3
6
2
65
3
6
3
55
5
5
3
10
18
4
1
44
2
4
1
12
6
5
1
53
1
6
1
10
1
2
1
49
2
5
4
32
4
1
2
39
4
6
4
53
12
5
1
53
2
2
4
54
5
7
3
13
9
5
1
3
10
1
2
35
2
5
2
15
3
2
2
40
3
2
4
71
6
4
1
35
1
3
2
7
2
2
3
44
9
6
3
45
6
7
2
61
2
7
1
27
1
6
1
52
1
2
2
1
1
7
4
54
3
2
4
29
4
7
3
15
5
4
3
60
19
1
3
2
9
7
1
42
1
6
3
35
5
2
1
8
11
4
2
32
3
2
4
25
1
7
1
40
1
4
2
30
5
7
4
47
2
6
4
17
20
1
4
45
9
3
3
71
2
1
2
47
2
5
4
43
10
3
4
37
3
5
3
9
21
4
3
37
6
2
2
15
1
3
1
35
3
3
1
2
6
3
3
53
8
4
4
60
9
3
4
40
7
5
1
61
2
7
1
41
3
1
2
6
3
5
3
32
9
1
2
54
2
2
3
1
10
3
1
1
2
1
4
41
2
2
1
13
1
4
1
68
3
4
2
45
2
2
2
36
5
7
4
26
11
5
4
26
6
2
3
54
1
2
4
23
3
2
1
28
2
5
4
5
25
2
3
40
1
6
4
16
8
2
4
44
13
3
3
25
8
3
1
8
10
6
1
14
19
6
3
29
9
7
2
23
1
2
3
29
12
7
2
16
2
5
3
15
14
4
4
27
1
6
4
44
10
5
1
66
2
4
1
37
1
5
2
43
1
3
2
33
3
1
3
63
13
6
1
45
1
4
3
71
5
1
1
61
3
5
2
49
2
1
4
37
2
7
3
41
2
3
4
71
3
6
4
65
8
2
4
16
1
7
1
7
4
6
1
32
5
4
1
9
12
6
2
10
3
5
1
2
2
3
4
12
4
2
2
8
1
7
1
3
7
5
3
63
12
1
4
34
14
2
4
9
33
4
1
13
8
6
2
3
2
4
4
42
3
4
4
2
13
1
1
23
3
6
4
13
13
6
4
9
8
4
2
30
2
3
2
53
3
5
2
53
2
6
2
47
3
5
1
18
12
3
1
38
3
6
1
71
2
5
1
67
2
7
3
5
1
6
4
45
1
5
2
9
3
3
3
11
7
4
1
16
1
2
4
35
2
1
1
54
1
7
2
8
2
1
2
25
1
4
2
45
1
1
3
37
9
7
1
5
1
4
4
52
15
1
3
45
5
5
4
31
28
1
4
47
15
4
2
61
3
1
3
38
4
6
4
41
1
3
2
4
1
4
3
6
2
7
1
38
1
1
1
31
1
5
2
71
1
5
1
23
1
7
4
67
31
1
3
3
9
6
