4
17
1
6
1
49
1
6
1
10
1
7
1
17
4
4
3
55
2
1
3
60
22
6
4
34
11
4
4
29
2
5
1
38
3
7
1
31
1
1
2
6
1
5
2
10
3
1
4
30
1
3
3
17
3
1
2
39
3
4
1
60
2
1
1
33
1
3
2
40
2
1
3
65
7
6
4
33
2
1
1
2
5
2
4
16
4
3
2
39
2
1
3
42
3
6
2
5
2
7
3
37
11
5
3
34
2
7
3
31
26
7
4
7
4
1
2
67
2
2
3
26
8
5
3
22
11
2
4
12
7
5
4
61
9
1
1
4
8
5
4
47
7
5
3
5
1
4
1
9
10
6
2
33
1
5
2
11
3
1
2
16
3
5
4
38
8
7
1
37
2
5
3
3
9
5
2
10
2
7
4
44
12
2
3
35
8
6
1
28
2
3
1
47
1
6
1
43
2
4
3
10
15
1
3
68
15
1
1
49
2
1
2
27
2
7
3
44
9
7
2
29
2
4
1
67
2
6
2
37
4
1
4
53
11
2
1
31
10
5
3
37
9
7
4
40
3
1
2
31
2
1
3
26
11
2
3
8
8
1
3
67
5
6
2
34
1
7
2
65
2
1
1
10
6
5
1
16
1
1
4
44
15
5
3
3
6
4
1
4
6
5
2
36
3
3
2
7
3
2
1
13
6
2
2
68
3
7
4
13
6
6
2
9
1
6
1
54
2
2
4
49
1
3
4
36
15
7
2
12
1
4
1
39
2
6
2
35
2
1
1
29
1
5
4
18
4
1
1
30
5
1
3
39
4
4
1
30
19
3
1
15
4
5
2
14
3
3
4
25
1
1
4
15
24
6
4
32
4
6
2
5
3
5
2
8
3
1
4
68
11
3
2
60
1
6
2
30
5
6
3
32
10
6
4
2
8
3
2
45
4
1
2
42
1
1
4
47
12
4
3
5
3
2
4
60
1
6
1
25
3
3
3
7
4
4
3
40
6
1
1
40
2
7
3
16
4
1
2
52
3
4
1
32
2
7
1
11
10
6
1
27
1
6
3
2
6
7
3
14
5
1
4
63
4
4
4
71
1
1
1
61
1
2
3
68
16
6
4
27
8
3
1
23
1
1
4
65
9
5
4
31
8
1
1
55
1
2
3
6
5
4
4
11
21
7
3
43
3
3
3
66
1
4
3
11
17
5
1
2
6
6
4
49
6
5
4
67
16
6
4
15
7
4
1
53
2
3
4
16
10
1
1
32
1
3
2
54
1
4
3
9
29
5
3
63
2
4
4
9
32
3
3
49
6
3
1
43
3
5
2
61
1
2
2
8
1
3
3
6
1
4
2
3
3
5
1
11
1
5
2
32
1
4
2
22
1
4
4
14
17
3
3
63
11
3
3
52
16
7
2
37
1
6
3
4
27
4
2
4
2
4
2
44
2
7
4
26
7
5
2
14
2
7
1
7
7
7
4
35
5
7
3
53
4
1
3
71
4
6
3
16
6
4
3
43
8
3
1
45
2
4
3
15
4
7
3
22
8
5
3
18
9
7
1
3
6
1
2
55
2
2
2
53
2
7
4
30
6
3
1
23
3
1
3
49
5
4
4
54
1
3
4
1
12
3
1
63
2
1
4
33
8
2
2
43
1
1
3
11
25
4
2
40
4
7
2
7
1
7
4
65
11
4
1
36
3
5
3
28
10
5
4
38
3
2
1
65
2
2
2
43
4
7
4
31
18
3
2
22
2
1
2
18
2
4
3
28
15
4
2
1
3
1
2
3
2
6
1
34
6
2
2
63
1
4
1
1
3
2
4
6
23
6
4
18
20
1
4
68
1
2
1
5
1
7
1
14
4
1
2
9
2
6
2
49
2
7
4
63
1
2
4
42
3
3
3
31
1
2
4
26
5
3
4
28
5
5
2
25
1
5
3
61
9
3
1
8
2
6
1
39
4
1
1
36
1
3
1
6
2
1
2
1
1
2
4
8
18
4
1
35
1
1
4
17
3
4
1
8
13
1
4
23
9
4
2
23
3
2
3
29
4
1
2
35
3
2
3
36
12
1
3
13
9
6
2
28
1
1
4
60
4
4
1
33
5
2
2
36
4
7
3
55
17
3
2
15
1
7
3
23
12
5
2
30
1
6
4
32
10
4
4
1
8
4
1
66
3
1
4
66
1
6
3
30
4
3
2
2
2
3
1
7
6
2
2
47
3
2
1
26
2
6
2
66
2
7
3
41
4
4
4
39
10
5
3
1
10
1
3
25
6
2
2
16
2
2
3
18
6
3
3
54
1
3
4
10
1
3
3
36
10
7
4
7
2
6
2
15
2
2
4
29
16
1
2
47
4
4
1
52
2
5
1
15
1
5
1
42
1
4
3
38
5
4
3
34
9
6
2
45
1
2
1
65
1
1
1
18
1
6
4
9
13
7
2
55
3
4
3
41
3
3
1
45
1
4
2
29
3
2
4
4
23
5
4
61
3
2
2
71
1
4
4
13
7
4
3
2
2
1
4
39
7
5
3
61
6
4
4
4
4
4
1
38
1
7
2
41
2
6
2
17
1
5
3
65
9
6
4
53
13
4
1
9
6
3
3
23
18
1
2
4
1
2
3
38
1
3
4
8
7
3
3
71
5
1
3
53
8
3
2
38
2
6
1
42
2
3
2
68
4
1
4
25
2
4
2
25
2
6
1
71
1
2
3
12
5
1
4
22
2
5
3
30
17
3
1
13
2
2
4
11
17
4
1
5
2
3
4
10
32
2
2
38
1
7
2
67
1
2
3
42
2
2
2
65
1
5
4
41
2
2
3
47
9
4
1
68
3
2
3
25
2
5
3
39
10
4
3
54
2
5
1
16
6
4
3
60
23
2
4
52
13
6
1
52
1
2
1
60
1
3
3
52
3
6
2
32
4
1
3
40
5
1
4
5
23
5
4
71
4
2
4
42
4
5
4
67
28
7
4
3
5
1
1
3
9
7
2
71
2
3
1
12
18
4
4
66
6
3
4
6
6
6
1
61
3
4
1
1
1
3
1
22
3
2
3
33
23
5
2
23
1
2
4
22
15
5
2
63
3
5
4
45
6
1
4
23
24
1
1
41
2
2
2
52
5
4
1
34
11
1
3
66
3
4
4
28
2
6
2
26
2
4
2
6
2
5
3
13
2
2
2
11
1
2
2
61
2
6
2
2
3
1
2
60
3
1
1
18
2
7
3
35
7
2
2
66
3
2
3
33
11
5
3
17
4
2
1
14
10
6
1
41
3
5
2
13
1
3
2
34
2
3
2
31
3
5
4
55
6
2
3
8
9
7
1
55
2
7
2
17
2
3
1
63
1
1
1
6
1
4
1
54
3
6
2
42
3
6
2
28
2
4
1
44
4
1
2
41
4
3
3
7
2
5
3
67
27
3
2
49
3
5
4
43
7
4
3
45
7
7
1
25
2
2
4
5
27
7
4
37
7
7
2
13
2
2
4
2
13
1
1
17
5
2
3
45
3
4
1
68
1
7
1
35
3
4
3
10
1
1
1
71
3
3
4
12
2
7
3
4
6
1
1
12
7
4
4
37
12
7
4
52
16
4
3
1
3
5
4
41
4
1
3
15
6
3
2
44
3
4
4
54
6
4
2
33
3
6
1
28
1
4
4
34
6
2
3
29
13
5
1
53
1
2
3
9
15
6
3
32
5
3
2
54
2
5
3
47
2
1
4
43
2
4
4
45
13
6
4
55
11
3
1
67
3
4
3
27
5
1
3
12
2
2
1
27
3
6
3
14
7
3
2
53
1
7
2
12
2
3
4
35
3
5
1
44
2
7
2
27
3
5
1
26
3
6
1
22
1
2
4
40
1
5
2
26
3
3
4
36
7
3
1
29
3
2
1
37
1
5
4
14
33
4
3
27
16
2
1
40
1
1
3
44
3
6
4
27
3
1
4
3
9
6
2
18
1
2
1
47
3
5
1
66
2
1
