4
12
10
7
1
43
1
7
1
6
2
2
3
14
18
5
2
47
3
3
4
8
1
1
4
14
1
6
4
67
22
7
3
60
15
2
2
38
3
2
4
32
5
7
3
22
9
6
4
2
3
4
1
26
1
6
1
28
1
3
2
71
1
1
3
8
9
1
4
71
5
3
2
32
3
4
2
55
2
3
1
26
3
5
4
36
5
1
4
1
12
1
2
55
3
4
4
61
12
5
1
45
1
2
4
53
13
5
2
27
3
7
3
13
5
6
3
31
6
5
4
18
18
2
2
14
2
3
3
52
8
7
2
67
1
4
1
12
16
3
1
13
2
2
1
10
6
6
3
15
3
2
1
61
3
4
1
65
1
3
4
13
15
2
2
10
3
4
4
63
12
5
3
5
5
3
1
66
3
1
2
22
2
7
3
13
7
1
4
45
4
7
4
55
4
7
2
49
2
6
3
35
7
5
2
4
1
5
4
34
8
7
4
26
12
1
3
9
5
6
4
8
5
5
1
54
3
2
1
3
7
4
3
1
4
3
4
31
19
6
4
47
10
5
4
32
4
4
4
1
4
3
4
53
11
5
3
14
9
7
2
9
2
6
1
45
2
4
3
43
3
3
1
67
3
6
4
30
7
2
3
49
3
1
2
39
4
2
3
29
8
5
2
66
3
6
1
33
3
4
3
66
3
1
4
7
2
5
1
12
11
3
1
63
1
7
2
30
2
5
1
71
3
1
3
33
20
5
2
45
4
5
4
3
10
7
3
31
17
7
3
3
6
1
1
33
7
3
1
22
1
5
3
40
2
3
3
52
3
3
4
28
2
1
4
45
5
2
1
16
4
5
2
23
1
6
4
55
13
5
4
27
5
3
2
44
3
1
3
23
10
3
3
32
9
1
1
30
9
1
2
45
1
5
4
43
12
6
1
2
1
2
2
65
1
5
2
37
4
4
1
4
8
5
1
17
10
5
3
49
4
7
3
10
10
5
4
66
1
7
4
30
6
1
4
33
2
3
1
42
2
1
2
1
3
4
3
44
10
5
1
32
5
2
2
71
2
5
3
28
15
2
4
42
5
1
4
43
9
1
1
52
2
2
4
39
10
2
1
22
3
2
4
41
1
1
2
36
3
5
3
33
7
4
3
66
4
3
3
1
1
3
1
15
2
5
2
25
2
1
3
26
1
7
1
11
10
4
3
45
1
3
3
4
23
3
2
4
2
7
4
60
9
5
1
28
3
1
2
60
2
4
3
39
5
2
3
7
3
7
2
42
2
7
1
55
2
4
2
49
4
6
1
40
3
2
3
6
2
3
1
4
6
5
2
43
4
6
3
60
25
1
1
17
6
1
3
35
4
4
3
39
7
7
3
67
30
5
3
47
7
3
2
7
1
6
1
1
2
3
1
53
2
7
2
40
1
5
3
54
1
1
1
2
7
1
3
38
10
7
3
22
6
1
4
2
1
3
2
13
3
3
3
17
12
2
3
15
8
4
1
60
2
7
1
3
9
5
1
7
9
5
1
32
1
6
1
9
5
1
4
47
16
4
2
68
1
1
2
10
1
4
1
10
8
2
4
42
1
3
3
7
4
5
3
65
9
5
1
54
2
1
2
2
1
3
2
63
3
1
3
29
6
1
3
40
6
5
4
65
6
6
4
4
22
1
3
2
7
4
3
61
4
6
2
17
2
6
2
34
2
6
3
28
10
7
2
47
2
3
3
53
3
3
2
3
1
5
4
25
8
3
2
9
3
3
3
37
1
4
2
13
1
3
3
26
9
7
2
44
5
7
1
36
3
5
2
33
3
7
1
44
4
2
4
39
2
1
4
61
7
2
4
18
17
2
3
53
6
4
4
6
30
7
4
3
13
7
1
15
5
7
4
17
13
2
2
6
2
2
3
23
13
5
1
68
1
4
1
37
1
4
4
4
9
5
3
9
19
7
1
25
3
1
2
22
3
3
1
23
2
4
4
23
20
6
1
18
14
7
1
68
3
6
2
52
7
6
3
8
2
5
1
39
2
4
3
55
11
2
1
5
2
5
2
53
1
1
2
35
3
2
2
53
3
5
1
47
2
3
4
34
14
4
1
38
2
7
3
36
9
3
3
44
6
7
4
15
14
3
2
28
2
5
3
37
7
2
4
38
2
1
3
71
1
3
4
68
6
2
2
12
1
6
2
38
4
4
4
40
2
2
2
23
2
2
3
63
2
2
1
1
1
6
4
44
15
3
1
27
3
4
3
67
22
5
4
12
2
3
4
60
6
2
4
17
22
3
4
29
13
1
2
54
2
7
4
65
2
6
4
35
4
2
2
29
1
7
2
41
4
2
4
11
5
1
4
11
13
2
3
12
7
5
1
66
1
2
2
3
2
7
1
30
12
7
1
47
3
1
3
47
9
4
3
27
1
4
2
25
1
5
2
35
1
7
1
36
2
5
3
4
26
5
3
32
11
7
4
22
4
1
4
10
22
7
3
36
1
4
2
1
1
1
1
35
4
6
4
37
4
1
1
38
3
6
4
49
4
3
3
25
3
2
1
8
16
1
3
30
28
5
2
60
3
1
2
31
2
6
2
16
1
5
1
53
1
1
2
14
1
3
1
65
2
6
2
61
1
4
4
28
10
2
1
27
1
2
2
42
4
4
1
11
11
5
3
61
10
1
4
15
24
7
3
2
9
2
4
16
6
6
4
6
7
6
3
65
21
1
4
41
2
6
3
41
3
6
3
18
15
6
1
13
8
7
4
14
30
2
2
34
3
3
2
52
4
1
2
28
3
5
3
68
13
5
2
36
4
4
3
27
9
5
2
17
1
5
3
30
27
7
2
68
2
5
2
8
1
2
1
44
3
1
1
55
1
3
2
32
4
6
2
11
2
7
2
54
1
7
4
38
7
7
1
40
2
2
2
27
1
2
1
37
2
1
2
65
3
7
4
52
7
7
1
9
14
3
2
31
4
3
3
11
15
7
4
68
15
5
4
35
5
5
1
16
6
4
1
18
6
4
4
26
3
6
4
22
18
6
3
25
9
5
4
13
1
2
1
61
1
2
1
41
3
4
1
25
2
2
1
71
2
4
3
10
1
7
2
40
2
3
3
5
3
1
4
71
1
2
4
5
6
7
2
11
1
3
2
5
3
1
3
16
3
3
1
5
1
6
3
34
9
4
2
26
1
3
2
37
2
3
4
63
1
7
3
71
2
4
4
66
2
3
1
34
5
2
3
54
2
2
3
12
1
1
3
16
7
7
1
8
3
7
2
43
5
4
1
41
2
5
2
7
2
6
3
42
1
4
1
23
3
1
1
7
10
1
4
16
2
1
4
37
8
4
1
29
1
5
4
23
23
4
3
43
6
4
1
14
19
1
2
26
3
1
2
6
1
4
3
42
4
1
2
2
3
3
4
52
14
4
2
29
3
2
3
6
3
1
3
68
5
7
4
10
9
7
2
15
1
7
4
9
28
6
2
66
2
1
1
35
3
4
2
33
2
2
3
63
13
5
1
29
2
1
3
38
4
5
3
41
4
5
1
43
3
3
1
31
10
6
3
11
5
1
2
61
3
3
4
44
16
5
3
18
21
6
1
60
1
6
2
5
1
7
4
36
2
7
3
34
4
2
2
67
2
1
2
30
3
4
4
9
26
7
4
54
9
2
2
63
1
1
2
16
3
6
4
27
1
1
1
42
1
2
4
31
15
7
1
6
1
3
4
40
5
1
4
33
3
6
1
49
2
2
1
63
2
3
2
39
3
7
4
5
15
1
1
49
1
6
2
12
2
4
2
8
2
2
4
54
11
5
3
17
7
1
3
55
9
4
4
25
6
5
4
7
5
6
4
67
35
1
1
31
6
5
4
49
8
1
2
15
3
7
1
67
1
2
2
18
3
7
3
45
2
1
2
41
5
6
1
39
3
4
2
18
4
2
1
52
1
3
4
29
5
4
1
14
11
5
1
34
3
5
3
3
10
1
