3
27
10
3
1
40
1
7
1
53
1
2
3
13
2
2
2
34
2
4
4
49
1
4
1
10
3
3
1
55
1
2
3
17
17
1
1
68
3
2
2
32
2
6
4
41
2
2
2
10
1
2
3
35
1
6
2
45
3
1
2
4
1
3
1
61
2
6
1
65
2
6
1
27
1
3
3
38
12
7
3
18
3
1
1
32
7
7
4
54
4
4
2
11
3
7
3
42
1
5
2
26
4
1
1
45
2
2
4
6
29
6
4
11
6
2
3
60
26
1
2
6
2
6
1
22
1
2
4
26
12
1
4
49
2
3
1
16
3
2
3
25
6
5
4
53
1
4
3
71
3
4
4
54
11
6
3
26
8
2
1
35
4
6
2
11
2
7
1
14
4
1
4
23
1
4
2
47
4
4
2
63
3
4
3
49
3
7
2
68
3
2
1
10
6
5
3
54
2
7
3
18
10
3
4
33
1
3
4
15
27
6
4
42
2
1
3
25
1
2
3
67
5
3
1
43
2
3
3
1
7
4
3
4
25
7
1
34
9
5
4
15
11
5
2
47
3
7
3
27
7
1
4
63
8
5
1
66
3
1
4
10
8
6
3
32
1
7
1
60
2
6
3
61
4
4
4
66
5
1
1
12
7
3
3
66
1
5
2
5
1
6
1
3
3
1
3
12
1
6
3
41
3
7
2
40
1
4
2
38
5
2
1
37
1
4
1
40
3
5
2
27
1
7
3
66
5
6
2
18
4
1
4
52
2
7
2
61
2
4
4
45
4
5
4
2
4
6
4
31
27
5
3
13
5
1
4
63
4
5
1
15
4
4
4
4
26
7
2
9
2
2
4
9
4
7
2
25
3
3
1
55
2
6
3
11
3
7
3
53
6
5
4
18
6
1
3
15
17
2
1
61
3
3
1
11
4
5
1
17
7
3
4
71
3
3
2
13
3
3
2
45
1
1
2
41
1
7
2
30
3
5
1
71
2
5
4
68
17
7
1
29
3
4
2
28
2
1
4
4
27
2
4
16
8
2
1
7
11
5
3
63
12
6
3
6
1
1
4
35
1
4
1
44
1
2
4
65
15
7
2
28
1
7
1
68
1
2
3
55
13
2
2
33
3
3
4
33
10
4
1
38
2
2
4
31
14
5
4
17
23
7
3
2
4
1
2
16
1
3
3
30
18
2
3
17
11
7
1
45
1
4
3
43
4
1
3
10
10
7
4
38
1
3
4
17
26
3
3
2
11
6
2
40
4
7
1
16
6
2
2
2
3
7
2
15
1
5
3
1
9
3
3
53
3
5
2
67
1
4
1
71
1
1
3
52
7
4
1
18
9
1
1
47
2
2
4
52
10
2
4
28
7
4
3
45
1
1
4
6
19
4
1
63
1
3
3
11
15
2
3
43
2
2
1
41
2
4
2
37
3
4
2
9
1
1
3
68
17
3
4
13
5
1
1
3
7
5
3
29
8
3
3
3
6
5
4
55
11
5
2
36
5
7
2
31
1
1
3
12
6
3
2
43
5
4
4
43
7
4
2
41
4
5
4
5
22
1
1
8
5
2
3
16
2
3
3
22
11
3
3
8
6
4
2
26
1
2
4
12
7
3
2
12
3
2
3
33
18
4
1
54
2
7
4
37
13
7
1
47
1
1
2
8
3
6
1
66
2
3
1
1
3
6
1
43
3
5
1
9
10
6
1
37
2
4
4
16
5
1
2
25
2
3
1
49
1
2
3
9
12
6
3
34
11
2
1
26
1
2
3
7
2
6
2
15
3
1
3
63
1
1
1
12
8
2
4
28
8
3
3
61
8
1
2
6
1
6
4
27
12
7
3
60
9
1
3
55
9
1
3
68
2
3
4
61
3
1
4
60
7
4
1
67
3
5
4
25
4
2
4
29
12
4
2
61
1
3
3
65
17
2
3
38
9
4
2
14
1
7
1
31
7
3
1
13
8
7
3
39
10
3
4
25
2
1
3
67
25
2
2
2
1
6
1
63
2
5
3
52
1
2
1
33
8
6
4
41
3
3
2
42
3
3
3
37
6
7
1
15
1
7
3
41
2
4
4
8
14
1
4
67
15
1
3
65
21
6
4
13
8
7
2
27
2
6
4
23
2
4
4
3
12
3
4
35
5
6
1
42
1
6
3
47
6
7
1
35
1
7
1
65
1
3
4
32
14
6
4
65
11
2
4
43
12
6
4
30
2
1
1
60
1
2
2
60
4
2
2
3
1
3
1
17
11
1
3
29
10
5
2
44
1
2
2
17
3
2
4
22
14
1
2
65
2
2
1
11
1
5
2
66
1
4
4
38
8
2
1
30
11
7
1
4
8
6
1
30
17
5
4
36
2
3
2
29
1
7
4
47
5
2
4
42
4
6
4
22
2
2
4
45
13
7
2
30
2
4
4
29
2
7
2
31
5
5
4
14
27
2
3
33
21
1
2
54
1
3
1
36
2
1
1
6
1
1
2
22
2
6
1
33
4
2
1
52
2
2
4
14
32
4
2
32
3
6
4
36
12
5
2
4
2
7
3
36
8
6
2
5
3
5
2
23
2
5
3
5
2
5
3
36
1
6
3
45
6
6
3
37
2
5
1
36
1
4
1
34
4
1
1
13
3
7
1
25
3
4
4
55
5
6
1
54
3
1
3
7
1
5
4
30
8
6
3
5
5
5
4
39
2
3
3
54
1
2
2
17
2
4
4
18
9
2
1
8
6
1
3
6
2
7
2
35
2
4
4
61
6
2
1
38
3
6
1
52
3
4
4
9
20
7
2
29
2
1
4
5
16
5
4
40
8
1
4
47
10
1
1
5
2
5
2
65
1
5
2
49
3
3
3
3
2
3
2
71
3
6
1
18
10
1
4
7
3
2
2
53
2
4
2
3
2
7
2
68
1
4
3
28
6
6
3
31
30
3
1
1
1
7
1
4
4
5
4
12
3
3
2
13
1
2
1
2
5
7
3
8
14
5
2
33
1
5
3
39
9
3
4
2
3
4
4
66
1
7
2
1
2
3
2
38
4
4
3
34
4
1
2
35
1
6
1
6
2
1
3
28
8
6
1
39
2
2
2
44
4
4
3
14
25
7
4
32
7
2
1
53
2
4
3
9
30
6
2
42
2
3
1
28
1
3
1
27
3
6
1
5
1
3
2
66
3
1
1
39
4
1
4
67
37
3
1
14
3
1
2
16
3
4
1
22
2
5
2
22
1
5
3
23
16
6
2
53
3
6
4
27
5
4
4
40
5
4
1
44
3
3
4
37
10
2
2
8
1
5
2
52
6
3
4
10
28
1
3
71
4
3
2
39
2
4
1
31
8
1
2
10
2
6
4
8
19
3
2
23
1
2
1
29
1
6
1
9
4
6
3
49
6
3
3
44
2
4
4
1
6
6
1
2
3
3
3
26
12
1
3
4
19
3
1
26
3
6
2
12
1
1
2
63
1
6
3
10
22
7
1
23
3
2
4
34
4
3
4
34
12
1
3
14
20
6
2
18
3
7
1
32
6
3
4
1
10
1
3
30
13
3
3
42
4
4
1
7
2
1
2
67
2
2
1
67
2
3
3
22
9
3
1
25
1
3
3
16
3
3
2
14
2
7
4
60
5
7
2
60
1
1
4
39
7
1
4
44
15
2
3
40
4
3
4
68
23
5
4
71
2
5
2
52
7
2
4
44
6
6
2
7
1
1
1
49
2
6
3
47
8
2
1
23
1
6
2
43
1
3
2
36
1
4
4
7
2
5
2
55
2
1
1
42
2
1
2
7
2
5
4
26
1
1
3
44
6
1
2
55
3
3
3
15
2
3
1
41
3
1
3
35
8
2
1
28
2
7
2
39
3
3
2
71
1
3
2
49
1
1
2
54
2
3
4
53
14
4
4
3
19
4
2
34
1
2
2
1
3
3
3
23
9
7
3
32
12
7
4
11
5
6
3
31
24
3
3
40
6
3
2
37
2
4
