2
40
3
2
4
60
8
7
3
40
4
2
3
31
22
1
2
33
2
3
1
68
1
4
2
45
1
4
4
42
1
5
3
61
9
2
1
34
7
3
3
26
11
4
1
31
8
6
1
4
3
5
1
63
1
1
3
17
5
6
1
8
6
7
2
9
1
7
2
32
1
7
4
7
4
4
1
66
2
6
1
31
14
6
4
15
18
7
1
16
3
3
1
5
2
2
1
3
10
2
2
53
2
6
1
40
2
2
3
35
4
6
4
3
2
1
2
71
1
1
1
13
6
7
2
49
3
4
1
49
2
7
2
30
5
2
3
16
8
4
4
52
4
6
1
14
12
6
2
54
2
2
2
3
3
7
1
12
10
1
1
28
3
1
4
12
2
1
2
3
2
5
3
30
6
7
3
61
10
4
3
12
6
6
1
23
2
4
2
18
1
3
4
11
28
1
2
45
3
2
1
53
2
5
1
43
1
1
3
30
1
2
4
3
20
2
3
22
11
2
4
14
14
2
3
4
1
6
1
29
3
7
3
33
14
7
4
8
1
1
3
7
1
7
1
13
4
6
2
13
1
2
3
29
19
4
2
31
2
4
3
54
1
2
2
61
3
3
1
39
1
4
3
52
9
4
1
35
4
5
1
4
8
3
1
68
3
2
1
66
1
6
4
47
11
6
2
44
5
2
4
43
7
3
4
28
1
7
3
55
14
1
1
12
5
1
3
1
8
3
1
37
1
2
3
34
5
2
1
33
4
7
4
32
3
1
3
5
1
4
3
39
5
2
4
68
16
6
1
7
9
7
4
67
15
3
2
11
2
3
4
18
6
7
3
63
6
6
3
32
2
2
1
6
2
1
3
32
7
4
2
5
2
7
1
17
5
2
2
71
3
7
3
5
3
2
3
65
11
6
1
65
2
6
2
68
3
6
2
27
2
2
4
30
3
4
2
28
1
1
2
33
1
1
3
28
14
7
3
27
2
6
1
32
5
4
2
42
3
7
1
40
3
1
2
39
2
2
2
63
2
6
2
10
3
1
4
38
6
2
4
68
11
6
3
14
16
1
4
4
14
2
4
38
4
1
3
12
2
3
2
29
3
7
3
35
5
1
3
39
9
3
3
53
5
4
2
34
2
7
3
38
6
1
1
38
1
1
1
29
1
7
2
40
4
5
2
14
1
6
3
40
6
2
1
16
7
4
3
47
2
5
2
29
2
3
1
25
1
7
2
60
4
2
2
61
2
6
2
43
4
3
4
13
14
7
2
52
2
2
1
1
3
3
2
67
2
2
4
13
2
5
4
41
4
3
2
35
2
5
2
22
2
4
3
22
4
2
1
34
1
4
3
11
1
7
3
49
7
2
4
30
2
7
3
3
8
4
3
60
4
3
2
26
3
1
4
31
11
2
4
40
7
7
4
1
7
5
4
63
10
5
2
15
2
5
4
60
9
6
1
60
1
6
4
2
1
6
2
1
3
6
1
15
1
3
1
11
11
1
1
10
1
2
4
5
5
7
4
49
3
1
1
55
2
4
3
55
15
2
2
63
1
3
4
45
5
5
2
17
2
2
3
25
1
5
3
41
1
6
4
6
16
7
2
49
4
7
4
36
14
5
1
23
1
3
1
52
1
4
3
6
6
5
4
11
25
7
1
17
16
7
3
17
13
4
2
6
1
6
3
71
5
4
2
39
1
2
4
26
8
7
2
16
1
1
2
14
2
5
1
42
1
2
1
47
1
3
4
2
8
3
3
53
8
3
3
9
23
4
4
23
23
6
2
44
4
4
1
54
1
3
3
33
16
4
2
41
4
4
3
6
4
1
4
15
27
2
3
27
11
3
4
25
2
4
2
4
3
7
3
45
7
3
3
42
3
7
2
8
2
6
3
8
7
5
3
67
9
6
2
25
2
7
3
68
9
2
2
9
3
5
3
41
2
4
1
67
2
6
2
13
3
2
1
71
2
6
3
15
5
6
1
41
1
7
2
52
4
6
1
47
3
7
3
37
3
5
2
55
1
7
4
71
5
3
3
65
5
7
3
34
9
6
1
11
5
4
3
71
2
4
2
15
3
4
4
55
3
7
1
22
2
2
4
61
8
2
2
68
1
2
2
31
4
2
2
66
1
1
1
5
1
4
2
43
2
4
2
28
3
2
4
49
5
6
1
44
2
5
3
52
10
5
3
23
1
7
3
13
5
5
2
22
1
2
2
53
3
5
2
47
3
4
4
66
6
5
4
67
10
2
3
63
12
5
4
16
1
3
2
38
4
6
3
11
13
4
4
22
10
6
1
28
2
6
2
37
2
4
2
2
2
4
4
22
19
2
4
33
6
3
3
47
3
1
3
31
17
1
2
66
3
4
2
42
2
5
1
37
2
1
3
4
5
2
3
44
3
2
3
36
11
6
3
44
7
6
4
37
6
3
2
25
3
7
1
60
2
1
3
66
6
2
3
16
1
5
2
26
4
2
1
10
2
1
4
37
10
3
3
43
5
4
1
67
3
7
4
52
5
7
2
4
1
7
4
55
1
6
4
41
1
5
4
54
7
2
2
41
5
5
4
18
20
2
1
2
2
2
2
37
3
7
4
34
5
5
3
68
6
3
1
32
7
6
4
45
4
5
4
27
8
1
2
65
4
5
4
29
2
2
1
8
1
3
2
17
3
4
1
71
1
4
2
18
2
2
1
30
20
3
1
36
2
4
4
23
6
7
1
53
1
3
1
9
8
5
2
10
2
4
2
30
3
4
2
7
1
4
2
36
3
6
1
65
1
1
3
54
2
5
1
15
3
4
1
30
16
7
4
5
13
6
1
36
3
7
1
1
2
1
3
49
5
5
4
34
12
1
4
35
5
4
4
14
34
7
3
25
9
2
3
15
10
2
1
25
2
2
3
66
5
1
4
44
12
2
2
11
1
1
1
27
2
2
3
1
10
1
4
44
10
6
2
2
1
4
1
6
1
6
1
27
1
3
4
39
6
3
1
35
1
5
4
31
3
3
3
8
6
5
3
26
3
3
4
10
4
6
4
27
7
6
2
65
2
6
4
7
1
6
3
37
5
6
1
3
5
6
3
28
6
2
1
26
2
4
3
67
28
5
2
55
2
7
1
42
2
7
1
61
2
2
2
5
3
3
2
67
1
6
2
1
1
1
1
49
1
7
3
18
8
4
3
38
3
7
4
8
14
5
1
18
2
2
2
60
3
7
4
28
5
3
2
7
3
1
3
2
11
7
4
54
1
7
3
7
4
4
3
10
11
3
1
43
3
3
3
43
8
3
2
6
3
2
4
71
1
4
4
10
27
6
4
4
18
2
4
6
11
4
1
18
4
3
1
61
3
4
4
39
5
3
3
29
15
4
4
63
1
3
2
8
1
6
4
17
12
3
4
47
13
2
4
43
9
7
3
42
2
1
1
39
2
4
4
61
3
2
3
18
17
1
2
36
4
1
1
2
1
7
4
16
10
4
2
23
3
7
4
17
23
4
2
23
1
6
1
44
1
7
4
1
12
7
2
16
2
5
2
27
3
4
1
9
1
3
2
12
1
4
3
60
21
4
4
66
4
3
3
10
23
7
1
63
2
7
4
42
4
6
3
3
6
1
4
65
11
2
4
26
4
3
1
55
1
3
2
32
2
3
1
14
5
7
2
35
3
6
2
38
3
4
4
53
7
3
1
52
3
4
4
9
32
5
4
25
3
5
3
36
9
1
3
13
7
2
3
2
5
6
4
36
2
5
1
41
2
4
4
40
3
2
1
45
1
5
1
45
2
4
1
22
1
6
3
9
2
7
1
33
7
4
4
32
2
7
4
53
1
2
4
29
5
7
1
54
3
7
3
45
6
5
2
12
3
5
1
26
1
5
2
54
1
7
1
38
2
6
4
65
2
7
4
35
1
6
4
9
12
2
4
33
2
3
3
14
4
1
4
12
10
4
1
7
2
2
2
34
3
4
2
47
4
4
3
23
7
4
