1
63
1
2
1
17
12
3
4
52
14
6
4
29
9
7
2
40
3
1
1
36
1
4
3
65
9
5
3
8
3
6
4
18
12
4
2
65
2
7
4
10
25
1
2
38
3
4
1
25
1
7
1
67
2
7
2
17
3
3
1
13
1
5
3
12
5
1
2
52
1
5
1
71
1
1
4
33
5
4
2
4
3
7
3
39
6
1
2
13
3
7
1
26
3
5
1
30
19
3
1
17
10
7
3
5
2
3
4
31
1
1
3
25
4
5
4
3
4
7
2
3
3
5
2
45
3
6
4
13
16
3
2
47
2
6
1
26
1
1
2
49
1
7
3
44
1
7
3
7
5
3
3
45
3
6
3
4
28
4
4
12
5
3
1
23
2
7
4
38
2
1
3
13
2
3
3
15
10
3
4
67
16
1
1
27
1
5
1
44
4
3
4
1
6
4
3
47
3
3
1
8
8
3
2
42
1
3
3
39
2
6
3
61
10
1
4
38
4
4
3
67
23
6
2
28
3
2
2
6
3
7
2
36
4
2
4
13
9
6
3
29
5
4
1
61
1
1
1
47
1
1
1
38
2
7
2
67
1
2
3
71
3
2
2
8
1
4
2
26
3
5
2
16
1
5
4
36
2
3
4
26
12
6
2
22
2
3
4
55
11
1
2
27
3
7
4
4
5
3
1
5
2
4
4
30
7
1
2
25
3
7
3
67
30
7
2
7
3
7
2
39
4
7
1
53
1
7
2
15
3
3
4
29
16
7
3
3
3
2
4
45
5
4
3
40
1
5
2
54
2
7
2
30
1
5
2
23
3
1
1
14
13
4
2
43
5
7
3
31
17
2
3
68
3
2
3
41
1
7
3
22
3
4
1
49
1
7
3
34
1
7
1
14
7
6
1
61
3
7
2
33
2
5
2
25
2
1
2
68
4
1
4
44
12
6
1
54
1
3
3
30
28
7
3
53
3
5
1
28
2
5
1
66
1
2
1
52
2
2
4
16
7
5
3
32
10
4
1
45
2
5
2
53
3
7
3
52
5
4
4
53
11
1
1
37
2
3
1
55
2
2
4
14
2
3
4
44
10
5
4
65
2
1
3
14
4
4
3
54
1
1
1
1
2
2
2
18
4
7
1
40
2
7
1
54
3
7
4
8
2
3
2
54
1
5
4
60
7
6
4
14
3
6
4
10
31
6
1
28
3
7
4
5
3
3
1
16
6
7
1
12
15
5
4
71
1
4
2
23
1
6
1
68
1
4
2
1
1
4
1
29
2
2
4
67
33
7
4
11
5
5
3
55
14
4
4
8
19
5
1
41
1
6
3
17
9
7
2
8
3
6
3
2
12
3
3
16
6
5
1
35
4
3
3
37
2
4
3
35
7
1
4
9
17
6
1
15
2
2
1
4
1
5
4
40
7
2
4
31
8
7
1
13
4
4
4
1
1
3
3
7
4
3
3
53
6
1
4
42
3
7
3
42
1
5
3
10
20
1
4
47
15
4
2
10
3
2
2
68
2
5
1
45
1
5
3
65
11
5
2
27
2
6
3
54
2
7
3
28
9
7
3
26
7
3
3
35
4
1
3
23
5
4
4
37
4
2
4
52
8
5
1
49
2
1
1
22
3
4
4
28
2
6
1
36
3
2
3
18
23
1
3
13
1
3
1
60
2
5
3
12
1
7
3
38
1
3
3
40
3
2
2
18
2
4
4
18
5
1
2
14
1
6
3
9
29
7
1
22
2
4
2
65
3
7
3
2
11
7
4
34
3
7
4
26
8
6
3
36
8
7
3
14
8
2
1
11
7
5
2
33
3
5
3
45
5
2
2
14
3
5
3
63
5
4
2
53
1
5
1
2
4
5
4
16
12
3
3
6
1
6
4
63
6
5
4
28
13
6
1
11
2
6
1
65
1
1
3
23
18
5
2
13
2
4
2
6
2
7
1
18
9
2
2
32
2
2
2
34
3
5
1
31
16
1
1
68
2
5
1
33
8
7
2
60
1
5
3
63
8
1
2
61
1
5
3
32
5
1
3
5
5
7
2
9
2
5
1
55
1
5
2
9
3
4
3
66
7
4
3
34
6
3
4
43
11
7
3
28
8
5
4
35
3
2
2
37
2
1
1
53
2
4
4
36
11
6
3
33
4
7
1
18
3
2
2
31
2
2
1
39
4
7
4
30
2
6
3
41
3
7
2
47
1
4
3
52
9
4
4
23
23
1
4
65
3
4
2
29
1
2
4
25
2
5
4
53
6
2
2
11
2
7
3
68
6
7
1
6
1
7
3
30
26
1
3
29
10
6
1
10
5
7
2
17
1
3
2
66
3
3
2
12
3
4
2
2
3
3
3
66
1
1
2
5
1
1
2
15
2
7
1
8
5
3
3
71
2
3
2
63
2
7
3
36
11
3
1
29
1
7
1
65
2
4
2
41
3
1
4
12
8
6
4
27
11
7
1
25
2
4
1
34
5
3
2
49
3
4
1
3
3
6
1
7
9
3
3
16
5
4
1
47
2
2
3
1
3
5
2
55
2
2
3
10
16
5
4
3
3
3
2
35
1
3
1
52
3
6
3
1
1
7
2
41
4
6
2
63
1
7
4
68
16
4
4
33
8
1
2
40
2
1
2
11
3
7
2
16
2
1
3
38
11
5
1
3
4
1
3
61
8
6
4
15
23
3
3
49
2
7
4
6
29
6
2
45
1
1
4
2
12
6
2
71
1
5
3
3
10
1
4
60
2
7
4
25
9
7
3
9
31
7
2
36
1
5
4
66
4
3
1
9
4
5
3
26
1
4
2
31
3
5
2
7
1
4
4
42
5
4
4
15
2
1
4
41
1
5
4
68
8
1
4
9
12
3
4
17
26
5
3
27
14
6
3
15
8
6
3
43
2
7
1
31
3
5
1
60
1
3
1
10
2
5
4
35
5
1
4
47
2
1
4
54
2
7
4
37
11
7
1
32
6
4
1
41
3
7
2
22
1
5
4
66
1
7
4
45
11
7
4
71
5
1
1
9
5
4
1
44
2
6
3
44
2
6
1
66
2
7
4
39
1
3
1
67
1
2
1
42
2
5
4
17
16
4
2
43
4
6
3
6
3
7
4
7
2
4
2
71
3
1
2
29
3
4
4
23
7
4
4
49
1
3
2
5
2
4
2
37
4
6
4
22
10
1
4
39
4
2
1
39
3
5
3
43
8
5
1
6
2
4
1
38
1
3
1
12
9
5
1
30
20
7
2
10
2
1
4
32
9
5
1
4
5
4
4
11
19
6
3
49
8
5
4
40
1
2
1
7
3
1
2
1
3
3
3
25
6
2
2
44
5
7
1
15
5
3
2
55
1
4
3
47
7
5
4
22
15
2
3
55
6
6
4
7
4
1
3
37
3
1
2
32
1
5
4
61
9
7
4
43
12
4
2
4
2
6
2
26
4
5
1
23
3
2
1
35
2
3
2
28
1
5
2
38
1
7
4
61
8
7
1
2
1
1
2
3
2
5
4
6
26
7
4
63
10
6
3
60
23
4
1
33
5
6
3
31
25
4
4
4
22
3
1
27
2
2
2
2
2
6
4
27
12
5
1
43
2
7
2
67
2
4
1
5
1
7
3
18
15
3
1
63
2
5
1
71
3
2
4
55
8
7
2
61
2
6
1
40
1
6
3
33
13
4
3
17
7
6
3
4
21
3
3
42
3
1
2
60
2
4
3
22
9
7
4
2
6
2
2
39
2
2
2
30
2
5
1
42
1
5
4
5
17
4
1
32
1
5
3
11
9
3
2
66
1
4
1
37
1
3
2
34
2
7
1
1
1
2
3
60
29
2
4
41
3
4
3
8
5
4
1
34
7
6
4
49
5
2
2
12
1
7
2
52
6
3
4
54
9
4
2
42
3
1
2
44
4
5
1
16
1
2
3
11
6
6
2
35
3
4
4
34
12
4
4
32
10
1
3
27
7
6
1
43
1
6
