3
37
11
5
3
26
1
2
1
65
2
3
2
14
2
7
2
43
3
7
1
39
1
6
4
47
6
2
2
17
1
7
4
40
1
4
1
8
1
3
1
36
2
7
2
16
2
2
4
23
3
2
1
37
1
7
3
55
8
5
2
60
3
7
4
52
19
2
2
41
2
3
2
12
2
3
4
39
1
4
4
29
3
7
2
43
5
4
4
6
18
4
4
30
2
3
3
32
12
6
4
8
11
5
4
28
12
7
3
63
8
5
2
68
1
5
3
61
4
3
4
54
11
7
1
7
8
7
1
9
5
1
2
25
3
7
4
42
1
5
1
22
2
7
3
15
7
4
2
3
3
1
4
1
12
7
3
13
4
4
4
5
20
1
4
61
1
3
1
2
1
2
2
6
2
2
2
12
1
4
1
29
1
4
3
42
2
6
2
38
5
4
2
8
2
4
4
18
27
7
2
13
2
4
3
16
6
7
3
54
1
1
2
63
3
2
2
65
3
5
3
14
16
7
2
3
1
7
2
33
3
1
4
25
5
3
2
7
1
3
4
5
15
5
4
12
3
1
1
17
5
5
1
8
14
6
1
13
3
2
2
53
2
1
2
42
1
2
2
25
1
2
3
14
13
5
2
61
1
4
4
17
25
4
3
47
1
4
1
43
1
6
3
11
8
4
2
44
4
5
3
8
6
1
2
4
2
1
3
67
28
4
3
45
2
7
2
54
2
4
1
14
7
2
3
28
9
3
1
12
4
1
3
26
7
3
4
12
7
2
4
31
15
2
4
33
10
4
1
52
1
6
3
44
1
3
3
61
3
4
1
52
3
1
4
68
17
4
4
38
3
5
1
61
3
4
2
38
3
3
2
4
3
4
2
37
3
4
2
5
3
3
2
42
3
5
1
29
2
5
3
44
2
3
1
44
1
7
1
33
6
7
3
66
4
1
3
66
9
2
2
15
2
2
4
71
2
7
1
61
2
1
1
49
2
6
2
9
3
7
3
23
18
2
2
2
1
7
1
67
2
6
2
10
2
1
3
16
1
5
4
71
3
5
4
13
15
6
3
25
1
2
4
60
3
4
2
53
1
6
3
68
12
7
1
3
1
2
3
31
28
1
3
6
3
4
1
45
1
3
3
42
4
5
1
11
6
2
4
31
20
5
4
49
7
2
2
13
3
7
3
2
8
1
3
10
7
5
4
9
12
1
1
5
2
4
1
28
2
2
3
23
11
4
2
40
2
3
2
5
2
7
3
15
5
7
4
43
6
6
3
33
6
4
4
61
2
2
2
66
3
5
1
41
1
2
4
15
24
4
2
16
3
5
4
55
4
7
3
35
1
6
3
17
15
5
3
39
3
1
1
18
3
6
2
60
2
4
1
71
3
3
2
11
2
2
3
25
9
1
4
10
9
6
1
42
1
4
4
41
1
4
2
65
1
6
1
4
5
2
1
34
4
7
4
37
8
7
3
36
9
1
2
10
1
4
3
36
4
1
1
68
3
5
2
54
1
3
1
27
1
3
2
26
3
3
3
12
6
5
3
38
10
4
2
36
5
1
1
17
15
5
4
15
6
1
3
49
2
7
1
6
2
5
3
53
7
4
1
31
8
7
3
38
4
4
4
29
11
1
4
67
6
4
2
52
3
5
2
32
3
3
2
33
2
5
1
4
1
2
4
41
4
4
3
34
10
1
3
29
7
4
4
53
5
2
1
7
1
4
1
55
1
5
2
11
1
4
3
60
8
2
1
16
6
3
2
52
1
7
1
45
2
4
3
3
6
2
2
40
4
6
1
67
1
7
2
17
2
2
4
45
12
7
1
60
2
1
2
37
2
2
4
35
4
3
4
8
1
5
2
35
3
4
2
8
1
4
2
55
1
1
4
68
15
6
4
60
5
6
1
6
1
7
3
35
6
3
2
1
2
4
4
14
13
6
2
31
5
5
2
22
2
3
2
7
2
3
2
30
2
5
2
6
1
7
4
65
2
7
4
42
4
6
1
40
1
1
1
16
2
7
4
52
14
4
2
22
3
3
4
16
8
2
4
39
9
7
1
43
3
3
4
47
11
4
3
71
2
5
1
10
2
2
2
18
3
5
3
1
3
5
3
7
3
7
3
28
11
2
4
17
14
5
4
34
8
2
3
12
5
5
3
52
3
3
4
55
10
6
4
4
23
5
2
49
1
1
1
1
3
7
1
26
2
5
1
10
8
7
1
32
6
3
1
18
11
2
3
27
3
4
4
49
5
4
3
6
4
6
4
44
6
4
1
54
3
7
2
9
2
1
1
2
6
4
1
33
7
2
4
28
9
7
3
2
5
3
4
7
6
5
2
34
1
6
3
63
10
3
3
18
16
7
3
17
11
2
4
13
1
1
4
11
13
1
1
1
1
3
2
61
3
5
1
13
6
1
2
1
3
2
2
41
4
4
4
27
1
3
4
32
6
3
1
53
1
1
3
40
4
4
2
26
1
4
3
41
2
3
4
34
14
2
1
35
3
4
3
30
19
4
4
6
21
7
2
47
2
4
3
9
1
1
3
4
5
2
2
39
4
1
3
49
8
1
4
3
12
2
1
71
2
4
1
41
2
1
1
32
5
5
3
3
5
2
4
45
2
5
4
1
2
7
3
34
5
5
3
39
7
4
1
49
1
2
3
40
2
2
2
44
1
7
3
11
14
5
3
33
3
5
3
52
7
5
2
66
1
1
4
7
1
5
1
11
8
1
4
26
10
5
2
27
2
3
3
30
14
2
3
47
9
3
2
15
3
5
3
53
8
7
1
53
2
1
2
45
3
3
1
5
1
5
3
8
2
3
1
60
1
5
1
34
3
6
1
47
3
3
4
25
6
4
3
22
6
6
4
2
7
1
4
9
21
7
1
30
9
3
2
23
1
4
1
15
2
6
1
14
19
4
1
44
4
2
1
66
3
5
3
29
14
2
4
37
12
7
3
7
1
2
3
13
9
2
3
22
11
2
4
54
7
2
3
27
9
4
2
36
1
2
1
39
3
6
4
43
3
6
1
23
3
2
2
32
2
2
1
27
2
1
2
39
3
5
1
63
1
2
2
30
4
1
4
53
3
7
3
45
1
1
4
14
9
5
2
67
1
4
2
47
1
3
3
54
2
6
4
65
7
2
1
9
10
7
4
40
8
6
4
23
12
6
4
26
2
4
2
71
2
1
1
3
7
2
1
35
2
2
1
28
3
1
1
23
2
7
1
63
2
4
3
37
4
4
2
35
1
3
3
68
4
7
1
26
1
1
4
18
3
5
4
22
17
6
1
47
1
6
3
5
2
1
4
38
5
5
4
2
12
2
2
63
1
1
1
40
2
5
2
31
1
2
1
66
2
3
3
18
2
1
1
54
1
6
2
23
3
1
3
10
2
6
3
32
2
6
3
67
21
7
2
28
2
3
4
66
4
4
4
27
3
7
4
22
15
4
2
27
3
5
4
10
22
3
1
38
2
2
2
29
3
6
4
4
20
2
1
25
3
2
4
36
15
6
4
33
2
2
4
63
2
7
1
65
1
7
4
32
2
4
1
68
1
6
2
55
3
3
1
15
3
1
1
22
1
7
1
55
2
6
1
36
1
2
2
29
2
3
3
9
12
4
1
25
1
7
2
67
2
4
4
63
12
1
3
65
19
4
4
44
14
3
3
4
19
3
1
12
6
2
1
31
6
3
2
28
3
5
4
66
5
7
3
43
1
3
3
5
4
3
2
68
3
7
3
1
2
5
4
36
7
1
4
30
6
5
4
67
9
5
3
55
4
4
1
37
2
7
3
43
8
2
4
35
2
3
3
60
7
7
2
14
3
1
3
31
20
2
4
3
22
4
2
18
1
7
2
71
1
3
1
38
1
4
3
65
3
2
4
11
20
1
2
45
4
4
2
49
4
2
3
71
4
4
2
2
2
5
2
34
2
7
3
41
1
2
4
16
3
7
1
30
16
5
1
42
2
4
