1
25
2
3
3
10
24
5
3
33
22
2
2
7
1
3
4
8
3
6
1
55
1
5
3
38
1
4
3
7
3
3
1
33
5
6
2
17
3
7
1
63
2
2
3
9
14
5
1
60
2
3
2
3
3
2
3
61
4
2
3
4
7
7
2
15
1
1
4
37
1
4
3
27
14
4
2
63
2
5
3
41
3
1
3
44
10
4
3
52
12
1
4
38
6
4
3
13
7
4
2
34
1
5
1
36
3
1
4
34
14
3
3
31
11
5
2
65
4
7
1
7
8
7
2
63
1
7
2
13
1
1
1
6
2
5
4
17
26
6
1
15
3
7
4
4
12
7
4
9
1
1
3
29
14
4
4
61
8
5
3
25
3
7
4
14
25
6
4
3
22
2
3
1
7
7
3
49
1
7
1
12
2
4
1
17
14
5
2
25
3
1
3
14
19
2
1
14
22
6
4
13
15
1
4
18
2
3
4
33
11
6
2
4
2
5
1
9
5
2
4
5
19
4
4
29
1
6
4
67
13
4
1
1
3
6
4
33
4
3
4
31
24
3
1
53
1
7
3
13
9
3
2
18
1
6
3
17
8
1
1
55
2
7
3
4
12
6
2
41
1
2
2
1
3
5
3
26
1
4
1
16
3
3
1
39
4
7
1
27
1
2
3
39
3
5
3
54
1
3
1
11
1
2
4
36
11
1
3
31
15
5
4
53
7
3
2
14
2
7
4
63
3
3
4
66
1
7
4
16
5
3
1
18
8
6
1
8
2
6
3
2
3
1
2
17
2
5
2
35
1
4
1
23
3
3
3
29
18
4
2
12
3
5
1
65
2
3
3
45
1
5
2
16
1
4
3
53
2
3
1
49
2
5
1
18
12
6
1
15
2
3
4
54
9
7
3
37
4
7
3
26
9
3
4
7
3
2
4
10
1
7
4
29
16
3
2
9
3
3
2
45
1
1
4
28
11
2
2
6
1
6
3
39
7
2
4
9
33
5
4
45
14
7
4
2
1
5
3
18
4
1
3
36
3
1
4
25
6
6
1
3
2
7
3
68
3
3
1
35
1
7
4
8
2
5
4
26
6
7
3
55
16
3
1
37
2
4
1
45
2
4
2
60
4
3
3
61
2
6
3
60
26
4
4
14
26
5
2
40
4
3
2
60
3
3
2
54
2
2
4
60
6
5
4
55
4
1
4
22
6
1
2
32
1
1
1
9
1
7
3
23
8
5
1
34
5
7
4
11
11
4
2
23
2
3
4
68
9
2
1
11
11
6
4
7
6
5
3
3
7
2
1
67
2
5
1
52
2
1
2
68
4
3
3
6
4
4
3
15
17
2
4
54
8
2
4
53
4
4
3
3
6
1
4
23
7
4
4
41
1
3
3
55
12
7
4
10
8
6
1
26
2
4
2
38
3
6
1
32
1
6
1
1
1
3
2
52
2
2
3
66
4
1
2
39
3
6
1
10
1
1
4
49
3
6
2
44
3
1
3
15
6
7
2
2
3
2
4
32
14
5
2
13
3
4
1
38
3
7
2
10
2
4
1
22
1
2
3
2
4
3
4
52
8
4
1
41
1
6
1
2
4
5
2
36
5
3
3
65
2
1
4
16
3
2
1
39
2
3
4
1
5
7
3
8
14
6
3
63
7
6
3
10
23
5
3
11
25
1
3
63
5
5
2
32
2
3
3
16
8
2
1
40
2
3
4
12
2
3
3
5
3
5
1
43
2
6
2
67
2
4
4
61
11
4
1
66
3
5
1
44
1
7
4
65
1
7
1
23
2
2
4
28
10
2
1
30
2
4
1
27
3
2
2
54
1
1
2
30
1
3
3
16
3
3
4
45
8
1
3
34
8
7
4
40
8
2
2
11
2
6
2
65
3
2
1
53
2
4
4
65
7
5
2
8
3
1
1
31
14
1
4
22
15
7
2
2
2
6
1
60
1
3
3
67
7
6
3
12
7
7
1
31
12
7
4
38
3
6
1
68
1
1
3
53
4
7
2
45
2
3
4
52
6
1
2
34
3
6
4
35
2
4
4
42
5
4
3
37
7
5
3
33
10
4
4
37
9
1
1
63
1
6
2
41
3
5
1
68
3
6
1
61
1
2
3
71
4
4
1
30
4
4
3
47
8
2
3
60
7
3
3
35
1
6
1
29
3
3
4
68
13
7
1
34
3
2
4
30
4
1
2
71
2
2
4
4
6
7
4
41
3
1
3
38
3
6
4
17
15
6
3
34
7
3
1
13
9
6
2
67
1
1
3
18
24
1
2
28
1
1
2
55
1
6
1
17
2
4
2
18
2
1
2
39
2
3
2
38
4
5
4
71
4
3
4
43
6
6
2
27
2
1
4
11
18
1
2
16
3
6
3
12
2
7
4
1
3
4
4
3
20
3
3
5
2
1
2
7
2
5
3
6
6
4
3
65
5
4
4
47
4
2
3
68
15
6
3
49
6
6
1
10
8
7
3
28
9
6
1
29
1
3
2
26
2
2
3
25
1
6
2
47
2
4
3
54
2
6
4
63
9
7
4
27
11
5
2
29
2
7
2
71
3
7
3
30
23
3
3
43
3
4
1
7
9
1
2
29
3
7
1
22
3
3
2
22
3
7
4
49
2
5
2
43
2
7
2
47
1
5
1
42
1
4
2
35
3
5
2
22
2
6
1
14
11
4
3
11
15
1
1
38
1
7
1
71
1
2
3
30
3
1
3
27
13
5
2
15
3
7
4
47
7
4
1
71
3
2
2
61
1
6
2
12
2
4
3
41
1
6
3
47
7
4
4
27
7
7
4
71
6
3
2
33
1
1
2
68
1
1
1
52
1
2
2
27
1
6
4
30
2
3
1
61
2
6
3
35
2
2
2
37
1
4
1
40
1
6
4
44
1
7
1
2
3
5
4
55
3
6
4
60
4
7
2
3
1
7
2
4
1
4
2
55
3
6
4
34
3
3
1
35
4
5
2
5
2
2
4
5
18
7
4
42
4
2
4
6
18
7
2
66
3
5
2
33
3
3
4
15
16
2
4
40
3
3
4
39
10
4
2
14
3
3
4
26
12
6
3
23
16
7
2
5
1
5
1
37
1
4
3
8
13
1
4
18
28
6
1
13
6
4
4
36
14
4
4
32
4
6
4
2
6
6
3
28
4
6
3
52
9
6
1
6
1
1
2
30
2
5
1
16
4
4
2
10
1
7
2
9
2
7
3
9
2
2
3
66
3
5
1
67
1
2
4
35
5
3
4
12
1
6
2
52
1
5
2
43
5
1
4
13
7
1
1
8
4
3
1
65
1
7
2
23
1
3
4
43
12
5
3
44
9
1
3
36
1
3
4
6
25
1
3
43
6
5
1
5
1
3
1
49
1
1
2
31
2
6
2
42
1
3
1
33
1
4
1
47
2
6
1
28
2
5
1
44
2
3
2
44
2
1
1
42
2
7
2
40
1
1
4
15
5
2
3
32
9
7
1
28
1
5
2
53
2
5
3
40
4
3
4
66
3
2
1
32
2
1
3
45
6
2
2
8
1
1
3
42
1
1
2
6
3
2
1
36
1
6
2
42
4
1
1
54
2
3
1
3
7
3
1
26
3
5
3
22
3
3
2
61
2
7
3
67
35
1
1
66
1
3
3
14
18
7
1
54
3
5
1
12
6
5
3
7
4
6
4
23
22
3
3
32
11
2
2
66
1
3
4
44
3
5
3
22
2
3
2
31
3
1
3
42
2
3
3
40
1
5
1
47
1
3
4
25
9
2
1
5
2
4
1
4
4
7
2
49
3
4
2
37
3
5
1
41
2
3
2
28
2
7
4
31
27
5
2
49
4
5
2
25
1
7
2
11
1
7
1
4
3
3
3
1
3
2
1
25
3
1
1
45
1
4
3
17
11
3
4
39
4
4
2
53
3
1
4
67
36
7
2
1
2
2
2
26
4
4
2
36
3
3
3
71
3
3
1
43
1
4
