1
3
7
7
2
1
3
1
1
28
1
4
4
54
3
4
2
42
2
4
3
55
14
4
1
23
3
7
2
4
2
6
4
16
1
3
2
52
7
3
2
13
1
2
4
15
11
6
2
30
3
3
1
12
12
3
2
44
3
7
4
18
11
6
3
68
7
4
4
60
4
3
4
28
6
1
4
54
7
3
4
22
19
7
4
49
1
4
4
36
11
2
4
2
5
7
4
18
7
3
3
41
4
4
4
55
5
3
4
7
5
5
4
8
11
4
1
37
1
2
2
33
2
1
1
5
2
6
2
41
2
4
3
39
7
5
2
47
1
3
4
4
26
1
1
12
13
4
2
61
3
2
3
29
10
3
4
8
3
6
4
29
13
6
3
22
4
7
3
36
12
1
1
1
1
6
3
41
3
6
1
65
1
4
2
8
3
5
2
40
1
4
2
15
2
5
2
23
1
3
1
10
8
2
3
30
23
2
2
32
3
5
1
5
1
1
2
33
3
7
1
32
4
3
2
53
3
3
2
47
4
2
1
44
3
5
3
40
4
6
1
29
2
7
4
1
14
2
3
63
7
3
3
12
4
7
3
44
1
6
4
30
2
5
2
31
4
1
2
41
1
1
1
7
4
1
3
65
1
4
3
14
24
7
3
7
3
2
1
36
2
6
4
66
2
4
4
40
2
7
1
54
1
3
3
53
3
4
4
47
17
5
3
7
4
3
4
32
11
7
2
55
1
1
1
2
6
3
3
45
4
6
2
68
4
5
2
44
5
6
4
41
3
4
2
63
2
2
4
5
10
2
4
38
1
1
4
52
20
5
3
26
12
1
2
7
2
2
2
12
3
4
1
29
1
2
4
43
12
3
4
53
14
7
3
14
6
7
4
1
4
2
2
25
2
2
1
26
2
3
2
67
2
3
3
43
1
2
4
68
13
7
1
33
2
7
4
53
15
3
4
13
9
5
3
35
5
2
3
49
2
4
1
35
4
4
2
6
1
1
2
34
2
1
1
52
2
5
2
31
5
5
3
3
2
4
2
52
5
1
3
39
5
3
1
36
3
4
4
32
9
1
1
40
2
5
1
8
1
5
3
52
18
3
4
10
16
5
4
14
34
5
4
52
1
7
4
67
10
5
3
49
8
5
1
67
2
3
2
7
3
2
3
15
6
3
4
13
8
4
1
17
11
4
3
66
8
6
3
71
5
3
1
6
2
2
3
11
23
4
3
25
4
3
4
5
11
3
3
55
6
3
4
71
6
3
2
34
1
6
2
53
1
7
2
26
2
7
3
67
1
3
3
40
1
7
2
26
3
4
4
23
12
2
1
71
2
7
1
2
1
4
2
17
2
5
4
34
8
4
2
66
2
4
1
31
12
6
2
43
5
3
2
2
2
6
1
34
10
5
4
12
5
1
3
33
21
4
1
60
2
6
4
49
3
4
4
38
9
3
4
55
1
1
1
52
3
6
2
60
3
7
2
25
3
1
1
39
1
5
3
4
2
1
1
22
3
2
4
11
29
1
3
17
7
5
4
27
9
5
2
37
2
7
4
65
2
3
1
4
5
4
4
63
7
3
1
13
9
2
4
44
8
4
2
63
3
5
2
28
2
7
3
16
3
4
4
33
4
3
4
36
3
4
3
38
3
2
3
3
4
2
1
16
4
6
1
14
6
5
4
31
16
3
1
53
2
5
2
35
3
2
2
49
2
3
3
47
1
4
4
22
18
1
3
23
7
1
3
10
3
1
1
15
1
4
3
6
3
5
3
9
16
4
1
33
1
1
1
42
2
3
4
6
6
7
3
37
7
1
3
35
1
2
3
44
3
3
1
22
2
5
1
71
1
6
3
34
4
1
1
45
2
6
4
3
12
6
2
49
4
6
2
54
2
2
4
26
3
3
2
71
3
6
4
42
3
5
1
32
2
1
2
17
3
2
2
28
1
7
4
15
3
7
2
5
2
6
4
34
14
3
1
13
6
7
4
29
15
7
2
32
1
6
3
27
8
2
1
35
2
2
4
35
1
2
2
38
4
1
2
27
2
1
4
14
15
4
4
25
6
5
3
42
1
6
2
23
2
7
1
55
2
1
2
14
3
6
1
49
2
5
2
1
2
5
4
6
31
2
2
29
1
3
2
3
3
7
1
30
13
2
1
25
2
2
1
60
1
5
2
13
2
1
1
25
1
2
3
60
29
6
3
54
1
4
4
25
9
5
2
68
3
3
1
27
3
6
1
42
1
4
3
34
7
1
2
14
1
4
4
42
1
3
3
45
5
3
4
9
10
1
1
30
7
6
4
2
7
2
2
9
3
1
3
71
3
6
2
36
2
2
4
60
2
4
1
68
1
2
1
55
1
6
3
2
12
7
3
52
9
4
3
28
5
4
3
2
6
3
4
23
23
7
2
40
3
3
2
16
2
3
2
35
1
6
1
61
3
1
1
9
3
1
4
40
7
7
1
43
3
6
4
3
4
2
3
18
9
3
4
63
4
6
3
26
6
7
2
22
1
6
3
68
12
4
3
11
3
1
1
9
9
2
1
11
12
3
4
45
9
4
4
71
1
4
4
4
3
1
2
30
2
4
2
9
2
5
3
5
4
3
3
42
2
3
2
2
1
4
3
18
4
4
2
61
2
2
3
5
5
7
2
54
1
6
2
27
3
1
4
28
8
3
4
35
2
2
4
67
21
1
1
27
2
5
4
68
2
6
4
39
10
5
1
10
7
5
2
37
4
6
4
11
20
3
3
17
5
7
1
31
8
3
3
66
5
6
1
4
7
5
2
45
1
1
2
39
4
5
2
15
3
7
3
61
7
3
4
45
13
7
2
60
2
3
1
34
8
2
2
8
1
5
4
61
9
1
3
1
7
3
4
61
5
2
4
44
6
2
1
63
2
4
1
68
3
5
1
17
6
4
4
47
14
7
4
39
1
2
3
60
17
4
1
47
1
5
1
26
1
7
3
30
27
3
3
32
8
1
3
13
3
2
2
12
1
4
4
17
8
6
1
45
1
6
2
65
1
7
3
53
7
2
4
37
14
5
1
3
1
4
3
8
11
4
1
28
2
2
2
22
2
4
1
39
4
7
2
55
2
2
4
27
2
3
4
33
11
4
4
37
2
7
4
9
16
4
2
67
1
6
3
12
7
1
3
23
19
3
4
17
10
6
3
33
10
4
3
1
2
7
3
65
7
1
1
6
1
5
1
38
2
6
1
44
2
5
2
36
3
5
1
66
1
2
3
22
11
1
3
27
6
5
1
66
3
5
2
5
1
5
3
6
6
6
4
31
9
2
1
23
2
5
3
61
10
2
3
67
20
5
1
8
6
1
3
31
5
1
3
54
2
5
2
10
1
4
2
18
4
1
3
63
12
5
1
15
4
3
3
8
9
6
2
29
3
4
3
31
8
6
2
10
2
1
3
38
4
1
2
16
3
1
2
3
1
4
1
18
15
7
1
7
11
7
2
71
1
3
2
4
1
3
1
41
1
3
1
38
1
6
1
54
3
6
2
38
5
2
1
40
1
6
4
30
5
3
1
18
5
4
4
66
5
1
1
11
8
6
3
13
9
3
1
65
2
2
4
7
7
6
3
15
8
2
1
49
1
1
3
37
3
7
4
43
2
3
2
11
3
4
3
43
8
3
3
25
9
5
3
32
4
5
2
11
1
7
1
1
2
1
3
36
8
3
4
12
7
3
3
4
5
6
4
16
6
6
2
45
3
2
2
66
3
2
1
16
6
2
1
53
1
6
2
42
4
3
4
65
12
2
3
29
2
4
1
67
1
5
3
16
7
1
1
43
1
1
3
9
27
4
3
47
8
3
4
10
1
7
1
61
2
5
1
63
1
7
4
41
1
3
2
65
3
5
3
28
7
4
4
26
5
1
1
41
3
5
2
6
2
6
1
37
2
6
2
43
4
5
2
18
1
3
3
10
10
3
2
39
2
2
1
47
2
2
1
14
17
6
