1
55
1
7
1
7
6
1
2
27
3
6
4
3
8
1
3
60
11
2
2
25
2
5
4
5
16
4
3
26
12
4
2
25
1
7
4
54
12
4
4
17
22
4
3
4
20
2
4
71
4
2
1
16
5
1
3
33
21
6
4
45
7
7
3
22
4
1
4
15
14
5
4
6
1
7
3
25
9
2
3
66
9
4
3
67
23
7
4
40
3
2
3
42
4
5
1
22
3
1
1
49
2
1
4
4
23
7
3
32
3
4
2
53
2
4
4
10
13
1
4
42
3
5
1
15
4
5
4
26
7
4
4
3
3
3
4
71
6
6
4
32
3
2
4
7
4
6
4
1
8
2
2
40
3
7
1
30
10
4
1
4
5
3
4
38
6
5
3
6
6
3
2
17
2
5
4
33
3
2
4
37
11
7
4
14
14
5
3
41
1
4
2
30
1
6
1
18
8
3
2
1
3
7
4
68
6
1
3
55
17
2
3
41
2
1
3
36
11
2
3
11
3
7
3
35
6
1
2
52
5
2
4
35
3
1
3
9
24
6
4
53
12
7
3
44
5
7
2
63
1
4
4
4
5
1
4
65
12
1
3
1
1
1
3
9
17
4
2
1
1
6
1
4
7
5
1
44
2
5
2
8
1
1
4
13
9
6
1
8
6
4
3
26
9
3
3
34
7
5
2
22
1
6
3
16
1
1
3
53
5
2
1
67
1
4
2
2
1
2
1
37
2
6
1
40
1
5
1
28
3
4
4
11
16
6
2
10
1
5
3
17
1
5
3
52
11
2
1
16
2
2
3
30
27
1
1
10
5
5
1
2
3
3
1
65
1
4
3
13
4
4
4
12
9
7
2
47
4
4
2
6
3
5
4
36
1
7
4
25
1
7
4
54
1
3
1
34
9
6
3
65
12
5
2
44
4
3
4
44
2
6
4
14
5
6
2
38
1
7
4
2
1
4
4
30
5
2
4
25
9
7
2
36
5
5
3
28
16
1
1
5
2
7
1
61
1
6
1
23
1
2
2
37
1
1
1
68
2
4
2
30
3
1
4
40
7
5
2
54
2
3
1
29
3
6
4
10
16
4
3
67
33
2
2
14
3
6
1
32
6
7
3
29
19
6
3
8
15
5
3
65
1
3
2
44
2
5
2
18
3
2
2
23
2
1
2
11
2
4
4
15
3
6
4
34
10
1
3
44
9
5
2
6
1
4
2
45
1
3
1
71
2
7
4
67
21
4
2
65
3
1
2
28
1
2
4
43
3
4
1
23
3
4
1
7
8
1
3
63
2
7
1
18
10
4
4
32
11
3
1
26
2
2
2
13
3
7
4
31
19
3
1
35
1
7
2
67
1
3
4
18
16
5
3
14
21
5
4
67
17
3
4
35
2
5
3
3
1
5
3
39
7
6
3
25
1
6
3
23
17
4
3
2
6
4
4
7
1
6
2
41
4
6
4
18
11
6
2
26
4
6
2
52
3
6
1
6
2
3
4
47
2
1
4
63
4
6
3
60
28
6
2
35
2
2
2
47
1
5
1
44
1
3
3
63
4
7
2
12
2
4
3
34
11
6
3
71
3
4
3
53
3
7
1
55
2
5
3
54
2
6
2
12
3
6
2
13
2
3
2
8
2
3
2
60
2
6
4
2
10
4
3
5
5
7
4
17
6
5
4
12
7
7
3
32
12
6
4
60
2
2
4
45
8
6
2
4
1
7
2
3
3
5
3
7
1
1
3
15
8
6
1
60
1
5
3
71
1
3
2
33
3
5
1
47
2
5
4
36
2
2
3
23
12
2
1
12
10
4
4
63
9
3
4
27
10
4
2
61
2
7
2
68
3
3
2
67
2
4
4
28
9
1
1
37
1
7
1
31
2
7
2
27
2
5
2
31
2
2
1
38
3
1
3
42
1
7
1
34
7
6
3
40
6
7
3
16
8
6
3
29
12
5
2
60
3
2
3
36
8
4
4
11
26
2
3
66
5
5
3
43
1
2
4
26
5
5
1
25
1
4
1
63
2
3
1
39
3
1
3
40
4
3
2
29
2
1
1
54
3
1
4
66
5
2
3
31
4
1
4
30
8
2
1
38
2
1
1
2
1
7
1
14
20
7
2
15
3
4
1
40
3
4
1
54
2
7
1
45
1
3
1
9
5
4
2
34
1
1
2
34
2
3
4
23
4
2
4
16
4
1
2
55
3
6
3
2
11
5
1
42
1
4
3
47
6
5
3
18
14
5
4
22
14
1
3
61
6
3
2
9
1
3
1
17
13
6
3
45
7
2
2
23
1
4
1
66
1
1
1
10
8
1
3
52
15
1
4
60
4
3
4
61
10
4
1
3
1
4
4
49
6
2
1
66
3
3
2
53
3
5
3
68
16
4
4
44
12
5
4
8
17
7
1
3
3
5
2
71
1
3
4
22
2
2
2
5
2
2
3
38
9
3
4
28
13
4
2
39
3
4
1
63
1
2
4
47
17
2
2
54
1
3
3
49
7
7
3
15
11
6
1
14
17
3
1
9
1
2
2
45
3
2
2
2
2
6
2
7
2
2
2
40
2
4
3
11
22
7
3
7
4
5
1
43
1
1
2
7
3
1
2
18
4
1
3
47
4
4
4
39
4
5
2
35
1
6
2
61
3
4
2
37
4
7
2
22
3
6
4
39
7
7
1
71
3
1
1
5
1
7
4
13
1
3
3
8
11
6
1
61
2
7
2
15
2
3
3
10
18
2
3
14
8
6
1
27
1
4
4
66
4
3
2
68
2
7
3
13
3
6
1
26
3
4
4
42
4
6
3
49
8
5
4
9
2
2
2
10
3
5
3
27
9
1
1
8
17
2
1
33
1
4
2
63
2
2
1
33
8
2
1
35
2
6
4
37
2
1
3
27
2
2
2
38
5
7
4
65
1
3
3
30
25
3
1
11
7
7
4
31
28
4
1
65
2
4
2
66
3
1
1
11
10
2
2
28
3
7
3
12
2
7
1
36
1
1
1
39
4
1
3
6
1
6
1
43
3
3
3
37
7
2
2
5
1
3
1
12
7
7
3
4
28
6
1
45
2
2
2
39
4
4
4
52
14
2
2
26
1
3
2
16
1
3
4
23
17
5
4
9
17
3
3
33
13
7
2
36
2
1
3
3
3
1
4
29
5
3
3
61
3
4
2
43
1
4
2
4
3
4
4
34
13
3
1
6
1
6
1
25
2
3
1
41
2
3
2
32
1
7
2
66
2
7
3
31
8
5
3
10
4
5
3
55
7
1
4
1
11
4
4
68
7
1
4
33
7
1
3
28
9
1
4
8
1
2
4
29
7
7
1
49
1
4
3
22
10
2
1
53
1
2
2
17
3
1
4
53
15
7
1
28
1
4
4
52
6
4
2
71
2
2
4
41
1
1
3
5
2
2
3
37
11
1
3
18
9
4
1
36
3
2
4
6
6
7
1
68
1
3
4
38
4
4
2
29
1
7
4
55
4
3
4
27
1
2
2
65
4
6
1
22
2
7
2
33
1
7
3
1
4
7
2
41
1
4
1
60
2
3
3
45
1
6
3
17
14
3
4
41
2
4
4
16
12
4
3
12
4
4
1
15
1
2
1
42
2
5
3
54
1
2
2
49
2
7
1
52
1
1
2
9
3
6
1
31
11
3
2
49
3
6
1
1
3
4
3
39
2
5
2
16
2
6
1
52
2
3
2
55
2
2
2
11
1
1
1
30
6
1
3
38
6
2
2
31
5
5
3
43
4
2
2
42
2
2
1
67
2
7
4
43
11
1
1
1
2
1
3
35
3
4
1
29
2
5
2
3
1
4
1
27
2
6
1
17
1
2
1
53
2
3
2
42
4
6
4
55
10
4
1
47
1
3
1
32
7
1
2
14
2
7
1
41
3
7
2
32
3
3
1
13
4
4
1
13
1
4
4
61
2
6
4
5
24
4
4
49
4
2
2
43
2
7
3
68
14
2
