2
38
1
4
4
2
5
6
2
7
1
6
4
8
19
4
3
47
5
4
1
22
3
1
2
16
1
3
4
8
5
3
1
27
2
5
4
34
12
2
3
66
3
7
1
10
6
2
1
13
9
6
4
30
3
5
1
37
2
5
4
47
8
6
1
14
4
4
3
42
4
2
2
11
2
2
2
10
2
5
4
60
2
6
4
52
11
5
1
36
3
7
2
52
6
1
1
8
8
7
4
39
3
1
3
38
8
6
1
43
2
3
2
5
2
4
3
68
7
6
1
29
2
5
2
30
5
5
3
14
10
4
3
25
3
4
3
23
17
4
3
44
2
1
2
22
3
1
2
26
3
2
3
37
10
1
1
18
15
1
1
7
9
4
3
29
11
7
1
67
1
5
1
60
1
5
4
14
33
5
3
39
4
5
4
7
3
7
4
26
7
6
1
32
5
4
3
68
1
7
2
47
2
4
3
4
6
2
4
36
2
3
1
60
2
3
3
52
18
5
1
30
16
4
3
43
2
1
3
61
1
2
1
32
4
4
4
31
5
3
4
35
1
3
3
55
3
5
4
33
9
7
3
1
8
1
1
42
2
1
1
35
2
1
3
31
2
1
2
3
3
2
3
40
1
3
2
9
3
1
1
6
1
5
2
5
1
5
3
4
11
6
3
71
3
5
4
37
14
6
2
9
2
5
3
41
2
2
4
6
5
5
3
17
5
6
4
30
6
5
3
32
1
6
1
14
2
3
4
63
12
3
1
55
1
2
4
12
10
7
4
44
17
2
1
66
3
3
3
9
20
2
1
45
1
4
4
5
13
2
4
16
8
4
2
33
3
7
1
61
2
6
4
42
5
6
2
61
2
2
3
65
10
4
2
67
2
4
2
45
1
3
3
60
17
1
3
26
5
7
2
52
3
3
2
43
4
4
1
39
1
2
3
71
4
3
2
36
1
3
4
27
5
5
2
10
3
7
4
29
6
3
2
44
4
2
4
15
14
3
3
2
10
3
1
6
2
7
3
37
11
4
1
15
2
7
1
54
3
2
2
65
2
3
2
25
3
1
3
67
31
5
3
6
5
4
3
7
3
7
1
67
2
2
3
11
6
2
4
9
20
1
2
3
1
5
4
39
7
1
3
53
4
2
1
26
3
5
1
52
3
5
4
66
5
1
4
10
30
5
3
54
1
1
3
12
4
6
2
35
2
5
3
55
7
4
4
44
13
2
4
18
14
7
4
41
3
7
3
5
1
7
4
13
5
6
2
68
4
6
4
65
15
2
4
1
14
2
4
31
27
1
4
55
10
5
2
54
1
4
1
9
12
2
1
12
18
7
1
47
2
6
4
23
20
5
1
31
2
2
2
66
2
2
1
47
1
1
4
54
12
6
3
33
20
1
2
44
5
6
4
63
4
4
1
16
1
5
1
17
11
4
2
7
3
5
2
18
4
4
1
29
1
2
1
26
2
3
3
36
1
7
1
4
6
5
2
47
1
6
3
8
12
5
4
13
13
4
1
5
2
5
2
23
3
1
1
63
2
1
2
55
1
7
3
42
1
3
2
17
1
1
1
3
8
5
2
12
2
7
3
34
3
7
2
66
1
5
1
11
12
2
1
33
8
4
1
2
3
7
4
67
33
4
1
7
5
1
2
40
3
3
3
25
1
7
2
65
1
7
4
71
3
6
2
41
2
5
1
25
3
3
1
41
2
5
3
6
6
1
3
5
3
7
1
55
2
1
1
42
1
7
3
10
15
6
3
30
11
7
1
41
1
6
2
6
3
4
3
26
2
6
3
9
6
7
1
4
2
1
4
60
9
1
2
33
1
3
2
53
1
6
2
23
1
3
3
7
4
3
4
9
10
4
3
45
5
3
3
10
17
1
2
42
4
6
4
11
21
2
1
66
1
3
3
18
10
6
4
16
12
7
3
13
6
2
4
14
2
6
4
15
15
3
4
61
12
4
4
6
24
6
2
37
1
7
2
16
3
5
1
8
1
6
2
27
2
5
3
36
13
6
2
61
3
2
3
45
4
6
2
25
2
1
3
15
5
4
3
23
1
6
4
45
12
1
2
68
3
7
4
4
22
2
2
8
3
4
2
29
2
3
3
49
3
7
1
44
3
5
4
25
1
2
1
45
2
4
4
26
11
5
1
49
1
3
2
43
2
5
4
49
1
5
2
37
3
6
2
14
3
1
3
15
8
2
3
31
22
7
4
61
6
2
4
3
6
3
1
63
1
6
4
42
4
3
1
30
19
7
4
22
15
6
2
31
1
6
4
43
9
5
1
38
2
1
2
28
1
1
2
2
1
2
2
67
1
4
4
55
7
1
2
27
3
6
3
18
1
6
2
71
1
5
1
31
6
5
1
16
3
4
1
5
1
3
3
27
7
3
3
8
6
5
1
23
3
5
4
68
5
2
4
40
2
5
2
36
2
2
3
11
12
3
4
37
9
5
2
31
3
3
2
32
2
7
3
14
21
1
3
35
2
2
3
61
7
6
2
22
1
7
4
1
4
1
4
23
17
6
1
35
1
1
1
18
13
6
4
25
8
5
4
36
6
4
1
68
1
4
1
39
2
5
1
15
1
1
2
15
2
3
3
3
3
3
2
39
4
5
1
23
2
1
2
41
5
3
4
5
4
3
2
4
1
3
3
63
7
4
4
34
5
4
1
40
1
7
2
60
4
1
3
34
5
5
3
16
5
2
2
53
2
1
2
13
1
2
4
54
9
5
4
71
2
4
3
35
5
1
2
14
1
3
1
10
5
1
3
54
2
1
3
49
4
5
3
60
4
1
4
33
1
6
2
8
1
2
1
2
4
6
3
47
3
7
1
12
11
5
4
10
22
1
3
27
4
7
2
34
2
7
3
43
7
7
3
3
1
6
1
28
1
7
2
6
1
1
3
30
17
7
3
41
3
1
3
28
10
3
4
41
4
3
2
42
3
5
2
15
3
4
1
65
2
7
4
35
2
4
4
4
8
1
2
17
3
2
3
29
14
4
4
45
7
5
2
63
1
7
3
63
8
5
1
27
3
3
2
30
1
7
4
40
6
6
3
13
9
1
3
22
5
5
2
12
1
1
4
47
14
1
1
33
2
1
1
22
2
4
2
34
1
7
4
27
8
2
2
55
3
2
3
16
2
5
3
33
10
6
2
26
4
3
3
2
3
2
2
49
2
5
4
67
29
1
4
32
9
3
1
38
1
1
4
12
9
4
1
44
4
2
2
4
2
1
1
52
1
3
1
53
2
3
2
1
3
1
4
28
10
6
3
39
6
3
1
1
2
1
1
37
1
7
4
17
16
2
4
3
4
1
4
53
9
5
3
32
7
5
3
28
6
7
2
13
3
7
2
40
1
5
2
32
4
6
4
22
10
1
4
7
2
1
2
38
5
3
1
49
2
6
2
63
3
3
3
12
1
5
4
53
3
4
4
65
8
1
4
17
10
5
2
35
1
6
4
49
6
5
2
60
2
6
4
66
4
4
3
22
10
6
4
68
18
4
2
49
4
3
1
36
2
7
2
71
2
3
2
28
2
3
1
71
2
7
3
17
2
6
3
52
6
2
3
67
28
7
2
54
2
1
1
28
2
7
4
52
5
3
4
2
11
4
4
18
3
4
4
43
2
7
3
53
7
6
4
11
23
3
4
28
5
6
1
25
1
1
2
2
3
3
2
45
2
5
1
71
3
5
1
1
3
6
3
66
6
3
1
34
11
3
1
53
1
7
2
29
1
5
3
65
3
5
3
40
5
2
1
3
7
4
3
38
6
4
1
54
2
3
1
43
1
4
2
1
1
2
1
17
3
4
1
40
3
6
1
11
8
3
1
65
1
1
4
29
3
3
3
1
9
6
3
44
3
2
2
11
1
6
4
38
1
6
1
9
11
3
1
61
3
2
4
32
2
2
4
38
3
1
2
18
3
7
1
68
3
2
1
34
9
3
1
13
8
7
2
39
2
3
