3
44
3
5
4
71
1
2
2
22
1
5
1
44
3
2
3
15
5
5
4
7
1
4
4
18
6
1
3
4
18
5
2
16
3
6
3
34
10
6
1
16
5
6
1
27
1
5
3
66
8
5
1
11
6
5
2
1
2
7
1
1
3
5
4
1
11
4
1
53
1
4
1
13
6
5
2
41
1
1
1
17
5
1
4
68
2
2
2
39
2
3
2
27
2
3
2
1
3
4
4
54
9
1
4
25
1
4
3
27
15
1
1
55
2
5
2
33
3
6
4
27
7
3
1
67
3
5
1
1
2
1
4
39
7
3
3
68
12
7
1
12
15
2
1
10
5
1
3
17
16
5
4
71
6
5
4
3
20
2
2
15
2
2
3
55
16
5
1
18
9
7
4
29
9
4
2
36
4
6
2
71
1
2
1
22
3
1
3
55
5
7
4
43
12
2
4
26
5
4
4
5
19
7
3
63
13
2
4
28
5
6
2
13
2
2
2
67
2
3
3
9
12
1
3
25
3
7
2
30
1
6
3
49
6
3
4
36
8
2
1
23
2
3
4
39
5
2
2
66
2
2
1
37
2
3
1
45
2
4
4
68
8
3
1
37
1
1
4
53
4
6
2
3
2
1
1
29
2
3
2
49
4
6
3
10
25
4
4
1
12
4
1
41
2
1
2
54
1
1
3
39
9
5
2
5
2
6
2
9
3
2
4
13
11
4
3
13
8
5
4
44
15
5
3
54
1
7
3
14
13
4
2
33
1
6
2
11
2
5
2
53
2
3
1
11
3
4
3
60
29
5
3
53
1
1
2
2
1
7
3
12
7
4
4
67
30
1
4
40
7
2
4
53
13
3
3
66
5
1
4
63
5
1
3
6
4
7
1
12
2
3
3
38
9
6
3
11
11
3
2
68
1
4
2
42
2
4
2
67
1
5
3
47
5
5
3
40
1
2
3
65
20
7
4
42
5
6
3
30
27
6
2
41
3
6
2
32
2
3
2
3
3
7
2
2
3
7
3
71
4
3
4
33
1
1
1
71
3
5
1
65
2
7
3
36
3
4
4
31
22
3
4
10
19
5
1
39
3
2
3
65
6
1
4
3
4
3
3
35
5
2
1
33
6
7
3
42
4
5
3
6
5
2
3
34
3
4
4
13
15
3
4
5
15
5
1
47
1
6
2
11
1
1
2
8
3
6
4
35
4
2
1
40
2
4
2
12
1
2
3
45
4
4
2
37
2
2
4
16
1
4
1
23
1
7
1
7
9
4
2
68
4
7
3
8
14
1
4
17
8
6
3
67
10
3
2
22
3
3
4
28
13
1
1
54
1
1
1
15
5
2
1
66
2
2
4
65
4
7
3
9
9
6
1
40
3
6
2
8
2
3
4
35
2
7
3
71
3
4
3
2
10
2
2
63
1
6
4
6
13
6
1
26
3
2
3
26
10
4
1
38
1
7
2
25
3
5
1
35
4
6
2
29
2
7
1
28
2
3
4
9
32
4
1
30
15
3
4
38
4
3
4
11
1
5
2
30
5
6
2
4
1
1
4
11
19
2
1
32
4
3
2
7
2
6
1
26
1
7
1
15
2
7
2
44
2
5
3
18
24
1
1
9
5
6
3
15
13
7
3
3
9
2
4
60
7
6
4
9
9
4
3
67
14
7
2
71
3
5
1
39
4
4
2
47
4
2
4
63
6
6
2
37
1
1
1
68
3
1
1
53
2
3
4
66
3
2
4
61
9
6
1
67
1
4
1
2
7
5
4
43
3
6
1
41
1
3
4
34
7
3
2
13
1
4
1
63
2
1
3
39
6
6
3
52
3
3
2
38
1
6
2
29
1
2
3
68
16
6
4
12
8
7
3
61
8
1
3
42
3
5
2
61
1
5
1
10
6
7
3
11
22
4
1
61
2
7
4
42
2
6
1
43
2
5
4
17
17
2
2
18
3
6
4
26
1
2
3
29
11
1
4
30
3
1
1
4
6
7
4
60
4
3
4
32
1
6
2
27
3
1
1
18
13
6
1
60
2
1
1
2
3
4
4
34
14
7
3
23
14
3
1
68
2
4
4
55
2
1
3
14
25
2
4
8
13
2
3
22
9
2
1
25
3
3
4
47
3
4
3
31
28
3
3
25
9
4
2
52
4
3
3
41
2
2
4
10
2
7
2
55
2
4
1
8
14
3
2
26
4
1
1
55
1
5
3
23
11
1
4
44
18
7
2
43
2
1
4
66
6
5
1
3
8
7
3
61
7
4
2
61
3
7
3
43
5
6
3
5
5
2
1
27
3
6
3
54
2
5
4
27
6
6
3
7
3
2
2
63
3
2
4
6
28
6
4
8
3
7
2
16
1
2
2
55
3
7
1
43
1
6
3
26
3
1
1
65
1
5
3
37
10
1
4
33
2
3
3
12
4
5
4
45
12
6
3
33
11
3
1
49
2
7
2
31
4
3
3
33
1
2
3
2
5
7
2
40
3
1
4
32
7
4
4
49
8
7
3
47
8
2
4
40
8
3
1
66
3
1
2
35
3
2
2
49
3
2
3
4
14
5
4
49
4
4
1
25
1
1
3
27
8
2
3
44
9
5
4
22
14
3
4
2
5
2
2
39
1
1
2
38
2
1
1
36
3
5
1
52
2
3
4
31
19
1
2
53
1
5
2
65
2
5
2
6
2
2
1
6
2
6
2
9
1
4
1
42
2
1
4
2
13
5
1
33
4
6
4
36
15
3
3
32
2
6
4
22
16
2
4
52
8
5
2
10
1
7
2
15
1
5
1
45
1
4
2
32
3
5
2
35
2
4
4
7
8
2
2
17
2
4
2
14
2
4
2
18
4
2
3
38
12
6
4
45
1
1
2
34
2
1
2
36
1
4
4
15
5
1
1
28
1
6
1
42
1
6
3
16
8
7
3
17
10
5
2
5
3
1
4
54
5
6
4
38
9
2
3
31
29
4
1
16
6
4
3
35
6
1
4
23
16
6
1
34
4
3
2
44
5
2
1
6
1
7
3
60
6
7
4
65
13
2
1
35
3
4
3
10
9
7
4
52
18
6
3
8
13
1
1
9
3
7
1
14
9
7
2
42
3
1
3
1
2
5
2
60
2
1
1
71
1
4
1
5
1
4
1
61
3
2
4
29
5
2
1
36
2
3
1
8
6
3
2
17
3
4
3
1
5
2
1
63
1
7
1
7
8
4
3
7
1
1
1
34
3
2
2
60
4
2
4
25
8
4
3
49
3
3
1
30
14
7
1
60
1
2
1
47
2
5
2
23
2
7
1
3
4
6
2
40
2
5
2
14
1
1
4
12
2
7
2
7
1
3
1
5
2
7
4
41
2
2
3
36
9
7
1
38
2
3
3
28
7
6
3
28
1
1
3
43
7
1
4
30
5
4
2
43
1
5
1
4
4
5
3
40
4
2
4
14
32
2
4
41
1
3
2
28
3
7
2
28
2
5
3
30
3
6
3
52
6
7
2
34
3
4
4
47
13
7
2
45
4
3
1
14
18
2
4
23
3
2
1
29
1
6
1
22
1
3
2
23
3
1
3
18
23
3
1
49
1
1
3
37
7
2
4
55
10
1
2
66
1
5
4
16
6
3
2
54
2
1
3
5
3
4
1
13
7
1
2
52
2
1
1
44
4
7
4
14
4
2
2
31
3
1
3
22
6
7
4
37
6
3
2
65
3
4
2
25
2
1
4
61
1
4
1
31
18
1
3
63
12
7
3
53
4
4
4
18
12
5
1
54
2
7
4
4
2
2
1
32
5
7
4
67
4
7
4
37
10
6
3
13
6
3
3
45
1
2
2
4
3
1
2
26
1
2
2
45
3
7
2
12
2
1
1
17
3
3
3
3
5
5
4
4
27
1
1
31
14
2
2
6
1
7
3
32
9
5
2
10
3
4
3
29
1
4
1
52
3
4
3
16
2
1
2
47
3
6
4
15
22
5
3
41
1
4
