4
3
6
5
3
27
4
1
1
65
1
6
2
32
1
2
4
28
12
6
2
39
1
1
4
23
2
1
4
12
6
6
4
33
5
7
1
22
3
3
1
42
2
5
4
44
7
5
1
11
2
3
2
26
3
5
4
45
3
3
3
39
7
6
3
30
11
2
3
52
14
5
2
40
1
4
4
61
8
4
4
7
2
7
3
14
6
3
2
49
4
1
1
3
9
5
1
41
1
1
3
29
11
1
3
68
15
7
1
15
4
6
3
45
6
6
1
60
1
6
1
45
1
5
1
11
11
5
1
61
1
7
3
49
8
4
4
9
12
1
4
34
8
2
1
53
1
4
3
28
16
3
1
12
16
2
1
14
22
5
3
55
7
2
1
16
1
7
1
31
16
5
4
40
2
4
1
3
3
1
3
67
7
5
2
43
2
6
1
36
1
7
4
18
15
1
4
65
3
5
2
67
2
5
1
9
5
6
1
5
1
5
3
33
1
6
1
16
4
5
3
60
2
4
1
30
19
1
1
38
3
3
2
17
1
2
3
31
18
4
3
34
6
2
2
11
2
4
4
67
16
2
4
13
11
4
2
22
2
2
1
67
1
3
2
37
4
1
1
63
1
5
4
45
7
6
3
16
6
3
3
22
10
6
4
52
9
7
1
1
3
5
4
32
7
6
1
2
1
1
4
31
16
3
2
31
2
1
3
7
5
7
2
9
2
1
3
8
18
6
4
66
6
5
2
3
3
4
3
38
9
2
3
65
19
4
1
45
2
4
4
63
6
7
2
66
1
1
1
33
5
4
1
52
3
1
1
32
3
5
3
41
1
5
4
36
13
7
3
4
25
2
2
60
4
6
4
41
3
4
3
11
21
6
1
12
8
4
4
11
22
6
1
55
1
2
2
29
3
5
4
23
23
4
4
17
3
3
4
11
6
4
2
2
2
4
2
53
3
5
3
10
19
1
3
53
6
4
1
4
5
1
1
15
5
2
1
14
21
7
2
15
3
5
2
43
3
5
3
12
3
6
3
7
4
7
3
2
7
3
2
54
2
3
3
37
10
3
4
55
13
7
4
52
7
4
4
28
1
1
4
43
9
1
1
31
7
1
2
11
3
4
4
35
5
5
3
43
4
4
4
2
12
6
2
32
3
6
2
52
7
1
3
66
9
6
1
65
2
4
4
27
6
5
1
39
2
6
2
39
2
3
4
40
4
4
2
61
1
4
2
14
2
6
1
9
4
3
2
34
1
6
3
3
7
5
3
34
10
5
1
35
1
1
3
35
3
1
3
71
2
4
4
14
34
3
1
44
1
2
3
6
3
7
1
2
3
3
4
3
4
7
2
47
3
2
2
6
3
1
3
61
7
1
2
60
3
7
4
43
3
3
1
44
4
7
4
30
5
3
3
47
10
5
1
60
2
5
2
66
3
2
1
5
2
3
3
1
10
2
4
65
6
6
2
13
2
1
2
8
3
1
1
13
7
5
1
34
7
4
3
25
7
7
4
4
16
2
3
1
1
6
3
54
1
7
3
40
4
3
3
18
24
4
4
4
20
6
1
47
2
2
1
4
2
4
4
1
7
4
2
10
2
3
2
45
1
2
2
33
3
7
4
27
12
5
2
1
1
5
1
68
2
4
4
30
6
2
3
52
3
4
4
47
12
1
1
40
1
3
2
7
1
7
1
40
3
5
2
35
1
7
1
18
3
7
4
68
12
1
2
31
4
5
2
55
2
1
2
52
1
7
1
53
2
1
4
31
15
2
1
32
5
2
4
55
4
3
3
26
5
5
4
22
15
4
2
54
1
2
4
5
7
6
1
43
2
2
2
16
1
6
3
15
13
4
1
47
3
2
2
68
4
4
3
17
2
6
2
44
1
7
2
68
2
7
3
23
14
2
1
43
1
4
2
26
4
7
1
17
10
7
1
49
1
1
3
16
4
4
3
67
36
3
1
23
3
3
3
27
8
3
4
33
4
6
3
36
13
3
2
4
2
1
4
63
11
6
1
39
1
4
4
22
18
2
3
54
2
5
4
29
15
2
2
71
3
5
1
1
2
6
1
25
2
4
2
30
5
3
2
34
3
5
3
5
3
4
3
45
3
5
2
27
1
6
2
15
1
3
3
25
2
5
3
42
1
5
2
28
1
6
4
38
4
3
2
47
1
7
4
41
2
2
1
68
3
7
4
6
22
4
3
9
16
6
2
18
4
5
3
63
6
1
4
42
2
6
1
28
2
6
4
66
1
6
1
29
3
2
2
63
2
7
4
37
4
4
4
39
5
6
2
37
3
7
2
9
1
6
1
26
2
6
3
23
11
6
4
1
5
4
2
45
2
7
3
30
16
1
2
23
1
2
4
38
1
3
3
65
17
4
1
52
2
3
1
37
2
5
3
35
7
1
3
36
9
4
1
66
2
5
4
5
15
6
3
31
19
6
4
16
10
3
3
37
6
5
4
34
5
3
4
26
1
2
3
63
10
3
1
10
4
7
2
25
3
1
1
27
1
4
2
25
2
4
2
17
3
2
3
2
1
4
3
28
13
6
1
7
2
7
3
5
1
4
1
17
2
3
2
33
1
4
4
37
8
2
4
60
4
3
1
61
2
5
3
11
14
5
1
67
3
7
4
53
3
1
4
36
9
6
3
10
23
4
1
54
3
5
4
17
25
6
2
36
1
1
1
41
2
3
3
43
8
6
2
23
2
7
4
67
21
4
3
15
9
5
2
35
2
7
2
5
2
7
1
6
2
3
3
42
3
6
2
30
1
3
4
6
10
5
1
6
1
4
1
54
1
4
4
26
12
6
1
36
2
1
4
7
9
7
1
33
4
1
3
8
5
7
2
12
1
3
2
3
2
7
3
44
10
4
1
71
3
3
3
32
7
5
3
18
6
2
4
71
5
7
3
71
4
6
1
63
2
4
1
71
1
4
2
2
3
4
4
42
1
4
4
60
8
3
3
3
10
4
1
27
3
7
3
68
16
7
4
61
1
6
2
49
3
3
1
25
1
6
1
18
6
7
3
39
3
6
2
65
4
4
2
42
2
4
2
61
3
1
2
55
1
1
3
17
4
7
4
71
4
3
2
71
2
1
4
10
28
3
4
2
13
6
4
54
1
7
4
32
3
4
2
16
3
4
2
28
3
6
3
49
3
5
2
10
3
6
4
18
9
1
1
8
4
1
2
65
1
1
4
12
10
4
4
39
1
6
1
37
1
2
3
53
1
3
2
8
1
2
2
38
5
5
2
1
3
6
4
15
1
7
3
61
3
5
4
54
6
1
4
29
7
6
3
38
1
3
2
12
3
2
4
9
4
2
3
4
10
7
3
60
21
7
4
47
17
4
4
10
5
7
2
53
1
3
2
13
1
7
1
42
1
4
4
8
1
6
2
14
3
2
4
8
13
5
3
44
6
2
2
40
2
1
4
13
6
3
3
55
13
3
1
22
2
6
2
67
1
1
3
33
21
7
2
42
4
2
2
7
2
2
4
68
17
4
4
14
27
7
4
49
1
2
1
23
2
4
3
32
1
2
3
22
2
4
2
29
1
7
3
41
2
6
4
53
15
1
4
49
8
7
2
22
1
4
2
63
1
3
2
41
2
4
3
29
19
1
4
44
18
5
1
13
2
7
3
9
22
6
3
12
7
6
1
30
14
1
3
40
5
6
4
35
4
1
1
55
2
7
2
6
1
7
3
6
5
3
2
41
3
6
4
25
7
7
4
16
6
3
2
36
3
7
3
26
7
4
1
49
2
1
1
28
1
3
2
18
1
1
2
38
2
4
1
7
4
3
1
35
4
5
1
34
1
2
1
38
2
1
1
26
3
2
3
14
15
3
4
25
9
3
3
66
3
1
1
8
9
5
2
5
1
2
3
13
4
7
3
13
8
6
1
10
3
5
1
29
1
4
2
4
1
5
3
47
3
4
2
27
3
6
4
15
11
2
1
66
1
4
2
44
4
1
