3
71
2
4
1
31
7
3
1
32
3
6
1
33
2
4
2
23
2
2
2
27
3
7
4
45
12
3
3
3
6
6
1
29
2
2
2
35
3
7
2
1
1
3
2
9
2
4
1
8
8
6
2
28
3
4
2
22
2
2
1
4
8
3
4
42
5
6
4
6
7
6
1
31
3
2
4
66
6
5
2
30
3
4
1
4
7
1
2
40
4
6
3
41
3
1
2
14
2
7
3
66
9
4
4
22
8
2
4
2
6
1
4
10
5
4
3
6
1
5
4
63
4
7
4
33
3
6
1
54
2
3
3
42
1
5
1
14
14
2
4
35
4
5
3
68
10
3
4
54
7
2
4
63
1
7
4
2
11
7
2
60
3
5
1
5
2
7
3
25
1
7
2
43
3
2
2
14
3
3
2
3
1
4
2
18
2
3
4
49
6
6
4
65
15
1
3
26
2
5
2
37
1
2
4
41
3
5
3
34
2
1
3
65
7
6
1
40
2
7
3
15
7
3
2
15
3
1
3
12
6
4
4
25
2
3
2
10
2
1
1
52
2
3
4
43
2
3
4
22
2
1
3
7
5
7
1
36
3
3
2
34
3
5
3
52
5
2
1
1
3
6
3
42
3
7
2
45
1
5
3
3
4
1
4
34
12
6
1
13
9
3
2
9
1
5
4
14
33
5
4
34
11
7
2
30
2
5
1
45
1
6
4
31
10
4
4
23
14
3
2
13
1
5
4
45
3
4
3
8
20
5
3
1
6
3
1
37
1
6
3
60
31
6
1
11
5
4
1
10
4
6
2
71
2
6
1
34
5
7
4
68
5
3
3
16
3
6
3
53
8
1
2
71
1
1
4
12
1
5
4
1
2
7
1
18
5
3
2
6
2
7
4
39
3
3
2
5
3
4
3
2
2
2
2
43
2
5
1
10
7
6
1
8
5
4
4
65
12
2
3
63
3
7
4
41
4
4
4
9
9
6
1
68
3
1
4
10
18
1
1
37
2
3
1
27
1
7
3
61
2
2
4
68
1
5
2
34
2
6
4
53
9
3
2
13
3
7
3
6
2
7
2
8
2
1
3
66
3
5
4
15
7
4
1
34
1
5
4
32
4
5
2
11
2
4
4
11
5
5
3
11
8
6
4
71
1
2
2
28
2
1
2
41
5
1
1
28
3
2
4
5
11
1
3
4
21
1
1
71
2
3
4
71
6
5
4
30
5
1
1
41
1
1
2
47
2
7
4
67
24
3
3
30
1
4
4
26
3
1
2
63
2
7
4
4
4
3
4
55
5
5
2
44
4
7
1
25
2
3
1
28
2
3
1
14
22
4
1
9
5
4
1
42
2
4
3
1
3
5
1
65
2
6
2
15
1
5
3
29
12
3
1
66
2
2
3
63
1
5
1
40
1
2
1
30
14
7
4
13
14
7
2
68
4
2
3
53
6
2
1
52
1
6
1
6
2
1
1
36
1
7
1
3
9
4
3
5
5
2
1
6
1
2
2
61
1
4
1
53
1
7
1
43
1
3
1
23
1
2
1
49
1
6
2
47
1
5
2
52
7
3
2
23
3
2
1
5
1
5
3
4
2
7
4
52
9
7
4
7
1
7
2
32
3
4
3
35
6
2
3
40
6
7
2
38
1
7
4
1
9
4
3
17
3
1
3
44
8
7
2
60
1
4
2
67
1
3
3
33
15
3
3
43
8
6
4
8
5
4
2
52
1
7
3
40
2
7
2
6
1
4
4
12
8
6
4
38
7
4
1
55
1
1
1
42
1
6
2
68
3
7
3
39
4
1
3
27
14
2
4
9
32
1
2
5
1
4
3
28
2
3
4
43
8
6
1
29
3
4
3
60
11
1
4
18
19
3
4
5
23
6
3
13
4
2
4
52
14
4
4
27
1
6
3
52
4
5
1
15
5
1
3
39
6
7
4
31
27
3
1
26
1
4
3
36
5
6
2
65
2
7
3
26
4
7
1
63
2
5
1
47
2
7
1
7
11
3
4
67
17
5
2
2
2
3
1
17
8
5
2
38
5
7
2
37
2
2
1
66
1
3
2
45
2
3
1
25
3
3
2
7
2
2
4
44
7
6
1
43
3
2
1
32
1
6
1
61
1
2
4
26
2
2
4
28
7
4
3
38
7
1
1
18
15
2
3
36
9
1
2
3
2
6
4
25
3
1
4
7
5
7
1
2
4
7
2
12
1
1
3
10
8
4
1
38
2
2
4
61
9
1
3
18
16
2
4
36
3
1
1
60
1
4
3
7
4
4
2
35
1
5
1
39
2
4
1
15
4
1
2
63
1
6
1
3
2
2
3
31
15
5
2
39
2
7
3
47
1
1
4
3
22
5
2
2
1
5
4
47
1
2
1
22
1
7
2
53
2
7
2
44
1
7
3
22
10
6
3
23
17
2
1
7
1
6
2
12
3
5
3
9
2
2
2
49
4
2
2
42
1
6
3
23
14
6
2
55
3
3
3
54
2
5
4
3
21
7
1
53
2
3
1
13
1
7
2
4
1
3
4
44
13
7
3
54
1
7
3
44
10
3
3
11
12
3
1
63
1
5
3
67
14
2
4
4
15
5
2
29
2
4
2
29
1
4
4
54
3
1
4
36
14
2
1
67
1
6
3
32
6
2
2
54
1
6
3
41
4
2
3
37
7
6
4
37
7
5
2
53
1
3
1
16
4
4
1
65
1
6
4
33
10
2
2
1
3
2
2
66
2
4
3
17
4
4
4
66
2
3
2
33
3
1
1
44
1
4
4
16
1
5
1
23
3
7
1
9
10
1
2
8
3
5
4
55
2
1
3
25
8
2
3
45
4
2
2
39
1
5
2
4
3
2
3
35
1
7
1
2
1
4
2
55
1
5
1
30
16
7
4
18
7
5
1
45
2
5
4
13
16
6
4
49
3
5
3
55
13
3
4
39
1
6
2
11
1
1
1
61
2
6
2
16
1
6
1
68
1
2
2
54
2
4
2
26
4
1
3
33
1
2
3
65
3
4
4
32
2
2
4
47
13
7
3
22
5
4
2
16
2
1
4
29
8
3
2
17
2
4
4
23
13
7
1
33
6
4
4
17
10
1
4
37
2
5
2
36
5
1
3
28
16
4
4
27
7
3
3
8
16
1
3
34
10
5
3
31
21
4
1
12
17
2
1
71
3
2
1
11
4
7
3
71
5
5
3
2
3
6
1
26
3
1
1
67
3
4
1
55
2
2
2
49
1
2
3
18
2
4
1
47
3
1
2
67
2
4
1
41
2
1
4
29
4
1
1
49
2
3
2
61
2
4
4
30
7
7
3
16
5
7
1
27
2
6
3
14
4
3
4
14
19
2
3
27
6
2
4
40
7
6
3
47
2
6
4
53
1
4
2
42
4
5
3
15
17
5
1
54
1
2
2
41
2
3
1
60
2
7
3
30
26
5
3
68
5
4
3
5
2
5
4
61
10
7
2
36
4
7
2
26
2
2
2
31
3
3
1
12
2
4
4
11
2
7
2
18
4
3
3
43
1
6
4
8
11
5
2
65
3
5
3
9
29
1
3
32
1
2
4
15
4
7
2
33
2
2
2
32
1
3
2
40
2
5
3
61
6
4
3
14
20
6
2
10
1
7
1
39
4
1
4
17
23
3
1
44
3
7
2
25
2
2
1
38
3
2
2
22
1
1
3
67
27
3
3
45
3
3
3
55
9
1
1
22
3
5
1
16
2
2
4
38
5
6
3
10
17
7
3
49
8
7
3
38
5
3
3
13
3
3
1
35
2
5
4
28
5
5
1
35
3
3
4
6
2
7
4
60
4
3
4
60
1
2
3
12
7
6
3
49
3
2
4
35
2
3
2
27
1
6
3
29
19
1
2
17
1
4
3
37
12
2
2
7
3
4
2
31
1
3
4
40
4
5
4
42
3
1
2
66
1
2
1
1
1
1
4
16
9
5
1
17
15
4
2
25
3
7
