1
35
3
6
1
22
2
6
3
23
4
1
4
32
6
4
1
30
4
4
3
14
23
5
3
3
7
5
2
27
3
3
2
15
1
3
1
43
2
2
3
49
1
3
4
31
27
3
3
26
1
3
1
65
1
1
4
41
3
5
2
42
1
1
4
7
4
2
1
53
2
7
2
22
3
3
2
65
1
5
2
8
3
2
4
47
5
2
4
38
6
5
4
14
14
3
2
26
3
4
2
35
2
1
4
3
22
3
4
67
8
1
2
30
1
3
1
12
17
2
1
63
1
3
3
36
15
5
2
17
1
7
1
4
5
3
3
25
2
1
1
4
4
5
1
44
1
3
2
34
1
7
3
55
15
4
2
54
1
5
1
71
2
7
1
55
2
1
1
38
2
5
1
34
1
4
3
25
3
4
4
49
5
2
4
18
12
7
1
63
2
2
3
32
8
2
3
6
3
3
2
16
3
2
3
9
2
4
3
52
6
2
2
40
2
6
2
9
2
4
1
23
1
7
3
41
4
7
4
29
5
5
3
55
14
5
4
4
12
5
3
32
4
3
2
15
3
3
3
28
10
5
2
4
1
1
2
40
1
1
3
35
8
3
4
26
4
5
2
39
4
6
1
37
1
6
4
9
18
4
1
22
3
7
4
49
2
4
4
54
7
6
4
7
2
2
3
10
9
1
4
33
9
2
4
39
8
2
1
40
2
1
4
17
1
5
1
41
1
1
4
35
5
2
3
2
9
6
2
55
2
1
4
45
9
3
4
22
16
3
4
5
1
1
2
32
2
4
3
60
6
5
1
13
7
4
2
35
1
6
4
4
3
5
3
37
4
3
1
43
3
3
3
16
5
3
1
9
6
5
4
2
4
1
2
45
3
2
4
71
6
7
4
10
9
2
3
44
7
3
2
38
1
6
4
8
16
3
1
67
2
4
3
65
20
5
2
45
2
5
4
28
9
1
3
47
5
1
3
13
7
2
2
49
2
5
2
53
2
2
4
30
7
3
1
39
2
4
2
29
1
7
1
16
6
6
4
44
6
4
4
41
2
4
3
67
2
2
1
42
2
7
1
11
4
7
2
5
2
1
1
14
5
4
3
13
9
3
3
67
18
4
3
68
11
3
1
26
2
4
2
68
4
3
3
38
2
2
1
5
1
3
2
37
4
2
3
11
8
4
3
33
18
4
3
45
5
2
3
12
6
1
2
13
1
4
2
47
2
3
2
33
2
4
1
33
7
2
1
18
6
7
1
36
3
3
3
29
5
2
2
12
1
3
2
27
2
7
2
11
3
2
3
7
1
7
4
65
2
3
2
31
1
6
2
53
1
2
3
8
13
4
1
66
2
5
4
53
1
5
3
40
1
2
3
71
5
2
2
22
2
4
3
9
18
4
2
43
1
4
2
6
1
5
1
6
2
3
2
61
3
4
4
36
8
3
3
33
11
4
3
44
9
7
1
5
2
3
1
39
3
5
2
10
1
7
4
11
20
6
4
27
12
1
4
68
2
4
2
39
3
6
1
26
3
5
3
16
6
5
1
60
2
1
2
43
3
1
2
25
1
1
3
36
6
4
4
8
15
7
4
53
11
4
4
63
10
4
2
71
2
1
1
25
2
7
2
65
2
2
2
23
2
5
4
28
1
1
2
52
6
7
1
30
10
5
2
18
3
5
2
67
2
4
3
63
12
3
2
41
1
4
4
40
8
6
4
10
10
2
2
42
2
2
1
33
4
1
3
17
15
7
2
4
3
5
4
66
6
3
3
18
1
6
3
52
12
4
2
38
5
1
4
1
9
1
1
61
2
3
4
71
1
6
1
68
3
4
4
12
2
6
1
54
2
1
1
25
3
2
1
45
2
5
1
15
3
4
2
7
1
3
4
11
13
2
1
45
1
5
3
1
1
3
2
1
3
1
1
11
5
6
4
6
12
7
1
27
1
1
1
67
1
1
4
13
6
4
2
12
2
1
2
28
1
3
3
54
1
6
2
37
1
2
4
16
8
5
4
42
5
5
2
3
2
6
2
26
2
1
4
65
3
2
4
16
4
4
1
31
12
2
3
22
9
3
2
47
1
4
3
26
5
3
1
17
4
3
1
65
2
2
2
2
2
6
3
42
1
4
3
8
15
5
4
18
20
3
4
31
10
4
3
53
7
7
1
8
4
5
3
71
1
7
1
71
1
7
3
68
9
5
1
17
14
4
4
1
1
6
2
61
1
5
1
7
11
6
1
15
4
4
1
32
2
4
2
18
4
5
3
40
6
2
1
23
3
4
3
27
15
1
2
25
3
3
1
49
1
5
2
49
1
3
4
22
4
1
1
3
6
6
3
4
3
7
3
43
1
2
3
31
28
2
4
38
9
5
1
36
2
3
4
36
1
7
1
3
5
1
3
66
4
6
4
47
7
6
1
34
2
2
3
12
5
2
3
30
19
3
2
34
3
5
2
8
1
6
3
15
13
6
4
66
2
7
2
41
5
7
2
60
4
5
1
32
5
7
3
23
8
6
1
68
2
3
4
60
9
3
1
54
1
3
1
52
2
3
3
4
6
6
3
39
8
4
2
1
1
3
2
30
3
5
4
27
6
5
1
29
1
7
4
61
1
1
3
45
7
3
3
61
8
6
3
27
8
5
1
41
2
1
3
34
8
7
2
10
3
5
3
3
5
5
3
10
26
2
2
71
1
5
3
63
13
1
4
37
5
4
3
37
7
4
4
60
6
4
1
16
5
6
3
39
9
5
4
23
3
2
2
36
1
5
3
6
4
2
4
55
8
5
2
33
3
6
4
54
12
4
2
11
2
7
1
49
2
6
4
42
3
1
2
55
3
6
4
2
12
7
4
25
4
6
4
12
1
7
2
6
2
1
4
32
4
1
1
2
6
5
1
52
1
4
1
27
3
6
2
31
4
6
3
29
6
6
4
5
12
3
2
68
3
1
4
35
2
4
4
63
12
6
4
67
23
2
2
5
3
1
2
29
2
7
3
14
26
1
4
25
5
5
1
37
2
7
2
36
4
6
3
28
12
3
3
42
2
2
1
28
1
4
1
6
1
4
1
44
2
4
1
14
1
6
2
9
1
6
3
7
4
3
2
23
3
7
4
43
5
7
2
32
4
2
3
47
6
3
2
63
2
2
3
41
2
6
4
26
8
4
2
7
3
1
4
43
1
4
4
3
3
4
3
11
10
2
1
47
2
6
3
60
21
4
1
13
6
4
2
67
1
6
1
1
3
2
1
18
3
2
4
45
13
1
3
49
6
7
2
66
3
2
2
66
2
2
1
35
2
5
4
29
12
4
2
17
3
3
3
22
10
7
4
9
30
2
3
66
6
7
3
34
4
5
2
60
1
3
3
38
11
1
4
30
3
6
4
37
1
6
3
43
8
5
2
28
3
4
2
14
2
2
1
29
3
5
1
1
1
4
4
15
12
4
3
30
8
7
1
8
10
4
1
10
5
4
4
23
4
4
1
42
1
5
1
9
2
3
4
33
3
4
2
13
3
3
4
52
21
6
2
44
4
7
2
3
3
6
2
16
2
5
3
18
12
2
4
15
14
5
2
52
1
7
3
61
11
6
2
2
1
2
1
66
3
2
1
2
7
1
4
61
3
3
1
55
1
2
1
12
10
5
1
10
4
3
2
63
3
5
4
34
6
5
4
39
4
2
3
5
5
4
3
53
8
2
4
34
7
7
4
52
16
7
3
2
3
5
4
17
26
5
3
15
17
2
1
28
3
3
3
31
12
2
3
17
3
3
2
54
2
2
3
5
4
6
3
35
6
2
4
44
3
6
4
55
2
3
1
60
1
2
1
31
8
1
1
47
3
5
1
40
3
2
1
7
1
5
4
68
20
2
4
14
27
7
4
13
11
6
1
61
1
3
4
40
1
7
2
14
1
6
3
1
2
6
4
6
10
3
1
53
1
4
2
44
1
1
1
38
3
2
3
65
7
7
3
54
2
3
