2
49
1
1
4
10
10
7
4
44
2
5
3
68
5
3
1
36
3
3
3
36
14
6
3
7
4
5
4
35
3
2
2
17
1
2
3
7
2
7
3
25
4
3
4
25
1
2
2
12
3
2
3
13
5
4
4
3
15
5
4
53
3
5
3
67
29
5
3
28
13
3
4
61
11
7
4
38
4
4
1
54
2
5
3
5
3
7
4
33
8
3
4
17
9
3
2
27
1
2
1
14
3
5
2
47
2
6
2
43
4
3
4
41
1
1
4
61
6
7
4
44
9
5
2
1
2
6
1
43
2
1
3
42
2
7
3
34
3
4
2
27
3
7
3
68
3
6
2
52
4
4
4
41
2
2
3
5
2
5
2
16
1
5
4
7
5
6
2
6
2
2
4
17
10
1
3
22
3
5
2
30
1
5
1
33
3
5
4
23
11
1
4
11
27
6
4
1
1
6
1
25
3
3
4
52
12
6
1
35
2
2
4
6
16
1
1
65
1
6
2
45
2
2
1
16
2
4
3
2
7
4
3
44
8
4
3
33
5
5
4
27
6
2
4
71
4
5
3
25
9
4
4
45
12
7
3
18
3
4
1
67
1
3
2
3
1
5
3
35
4
7
4
55
4
1
3
32
9
1
1
52
1
1
3
66
6
2
1
16
1
3
3
34
6
5
3
29
9
2
4
49
3
4
1
68
3
3
4
7
8
1
1
61
2
6
4
38
8
7
1
31
13
7
3
49
1
6
1
28
3
3
3
4
18
6
3
45
7
3
3
22
11
2
1
28
1
3
2
41
4
5
3
33
12
7
2
15
3
1
3
63
13
5
2
32
4
5
2
35
1
3
4
5
17
7
2
41
1
5
3
41
2
7
1
4
4
4
3
54
1
4
1
65
2
6
4
39
10
7
1
4
1
3
1
31
18
6
3
63
6
5
3
17
16
7
4
39
7
3
2
33
2
2
3
47
4
7
1
44
1
7
1
23
3
3
4
12
3
6
2
8
1
4
2
68
4
3
3
17
7
4
3
1
1
7
1
60
2
5
3
55
12
7
2
16
3
3
4
1
2
2
2
39
2
2
4
54
3
7
1
5
1
1
1
35
4
1
1
38
1
5
2
65
2
2
1
2
5
5
1
54
3
4
1
45
1
2
2
11
2
5
1
39
1
7
3
1
4
6
4
29
8
2
2
23
3
4
1
47
3
2
3
6
2
2
3
14
2
7
3
40
4
5
2
45
3
7
3
8
1
4
1
23
1
1
3
14
19
2
4
11
16
7
4
15
8
7
1
22
1
7
4
6
3
4
1
17
11
2
4
29
16
5
2
25
2
6
4
30
6
3
2
7
2
2
1
25
1
2
4
27
9
3
1
29
2
6
1
3
10
7
2
63
2
3
1
30
2
4
1
66
1
6
4
12
7
4
4
55
8
2
1
18
10
7
2
4
3
7
1
9
9
6
4
36
11
4
3
44
6
3
1
26
1
3
1
63
2
3
2
2
1
5
2
42
4
7
1
27
2
1
2
33
3
4
3
71
3
1
3
27
13
1
4
43
9
5
4
42
3
4
1
8
1
6
3
53
2
6
4
33
10
3
1
12
11
3
2
37
3
6
3
23
7
3
1
26
3
7
2
30
2
3
4
26
1
6
1
3
8
6
1
71
3
4
1
37
2
4
1
30
10
4
1
42
1
6
4
16
10
7
4
15
18
7
4
9
23
4
1
12
8
3
2
9
1
7
4
22
6
3
4
63
9
1
4
25
2
2
2
14
3
6
4
28
1
2
2
44
3
1
1
7
5
3
2
61
3
5
2
60
4
1
4
68
13
5
1
55
1
6
4
66
6
5
3
2
2
7
1
71
2
2
2
29
1
7
4
2
1
2
2
13
2
5
1
14
19
2
1
52
3
2
4
9
3
2
4
13
3
5
1
49
1
3
1
36
1
2
4
60
1
7
1
10
7
1
3
52
5
3
3
3
7
5
2
38
3
5
2
7
1
7
3
10
5
2
3
11
5
3
3
23
15
6
1
15
3
5
4
67
19
4
4
52
20
5
4
23
6
1
4
22
4
1
3
28
3
4
4
30
5
3
3
9
16
4
4
40
5
3
4
47
10
2
1
11
11
4
2
5
2
4
4
47
13
2
2
43
3
4
3
26
6
3
2
31
3
7
1
44
4
1
2
11
3
7
2
23
1
7
4
63
2
5
4
40
4
3
4
16
1
6
2
26
4
7
4
5
18
6
4
4
22
4
2
17
3
7
2
40
4
3
2
55
3
5
2
42
3
2
4
26
7
4
2
14
1
4
2
18
4
3
3
30
19
7
2
9
3
6
3
71
5
5
2
53
1
4
3
39
6
5
3
37
5
1
1
1
2
5
4
60
8
5
1
68
2
5
2
39
1
5
4
68
14
3
3
55
3
6
1
67
3
6
1
32
4
5
2
67
2
7
1
66
3
5
2
66
1
3
4
13
9
1
1
39
4
6
4
67
39
2
4
37
7
1
2
35
2
7
4
2
11
7
2
34
1
6
4
4
20
4
2
22
2
4
1
37
1
5
3
11
8
6
1
29
3
3
3
15
10
1
3
18
15
2
2
61
1
1
3
53
4
6
1
11
1
2
1
9
10
7
1
38
2
6
2
71
3
1
4
14
13
3
3
66
4
1
4
71
3
6
4
36
12
6
2
32
1
2
3
42
3
5
1
6
1
4
2
18
1
6
2
49
4
3
4
49
5
1
3
3
6
5
4
35
5
2
2
10
2
6
2
2
2
3
3
37
2
3
1
53
1
5
1
8
11
5
1
33
8
1
1
7
2
7
3
6
6
1
1
17
15
6
1
10
3
2
4
8
13
2
3
4
21
5
1
45
2
7
3
30
3
2
2
38
4
7
4
34
8
5
2
4
2
1
3
12
7
2
4
43
11
7
1
55
2
7
2
28
3
5
4
34
3
1
3
40
2
2
1
43
3
1
4
31
6
2
1
27
1
3
3
26
1
7
2
3
2
2
2
53
3
7
3
60
21
1
3
67
26
2
4
10
20
2
2
26
3
3
1
32
3
4
4
37
4
2
3
9
9
7
2
28
1
3
4
65
13
4
1
6
2
5
1
22
3
3
2
36
2
2
1
34
3
7
3
49
4
3
1
61
3
2
2
13
1
7
4
8
9
1
4
45
3
3
3
31
15
6
4
3
8
4
2
54
2
4
3
65
12
5
2
63
3
2
1
34
8
1
1
41
2
3
2
15
2
6
4
65
15
4
4
32
3
3
2
5
1
5
1
42
2
3
3
38
5
6
2
71
1
1
3
39
10
4
2
25
3
6
4
42
2
1
2
6
3
3
3
43
5
6
2
47
1
1
3
35
3
4
2
34
3
5
1
40
1
4
1
15
1
5
3
61
8
4
1
47
1
1
3
38
4
7
3
8
15
2
3
32
4
2
2
31
4
6
4
53
12
1
3
60
10
5
3
15
3
7
2
55
2
4
3
10
13
4
3
16
6
2
3
29
2
7
2
1
1
6
1
41
3
4
3
13
2
6
1
1
1
3
2
10
3
6
4
32
11
3
2
66
3
4
2
44
2
2
4
28
2
3
2
52
2
6
3
47
9
5
2
40
3
3
1
2
3
2
3
16
7
7
2
37
4
1
3
27
15
6
3
41
4
7
4
66
1
4
2
22
1
2
2
8
2
2
2
60
1
5
4
18
8
6
4
31
27
1
1
18
9
1
3
52
6
1
3
36
6
6
1
40
3
3
4
54
2
3
2
65
4
2
1
5
2
5
3
45
3
2
2
12
2
4
3
43
7
4
1
63
1
5
2
67
1
2
4
14
19
3
3
61
3
1
1
60
1
4
3
31
21
6
2
29
3
7
3
65
18
5
1
13
3
3
1
53
2
4
2
36
1
6
4
18
9
3
2
54
1
5
1
49
2
1
3
12
6
5
1
13
4
5
3
54
2
2
2
68
2
3
