4
2
5
2
1
41
3
6
2
7
1
1
1
7
8
1
4
32
3
4
2
3
1
2
3
45
3
1
3
49
4
3
3
30
7
6
2
11
2
7
4
68
21
4
3
35
1
2
4
47
2
4
1
36
1
6
4
28
8
3
4
44
6
2
3
14
6
2
2
39
2
5
1
42
2
5
3
29
13
2
2
1
2
1
4
2
7
6
3
45
6
1
4
33
4
2
4
18
28
2
3
28
10
7
1
43
1
3
4
53
7
4
4
66
1
1
4
61
6
3
4
55
9
2
1
30
2
3
1
34
2
3
4
42
1
7
1
38
2
4
3
41
2
4
4
12
3
1
1
29
2
3
1
13
6
3
3
5
1
4
2
67
2
2
1
66
2
6
2
54
2
3
1
43
2
7
1
36
3
1
1
13
9
5
3
38
11
7
4
15
20
4
2
4
1
3
1
63
1
3
2
22
3
3
1
14
21
3
3
15
1
2
3
13
4
7
4
71
3
1
4
10
22
1
3
65
7
6
4
45
6
2
2
31
2
6
1
29
1
6
1
37
1
3
4
13
10
6
2
25
1
4
4
9
19
1
4
8
5
2
2
44
1
2
1
3
5
5
4
49
3
5
2
9
1
6
4
54
12
5
2
43
1
2
4
40
7
3
4
37
1
3
4
16
8
2
1
15
1
5
1
71
1
1
4
40
8
1
2
53
1
6
1
63
2
2
1
18
1
1
3
35
3
2
2
14
3
1
3
38
1
4
4
45
13
3
1
22
3
5
4
6
20
1
2
4
3
2
4
4
2
4
2
28
2
7
1
16
2
5
2
63
3
3
2
66
3
7
2
71
3
2
4
44
4
6
4
49
5
6
3
47
10
5
3
5
3
2
2
27
1
4
1
45
1
1
4
14
30
2
4
1
1
4
1
41
1
3
2
29
1
3
2
11
1
4
4
14
17
6
3
54
1
6
2
12
1
2
3
60
8
7
1
8
5
1
4
67
9
6
4
22
5
2
2
12
2
2
3
23
1
7
4
43
10
3
1
8
9
1
4
11
28
1
2
6
2
7
3
26
3
6
1
25
1
7
3
67
5
3
3
65
8
3
4
13
6
4
2
41
2
4
2
17
3
4
3
71
4
4
3
4
5
2
3
39
4
7
2
16
2
7
4
41
4
2
2
18
1
1
3
33
1
1
4
61
2
1
3
42
2
5
1
27
3
3
3
18
1
4
4
15
25
4
3
9
18
7
4
36
6
3
2
7
3
3
3
6
3
3
3
40
1
5
2
47
4
7
1
14
6
5
3
16
4
5
4
27
7
2
2
65
4
5
1
18
14
7
4
37
11
5
1
25
3
1
1
31
11
1
1
33
3
2
2
8
3
2
1
10
3
4
4
18
23
7
4
23
5
2
3
33
21
1
2
16
1
6
2
32
4
6
4
10
17
2
3
71
3
3
1
53
2
4
1
4
5
3
3
40
4
3
3
63
13
6
3
43
2
3
2
15
2
1
1
5
1
5
2
30
4
7
2
9
3
7
3
23
4
6
2
49
4
2
1
39
4
7
1
1
1
1
1
31
4
3
1
1
2
2
2
22
2
3
3
68
7
1
4
34
7
4
2
23
2
4
2
34
2
3
2
26
3
1
2
45
3
2
3
67
11
7
1
52
1
4
2
31
1
3
2
68
1
4
1
17
16
7
3
14
20
6
2
68
4
6
3
66
7
7
4
17
23
1
1
61
2
6
4
66
6
7
1
71
3
7
1
35
4
3
1
16
4
6
4
30
1
6
4
33
5
4
2
42
2
7
4
27
5
7
1
23
1
6
2
15
3
3
2
36
4
6
1
28
1
1
3
12
2
4
3
29
10
4
4
16
1
2
3
63
9
1
1
35
2
4
3
52
11
5
3
10
22
6
1
39
1
4
3
22
10
6
1
2
2
2
4
30
4
3
3
66
4
3
2
35
1
4
1
12
3
2
2
6
1
4
3
31
29
4
3
16
6
4
1
67
2
2
4
3
2
4
2
2
1
1
4
60
4
6
2
37
1
4
3
18
2
2
1
12
10
5
4
23
3
5
1
42
1
6
1
32
7
5
3
52
14
7
1
45
2
5
1
44
4
5
2
10
2
4
2
42
4
2
1
15
2
3
4
26
2
2
2
18
2
5
2
5
1
5
4
5
1
6
2
61
2
7
3
27
1
5
2
61
3
7
4
38
9
1
1
27
1
4
3
34
8
4
1
38
3
6
4
67
18
1
2
60
4
6
2
55
3
7
2
55
1
4
2
54
1
2
1
54
3
2
3
15
12
6
1
60
1
7
3
55
1
3
2
53
2
1
1
28
3
6
3
13
8
4
3
17
1
4
3
55
11
5
3
8
10
1
1
11
9
1
4
22
13
3
1
32
2
1
4
36
13
4
2
37
4
7
1
5
2
2
1
49
2
2
2
49
1
1
2
38
4
2
2
52
6
6
2
38
1
3
3
34
5
4
4
25
4
5
2
34
3
7
3
17
15
3
1
10
5
6
3
25
6
3
3
30
2
4
1
52
2
7
1
34
4
1
1
6
2
7
1
22
1
3
3
36
8
7
4
8
10
5
2
14
1
3
2
44
4
2
1
33
5
7
1
47
1
4
4
7
8
4
2
41
5
2
1
7
11
3
2
43
2
4
3
39
5
1
1
53
1
5
3
26
2
6
4
17
12
1
1
67
1
6
3
3
4
5
4
11
9
7
1
9
8
7
3
42
3
5
2
8
1
7
2
63
2
2
2
10
3
4
2
1
1
5
3
2
11
3
2
60
1
3
3
32
4
3
1
66
3
5
3
32
9
6
3
1
3
6
4
39
1
5
2
45
4
1
3
10
24
3
4
71
6
4
4
1
6
7
2
39
1
5
2
32
3
4
3
44
2
2
1
65
1
1
2
52
7
6
3
54
2
4
4
65
7
5
3
36
2
2
1
47
2
1
1
2
6
7
4
9
30
4
3
3
6
7
4
6
9
4
4
52
9
1
4
12
4
1
2
30
1
5
4
35
4
7
2
47
1
5
2
66
1
4
3
7
3
5
3
53
3
5
4
63
12
3
4
31
18
4
2
29
3
7
3
11
22
2
3
61
6
2
1
40
3
4
4
42
4
6
4
4
5
1
3
53
7
5
4
68
3
6
2
2
2
1
4
7
1
5
4
35
1
7
1
60
2
6
1
68
2
6
2
36
2
6
3
28
1
1
2
13
3
2
2
5
3
7
3
7
4
2
1
54
1
3
2
71
1
5
4
53
14
4
1
9
2
3
3
8
15
3
3
41
4
2
3
44
8
1
1
55
2
2
4
32
12
7
4
60
6
1
2
26
1
5
4
39
9
2
3
4
11
6
3
37
3
6
2
3
3
6
1
26
3
2
1
68
1
5
3
9
31
3
3
37
5
6
2
65
3
4
4
47
5
3
3
47
2
2
2
25
2
3
1
17
9
5
3
25
2
5
2
40
2
4
2
33
2
3
1
40
1
6
1
61
3
6
1
6
1
1
3
27
16
5
4
25
3
3
4
65
8
7
1
23
2
2
4
29
12
2
2
33
3
5
3
43
7
7
4
41
2
1
4
26
3
6
2
40
4
6
3
49
6
4
4
63
9
3
3
60
3
5
3
68
11
5
4
28
2
2
4
3
8
7
1
11
1
7
2
27
3
5
1
3
2
6
1
49
1
7
4
52
21
7
1
30
14
3
4
29
6
7
4
34
8
6
4
5
19
4
1
37
2
4
2
13
2
5
3
22
1
5
4
43
7
6
1
44
2
2
2
67
1
6
3
6
2
2
2
35
2
6
4
55
3
6
2
17
1
5
4
31
19
4
1
65
2
6
4
38
1
2
1
55
1
2
1
4
7
4
1
26
1
1
2
23
1
4
3
2
3
5
2
28
1
6
4
54
8
1
3
12
3
6
3
61
2
1
3
11
14
1
3
1
9
4
3
31
12
6
