1
23
3
3
1
35
4
1
1
1
1
3
3
44
9
4
1
12
14
2
2
39
2
5
3
63
3
2
2
38
4
2
4
13
4
1
2
5
2
4
1
61
1
7
1
2
3
6
3
60
22
6
3
35
2
1
3
4
27
4
3
61
4
1
3
8
6
5
3
40
5
2
3
31
12
5
2
25
3
5
1
17
8
2
3
9
1
4
2
65
3
1
3
42
1
4
4
47
17
3
4
26
10
6
3
29
10
4
1
14
7
2
2
10
3
5
3
9
31
5
4
68
12
4
3
54
1
5
4
36
14
6
1
38
2
2
4
67
5
3
4
55
4
5
2
41
5
6
4
40
4
7
3
36
8
6
2
2
2
2
1
63
2
2
2
60
4
2
3
1
3
6
2
65
4
7
1
65
1
5
1
11
4
7
4
63
8
3
4
34
14
6
4
36
4
3
3
16
4
3
3
5
3
2
3
49
6
5
3
13
5
4
4
25
6
2
4
2
13
6
3
54
2
6
2
12
2
3
1
67
3
5
4
66
3
6
4
54
6
2
4
18
20
2
3
28
13
2
1
9
13
6
1
32
4
1
1
42
1
1
3
71
1
7
2
26
3
2
2
38
1
6
1
66
1
7
2
29
3
6
2
17
1
5
2
40
4
2
1
5
1
1
3
16
8
6
2
14
1
6
1
66
3
7
1
53
2
5
2
22
1
6
4
55
5
6
3
25
9
4
3
45
7
7
4
23
5
7
1
52
2
5
3
68
2
6
3
2
2
5
4
29
8
5
2
37
1
2
1
22
1
3
4
52
4
2
4
32
1
6
2
29
2
5
1
5
2
6
2
39
3
5
2
28
2
4
4
27
5
6
2
32
1
3
4
27
7
6
4
31
8
2
2
14
3
5
4
25
4
4
4
49
4
1
3
12
2
6
1
40
3
6
1
30
10
7
3
26
2
2
2
66
1
5
1
45
1
7
1
67
2
2
4
17
12
1
3
33
10
5
4
61
11
3
2
41
1
7
4
18
1
6
1
60
2
1
2
68
1
1
3
47
1
4
2
12
3
1
1
8
6
3
3
7
2
7
3
10
25
5
3
65
6
7
3
55
15
2
1
8
1
1
3
67
36
1
4
47
1
3
2
22
2
3
3
55
11
3
2
45
2
7
4
15
25
1
2
3
1
5
2
3
3
7
3
3
7
4
2
7
1
4
2
6
2
1
4
14
13
2
1
71
2
1
2
63
2
5
2
67
2
4
3
53
6
2
4
68
4
5
4
53
1
2
4
29
5
3
1
4
7
3
2
61
2
3
3
3
3
7
3
12
3
7
3
29
19
5
3
52
6
3
3
27
2
7
2
18
1
1
1
54
1
3
3
32
11
1
4
5
14
3
4
16
3
4
3
25
2
4
3
36
14
5
3
13
6
4
3
34
10
7
1
26
2
1
4
53
5
6
3
60
29
6
4
10
15
1
3
1
4
5
3
42
4
2
1
47
1
3
4
12
10
6
4
42
3
6
4
11
11
4
3
5
2
5
2
16
1
1
2
28
3
4
3
49
4
1
2
60
3
3
2
9
3
5
4
61
1
2
1
44
4
5
4
41
1
4
3
27
5
7
1
49
2
2
1
28
1
4
2
4
3
4
3
2
8
4
1
32
2
2
3
11
8
7
1
10
2
6
3
52
15
5
4
35
2
5
2
55
2
1
2
49
2
2
2
15
1
2
4
16
2
5
2
43
5
1
3
6
2
6
3
61
2
5
1
30
1
6
1
25
3
3
4
23
18
3
3
14
14
1
1
33
5
5
2
8
2
7
1
2
5
5
1
15
4
3
4
6
6
3
4
65
13
5
2
7
2
5
1
25
1
3
4
6
3
7
4
10
3
5
2
66
2
2
4
43
11
3
4
1
4
6
4
9
31
7
4
42
5
1
4
40
1
4
1
36
2
2
2
10
1
3
1
29
3
5
3
18
15
1
1
31
10
7
3
23
14
1
3
28
4
1
1
23
1
6
4
11
25
3
1
22
2
1
3
71
5
1
3
11
13
7
2
53
3
4
3
44
2
4
3
66
1
6
3
8
13
3
3
43
2
7
2
1
3
4
2
33
2
2
2
26
2
1
2
27
3
1
2
33
1
7
4
67
36
3
1
17
2
4
3
39
3
2
1
29
1
7
1
6
2
4
3
68
10
6
3
37
2
4
2
55
3
3
2
36
1
4
1
41
3
3
4
28
6
7
2
11
2
5
2
47
3
4
1
39
4
1
3
17
7
5
4
39
8
1
2
67
1
2
1
54
3
6
4
30
3
6
4
12
9
6
1
41
2
7
2
23
2
4
4
9
21
3
3
17
14
7
3
6
5
4
3
18
9
2
2
30
5
5
2
45
1
2
3
26
4
7
1
60
1
6
2
68
3
6
1
6
1
4
2
31
2
7
1
7
7
1
3
67
29
1
4
54
5
1
1
18
1
2
3
33
22
6
2
15
2
7
1
16
1
4
3
35
4
7
2
13
1
3
4
38
6
3
4
45
11
6
4
66
4
2
2
34
1
5
1
1
3
5
3
15
4
3
4
4
19
1
2
35
2
6
2
32
2
3
4
52
13
4
1
38
1
4
3
38
3
5
4
41
2
4
1
37
1
6
4
60
5
5
1
65
2
6
4
26
2
5
4
63
5
3
2
54
1
1
3
30
15
5
1
33
7
1
3
4
2
6
2
2
1
7
1
40
2
5
1
55
1
5
2
63
3
7
1
9
11
6
2
71
1
4
1
42
2
6
4
3
6
1
1
61
3
4
3
41
1
7
1
31
12
7
3
22
9
7
1
63
1
6
1
3
4
6
4
71
5
3
4
49
7
7
1
18
8
2
1
35
1
1
1
49
1
5
1
52
3
6
1
27
3
5
1
12
17
1
1
3
5
1
4
17
7
3
4
32
8
6
3
31
15
1
2
37
2
2
4
22
6
4
2
11
1
1
1
55
2
2
3
65
15
2
1
14
16
5
2
53
2
2
1
4
4
2
2
13
3
3
1
43
3
6
1
13
2
7
2
36
4
6
4
14
26
2
3
32
10
6
3
15
17
2
4
22
4
5
1
47
2
4
1
45
2
2
2
9
2
1
3
47
5
2
2
4
2
3
1
34
4
3
4
71
3
6
4
31
17
4
1
10
6
4
2
54
2
6
2
40
1
3
3
39
8
1
4
8
18
2
4
44
8
1
3
40
6
1
4
35
1
7
4
37
2
6
4
1
14
2
2
42
4
4
1
15
3
6
2
43
4
4
2
6
3
6
4
45
10
3
4
7
2
7
4
4
27
6
2
52
6
6
1
68
2
7
4
28
10
7
4
30
8
1
2
16
3
4
2
61
1
6
2
52
5
2
1
28
3
6
4
2
1
2
1
16
2
5
1
68
3
4
2
35
3
6
3
22
4
7
2
42
3
3
3
38
10
5
2
30
4
4
2
71
2
4
2
31
4
7
3
23
8
7
2
27
2
6
2
44
3
6
4
38
8
4
1
36
3
6
3
37
4
4
4
3
5
4
2
18
2
4
4
43
4
3
4
37
11
2
3
66
4
7
1
39
2
5
1
27
1
6
3
53
5
7
1
43
1
5
4
8
1
7
2
47
4
5
1
13
9
3
3
34
2
1
1
44
2
4
4
39
5
1
1
7
3
6
3
45
4
5
4
65
12
2
2
8
1
6
4
7
9
3
4
44
16
2
4
15
22
1
1
11
1
5
1
71
3
4
3
43
5
7
3
14
4
3
3
7
1
6
2
5
1
3
3
41
3
4
2
44
2
7
4
60
8
1
4
13
9
1
3
10
18
4
4
5
4
1
4
34
4
1
4
33
10
4
3
63
8
1
2
1
2
1
1
34
5
6
1
26
3
6
1
37
2
4
2
49
1
5
2
34
2
5
1
53
1
2
2
25
1
3
3
30
3
5
4
33
6
7
2
23
3
2
2
17
3
3
