3
31
5
3
1
67
3
2
2
29
1
6
4
7
2
7
4
39
6
6
1
28
3
3
2
38
1
6
2
35
2
3
4
7
4
6
3
27
15
2
1
55
2
6
1
34
6
7
3
14
21
3
3
44
3
1
4
41
4
6
1
32
7
2
3
44
6
6
1
32
3
1
3
5
3
2
1
29
2
2
3
36
13
5
2
66
2
6
1
8
11
3
3
41
2
4
1
31
14
6
4
4
6
4
2
61
3
2
3
16
5
6
2
1
2
2
2
1
1
3
4
66
6
6
2
5
1
2
4
30
8
3
3
40
4
7
1
37
2
6
4
8
14
6
4
29
5
5
2
68
4
5
2
14
1
4
2
67
1
6
3
26
1
5
1
26
1
7
3
7
4
1
1
10
4
1
3
22
5
4
4
28
13
6
4
33
9
2
4
63
5
5
3
18
12
7
3
8
8
7
1
38
3
4
1
41
3
1
1
15
3
2
3
54
2
3
3
33
20
7
3
52
1
3
1
3
10
5
1
43
3
4
4
68
23
5
1
39
3
4
4
49
6
5
3
4
14
4
4
61
11
3
4
29
13
4
1
28
1
2
2
31
1
1
3
5
5
2
1
31
1
4
4
40
5
2
2
34
3
1
3
67
8
5
1
54
1
5
4
23
1
6
3
1
7
3
3
27
17
2
4
36
9
4
2
23
2
1
2
32
3
5
4
71
2
1
3
17
2
1
2
47
1
2
1
37
1
4
3
29
9
4
4
54
12
7
2
13
3
1
3
55
12
7
1
61
1
5
4
47
10
5
2
67
2
7
2
60
1
2
1
33
4
1
3
25
5
1
3
68
9
1
2
42
3
3
1
68
2
4
2
27
1
6
3
52
12
5
4
55
8
6
3
28
16
6
1
12
5
7
2
44
4
5
1
18
10
6
2
28
1
2
3
45
4
6
1
60
1
3
2
10
2
4
2
23
3
1
2
10
3
6
1
13
7
3
2
61
2
3
4
36
10
3
4
18
18
3
4
47
11
2
4
22
9
5
1
12
6
3
4
27
9
3
2
14
2
3
3
67
21
6
2
71
2
7
2
49
1
7
3
26
6
3
3
47
6
7
1
3
3
1
2
11
1
5
1
36
3
2
3
37
11
7
2
33
3
3
2
49
2
4
3
10
26
7
3
12
6
6
4
6
10
4
3
39
9
3
4
71
4
3
2
34
1
4
2
29
3
5
2
45
2
4
2
55
2
4
2
37
4
7
2
6
2
1
4
44
7
3
3
66
3
5
3
38
9
3
1
13
3
2
2
30
4
4
3
45
6
2
1
65
1
7
3
53
2
4
3
30
18
3
1
63
2
3
3
63
2
6
4
5
8
5
1
27
2
3
1
17
1
1
4
5
22
5
1
29
3
6
2
8
2
5
2
54
1
6
1
30
7
7
4
13
14
6
3
6
1
1
2
53
2
1
3
61
11
3
1
52
3
6
1
23
2
3
4
68
13
6
1
47
1
5
4
38
7
5
3
8
4
6
4
43
8
7
3
11
15
2
1
45
2
2
4
11
27
5
2
63
1
4
4
17
21
7
3
11
6
6
2
16
1
4
4
25
5
3
4
31
18
6
2
26
1
1
1
14
18
2
2
5
3
7
1
16
7
2
2
12
1
7
2
4
2
7
1
42
1
7
2
17
1
1
1
45
1
6
1
42
2
3
2
13
1
2
3
16
6
2
1
68
3
5
1
15
2
5
4
26
4
6
2
16
3
6
4
66
1
4
3
13
9
3
2
53
1
6
2
44
2
1
3
34
6
5
3
38
2
1
3
7
5
7
3
14
18
6
4
1
3
2
4
42
1
5
2
68
3
5
4
4
2
4
1
44
2
5
4
52
17
2
1
5
2
4
4
3
4
3
3
63
3
2
4
10
18
2
3
15
6
5
1
41
1
3
3
65
15
7
2
45
3
4
3
28
1
3
3
4
23
2
1
65
2
6
4
49
4
4
1
40
2
3
2
3
2
3
4
43
4
4
3
34
8
2
2
12
3
4
4
53
1
2
4
37
7
2
4
11
25
7
3
31
25
4
3
9
7
5
1
43
2
6
3
6
3
4
4
42
5
4
4
39
1
3
4
67
19
1
1
34
3
2
3
71
4
4
4
6
18
2
1
11
9
5
2
43
4
5
4
38
1
1
1
4
2
3
2
15
1
7
1
2
1
7
4
65
5
3
1
35
2
1
3
39
2
5
4
52
2
7
2
32
2
2
3
15
8
5
3
61
7
4
4
33
3
7
3
22
7
6
1
1
1
1
4
14
15
4
4
26
5
2
2
40
3
2
4
67
33
1
4
23
24
1
3
37
5
3
4
10
33
7
3
49
3
6
2
6
3
7
1
66
2
7
3
36
3
4
1
4
6
1
2
65
4
7
1
25
3
3
2
39
2
6
1
7
4
7
4
65
12
4
2
54
2
3
1
26
3
4
4
55
11
2
3
35
4
1
3
23
7
5
2
18
2
5
2
52
2
6
3
3
2
7
4
63
2
4
2
65
3
5
1
17
6
2
1
35
4
6
2
36
4
2
4
41
3
3
3
29
2
5
2
71
1
5
3
12
3
4
4
34
12
7
3
2
1
1
4
44
17
5
3
41
3
5
4
22
5
5
3
68
5
2
3
3
7
4
4
2
11
4
1
66
1
7
1
5
1
5
2
2
1
5
1
39
4
4
4
60
3
3
1
25
1
5
2
42
4
3
2
7
1
6
2
41
2
5
3
42
4
4
4
60
9
6
1
30
10
7
4
32
10
5
2
25
1
4
3
13
1
1
4
34
7
5
1
44
3
6
3
32
1
7
3
49
6
4
1
2
5
2
4
17
24
2
3
17
3
4
2
47
2
3
2
2
2
1
2
43
5
1
1
53
1
1
1
71
2
7
2
9
1
1
4
9
31
3
2
55
3
6
2
66
3
5
4
45
9
1
4
15
21
4
2
25
2
6
2
35
1
7
4
53
5
5
2
22
1
5
1
23
3
4
1
27
1
5
3
30
4
4
1
63
1
7
2
31
4
1
1
36
1
4
3
54
1
1
2
9
3
6
2
39
1
6
3
10
4
3
1
9
13
1
2
4
3
7
4
32
7
5
4
35
2
2
1
61
3
2
4
45
14
4
3
18
17
3
1
52
1
4
3
42
2
4
2
40
2
1
4
16
7
4
2
36
3
7
3
25
3
4
2
22
2
2
2
18
4
2
3
43
7
6
2
41
4
5
1
67
1
5
4
28
5
2
3
2
3
5
1
6
1
5
3
60
31
1
1
6
2
7
2
17
2
6
4
12
10
6
4
15
3
6
1
10
1
6
1
22
1
7
3
33
23
6
1
11
8
6
1
60
2
7
1
49
1
2
2
28
3
3
4
13
12
7
1
47
3
7
2
26
2
6
2
33
2
3
4
14
5
7
1
8
9
7
3
23
1
7
4
3
13
2
4
8
12
1
1
71
1
4
4
9
20
5
4
25
1
5
2
60
3
7
1
9
12
1
1
33
3
7
2
8
1
7
1
53
2
1
2
37
2
3
4
27
6
2
2
52
4
7
3
32
5
2
3
1
3
6
1
7
10
1
4
30
7
2
1
1
3
3
4
16
1
6
4
1
5
7
4
37
10
7
2
15
2
6
2
38
4
3
3
53
4
4
2
30
3
7
3
65
4
4
4
2
3
5
3
66
5
3
1
55
1
1
3
55
8
4
3
35
5
4
4
54
7
7
3
40
5
3
2
11
3
6
2
3
3
5
3
60
17
2
1
18
4
1
1
54
3
1
3
71
5
4
1
22
3
7
4
12
2
2
3
9
4
4
1
38
2
1
1
40
3
5
3
47
9
4
4
35
3
5
1
14
7
2
4
61
3
4
3
43
8
7
4
31
29
7
2
7
2
2
1
16
4
5
2
63
3
7
4
18
6
2
1
49
2
6
4
40
6
5
2
27
3
1
