1
68
3
5
4
54
9
1
2
42
1
2
1
10
3
7
2
23
1
4
2
53
2
4
1
2
7
1
4
2
11
1
4
32
8
1
1
55
1
6
2
44
1
4
3
55
3
3
2
68
1
4
2
66
3
3
3
71
2
1
2
27
1
5
1
71
1
5
4
37
14
2
4
54
11
2
1
49
2
2
1
29
2
4
4
13
14
5
3
54
2
7
4
28
7
3
1
8
13
2
4
52
17
6
2
1
2
4
4
35
3
2
3
25
4
6
3
52
8
1
1
39
4
7
1
18
14
6
4
29
15
6
3
40
3
7
3
36
7
1
4
45
13
5
2
38
1
3
4
60
6
1
2
61
3
2
1
1
3
4
2
25
1
2
2
36
5
1
4
61
1
2
1
35
4
6
1
40
3
6
3
67
17
7
3
7
3
1
3
26
6
5
1
71
2
1
4
30
3
2
3
35
7
7
3
44
4
1
4
1
9
2
1
41
2
3
1
16
3
4
2
26
3
3
1
43
2
4
1
37
2
4
4
14
25
4
3
5
2
6
4
63
4
2
2
53
3
7
4
38
6
3
2
31
5
6
2
49
2
2
3
68
15
1
1
45
2
3
2
40
3
4
4
12
8
6
1
9
6
5
3
29
8
2
3
30
13
7
1
41
3
1
3
7
4
2
2
39
3
1
2
32
4
7
4
4
10
1
3
11
25
1
3
42
1
4
1
38
2
6
2
43
2
1
1
7
9
1
2
15
3
2
1
6
2
3
2
66
2
2
3
13
3
3
1
28
3
3
3
41
2
4
3
17
9
3
4
23
23
3
3
10
12
1
2
63
1
3
1
63
2
1
1
49
1
2
3
38
3
5
2
6
3
7
2
28
3
6
4
40
4
2
1
26
2
4
2
25
3
2
1
34
6
7
4
22
7
3
3
60
32
6
3
23
14
7
2
37
4
2
1
42
2
2
4
3
1
2
1
11
11
5
1
1
1
4
1
4
1
2
2
12
2
3
1
53
1
6
3
5
1
1
3
44
10
3
1
8
12
4
1
5
2
5
1
13
4
6
1
22
2
1
1
54
2
1
3
66
2
7
2
8
3
5
4
32
4
5
3
37
5
3
1
34
11
1
3
6
4
5
1
16
4
4
2
34
3
1
1
27
2
2
4
11
23
1
4
41
4
4
1
39
2
3
2
30
5
1
4
53
12
3
4
26
1
6
4
37
10
4
1
25
3
7
2
7
1
7
2
27
2
3
3
35
5
5
2
10
1
1
3
49
2
3
4
1
8
3
3
45
3
6
1
29
1
7
3
43
8
2
4
52
9
1
1
44
2
1
4
55
9
3
2
22
2
5
4
71
3
7
1
30
1
3
2
47
1
4
1
32
3
7
2
38
4
1
2
67
1
6
3
40
6
6
4
34
12
1
4
49
7
2
3
34
3
3
2
1
3
2
4
36
5
7
4
9
15
3
1
60
2
7
1
12
2
3
3
17
7
2
3
49
3
2
4
3
11
4
3
55
10
7
4
5
24
6
2
36
1
7
2
5
3
5
4
44
1
3
1
18
6
6
4
2
8
1
4
27
7
4
3
23
16
3
1
3
5
6
2
31
3
3
1
4
4
7
2
32
1
5
3
4
1
3
4
22
15
4
3
66
7
5
3
38
9
6
3
65
19
7
3
4
6
4
4
6
15
6
3
28
14
5
2
28
2
5
1
22
1
2
3
18
3
6
2
54
2
3
2
42
4
7
2
60
2
7
4
11
28
7
1
52
1
5
4
31
11
7
1
43
1
4
2
17
2
4
3
61
5
2
4
43
12
6
1
25
2
6
4
12
2
7
2
3
3
7
3
9
24
2
2
13
3
2
4
14
13
4
1
3
9
5
2
34
2
6
4
8
13
6
2
44
3
3
3
68
4
4
2
9
2
6
3
33
7
6
1
42
1
1
1
33
7
3
2
22
1
6
2
71
3
2
3
6
3
5
1
30
8
7
4
42
4
3
2
14
1
3
3
63
13
3
4
10
31
4
4
35
4
6
1
52
2
3
3
41
1
4
2
15
2
1
4
66
3
3
1
65
2
2
4
45
7
5
1
15
1
5
4
40
3
4
4
36
9
7
4
47
7
2
3
1
1
3
4
65
14
1
2
68
2
3
2
6
2
3
1
33
8
1
3
11
6
6
4
25
3
4
4
71
1
5
1
66
2
3
2
4
1
5
4
15
8
4
1
23
2
1
4
38
2
1
4
43
1
5
1
14
22
6
1
9
13
7
4
17
15
7
2
16
3
5
3
2
3
7
2
33
2
2
2
67
2
4
3
71
4
6
3
29
5
7
4
5
10
3
3
31
27
7
2
18
2
2
3
63
9
7
2
33
1
1
1
23
1
6
3
52
11
3
2
12
3
5
1
27
1
2
3
53
5
5
4
6
11
5
2
23
3
7
2
52
2
6
1
37
1
6
1
60
1
4
4
15
17
7
3
12
3
3
2
14
3
2
4
13
3
3
1
11
8
7
4
53
14
5
1
2
6
7
4
26
8
3
3
33
23
5
4
28
11
6
1
54
3
1
4
33
1
2
2
2
3
5
3
22
1
5
4
67
28
6
4
68
17
1
3
25
1
1
4
9
19
4
4
39
6
7
2
41
4
4
1
7
10
1
3
16
2
3
3
45
4
1
1
12
14
4
2
65
1
1
1
53
2
7
2
52
4
3
1
47
3
7
3
53
4
5
3
43
5
4
3
15
6
5
1
6
1
2
2
37
1
2
4
66
2
5
2
29
3
2
1
38
3
7
1
61
2
4
1
31
5
5
3
3
8
7
1
55
2
2
3
32
1
3
3
65
13
6
4
18
28
1
4
23
4
6
2
43
3
7
4
25
7
6
3
26
11
4
3
8
2
5
4
60
4
1
2
35
3
2
3
67
26
1
2
2
2
3
2
47
4
2
4
8
9
5
3
30
6
2
3
15
17
1
2
18
3
5
2
45
1
6
1
68
1
2
3
14
22
1
2
16
2
6
4
7
6
6
4
34
10
6
3
13
4
3
3
47
5
5
4
17
25
7
4
42
5
4
3
14
1
1
4
33
9
1
1
36
1
5
4
61
5
7
4
16
9
1
1
26
3
5
4
27
9
3
1
44
3
4
4
10
7
7
1
17
8
7
2
41
3
1
3
39
6
4
1
61
1
1
1
13
1
2
2
13
1
5
3
47
3
1
2
61
1
7
4
16
4
5
4
65
6
2
3
9
9
1
4
18
2
4
1
47
1
1
2
63
3
6
4
44
12
4
3
22
8
5
3
12
4
6
3
37
9
5
3
39
8
3
4
47
6
3
3
60
4
2
4
67
39
6
3
1
4
2
4
31
2
6
2
49
1
3
2
10
3
1
2
5
1
6
1
35
2
4
3
28
2
4
1
17
14
6
3
2
2
2
2
9
3
2
4
63
2
4
4
49
4
1
2
8
2
4
2
39
1
7
2
40
1
5
2
7
2
6
1
15
3
6
3
10
25
2
2
65
4
3
1
32
5
7
2
17
3
2
4
39
8
6
3
36
6
1
3
54
1
1
3
34
1
7
4
7
9
1
2
4
3
2
4
4
13
7
1
63
1
6
3
16
5
3
1
36
3
7
1
67
3
1
2
54
1
1
2
29
2
1
1
5
1
2
2
3
2
6
2
35
2
2
2
71
2
3
4
55
6
2
1
31
11
3
4
29
10
4
1
66
1
2
1
40
1
7
3
27
15
3
1
45
1
4
4
68
19
7
3
27
1
3
2
45
3
3
3
3
4
6
4
41
3
2
2
11
3
1
3
18
20
5
3
61
10
7
1
14
20
3
3
31
4
5
2
55
2
3
3
8
17
2
2
60
1
6
1
67
2
4
2
11
1
2
2
26
2
1
3
42
3
1
2
30
2
7
3
32
10
3
2
55
1
4
1
10
2
6
1
28
2
6
4
30
8
3
1
65
1
1
