1
66
2
1
1
22
3
6
4
25
8
3
1
49
1
6
3
2
1
7
3
71
3
7
4
67
40
7
2
32
1
4
3
16
4
1
1
54
3
5
2
7
2
3
2
61
1
6
4
11
8
7
1
65
2
1
3
25
5
2
4
65
15
4
3
31
12
3
3
28
13
6
3
47
3
5
2
65
2
4
4
54
9
5
2
8
1
1
4
28
8
2
4
27
7
4
2
16
2
7
4
33
3
6
1
31
3
5
2
39
1
7
3
14
9
3
3
11
17
2
3
22
1
4
1
32
1
4
2
25
3
6
1
12
14
3
2
35
1
5
1
52
1
5
2
33
1
1
3
13
9
3
1
36
3
7
3
7
5
3
4
18
2
7
1
14
11
3
4
60
7
1
1
42
2
5
3
41
3
3
2
9
1
4
2
47
2
4
4
7
9
7
3
66
9
1
2
26
1
3
3
37
9
3
4
38
6
2
1
61
3
3
3
6
1
5
1
23
1
2
2
15
3
4
4
45
1
3
4
37
11
2
2
22
2
3
1
17
4
4
4
26
3
4
4
66
6
7
4
16
12
5
4
13
8
4
2
11
3
6
4
53
13
1
1
4
4
5
4
54
8
7
3
66
5
4
3
32
8
2
3
9
9
2
4
1
14
3
3
35
3
5
3
23
8
3
2
35
2
2
3
53
7
6
4
40
5
1
2
54
1
5
1
8
8
7
1
36
1
7
2
13
2
5
3
39
3
3
1
22
2
2
1
71
3
2
2
1
1
2
4
43
5
3
4
27
9
7
3
45
5
4
3
71
5
6
3
65
3
6
3
43
7
7
1
25
2
6
4
31
25
7
2
36
5
4
3
14
6
6
1
44
1
4
4
31
11
4
2
40
3
3
3
30
3
5
2
66
2
6
4
2
10
7
2
1
3
5
1
35
4
7
3
42
2
7
3
8
5
2
3
60
18
7
4
2
4
1
4
9
11
7
2
66
3
6
1
15
5
3
1
30
6
3
2
18
2
1
3
7
1
7
4
38
7
5
1
5
2
5
4
60
8
2
2
32
4
4
3
3
6
1
4
36
1
1
1
11
5
4
4
26
4
2
1
6
1
5
3
60
8
2
2
63
3
1
2
68
4
6
1
2
4
6
4
30
8
6
1
23
3
6
3
23
11
4
2
38
4
3
1
33
2
4
4
61
10
5
1
55
1
5
4
5
2
1
2
54
2
1
4
22
2
2
4
3
12
1
4
63
1
5
4
52
8
7
4
6
8
3
1
9
10
7
3
47
4
4
3
12
6
2
3
29
12
7
4
44
15
3
3
29
2
1
3
22
5
5
3
36
1
6
1
2
6
1
4
41
3
3
3
31
9
4
2
28
3
2
2
10
3
3
2
14
1
4
2
2
2
2
2
17
3
1
3
32
5
3
2
33
3
4
1
16
3
2
2
65
3
1
2
53
1
7
3
5
3
1
2
8
2
4
2
23
2
1
2
49
2
1
3
52
8
7
2
42
1
5
1
40
2
6
3
30
28
1
4
37
12
2
4
25
4
6
4
63
10
1
4
12
5
7
2
9
2
4
1
33
3
4
3
34
8
7
3
33
4
2
1
65
1
1
4
61
6
4
3
61
1
7
2
67
1
6
3
68
16
4
1
31
12
7
4
43
7
1
3
38
9
2
4
39
1
7
1
66
3
4
4
5
5
3
3
33
22
2
2
26
4
6
1
63
1
4
1
61
1
7
2
29
1
4
1
68
2
7
1
34
3
5
3
28
14
2
4
41
1
3
4
32
1
2
3
13
1
2
1
42
1
5
2
40
4
2
3
40
2
7
3
10
18
5
3
54
1
3
1
11
12
5
2
52
7
4
1
4
8
6
2
43
1
5
4
42
1
4
2
39
3
2
1
7
1
6
3
12
7
2
1
18
1
3
2
63
1
5
1
44
3
5
1
60
2
3
2
41
4
6
3
67
21
5
3
15
3
2
1
71
1
2
1
13
9
3
2
45
1
7
2
36
3
5
1
3
9
5
2
29
3
6
2
12
3
3
3
25
2
1
2
41
5
5
4
1
5
3
2
30
1
6
3
35
8
7
3
18
13
6
4
10
10
2
1
26
2
5
3
39
2
4
4
13
2
1
4
10
2
4
3
34
1
1
4
35
3
3
1
10
8
5
3
40
5
6
1
68
1
2
4
11
15
7
4
8
8
5
1
41
2
4
3
26
5
7
4
34
10
7
1
43
3
4
4
67
10
3
2
5
1
7
3
10
22
3
1
8
2
7
4
6
15
2
4
42
4
4
1
54
1
1
1
37
1
1
1
45
1
7
3
43
1
6
4
15
18
5
3
9
19
4
2
34
1
5
4
12
9
3
2
14
3
7
3
16
7
2
3
4
28
5
1
26
1
6
2
60
2
7
1
28
1
3
4
28
13
4
4
44
4
3
4
17
6
4
3
61
11
6
4
40
4
2
3
54
2
4
2
11
2
1
4
17
23
7
2
71
3
2
4
52
2
1
3
2
9
5
4
49
2
1
4
23
12
4
1
38
2
4
3
8
1
2
4
39
2
3
2
44
3
5
4
32
6
1
2
52
4
1
4
47
5
5
1
38
1
2
1
67
1
1
4
22
16
6
1
14
2
7
1
34
1
7
1
29
1
4
1
7
6
5
2
31
5
5
1
9
2
2
2
55
3
2
4
9
29
6
4
49
6
1
1
17
1
5
2
15
2
6
3
45
6
2
4
7
7
7
2
13
3
2
2
22
3
5
4
36
6
5
3
18
4
3
2
43
3
4
3
41
2
7
4
23
19
4
3
3
8
6
1
27
2
4
3
63
3
7
1
12
1
1
4
16
7
6
2
42
4
6
4
30
4
3
2
47
3
2
1
5
1
4
1
37
2
2
2
6
3
3
2
53
3
6
2
44
4
2
1
41
3
1
3
44
1
2
2
6
2
1
1
10
1
2
1
53
2
4
3
44
10
2
2
2
1
3
3
65
20
2
1
1
3
3
1
43
2
1
1
32
7
4
2
3
3
5
3
67
34
1
2
4
1
5
3
63
9
4
2
37
2
6
3
52
7
2
1
16
1
3
4
29
6
7
1
67
3
3
4
45
8
5
2
71
1
5
4
15
7
3
1
30
3
7
4
34
2
7
1
1
2
4
4
66
1
2
3
55
1
5
1
35
1
5
3
11
7
3
2
17
2
2
2
7
3
7
4
4
6
4
2
55
2
2
4
55
12
6
2
61
2
5
2
34
3
3
2
3
2
2
3
1
8
4
3
37
1
5
2
31
3
4
2
38
2
2
2
45
2
6
2
49
3
1
2
30
3
1
4
18
11
1
1
15
1
7
2
25
2
6
3
55
7
3
1
47
3
1
1
6
2
2
4
68
25
2
1
49
2
4
4
68
22
1
2
68
3
4
4
3
7
3
1
3
6
1
1
27
1
6
3
49
2
3
1
29
2
3
1
13
1
1
3
68
14
4
4
29
5
6
1
18
9
4
4
14
2
5
2
60
4
4
4
71
4
1
4
71
1
6
3
26
12
5
3
4
27
7
4
8
18
4
3
36
8
6
3
42
1
3
3
49
4
5
3
1
2
3
3
15
16
2
2
18
1
2
1
60
1
6
2
10
2
3
1
39
2
1
3
17
4
2
4
14
10
1
3
38
8
5
4
65
2
3
1
55
2
3
2
4
2
7
3
6
6
7
2
28
2
4
1
45
2
1
1
28
2
2
4
4
8
5
1
47
2
3
4
47
2
7
3
27
4
2
2
37
1
7
4
33
10
6
1
39
1
6
1
25
1
2
4
35
5
7
2
12
1
4
2
23
1
2
3
53
6
1
1
40
3
3
1
52
3
3
3
27
2
6
2
27
1
7
2
5
2
2
4
55
10
4
2
16
3
3
3
17
5
7
2
67
2
3
3
5
2
3
4
53
2
7
1
53
1
3
2
27
2
4
1
63
2
4
