2
32
2
5
3
45
4
4
2
17
1
4
2
15
2
2
3
53
1
7
3
34
10
3
2
37
1
2
2
65
2
5
4
45
9
3
1
63
1
7
3
54
1
4
1
5
1
4
1
9
9
5
1
30
8
2
1
39
3
1
4
9
1
6
2
10
2
6
3
41
3
6
2
9
2
5
2
36
1
7
4
36
2
2
4
2
2
2
1
27
1
1
3
65
21
3
2
28
2
3
4
11
22
6
2
26
3
1
3
17
17
7
3
9
28
3
2
13
3
3
2
52
5
4
1
26
3
3
1
66
2
2
1
23
2
4
1
54
3
5
1
42
1
1
3
2
8
4
2
25
2
1
2
61
1
3
1
3
9
1
3
43
7
2
4
35
4
2
1
4
6
2
2
63
1
7
1
33
3
2
2
18
2
4
4
34
2
6
2
9
1
7
1
7
7
2
2
52
3
5
4
36
15
7
2
17
2
5
1
14
10
5
2
11
1
2
2
47
3
7
1
6
1
4
1
17
3
5
3
1
9
3
3
33
18
4
1
49
1
4
4
35
5
7
3
47
10
3
3
18
23
5
4
42
5
4
4
39
9
2
1
18
11
6
4
40
8
7
4
37
10
4
3
12
2
1
2
33
3
7
3
22
10
7
4
28
8
2
2
44
2
3
3
32
3
6
4
14
22
5
4
52
4
5
2
22
3
2
4
37
3
2
4
29
11
6
2
3
2
3
4
31
19
6
4
8
7
5
3
30
23
1
4
18
22
7
3
45
3
2
4
61
7
1
4
10
16
4
4
14
11
1
1
29
2
5
1
29
1
1
1
8
7
2
2
71
1
1
2
40
2
7
4
17
18
6
4
11
23
2
1
11
12
4
2
42
3
3
1
6
2
7
1
49
2
2
4
71
1
6
2
60
1
1
2
61
3
2
2
27
2
5
2
14
3
7
4
30
8
1
2
34
3
4
4
23
11
2
1
30
10
1
2
14
2
5
4
25
3
2
3
25
1
1
1
33
2
6
1
34
9
2
1
52
3
3
2
5
1
3
2
12
3
3
4
43
5
7
4
41
4
1
1
63
2
2
3
60
6
1
2
28
3
4
2
55
3
7
1
14
4
2
1
52
2
7
4
63
6
7
2
53
3
2
2
26
4
1
4
68
5
6
1
34
7
1
1
8
4
3
2
36
3
1
3
44
9
6
1
13
1
2
1
26
2
1
1
16
3
5
1
13
9
5
3
28
1
4
1
10
6
4
3
28
9
6
4
31
25
2
2
1
2
1
3
23
15
5
1
28
3
5
4
65
13
7
3
29
12
1
3
7
2
3
3
16
8
5
1
2
3
5
3
26
6
4
4
3
15
5
4
49
4
3
3
34
4
3
4
22
9
1
1
7
4
3
3
5
3
4
4
10
17
5
2
38
3
1
4
18
4
2
1
22
3
4
4
44
14
7
4
6
18
4
1
66
3
4
2
18
4
1
4
23
18
7
4
26
3
2
4
16
4
7
4
39
7
5
3
26
7
5
1
47
1
7
3
52
10
3
3
36
13
2
2
54
2
6
2
42
2
4
3
1
5
7
1
31
9
4
3
43
2
6
4
67
18
4
3
15
11
7
3
33
24
2
2
7
2
4
4
3
5
4
1
38
3
6
2
8
1
6
4
32
1
1
4
30
2
3
3
60
23
6
2
23
2
2
3
52
9
1
4
38
3
6
1
67
2
3
1
25
3
2
3
38
9
7
1
35
4
7
4
6
8
6
4
63
3
2
2
66
2
4
2
1
1
2
4
22
1
4
3
18
1
5
4
66
4
6
1
1
3
7
2
35
3
2
1
41
2
4
3
37
1
1
3
11
7
6
1
9
10
5
3
39
1
2
3
68
8
3
3
66
3
7
2
47
2
5
4
32
10
6
1
53
2
4
2
15
3
3
1
65
1
7
4
47
15
1
1
32
2
7
1
45
2
5
2
49
4
6
2
31
3
4
4
13
7
2
3
41
1
4
1
12
12
5
3
14
25
1
4
5
20
5
4
12
6
4
3
8
8
5
2
5
3
1
4
4
25
5
1
68
3
2
4
13
6
3
2
37
2
7
3
2
11
5
4
60
9
6
3
67
20
1
4
27
10
1
4
8
12
6
2
34
2
7
3
68
2
7
1
54
2
5
3
8
19
5
2
68
1
4
2
13
2
7
1
22
2
3
3
36
9
4
1
12
3
5
2
45
1
5
3
55
13
3
2
32
3
4
4
5
10
7
4
43
12
2
3
23
2
3
4
60
2
4
3
15
10
3
1
36
3
5
2
25
3
2
2
67
2
3
4
2
12
4
1
43
2
5
1
61
2
2
4
25
4
5
2
41
1
4
2
35
1
1
2
60
4
1
3
6
2
6
3
4
14
5
1
40
2
3
4
15
21
4
2
41
4
5
3
25
4
6
1
40
3
1
4
15
9
2
4
53
9
2
4
54
11
3
1
71
2
1
2
68
4
5
3
5
4
3
3
13
3
1
4
42
2
1
1
32
3
7
3
13
6
7
3
63
12
5
3
27
7
1
3
55
4
3
1
3
5
5
1
44
1
5
2
10
3
5
2
23
3
6
3
63
7
3
4
38
6
1
1
11
9
7
3
54
2
6
3
7
5
5
4
45
4
1
3
39
6
7
2
33
1
1
2
53
1
2
1
65
2
1
4
1
14
4
1
43
1
2
2
22
2
6
1
61
1
2
3
35
6
6
1
53
1
6
3
6
1
1
3
66
5
4
3
67
12
1
2
45
4
3
3
53
3
4
4
61
5
4
2
30
1
1
1
55
1
3
3
29
11
4
2
16
1
6
4
68
19
2
3
38
8
2
4
65
3
6
3
40
3
1
1
68
2
5
2
55
1
1
3
30
8
3
1
36
2
6
4
4
23
5
3
65
11
1
1
55
2
2
3
22
1
6
4
27
12
3
3
31
16
7
4
44
10
5
3
11
20
6
2
6
3
2
1
71
3
4
2
7
3
6
1
17
12
4
4
40
4
6
3
40
6
6
2
67
1
2
1
5
2
5
1
47
2
4
1
38
1
6
4
41
2
3
3
3
4
7
1
44
4
2
1
18
9
7
2
54
1
3
2
66
3
2
3
49
2
3
2
49
3
7
2
63
3
5
3
9
23
7
4
47
6
3
4
52
12
3
4
49
8
7
3
14
18
4
3
27
3
4
3
35
5
3
1
31
16
3
4
7
2
2
1
27
3
5
4
67
33
3
1
37
2
6
4
66
3
1
1
4
3
2
1
45
1
4
1
23
3
7
3
10
6
5
1
42
2
4
1
41
3
7
4
29
16
2
2
16
3
1
3
16
3
5
2
4
3
4
1
28
2
7
3
10
12
2
4
55
7
2
2
71
3
1
3
4
19
3
2
44
5
4
1
67
1
6
4
7
8
4
3
32
2
6
4
26
11
2
1
60
1
1
2
31
5
2
3
71
2
7
2
2
1
5
1
25
1
6
2
2
2
3
3
61
3
4
2
39
2
7
2
29
2
7
4
33
10
5
1
15
3
5
1
37
1
7
1
2
5
2
3
61
8
7
4
34
9
5
4
16
9
5
1
15
1
5
2
39
3
4
3
71
3
5
1
35
3
5
3
3
8
3
2
27
3
7
3
42
1
3
2
29
3
5
3
37
11
5
4
9
2
2
1
60
2
3
1
10
2
1
3
47
6
4
2
6
2
4
4
71
4
6
4
17
9
6
2
8
3
4
3
17
10
5
3
12
7
2
3
49
4
2
2
30
2
1
4
54
7
2
2
12
2
5
3
44
8
3
2
3
1
7
3
42
2
7
1
16
5
2
1
1
2
6
1
39
2
2
2
65
3
7
4
33
1
5
4
1
4
6
2
43
1
3
2
43
2
7
2
40
4
5
2
4
2
3
4
28
6
1
2
38
5
6
4
12
5
1
4
53
2
5
4
55
12
7
2
11
2
3
3
31
27
3
