3
36
5
4
1
33
2
3
3
3
2
3
1
60
1
1
2
17
3
2
4
67
15
1
4
6
1
1
3
63
4
7
4
3
10
4
2
41
2
7
2
54
2
7
2
8
2
4
1
54
1
5
3
61
2
3
1
29
3
6
1
22
1
2
1
43
2
1
1
53
1
4
2
5
3
5
2
7
3
2
1
67
2
1
2
23
2
5
2
2
3
6
3
26
6
2
4
12
7
6
2
28
1
1
2
54
1
3
1
1
3
5
3
14
5
5
4
22
4
7
1
49
2
3
4
43
1
1
4
34
6
2
3
31
9
4
4
4
23
7
3
33
12
4
2
26
4
4
1
38
3
6
1
36
2
7
2
11
2
5
4
23
23
1
4
65
14
3
4
31
21
7
4
1
9
5
1
65
2
1
4
61
2
1
1
71
2
2
1
8
10
7
1
5
2
1
2
33
3
4
4
2
5
6
1
25
2
3
3
37
2
5
2
45
2
5
2
17
2
3
3
9
17
1
2
66
1
1
3
68
16
2
2
67
1
5
1
32
3
7
1
53
2
7
4
61
8
6
1
37
2
3
4
45
11
3
1
25
1
2
4
31
4
3
1
45
2
3
4
66
1
5
3
4
24
4
4
27
11
2
3
40
4
4
3
1
2
6
2
68
4
4
3
32
3
2
3
1
6
5
1
16
5
4
2
30
5
6
3
71
2
7
2
37
3
6
1
27
2
7
4
68
13
1
4
37
5
3
4
25
9
3
1
14
4
2
2
61
1
2
3
27
13
6
4
60
1
2
3
31
27
2
4
29
1
2
2
36
2
2
3
11
26
1
1
23
3
3
3
61
1
3
3
22
7
1
1
66
3
4
1
47
1
7
2
38
3
2
1
31
1
2
1
6
1
5
1
28
2
7
3
18
22
6
1
7
9
7
4
12
2
1
1
9
4
3
2
49
1
6
3
29
15
2
2
29
3
2
4
47
2
1
3
54
2
1
2
9
1
6
2
35
3
6
3
16
8
2
4
39
6
7
3
29
2
1
3
43
3
5
2
4
1
6
2
43
2
6
4
7
1
5
3
42
1
6
1
41
3
6
2
2
2
3
2
12
3
4
2
44
3
7
3
71
4
6
2
71
3
6
1
18
14
2
2
15
2
7
3
67
35
1
1
14
18
2
3
16
7
4
3
65
15
4
1
4
1
2
3
9
11
1
1
1
1
6
1
40
2
5
2
39
3
1
2
33
2
2
2
61
2
3
2
52
1
2
3
6
3
3
3
63
12
4
3
38
1
5
3
36
12
1
3
13
1
3
4
63
4
2
4
26
5
7
4
68
1
3
1
23
2
3
4
38
1
1
2
18
3
3
2
55
2
6
2
32
3
1
3
13
3
3
3
40
2
5
1
18
7
3
2
22
2
1
1
28
1
3
4
2
1
4
4
53
4
7
1
35
3
7
3
10
5
2
1
11
7
7
4
27
1
7
2
16
3
5
2
13
2
7
4
66
3
5
2
6
3
4
2
14
1
6
2
16
2
4
4
29
10
7
3
32
5
7
3
53
6
2
2
5
2
7
3
67
13
3
1
61
3
5
3
47
3
7
2
30
1
1
2
12
1
7
4
13
1
7
3
2
10
4
1
16
6
5
1
55
2
3
1
36
3
5
2
36
5
2
4
39
10
4
2
68
3
1
2
34
2
1
1
43
1
6
2
47
1
5
1
45
1
3
2
45
4
5
4
44
2
6
1
12
12
2
2
71
1
5
3
52
17
5
3
49
2
4
4
7
4
6
2
38
4
6
2
18
1
2
1
11
2
6
4
30
7
4
4
35
5
4
2
11
3
5
4
25
2
4
3
41
3
1
1
9
10
1
2
25
2
5
4
53
14
3
4
17
1
3
3
60
26
3
3
35
1
5
4
11
2
1
3
28
6
3
2
4
3
7
4
65
11
5
3
34
6
5
4
9
9
2
4
40
5
1
2
27
2
6
1
63
2
3
4
67
40
4
4
11
7
2
3
35
2
6
3
7
4
2
3
38
6
4
4
9
7
1
4
52
13
7
3
45
7
7
1
29
1
3
2
65
4
3
4
40
7
5
1
65
1
6
1
44
3
1
4
14
28
7
1
68
1
3
1
17
10
6
4
23
16
2
1
71
1
4
1
2
4
5
4
6
20
2
3
55
13
5
1
6
2
2
3
3
1
3
1
39
4
3
4
32
1
6
4
28
4
6
4
28
10
2
4
34
1
3
3
4
2
4
1
49
1
7
1
42
2
1
2
3
3
4
4
26
9
5
3
68
8
2
2
53
2
3
2
1
1
7
4
10
6
5
4
1
3
3
4
42
5
7
3
49
4
6
4
41
3
6
3
28
12
1
1
7
7
2
4
14
10
4
1
30
14
4
4
5
24
5
1
30
10
6
3
39
6
7
2
8
1
4
3
66
7
2
1
12
7
1
3
66
6
2
2
60
4
1
2
66
3
3
2
10
2
7
2
60
1
5
1
13
4
2
1
39
1
3
1
68
3
5
1
13
8
7
4
49
8
4
1
38
1
2
2
63
3
1
4
55
6
2
1
5
1
4
2
43
3
6
2
6
2
5
4
60
5
3
3
65
6
1
2
41
3
2
4
16
9
2
1
31
12
3
1
27
3
3
4
45
9
6
4
30
3
3
2
55
3
2
1
26
2
1
2
15
3
4
3
2
4
4
3
37
12
3
1
3
4
7
4
18
17
2
1
17
5
5
4
38
7
1
4
41
2
3
2
37
2
4
2
14
3
2
3
41
2
5
2
32
2
2
4
4
14
5
3
30
9
6
2
52
2
4
3
8
12
3
3
60
9
1
3
55
7
4
1
32
7
7
2
23
1
6
2
29
2
6
1
10
6
3
4
52
1
5
2
47
2
5
2
42
3
1
3
8
1
3
4
49
2
4
4
8
11
1
4
5
23
6
3
43
5
5
4
3
17
6
4
55
12
1
1
15
1
7
2
1
2
6
2
10
1
4
2
67
2
6
1
55
1
1
3
5
2
2
3
18
1
3
1
22
2
5
4
71
2
5
2
49
3
3
3
25
1
7
2
42
4
2
4
17
4
3
1
67
3
7
2
13
3
2
3
10
10
7
2
27
1
7
1
47
3
7
1
60
2
1
3
5
5
2
1
2
3
5
3
25
4
3
2
3
1
6
1
8
17
1
3
12
7
3
3
12
4
3
4
43
2
4
4
71
4
4
3
33
6
5
2
22
3
2
1
52
1
4
4
54
10
5
2
63
2
6
3
53
1
4
4
42
3
1
3
26
12
7
1
63
1
7
2
44
1
1
3
27
6
4
1
66
1
5
2
7
2
5
3
39
3
3
3
23
1
2
1
33
8
3
2
9
3
2
3
14
20
2
4
32
11
2
4
36
10
4
4
13
4
6
2
35
1
2
3
54
1
5
1
61
1
7
1
42
1
6
1
35
1
4
3
47
7
4
3
11
13
5
2
40
1
7
3
30
15
1
2
25
1
4
2
28
2
2
4
15
14
6
2
40
4
5
4
44
4
3
3
44
7
1
3
15
2
1
1
15
4
3
4
16
5
4
1
3
6
5
2
26
2
5
4
18
19
1
4
33
7
7
1
40
1
4
4
8
19
5
1
41
1
4
1
26
3
7
4
33
5
3
4
37
2
3
2
31
5
2
4
10
24
5
3
7
3
5
3
44
6
6
4
35
2
7
3
42
2
1
2
53
3
4
3
17
16
3
3
45
3
2
2
34
1
7
3
6
5
4
1
52
3
6
3
17
5
1
3
15
12
7
3
23
5
3
4
47
17
2
4
22
3
5
4
36
9
5
2
65
1
3
1
37
1
1
1
44
2
7
1
34
3
4
4
54
5
7
3
34
11
4
4
63
10
1
1
54
3
6
2
39
4
2
4
15
5
3
1
10
1
7
1
4
4
7
1
34
1
5
3
52
6
4
3
22
6
5
2
31
3
7
