2
65
1
5
3
2
1
2
4
3
20
7
2
71
1
2
4
45
8
3
3
14
6
1
4
22
7
6
2
52
2
4
3
23
16
6
3
71
4
2
2
26
2
6
2
17
1
6
3
30
24
7
3
68
15
4
4
47
3
3
2
23
1
7
3
27
13
1
3
29
18
4
2
47
4
6
1
33
8
4
3
8
8
4
3
1
8
2
4
43
5
5
4
33
7
6
4
37
7
2
3
71
2
1
1
49
2
2
4
2
5
7
4
13
5
4
3
22
4
1
4
67
32
6
4
10
7
4
4
43
4
2
1
68
3
7
2
28
3
5
2
6
1
4
2
12
3
3
1
66
1
5
4
35
4
2
1
34
5
6
3
15
6
1
1
38
2
2
2
10
3
1
3
31
27
1
2
8
1
2
1
65
2
7
3
68
7
1
4
14
20
6
1
60
2
4
4
15
16
7
4
6
17
3
2
29
1
6
1
1
1
1
1
18
11
1
4
34
3
7
3
29
19
1
3
25
4
1
4
1
11
1
2
12
1
1
4
42
5
4
3
35
7
1
2
13
3
2
1
7
4
4
4
36
15
2
3
37
12
4
1
60
1
6
2
17
3
5
4
42
2
6
3
26
2
3
1
52
1
7
2
68
2
3
4
65
14
2
3
54
2
4
1
6
1
2
4
9
16
4
2
2
3
5
3
41
2
6
4
44
11
3
4
4
10
1
2
31
4
5
4
29
4
1
2
28
2
1
1
43
3
3
4
17
7
1
4
36
13
2
4
11
2
4
3
7
1
3
1
12
14
1
2
60
1
3
1
54
1
6
3
45
7
7
1
14
9
5
2
30
3
2
1
11
4
5
2
1
1
6
3
41
4
5
2
14
3
4
1
17
12
2
4
68
9
4
3
36
14
2
1
67
2
5
2
31
2
6
1
7
10
2
2
22
1
6
3
6
3
3
3
28
13
4
1
27
1
4
1
53
1
3
2
23
2
5
4
3
6
4
1
6
2
2
1
28
3
4
4
8
6
3
2
29
2
5
3
37
2
1
4
45
6
4
2
4
2
7
1
71
3
5
3
54
1
4
4
15
27
4
4
33
4
2
3
39
9
6
2
34
1
7
3
9
32
4
4
17
6
1
3
36
11
5
4
37
9
1
1
36
3
1
3
32
4
4
4
65
15
5
1
47
1
2
1
52
2
7
2
66
2
7
2
16
2
2
2
36
2
5
3
5
3
5
4
16
10
4
1
55
2
6
4
29
7
5
1
3
6
7
3
18
5
3
4
54
9
2
2
6
2
5
4
47
11
7
2
8
3
2
1
2
6
3
1
4
7
4
4
30
8
3
1
35
4
3
3
49
5
7
2
37
4
5
2
11
1
3
3
32
11
2
1
39
4
3
3
17
6
2
4
44
15
4
4
35
1
6
4
39
9
4
2
43
2
6
2
15
3
3
3
38
3
6
3
63
9
3
2
55
3
3
4
32
13
3
1
71
1
6
1
32
7
1
2
15
2
1
4
60
6
3
2
27
1
3
3
12
2
1
4
14
14
6
2
13
1
6
2
60
4
6
4
68
21
2
4
31
9
6
1
5
2
4
2
35
2
6
1
61
1
2
2
40
2
7
1
23
3
3
4
41
3
5
3
45
5
2
4
18
14
1
3
63
12
3
2
7
1
3
1
5
1
5
1
2
5
1
4
67
20
6
1
15
1
7
1
67
3
3
4
71
6
5
4
12
3
7
2
22
2
6
1
9
2
1
2
53
2
5
1
10
4
4
2
14
2
1
3
3
6
2
4
28
11
4
4
40
8
5
3
9
24
5
3
40
2
3
2
43
5
2
3
16
1
2
3
2
4
7
2
9
3
7
1
63
2
3
1
26
2
2
3
3
1
5
1
16
2
3
2
25
3
7
2
47
3
3
4
25
8
6
2
9
1
2
4
2
8
2
4
11
20
5
4
7
5
3
2
36
3
3
3
42
4
2
2
68
4
7
4
61
8
1
1
42
1
5
2
49
3
6
4
25
9
4
3
4
5
3
4
31
15
6
1
63
1
7
3
43
1
2
1
44
4
2
3
61
8
6
2
35
1
6
2
39
4
5
2
67
2
4
4
49
8
7
3
34
10
4
1
15
3
4
1
44
3
1
1
18
14
4
4
1
3
5
2
1
2
1
2
61
3
4
3
7
2
6
1
10
6
6
2
53
1
2
2
26
3
7
3
33
18
5
1
36
1
5
3
5
2
2
2
30
1
5
4
12
1
7
4
23
2
3
3
14
24
1
4
7
8
6
3
22
3
3
1
11
11
1
2
71
2
2
1
1
3
3
3
10
21
6
3
13
4
5
4
63
4
5
3
52
18
4
2
11
2
6
3
13
6
3
3
18
22
6
3
25
2
3
1
40
1
7
1
37
1
2
1
22
1
4
2
3
2
1
4
18
8
7
1
4
5
1
4
27
2
1
1
53
2
4
4
9
11
7
3
30
16
5
2
63
2
1
4
22
9
1
2
61
2
7
3
44
4
3
3
55
5
4
4
71
1
4
4
40
4
4
1
32
4
1
4
38
3
3
1
47
2
1
4
61
7
7
4
26
6
3
1
68
1
2
1
54
3
6
1
13
8
6
1
8
2
7
2
18
1
4
1
31
3
3
1
30
14
3
1
3
3
1
1
13
9
2
2
44
1
3
2
33
3
5
1
31
18
1
1
41
3
3
2
2
1
4
2
38
4
1
4
5
11
3
2
49
2
2
3
55
6
2
3
12
7
4
1
55
1
3
4
13
3
1
3
17
7
5
2
32
3
6
1
28
1
5
4
55
10
2
2
5
1
3
2
41
3
3
3
39
10
5
1
35
3
5
1
8
8
1
3
49
6
5
2
34
2
7
2
10
1
2
2
42
2
3
1
39
2
2
1
12
7
3
3
4
3
7
2
5
2
4
3
61
5
1
3
65
4
4
4
8
15
2
4
54
12
4
4
30
2
7
4
10
8
2
4
23
5
4
1
42
2
3
1
45
1
6
4
34
2
6
2
45
4
5
4
28
13
3
3
15
9
4
1
43
2
7
2
27
3
6
3
67
6
1
3
44
1
3
3
60
24
4
4
53
8
5
4
66
2
1
1
61
2
7
4
60
3
7
4
16
11
4
1
26
3
4
4
53
5
2
1
9
14
6
3
47
8
7
4
41
1
5
2
16
1
5
3
42
1
7
4
32
10
4
3
40
1
3
2
39
1
3
1
22
2
3
3
35
1
1
3
26
3
2
3
43
2
5
2
7
2
7
4
66
6
2
1
29
2
6
2
66
1
7
3
52
4
4
1
40
2
7
1
14
8
7
1
30
21
5
2
33
1
4
1
16
6
1
1
41
1
7
2
67
1
4
3
27
3
1
2
54
2
5
1
38
3
7
1
49
1
7
2
40
4
1
3
28
11
2
3
1
5
4
3
38
8
2
4
39
8
4
3
6
5
2
2
18
3
7
2
45
3
4
1
29
1
1
1
17
1
5
2
44
2
3
2
3
1
3
1
25
1
1
3
23
17
5
3
16
6
5
2
25
1
1
2
37
2
3
4
55
13
3
3
66
9
1
3
8
6
7
2
52
4
1
3
66
4
4
4
52
9
6
3
10
20
6
3
11
26
2
4
63
6
1
2
63
3
1
3
53
2
1
2
54
1
3
1
65
1
7
1
45
2
2
1
25
3
5
1
23
1
7
3
53
6
1
1
37
2
5
1
34
6
7
2
65
4
3
2
4
1
5
3
31
4
7
3
65
13
6
3
34
11
5
4
27
6
6
4
5
24
7
3
47
7
7
3
60
17
5
4
26
10
2
4
49
3
6
3
33
15
3
3
67
33
5
2
55
2
6
4
52
3
1
4
6
23
5
1
66
3
4
2
32
2
1
1
27
3
2
4
4
3
7
1
33
1
3
2
42
4
4
3
11
22
2
2
38
5
5
2
41
5
2
4
38
6
2
