1
5
2
5
3
25
7
1
2
66
2
5
1
52
2
4
1
37
1
1
4
30
8
1
4
9
28
7
4
10
21
5
2
14
3
3
2
65
2
5
1
23
3
1
1
36
3
3
3
26
5
1
4
66
3
5
3
54
2
6
3
65
12
5
3
37
11
6
2
10
2
6
3
34
4
1
4
11
22
1
3
36
13
6
2
45
2
4
2
68
4
4
4
13
14
2
2
60
1
7
2
40
4
3
1
33
2
2
4
37
14
2
4
1
1
7
2
42
3
5
1
65
2
6
3
10
25
1
1
55
2
1
4
17
17
7
2
18
4
3
1
11
10
1
4
52
19
3
2
25
3
1
3
6
3
2
3
68
14
5
4
71
2
6
2
35
1
1
2
27
3
7
4
45
14
6
4
9
15
4
1
10
7
7
1
18
2
7
2
28
3
3
1
35
2
1
3
4
7
7
3
67
26
4
4
3
2
2
1
49
2
2
4
63
1
2
2
3
2
3
1
13
6
7
1
55
1
6
4
4
6
7
1
60
1
5
4
54
8
6
1
31
17
4
1
34
2
6
4
36
2
2
1
28
2
5
1
6
1
7
2
18
1
4
1
61
2
5
3
52
9
6
1
44
4
7
2
43
2
7
4
31
28
2
3
5
5
1
4
13
5
3
1
71
2
7
1
9
11
7
3
16
5
1
2
41
4
4
2
16
1
5
2
41
1
6
2
2
2
7
3
11
6
4
1
63
2
5
3
61
10
6
1
22
1
1
1
6
2
1
2
34
2
4
2
17
3
6
1
37
2
5
1
47
3
1
3
17
2
7
3
63
12
4
2
71
2
6
3
33
2
2
3
14
10
5
1
28
1
5
1
5
1
6
2
25
1
3
1
32
2
2
4
15
23
2
3
10
20
2
1
27
3
7
1
54
3
5
3
6
6
7
4
43
9
6
2
27
2
2
1
40
1
6
4
36
4
6
2
54
2
5
3
8
19
3
1
1
3
6
3
35
7
7
4
2
5
1
4
65
10
5
3
4
25
7
2
47
3
3
3
38
10
7
3
26
9
4
3
36
12
6
3
32
4
2
1
43
3
3
3
3
7
3
4
25
3
6
2
6
2
1
4
5
21
3
3
40
3
6
4
66
2
1
4
61
8
4
4
60
3
5
2
38
1
1
2
12
3
6
3
3
3
3
3
38
7
6
1
25
3
3
3
68
11
6
3
27
7
6
4
32
6
3
3
40
1
7
4
12
1
1
4
43
12
7
1
17
16
6
3
13
6
7
3
9
31
6
3
66
3
2
4
35
4
7
2
22
1
4
4
8
14
2
3
14
8
1
1
17
7
1
4
3
9
2
4
29
4
4
4
38
7
1
2
33
2
3
4
71
3
6
4
28
12
2
3
15
16
3
1
38
3
3
4
34
10
2
4
44
3
7
1
40
2
6
1
42
1
7
3
7
1
1
1
39
2
5
1
45
1
5
4
29
5
1
1
7
4
7
1
68
1
3
4
44
1
6
4
45
7
1
2
9
2
3
1
26
1
2
1
66
1
6
1
47
1
1
3
41
3
2
3
39
2
5
2
63
2
2
3
53
6
4
3
55
1
3
2
38
4
6
3
29
10
4
2
5
2
6
1
3
8
7
2
33
3
2
3
54
1
4
4
15
14
5
3
45
1
6
2
13
1
6
2
39
2
2
2
4
2
3
2
36
2
2
2
61
2
6
4
2
1
3
2
49
2
7
1
71
3
1
4
49
3
2
4
23
17
4
1
67
2
2
1
25
2
5
3
1
4
1
2
67
1
2
3
8
5
2
3
9
23
7
4
17
16
2
2
9
1
4
1
13
3
7
4
1
12
2
4
41
4
6
2
29
2
4
1
53
2
1
2
47
4
1
2
42
4
1
2
1
2
7
2
37
3
1
2
65
1
3
3
43
6
2
2
54
1
5
3
30
12
6
4
54
7
3
1
34
4
5
3
2
12
1
1
22
2
5
3
44
1
7
1
36
2
4
1
67
1
2
2
63
3
2
3
37
8
2
4
53
11
1
4
49
5
4
1
18
9
6
2
4
1
7
3
5
3
5
3
42
1
2
2
31
2
5
3
25
5
7
3
11
4
2
1
42
2
5
1
9
8
6
1
8
6
5
1
2
6
2
4
11
10
2
1
53
1
3
1
30
4
3
2
43
1
5
1
32
3
2
3
71
5
1
3
15
13
3
4
7
7
6
2
40
1
2
1
35
1
1
3
29
4
1
3
23
10
2
2
3
3
4
3
32
6
5
2
49
3
4
3
31
11
5
4
14
18
6
2
11
3
2
3
2
2
5
1
44
2
4
2
29
3
2
3
18
4
1
3
28
11
6
4
8
5
3
3
7
3
3
4
60
6
5
2
10
3
3
2
26
4
7
3
22
11
4
3
47
7
3
1
49
1
6
2
5
1
3
3
35
1
4
2
14
2
3
4
10
30
4
1
38
2
4
2
8
1
1
2
30
2
3
1
7
9
3
2
55
3
5
1
4
7
5
1
14
18
4
2
22
3
2
4
42
3
5
1
65
1
1
2
7
3
4
3
27
16
6
2
26
2
2
2
66
1
6
2
31
4
6
4
55
2
5
2
45
3
6
1
68
2
4
4
22
7
1
2
68
2
7
4
42
4
4
4
31
15
3
3
12
6
1
4
7
4
2
1
63
1
3
4
53
8
4
4
14
4
5
1
1
1
2
4
67
34
4
1
3
2
4
1
52
1
4
3
65
3
2
1
33
3
1
1
8
12
2
2
61
3
5
4
40
2
6
3
1
9
3
1
41
2
7
3
60
32
6
3
61
11
7
4
25
6
6
1
12
3
5
4
6
8
7
4
47
6
4
1
61
3
3
1
27
2
7
3
23
5
6
2
32
4
7
4
32
2
7
4
68
13
4
1
31
15
4
2
15
2
1
4
26
10
4
2
6
3
6
1
23
1
6
1
14
6
6
2
28
1
7
2
12
2
7
1
54
1
2
3
71
4
4
3
33
4
2
4
38
3
1
1
12
14
2
1
29
2
7
3
49
1
1
4
18
17
3
2
60
3
2
2
44
3
5
4
33
6
5
2
23
1
3
3
22
5
3
4
27
7
5
3
16
3
5
3
12
4
2
4
28
9
3
4
34
7
7
3
66
8
3
2
36
1
1
2
53
2
5
2
35
2
5
1
2
4
2
2
7
2
5
1
41
1
5
3
63
10
3
3
49
2
6
3
41
4
3
3
53
8
1
2
23
3
1
2
13
3
4
1
29
1
3
2
17
1
4
4
61
2
6
1
10
2
1
2
15
1
2
1
15
4
3
2
39
1
5
3
47
3
3
1
4
5
6
1
30
6
4
4
55
4
4
3
28
13
3
3
17
16
6
4
37
12
1
2
67
2
5
3
44
4
5
4
26
7
2
1
39
4
3
4
39
7
4
3
13
1
2
4
40
8
3
1
16
3
3
4
65
13
3
2
55
2
5
2
32
3
1
3
39
3
1
3
42
4
7
3
55
8
4
1
66
2
5
2
53
1
3
4
33
11
3
4
52
10
1
4
16
3
5
2
11
2
5
2
34
1
3
2
52
4
2
4
68
4
4
3
18
7
5
1
60
2
5
4
6
31
6
4
67
33
5
2
8
3
4
3
60
7
7
4
27
8
4
4
41
1
4
1
43
2
2
1
45
2
5
3
34
1
2
4
16
6
3
1
15
2
6
1
16
4
3
2
71
1
2
4
4
12
6
4
18
27
6
3
43
7
5
3
52
2
2
4
30
7
4
2
37
1
3
4
47
1
2
3
31
1
6
4
63
12
2
3
45
5
6
3
67
23
7
3
30
11
6
4
35
5
6
2
1
3
6
2
44
5
5
1
26
3
6
4
22
3
2
4
23
9
3
2
52
7
7
4
5
8
6
4
12
6
7
1
11
8
4
2
30
1
5
2
16
3
7
4
39
5
4
2
2
3
7
