2
10
1
6
4
29
4
4
2
1
1
2
2
11
3
3
1
52
1
6
2
10
2
7
3
66
5
7
3
8
3
7
1
16
4
4
2
71
3
5
1
67
3
3
2
43
5
4
2
61
1
6
1
10
8
5
1
67
1
6
1
40
2
7
4
33
11
6
1
55
1
4
1
33
5
5
1
6
2
7
1
8
3
1
1
34
8
1
4
2
8
3
1
39
1
2
2
11
2
4
2
52
1
2
4
23
18
6
2
13
2
4
3
45
7
7
2
47
2
5
1
41
2
2
4
41
1
3
4
10
17
7
2
25
2
3
4
53
13
2
3
10
2
5
3
9
25
4
4
23
21
1
2
40
3
3
1
44
4
5
4
14
10
3
4
8
13
3
3
29
19
3
3
11
9
3
1
23
1
6
1
45
1
3
2
41
3
1
4
49
4
1
1
9
14
4
4
41
2
1
4
17
22
6
1
5
1
2
4
35
4
5
3
31
12
3
3
25
7
6
2
1
2
2
2
42
2
7
4
68
14
6
2
4
2
7
4
68
8
1
1
9
1
2
2
67
1
5
2
54
2
3
3
71
4
5
1
13
1
2
2
27
3
2
4
47
15
3
1
65
2
7
2
34
3
2
3
28
12
6
1
71
1
7
3
67
14
5
4
1
3
7
3
8
11
2
2
29
1
5
4
54
5
5
3
1
9
3
3
35
2
6
4
4
15
7
3
25
2
5
4
27
11
1
2
54
1
3
4
28
5
2
1
61
3
5
1
52
2
1
2
32
2
4
4
18
10
1
4
63
12
3
2
31
3
2
3
39
9
2
3
14
14
7
1
5
2
7
4
22
6
4
3
54
1
5
1
39
2
1
3
23
17
1
3
43
3
6
3
22
1
2
2
38
5
3
4
43
3
7
4
60
2
2
1
4
6
7
1
16
6
4
4
17
14
7
1
36
3
4
3
33
16
3
3
63
7
4
3
60
14
5
1
30
4
2
1
68
3
3
4
52
21
5
2
14
2
2
1
49
1
1
4
11
1
2
4
55
4
1
3
52
8
3
3
47
3
4
2
68
1
1
4
40
1
6
3
5
1
5
2
65
3
2
3
49
8
5
2
4
3
6
2
25
1
1
3
52
17
2
4
9
3
4
2
35
1
3
2
8
1
6
2
42
3
4
4
30
8
7
4
34
6
3
2
2
2
1
3
67
20
3
2
22
2
6
4
6
3
5
4
66
4
6
1
47
1
2
4
31
15
1
4
4
27
5
1
34
2
1
4
14
17
4
1
29
1
1
2
63
3
5
4
67
29
1
3
36
7
5
4
71
4
4
4
11
16
6
4
30
2
4
3
53
7
6
1
38
1
1
1
45
2
1
4
7
6
4
3
29
3
4
4
16
10
3
2
53
3
5
2
60
1
3
1
49
2
1
2
3
1
6
4
36
10
5
4
63
9
6
1
2
4
2
3
7
1
1
1
15
3
2
4
54
3
4
2
31
4
5
4
32
12
1
1
18
6
4
2
44
4
6
2
7
2
5
4
42
5
6
3
4
15
5
4
34
3
7
4
31
12
1
2
2
3
1
1
32
1
6
4
60
4
6
3
22
11
1
1
29
2
6
1
3
8
1
2
5
1
6
3
45
4
7
4
13
5
1
2
47
3
7
3
55
1
2
2
37
2
2
3
26
3
2
1
43
1
6
2
15
1
5
3
10
12
5
3
14
4
7
1
22
2
1
3
32
2
5
1
12
11
1
1
18
5
6
1
26
1
6
2
28
2
2
3
53
4
6
3
2
4
5
2
30
2
7
4
44
11
2
2
45
1
6
3
61
6
1
1
53
1
6
1
22
1
3
4
26
8
7
3
12
2
3
2
13
1
5
2
7
3
2
2
17
3
6
2
38
1
5
2
12
2
6
2
32
4
6
3
34
8
3
4
66
1
7
1
6
1
6
2
52
2
6
1
53
2
7
2
17
2
4
1
30
15
2
4
71
3
5
1
8
4
6
3
37
7
6
2
3
2
6
1
60
2
5
3
16
8
5
1
25
2
7
4
67
20
4
1
4
4
4
4
37
3
6
4
55
10
1
4
40
2
4
4
39
9
6
2
65
2
5
3
42
3
6
2
33
1
6
1
31
3
7
2
34
1
1
1
38
3
2
1
11
9
3
4
52
6
2
3
39
6
7
3
40
2
6
1
35
2
1
2
29
2
7
4
65
6
3
2
26
1
7
3
33
8
1
4
6
4
6
3
15
14
3
3
31
20
2
1
27
2
1
4
38
8
5
2
49
3
3
4
43
8
3
3
1
7
6
3
11
8
2
2
39
2
3
2
66
3
3
2
36
5
4
2
16
3
3
1
63
2
2
2
14
1
2
4
1
9
5
1
68
1
1
1
55
2
1
3
26
8
5
3
55
11
5
4
49
3
1
4
53
3
4
4
25
8
1
1
32
2
6
3
71
1
6
1
40
3
3
1
54
3
6
4
3
7
4
3
47
2
7
1
1
3
4
3
68
11
1
3
2
3
5
4
61
7
3
3
12
3
2
1
10
4
7
4
44
19
5
3
7
5
1
2
67
2
5
2
9
3
5
3
27
4
3
2
15
2
4
3
41
1
7
1
54
2
2
4
27
5
1
2
18
2
5
2
39
1
1
3
38
12
7
4
42
2
5
3
13
2
4
4
12
9
6
1
27
1
5
4
35
3
3
4
36
5
7
3
65
7
4
3
15
6
1
1
15
1
5
4
7
3
3
3
41
2
7
1
37
2
6
4
25
4
1
1
23
2
6
2
30
5
3
3
54
2
5
3
38
3
5
3
30
22
3
2
53
2
7
1
36
2
2
1
66
3
5
1
61
1
4
1
13
5
6
4
45
9
7
3
4
2
1
1
41
3
2
4
45
12
7
2
71
1
7
4
15
12
3
3
35
7
6
4
65
2
5
4
22
10
6
3
17
6
3
2
23
3
1
3
3
9
1
2
16
2
7
4
28
7
3
2
28
3
1
1
28
3
4
3
27
12
2
1
14
20
6
1
2
6
5
3
40
5
1
4
12
8
7
2
41
1
4
1
11
2
1
3
60
20
6
3
61
3
1
3
13
4
5
2
22
3
7
3
5
2
2
2
66
2
2
2
26
2
2
1
35
3
1
2
33
2
7
2
55
1
3
1
60
1
1
3
37
10
2
1
1
1
3
1
71
3
5
1
3
6
4
4
2
13
7
2
43
1
7
4
18
8
5
4
9
5
2
1
28
1
1
3
63
3
6
3
28
10
3
2
44
2
1
1
25
3
7
4
5
9
2
2
6
3
7
2
49
2
4
3
49
3
7
3
16
7
6
2
35
2
4
2
36
4
1
4
33
10
3
2
18
1
7
4
13
14
1
2
27
1
2
3
17
16
5
2
60
3
4
4
10
32
4
1
66
2
5
1
65
1
7
2
9
1
1
3
68
2
6
4
39
7
3
2
12
3
5
1
14
17
4
3
30
24
6
4
32
7
3
1
33
7
2
1
44
1
6
3
3
3
3
1
42
1
5
2
63
1
3
3
65
9
6
3
43
7
2
3
34
10
6
3
6
4
2
4
16
6
7
2
68
3
4
4
26
3
4
4
8
9
1
2
61
3
7
1
17
16
5
3
23
13
2
2
5
2
6
2
23
1
4
1
63
1
3
3
66
9
2
4
29
10
4
4
15
1
4
2
55
3
2
3
42
4
2
4
37
10
2
2
37
3
4
4
47
17
5
2
6
1
2
1
31
13
2
1
26
2
6
1
7
3
2
2
40
2
3
1
47
2
1
3
9
23
7
1
7
7
5
3
32
5
2
4
5
7
5
4
38
6
6
3
44
8
1
2
8
3
6
3
44
1
4
1
37
1
5
3
6
6
7
4
3
2
5
1
42
2
6
3
18
7
4
1
17
12
4
3
18
9
2
4
61
2
1
1
12
15
3
2
45
3
2
3
36
5
7
1
43
3
2
