2
34
3
3
1
11
4
2
1
33
5
6
4
43
5
1
1
25
3
1
4
63
2
5
4
42
1
2
2
33
2
3
4
1
11
2
3
34
5
6
3
9
20
4
3
8
9
5
2
60
3
1
2
26
2
3
3
15
15
7
2
52
1
2
3
15
2
4
2
34
2
4
3
2
5
2
2
17
1
3
3
7
3
2
2
26
4
3
1
16
7
2
2
45
4
6
3
71
3
1
4
66
6
5
3
33
24
5
1
60
2
3
1
17
13
4
1
13
2
4
3
66
3
4
3
65
4
2
1
22
1
6
1
27
3
3
2
42
4
6
3
11
3
5
2
15
1
5
4
52
7
7
3
47
4
3
4
31
23
3
2
4
3
5
3
38
5
3
4
40
7
7
3
53
1
1
4
68
22
7
3
3
7
4
2
6
2
2
1
68
2
6
4
23
16
3
1
17
14
3
3
35
1
6
2
6
1
2
4
67
19
1
1
36
1
4
3
14
7
3
4
39
10
1
2
54
1
7
3
45
2
6
2
67
2
3
2
28
1
4
4
7
9
4
4
55
2
1
1
23
3
6
1
14
3
7
2
10
1
5
3
45
4
7
2
38
5
4
4
65
11
7
1
15
2
4
2
12
2
7
3
60
26
4
3
12
6
1
4
27
7
7
1
10
2
4
1
26
1
5
1
25
2
4
4
27
1
4
2
31
4
3
4
71
3
1
1
63
1
1
4
15
23
1
2
25
1
4
4
53
7
6
2
45
2
5
3
23
13
2
3
10
23
5
2
30
1
3
2
55
3
7
2
47
2
7
3
16
6
6
2
40
1
3
1
41
1
4
4
32
14
1
1
14
11
5
4
30
6
3
1
34
5
4
4
47
1
1
1
41
2
7
2
1
2
7
1
3
1
1
4
40
2
2
1
5
1
4
3
52
5
5
1
31
8
3
4
55
11
3
4
15
17
4
4
41
1
4
3
26
9
1
1
34
4
7
4
45
3
5
1
53
2
3
4
66
5
4
2
11
1
5
3
61
5
5
2
54
2
1
1
10
7
3
4
9
25
4
2
9
3
7
2
63
2
2
4
28
5
7
2
22
1
7
2
11
3
6
4
65
1
2
2
63
1
1
1
4
1
5
2
65
3
3
1
9
11
3
4
31
20
5
3
10
5
3
4
4
7
5
4
36
6
5
1
44
2
7
2
37
1
4
3
6
6
3
4
10
2
5
3
22
12
6
3
16
8
1
1
49
2
3
3
43
6
1
3
33
21
5
3
67
21
6
2
41
2
1
3
47
2
3
3
32
10
2
3
29
4
2
2
17
3
6
4
49
3
2
4
68
25
4
2
7
2
3
4
30
7
4
2
53
2
7
3
1
5
3
1
71
1
1
2
38
2
4
2
55
1
3
2
32
2
5
4
71
2
3
1
26
2
2
3
42
2
7
1
15
3
1
2
29
3
1
3
17
3
3
4
7
7
3
4
11
27
2
3
43
7
1
3
36
8
7
3
8
11
6
2
60
4
6
2
4
1
7
4
42
5
3
2
67
1
2
2
66
3
4
1
6
1
3
2
37
2
4
4
60
9
4
3
4
6
5
3
13
4
1
4
11
7
3
2
65
2
4
3
3
2
6
4
53
1
5
3
4
3
2
1
40
1
6
4
54
5
1
1
29
3
1
2
71
1
4
1
35
3
6
2
43
4
1
1
61
2
1
1
54
1
1
3
39
2
3
4
10
20
4
3
14
3
7
4
45
1
7
1
66
2
1
1
55
2
7
3
26
3
4
1
12
8
2
1
63
2
3
1
35
2
2
3
31
10
5
1
28
2
4
2
18
2
5
4
34
6
5
1
40
3
6
2
39
2
7
3
53
8
7
4
54
4
5
4
49
2
4
1
39
2
6
2
68
4
5
1
67
2
7
1
43
2
7
4
17
14
4
2
5
1
4
1
3
9
6
3
11
16
2
2
39
4
2
2
35
1
6
2
8
2
6
3
63
9
3
4
13
4
2
1
4
7
4
1
47
2
7
2
23
3
3
3
66
8
3
4
3
11
2
4
67
30
4
2
5
2
5
1
22
3
3
1
8
3
4
3
25
9
7
4
5
14
7
1
60
1
2
3
34
8
3
4
25
4
3
2
12
1
1
3
28
9
7
3
7
2
5
3
5
1
3
2
47
4
1
3
60
4
5
1
7
7
2
4
5
8
6
1
38
2
4
4
13
12
5
4
6
25
2
4
16
3
6
1
1
3
3
2
9
1
1
3
65
10
5
2
66
1
3
3
67
34
6
2
28
2
6
3
13
3
6
4
39
5
2
4
26
10
2
2
31
1
4
4
6
6
3
3
6
4
3
3
68
8
1
2
7
3
5
1
30
4
5
1
65
1
7
2
15
2
5
1
42
2
6
3
54
2
4
3
55
1
7
1
61
3
7
4
37
10
2
4
41
3
2
2
49
2
6
4
12
8
1
4
52
4
5
1
66
1
2
2
41
3
2
2
68
1
1
1
2
4
2
4
61
4
1
1
42
1
4
3
54
1
3
4
8
8
6
4
33
10
4
3
25
1
6
4
26
5
1
2
18
4
3
1
43
1
4
1
23
1
3
4
44
17
1
3
28
13
6
3
71
4
6
2
44
4
5
2
23
1
6
3
68
9
7
2
14
3
1
2
40
4
7
4
38
8
6
2
27
3
2
1
36
3
4
1
52
1
2
4
8
6
6
1
6
2
2
1
18
5
5
1
16
1
4
2
8
3
1
4
33
3
4
4
25
8
3
1
18
2
2
4
14
29
7
3
55
10
1
4
14
32
1
4
61
11
2
4
44
11
1
3
63
11
7
4
60
6
4
1
32
1
5
4
2
10
6
3
5
4
3
3
40
5
7
2
44
2
4
4
1
5
5
1
67
1
4
4
12
5
6
1
38
1
2
1
49
1
3
4
29
4
4
3
27
6
6
2
61
2
5
3
17
7
2
4
63
12
6
1
2
5
6
2
13
2
5
1
71
2
3
4
22
1
3
1
37
1
7
3
42
4
2
2
53
3
4
1
8
4
6
2
16
3
3
3
37
4
4
1
44
4
5
4
29
3
5
1
37
2
2
3
22
10
3
1
68
1
5
2
36
5
3
3
2
10
2
3
38
9
1
2
25
2
5
3
27
17
3
4
35
2
1
2
3
3
6
3
49
8
1
1
54
3
2
4
18
21
3
1
9
5
1
3
18
20
4
1
52
2
3
2
27
1
2
3
12
7
5
3
44
1
3
1
27
2
3
4
28
4
7
3
49
5
4
1
31
16
4
3
32
3
4
1
45
1
3
4
3
19
7
1
65
2
7
1
1
2
6
2
2
1
6
4
9
18
6
3
52
9
3
4
23
7
1
1
45
2
6
1
32
3
3
3
35
7
7
4
2
12
2
1
13
8
4
1
53
1
4
1
5
2
3
4
43
4
2
3
37
1
2
4
34
5
7
3
29
16
7
4
18
11
6
4
47
13
7
3
61
3
5
2
49
1
6
1
11
7
2
2
1
1
7
2
36
2
3
4
4
24
4
2
30
2
6
2
3
2
1
2
29
2
7
4
35
1
6
3
30
4
2
2
14
2
6
1
7
5
7
3
36
11
6
3
23
2
7
3
39
10
3
1
33
3
2
2
2
3
3
1
47
3
4
2
32
1
6
3
9
16
5
1
30
21
5
3
40
2
6
1
28
3
4
4
32
12
1
3
30
9
4
2
35
2
6
4
36
9
4
2
33
3
1
2
16
1
4
2
43
1
4
3
44
2
5
4
17
15
7
2
13
3
3
2
42
2
5
2
71
3
7
2
22
2
3
4
37
3
1
3
41
2
2
4
16
11
1
1
39
3
7
1
29
1
1
3
1
6
1
4
22
6
6
4
38
2
7
3
41
1
4
1
55
1
3
2
10
3
6
2
52
4
5
2
61
3
3
3
18
25
3
1
12
16
7
3
31
9
1
