1
55
1
7
3
53
8
1
4
1
9
3
3
25
5
7
4
26
5
3
1
42
2
3
2
49
2
1
4
27
3
5
3
45
6
2
2
42
3
3
4
16
2
4
3
63
2
5
3
35
7
2
3
7
3
2
4
2
13
6
2
14
3
4
1
32
2
5
1
27
3
2
1
17
14
6
4
55
1
3
2
1
1
4
3
65
20
1
3
41
2
7
3
12
5
6
3
2
7
7
4
54
8
3
1
5
1
4
3
2
3
1
4
43
1
6
3
1
3
5
1
18
14
1
2
29
2
7
1
18
4
2
2
60
4
1
4
5
16
7
1
6
2
1
2
4
1
2
2
52
5
6
1
7
8
6
4
29
4
7
3
65
15
6
2
36
3
7
4
32
13
4
3
27
10
2
2
60
2
6
4
40
5
5
1
33
4
2
3
23
16
6
2
39
1
4
2
22
3
1
4
4
6
7
1
42
1
7
4
68
11
1
4
17
15
7
2
29
1
4
4
38
4
2
1
41
2
3
4
7
1
7
1
67
1
5
3
22
12
4
4
52
19
1
1
16
2
5
4
38
5
3
1
71
2
5
4
11
10
5
1
63
1
1
2
4
2
4
1
55
2
4
4
39
5
5
3
44
1
1
2
11
3
2
1
11
1
1
2
6
3
4
2
52
4
6
4
52
8
1
2
40
2
4
2
12
3
7
1
9
8
4
3
61
9
6
1
36
3
5
4
47
16
5
4
29
11
7
1
68
1
4
1
39
4
1
4
49
1
4
1
28
2
3
3
34
1
6
2
13
3
5
4
2
5
6
2
13
2
3
3
18
15
6
2
35
1
3
3
41
1
6
3
37
10
2
4
63
2
4
1
53
2
2
4
49
2
5
3
27
16
1
3
47
8
6
2
28
3
3
4
25
3
4
4
8
13
2
2
71
2
3
2
37
1
7
4
14
15
7
1
40
1
7
1
34
8
4
1
52
1
3
4
6
8
7
2
14
2
4
1
45
1
1
3
40
5
7
2
68
1
4
3
47
3
7
2
33
1
2
4
22
17
4
4
61
6
6
2
30
5
6
4
39
10
1
4
13
11
7
3
32
8
1
3
30
2
2
4
16
10
4
4
33
10
2
4
11
27
2
4
61
1
6
2
3
1
6
3
14
13
2
2
68
2
5
1
66
2
2
2
41
1
6
3
54
1
3
4
18
9
7
1
23
3
6
2
61
3
7
3
63
3
7
3
31
13
5
3
6
5
2
4
15
3
2
4
60
8
2
1
2
5
2
1
25
3
3
2
26
4
6
1
60
1
2
4
47
15
3
4
14
17
5
3
1
9
1
1
71
1
5
2
41
4
2
4
23
18
5
4
42
1
4
4
67
35
3
1
35
3
6
2
25
1
4
4
36
13
1
4
34
3
2
3
71
1
6
3
10
21
1
3
43
8
5
4
15
7
1
1
44
3
7
3
55
14
3
3
68
7
1
2
9
3
5
3
36
1
6
1
12
2
1
3
67
35
7
3
30
22
4
4
28
6
5
2
43
2
7
1
8
4
7
1
2
1
6
3
15
9
2
4
3
12
5
4
12
1
5
2
31
2
4
1
29
2
4
4
12
3
7
2
6
2
6
1
63
2
3
3
8
11
3
2
66
3
1
1
11
11
3
2
53
2
3
2
7
1
1
2
32
2
6
4
65
14
4
1
1
3
3
3
8
6
2
3
11
8
7
1
54
2
3
1
60
2
2
3
11
18
6
3
13
8
2
1
29
3
3
1
45
2
1
2
31
5
1
3
61
5
7
2
49
3
7
3
53
5
3
1
14
14
4
4
30
8
7
2
43
1
4
1
32
1
5
3
7
2
2
3
18
11
4
4
23
4
6
1
14
9
7
4
18
12
3
2
28
2
2
3
60
9
2
3
34
7
2
1
10
2
3
4
30
5
4
2
61
1
2
4
1
13
1
1
23
1
7
3
43
2
6
2
11
2
6
3
37
1
2
3
66
7
1
3
4
7
1
4
41
4
2
2
55
1
7
2
34
3
4
3
17
5
6
2
17
2
6
2
53
1
1
2
26
2
6
2
23
3
2
3
38
12
4
1
17
9
1
1
38
1
4
1
16
3
4
1
4
3
4
3
67
27
4
4
7
9
6
3
31
10
7
1
3
8
2
4
37
8
3
2
2
2
7
1
9
5
3
4
35
3
4
4
68
4
4
4
25
2
2
3
36
11
7
2
10
3
1
3
6
4
2
2
8
1
7
4
31
6
1
3
71
2
2
3
52
17
2
1
6
1
4
2
16
2
4
2
35
3
6
3
4
5
6
4
35
4
3
3
60
21
3
3
40
6
3
3
39
5
6
4
9
24
6
3
49
5
2
2
27
1
4
2
65
3
6
3
32
1
3
4
65
7
7
1
10
6
7
3
54
2
4
2
44
5
6
1
37
2
4
2
40
3
4
1
44
1
2
4
55
5
1
2
25
2
7
4
71
4
4
1
15
2
3
4
28
7
3
2
44
3
4
4
66
4
7
1
3
2
3
3
10
9
2
2
47
1
4
1
40
2
4
2
10
1
4
2
66
1
6
2
1
3
1
1
13
7
3
1
7
2
3
3
29
6
2
1
37
1
4
4
8
7
1
1
49
2
2
2
54
1
6
2
42
1
1
3
49
7
4
2
33
2
4
3
45
4
6
3
66
1
2
2
3
3
2
2
9
2
5
4
13
9
3
2
18
2
2
3
3
6
5
3
5
2
5
3
42
1
6
2
34
2
4
3
14
26
5
1
28
3
2
3
29
12
3
4
26
3
4
1
35
2
4
4
53
7
1
2
23
2
7
4
40
6
5
2
18
3
4
1
26
2
2
3
44
8
4
1
27
2
6
1
65
1
7
2
39
3
1
2
12
1
6
3
5
5
5
2
36
5
5
1
26
1
6
1
13
3
5
4
53
14
2
2
67
2
4
1
61
3
2
1
43
2
3
4
63
1
6
2
45
1
3
4
3
21
6
1
54
1
4
1
47
3
3
2
2
1
6
2
47
2
5
3
52
6
2
1
31
17
5
4
60
9
1
3
38
7
2
2
63
3
6
1
34
10
6
3
12
7
4
4
54
6
6
4
33
2
3
2
5
3
7
2
7
2
5
1
38
3
3
4
31
13
1
3
26
1
2
1
47
1
7
3
3
10
2
2
22
2
4
2
65
1
5
4
32
1
3
3
15
6
6
2
15
3
4
1
43
1
2
4
44
13
1
4
27
2
2
3
26
2
7
1
68
3
7
4
43
5
6
2
63
2
3
1
41
1
7
4
71
1
7
2
27
2
7
1
67
2
7
2
45
4
2
3
68
1
1
1
25
2
6
1
22
3
5
1
49
1
5
1
8
16
2
4
17
16
1
1
4
8
6
4
67
21
2
4
36
9
4
2
32
4
6
3
39
3
4
2
8
3
5
4
45
12
5
4
37
7
6
1
39
3
4
3
33
1
6
2
38
1
3
4
44
3
4
2
55
2
2
2
30
2
5
3
23
1
7
2
67
1
6
4
41
2
4
2
38
3
4
1
31
2
6
3
9
1
4
2
54
2
7
3
28
9
1
2
5
1
1
2
17
3
4
3
16
5
5
3
55
3
7
4
5
14
6
2
37
2
7
4
10
12
4
3
42
4
1
1
65
2
1
4
42
5
2
1
1
2
6
3
17
3
1
3
35
6
3
1
22
1
5
2
15
2
4
1
33
6
6
4
10
19
1
1
53
1
4
3
33
10
2
4
9
26
4
4
34
11
5
1
52
3
4
1
15
1
6
4
6
4
4
1
30
11
5
3
9
30
4
1
61
1
7
3
25
6
1
3
13
3
6
4
22
14
6
4
66
6
1
2
71
1
5
3
28
1
4
1
66
3
2
3
22
6
5
3
16
1
3
1
36
1
7
1
12
17
7
1
30
7
6
4
4
15
5
1
5
2
3
4
45
7
1
2
16
1
3
