2
27
3
2
1
49
1
3
2
22
3
3
2
52
4
5
2
15
1
6
3
3
2
6
1
1
2
7
2
2
1
2
2
60
1
3
2
16
1
7
3
11
3
6
4
10
32
4
2
42
1
2
3
11
24
3
1
60
2
4
3
71
5
4
2
60
3
7
1
54
3
5
3
37
5
4
3
31
11
3
2
12
3
4
3
54
2
6
3
60
16
6
2
2
3
7
2
71
2
4
1
5
2
4
3
68
17
3
3
6
5
3
4
66
3
7
4
55
11
2
2
47
4
7
1
52
1
2
4
6
4
5
4
25
7
4
3
25
6
1
2
35
3
5
2
28
3
5
4
71
1
4
1
18
5
1
3
26
1
6
2
15
2
6
2
30
2
6
3
3
10
3
4
14
20
2
3
14
3
1
1
34
8
1
2
11
3
4
3
54
1
4
4
31
2
3
2
32
2
6
1
42
1
7
3
55
16
6
3
6
2
6
3
61
6
7
1
4
2
3
2
67
1
5
4
15
14
7
3
49
1
7
2
18
2
7
3
17
14
6
4
49
5
5
2
6
3
4
3
28
1
5
1
66
2
7
3
43
7
5
2
45
3
6
4
63
11
5
4
23
20
7
4
65
12
3
4
27
1
2
4
22
20
1
4
41
2
4
1
9
7
5
2
14
3
3
3
33
3
4
3
34
8
5
1
6
1
6
2
33
1
7
2
10
1
1
4
6
28
3
1
53
1
1
3
16
1
6
4
38
8
1
1
15
5
1
2
36
3
1
3
8
11
6
1
35
2
2
2
66
3
1
4
61
2
7
4
47
4
7
2
6
1
4
1
31
18
1
1
12
14
4
1
54
1
6
2
53
3
7
1
32
2
6
1
35
1
3
3
31
28
7
2
26
4
2
4
11
1
5
4
28
8
1
2
28
2
3
3
49
7
3
1
10
8
5
2
10
2
7
1
66
3
1
3
68
8
1
3
53
1
6
3
30
15
3
3
43
6
1
3
63
1
1
4
16
12
1
3
35
7
2
2
65
3
6
2
34
3
1
4
33
8
1
3
13
6
2
4
71
4
6
3
60
10
5
3
67
13
7
2
27
1
7
1
63
2
2
3
36
2
1
4
37
2
5
3
14
22
1
3
44
1
3
4
23
10
2
4
11
21
3
2
8
1
7
1
42
2
6
4
39
3
3
4
7
2
5
4
52
14
3
1
12
17
1
1
17
15
2
3
5
5
1
4
37
8
3
3
22
6
5
2
4
2
4
4
33
9
5
3
29
19
1
2
37
3
6
1
67
1
5
1
43
1
7
4
44
2
6
3
13
5
5
1
71
3
3
4
18
20
3
1
8
1
5
3
23
10
2
4
44
12
1
2
47
3
7
1
13
6
3
3
22
12
5
2
34
1
2
3
47
4
6
2
43
4
6
2
9
1
6
3
61
11
5
1
7
1
2
2
44
3
6
4
49
7
3
3
32
3
1
1
67
2
5
1
13
3
5
4
47
10
4
3
2
10
4
1
43
3
2
4
4
16
6
1
53
2
5
2
16
3
6
3
10
10
5
2
22
1
5
4
3
6
5
2
13
1
3
1
7
10
1
2
45
2
6
1
30
19
1
4
45
6
4
4
66
1
5
1
1
1
4
4
12
3
1
3
41
3
5
3
67
28
6
4
31
3
3
3
17
3
5
1
65
2
5
4
2
9
2
4
17
24
5
4
60
1
7
3
63
11
6
2
67
2
7
3
34
11
5
3
45
5
6
1
26
2
7
2
66
2
4
4
14
6
7
1
26
3
3
3
37
11
3
1
36
1
7
4
40
6
7
2
8
2
4
4
12
10
7
4
36
2
4
2
13
3
4
4
35
2
3
1
8
16
3
2
1
1
6
1
10
4
1
4
34
10
4
2
41
4
1
3
28
10
1
3
52
8
6
1
28
2
6
1
71
1
5
4
32
12
5
4
3
22
6
4
5
6
3
1
38
3
4
1
38
1
6
2
61
3
3
3
42
1
4
1
55
2
2
4
13
13
2
3
39
3
4
3
18
5
1
1
36
2
6
4
17
10
7
4
18
26
2
3
65
21
4
1
40
2
1
2
55
3
7
4
43
4
7
3
47
2
7
1
25
3
2
2
17
1
7
4
67
23
7
3
66
6
1
2
40
1
2
4
54
4
5
4
29
14
5
1
63
1
1
1
29
1
6
2
49
1
2
1
3
3
6
3
35
1
2
4
10
7
3
2
25
2
2
4
36
10
7
1
68
1
1
1
44
1
7
2
68
1
7
4
4
13
2
4
9
8
4
2
23
2
3
1
16
3
7
3
38
3
1
1
4
7
3
4
25
6
1
1
22
3
5
2
4
1
3
2
41
1
2
2
29
1
6
4
2
10
2
1
23
3
7
2
63
2
1
3
4
26
1
3
1
7
4
3
53
7
4
2
18
4
5
2
7
3
2
4
8
9
5
3
40
1
3
2
63
1
2
4
42
1
6
1
18
1
4
3
26
8
2
3
55
17
4
1
32
6
2
2
37
2
2
1
37
1
2
4
54
7
7
4
34
11
4
3
7
4
3
1
41
1
5
1
40
1
2
4
41
3
6
4
9
3
7
3
44
6
7
2
36
1
6
4
43
11
5
4
13
16
4
2
68
4
1
3
39
10
1
2
3
1
1
2
53
1
4
1
6
2
1
2
26
1
5
1
2
2
2
4
32
2
3
3
65
9
6
1
47
2
5
4
1
4
6
2
33
2
1
2
39
4
6
2
29
2
7
1
15
2
1
2
40
4
6
1
30
2
1
4
63
9
6
1
33
3
1
1
2
6
4
4
8
1
7
1
45
2
7
3
4
24
5
2
5
1
3
4
40
3
1
1
44
3
7
1
22
2
3
4
45
5
5
1
3
10
5
1
47
1
7
3
23
5
4
4
52
9
1
3
15
8
3
2
44
5
5
2
11
2
1
1
31
14
7
4
30
5
1
1
39
4
1
1
49
2
5
1
65
1
4
3
66
1
1
3
27
16
7
4
61
1
5
1
33
1
2
1
61
3
1
1
5
1
4
2
7
1
4
2
25
3
7
4
15
1
1
4
1
5
5
4
38
9
6
2
49
4
2
2
71
1
3
3
16
6
2
3
42
4
3
1
52
2
3
1
16
4
3
3
27
13
1
4
53
5
2
3
40
2
1
1
37
2
6
2
65
1
5
1
61
2
6
2
3
2
7
1
14
16
6
3
9
26
2
3
2
6
5
2
55
2
7
2
23
3
1
4
65
11
6
4
29
11
4
4
30
4
2
2
14
1
2
3
25
8
4
4
55
13
2
4
68
9
2
2
32
1
4
3
15
10
1
4
26
7
3
3
45
2
5
4
26
3
6
3
12
2
5
4
67
31
4
3
8
8
1
2
54
1
2
4
35
3
5
4
27
4
4
2
42
2
2
1
29
2
2
3
52
18
4
1
34
2
1
2
30
4
2
1
55
1
1
1
27
1
5
2
39
1
7
1
11
6
4
4
42
2
7
2
9
3
1
1
23
2
2
1
45
1
6
3
36
9
6
3
30
20
1
4
60
3
3
3
41
4
2
3
38
2
5
4
7
1
7
2
17
3
2
4
68
16
3
1
60
1
1
1
9
3
6
3
5
4
7
3
10
3
1
2
38
2
1
3
12
4
5
4
16
1
7
3
71
2
1
2
52
6
1
3
1
1
7
1
17
8
1
3
7
3
3
2
31
5
6
2
54
2
1
1
25
2
1
3
9
1
6
3
29
18
6
2
61
2
3
4
53
4
1
1
41
2
5
3
32
6
1
2
38
5
2
3
33
2
6
2
31
4
2
2
12
2
6
1
14
11
7
1
28
1
3
4
28
4
1
1
27
3
6
1
39
1
3
2
5
3
6
3
18
23
4
4
5
26
3
4
39
1
1
1
11
12
6
1
68
2
4
2
1
2
1
4
22
18
6
2
43
1
6
2
35
2
2
