3
38
2
2
1
17
6
4
1
18
14
3
3
71
3
2
4
47
17
4
3
53
7
6
2
32
2
7
3
41
4
4
3
35
5
3
3
36
13
6
2
6
2
7
1
26
3
6
3
47
2
2
4
61
8
1
4
53
3
3
1
67
1
2
4
29
12
6
1
2
4
4
3
44
10
3
4
12
9
2
3
32
4
1
1
60
1
3
2
1
2
4
3
39
1
3
3
6
4
6
3
55
2
2
4
61
10
6
3
12
4
3
2
36
4
5
1
35
3
1
2
38
5
7
1
2
7
7
3
55
9
6
4
54
2
2
2
28
2
3
4
39
8
3
3
36
8
1
3
7
5
3
2
45
3
1
4
49
8
3
3
63
9
6
4
12
6
4
2
61
3
6
1
31
12
4
1
44
3
7
4
15
5
6
4
66
6
5
4
22
15
6
1
37
1
1
4
9
32
1
3
4
13
7
4
37
9
7
2
12
3
4
2
53
3
5
1
33
2
5
4
41
4
6
3
26
12
5
3
42
4
5
4
2
6
6
3
54
2
1
4
13
16
7
1
71
3
5
1
34
7
1
1
42
1
1
2
65
3
5
1
4
8
2
2
26
4
2
1
28
3
3
1
31
17
4
1
11
7
3
3
13
8
1
2
7
1
4
3
23
9
4
2
2
3
3
2
15
3
3
1
36
3
7
3
29
7
4
1
38
2
1
4
71
5
3
4
5
13
7
4
67
21
6
4
9
2
3
3
18
25
3
1
16
3
7
4
10
2
5
1
8
11
7
4
32
13
6
4
65
5
1
1
67
2
1
3
17
1
7
2
67
1
4
2
37
2
5
2
37
3
2
1
1
2
1
4
18
27
1
3
43
6
1
2
52
3
3
3
37
7
5
2
16
3
4
3
52
14
2
2
71
1
2
1
7
4
4
3
49
4
7
4
44
16
2
4
3
9
3
4
6
18
1
1
54
2
2
4
4
19
1
1
22
2
4
1
13
2
3
2
22
3
3
2
17
1
2
3
23
2
4
1
4
2
2
3
68
11
5
4
26
5
2
2
34
3
4
3
45
2
3
1
8
9
3
4
45
7
1
1
17
9
6
2
10
1
3
2
17
2
4
2
30
5
7
1
61
3
6
2
23
2
1
1
41
3
7
2
27
3
7
2
5
1
6
2
8
3
3
3
47
3
5
4
40
7
4
1
5
1
1
2
3
1
3
1
52
2
6
4
31
7
3
4
35
4
1
3
60
22
3
1
16
5
2
4
36
13
4
4
4
13
1
4
28
5
4
4
71
1
2
3
9
18
7
1
3
4
6
1
29
2
2
2
1
1
7
4
33
8
7
2
35
2
7
4
55
2
3
4
38
6
1
4
44
6
2
3
25
4
3
2
40
3
4
2
9
1
6
4
17
7
1
1
68
3
4
1
66
3
7
1
36
2
5
2
68
1
5
1
14
3
6
1
9
10
4
1
71
1
5
4
52
9
7
2
49
2
3
2
6
1
7
4
3
1
5
1
13
5
7
2
2
1
1
4
5
19
3
2
43
4
7
1
68
2
3
1
28
1
2
4
54
4
4
3
53
2
5
3
43
7
6
3
14
7
5
2
47
2
7
3
34
10
5
3
34
9
6
3
6
5
5
2
71
3
7
4
11
19
7
1
61
2
7
1
7
7
3
3
66
6
4
2
18
2
3
2
5
2
6
4
31
22
5
2
44
2
2
3
30
19
6
3
17
7
1
1
23
1
6
2
14
2
2
2
29
3
5
1
22
1
6
2
3
3
5
2
10
2
5
2
67
2
2
1
5
2
6
4
27
4
4
3
25
7
6
3
1
6
5
4
41
1
4
3
22
12
5
3
9
7
1
2
8
2
3
4
7
6
1
3
5
2
4
1
18
2
2
4
27
2
1
2
13
2
4
4
28
1
2
4
11
18
4
3
4
18
1
1
40
1
6
4
39
3
4
2
65
4
4
3
30
14
4
2
66
1
3
1
66
2
2
3
2
5
1
3
35
3
5
2
23
3
2
2
53
1
1
4
66
4
6
2
68
3
6
1
55
2
7
4
26
1
6
1
26
1
7
2
35
3
2
4
68
16
4
1
3
1
2
1
47
2
6
3
49
1
5
4
33
3
7
1
65
1
2
3
28
7
6
2
33
1
4
3
11
14
4
3
8
2
5
3
10
25
7
3
60
11
6
1
63
1
5
3
67
35
5
3
26
4
6
4
22
13
5
1
15
3
7
3
3
7
6
4
2
2
7
3
3
5
2
4
17
12
4
1
53
2
5
1
47
3
4
2
39
3
5
1
52
1
4
3
13
1
2
1
54
3
4
4
43
2
3
3
40
6
2
3
44
4
2
2
54
1
2
1
12
7
1
2
36
3
1
3
63
2
2
2
49
3
1
3
33
5
3
1
42
2
5
3
22
3
2
2
39
1
7
1
6
1
2
3
11
26
6
2
31
2
2
2
13
1
1
2
60
4
7
3
15
11
3
1
43
3
6
2
25
3
2
4
25
7
6
4
30
8
6
2
26
1
7
4
1
1
2
4
35
1
1
2
55
2
1
1
29
1
6
3
54
1
1
1
38
1
2
4
38
7
7
4
23
11
7
2
12
1
7
4
63
1
4
1
9
13
2
4
13
15
1
4
42
3
1
3
71
5
5
2
11
2
4
3
18
23
5
3
27
8
5
1
25
3
2
3
65
10
6
3
15
7
4
1
10
8
2
1
23
2
7
2
9
2
5
1
63
2
3
4
49
5
5
3
66
8
7
1
65
2
5
1
11
11
2
2
25
2
4
3
28
4
4
3
65
19
3
4
16
8
1
3
8
17
6
1
49
1
1
4
18
5
5
1
1
3
6
2
18
3
5
1
40
3
1
3
2
3
2
4
7
1
3
2
30
3
5
2
55
1
3
4
34
10
3
3
1
10
3
1
44
1
6
2
61
2
1
2
41
1
7
4
55
4
1
3
7
3
6
2
42
2
5
3
16
4
5
4
65
3
4
4
67
8
1
2
4
3
7
2
15
1
4
2
47
3
3
1
41
1
3
4
8
19
7
4
29
11
4
2
28
1
6
2
63
3
5
4
53
1
5
3
41
3
7
4
36
7
1
1
27
3
4
2
66
3
4
1
30
20
2
4
60
1
1
3
27
16
3
3
37
8
2
1
55
1
4
2
60
1
3
2
52
6
2
2
16
1
1
4
60
8
4
3
39
2
6
1
30
11
4
1
45
2
6
4
63
12
7
3
38
11
2
2
4
2
1
4
37
5
3
1
15
5
1
1
43
2
4
2
42
1
2
3
52
18
5
3
14
21
1
1
49
2
6
2
44
5
2
3
12
6
5
1
32
1
2
4
47
5
3
1
37
2
2
4
45
13
2
1
25
2
2
4
6
9
7
3
61
10
3
4
10
9
6
3
61
8
4
3
29
6
7
3
5
4
6
3
33
2
1
2
38
4
4
3
67
24
4
3
42
3
1
4
43
5
1
4
15
19
3
4
8
13
5
3
40
2
6
1
60
2
2
2
31
4
5
4
1
9
4
1
12
17
4
3
31
23
6
4
42
5
6
2
7
3
3
2
32
3
3
2
63
2
2
1
27
2
6
2
33
2
7
4
16
9
7
1
14
8
2
2
43
3
4
2
22
2
3
1
39
4
4
2
40
2
2
2
54
2
3
1
6
2
4
2
27
1
4
3
45
1
6
1
53
1
3
2
41
4
6
2
34
1
5
4
68
1
2
4
52
21
5
3
16
8
6
4
25
8
7
4
23
13
2
4
34
2
5
1
10
1
4
1
34
5
5
3
68
8
5
2
11
3
1
2
14
3
4
1
45
1
1
2
45
1
5
4
14
5
2
1
32
5
4
1
35
4
1
2
29
2
3
3
10
19
6
4
14
28
3
3
32
12
4
4
40
5
5
4
32
10
7
1
33
4
3
3
31
12
6
4
30
5
5
1
39
3
2
