1
39
1
7
2
11
3
7
4
7
1
4
3
55
7
7
3
43
3
3
3
34
7
1
4
9
24
4
4
1
14
3
2
35
2
2
3
37
4
2
3
54
1
3
2
52
7
3
3
67
31
5
4
27
10
1
3
27
3
2
2
14
2
1
4
17
5
3
3
66
1
2
2
66
3
1
1
66
3
5
3
63
2
2
4
61
12
5
3
4
3
7
2
44
1
7
3
2
8
7
1
25
3
7
4
32
11
6
4
43
2
2
2
68
4
2
1
40
1
2
3
34
2
7
1
36
1
2
1
12
2
5
3
47
2
4
1
27
3
2
2
16
3
6
3
7
3
4
3
41
3
7
3
1
5
2
3
3
8
5
4
7
4
5
2
7
3
5
4
25
9
6
1
61
1
7
1
37
2
1
3
11
6
7
3
1
8
5
1
1
3
2
2
37
4
2
3
65
19
2
2
40
3
2
1
4
2
4
2
40
2
1
3
16
7
2
2
61
3
5
1
71
2
6
1
2
5
3
1
17
14
3
4
39
3
5
4
11
4
1
2
26
1
4
1
23
3
5
1
8
9
6
1
15
5
7
1
17
16
2
4
12
10
3
4
27
1
3
3
60
32
1
4
22
15
6
2
33
3
5
2
9
2
6
4
71
5
6
1
38
3
2
1
66
1
3
2
1
2
7
3
65
14
3
1
67
3
5
3
23
14
1
1
60
2
5
2
6
3
2
4
42
3
4
2
54
2
5
1
8
14
6
4
65
6
4
2
45
4
5
1
16
3
6
4
16
12
5
1
9
10
7
3
49
4
5
4
13
14
2
1
40
3
3
4
63
10
3
2
14
3
1
3
60
26
1
4
17
19
4
1
68
2
5
2
35
3
4
1
34
2
6
2
28
2
5
2
12
1
5
1
33
7
3
3
30
26
7
3
42
1
5
1
53
2
1
2
4
3
7
1
13
3
5
4
1
2
7
4
55
6
2
3
13
4
6
3
15
12
2
3
9
14
6
1
3
2
1
2
60
3
5
3
5
3
2
2
28
1
2
4
36
12
5
2
68
3
1
4
35
2
5
3
53
4
1
1
32
7
4
3
27
13
5
3
68
15
5
1
7
6
2
2
29
1
6
2
43
2
4
2
42
1
2
1
49
1
5
1
49
2
1
4
45
14
1
2
22
3
2
1
52
1
3
3
25
9
1
3
8
1
5
1
39
2
7
2
39
4
4
4
38
3
5
2
36
4
2
2
17
2
3
4
71
3
5
4
47
4
2
2
39
1
3
2
18
4
3
3
40
4
6
4
12
3
7
2
2
2
3
1
30
11
7
1
33
3
7
3
42
3
5
2
15
3
2
1
34
3
4
1
43
2
7
2
30
3
3
4
4
13
3
3
44
10
4
1
42
2
3
2
32
3
1
4
63
11
3
4
31
1
7
3
26
11
4
4
10
1
4
4
23
18
2
1
61
2
1
4
6
5
6
3
61
4
4
4
34
1
5
4
22
18
3
2
23
2
2
1
9
3
7
2
49
2
2
4
3
12
2
3
2
2
2
3
61
11
6
2
13
1
3
1
67
1
5
1
13
9
1
2
71
3
3
4
33
1
3
3
52
5
2
3
45
1
5
4
28
13
3
2
33
1
4
2
38
3
2
3
31
29
7
2
7
2
4
3
3
10
4
2
63
3
6
1
41
3
7
4
66
4
3
1
54
1
3
2
26
3
2
4
6
24
7
2
67
1
2
3
14
14
5
4
37
7
4
2
8
3
1
1
65
2
3
2
49
1
3
2
12
3
3
4
14
22
7
1
15
2
6
3
35
4
3
2
31
5
2
1
35
1
3
4
53
15
1
3
68
8
6
2
25
1
4
3
36
11
6
3
8
12
7
4
35
3
1
1
47
2
7
3
23
15
5
3
29
2
1
1
45
2
4
3
43
4
3
4
15
16
3
4
68
18
3
4
18
9
4
4
26
4
5
2
8
2
4
4
53
6
5
2
60
2
2
3
18
12
1
1
18
11
3
3
32
6
7
2
54
1
5
1
44
4
2
4
30
6
2
1
71
3
1
4
3
9
2
3
38
1
1
2
71
1
5
4
2
13
5
3
52
11
4
4
32
2
7
3
33
6
3
1
32
5
1
1
10
4
5
4
60
5
4
3
40
6
1
2
10
1
4
3
63
5
6
2
10
2
3
1
38
2
2
2
5
2
6
2
55
2
2
2
11
1
2
4
40
2
6
4
38
6
3
2
13
2
3
2
27
3
2
1
18
14
4
4
10
30
2
3
33
14
1
2
6
1
1
1
25
2
1
1
30
16
3
1
45
1
7
2
43
5
4
3
28
1
4
4
61
10
6
1
52
2
1
3
22
12
2
2
3
3
4
4
14
27
6
1
41
1
7
1
4
1
6
3
10
19
3
2
65
4
3
4
43
12
1
1
29
2
5
1
10
1
5
4
40
3
6
3
28
9
3
4
26
7
1
4
5
8
1
4
18
7
5
3
11
2
5
1
31
2
1
4
2
2
3
3
47
5
6
1
5
1
5
1
27
1
6
3
39
10
6
3
22
2
6
4
29
7
6
4
54
9
5
1
14
2
3
4
52
21
5
4
5
25
5
4
25
5
6
4
9
20
5
1
23
2
3
4
44
6
7
1
26
1
1
2
41
4
2
3
32
7
3
4
54
6
6
1
42
1
2
1
7
3
5
1
12
9
4
3
45
7
6
4
44
13
4
4
67
16
7
4
37
8
6
4
49
4
3
1
6
1
4
4
30
1
4
3
26
6
2
4
23
19
5
3
17
17
2
1
2
3
4
2
1
1
4
3
41
1
7
4
52
6
5
3
71
3
7
1
11
4
5
2
25
3
4
3
67
15
7
3
18
22
3
1
47
1
5
4
67
24
7
2
53
3
4
3
9
13
2
1
26
3
3
3
6
5
7
2
53
2
6
4
47
13
2
2
61
2
6
4
42
1
2
2
36
1
1
4
15
26
4
3
30
20
6
1
43
1
3
4
68
4
3
4
31
13
2
1
44
2
3
3
31
10
7
2
38
1
1
4
36
5
6
4
11
27
3
2
29
3
4
1
55
2
3
4
29
10
2
2
18
2
6
2
47
3
6
4
65
14
6
1
28
1
5
2
45
3
2
4
13
4
1
2
5
1
5
2
52
6
4
1
14
15
5
3
55
6
6
2
34
3
6
3
29
17
6
4
45
7
6
2
15
2
1
3
54
2
1
3
5
1
2
1
22
3
2
1
68
1
7
2
31
1
4
3
12
2
5
3
35
6
3
3
4
27
6
1
3
4
5
1
63
2
1
4
66
3
2
4
4
20
7
4
33
2
4
1
54
3
4
2
65
2
1
3
39
8
4
2
3
2
5
3
66
9
5
3
49
3
1
2
30
4
7
4
16
8
2
3
16
3
5
4
55
12
4
4
8
4
2
1
63
1
5
1
55
1
6
2
37
2
5
1
53
1
5
3
44
3
2
2
4
1
5
3
38
11
7
3
25
6
1
3
53
2
6
4
60
2
7
1
60
1
3
2
32
1
5
2
67
2
4
3
15
3
2
2
27
1
2
3
7
2
1
4
39
4
3
1
6
2
3
2
9
3
3
4
34
14
5
3
37
8
7
3
10
12
2
4
41
2
6
2
2
3
4
1
35
2
6
3
6
3
7
4
28
8
1
2
17
3
1
3
13
6
1
2
23
3
6
2
44
5
1
2
66
2
7
2
41
1
4
1
11
5
5
3
17
2
7
1
28
3
3
2
63
2
4
1
65
1
6
3
71
4
7
4
8
2
3
1
37
1
1
1
31
17
7
1
36
3
5
2
42
3
2
1
16
2
3
4
41
4
7
2
55
1
4
1
1
2
7
4
49
3
5
3
36
3
1
3
12
4
3
3
14
4
2
1
22
1
7
2
16
1
3
1
5
2
6
2
34
1
5
1
29
3
6
2
47
4
1
2
22
1
1
