3
33
14
4
2
12
3
2
1
15
3
4
3
49
6
2
1
11
9
4
1
26
2
5
4
16
3
2
2
7
3
7
3
38
5
7
3
60
4
5
3
34
9
6
4
17
6
5
1
26
1
2
4
42
2
2
2
9
1
3
3
60
24
3
3
9
9
1
2
38
4
5
1
47
1
4
2
53
2
3
1
25
2
5
1
60
2
5
4
18
17
5
1
33
8
6
1
35
3
4
4
31
24
3
2
13
2
1
4
52
8
5
3
29
13
3
2
71
3
7
3
31
18
2
1
63
2
3
2
35
2
7
4
47
14
5
4
9
2
2
1
34
5
1
2
38
3
6
1
54
1
2
4
66
3
5
1
13
3
2
4
15
6
4
4
44
9
5
3
23
2
1
2
66
1
2
2
61
3
7
1
45
1
3
4
2
1
7
2
16
3
3
1
65
2
7
3
49
3
5
4
7
4
3
1
16
4
1
2
71
2
2
4
68
9
7
4
34
4
6
3
34
10
6
1
6
2
5
2
10
3
4
2
31
4
1
3
26
10
4
3
30
7
7
3
63
10
7
2
11
1
6
1
17
5
5
4
33
8
7
1
63
1
4
1
30
8
6
1
33
4
3
4
53
14
4
1
10
2
5
1
34
10
6
3
39
8
6
3
52
2
1
3
13
1
4
2
35
3
6
4
65
5
7
3
55
2
2
2
49
1
1
2
44
2
3
4
9
3
2
3
68
15
4
3
10
12
7
3
13
9
4
2
67
1
1
2
65
2
4
4
4
13
4
3
68
6
6
2
1
3
7
2
25
1
6
2
67
2
2
3
1
10
3
4
29
14
6
1
22
2
5
3
14
3
1
2
22
1
6
3
8
2
4
3
15
5
5
1
5
1
1
4
38
2
1
4
13
10
2
4
43
10
5
4
36
4
3
3
47
8
3
3
37
3
4
1
36
1
3
2
55
1
3
2
36
4
7
3
61
5
5
3
35
1
7
1
68
3
4
4
42
3
6
4
49
3
2
3
2
9
3
1
9
10
3
2
31
1
6
4
14
28
7
3
61
4
7
3
35
8
1
2
25
3
5
3
3
5
6
4
14
34
4
3
53
1
1
4
30
5
2
2
15
1
4
4
25
8
3
1
61
2
6
1
54
2
4
1
55
2
7
4
32
9
7
1
47
3
6
2
39
3
5
2
37
1
5
4
65
12
1
4
28
13
6
2
4
1
4
2
52
2
2
4
30
8
4
1
14
12
2
3
40
5
6
1
71
1
7
4
5
21
4
2
6
2
3
1
27
2
6
1
32
3
2
2
60
4
6
3
67
1
5
2
6
3
6
3
27
6
6
4
37
14
6
4
55
13
6
4
52
18
3
2
47
3
5
2
26
4
4
2
22
3
6
2
30
5
6
2
32
2
4
2
47
1
6
3
22
9
2
4
45
4
2
2
18
4
5
4
25
1
5
2
2
3
5
1
28
1
6
3
25
8
2
3
65
10
6
3
47
5
1
1
45
2
7
1
41
1
5
4
63
3
7
1
7
6
6
4
68
5
4
3
17
16
4
1
31
10
4
2
55
3
7
3
38
2
4
4
33
1
5
3
37
2
7
3
41
4
3
4
49
1
2
2
12
2
5
4
38
7
4
4
36
10
7
3
25
1
4
4
37
2
6
4
39
8
5
4
10
23
5
1
31
2
4
4
39
3
4
1
4
5
1
4
35
3
4
2
8
1
6
2
32
4
1
4
61
5
4
1
49
2
3
4
10
31
2
1
37
1
2
1
52
3
7
1
40
3
4
2
13
3
1
2
30
2
5
4
41
3
5
4
22
15
6
1
43
2
2
2
16
2
4
2
41
4
5
4
23
21
7
4
61
6
7
2
28
2
6
3
71
4
1
4
15
21
1
3
54
2
5
4
3
2
6
1
4
7
5
1
35
4
2
2
43
4
2
2
61
1
2
2
40
2
6
4
29
13
6
4
55
8
1
1
11
10
3
1
27
3
7
2
36
3
5
2
10
2
6
3
2
2
1
1
3
10
5
4
7
6
2
2
54
1
6
3
28
1
7
1
7
5
2
3
45
1
3
3
5
1
4
2
28
3
7
3
3
1
2
3
30
20
6
2
27
2
6
1
2
2
3
3
43
4
7
3
33
13
7
3
12
2
3
1
1
2
1
3
63
7
7
4
4
4
6
2
4
3
4
3
11
8
1
1
67
2
2
1
12
4
4
3
43
1
1
1
32
5
3
2
41
2
2
4
63
2
7
1
44
2
5
4
32
3
1
2
8
3
3
3
4
3
3
1
44
4
1
4
6
28
4
1
49
1
3
3
11
19
4
4
40
8
4
3
55
13
7
2
26
3
2
4
27
9
1
3
71
3
3
1
61
1
5
1
29
1
7
4
28
10
4
4
66
2
4
2
5
1
1
4
47
16
3
3
17
5
5
2
14
3
6
1
15
4
5
2
29
1
6
1
17
16
6
3
53
7
5
4
6
1
2
2
34
1
5
1
36
3
4
4
67
15
2
3
42
1
1
1
66
3
1
1
53
2
1
3
26
3
6
1
6
1
5
4
5
19
2
4
3
19
4
4
17
7
5
1
1
3
4
4
60
4
2
2
65
3
6
4
31
23
4
4
2
2
7
4
18
10
7
2
42
2
3
3
10
17
7
2
33
1
2
3
22
10
2
2
23
1
3
4
12
10
3
2
60
1
5
2
68
4
4
4
40
3
5
2
66
2
5
4
8
10
5
4
35
1
6
1
38
3
6
2
3
2
2
2
45
4
7
4
1
7
3
1
3
5
6
3
36
8
2
2
14
2
1
2
52
7
4
1
25
1
4
2
40
4
5
3
18
4
1
4
44
5
4
4
11
16
4
2
2
2
4
3
4
22
7
1
22
1
4
1
40
1
6
1
12
17
4
2
54
2
2
2
49
4
3
1
16
6
4
1
10
4
5
2
15
2
6
3
52
5
4
1
23
2
7
2
33
2
1
2
1
1
5
1
29
3
6
1
13
8
6
4
27
4
5
2
9
3
7
3
36
7
6
4
54
11
1
1
23
1
7
1
67
1
1
3
40
4
3
3
16
4
5
4
67
6
7
1
8
7
5
2
17
3
7
3
32
5
3
3
7
1
7
3
7
2
2
2
11
2
4
1
66
2
5
3
15
17
7
1
52
2
2
1
39
1
5
3
66
6
7
3
44
8
3
1
43
1
2
3
45
6
7
1
68
2
5
4
26
10
5
2
27
3
4
3
27
14
1
1
53
1
5
2
45
3
2
1
38
1
6
1
8
11
2
3
29
15
4
2
43
3
7
4
11
3
4
2
63
1
6
1
42
2
7
1
60
1
6
1
14
21
3
2
37
3
7
2
7
2
5
3
6
5
2
2
42
4
4
2
3
1
7
4
12
5
4
3
41
2
2
2
68
1
5
4
71
3
2
3
9
28
5
1
37
2
1
3
6
6
3
4
23
11
4
3
66
5
4
4
54
2
4
3
5
2
2
4
41
4
2
4
1
8
7
4
53
3
5
2
29
2
2
1
28
3
7
3
32
4
6
2
39
4
7
3
39
7
4
2
44
3
5
3
1
6
5
4
71
1
1
1
71
2
7
1
65
1
4
3
54
1
2
2
18
3
7
1
18
2
2
2
63
2
1
1
9
13
6
3
14
12
6
3
44
1
7
1
39
2
7
2
53
1
4
3
8
8
6
2
17
1
5
1
2
1
2
1
55
1
7
2
23
3
4
3
12
5
3
3
16
6
4
4
26
2
6
4
45
14
3
3
42
4
2
3
28
10
4
4
8
3
6
4
13
13
2
4
22
3
7
1
41
3
4
3
67
33
7
3
65
17
4
3
23
1
2
1
5
2
6
4
34
2
6
1
42
1
7
4
60
1
4
2
5
2
1
1
30
2
6
1
18
13
7
3
18
12
7
2
34
3
7
4
43
4
5
4
16
8
4
3
31
30
6
