1
31
8
7
3
32
8
5
4
11
18
7
3
61
5
7
3
37
9
7
4
55
2
6
3
25
2
2
1
29
1
7
3
6
6
5
1
68
3
7
1
65
1
6
4
34
7
1
4
25
6
5
3
54
1
6
3
11
9
6
4
13
16
1
2
2
3
5
2
61
1
5
4
18
6
7
2
27
2
5
2
71
3
5
4
7
2
1
3
63
4
6
3
38
1
5
3
49
4
5
3
15
16
3
4
1
8
4
4
22
3
7
1
30
4
5
3
4
2
7
1
8
12
4
2
11
2
2
3
13
3
3
1
61
1
2
2
12
2
2
1
42
2
5
3
8
6
7
2
40
4
4
3
54
2
7
3
1
1
4
4
27
5
3
4
10
31
6
4
14
12
2
4
4
15
6
2
36
5
3
1
63
2
4
4
1
7
3
4
4
16
2
4
3
13
4
3
6
4
4
4
29
14
1
2
67
1
1
2
42
2
5
3
33
9
5
3
17
8
1
1
12
17
6
1
22
1
5
3
41
2
7
1
66
1
1
3
2
10
5
3
16
8
4
4
43
12
4
2
7
3
4
1
42
1
4
3
26
9
5
4
67
13
1
1
27
3
1
1
26
3
4
2
66
1
2
3
15
1
6
4
8
17
3
1
14
7
2
2
28
1
1
1
40
2
2
3
22
8
4
4
26
4
5
4
16
12
5
3
7
1
6
4
31
16
2
3
67
38
4
3
40
3
5
4
53
1
3
2
37
1
6
1
53
1
3
3
35
8
4
4
5
2
5
4
52
2
1
2
71
2
2
2
67
2
6
3
38
6
5
2
35
1
1
3
30
9
1
2
52
5
1
3
16
7
6
1
41
3
6
2
60
4
7
1
13
6
4
4
38
9
6
3
43
1
7
4
6
18
3
3
71
1
7
4
40
6
7
1
49
1
4
3
44
2
7
1
25
1
4
4
61
5
7
3
4
3
7
4
71
3
2
4
18
26
7
4
54
3
3
3
23
15
7
4
37
1
2
1
31
6
3
3
42
1
1
4
26
5
1
3
5
4
4
3
14
16
2
1
10
5
6
3
31
27
5
1
39
4
5
2
49
4
7
4
49
1
3
3
3
8
7
1
7
2
5
3
10
18
5
3
45
6
1
2
23
3
7
3
18
12
6
2
32
3
7
3
31
25
7
4
61
8
5
3
44
4
1
3
5
3
6
2
41
3
7
3
9
8
5
1
6
1
6
4
66
1
6
3
22
7
2
3
42
3
5
3
26
6
4
1
14
1
7
1
10
1
6
4
63
7
6
3
11
19
6
3
34
3
4
1
54
3
7
2
23
1
3
4
71
2
7
3
3
4
3
2
32
2
3
2
49
2
4
1
23
2
1
3
39
3
6
1
25
3
7
3
32
5
3
1
36
2
5
4
15
11
4
4
37
14
6
3
7
5
2
3
39
7
7
1
7
1
5
2
18
3
5
1
37
2
6
2
30
2
6
2
25
1
1
4
38
8
7
4
68
18
6
4
52
1
7
4
23
4
3
3
35
2
5
1
11
10
6
2
13
3
6
4
45
13
3
3
34
10
5
1
35
4
4
1
55
1
7
1
38
2
3
2
37
3
7
4
30
6
6
3
68
12
7
1
43
2
5
3
27
3
7
4
36
12
6
4
47
10
7
2
47
1
1
2
15
2
2
3
55
15
5
2
39
2
7
4
31
6
7
3
13
5
2
4
32
9
7
3
36
2
6
3
67
23
1
2
63
1
6
3
14
17
3
1
9
4
4
2
34
3
7
1
28
1
5
4
49
5
5
4
33
11
5
4
28
4
2
4
17
8
4
3
71
4
6
4
12
6
3
2
31
5
4
1
17
5
7
4
35
4
2
1
47
2
1
4
25
7
4
2
65
2
1
1
17
2
5
3
40
6
7
1
1
3
3
1
22
2
7
3
12
5
1
1
26
1
1
2
5
1
7
1
15
1
2
2
16
1
4
2
15
3
7
3
61
8
4
1
65
2
4
3
29
15
4
2
31
4
5
1
71
1
2
2
66
3
6
2
34
1
4
3
25
6
6
2
22
1
6
2
35
3
4
4
2
2
5
2
17
3
5
3
28
14
1
3
36
8
7
1
34
9
6
4
27
3
4
2
41
5
3
4
39
10
2
3
10
20
4
2
17
1
2
1
38
3
5
3
1
7
6
1
68
2
3
2
2
1
4
1
30
18
1
1
4
5
2
2
42
1
7
3
8
18
6
4
9
33
2
1
36
3
5
2
10
3
7
4
55
3
4
1
3
11
4
4
23
23
6
3
52
16
1
4
7
6
2
2
55
3
6
3
45
1
1
4
42
2
6
2
18
4
7
3
60
23
5
1
66
2
5
3
2
7
3
2
61
3
7
1
1
2
6
4
9
26
7
1
12
8
3
2
3
2
2
2
36
4
5
2
6
3
6
1
67
2
3
1
63
1
3
1
11
7
2
1
37
1
4
1
2
2
4
3
53
6
5
1
4
8
4
1
18
9
1
4
3
11
3
4
63
5
2
4
39
3
1
1
15
2
5
4
36
1
1
4
54
2
2
1
54
2
7
1
71
3
2
3
65
8
3
2
8
1
2
4
40
2
7
2
14
2
6
1
52
3
1
3
37
6
6
1
8
16
3
3
29
18
1
2
26
4
6
2
4
2
1
2
63
3
2
2
43
1
7
3
52
5
7
4
60
7
6
1
16
3
2
1
6
2
6
2
53
1
3
4
34
11
2
4
28
9
2
1
35
2
4
4
41
3
6
4
44
8
4
4
44
6
1
1
28
2
6
4
15
20
6
2
1
2
3
1
45
1
6
4
45
14
7
1
13
1
3
2
68
2
4
4
32
1
5
4
2
10
3
4
14
13
4
3
66
6
2
3
41
1
1
4
12
8
1
4
53
12
2
3
47
9
7
2
3
3
6
2
26
3
1
4
65
15
2
4
6
17
6
2
11
1
7
4
66
6
2
2
55
2
7
2
44
2
1
1
34
7
6
2
33
1
3
2
53
3
6
2
52
7
1
2
40
3
4
1
44
1
1
3
49
6
3
2
38
5
3
2
47
4
6
2
33
2
1
2
43
3
4
2
12
3
1
1
29
3
2
1
44
3
6
2
9
3
3
1
40
3
7
1
45
2
5
3
53
4
6
2
30
4
4
1
61
2
2
2
4
1
3
1
23
3
7
3
43
8
7
4
47
17
2
1
33
8
6
2
22
2
6
3
60
16
5
3
28
11
5
4
5
9
3
2
13
2
3
4
10
2
5
3
17
14
1
3
33
13
3
1
41
1
5
4
22
11
1
3
55
6
6
2
29
1
3
2
68
1
4
2
44
1
7
4
41
4
1
3
9
18
2
2
54
2
2
4
8
3
2
2
65
4
6
1
27
1
4
1
18
11
7
1
16
4
3
2
6
1
4
1
52
2
3
1
67
3
1
2
25
3
1
4
65
9
3
3
63
13
1
1
32
3
2
2
27
1
2
2
39
4
4
2
54
1
4
1
60
1
7
1
60
2
6
4
60
4
4
4
67
33
2
3
47
4
3
3
30
13
7
2
16
3
1
4
13
5
4
4
43
10
2
2
8
3
6
2
28
2
7
3
66
5
1
2
38
4
7
2
5
3
1
1
43
1
3
4
35
5
7
2
45
1
5
3
68
15
7
1
5
1
1
1
53
2
1
4
68
2
4
2
29
2
6
3
23
1
1
3
65
4
5
1
2
7
2
4
11
9
5
1
55
2
6
1
49
2
5
1
5
2
6
4
17
12
7
4
29
11
5
3
12
3
7
1
9
1
1
4
42
5
3
4
30
4
2
3
27
10
4
2
9
1
1
2
7
1
6
2
1
1
3
4
33
4
2
2
60
1
1
1
33
4
2
2
10
2
3
1
32
2
5
2
45
4
7
3
18
7
4
1
47
3
2
1
3
6
2
2
14
3
1
1
39
2
3
4
16
3
7
