1
66
3
6
2
52
1
5
2
23
3
4
1
63
1
7
2
71
2
6
4
35
3
1
1
60
1
5
4
60
5
1
3
54
1
4
3
30
2
3
3
15
11
2
1
49
2
3
4
38
9
6
4
18
8
6
4
8
13
7
2
18
2
6
2
40
1
1
4
25
8
1
1
18
2
6
3
41
3
1
1
17
12
1
1
38
2
2
3
8
19
1
3
14
9
3
1
17
10
2
1
4
4
7
4
7
8
3
3
27
3
3
2
67
1
7
4
53
7
1
1
22
2
5
1
31
14
4
3
41
2
5
2
27
3
1
4
30
5
3
1
44
4
2
1
9
6
1
2
33
3
4
3
17
9
3
3
61
2
6
2
22
2
2
3
42
2
2
3
37
12
2
4
17
22
7
4
36
9
7
4
12
3
1
3
17
4
7
4
39
2
3
3
63
1
2
2
49
4
3
3
67
20
5
4
44
11
1
3
11
8
3
3
44
7
4
2
42
2
3
1
66
2
5
3
39
4
3
1
55
1
7
3
55
14
6
4
22
9
2
3
8
16
3
1
33
8
3
3
61
1
4
4
61
2
2
2
41
1
3
4
43
4
4
3
7
3
4
2
47
4
5
2
6
1
3
3
53
6
7
4
60
3
4
2
12
3
6
3
33
16
4
3
22
2
3
3
25
4
4
2
43
1
3
1
6
1
4
4
8
10
4
1
22
1
5
3
3
2
4
3
18
3
6
1
67
2
6
3
1
8
6
2
6
2
2
3
71
2
1
2
38
4
1
3
27
14
1
2
36
3
6
2
14
1
7
2
33
2
3
3
66
4
1
4
49
1
1
1
55
2
3
4
2
4
6
4
68
21
7
2
66
2
5
3
43
3
5
4
16
11
7
2
30
5
7
1
40
3
3
3
65
20
6
2
11
2
6
3
68
10
3
4
63
8
1
4
31
27
3
4
68
16
7
4
4
25
2
4
66
3
3
2
29
3
3
2
37
1
1
1
53
1
3
1
12
13
7
3
65
21
6
4
17
26
6
2
10
3
7
1
25
2
1
3
32
2
2
3
3
7
1
4
47
7
5
4
5
23
1
2
17
2
4
2
26
3
3
3
29
16
4
2
9
3
2
2
3
1
4
1
44
2
3
3
5
5
3
4
43
3
6
1
26
1
1
3
9
14
5
1
54
1
1
1
61
3
5
3
68
7
2
4
37
3
4
2
31
4
6
2
36
4
6
3
47
1
4
4
1
11
3
1
28
2
7
2
67
2
2
2
53
3
4
3
15
14
7
4
26
4
5
3
52
15
5
1
68
2
3
3
29
4
7
3
10
6
1
1
1
1
1
1
71
2
4
2
22
3
5
2
44
4
5
3
13
8
3
1
23
2
1
1
60
2
2
3
45
3
2
3
26
1
3
2
68
2
1
4
15
21
5
4
23
6
6
4
2
7
5
3
67
34
5
1
3
4
4
1
6
2
1
2
2
1
7
1
14
4
6
3
39
3
5
1
39
2
1
3
36
7
6
3
54
2
7
1
35
2
3
3
30
26
2
4
11
7
4
2
61
2
7
3
40
3
4
2
60
3
3
4
10
18
1
4
71
1
7
2
34
1
4
3
23
9
5
2
25
1
2
3
34
11
5
4
9
31
7
4
29
9
6
4
39
10
5
2
45
3
6
2
30
4
6
3
35
7
7
4
22
11
5
3
42
1
7
3
43
8
7
3
49
1
1
4
26
6
5
4
65
8
2
1
34
4
6
2
47
3
2
2
12
1
1
4
37
11
4
1
39
1
7
2
4
3
3
4
3
19
6
2
31
5
6
1
45
2
4
4
23
13
4
1
32
3
7
2
11
3
6
4
31
28
6
4
36
5
3
4
52
6
3
1
7
7
5
4
27
3
6
3
2
5
5
2
25
2
5
4
14
7
1
4
54
9
4
4
5
12
4
3
45
7
4
2
9
2
4
3
55
4
5
1
42
1
7
1
5
1
4
1
52
1
6
1
36
1
3
1
18
9
6
3
25
1
6
4
13
4
3
1
43
2
2
1
63
2
6
2
39
2
5
3
53
7
6
4
27
11
5
1
47
1
4
3
22
3
4
3
28
15
2
4
13
15
2
3
40
6
7
4
28
6
5
2
37
3
5
1
47
2
1
3
60
11
4
2
5
3
6
1
61
2
2
3
32
12
5
1
68
1
6
1
71
3
4
3
13
4
6
3
10
9
1
2
3
2
1
3
71
4
4
4
42
1
5
3
36
3
1
1
36
3
3
2
13
1
6
4
3
9
6
2
44
2
1
4
65
6
6
3
63
2
5
2
71
3
5
1
43
3
7
3
6
2
7
2
63
1
5
4
6
2
7
2
28
2
5
4
41
3
6
2
7
2
3
1
27
3
6
4
14
16
2
4
6
14
5
1
30
17
5
1
32
1
5
4
45
4
1
3
34
5
3
2
65
4
1
3
18
21
4
4
61
11
5
2
55
1
5
2
54
1
3
1
38
3
7
3
1
10
1
1
2
2
5
1
7
4
5
2
8
3
5
3
16
4
4
2
39
3
5
4
12
2
4
2
52
2
2
4
1
4
3
1
67
3
1
2
1
3
7
2
45
2
6
4
33
3
6
4
66
6
4
4
25
6
7
1
13
1
7
4
35
1
5
3
12
1
2
3
38
1
7
2
49
1
1
3
9
23
6
4
71
5
6
4
38
7
1
1
11
5
2
2
13
3
5
2
18
1
2
2
66
1
6
2
29
1
1
1
5
2
5
4
42
2
1
3
37
8
7
2
16
3
2
2
41
5
1
1
8
5
2
1
37
1
1
1
54
2
5
1
14
9
1
4
34
6
3
4
49
7
5
1
25
3
2
2
10
1
2
3
11
3
7
2
14
2
7
2
32
3
6
4
53
11
4
2
8
1
5
2
23
1
1
4
54
6
6
1
10
3
1
1
3
5
4
1
33
3
3
3
66
7
1
4
4
21
2
3
5
4
1
2
60
2
2
3
4
24
3
2
16
1
2
4
67
14
1
1
30
3
6
2
4
1
6
4
34
1
3
1
8
14
6
2
54
2
6
2
32
1
1
1
23
3
5
3
31
29
1
3
31
17
7
1
29
1
2
3
7
5
5
1
65
2
1
2
27
2
5
1
49
1
1
4
7
2
1
4
33
1
7
1
16
4
5
4
47
5
6
1
40
2
6
1
15
2
3
4
55
9
1
2
68
4
5
3
49
7
4
2
15
2
1
3
4
5
3
1
29
2
2
1
41
3
2
4
45
11
4
4
18
26
1
1
41
2
7
2
53
2
7
1
34
2
2
4
40
4
5
2
15
1
5
4
28
5
1
4
63
11
1
1
65
1
3
4
41
4
1
1
15
1
4
2
43
2
3
3
35
5
1
1
2
4
2
2
26
4
1
4
10
21
3
3
28
8
2
4
32
13
4
3
60
24
4
3
52
1
2
1
11
6
4
1
31
18
2
3
2
1
1
1
12
15
7
1
27
1
7
1
1
3
7
1
16
3
1
4
15
10
5
2
17
1
4
3
33
20
7
4
55
12
2
1
28
1
7
2
35
1
3
4
16
7
4
2
63
3
5
2
61
1
1
2
35
2
7
4
32
7
4
4
30
4
3
1
42
2
7
3
14
19
6
3
38
8
6
4
29
13
7
2
5
1
6
4
11
5
5
2
55
3
7
1
13
5
1
1
10
4
3
1
26
3
3
2
65
2
5
1
45
1
7
4
9
23
6
3
23
18
1
2
1
1
7
1
35
4
1
2
40
4
2
3
47
6
3
3
16
3
7
3
12
4
7
4
67
4
3
2
42
4
1
4
52
15
1
1
37
2
7
2
34
2
1
1
53
2
4
1
52
2
2
3
6
5
2
2
38
1
7
3
44
10
3
2
7
1
2
1
9
9
1
1
4
6
5
2
2
2
7
4
40
6
7
2
28
1
6
3
26
6
3
4
44
16
5
