2
66
1
1
2
49
1
5
3
23
3
5
3
4
26
4
4
14
14
5
1
11
8
4
3
12
6
7
3
15
5
5
3
31
25
3
1
55
2
2
2
37
4
3
4
54
9
1
4
71
3
2
1
32
7
7
1
8
3
1
2
71
3
7
3
55
14
1
1
23
3
4
2
28
1
6
1
33
5
6
2
42
4
1
4
55
9
6
4
28
5
4
2
36
1
2
4
33
6
1
1
10
4
4
3
8
9
6
4
41
3
4
4
1
10
4
1
37
1
4
4
67
3
4
4
38
6
1
3
22
8
2
2
10
3
2
2
6
3
7
1
29
1
7
2
17
3
3
3
11
13
3
1
27
1
4
2
30
1
5
4
30
2
2
1
38
3
6
1
45
1
3
1
52
1
1
3
6
3
7
3
16
6
3
4
18
14
3
2
8
2
7
3
18
23
1
1
36
1
6
2
40
2
2
1
71
2
6
3
49
8
4
1
66
1
3
1
55
1
1
2
65
2
3
3
30
7
3
1
22
1
7
4
38
5
6
1
18
3
6
2
2
3
2
2
17
1
3
2
28
2
4
3
36
4
4
4
53
2
1
3
7
4
2
1
52
2
4
2
12
1
3
4
26
11
6
2
32
4
2
2
63
3
7
4
8
7
2
2
34
3
1
2
31
3
6
2
11
2
2
3
25
6
3
3
4
5
4
3
42
1
4
4
52
2
1
3
12
5
3
1
44
1
5
1
53
1
1
2
1
3
7
2
26
4
5
2
49
4
3
1
8
16
4
3
11
12
2
3
28
15
4
3
30
17
4
3
39
4
7
4
1
6
5
1
9
9
4
1
1
2
4
1
29
2
3
2
7
1
5
4
68
16
7
3
29
1
2
1
34
5
5
4
65
7
2
1
13
6
1
2
35
2
5
3
8
1
3
3
37
2
7
2
45
1
2
1
68
1
6
4
6
21
7
2
25
1
5
4
29
13
5
1
4
7
1
3
52
3
7
2
13
3
4
2
31
5
1
1
31
13
3
4
9
22
7
4
28
7
5
1
31
3
5
1
17
16
4
4
27
2
2
1
1
1
1
4
11
28
3
3
71
4
3
2
40
3
6
3
33
12
4
3
16
3
6
4
45
4
7
1
67
2
7
2
38
2
6
3
53
2
3
2
9
2
6
3
5
5
1
2
22
3
2
1
3
9
4
4
9
2
2
2
29
1
5
1
6
1
3
4
43
5
1
2
6
1
6
1
47
1
6
3
47
2
2
4
22
8
3
1
15
4
7
4
37
2
3
1
45
2
2
1
5
2
3
2
5
3
5
3
71
5
3
2
15
2
6
4
55
12
3
4
33
9
1
3
44
3
6
2
12
3
1
2
29
3
5
1
60
2
2
1
39
4
5
4
8
19
4
4
25
4
5
1
71
3
3
4
23
13
6
2
60
3
2
3
5
3
6
4
13
14
3
1
68
2
2
4
47
1
3
3
53
5
7
2
66
2
7
2
15
3
2
4
3
14
4
3
61
6
7
4
32
13
3
2
34
2
6
1
27
2
1
1
17
10
6
4
42
1
4
3
3
2
3
4
68
8
5
3
60
7
6
3
9
29
3
2
67
1
6
2
1
1
4
1
61
2
4
3
39
2
3
1
49
1
1
3
37
9
7
2
61
2
2
2
67
2
4
3
45
1
1
2
68
4
1
4
17
18
5
1
34
9
3
4
52
13
6
1
39
3
2
3
34
2
1
4
66
5
3
1
61
1
1
3
49
3
5
3
54
1
2
3
6
6
3
3
9
28
1
3
43
1
7
2
8
1
2
4
42
2
5
3
47
3
4
3
15
6
4
3
43
5
3
4
14
23
3
2
43
3
6
3
29
4
3
1
28
3
4
4
36
3
5
3
34
9
7
3
67
4
1
1
15
5
7
4
15
20
5
2
60
2
3
3
17
6
6
2
39
3
5
4
7
8
2
3
65
4
1
1
2
2
5
4
12
2
3
3
61
10
2
2
55
2
6
1
7
9
1
3
26
6
3
1
66
3
2
1
63
2
4
1
16
7
4
4
7
9
4
3
68
15
4
1
33
7
6
3
35
4
6
4
66
2
1
1
6
2
3
4
18
15
1
4
44
8
6
4
63
4
7
4
16
1
4
4
23
11
4
2
33
3
4
2
7
3
6
2
52
3
6
4
25
3
6
3
54
2
7
4
10
26
4
2
61
1
3
2
53
3
6
3
1
6
3
1
14
7
3
1
25
3
4
2
26
2
6
4
54
7
3
3
2
2
4
4
31
8
7
4
49
3
5
2
63
2
3
2
14
2
2
2
3
1
1
4
27
8
7
4
5
13
7
1
43
1
5
3
14
20
4
4
26
10
6
2
25
2
2
2
13
1
5
3
63
6
4
3
66
7
5
3
18
24
6
3
27
15
5
1
44
4
2
2
27
2
4
3
2
7
6
4
61
6
7
2
33
2
2
1
53
2
4
1
23
1
6
1
54
3
7
1
9
6
2
4
10
3
6
4
60
1
7
4
12
6
5
4
39
2
2
3
65
11
2
4
16
4
4
3
35
8
6
1
16
5
2
3
63
12
5
1
38
1
3
2
41
5
4
4
29
7
6
1
49
2
3
4
49
5
5
1
11
11
3
2
65
1
3
1
14
17
1
4
63
2
7
4
40
4
7
1
26
2
3
1
40
3
1
4
35
5
6
1
22
3
7
2
35
3
6
2
41
4
3
2
22
1
4
4
35
4
4
4
39
5
5
4
71
5
5
3
60
13
6
2
71
1
6
2
44
2
3
2
68
3
3
3
55
4
4
2
2
1
6
1
30
9
1
4
44
17
7
3
66
4
2
2
16
3
4
3
41
1
3
4
32
7
6
2
44
5
5
4
45
13
7
1
54
2
4
1
42
2
1
3
42
4
5
3
3
1
3
1
65
2
4
2
39
1
7
4
34
11
7
3
13
2
1
1
7
7
4
3
67
13
1
4
2
2
3
2
47
4
5
3
31
27
6
2
23
1
2
1
60
1
2
1
35
4
5
3
33
16
4
4
40
7
7
1
41
3
4
2
10
1
4
1
28
2
4
3
22
6
6
2
27
3
5
4
11
1
3
4
4
26
1
2
5
2
2
4
65
11
3
3
17
9
7
2
36
2
5
1
10
3
7
4
41
2
7
3
68
9
6
2
9
1
5
1
12
17
7
1
3
1
4
2
54
2
4
4
30
4
7
3
10
24
7
1
5
1
7
3
41
4
7
1
30
2
6
1
65
1
4
1
4
4
6
2
45
3
2
1
32
5
5
1
67
1
6
2
38
3
6
1
42
1
1
2
55
1
5
1
25
2
3
2
18
3
2
4
67
28
3
3
28
2
3
3
1
7
6
4
22
13
3
1
35
1
2
1
12
3
7
1
63
1
5
1
43
3
4
3
45
3
3
3
26
11
4
3
32
9
1
2
11
1
6
3
10
17
5
2
16
1
7
1
36
2
1
3
25
8
4
1
37
2
7
3
13
7
6
1
47
2
2
4
3
12
7
4
5
17
4
3
36
6
4
2
42
1
5
1
2
4
4
2
37
1
1
2
54
1
7
4
4
20
6
3
27
5
7
4
31
29
7
4
17
14
7
4
53
10
4
2
53
2
3
3
14
2
7
3
40
1
3
2
4
1
4
3
23
7
7
3
52
8
6
1
13
3
1
2
14
3
5
2
30
2
6
1
18
14
6
1
41
1
2
1
40
2
6
2
52
2
6
3
32
8
3
4
13
15
7
4
2
11
5
3
38
5
4
3
44
6
1
4
15
24
1
3
7
1
3
4
60
8
3
3
38
10
7
4
37
1
3
4
36
7
5
2
43
4
5
2
18
4
6
2
3
3
6
2
4
3
6
3
40
3
6
4
47
9
6
4
61
12
3
2
23
2
7
4
6
23
3
4
34
6
7
2
32
1
6
4
43
12
2
2
47
2
6
1
26
1
1
