2
4
1
6
1
4
3
3
2
7
3
7
4
44
6
2
4
53
8
3
4
67
19
2
4
33
9
5
1
44
3
2
2
32
2
1
3
31
1
1
2
60
3
5
1
1
3
1
2
26
1
6
2
47
1
7
3
37
7
1
3
4
22
3
3
33
14
4
1
53
1
6
1
29
2
5
3
42
3
1
4
60
5
1
1
22
3
1
1
42
1
5
2
34
3
5
4
26
8
2
4
45
12
7
3
60
25
3
4
31
2
5
4
61
6
1
3
3
4
4
3
28
3
3
1
63
1
5
2
4
2
6
1
33
2
5
3
9
17
4
3
23
3
4
3
10
25
6
4
55
7
4
2
61
3
2
3
55
1
7
3
1
5
3
4
39
6
1
1
22
2
4
3
17
9
7
1
28
2
6
3
3
9
2
3
28
9
5
1
12
13
2
3
45
3
7
1
4
5
2
2
55
3
6
3
27
9
1
3
32
9
7
1
32
7
4
4
22
11
1
3
18
3
5
4
25
3
2
1
68
3
5
1
43
2
5
4
47
2
2
4
15
13
3
3
25
3
7
3
6
2
4
2
67
2
6
1
66
1
2
3
54
2
7
4
32
12
3
3
7
4
7
1
49
2
4
2
18
2
6
4
10
28
7
1
38
3
2
2
39
2
1
2
5
3
6
3
66
7
1
2
13
2
1
4
67
40
3
2
10
2
5
3
26
7
6
1
26
3
3
4
5
23
6
4
71
1
3
4
63
9
2
2
68
2
3
1
1
1
2
2
18
1
2
2
37
1
6
3
40
1
1
2
47
4
3
2
29
1
5
1
5
2
5
1
26
1
7
2
65
3
1
2
67
1
4
3
67
15
7
1
41
1
1
1
35
3
1
2
22
1
4
4
43
8
4
2
60
4
6
1
54
1
3
3
17
12
2
4
29
5
1
2
45
1
5
4
44
18
6
1
41
2
2
3
22
3
2
2
27
2
6
3
49
1
4
2
17
1
2
3
42
1
7
1
43
3
5
3
44
9
2
2
27
3
3
4
65
5
3
3
5
5
7
2
14
1
3
1
27
3
3
4
5
1
2
4
9
17
1
3
35
1
2
1
47
3
3
4
13
15
5
1
34
6
2
2
13
1
2
2
41
3
4
3
71
2
3
4
18
12
6
3
15
17
4
3
11
6
6
1
53
2
3
3
39
4
7
1
11
5
6
2
68
3
1
4
26
10
6
3
23
18
5
4
2
3
5
2
26
3
7
2
12
1
7
4
15
16
5
1
65
1
7
1
10
7
3
2
71
1
4
4
10
9
2
1
30
10
5
2
38
4
5
4
6
16
5
1
61
3
1
4
32
4
6
2
44
1
3
3
13
8
4
1
18
6
7
1
52
3
2
1
7
5
1
1
25
3
7
2
30
5
7
4
71
3
7
2
25
2
4
2
14
2
3
1
6
1
7
4
42
1
1
3
22
10
4
2
3
3
2
3
41
2
4
4
8
13
3
2
52
3
6
3
11
13
4
3
9
13
1
1
12
8
6
4
23
7
7
3
2
4
4
2
35
1
2
2
63
2
5
1
37
1
1
4
36
3
3
1
65
2
7
3
32
2
4
1
40
2
1
4
3
21
6
3
53
3
7
2
29
3
3
2
31
1
3
1
18
5
5
3
41
3
5
1
8
3
4
1
23
2
6
4
49
4
4
3
38
4
6
4
41
1
7
1
23
1
5
2
49
4
2
4
38
2
6
2
15
1
6
4
12
5
5
3
25
5
2
1
54
2
2
4
9
22
4
3
16
4
7
1
15
4
5
2
65
2
7
1
37
2
6
3
49
7
3
4
6
21
2
1
63
2
6
3
36
1
3
2
55
2
2
4
22
5
3
3
14
17
5
3
4
5
6
2
40
3
3
2
7
2
1
2
23
1
2
2
17
3
3
4
31
13
2
2
1
1
6
4
1
12
2
3
43
4
1
3
45
2
7
1
10
6
4
4
7
2
1
1
44
4
3
4
17
8
7
1
55
1
7
3
27
11
4
2
42
3
3
4
25
9
2
3
1
3
3
3
15
10
1
2
36
1
2
2
54
1
6
2
2
1
7
4
30
8
4
1
38
2
6
2
49
2
3
3
40
6
3
1
3
10
3
2
25
3
3
3
16
1
5
1
47
1
4
4
14
1
4
1
17
9
6
2
30
3
1
4
68
7
7
1
36
3
5
4
41
2
7
3
65
14
5
3
2
5
7
3
39
3
5
3
12
3
6
1
52
2
2
4
8
5
6
2
39
4
6
3
65
2
5
1
71
3
4
3
13
9
4
1
66
2
3
2
23
2
4
2
10
1
2
2
38
2
2
1
31
16
3
1
17
16
6
3
63
1
6
2
33
2
2
1
13
4
6
1
60
2
2
2
54
2
6
4
17
4
1
4
12
4
5
3
7
3
6
4
60
3
2
2
16
1
5
3
67
13
6
3
5
4
7
2
33
1
6
4
47
10
1
2
52
1
3
3
61
10
3
1
16
2
3
2
41
4
1
3
37
3
5
1
60
1
7
2
6
3
6
3
47
5
6
2
44
5
6
3
8
4
2
4
16
8
6
2
15
2
7
3
52
15
1
2
34
1
3
3
66
2
5
2
12
3
4
2
5
1
1
3
30
11
3
4
37
13
2
1
13
5
6
4
52
6
4
3
14
1
6
1
31
10
3
4
37
11
6
4
54
2
4
2
22
3
3
3
63
9
5
4
39
8
2
1
6
2
6
2
6
1
4
1
45
2
7
1
42
2
2
4
4
25
7
3
38
12
2
3
71
3
1
4
23
18
7
1
11
9
1
4
27
7
3
1
15
5
3
2
11
2
4
1
36
2
2
1
35
2
2
3
8
5
2
2
2
3
4
1
45
1
6
1
3
3
3
4
38
5
7
3
18
11
7
2
16
2
4
2
71
2
7
3
30
9
5
2
53
2
7
1
67
1
2
2
45
2
2
1
39
4
6
2
31
2
3
1
14
2
4
3
34
1
3
2
35
2
2
2
61
2
4
4
61
1
3
4
54
6
4
2
8
1
1
1
32
4
7
1
29
1
4
4
33
7
2
2
37
3
3
4
16
10
1
1
34
2
4
4
36
10
1
3
36
8
7
2
3
1
5
3
68
11
1
3
31
25
6
2
32
1
7
4
29
9
6
1
2
2
1
4
13
16
4
4
68
20
4
3
55
5
4
3
10
5
4
3
52
4
7
2
28
2
3
1
39
1
1
3
33
20
5
4
34
7
5
2
53
3
6
3
29
9
7
1
27
1
4
2
9
1
3
1
7
9
5
1
30
2
1
4
43
9
4
4
52
19
2
4
11
30
4
3
43
3
1
1
55
2
7
4
1
14
4
4
53
14
3
3
47
2
7
4
45
2
1
2
43
4
7
1
71
1
6
4
66
4
4
3
54
1
1
4
2
13
4
4
34
5
2
2
36
5
3
4
66
5
1
2
9
2
6
4
55
6
3
3
60
1
1
2
11
3
4
1
5
1
7
3
6
5
4
3
12
6
7
2
63
1
2
4
11
25
5
3
34
4
2
1
61
1
4
4
65
2
4
3
29
19
1
2
40
4
6
1
2
5
1
4
30
7
7
1
28
3
3
2
42
1
7
2
1
2
4
4
35
1
1
1
33
7
1
1
9
9
6
3
68
14
6
2
28
3
6
4
40
1
4
4
27
6
2
1
68
1
5
1
25
1
4
4
28
4
6
4
18
26
4
3
61
2
6
1
14
21
4
4
42
5
2
1
9
5
5
2
66
3
2
4
28
5
5
4
14
32
7
4
35
5
7
2
66
2
7
1
49
1
7
4
4
20
3
2
43
1
4
1
16
5
5
2
8
3
3
1
8
14
6
4
3
15
5
4
7
8
1
1
67
3
3
4
40
2
3
1
40
3
2
3
35
3
4
3
44
6
5
3
53
6
3
4
63
1
7
3
26
9
7
4
49
3
7
