1
42
1
2
3
33
9
4
1
71
2
4
2
47
4
7
1
67
2
5
4
67
16
1
2
43
2
6
1
37
2
1
3
16
2
5
1
67
1
1
3
66
6
3
3
43
7
3
1
30
18
2
1
39
4
5
1
35
4
7
1
39
3
2
4
2
2
1
1
53
1
6
1
22
1
4
2
26
3
2
3
40
1
2
3
67
10
7
1
36
3
6
4
43
3
2
3
44
2
3
2
34
2
2
3
7
3
4
1
13
2
2
3
53
6
4
3
11
7
7
1
54
3
2
1
25
2
1
3
15
17
3
2
37
4
3
4
18
12
2
1
18
12
1
2
6
3
4
1
65
1
7
2
40
2
6
3
25
1
1
4
34
11
2
1
3
4
1
4
36
4
7
2
61
3
3
2
5
2
1
1
33
2
3
2
65
1
5
1
34
11
4
2
27
1
4
4
42
1
7
2
4
1
4
4
34
1
2
3
35
6
5
2
55
1
2
3
23
6
5
1
4
8
2
2
53
3
2
2
40
3
1
1
43
3
1
4
66
3
3
2
43
4
3
4
28
7
3
3
26
9
5
1
49
1
5
1
11
1
1
4
4
15
2
2
15
2
1
4
30
5
3
3
2
8
1
4
40
2
7
4
3
9
7
3
65
2
4
1
36
1
3
4
14
13
2
2
44
1
7
2
39
2
7
4
52
16
4
4
6
14
4
4
45
2
4
2
18
4
5
2
34
1
5
2
38
3
5
2
35
1
5
2
67
2
1
1
23
2
7
4
71
3
1
2
41
2
7
1
6
1
3
4
16
10
3
2
61
2
3
1
10
1
2
1
66
1
3
4
17
6
6
4
18
18
2
1
32
5
3
3
31
17
3
3
26
10
2
2
9
3
6
3
37
10
3
4
22
15
1
3
38
8
3
1
17
1
6
3
33
19
3
4
26
8
6
4
45
13
5
1
40
3
4
4
47
11
4
4
42
5
4
1
47
2
3
2
68
2
7
3
66
4
2
2
42
2
6
2
44
3
1
1
12
17
6
4
30
4
7
3
28
2
1
4
55
5
5
3
36
5
1
1
31
13
4
4
53
12
7
3
39
1
6
1
23
3
3
4
13
1
6
3
8
13
3
2
49
1
4
3
44
7
2
2
14
2
7
3
49
1
4
4
37
7
4
2
9
1
3
2
63
3
5
1
61
3
4
3
18
18
7
1
63
2
7
1
40
2
5
1
4
5
6
3
35
5
5
1
45
1
7
1
26
3
6
4
10
11
4
4
68
20
4
3
36
6
1
4
31
15
6
1
68
3
5
4
68
5
1
4
11
28
3
2
4
3
2
4
4
3
5
3
17
6
6
1
22
2
6
3
54
2
4
3
23
14
1
4
29
13
7
2
29
2
6
1
60
2
2
1
52
2
1
4
25
5
4
4
54
11
7
1
1
3
7
2
30
5
3
2
6
1
6
4
44
3
1
3
13
4
6
2
16
1
4
2
2
3
2
3
49
4
6
2
35
2
1
4
38
2
6
3
2
4
1
3
60
26
3
4
28
9
2
4
32
3
2
2
71
3
1
4
35
5
6
4
23
4
1
3
42
2
7
3
25
4
4
3
52
3
6
4
29
6
3
4
40
1
4
3
3
10
7
4
39
9
2
4
6
23
6
2
32
1
4
1
55
1
6
1
53
2
6
1
44
3
4
2
36
5
6
2
22
1
5
1
26
1
6
1
49
2
6
2
66
1
6
2
37
2
5
1
34
2
3
4
27
10
1
2
8
3
3
2
22
3
3
3
43
6
6
3
28
11
3
1
28
2
1
1
60
1
4
1
44
2
4
4
37
6
4
3
7
2
4
2
49
3
1
3
38
5
4
3
63
8
2
2
14
1
6
1
11
7
6
2
25
3
1
4
63
2
3
4
27
2
1
2
26
2
3
4
53
7
1
3
61
7
3
2
66
2
1
3
13
6
6
3
1
8
5
4
38
1
1
1
65
2
6
1
3
7
2
3
9
32
6
2
23
3
6
3
12
1
5
3
47
9
6
4
43
4
7
4
65
5
2
1
71
3
6
3
42
3
2
3
4
14
4
2
54
2
1
2
33
2
5
1
7
3
4
3
65
9
2
1
8
13
4
1
41
3
4
3
30
16
3
2
31
4
6
2
55
2
2
4
5
23
2
1
52
1
1
4
67
28
6
4
66
5
5
1
27
3
3
4
60
8
4
2
3
1
6
3
39
8
1
3
22
11
1
2
12
2
1
1
1
1
7
4
16
3
3
1
55
2
2
1
16
3
6
2
29
1
2
4
32
1
4
2
1
2
1
1
35
3
3
4
49
8
7
4
8
8
3
1
66
2
4
2
13
3
4
3
29
11
2
2
12
1
2
1
12
14
4
3
5
2
3
1
37
1
5
3
67
33
7
2
5
1
6
3
68
10
2
1
14
20
4
3
34
6
3
3
32
9
3
1
9
1
3
4
52
2
6
4
60
1
5
4
65
15
4
1
47
1
7
4
33
9
4
2
31
5
6
2
16
2
5
3
31
26
6
1
27
2
6
3
8
20
1
3
14
19
4
3
22
4
4
3
16
7
7
2
38
5
2
2
25
1
2
3
52
1
1
4
33
8
1
3
3
7
2
1
29
3
2
1
2
1
4
4
8
16
1
1
38
1
4
2
7
2
4
3
53
8
5
1
45
2
1
2
68
1
6
1
63
1
5
4
36
5
2
4
35
3
7
3
37
3
2
4
22
3
4
1
6
2
4
1
31
12
5
3
32
1
2
2
52
3
1
1
5
2
1
1
32
2
1
1
30
12
4
3
5
4
1
2
8
1
7
3
15
5
2
2
32
3
4
2
71
2
3
1
41
2
3
3
4
19
3
2
11
3
2
2
15
1
6
4
39
10
5
4
23
24
6
3
54
1
4
3
71
3
4
3
68
15
7
4
44
9
1
2
1
1
1
1
15
4
6
3
12
2
3
3
17
12
1
4
26
12
3
4
3
20
3
2
30
2
3
1
38
3
4
4
15
13
3
4
49
6
3
3
61
5
1
3
63
9
7
2
10
2
7
1
13
8
6
4
25
7
2
4
13
3
3
2
45
3
5
2
3
3
6
4
1
9
7
1
61
2
7
2
33
3
4
4
71
6
6
1
28
1
6
4
31
13
4
3
41
4
3
3
34
2
1
4
63
12
1
3
45
5
4
4
10
3
3
2
28
3
4
3
14
24
6
2
39
3
1
2
18
3
7
4
61
9
6
2
2
1
4
1
5
1
1
1
9
4
1
3
47
10
1
2
42
3
6
1
15
1
3
2
13
2
5
3
10
21
4
4
54
3
6
2
11
2
2
2
60
3
7
2
7
1
6
4
15
23
2
3
10
19
5
3
27
9
3
3
9
9
5
2
17
3
4
2
17
2
1
1
10
2
2
1
29
1
3
3
30
17
6
1
17
10
6
3
45
2
7
2
63
1
1
3
55
17
4
4
61
2
5
3
1
3
3
2
28
1
4
4
7
1
5
2
52
1
5
4
17
1
6
4
12
10
4
2
27
2
6
2
36
4
6
4
12
4
6
2
47
2
3
4
9
32
4
1
25
3
7
2
41
4
6
4
14
1
4
3
29
3
3
4
9
1
5
1
33
6
3
4
41
4
6
1
7
8
6
3
40
2
4
3
27
16
2
2
54
1
1
2
60
2
5
4
11
2
1
4
7
7
2
1
18
7
2
2
45
2
1
3
41
1
4
2
53
1
1
3
6
6
7
2
65
4
6
3
18
5
4
3
6
2
3
2
67
1
2
4
5
4
4
4
55
12
6
3
55
1
7
1
16
4
4
1
42
2
7
4
47
9
7
4
41
3
4
4
1
8
2
3
11
17
3
4
2
5
1
1
2
7
4
2
23
2
4
1
8
10
5
1
54
2
3
3
60
19
2
3
71
2
4
1
43
1
3
1
68
1
7
1
14
2
3
2
10
3
2
