1
38
1
6
3
13
2
3
2
33
2
5
3
22
12
3
2
53
3
4
1
42
2
2
3
8
4
5
3
26
11
7
1
49
1
5
1
49
2
3
1
61
2
1
2
18
4
3
3
30
14
7
1
53
1
1
1
45
1
7
4
54
4
2
3
61
9
2
4
23
16
6
2
67
1
6
1
5
1
3
3
9
10
3
3
41
2
1
4
67
14
4
2
6
3
5
1
71
3
7
4
13
4
6
1
12
15
2
1
4
2
3
2
37
4
6
3
44
7
2
1
35
1
3
3
68
5
5
4
67
12
3
3
31
21
3
2
18
1
7
1
6
1
4
3
12
1
7
4
8
11
1
3
2
8
2
4
34
12
2
4
45
1
1
1
44
1
5
3
11
23
2
2
5
3
3
4
28
1
3
3
55
13
4
4
6
17
4
1
10
7
4
3
25
7
6
1
65
1
4
4
23
3
1
2
36
4
4
2
27
2
1
1
13
4
1
4
34
2
7
2
34
1
3
2
67
2
7
4
53
12
1
2
16
1
5
2
66
2
5
2
71
3
7
1
41
3
4
2
38
5
2
4
25
3
5
3
54
2
2
4
61
10
5
1
12
2
5
1
60
1
5
4
31
29
6
4
30
6
4
3
32
7
7
2
9
3
4
3
67
8
6
3
1
8
4
1
2
3
1
4
31
12
5
1
15
4
3
4
52
9
2
2
2
2
7
3
63
2
7
2
31
2
2
4
47
9
6
3
39
4
3
2
43
4
3
3
29
15
3
1
3
7
4
1
38
3
7
4
42
1
6
1
17
11
3
4
65
11
4
1
25
1
3
1
31
10
4
4
2
13
2
3
7
4
3
1
65
2
7
3
43
1
5
2
68
4
1
1
31
18
6
3
34
1
4
3
17
12
7
2
25
2
5
3
60
12
1
2
40
2
3
1
45
2
5
1
66
3
2
2
53
1
5
2
25
3
5
2
37
3
3
1
27
3
6
1
23
3
1
3
10
25
6
3
37
1
5
4
71
2
3
1
55
2
5
1
25
2
6
1
29
1
2
1
33
6
7
3
2
2
4
4
14
10
6
3
18
4
7
2
7
1
1
3
66
6
6
2
26
4
4
4
45
2
6
1
11
4
4
2
60
3
6
2
3
2
1
1
28
2
4
3
14
4
3
2
4
1
4
1
4
7
2
2
17
2
3
3
18
11
5
3
37
10
4
2
45
4
6
1
43
3
3
3
28
12
7
3
5
3
4
2
22
3
5
2
39
2
1
4
7
4
4
2
7
3
2
2
32
4
6
2
35
3
4
4
54
9
2
4
26
5
5
2
52
7
6
1
32
6
3
4
4
13
4
4
22
15
6
1
47
2
2
3
15
17
1
4
37
11
7
2
43
5
2
4
40
1
5
4
38
1
6
2
39
3
1
3
3
4
4
1
53
2
2
4
5
24
2
3
8
1
5
3
11
11
1
3
31
19
1
4
11
30
7
1
30
19
6
2
49
1
6
4
8
19
4
4
35
5
7
2
12
2
5
3
27
10
3
3
5
1
5
4
43
1
3
3
42
1
3
4
43
6
6
2
4
3
1
1
23
1
7
2
65
3
4
1
16
4
1
3
38
7
5
2
55
2
6
4
60
7
1
4
22
4
6
2
16
2
1
2
23
1
2
4
1
6
3
2
13
2
2
3
42
4
3
2
54
2
3
1
36
2
6
2
42
4
1
4
39
2
7
1
14
16
2
2
6
1
1
2
11
3
3
2
3
3
2
1
1
1
4
1
26
1
5
1
16
3
5
1
35
3
7
1
63
1
7
1
18
12
3
2
40
1
2
4
15
17
2
2
61
1
3
1
42
1
7
1
54
2
2
2
27
1
3
4
60
4
5
3
27
14
3
1
71
1
4
1
43
2
1
1
34
9
1
4
29
16
3
2
32
1
7
2
33
1
1
3
3
3
7
4
9
28
1
4
35
2
7
4
15
14
1
1
63
2
1
4
5
26
4
4
6
23
1
3
55
9
6
3
10
16
6
3
17
16
5
2
44
4
5
4
42
2
7
3
4
23
7
1
40
2
1
3
71
3
7
4
2
4
2
1
5
2
3
3
43
6
4
4
32
12
1
2
15
1
5
2
68
3
5
4
68
19
1
1
1
3
1
1
36
3
4
3
30
7
4
1
30
14
1
3
49
8
5
1
10
3
6
3
29
1
1
2
28
2
1
4
10
14
7
1
67
3
2
4
26
11
2
1
8
10
6
4
37
10
1
2
41
2
2
4
66
4
6
4
17
26
6
2
22
2
5
2
38
2
3
2
14
1
6
1
22
2
7
3
26
9
6
4
41
1
3
1
37
1
1
4
11
20
5
1
29
2
7
4
55
1
4
4
44
14
2
3
6
3
3
3
12
5
2
2
12
3
5
1
9
10
3
2
61
3
3
4
13
11
3
2
29
1
5
3
41
3
3
1
55
1
3
1
9
12
1
4
49
1
5
3
38
10
5
4
71
1
3
1
47
1
7
1
40
1
6
2
65
2
3
3
49
6
2
4
52
14
4
2
35
2
4
4
66
3
4
4
12
8
4
1
61
3
1
3
13
5
1
4
33
7
4
4
40
7
7
3
34
4
2
4
12
5
6
1
27
1
2
2
1
2
4
2
31
3
5
2
66
1
6
3
45
5
6
4
53
1
7
4
36
5
7
4
3
16
6
2
71
1
3
1
34
4
5
2
45
3
6
2
52
6
1
3
53
3
4
4
39
4
3
2
14
2
6
2
63
2
4
1
68
2
7
1
2
1
3
3
22
2
3
1
68
1
5
3
71
2
7
4
33
4
7
4
68
2
4
2
9
1
4
3
65
5
2
2
47
2
2
1
52
3
5
3
7
1
1
1
7
11
2
3
33
14
6
2
1
3
3
4
65
10
6
1
52
2
4
3
35
7
3
4
18
27
2
3
40
1
6
1
28
3
3
2
5
1
3
1
54
3
7
4
47
12
7
3
14
15
6
4
14
19
1
4
27
6
3
2
47
3
4
2
29
2
6
4
1
13
6
4
38
4
3
3
25
2
3
3
52
1
5
1
17
10
7
3
16
7
6
3
15
11
5
3
39
6
2
2
60
2
6
3
32
6
2
3
63
11
1
4
55
3
4
2
55
1
4
3
35
3
1
3
23
15
1
3
67
37
5
1
8
1
5
3
53
5
6
3
60
13
1
2
8
2
6
1
3
4
3
3
36
8
4
3
65
10
4
4
18
1
3
4
29
11
7
4
63
5
6
2
13
3
5
4
7
6
3
4
16
9
2
3
4
14
2
4
16
7
3
2
30
4
6
3
47
3
5
1
39
1
2
1
67
2
2
4
9
30
4
4
25
7
3
3
66
5
3
1
22
1
7
2
49
2
6
1
14
5
2
3
28
9
6
4
44
11
5
3
1
9
4
3
54
1
2
1
13
5
4
3
44
8
7
3
33
24
5
1
6
2
3
3
61
5
1
4
32
13
7
3
23
13
5
2
11
1
5
2
10
1
6
2
17
3
4
4
3
12
4
3
47
4
3
2
10
2
4
1
44
2
1
1
33
8
6
3
16
6
2
2
28
3
3
4
4
26
2
2
54
1
1
2
44
3
4
2
34
2
2
4
61
5
4
2
8
1
4
3
40
6
4
2
30
5
2
4
28
11
3
3
9
30
1
1
66
2
1
1
18
2
6
2
42
1
3
1
26
2
4
3
68
17
7
3
6
4
7
2
63
1
5
4
63
8
2
2
2
3
6
2
26
1
4
4
10
27
1
1
37
2
3
1
41
1
1
4
41
4
7
2
41
1
5
2
15
3
4
2
36
2
5
1
11
12
4
1
7
6
6
1
15
5
6
1
39
3
4
3
52
5
2
3
45
3
5
2
23
3
1
3
36
10
4
4
27
9
7
1
60
2
6
4
30
2
2
4
36
7
7
4
17
8
7
1
32
3
3
4
49
4
2
