3
47
10
6
4
52
12
6
2
10
3
3
4
16
2
7
4
49
3
1
4
71
5
2
4
55
1
2
3
5
4
6
2
10
1
2
1
13
8
4
1
4
1
5
2
5
2
3
2
63
1
4
2
32
4
6
2
65
2
5
1
8
16
3
4
18
25
2
3
4
1
5
1
23
3
3
1
27
3
7
2
52
1
4
3
29
8
4
4
18
14
6
2
47
4
1
4
29
4
1
3
35
4
7
3
12
3
1
1
7
10
3
3
45
6
1
3
44
9
4
1
40
2
3
2
39
4
5
1
6
2
2
1
63
2
4
3
36
12
3
1
12
5
6
2
18
4
7
2
28
2
1
3
14
25
4
1
53
2
4
3
23
2
1
1
30
3
6
4
12
1
2
3
68
2
4
4
5
12
5
2
53
3
7
3
28
1
2
3
61
3
1
3
14
17
4
2
5
1
5
1
5
1
6
3
10
1
4
3
60
3
5
1
22
2
3
1
34
4
6
3
27
13
4
1
42
2
6
4
47
6
7
4
31
29
1
2
29
2
1
1
35
2
5
2
71
1
6
2
44
1
5
2
66
3
2
2
3
2
4
3
31
15
7
1
42
1
3
4
33
3
5
2
63
2
2
3
40
4
7
4
4
6
3
2
32
3
6
2
1
1
6
3
5
1
2
4
45
2
7
4
6
23
6
3
7
2
4
4
33
1
4
2
37
1
1
1
1
3
7
1
10
5
2
4
3
6
4
3
23
10
4
3
42
3
6
1
43
2
3
4
22
7
1
3
9
19
6
2
31
5
3
2
12
2
3
3
16
1
4
4
13
5
3
1
66
3
6
3
60
11
7
3
41
1
3
2
4
1
5
4
67
10
7
2
29
3
4
1
36
2
3
4
44
1
3
2
25
2
6
2
35
3
2
2
16
2
4
1
47
3
5
2
13
3
3
3
27
4
7
2
45
3
1
3
26
7
6
1
61
3
2
1
16
3
4
2
54
1
2
2
34
1
3
1
27
2
1
4
6
22
6
4
67
2
2
1
23
2
6
2
16
3
6
4
30
8
6
3
17
5
7
1
17
15
3
4
43
3
7
2
23
1
2
4
25
1
3
3
49
5
4
4
61
10
4
2
9
2
7
4
17
16
4
1
45
2
2
3
17
3
6
1
8
11
4
3
22
2
1
1
53
1
3
3
71
4
3
4
54
11
2
2
42
2
7
2
38
5
5
2
41
2
1
4
27
1
4
4
34
10
7
4
7
5
3
4
23
3
5
2
15
1
6
1
29
2
5
2
44
5
3
3
2
7
7
4
45
8
2
3
44
6
3
1
18
9
7
4
71
4
2
4
2
9
6
2
54
2
2
4
11
27
3
1
2
3
6
2
33
3
6
2
61
3
5
4
16
9
5
3
15
11
4
1
37
1
4
1
6
1
2
2
55
3
1
4
54
1
2
2
27
3
2
4
4
8
2
3
65
13
7
3
18
11
3
3
8
3
3
1
13
1
6
2
11
3
3
2
42
4
6
1
38
1
7
1
12
15
4
3
71
5
5
4
27
6
6
3
18
23
7
1
43
3
5
4
30
4
5
3
8
2
3
4
38
9
3
1
60
1
7
3
11
3
5
1
47
1
2
4
5
22
3
1
28
2
1
4
65
11
4
2
40
2
5
2
6
2
6
4
52
3
1
1
38
2
2
1
1
2
5
3
32
10
6
4
37
8
1
3
53
4
7
3
39
9
6
4
1
4
3
3
29
4
6
4
43
9
3
4
3
18
1
1
55
1
5
2
22
1
7
2
17
2
4
4
10
20
6
3
16
8
3
2
41
4
2
1
7
1
7
2
30
2
2
2
18
1
3
1
32
7
2
1
61
2
5
3
37
8
5
4
9
24
6
2
66
1
6
4
61
12
6
3
13
9
1
3
10
21
3
3
25
2
4
4
26
6
7
4
36
11
1
3
63
1
2
3
11
24
6
4
9
31
5
1
34
6
4
1
52
1
4
3
34
1
4
1
66
2
2
3
13
7
1
3
15
6
6
2
43
3
3
1
44
4
6
3
63
11
2
3
26
11
1
3
30
25
6
1
10
3
2
1
5
2
5
4
37
2
3
4
35
1
3
3
35
6
2
3
53
1
7
3
9
9
7
3
3
4
7
3
40
5
7
2
39
2
3
2
8
2
3
4
14
30
3
3
65
9
6
4
40
3
2
2
61
1
4
1
63
1
7
4
32
11
5
1
36
1
6
4
53
6
5
4
68
6
4
1
28
1
5
3
61
9
2
3
6
1
2
2
65
3
4
3
68
11
1
1
41
2
2
2
45
4
5
1
54
2
5
1
2
1
2
3
42
2
1
1
26
3
1
1
35
4
6
3
66
5
4
1
30
18
3
4
41
3
3
2
67
2
4
3
55
9
7
1
65
2
6
4
60
4
4
1
15
5
4
1
44
2
3
4
29
10
2
3
34
4
4
4
42
1
5
4
32
5
2
1
4
2
5
1
40
1
5
3
49
6
2
2
2
1
6
4
63
6
3
1
31
6
6
1
67
1
4
2
68
1
2
4
65
4
2
2
27
1
1
1
3
8
7
4
15
12
2
1
71
2
3
1
49
1
2
1
9
14
7
1
25
3
7
4
42
2
1
4
68
7
3
2
26
4
2
3
25
8
1
2
12
1
6
2
14
3
3
2
22
3
3
2
49
4
7
2
35
2
5
4
2
7
1
1
14
17
4
4
60
8
7
2
60
1
7
1
65
1
6
1
11
6
6
3
6
6
7
3
47
2
4
3
28
7
6
1
18
3
5
4
44
6
2
2
53
1
5
2
55
1
6
1
3
2
5
4
40
4
3
2
1
2
3
4
8
10
1
1
14
18
3
4
38
3
7
2
67
1
6
2
15
3
5
3
55
5
3
3
39
1
6
3
37
12
5
1
33
2
3
1
60
2
4
2
25
1
7
1
16
5
6
1
68
3
1
4
36
13
3
2
68
4
6
4
13
2
6
1
25
1
3
2
33
1
2
1
71
1
4
3
66
1
1
2
49
3
7
1
39
3
2
4
8
8
3
3
67
21
1
3
43
7
3
4
15
7
7
1
15
1
5
2
31
1
2
3
38
3
5
4
10
19
1
3
31
26
3
3
54
1
7
1
54
3
4
4
66
4
6
3
22
8
5
1
68
2
6
3
38
11
5
2
6
3
2
2
47
2
2
4
25
3
5
2
40
4
5
4
39
9
1
2
14
2
7
2
23
3
7
4
11
8
7
3
36
4
4
3
45
5
7
3
4
14
4
4
14
1
3
2
7
2
7
4
39
5
7
2
28
1
7
1
22
3
2
1
37
2
2
3
33
19
2
2
17
3
5
2
13
2
7
2
34
2
2
3
43
4
5
2
3
1
6
4
63
9
5
4
41
2
7
4
12
6
3
1
41
1
1
2
30
4
5
3
52
12
6
4
28
10
2
4
26
10
4
3
54
2
1
1
32
1
1
2
52
6
4
2
26
2
1
3
67
28
7
2
43
4
7
3
52
18
6
4
22
6
3
4
23
5
4
3
30
9
7
2
37
3
5
2
60
4
7
4
7
7
5
2
7
1
2
1
29
3
6
2
11
2
3
4
47
12
7
1
17
10
2
1
67
2
2
3
3
3
2
3
41
4
3
4
35
4
4
3
12
5
3
2
8
3
3
3
33
1
4
1
55
2
5
2
9
3
1
1
11
2
3
1
45
1
4
1
31
5
5
3
32
8
4
3
1
10
6
2
38
4
1
1
33
8
4
2
36
1
3
4
66
2
3
4
1
1
3
4
28
9
2
4
31
9
5
4
49
1
6
3
1
8
3
1
26
2
3
3
2
12
4
4
34
4
3
4
17
11
3
3
7
3
2
2
71
3
2
2
36
5
2
1
9
1
2
1
52
3
2
4
55
13
3
2
4
2
1
1
39
4
6
2
2
3
7
4
53
15
4
1
49
2
4
