4
26
7
1
1
49
2
1
3
68
9
3
1
14
22
6
3
17
6
3
2
54
1
3
4
27
2
5
3
27
10
7
4
8
8
6
3
54
2
3
4
63
2
6
3
42
3
6
2
2
2
4
3
33
3
2
3
25
3
7
4
68
5
7
2
6
1
3
2
60
2
3
4
28
1
5
4
65
15
7
3
7
1
7
1
10
2
4
4
5
1
7
1
37
2
2
1
17
6
4
4
11
6
5
4
37
14
1
2
18
1
6
3
10
4
5
4
11
3
3
2
32
4
3
2
16
2
4
1
14
7
5
1
34
1
2
3
10
23
3
1
12
13
2
3
38
6
2
3
42
2
3
2
9
3
7
2
14
1
4
2
44
4
3
2
37
1
5
1
47
3
4
2
10
1
5
1
3
6
7
1
9
12
6
2
5
3
1
3
9
27
7
2
12
1
6
2
55
3
3
4
39
3
4
1
36
2
4
1
29
1
3
2
25
3
3
3
7
5
2
4
33
8
4
4
42
1
6
4
36
14
6
1
44
2
1
4
36
1
5
3
43
5
3
4
54
8
1
1
26
2
6
3
71
2
4
4
40
8
6
4
9
12
1
2
22
1
1
2
33
1
2
1
4
3
1
4
42
2
3
1
38
2
6
4
67
33
4
4
1
5
1
1
12
17
2
1
44
1
5
2
12
2
6
1
27
3
6
4
4
16
3
2
7
3
1
3
25
2
1
2
32
3
1
2
38
3
6
3
37
5
2
1
11
6
6
2
43
1
3
3
34
9
2
3
40
6
2
3
71
4
7
3
2
3
3
4
49
3
3
3
23
13
5
4
67
25
6
4
60
9
6
4
53
8
7
4
15
26
1
2
17
2
1
4
8
5
6
1
8
5
3
3
18
12
2
2
8
2
3
2
8
3
6
4
13
12
2
2
63
3
1
3
28
16
2
1
18
9
4
3
5
1
7
2
52
2
3
1
6
2
5
3
37
1
6
1
31
18
4
4
61
4
7
4
16
6
5
2
61
2
5
1
33
4
4
4
55
2
6
1
17
9
4
1
5
2
7
4
9
6
7
3
47
2
6
2
67
2
3
4
30
2
5
4
45
2
5
2
18
4
2
2
13
2
5
4
16
4
6
3
63
4
6
1
53
1
3
2
27
2
2
3
35
3
1
4
32
13
5
1
39
2
3
1
41
1
4
3
29
7
4
3
36
7
5
1
61
3
2
1
38
1
3
4
34
4
3
1
6
1
4
1
16
7
4
1
7
4
2
3
53
2
1
3
53
3
4
2
42
2
3
1
3
7
1
4
30
8
4
3
32
11
1
4
17
13
4
4
68
16
1
2
6
3
7
1
68
1
2
4
2
4
1
3
18
4
5
2
34
2
1
1
1
1
2
4
47
6
2
2
61
1
4
4
49
1
2
2
23
1
5
1
15
1
3
2
42
1
4
1
13
6
5
2
29
3
2
4
66
1
2
3
43
2
6
2
63
2
2
2
3
2
7
2
28
1
2
3
52
15
4
3
65
12
6
2
25
2
4
3
4
10
4
2
1
2
3
1
30
7
6
4
52
6
7
1
36
3
3
1
27
1
3
2
68
3
3
1
11
4
1
3
30
13
5
2
26
1
4
3
60
19
6
4
27
10
4
3
11
8
1
2
30
4
7
3
12
6
6
2
10
3
2
4
35
5
1
2
5
1
2
3
29
12
3
1
13
9
6
1
66
3
6
1
42
1
7
4
25
6
5
1
41
3
7
1
32
2
4
4
35
2
1
3
14
14
7
2
47
3
1
4
22
5
6
4
22
14
1
2
23
2
2
4
13
2
7
4
3
10
7
2
26
3
5
1
53
2
1
3
68
8
5
1
39
1
2
3
22
7
6
2
71
2
3
3
36
9
6
3
11
6
1
3
1
9
4
1
63
1
2
3
39
9
3
3
27
13
4
3
6
3
3
1
60
2
3
1
52
2
4
2
67
1
5
4
41
1
3
3
63
2
3
4
7
1
7
3
67
10
1
2
71
1
2
1
61
2
1
3
13
5
2
1
2
7
6
3
6
5
1
2
43
4
4
4
63
9
1
4
25
7
4
2
37
4
6
4
10
11
3
1
8
7
1
3
16
6
2
1
32
6
3
2
29
2
6
2
60
1
2
1
63
2
5
1
4
8
1
2
66
2
7
4
12
2
6
4
28
3
7
4
3
12
3
3
39
1
6
3
32
6
1
3
35
4
1
4
52
18
2
3
44
5
4
4
71
3
5
1
45
2
3
1
34
9
4
2
15
3
4
3
5
2
5
3
15
4
2
2
36
2
7
4
61
11
6
4
65
3
7
1
42
2
4
3
8
1
5
3
44
7
1
2
41
2
2
4
12
9
7
4
43
11
7
2
15
1
6
3
23
9
4
3
3
1
7
1
54
2
3
3
54
1
1
2
27
3
7
4
2
3
1
2
7
1
6
1
18
13
5
2
47
4
7
1
10
4
5
2
45
4
2
4
23
18
1
2
35
1
6
1
67
1
3
3
8
15
4
4
6
22
2
2
28
2
2
4
18
7
6
3
13
1
1
4
10
25
2
1
43
3
7
1
25
1
1
1
40
1
7
4
14
23
6
1
25
2
6
2
11
2
7
1
71
1
7
4
37
8
7
4
39
2
4
2
44
3
1
3
66
1
1
4
44
13
7
1
65
2
4
2
68
4
5
4
66
2
2
1
22
1
5
1
35
2
2
4
47
12
7
1
68
2
7
4
15
7
7
3
31
5
7
3
15
1
7
4
45
5
4
3
22
4
5
4
44
12
3
4
38
5
2
3
14
16
6
4
23
13
5
1
23
3
2
2
49
1
4
3
61
5
4
2
22
2
7
2
2
3
1
2
45
2
5
2
11
3
3
3
66
5
1
3
61
7
1
3
9
18
4
2
31
1
7
3
12
4
6
4
4
4
2
3
28
10
4
3
45
7
3
2
4
1
7
4
53
2
1
1
45
1
7
2
31
5
5
1
55
1
3
1
37
1
6
3
2
10
7
2
17
1
7
1
26
3
5
1
47
1
7
3
1
3
6
4
55
13
5
3
16
5
3
1
28
2
6
2
55
1
6
2
53
2
7
1
43
1
2
2
4
2
1
1
65
1
7
2
65
4
1
4
14
24
4
4
7
5
4
1
2
4
2
1
22
3
7
1
31
3
6
1
66
1
5
2
41
5
6
4
41
4
7
1
5
1
5
4
54
11
1
1
29
2
5
1
15
2
5
4
60
5
6
4
71
4
2
4
33
6
7
1
49
1
2
1
28
3
1
4
34
5
3
2
14
3
5
3
47
7
1
4
43
8
1
4
38
2
6
1
1
3
4
1
23
2
4
3
31
10
1
2
35
2
5
2
34
1
2
1
33
5
4
4
26
10
5
4
1
14
1
3
55
17
7
3
65
8
6
3
33
8
4
1
9
4
2
3
67
14
6
2
3
1
4
1
7
5
2
3
38
9
5
2
1
1
5
1
60
1
6
3
55
4
6
1
67
3
3
2
9
2
7
2
40
4
1
1
35
4
4
2
13
3
7
1
40
3
1
1
16
3
5
3
26
7
6
2
65
2
5
2
36
1
7
4
29
11
3
3
45
1
1
3
26
11
4
2
40
3
7
3
60
20
7
1
55
2
6
2
39
1
1
3
52
1
3
2
49
2
5
1
52
3
2
1
30
10
4
4
31
26
5
3
30
23
5
3
40
4
7
3
4
21
6
4
31
25
1
4
40
2
1
3
3
5
7
2
53
3
1
3
34
5
4
4
17
24
4
1
71
3
7
2
52
4
1
3
17
8
2
2
38
1
2
2
33
2
5
3
49
1
5
3
49
6
7
4
32
7
6
2
66
1
7
3
41
3
4
3
41
2
3
2
16
1
7
4
29
6
4
2
39
2
6
4
18
12
5
4
5
15
6
2
54
2
2
2
30
1
7
1
54
1
4
4
6
27
1
