2
52
7
6
4
67
6
6
4
12
1
7
2
4
1
5
2
39
4
6
2
2
2
4
1
27
3
7
2
1
2
3
1
22
1
4
3
60
19
1
1
54
2
1
1
6
1
6
4
1
2
1
3
52
11
6
3
10
15
2
4
37
3
3
3
47
10
4
4
3
1
5
3
54
2
3
1
16
6
7
1
10
8
2
4
60
8
5
3
60
4
6
1
55
2
4
3
47
6
6
3
1
5
6
1
34
6
1
4
66
6
3
4
60
6
3
3
7
3
2
3
4
5
3
4
28
9
2
4
26
7
4
4
34
10
1
1
23
2
1
2
18
4
3
4
54
11
4
3
12
1
4
4
40
3
6
4
68
13
2
4
36
7
7
3
11
4
2
4
14
24
2
4
44
9
3
3
27
17
2
2
9
1
5
2
47
1
4
2
44
1
5
4
38
2
6
4
35
2
5
4
49
1
1
2
61
2
2
3
28
3
5
1
66
2
1
4
31
23
6
4
17
25
7
1
61
2
5
1
44
3
1
1
29
2
3
3
49
6
1
4
17
11
1
4
31
5
5
2
65
3
5
2
40
2
5
2
71
3
4
3
14
7
1
4
65
8
5
2
53
1
6
4
29
16
2
2
65
4
5
3
30
25
3
4
53
6
6
3
41
3
4
1
14
2
7
3
11
24
5
4
43
5
5
1
53
2
7
1
13
7
1
1
52
2
6
2
29
3
2
2
44
2
5
4
55
8
2
1
1
3
3
2
7
2
3
3
43
3
3
2
15
2
7
2
34
2
6
3
30
16
3
2
12
2
4
4
25
2
3
3
13
1
1
3
18
24
5
3
71
5
5
1
17
14
5
4
26
8
2
1
63
1
4
4
8
14
4
4
10
28
3
2
11
1
4
1
36
1
6
1
67
2
6
3
29
1
5
4
40
4
4
1
39
1
5
3
35
5
5
3
44
6
1
2
40
1
5
3
61
9
2
2
32
1
4
1
8
1
2
1
8
15
1
4
65
6
6
4
66
3
2
2
27
1
7
2
28
2
2
1
45
1
6
2
26
2
4
1
38
3
4
2
37
2
2
2
13
3
3
1
18
15
2
3
40
1
6
4
35
1
1
3
16
5
1
4
13
13
6
2
35
3
3
2
22
3
4
1
39
3
5
1
11
3
6
3
6
4
2
4
53
15
3
4
5
3
6
2
25
3
7
1
43
1
6
1
5
2
5
1
15
5
5
1
71
1
2
3
41
4
6
1
33
2
4
1
27
2
7
4
63
10
2
4
30
5
7
2
29
1
1
4
32
2
1
1
37
1
6
2
43
4
5
2
11
2
6
2
33
3
6
1
60
2
5
1
45
2
5
4
34
11
5
3
63
4
7
3
39
7
7
1
12
5
6
4
67
39
7
4
14
27
6
2
2
1
3
1
53
1
2
1
66
1
2
2
30
4
6
3
4
22
7
4
23
20
5
4
2
2
4
2
12
3
1
4
27
9
6
2
42
1
1
1
52
1
7
3
16
4
4
2
18
1
5
1
18
7
3
1
29
3
1
2
68
3
4
3
65
10
5
3
42
1
5
4
16
5
7
4
32
9
3
2
66
1
2
1
37
2
3
4
9
13
6
4
38
1
4
4
22
15
2
2
67
2
4
3
3
3
5
3
34
4
6
4
4
1
7
2
23
2
6
4
8
17
1
1
6
2
7
3
33
11
3
2
38
2
2
1
67
1
4
4
49
2
7
4
44
12
7
2
31
2
3
3
36
10
3
1
4
5
7
2
61
3
7
2
8
1
1
2
39
2
1
1
17
15
7
1
1
2
7
1
71
2
7
3
53
4
5
3
1
6
2
3
17
2
2
4
11
5
1
4
39
7
7
3
36
14
3
2
34
1
6
1
43
3
2
2
38
1
1
3
67
23
5
3
67
7
5
2
71
2
7
3
61
3
4
4
42
4
4
3
32
6
4
2
10
1
5
1
26
2
2
1
25
2
3
3
9
27
7
3
5
3
2
3
8
15
3
4
37
6
6
1
32
5
7
2
3
2
3
1
9
4
1
3
13
4
6
2
68
2
7
2
16
3
2
3
26
1
6
2
5
2
6
4
45
7
7
3
23
15
2
4
23
24
2
4
13
4
7
2
9
3
3
1
7
6
2
4
9
16
6
4
29
15
4
3
39
10
7
1
28
2
4
3
55
12
4
4
3
19
3
4
33
10
4
3
18
14
6
4
12
6
5
1
31
13
6
2
67
1
4
1
10
2
4
1
35
4
2
4
15
4
2
1
9
5
4
3
66
7
3
4
68
6
7
1
68
1
4
1
38
2
6
2
6
3
5
4
33
5
6
4
52
2
4
2
41
4
2
2
47
2
5
2
55
1
4
1
32
2
5
2
36
5
6
4
6
8
6
2
41
1
6
2
54
1
7
2
37
3
2
3
44
2
1
1
35
2
2
2
33
2
5
4
47
8
3
1
7
11
3
2
35
1
4
1
41
3
5
3
15
13
4
3
53
2
7
2
60
1
6
1
42
1
3
4
36
13
1
1
11
6
3
3
10
13
6
3
5
2
4
2
14
2
7
3
71
1
3
1
23
1
5
2
30
5
5
4
28
2
4
1
2
2
7
1
4
8
1
3
45
2
1
3
37
7
3
3
7
2
4
1
31
3
3
2
45
3
6
2
28
1
2
4
6
27
6
2
3
3
6
3
40
6
2
3
26
4
2
3
49
1
5
3
43
5
7
4
39
9
5
1
47
1
5
2
6
2
3
1
47
3
2
1
54
3
5
4
47
13
7
4
27
5
5
4
45
5
2
1
40
2
3
1
25
3
4
3
38
1
3
2
43
2
5
2
55
3
6
4
5
17
4
1
36
3
6
3
23
12
7
2
31
4
5
4
18
12
4
2
63
1
7
4
61
11
3
4
4
21
6
2
45
1
1
1
61
1
2
1
28
1
3
2
15
3
5
1
40
3
5
3
34
9
5
3
9
22
4
3
52
5
2
3
29
16
1
2
4
2
4
3
65
18
4
4
7
7
3
2
16
2
1
2
60
3
1
2
49
2
5
2
7
1
2
3
22
8
7
3
63
13
1
3
8
10
7
4
41
2
1
4
25
6
7
2
27
3
5
2
53
3
2
1
30
21
1
3
32
8
1
2
23
3
4
4
63
11
6
3
3
7
4
4
10
2
1
2
10
3
4
1
33
7
2
4
71
4
6
1
49
1
6
3
12
3
3
3
22
4
6
1
26
1
5
1
42
2
1
4
54
10
3
1
13
5
4
3
68
3
2
2
32
4
5
4
43
8
5
2
54
2
4
4
52
16
7
1
68
2
5
2
8
3
1
1
65
2
2
4
42
2
1
4
71
6
3
4
41
3
5
2
17
1
2
2
14
3
4
3
68
10
3
3
31
15
1
1
44
4
4
2
22
1
6
1
30
3
5
3
66
3
1
2
1
1
2
4
16
11
3
1
2
5
5
3
38
2
4
3
55
8
4
4
30
7
6
4
11
16
4
4
7
9
5
2
26
3
7
3
54
1
7
3
2
8
6
2
25
1
1
1
16
5
5
3
25
5
6
1
63
2
6
1
3
7
4
1
3
10
7
1
49
2
6
3
35
8
7
3
6
2
2
3
42
2
6
2
13
1
4
2
49
3
1
2
17
2
3
3
17
3
4
2
52
4
3
4
22
16
3
4
2
4
4
1
12
9
3
1
55
1
3
1
15
2
6
3
14
13
1
4
18
19
5
3
25
3
4
1
14
14
6
3
28
11
3
3
2
2
1
3
45
7
1
3
37
1
1
1
65
1
3
3
27
1
5
4
15
17
2
3
31
11
1
1
34
9
2
3
15
4
2
1
60
1
1
1
5
1
6
2
63
2
4
2
36
1
6
4
61
10
3
2
66
2
5
4
55
10
3
4
1
7
2
2
5
1
6
3
33
21
7
1
41
1
2
2
42
2
3
1
22
3
4
