2
8
2
6
1
52
2
3
4
63
3
6
2
43
2
2
2
3
2
3
4
37
1
1
4
22
4
4
3
44
8
6
3
37
4
3
1
61
2
4
2
1
3
6
4
60
9
5
2
5
3
4
3
27
16
5
4
54
12
6
2
9
1
4
3
17
13
6
2
67
1
6
4
61
8
3
1
28
2
5
4
11
15
4
3
28
11
7
2
2
2
4
3
7
2
4
3
9
31
7
4
71
6
6
2
38
4
4
1
42
2
1
2
44
5
6
1
23
1
1
3
31
22
6
2
7
2
7
3
26
2
2
3
39
5
7
3
30
23
2
4
29
7
2
2
31
1
2
2
28
3
5
1
1
3
4
4
33
2
2
4
17
15
6
2
54
1
7
1
40
2
1
4
3
20
6
3
63
12
5
3
6
2
2
3
55
2
5
1
35
2
3
1
2
1
1
3
61
3
6
3
32
6
5
3
17
8
5
2
6
1
6
1
35
3
6
1
5
1
2
1
55
1
3
3
11
23
2
4
49
1
1
4
60
6
2
1
53
1
6
2
18
2
7
4
39
9
6
4
6
24
4
2
27
3
4
3
41
4
6
3
40
4
1
4
16
2
5
2
32
1
7
1
30
20
3
3
30
8
1
2
10
2
5
3
43
2
5
4
28
3
3
1
29
1
4
1
2
7
1
2
49
1
6
3
16
7
3
4
13
10
2
4
18
25
6
1
53
2
7
3
14
2
3
1
12
9
2
2
65
2
7
4
35
2
1
1
5
2
1
1
28
3
4
3
23
13
6
2
44
3
7
4
31
20
2
2
28
2
5
2
61
2
6
3
61
1
1
2
63
2
4
2
25
3
2
1
49
2
6
3
1
6
5
4
4
1
5
1
38
3
1
1
39
2
6
4
2
2
7
1
61
3
7
2
13
1
1
1
26
2
5
2
67
2
6
2
45
4
2
3
26
11
6
1
63
2
3
4
41
2
2
4
32
14
3
2
9
3
4
1
68
1
3
2
35
3
3
2
12
3
3
1
49
1
2
4
5
4
1
3
65
16
2
3
49
6
4
1
17
12
4
4
44
10
5
1
11
6
2
1
60
2
5
2
22
1
2
4
16
8
6
2
18
4
7
4
26
11
5
2
39
1
7
3
4
15
7
4
1
14
5
1
4
6
7
3
3
3
4
3
29
8
7
3
12
2
2
3
36
5
7
2
66
1
3
4
33
9
6
3
10
2
4
4
45
8
1
3
40
3
3
4
39
1
4
1
23
3
5
2
14
3
5
3
14
16
7
1
67
1
3
1
43
2
6
4
43
6
1
1
9
7
5
4
52
17
7
4
14
30
6
2
36
2
2
2
27
1
5
1
6
1
1
3
12
6
3
1
45
1
1
1
68
2
2
4
32
7
1
3
45
5
7
2
52
7
1
2
38
3
1
2
34
3
7
3
25
8
1
1
44
2
2
3
15
12
2
3
52
8
4
2
47
1
2
2
41
3
4
3
18
4
7
1
65
1
6
4
38
5
5
3
36
14
3
2
3
3
5
1
29
3
5
2
40
3
6
2
40
2
6
4
10
25
1
2
54
2
7
4
68
7
6
2
6
3
4
4
17
4
5
2
17
2
2
4
35
3
6
1
38
2
6
2
52
6
4
2
14
2
2
1
43
3
1
1
10
1
3
4
63
7
7
3
11
3
2
3
68
12
1
2
53
1
6
2
35
1
7
4
30
8
5
2
13
2
3
4
30
3
6
1
47
2
7
3
44
3
7
4
10
20
1
1
45
2
2
1
65
2
6
3
25
7
2
4
15
8
3
2
4
3
6
1
13
4
6
2
60
1
2
3
7
1
3
2
25
2
1
1
25
1
1
3
63
8
4
1
60
1
2
2
34
2
4
2
29
1
7
4
27
9
2
3
3
5
6
1
36
3
1
4
34
5
2
4
3
7
1
4
41
1
7
2
23
1
6
2
45
2
1
2
16
3
2
2
10
3
2
3
33
2
6
4
9
13
2
3
31
12
1
2
37
3
7
4
47
14
1
2
32
2
5
4
29
15
7
1
27
1
2
1
13
1
2
2
71
3
6
4
11
8
6
1
15
1
7
4
53
1
5
4
68
1
6
2
37
1
1
1
12
10
5
4
45
4
2
3
34
6
3
3
52
15
4
3
43
7
6
4
66
6
5
3
66
4
4
3
15
10
7
3
13
5
5
2
66
3
3
3
60
28
5
3
53
8
3
4
25
4
1
2
7
3
5
3
23
16
6
1
63
1
4
1
32
1
4
3
39
8
6
4
23
5
3
3
54
1
2
2
12
2
3
4
26
3
3
4
28
11
2
1
30
7
6
2
8
1
4
2
60
4
6
4
8
18
6
1
14
14
6
4
52
8
6
1
36
2
1
1
17
9
3
1
15
3
3
3
29
4
4
2
30
4
4
1
7
11
3
1
31
16
3
3
10
11
6
4
40
1
1
4
31
17
3
2
2
1
7
3
37
8
3
2
33
3
6
4
61
12
3
4
15
21
1
1
34
2
4
1
40
1
2
4
43
1
3
3
42
1
1
2
61
1
1
1
22
2
5
3
2
11
5
2
63
3
7
2
31
2
7
3
34
8
3
1
22
1
6
3
27
5
2
4
1
10
3
2
68
1
3
2
23
2
7
3
60
27
1
2
43
3
5
4
36
4
1
3
18
14
6
3
32
4
2
1
18
2
6
3
47
8
7
1
8
16
6
3
67
5
4
4
23
18
5
1
41
3
4
2
11
2
5
3
45
3
7
1
14
7
3
3
9
27
5
4
18
18
1
4
65
12
4
1
27
3
6
2
15
1
6
2
55
1
2
1
7
1
1
3
65
3
2
1
33
4
1
1
1
1
5
4
34
3
6
4
5
27
5
2
26
2
3
1
32
3
7
1
71
2
2
1
11
2
6
2
22
2
5
4
71
3
4
4
2
1
7
1
54
1
1
1
37
1
1
1
18
10
4
3
5
5
7
3
6
4
5
1
55
2
1
3
1
4
5
4
36
3
7
3
28
2
1
3
54
2
7
4
7
1
5
4
47
4
7
3
71
1
5
4
67
24
2
4
53
11
3
4
42
4
1
4
7
5
6
4
12
3
7
4
54
3
5
1
67
3
4
3
8
7
5
1
71
3
3
1
52
3
1
4
8
11
1
2
49
3
6
1
39
1
6
3
55
13
3
3
2
5
2
3
35
3
5
1
34
3
2
2
53
2
1
3
53
2
7
2
36
5
3
4
49
3
5
1
66
3
6
3
71
3
3
2
42
3
7
1
31
13
2
3
13
6
4
1
37
2
3
1
47
1
6
3
22
11
4
3
38
5
6
4
55
4
4
4
66
5
5
3
67
26
2
3
5
3
7
3
4
17
3
3
22
5
1
3
66
6
5
4
9
15
1
1
25
3
4
1
54
2
2
2
11
3
2
3
35
8
6
1
9
14
4
2
4
1
4
2
42
4
4
1
26
1
4
2
17
3
4
2
47
4
1
1
33
2
3
3
8
2
5
2
30
3
6
1
44
3
3
4
13
3
6
1
4
3
4
2
26
1
7
2
68
3
1
1
3
11
7
4
55
7
3
2
65
1
2
1
66
1
6
2
29
2
2
1
3
1
5
2
55
2
5
4
12
8
3
1
10
8
5
2
5
1
5
4
4
27
6
4
40
4
5
2
1
1
4
2
71
2
2
4
22
3
1
2
16
2
4
2
33
1
2
4
42
2
7
2
41
5
6
1
42
1
1
3
47
7
3
1
16
5
3
3
68
13
1
3
49
5
3
1
8
3
4
4
14
10
2
4
25
1
4
4
27
10
4
1
41
1
3
4
44
5
1
2
15
3
1
1
16
7
6
4
67
37
1
4
37
7
4
2
39
3
3
4
65
14
7
4
38
1
4
4
6
10
1
3
42
2
5
1
6
2
7
3
33
24
3
3
41
1
4
3
16
4
1
3
38
8
6
