1
60
1
2
2
9
3
2
2
22
1
3
4
53
10
4
2
15
3
3
1
30
19
4
1
5
1
1
4
63
2
4
3
33
1
1
2
32
4
2
2
54
1
2
2
13
3
6
3
10
13
1
3
34
8
6
4
44
16
4
2
67
2
5
3
27
16
4
4
10
12
6
1
6
1
3
3
6
4
5
1
25
2
3
1
61
1
7
2
8
3
5
2
60
1
6
4
22
6
5
4
40
7
7
1
44
1
1
3
3
7
7
1
27
3
2
1
11
3
5
3
31
17
5
3
1
2
2
2
54
2
2
4
37
9
1
3
16
7
5
2
12
1
6
4
18
22
1
2
38
1
4
4
23
11
5
1
18
8
6
1
7
4
3
2
43
5
3
2
45
1
7
4
25
2
1
4
61
9
5
2
30
1
3
2
11
2
3
3
11
5
3
2
11
1
5
4
34
7
1
2
33
1
6
4
40
3
1
4
16
10
6
3
10
20
2
3
49
1
3
3
39
3
1
1
55
1
1
1
18
7
1
1
66
1
5
3
8
16
7
4
67
12
2
3
54
1
6
1
16
3
7
1
13
1
2
1
29
1
6
2
49
1
3
3
47
5
5
4
28
4
5
3
22
4
4
2
15
1
4
4
9
18
2
1
60
2
2
2
65
1
3
2
37
1
3
4
71
4
4
4
5
18
2
1
54
3
1
4
7
1
5
4
67
27
1
3
15
3
7
3
37
11
6
4
10
29
2
4
4
5
5
4
14
24
2
4
12
10
7
3
65
19
6
1
28
1
7
3
66
4
6
2
63
2
6
4
2
5
4
4
1
4
3
2
4
3
6
4
55
12
1
1
4
5
7
3
44
4
7
2
27
3
1
1
23
3
2
3
32
1
3
3
41
3
2
3
5
2
5
2
2
3
2
3
36
5
7
4
2
13
6
1
43
3
7
4
25
1
2
1
71
2
7
3
18
1
3
4
39
1
4
3
14
12
3
2
29
1
5
3
2
9
4
1
55
2
1
1
44
4
4
2
53
1
4
2
14
3
1
3
42
1
1
2
66
2
2
2
18
3
6
1
27
2
1
1
9
8
4
4
31
23
3
3
26
3
1
4
28
3
7
4
38
1
6
3
65
14
5
4
13
14
4
3
43
3
1
2
32
3
1
4
55
2
1
2
22
2
1
1
43
1
2
1
35
3
4
3
39
1
4
2
71
2
3
2
14
1
7
4
29
16
3
2
52
6
4
4
34
3
5
1
6
2
6
4
66
3
1
2
44
2
5
1
9
12
3
1
5
2
6
2
17
1
2
4
45
6
7
3
13
3
6
2
5
1
3
1
40
1
6
1
34
11
7
1
47
2
3
1
52
3
7
2
40
4
2
1
17
7
2
2
47
1
5
2
25
1
6
1
14
13
7
3
61
8
4
3
29
2
6
2
23
2
2
1
13
4
1
4
9
33
2
3
28
5
3
1
67
3
4
4
17
8
3
2
49
4
1
3
42
2
7
1
30
5
1
4
17
2
4
1
17
6
3
3
40
5
5
2
45
2
5
3
55
13
5
2
66
3
7
2
61
3
5
2
4
2
7
4
27
6
1
3
43
4
2
1
54
1
3
2
37
3
6
3
71
2
2
2
33
2
5
1
12
6
5
4
37
14
6
3
5
1
6
3
34
10
4
3
45
4
5
3
8
7
2
4
26
9
3
2
3
1
4
4
13
9
2
4
43
7
2
1
2
5
6
2
16
2
4
2
13
2
7
2
5
3
3
3
38
8
6
3
3
10
5
1
4
3
7
2
7
1
3
1
68
3
6
2
55
3
5
1
22
2
1
1
1
3
6
1
39
3
1
3
47
1
1
2
61
1
5
3
17
17
7
2
34
3
7
4
60
6
7
4
65
10
7
2
42
4
7
3
40
1
6
2
41
1
3
3
45
7
3
2
63
3
4
2
1
1
1
4
23
19
2
4
54
10
5
2
30
3
5
4
47
11
1
2
41
4
5
3
63
5
5
3
32
8
4
2
28
3
3
1
40
2
5
4
41
2
1
3
35
3
3
1
41
1
4
2
68
4
7
3
4
22
6
3
49
4
3
1
10
2
5
2
2
1
1
3
60
20
4
1
71
3
6
4
31
27
6
1
7
11
7
3
14
24
1
3
66
6
5
1
14
4
6
4
18
28
3
4
11
7
2
3
63
11
7
1
10
7
2
2
36
4
7
2
34
2
5
1
45
1
5
1
3
6
4
2
31
2
6
2
9
1
5
3
33
23
7
4
12
2
5
1
1
1
5
1
3
7
6
4
6
2
6
3
25
9
7
1
47
3
3
2
68
3
5
1
53
2
2
3
12
2
6
1
33
7
1
1
35
2
1
2
6
3
2
2
38
4
4
4
26
1
2
1
45
2
4
1
38
3
4
4
1
14
2
2
65
3
5
1
31
5
7
2
35
2
7
2
35
3
3
3
67
3
5
3
9
7
7
2
36
5
3
4
47
9
2
3
55
14
7
2
26
3
1
4
41
4
2
3
1
7
2
2
39
2
6
4
3
18
6
4
36
3
6
1
26
1
2
3
11
22
5
3
17
15
2
4
53
3
2
4
22
10
4
4
42
2
1
4
52
16
2
1
32
2
3
2
52
7
3
2
42
2
5
3
36
2
1
4
8
7
5
3
25
1
1
2
26
2
3
4
15
17
5
1
65
1
3
2
67
1
4
2
6
2
6
3
31
27
3
3
54
2
1
2
17
2
1
3
61
4
1
3
60
1
1
3
68
3
3
3
2
11
4
4
45
8
3
1
38
2
2
4
61
11
6
4
30
7
2
1
15
4
2
1
11
12
3
4
3
4
1
1
23
2
7
4
4
9
2
1
67
2
2
3
41
4
3
3
26
5
6
2
28
2
4
1
65
2
3
2
43
2
5
1
49
1
3
3
4
13
6
3
7
1
5
2
16
1
3
4
39
9
4
1
2
4
7
3
6
2
2
3
16
1
3
3
30
2
7
3
30
12
4
4
38
5
7
1
61
2
7
1
49
2
3
1
8
5
6
2
18
2
1
4
15
6
5
4
60
1
7
1
25
3
1
2
1
2
3
4
30
6
3
3
13
6
1
4
36
13
2
2
39
1
6
1
34
9
5
4
35
5
7
2
55
2
4
2
31
1
2
1
63
1
7
1
15
3
3
2
53
3
7
4
33
2
5
1
63
2
4
1
28
3
7
1
66
3
5
3
68
1
3
2
47
4
1
4
68
13
2
4
65
2
1
4
5
15
3
2
10
2
4
4
33
3
5
4
49
7
4
4
43
1
4
4
6
18
5
4
71
6
2
3
35
6
4
3
53
7
7
2
23
3
3
4
49
8
4
3
52
13
3
4
14
10
2
2
40
2
1
2
25
2
5
3
27
9
2
2
44
4
1
3
23
16
3
4
16
1
4
3
22
7
7
3
37
4
6
1
22
3
7
3
29
9
3
4
32
5
3
4
27
12
6
1
36
2
7
1
41
3
5
4
8
8
5
1
32
4
2
2
12
3
3
3
9
22
3
3
38
5
1
3
7
5
5
3
15
12
2
4
32
7
3
3
53
8
3
4
54
12
5
1
8
4
2
2
7
3
3
4
68
25
1
1
37
1
3
1
53
1
5
1
26
3
4
3
52
2
2
2
71
3
6
2
3
2
7
4
35
3
4
4
52
21
2
3
23
6
1
4
29
14
6
2
27
2
6
4
66
1
7
1
39
1
5
1
16
2
2
4
63
12
2
1
36
1
1
3
44
10
7
1
29
2
6
3
28
16
2
3
12
5
5
2
10
1
4
3
71
1
3
1
31
2
5
3
18
4
1
1
33
4
5
1
42
2
4
1
68
2
3
4
44
6
3
2
60
4
4
3
67
22
3
1
37
2
6
1
12
14
6
2
8
2
5
2
29
2
7
4
7
4
6
1
52
1
5
1
42
1
2
4
11
5
1
4
42
3
1
