4
32
12
3
1
52
2
4
4
53
5
7
1
52
3
4
2
45
1
5
4
43
4
5
1
53
1
5
2
33
2
5
1
1
3
7
1
29
2
7
3
38
5
4
2
8
3
1
2
16
1
1
1
55
2
7
2
61
1
2
2
22
2
7
4
44
14
4
4
31
26
4
1
68
3
2
1
37
1
7
2
27
1
5
1
10
6
5
2
14
1
4
3
67
2
4
4
10
30
3
4
41
1
3
4
68
10
4
4
9
19
6
3
1
5
7
4
49
8
1
3
26
11
5
2
12
3
2
3
17
13
6
1
31
3
3
2
71
2
5
2
43
1
1
2
17
3
6
4
63
1
2
1
36
1
7
4
66
6
4
2
68
1
1
1
38
1
7
2
4
2
6
1
16
4
4
1
49
2
4
4
10
12
3
3
28
9
2
2
54
2
3
1
18
4
1
1
67
3
1
4
71
6
3
4
35
5
4
1
4
7
5
1
39
4
1
3
45
5
3
3
1
3
3
1
29
3
3
1
45
1
4
3
43
7
3
1
3
9
3
2
29
3
7
4
37
14
6
4
29
6
6
4
60
5
2
1
42
2
1
2
1
2
4
1
27
2
1
2
44
4
3
1
32
5
1
3
14
25
4
4
42
3
3
4
38
1
4
4
35
1
4
3
9
9
4
4
13
15
3
1
35
1
5
3
26
3
6
1
5
2
3
2
71
1
1
2
42
3
3
4
28
8
5
3
23
11
3
1
6
1
3
4
25
7
4
2
26
1
7
4
5
17
2
4
9
23
3
4
5
9
4
4
33
1
4
1
23
3
5
3
65
6
1
1
2
3
2
3
61
1
1
4
1
4
3
1
54
1
4
1
53
2
5
3
31
6
7
3
41
2
4
3
16
7
7
2
34
1
1
2
49
2
2
3
16
8
4
1
11
1
3
1
61
2
4
4
45
10
2
4
67
40
7
2
55
1
6
4
40
2
3
4
30
6
3
3
11
4
3
4
4
19
3
1
11
4
4
2
66
1
6
1
4
6
4
2
36
4
1
2
7
3
4
2
31
4
6
3
35
4
1
4
7
8
7
3
15
16
4
3
4
14
1
3
28
4
2
1
43
2
3
4
68
5
3
1
12
18
7
3
68
6
6
2
33
3
1
2
43
4
5
1
71
1
3
3
37
2
5
3
15
3
3
3
5
1
5
1
13
3
4
3
30
5
4
1
45
2
5
1
8
5
4
1
65
1
6
2
22
3
3
4
2
11
7
1
17
1
5
1
22
2
6
2
35
3
1
2
15
2
1
4
2
6
7
4
6
11
6
4
3
10
7
3
7
2
2
4
18
8
2
1
55
1
7
3
40
2
1
2
18
2
6
1
26
1
2
3
22
4
5
4
26
10
4
3
61
8
7
2
61
3
7
3
12
5
6
2
52
2
1
3
54
1
3
2
15
3
7
2
5
2
1
1
63
2
6
1
67
1
2
2
28
1
2
2
2
3
5
1
30
7
1
2
16
2
7
4
47
7
6
2
47
4
4
1
41
3
7
1
60
1
2
3
49
8
6
2
65
1
1
1
25
1
7
1
7
8
2
4
65
8
6
3
32
11
6
4
61
2
7
1
7
9
2
4
52
3
3
2
54
1
3
1
66
3
1
3
4
27
7
4
15
16
2
4
49
5
4
1
8
16
1
2
63
2
1
3
5
3
7
2
32
1
2
2
52
3
2
3
10
2
4
2
65
2
5
4
55
4
7
1
41
1
6
4
43
9
3
3
47
5
5
4
29
13
6
2
1
1
2
4
44
10
7
4
52
7
1
1
23
2
7
1
47
1
3
2
28
2
5
2
29
1
3
1
42
1
1
1
25
2
6
2
44
2
5
1
39
1
3
4
32
9
6
3
66
9
1
3
34
8
4
3
47
4
2
3
42
1
1
1
31
12
4
2
4
1
5
3
55
8
6
3
38
12
6
2
68
2
7
4
12
2
4
4
34
2
3
4
26
11
3
1
17
9
2
1
10
3
1
1
49
1
7
4
22
14
6
4
33
2
3
4
23
13
6
4
45
13
6
4
38
6
3
2
10
3
4
4
8
1
4
3
8
5
2
2
11
3
1
4
4
8
7
4
67
14
2
2
66
3
6
4
17
14
3
3
25
7
4
2
10
1
2
1
14
9
2
3
66
7
3
2
40
2
5
3
71
2
4
4
71
1
1
1
32
6
3
1
14
8
1
2
67
2
7
3
23
9
6
4
37
3
4
2
7
1
6
4
54
4
7
1
9
14
5
1
22
3
5
2
17
1
4
1
15
5
2
3
6
6
4
1
36
2
2
4
18
26
6
3
2
10
6
3
34
2
5
1
12
3
2
2
30
2
6
3
39
10
7
3
53
1
4
2
42
4
7
1
71
3
5
4
47
6
3
2
6
1
4
1
5
1
1
3
36
5
2
2
32
4
6
4
3
6
4
4
40
8
3
1
68
1
2
3
41
4
3
3
44
2
2
3
9
20
2
2
14
3
3
1
65
2
3
2
39
3
3
3
55
15
4
3
7
5
5
3
31
2
2
3
49
6
7
2
23
3
5
2
13
3
2
4
63
5
5
2
53
2
6
1
27
3
3
4
12
3
5
1
44
4
4
1
34
11
1
4
65
6
2
3
43
2
2
3
52
12
7
3
39
5
1
1
28
1
1
3
27
1
3
3
3
5
3
4
11
27
3
2
5
1
4
2
40
4
7
2
47
1
4
1
9
9
4
3
13
5
7
1
30
3
4
4
17
25
3
1
34
3
2
4
54
10
2
4
14
3
5
1
44
1
1
3
36
7
4
4
27
7
6
3
71
5
7
4
42
2
5
1
6
2
2
1
2
6
1
2
36
5
4
4
23
11
6
1
66
2
5
4
14
25
2
2
55
3
2
3
37
3
3
4
28
9
1
4
61
11
6
3
10
22
5
3
25
9
5
3
11
20
4
2
13
1
3
2
27
3
7
2
30
1
4
2
26
3
1
1
33
7
5
3
6
2
2
3
35
5
4
3
13
9
2
2
39
1
4
3
8
13
5
1
63
1
7
4
15
18
6
4
16
10
4
2
18
1
3
2
8
1
7
3
33
23
5
3
30
2
2
4
25
9
2
4
36
1
7
1
33
2
4
3
60
32
5
4
30
4
1
2
34
3
4
2
9
1
5
3
40
1
1
2
60
1
3
3
22
12
5
4
31
14
1
4
1
14
4
1
13
8
6
3
63
5
2
1
1
1
4
3
18
22
2
3
33
10
1
3
54
2
7
1
38
2
6
1
16
6
3
1
3
4
3
2
2
1
5
3
52
4
3
4
53
15
1
4
60
6
7
1
28
2
2
1
54
3
6
2
37
1
7
2
67
1
7
2
60
4
1
2
11
2
1
4
22
13
2
3
68
12
7
3
12
1
6
1
37
2
5
4
6
8
6
2
35
2
6
4
34
6
3
3
29
2
4
1
35
2
1
2
3
2
7
2
23
1
4
4
11
3
1
4
39
4
4
2
45
4
2
2
38
3
4
3
14
16
4
3
42
2
6
1
60
2
4
3
18
3
1
2
3
1
7
4
55
3
3
2
53
3
6
1
26
3
5
4
66
4
3
4
13
5
3
1
40
1
5
3
45
4
5
3
17
10
4
1
61
3
2
2
63
1
1
4
39
6
7
2
6
3
2
2
25
3
7
3
65
20
2
2
31
3
2
4
41
4
4
2
12
1
5
3
2
5
3
1
18
7
4
3
53
2
6
3
29
3
7
2
38
5
7
1
40
3
5
3
63
1
7
2
49
4
5
3
44
9
7
1
15
2
5
3
32
7
3
2
41
5
4
2
41
4
2
3
27
11
2
4
8
4
6
3
60
22
4
2
25
2
1
2
9
3
7
4
16
4
2
1
47
3
4
4
7
5
2
3
3
1
3
4
27
3
4
4
36
6
7
1
43
1
7
2
37
2
6
3
67
10
6
