1
32
2
3
3
22
5
2
2
45
2
7
3
2
11
1
4
54
6
2
1
45
1
3
1
55
2
5
1
9
2
3
4
63
3
1
2
11
1
1
3
30
11
2
2
42
3
4
3
16
4
2
1
41
2
1
2
22
2
3
1
35
1
3
4
39
5
7
2
44
1
7
3
71
1
5
3
63
7
6
1
15
5
6
1
40
2
7
2
4
1
6
1
25
1
6
1
71
3
3
3
3
1
5
4
40
6
2
1
25
2
7
3
39
3
3
3
53
1
2
3
28
3
2
3
25
1
5
4
13
2
2
3
27
2
5
2
39
3
2
4
8
6
1
1
11
10
3
1
44
2
2
2
45
3
4
1
53
1
7
1
29
2
7
2
34
1
6
3
31
7
3
4
47
9
4
2
67
2
2
4
27
3
3
1
54
2
5
3
17
6
4
1
8
15
6
2
38
5
1
3
29
4
7
3
35
7
2
4
37
7
6
3
22
9
3
1
17
16
2
1
17
1
7
1
63
1
5
1
16
2
1
4
12
8
2
1
40
3
4
4
54
5
4
1
1
1
7
1
22
1
1
1
5
2
6
4
5
20
4
2
8
1
6
3
45
1
6
2
6
2
4
2
66
1
4
3
68
4
7
4
32
14
2
2
29
2
2
1
6
2
4
3
30
4
3
3
47
8
7
1
52
3
1
1
71
1
7
2
30
3
7
1
65
1
4
3
18
2
6
3
28
4
7
1
38
2
2
1
34
2
5
1
9
4
3
3
67
35
4
4
1
3
1
1
27
1
2
1
28
2
6
2
53
1
1
3
41
1
2
3
54
2
7
3
15
1
6
3
5
2
7
4
2
9
7
3
49
6
6
1
38
3
7
3
66
5
1
4
33
11
3
4
67
19
4
4
17
1
6
3
63
4
2
1
36
1
2
2
42
4
4
4
68
23
6
1
61
1
2
3
10
18
5
2
41
1
7
1
11
11
4
1
3
8
4
2
11
2
6
4
43
2
4
2
27
1
7
2
65
2
3
3
29
6
1
2
16
2
1
1
37
1
6
4
40
2
1
4
29
1
5
4
18
10
2
3
9
3
2
4
71
2
7
4
27
4
3
2
32
2
7
4
2
11
5
2
7
2
5
1
8
17
1
4
16
12
4
4
43
4
1
3
12
3
1
2
5
3
5
4
16
6
2
3
35
4
1
3
25
4
4
3
38
3
1
2
25
1
1
2
27
2
7
3
45
4
2
1
36
2
1
2
71
1
7
3
54
1
3
2
14
3
5
3
13
6
5
4
12
7
1
3
42
4
4
3
47
5
1
3
39
2
4
4
42
1
7
4
26
12
3
4
36
12
1
3
61
2
1
3
53
3
7
4
32
12
4
4
67
22
1
2
47
2
3
3
14
23
4
2
54
2
1
3
60
25
4
1
39
2
3
2
28
3
4
4
42
5
1
2
43
3
2
3
23
19
5
4
41
3
2
3
33
17
1
2
12
3
7
4
13
6
5
4
11
15
6
3
61
8
4
2
40
2
4
1
7
9
3
2
17
3
3
2
2
2
4
4
17
7
3
1
49
1
7
2
44
3
6
4
29
9
6
3
65
16
3
1
13
7
2
3
13
3
7
2
7
3
7
4
49
6
6
4
53
14
2
3
36
10
2
2
29
3
5
2
9
1
1
1
67
2
7
2
61
2
3
3
32
6
6
1
33
6
3
4
1
6
6
3
43
8
4
4
31
13
3
1
68
3
5
2
38
1
1
4
22
6
6
3
27
9
1
4
25
1
4
1
13
3
5
2
47
3
5
1
55
1
6
2
10
3
7
2
33
2
1
2
1
2
3
3
4
22
4
2
36
3
7
2
8
2
6
1
66
2
3
2
40
3
4
4
10
10
3
3
23
5
3
4
45
3
2
1
33
4
4
3
1
1
5
1
10
8
1
2
3
2
5
3
68
9
4
1
4
1
6
2
22
1
6
3
71
4
3
1
18
4
5
3
60
14
6
1
43
2
4
1
53
2
7
4
6
2
6
4
15
24
1
4
23
7
5
4
10
13
6
2
68
2
5
2
6
1
2
4
60
7
3
3
67
3
1
4
52
17
1
2
67
1
1
1
3
7
2
2
12
1
5
4
66
2
5
2
63
1
5
2
55
2
3
4
35
5
5
1
15
2
2
4
30
2
6
1
37
2
2
4
4
5
4
2
26
3
4
4
7
5
3
2
49
2
3
1
12
11
1
1
35
2
4
4
15
7
3
4
14
6
6
1
68
2
6
3
18
23
3
4
38
2
3
3
12
6
2
4
55
10
5
2
60
3
3
4
11
12
4
2
5
1
5
2
4
3
7
4
6
8
5
2
52
2
5
4
45
1
5
4
61
10
5
1
2
2
3
4
5
25
3
4
55
1
1
2
30
2
4
4
8
19
2
3
38
7
1
2
66
3
2
4
38
7
7
2
13
1
4
1
14
16
3
2
18
4
6
1
29
3
2
3
16
1
7
3
7
5
1
2
15
1
6
3
17
10
5
1
60
1
2
1
30
7
2
4
44
5
1
3
26
1
5
4
34
14
2
4
63
5
3
4
36
11
5
3
14
18
1
1
18
12
3
2
15
3
7
2
39
4
3
1
66
3
3
1
45
2
5
2
55
1
1
3
52
10
2
3
44
5
4
2
33
3
3
3
55
13
1
2
9
3
3
1
2
1
6
2
41
5
6
4
9
14
6
2
17
2
7
1
44
1
4
2
26
4
1
4
37
4
1
2
18
2
3
2
54
1
2
2
61
1
7
4
47
4
6
2
37
1
7
4
31
1
3
1
39
4
7
3
3
10
7
2
31
1
6
2
36
2
3
1
60
2
3
4
18
14
4
4
39
3
1
4
44
16
7
3
6
4
1
1
5
1
2
4
65
8
3
1
23
3
4
1
61
3
5
4
66
1
2
1
31
13
6
2
25
3
6
3
32
3
4
1
26
2
5
4
9
16
2
1
49
2
5
1
31
18
5
2
68
4
6
1
42
2
1
3
8
8
7
2
49
4
3
3
15
6
2
1
52
2
4
3
37
8
4
3
44
8
6
3
11
4
3
1
14
17
7
1
30
1
2
1
4
6
2
2
43
4
1
3
37
9
5
3
55
7
1
4
61
4
2
3
34
10
1
1
1
3
5
2
16
1
2
4
22
10
7
4
25
4
4
3
31
5
4
1
7
6
1
1
28
1
5
4
4
6
7
2
60
4
3
2
52
3
7
3
40
4
7
3
66
2
5
2
13
2
7
4
68
8
3
1
41
1
7
1
43
1
6
2
35
2
6
1
47
2
7
3
52
12
5
2
3
1
1
3
43
5
5
3
40
6
5
4
26
7
6
4
60
4
7
2
23
3
1
3
7
1
3
3
9
17
6
3
41
4
3
1
27
2
2
3
4
6
2
2
1
3
2
2
34
2
6
3
5
5
5
3
49
3
6
4
14
23
6
3
65
7
1
4
7
4
1
1
63
2
3
1
32
4
3
1
16
5
3
2
10
1
1
2
31
4
4
4
35
3
3
1
65
2
2
2
65
3
6
4
34
7
7
2
14
2
2
1
10
3
5
4
30
6
2
3
34
8
1
4
71
4
5
4
3
8
7
2
53
2
1
4
52
3
4
2
23
2
1
2
32
1
3
3
36
14
2
1
26
3
7
3
2
4
3
1
34
1
4
2
71
2
7
4
28
9
5
3
6
1
1
2
28
2
1
3
26
7
1
1
22
2
6
4
53
7
3
3
42
3
6
3
8
18
6
4
28
7
7
2
37
4
3
1
23
2
6
2
2
1
5
4
23
1
3
1
42
1
1
4
33
10
5
1
47
3
7
3
33
11
5
4
49
3
3
1
12
8
2
3
10
13
2
4
41
2
2
3
1
10
6
4
65
12
5
1
67
1
1
3
11
18
7
2
35
3
5
1
54
1
7
2
63
3
5
4
3
11
4
1
6
1
7
