3
49
8
4
1
39
3
4
2
8
3
7
1
10
5
2
2
40
2
1
2
37
3
4
1
9
6
6
3
53
4
3
3
28
10
4
3
15
15
2
4
37
6
1
1
26
1
2
3
25
9
4
2
60
1
5
1
47
1
4
1
66
2
2
2
2
3
2
3
54
1
4
1
35
2
6
2
68
2
5
1
65
1
7
4
3
4
4
3
36
7
4
2
54
2
6
1
28
3
6
3
39
7
6
3
9
9
1
1
55
2
1
4
14
9
1
1
18
13
2
2
17
2
4
1
11
1
3
4
9
18
7
2
23
2
2
3
23
13
4
2
6
2
5
1
25
2
1
3
6
5
7
1
36
3
7
4
22
7
3
4
14
8
3
1
43
2
3
1
49
2
4
3
27
8
6
2
36
5
6
3
29
2
4
2
26
1
5
3
63
1
5
4
28
13
3
4
10
12
1
1
38
3
5
3
11
25
7
4
35
3
2
4
5
17
7
3
52
8
1
2
49
1
1
2
44
4
2
1
71
3
6
4
53
11
6
2
27
1
5
2
67
1
5
3
42
4
5
3
33
8
2
1
23
3
4
4
11
15
2
2
9
2
5
4
44
1
1
4
60
3
3
1
22
3
6
1
53
2
3
3
55
11
7
1
35
3
2
3
65
13
3
2
11
2
2
2
25
2
1
1
68
1
4
2
29
3
5
3
11
4
7
2
14
3
2
3
2
5
6
4
68
8
7
2
15
3
3
2
10
3
4
4
43
8
1
4
6
24
1
4
36
9
4
4
40
5
2
4
27
5
2
4
27
8
2
1
3
1
3
4
39
4
4
4
53
4
6
3
13
8
5
4
41
3
5
2
63
1
5
2
2
2
7
3
18
6
2
3
67
9
2
2
53
1
2
4
12
9
4
4
43
12
3
4
49
1
3
3
40
4
7
2
71
1
4
4
13
14
6
2
43
1
6
1
55
1
6
4
66
1
6
2
28
2
7
3
12
1
3
4
38
5
1
1
52
2
5
3
3
8
5
1
31
9
7
4
55
10
5
1
42
2
3
2
3
2
5
3
47
5
3
2
8
1
7
2
55
2
7
3
10
8
3
3
42
3
6
2
55
3
1
2
41
1
5
2
44
1
3
4
34
5
5
3
22
5
6
3
4
25
5
2
45
1
6
1
11
4
1
1
37
1
1
4
23
5
4
1
44
4
5
1
30
2
2
4
40
2
3
2
31
5
3
3
13
4
7
2
4
1
2
2
53
3
5
4
33
8
3
2
61
1
4
3
39
1
1
4
3
11
6
4
8
11
3
3
5
2
3
4
26
8
5
4
15
22
6
3
61
7
7
2
39
1
3
2
5
1
3
2
12
1
5
4
8
18
2
2
54
1
7
4
17
20
4
3
2
6
3
3
49
6
6
2
18
3
4
2
13
2
2
2
6
1
1
3
4
9
3
1
1
1
3
2
22
2
3
4
31
24
2
2
7
2
6
1
45
2
1
4
41
2
5
1
67
1
4
1
71
2
2
2
63
3
6
2
10
2
2
1
34
6
5
1
37
2
4
2
30
5
1
1
9
12
3
1
15
4
1
4
47
5
3
4
12
10
4
1
61
3
2
3
26
6
3
2
22
3
2
3
3
5
3
4
63
5
5
4
11
20
3
4
31
12
3
1
10
1
3
3
8
8
2
1
13
6
5
4
13
5
1
4
42
2
3
3
22
9
4
4
30
1
6
2
34
1
2
1
14
18
3
4
4
25
2
4
26
5
4
4
4
24
7
1
29
2
1
3
41
2
6
1
40
3
6
4
55
8
7
2
31
2
5
4
1
14
7
4
32
7
7
3
66
9
7
1
28
2
3
1
44
3
3
1
27
1
6
1
68
2
7
4
15
2
2
3
45
7
2
1
60
2
3
2
29
2
3
4
36
14
5
4
2
13
6
2
35
1
4
3
17
3
1
3
44
1
1
1
4
2
5
4
9
32
4
1
3
5
2
1
63
2
7
1
49
1
7
2
37
1
7
1
7
2
6
4
1
13
7
1
60
1
3
2
47
2
4
2
66
1
6
4
39
5
6
3
30
1
7
1
33
5
4
3
61
3
6
1
63
1
4
4
2
3
7
3
10
11
5
2
32
4
2
4
25
8
3
1
53
1
5
3
68
7
4
3
30
10
4
1
13
5
2
2
71
3
6
4
68
11
3
3
7
2
7
3
53
8
1
1
25
3
6
1
45
1
3
2
40
4
5
1
22
1
1
2
3
3
1
2
38
5
5
3
55
1
2
4
61
3
1
3
37
5
1
3
60
7
1
2
15
2
6
4
32
11
1
4
71
2
5
1
27
3
1
1
7
4
4
2
25
1
5
3
18
24
3
2
36
2
3
2
66
2
4
1
31
14
4
3
38
9
6
3
43
8
7
4
65
3
4
1
65
2
5
4
18
16
1
3
16
8
5
1
61
2
7
3
34
2
2
2
41
5
3
1
42
1
4
1
14
10
6
1
17
5
3
2
26
3
1
2
30
2
5
1
67
2
2
4
28
6
7
1
17
9
7
4
23
14
5
3
16
5
1
2
16
3
3
2
11
3
3
3
31
11
7
2
32
2
3
2
47
4
3
1
52
1
3
4
61
1
7
4
18
20
4
3
38
1
6
1
16
3
1
1
43
3
6
4
30
7
1
1
18
3
3
3
44
7
1
4
45
12
5
4
29
13
2
1
12
12
4
3
33
7
3
2
18
4
6
1
29
1
4
3
23
15
5
3
35
5
6
3
9
10
3
1
41
1
3
4
52
13
7
3
54
2
3
4
44
2
5
2
43
5
2
4
16
8
5
3
26
2
3
2
35
2
4
1
6
1
2
4
6
21
5
4
29
14
2
2
17
1
4
3
32
7
2
3
67
13
4
1
32
4
1
1
26
3
3
2
5
3
5
4
47
12
1
1
38
2
6
1
34
2
6
4
63
11
4
1
8
14
5
2
23
3
2
1
32
7
4
2
38
1
7
3
71
4
5
4
7
6
4
4
17
3
7
1
23
1
1
3
32
11
4
3
65
16
2
3
37
12
2
2
14
1
3
3
52
4
5
4
22
8
1
1
6
2
4
4
38
6
2
3
47
1
7
2
65
3
3
4
45
2
7
1
33
3
5
1
5
1
5
4
49
8
4
2
34
2
6
2
52
5
6
2
33
2
7
3
25
8
7
3
36
13
1
3
14
12
7
2
16
2
3
3
66
1
3
3
31
21
7
1
1
2
7
4
52
14
2
3
41
3
2
2
45
2
7
1
15
5
6
1
8
6
6
1
30
18
3
1
54
3
7
2
1
1
4
2
60
2
3
2
9
1
3
1
39
2
6
4
35
2
1
4
34
14
5
2
52
6
5
2
49
3
1
2
67
2
1
1
36
2
1
2
1
3
4
1
2
2
5
3
1
2
4
3
17
8
1
1
16
5
4
2
42
3
5
1
66
1
6
3
6
3
4
3
15
16
3
4
33
5
4
3
5
5
3
2
4
2
1
4
7
2
4
3
14
17
1
3
35
6
6
3
43
5
4
2
12
2
3
4
65
1
2
2
27
3
1
4
42
4
2
2
28
3
4
1
4
5
3
2
7
3
5
3
27
13
7
4
10
24
5
1
5
2
7
4
54
7
3
4
25
3
5
1
41
2
6
3
8
7
2
3
71
5
5
2
65
4
5
4
37
14
6
4
60
9
6
3
63
9
6
3
7
4
2
2
68
4
3
4
16
1
2
2
61
3
5
2
42
2
2
3
1
7
2
4
67
2
1
2
13
3
7
3
12
5
3
3
68
15
2
3
29
18
1
2
39
4
7
2
33
3
4
4
54
5
5
3
45
4
6
3
28
3
4
4
67
26
7
3
40
1
6
1
12
7
3
3
60
29
6
4
5
26
4
4
71
6
4
1
2
4
5
1
40
2
3
3
34
1
3
1
54
2
2
4
66
2
5
1
47
2
5
