4
54
7
4
1
45
1
2
3
66
4
5
3
14
1
7
1
60
1
2
2
60
3
6
2
13
3
1
2
4
2
2
3
53
7
5
4
28
12
5
3
9
11
7
4
47
16
2
4
68
9
1
1
22
3
7
2
10
3
4
4
13
4
7
2
41
4
2
4
63
9
3
1
42
2
7
1
31
18
7
1
18
14
5
2
28
1
5
4
35
5
4
2
44
4
3
3
5
1
2
3
15
9
5
4
63
10
5
4
10
24
5
3
52
6
3
4
42
5
6
1
2
7
4
1
53
2
6
4
36
14
3
4
31
17
7
3
10
1
1
4
40
2
3
2
9
2
7
3
34
4
2
2
16
2
2
2
35
2
3
2
45
2
1
3
49
3
2
2
47
1
7
4
11
16
5
1
4
3
1
3
27
1
3
3
49
2
6
3
68
8
2
3
47
3
3
4
17
19
4
3
43
4
3
4
1
4
6
1
12
11
7
2
11
2
1
4
1
8
5
2
28
3
4
2
30
3
4
2
34
2
5
3
54
1
7
4
23
16
2
1
12
13
2
2
6
1
1
3
1
7
3
3
34
1
7
1
25
1
5
2
4
1
2
2
29
1
6
4
65
15
7
4
26
5
3
3
40
6
5
3
13
2
7
1
47
2
5
3
44
10
4
4
66
2
6
4
53
11
6
1
47
3
2
4
22
19
1
1
23
2
2
1
43
1
3
3
41
3
1
3
44
5
6
2
35
1
3
1
45
2
3
2
63
2
2
2
52
2
6
3
9
7
6
3
27
3
3
4
6
15
3
1
14
18
2
2
37
2
2
2
25
3
5
2
71
3
1
4
4
13
3
2
27
1
1
2
45
3
2
2
13
1
2
3
12
1
5
4
43
4
5
4
71
3
3
4
35
4
4
4
68
4
4
3
45
6
3
3
25
5
4
2
43
5
7
4
14
29
5
1
17
16
6
4
25
2
1
1
8
17
1
1
31
6
2
4
38
1
1
3
63
2
4
3
41
4
7
2
14
1
7
4
34
10
3
4
12
7
1
4
65
7
6
3
60
30
6
2
3
1
6
1
2
5
5
2
71
2
4
1
68
2
7
3
42
3
7
4
7
6
2
2
39
4
4
1
43
2
5
4
3
12
3
2
60
4
7
2
1
3
2
1
63
1
2
3
29
8
2
3
53
5
3
4
44
7
2
4
39
10
6
3
55
4
4
2
8
3
4
1
71
3
6
4
23
19
1
3
43
1
1
4
32
4
3
1
66
2
1
1
18
9
6
3
60
10
2
3
38
8
4
1
38
2
4
2
66
3
7
2
43
3
2
2
31
1
5
1
61
1
7
3
35
7
2
1
67
3
1
3
31
18
5
1
1
2
1
3
38
9
4
4
15
24
4
3
47
5
3
1
44
4
6
1
30
17
7
3
1
6
2
3
8
4
3
4
67
36
4
2
6
3
7
1
6
1
6
2
5
3
1
3
11
11
1
4
52
2
5
3
3
5
1
1
26
3
6
1
29
2
2
1
34
10
7
1
15
5
2
1
14
10
5
4
4
7
7
3
36
11
3
3
39
7
5
1
6
2
5
4
34
5
3
4
29
8
2
3
39
10
1
1
1
1
7
2
23
2
4
3
33
17
4
2
33
2
2
1
68
1
4
4
45
9
3
1
55
2
5
2
29
3
7
4
67
22
4
3
35
5
4
2
67
1
3
4
37
4
6
4
61
11
2
2
66
2
4
3
5
4
3
2
7
2
2
1
49
2
3
4
5
9
4
4
18
23
7
4
9
18
4
2
12
3
2
3
68
15
3
1
28
2
3
2
14
2
1
4
41
4
2
1
27
1
3
4
71
4
5
3
12
3
6
3
52
14
2
2
40
2
6
2
36
5
6
1
15
1
6
3
26
6
6
1
54
3
5
2
15
2
3
2
67
2
2
2
33
1
2
1
66
3
2
3
3
4
4
1
3
3
3
1
41
2
5
4
28
8
3
4
45
5
1
3
29
13
7
3
2
8
2
2
63
3
7
1
29
1
5
3
32
3
1
1
32
5
6
2
61
1
4
2
39
3
7
3
6
1
6
1
37
2
2
3
33
9
5
4
5
20
7
2
38
4
3
2
65
1
4
3
26
7
3
1
30
14
5
3
13
3
1
4
37
5
2
4
7
3
3
4
33
10
6
1
40
2
4
2
31
2
4
1
36
2
6
2
25
1
4
1
42
1
6
1
35
4
5
2
9
3
5
2
42
4
6
4
60
7
6
4
39
9
7
4
15
27
1
1
41
3
7
1
4
6
1
2
37
4
7
4
33
8
3
2
36
3
1
2
55
2
5
3
71
3
4
2
26
4
3
1
5
1
7
1
52
1
1
2
12
2
4
2
10
1
2
4
26
9
3
2
23
3
3
3
61
3
5
4
52
5
6
4
66
4
5
4
9
25
6
2
7
3
2
3
30
21
1
2
34
3
2
4
29
14
1
4
44
8
4
3
37
7
4
3
4
19
6
1
8
1
1
3
17
8
5
2
68
1
2
1
26
1
6
3
8
20
3
3
14
3
4
1
22
1
6
3
22
11
3
1
61
3
3
4
31
14
3
1
33
2
6
1
5
2
2
1
16
3
4
3
36
13
5
4
14
19
5
2
52
4
6
2
18
2
7
1
38
3
6
3
23
18
7
3
16
4
4
1
55
1
4
3
37
11
6
2
49
1
6
2
2
3
6
3
61
1
3
1
40
3
3
3
18
4
1
4
3
11
7
2
2
2
3
4
13
9
3
4
49
6
3
2
1
2
4
2
5
2
4
4
12
2
7
3
17
16
1
1
7
3
5
3
45
7
2
4
2
1
3
1
32
2
6
4
38
7
1
2
49
2
2
1
71
2
2
1
63
2
3
1
44
2
4
4
10
20
5
3
66
5
4
3
16
8
2
3
30
27
1
1
13
7
1
2
42
1
3
1
16
1
7
1
11
12
6
1
23
3
4
2
32
4
5
2
11
3
1
2
3
2
4
4
2
7
7
2
8
1
1
2
22
3
2
4
27
6
7
1
67
2
6
3
54
2
4
1
10
7
6
1
35
2
1
3
11
12
1
4
41
2
5
1
33
4
1
1
39
2
7
3
28
12
3
3
63
4
1
1
37
1
7
2
27
3
3
1
34
7
5
2
53
1
2
2
38
3
3
4
42
3
6
4
53
10
4
1
65
2
7
3
71
4
2
1
25
3
6
1
53
1
2
3
4
2
6
4
18
21
4
2
54
1
1
3
67
37
2
2
65
4
1
3
25
3
7
3
67
34
1
2
15
3
3
2
44
2
1
2
53
3
3
4
17
17
4
3
23
16
7
4
49
4
1
3
18
8
2
4
61
5
4
4
8
6
5
4
16
7
6
1
9
2
6
1
13
8
3
4
32
7
5
1
10
1
2
2
32
1
1
1
9
4
4
1
49
1
2
3
31
2
6
3
7
1
7
2
16
3
7
3
40
2
1
2
18
4
3
2
41
1
6
4
43
7
4
1
36
3
7
3
55
5
3
2
17
1
3
4
30
3
2
1
17
12
3
4
16
3
1
3
6
6
6
2
26
2
1
3
28
5
3
4
6
25
4
1
39
3
1
1
60
2
4
4
36
6
5
3
15
7
1
4
60
8
6
1
54
1
5
3
65
10
2
4
47
7
7
2
40
1
4
2
68
2
4
4
8
2
2
2
54
2
7
4
40
8
4
4
22
17
1
3
2
9
7
4
25
8
5
3
42
2
6
1
11
10
2
3
22
7
2
4
11
7
4
1
3
10
6
4
55
1
1
4
30
6
5
2
61
2
4
2
55
3
6
2
30
4
5
2
47
3
6
2
22
1
2
1
28
3
6
3
10
25
3
4
55
5
2
3
32
1
6
2
17
2
5
3
7
2
3
3
65
15
2
1
52
3
7
1
27
2
7
1
7
11
2
4
27
8
3
1
65
1
1
4
54
9
7
