2
41
1
5
2
7
3
5
2
54
2
1
4
7
6
4
3
37
6
1
4
11
29
6
3
49
6
4
1
42
1
1
3
44
4
6
1
54
2
4
4
55
6
2
2
37
2
3
3
5
4
5
4
63
6
3
4
37
11
3
4
6
23
4
2
28
3
6
4
3
1
6
2
33
3
5
3
23
15
7
4
34
14
1
3
52
13
6
3
47
5
5
1
67
1
7
1
17
14
4
3
63
7
2
3
11
3
1
4
4
26
4
2
27
2
2
3
49
5
2
2
15
1
5
1
45
2
7
1
41
3
2
1
63
2
7
2
55
3
2
2
63
1
1
4
43
7
6
1
18
1
4
3
8
13
3
2
67
2
6
4
60
1
6
4
16
6
5
1
37
1
4
2
36
4
3
2
12
3
3
3
6
5
3
2
54
1
4
2
49
4
1
1
49
1
5
2
15
2
7
1
65
1
6
4
18
18
1
4
47
17
5
4
7
7
5
2
2
3
2
2
11
3
2
1
29
2
5
4
17
20
1
2
14
3
7
1
25
2
5
2
66
3
1
4
52
5
3
4
31
11
5
4
32
4
5
4
66
1
1
2
3
1
7
2
30
2
2
1
43
1
2
2
12
2
2
1
26
1
4
3
9
2
5
4
10
6
6
2
23
2
1
2
25
1
4
4
53
13
2
2
4
2
5
1
6
1
5
1
40
3
1
2
53
1
5
4
44
1
2
2
5
1
6
1
4
3
1
2
16
3
3
3
55
10
6
2
9
2
5
3
67
11
3
2
17
1
7
3
22
3
6
2
66
1
6
4
2
4
4
4
44
4
3
4
41
4
3
2
68
2
1
4
9
22
5
2
25
3
5
2
26
1
5
3
17
4
5
4
54
7
7
4
63
4
7
4
14
4
7
2
55
1
4
3
29
1
5
3
40
5
6
1
60
2
4
1
38
3
3
3
3
10
1
2
32
1
4
3
54
2
2
1
33
2
2
4
71
1
5
3
68
6
1
4
18
27
7
3
45
6
6
4
28
2
7
3
71
5
1
1
22
1
7
4
39
7
4
1
47
3
7
4
25
4
3
3
66
7
2
4
38
6
1
4
71
6
1
4
31
17
3
2
29
2
2
3
35
8
4
4
8
15
4
2
44
3
2
4
41
1
4
1
68
3
7
3
61
4
5
3
36
5
5
2
42
3
6
4
29
9
5
1
32
1
7
3
32
6
5
2
63
2
2
1
36
1
1
3
6
6
4
2
8
3
3
2
10
3
1
2
26
4
2
1
15
3
7
4
15
20
5
1
61
3
2
3
5
1
2
1
47
1
4
3
7
5
5
4
36
13
5
1
5
1
7
1
35
3
7
2
65
3
5
3
26
5
3
1
14
6
1
4
28
8
5
1
18
3
4
1
44
4
7
3
43
5
4
4
15
26
2
2
2
1
1
4
27
10
7
2
61
3
5
4
52
19
5
2
16
2
6
3
53
3
4
1
71
2
4
1
53
2
7
3
43
8
5
3
44
7
5
3
67
23
5
4
25
2
4
4
12
3
1
1
35
4
3
2
49
3
3
4
49
1
6
1
32
6
7
3
8
10
3
3
13
9
6
1
9
11
3
4
60
9
3
4
23
17
6
2
9
3
5
2
13
3
5
2
65
4
1
1
38
2
6
2
37
4
2
4
26
12
5
1
16
5
4
4
5
3
7
4
54
9
7
4
36
1
2
3
16
3
7
1
68
2
7
1
31
13
4
3
38
2
4
2
17
3
3
3
22
10
2
2
61
2
3
2
3
3
5
2
29
3
3
4
66
4
6
4
29
14
3
4
22
12
5
3
37
7
1
3
63
3
2
2
7
1
6
3
66
2
4
2
39
2
3
4
3
14
1
4
26
11
7
3
15
11
2
2
1
2
1
4
45
13
6
1
63
1
1
1
37
2
7
4
67
18
2
1
28
1
7
1
30
5
5
2
47
4
5
2
68
1
2
1
17
11
6
1
71
3
2
2
40
1
1
1
11
11
4
3
34
3
7
1
10
8
6
1
8
12
3
2
6
3
2
1
2
4
1
1
67
2
7
3
4
15
1
1
6
2
2
4
30
2
4
4
68
5
3
3
12
7
4
2
14
2
6
2
27
1
6
1
7
9
7
1
4
6
1
3
32
4
5
3
12
1
2
1
7
1
3
2
23
3
3
3
54
1
3
3
1
8
6
2
28
1
6
3
23
14
6
4
1
8
7
3
65
1
5
2
22
3
3
3
33
8
4
3
10
19
6
1
61
2
6
4
12
1
6
1
39
4
5
3
14
6
1
2
41
2
3
1
16
3
1
4
9
30
2
3
15
9
2
4
40
4
5
1
36
3
7
1
52
3
3
2
52
7
6
2
31
1
6
4
35
3
7
1
25
1
5
2
38
2
1
3
27
5
5
3
52
12
5
1
28
2
5
1
27
2
1
1
23
1
1
1
29
1
6
1
12
8
3
3
30
5
6
4
40
7
4
3
25
3
6
3
13
3
4
1
23
3
3
4
49
7
6
4
42
4
6
4
55
1
4
2
60
4
3
4
67
16
3
2
34
1
7
1
34
4
7
3
28
1
2
1
65
2
7
2
10
1
6
3
40
3
7
3
60
26
7
2
52
5
1
3
31
19
6
3
3
2
4
4
22
4
2
2
8
1
4
1
10
5
4
3
39
2
2
1
11
3
3
1
27
3
7
4
43
1
1
4
5
13
3
2
60
3
5
4
37
10
6
2
45
4
1
3
7
1
4
3
16
8
3
2
34
3
6
3
65
6
1
4
30
6
2
2
45
3
5
1
33
7
6
2
6
2
6
2
39
4
6
4
39
8
3
2
33
2
3
1
13
6
1
2
71
1
3
3
18
4
1
1
30
12
6
4
4
12
7
2
44
2
5
4
13
16
5
2
35
3
1
1
9
14
6
3
27
1
4
1
34
1
6
4
11
21
4
4
17
17
6
3
36
15
5
1
52
2
7
4
68
10
3
1
12
13
6
3
35
3
3
1
3
1
2
4
65
13
6
2
71
3
5
4
35
4
4
4
1
10
6
3
17
11
1
1
3
11
3
3
42
1
2
1
40
2
2
2
43
1
6
3
14
3
3
4
2
13
2
2
18
1
7
4
16
8
6
2
47
3
6
3
38
3
7
4
47
16
4
2
38
5
5
3
2
7
6
4
45
5
5
2
32
4
1
3
9
23
5
3
41
4
6
2
67
1
4
2
1
1
2
3
1
1
3
2
53
3
4
1
39
3
7
1
45
1
7
4
10
8
5
4
61
3
6
3
4
14
6
4
42
5
2
3
53
2
5
3
60
21
1
1
8
13
1
3
28
2
4
1
53
1
3
2
11
1
3
4
38
5
6
1
26
2
5
1
14
18
5
4
33
10
1
2
18
2
4
1
44
3
7
3
10
23
4
3
55
13
3
2
5
3
3
4
65
11
2
1
66
3
7
3
26
4
6
2
22
1
4
4
32
5
3
4
6
11
5
3
25
5
4
3
41
1
2
3
30
11
2
1
5
2
7
3
29
5
5
1
42
2
2
2
30
4
3
4
8
7
4
1
60
1
3
2
31
2
2
1
66
2
1
3
33
20
2
1
1
1
5
2
36
5
3
3
47
1
1
1
13
7
4
3
42
2
4
3
39
4
5
3
31
24
1
4
14
6
4
1
54
3
4
1
22
3
2
2
13
1
3
4
53
6
4
4
34
11
4
4
23
6
1
3
45
4
1
1
31
11
3
1
49
2
3
3
18
8
4
4
33
11
3
3
2
1
3
2
40
2
4
1
55
1
5
1
1
2
4
3
34
1
3
1
15
2
4
3
61
9
2
4
13
5
4
1
41
1
2
2
4
1
7
1
55
2
6
1
2
7
3
1
43
3
1
4
61
7
6
2
35
2
2
2
42
2
7
3
68
7
5
3
71
2
6
3
11
18
6
4
27
5
6
2
43
3
5
