4
63
4
5
2
45
1
1
2
29
2
3
3
53
3
3
4
14
29
2
3
32
11
5
1
67
3
4
1
11
3
5
2
38
3
1
2
7
3
7
3
13
4
6
2
17
3
2
1
25
1
3
2
47
2
7
3
13
8
5
4
26
7
3
3
34
1
3
3
31
10
7
3
33
13
1
2
34
1
7
2
68
4
7
1
44
3
5
4
14
5
3
1
15
2
1
1
10
6
4
1
18
11
6
4
45
6
7
4
47
17
5
2
42
3
3
1
31
3
2
1
29
3
3
1
39
1
5
1
40
3
6
4
29
10
1
3
27
11
7
4
25
4
1
4
49
6
4
3
25
8
2
4
38
2
6
3
29
19
4
4
26
3
4
2
14
2
6
2
43
5
1
4
25
7
5
4
17
15
3
1
3
3
1
4
67
3
4
1
2
4
5
3
2
2
6
2
29
3
3
2
37
2
2
1
45
1
7
4
60
9
1
1
63
1
2
2
25
3
5
3
65
12
5
4
47
4
2
3
18
20
4
2
41
4
5
1
22
3
4
2
35
3
6
3
26
7
1
2
25
1
1
2
41
3
3
4
5
17
3
1
40
2
6
1
68
3
7
1
52
3
1
2
63
2
2
1
49
2
2
1
10
3
7
1
14
21
2
3
35
1
4
3
42
2
4
2
8
3
6
4
34
10
2
3
22
6
3
1
11
10
4
3
17
13
7
1
3
10
1
1
38
3
4
2
53
1
3
4
55
10
6
4
37
7
6
2
39
2
1
3
33
18
3
3
45
6
7
3
65
7
5
3
55
10
3
1
30
8
3
2
10
3
4
4
71
2
5
4
15
15
4
4
52
17
2
2
43
1
3
1
12
13
2
1
32
3
1
3
28
11
4
4
18
23
7
3
29
11
5
2
1
1
1
4
38
4
5
3
41
4
4
1
61
1
7
1
15
1
4
1
1
1
1
3
38
5
4
3
17
7
3
3
53
5
5
1
2
2
1
1
41
1
2
1
35
4
5
4
54
7
4
2
5
3
5
2
61
3
1
4
32
11
4
1
53
2
7
4
10
7
3
1
29
1
1
1
25
2
7
1
39
4
3
3
8
4
7
1
54
1
1
4
36
14
7
4
4
11
2
3
49
4
4
1
5
2
4
2
55
1
2
2
67
1
6
2
31
4
1
3
25
7
7
3
34
2
5
1
1
2
4
4
43
9
5
1
43
2
3
4
22
9
1
4
13
4
4
4
6
24
6
3
26
10
5
2
63
1
4
3
7
3
6
1
7
6
2
2
23
3
5
1
55
1
5
1
8
14
1
1
47
3
5
2
11
1
5
4
54
10
4
1
60
1
7
1
43
1
2
4
66
5
3
2
34
3
4
1
60
2
6
2
7
1
4
2
49
3
4
2
60
3
5
4
7
8
3
4
28
2
2
2
13
1
6
2
33
1
5
4
40
8
7
1
30
2
5
2
4
3
2
1
35
3
3
3
12
4
2
2
66
3
6
1
36
1
5
2
71
2
2
2
22
3
3
4
12
8
1
2
54
1
3
4
68
16
1
4
30
4
4
3
52
4
3
2
27
1
5
2
54
2
1
2
12
2
3
2
31
5
7
4
3
17
7
4
52
5
1
1
8
16
5
1
44
2
4
1
6
1
3
2
42
1
7
3
15
17
2
4
53
11
4
2
13
2
2
1
67
1
4
3
35
6
5
2
28
2
5
2
14
3
2
4
9
18
5
2
26
3
2
4
9
31
5
2
67
2
6
2
23
1
1
2
16
1
6
2
71
3
3
1
16
7
7
3
27
14
7
1
38
2
2
3
47
3
7
1
31
15
2
3
7
2
6
2
38
2
1
3
40
3
5
4
45
12
7
1
53
1
3
2
33
3
2
4
27
10
1
2
11
2
4
4
16
1
6
1
68
1
4
4
34
7
6
1
22
1
5
3
11
9
4
2
37
4
3
1
4
4
2
2
6
2
6
2
9
1
1
2
16
2
2
1
17
14
3
1
18
3
2
1
26
2
3
4
68
22
2
2
15
2
5
3
67
22
6
4
39
6
5
3
9
14
2
4
12
4
4
4
36
11
3
3
68
7
6
1
63
2
3
2
6
1
3
2
45
4
7
1
34
9
2
3
4
2
6
2
3
2
1
2
10
2
7
1
4
1
2
2
44
1
3
3
3
5
1
4
65
13
4
4
1
7
1
2
55
2
4
1
55
2
6
3
1
3
6
2
2
2
5
3
5
4
3
4
6
5
6
3
61
2
5
3
5
1
7
2
3
3
6
3
11
3
3
3
23
8
4
4
49
8
5
2
1
2
6
3
2
11
4
1
61
3
4
3
71
1
5
3
8
15
5
4
11
12
6
1
42
2
7
1
65
1
5
3
44
9
2
2
22
2
6
1
27
1
3
3
36
5
1
1
54
3
5
3
30
6
2
3
66
7
4
1
42
1
4
3
52
2
4
2
52
1
3
3
63
12
7
3
43
3
3
4
7
1
2
4
41
4
1
1
23
3
1
2
32
1
2
4
8
16
5
2
53
3
1
4
4
19
3
4
18
1
4
2
26
4
3
4
17
19
7
1
33
7
7
2
8
2
1
4
35
5
4
3
32
10
7
3
37
4
3
3
6
6
3
4
40
5
1
3
28
2
4
2
39
1
1
3
44
7
7
4
55
9
5
2
4
1
7
3
49
7
1
1
33
6
6
1
6
2
7
2
27
2
2
4
10
8
4
1
47
2
6
1
66
2
6
3
15
5
7
1
37
1
4
2
68
3
3
1
26
1
5
2
17
1
6
2
40
4
5
2
12
3
1
4
13
9
4
1
45
2
4
1
36
3
5
3
66
5
2
3
14
20
3
2
49
4
5
4
27
7
6
4
23
6
3
3
55
14
7
1
7
2
2
3
23
13
6
1
65
2
4
3
31
26
5
2
5
2
6
3
4
28
4
2
44
2
2
1
66
1
5
3
39
9
5
3
61
8
3
2
15
1
3
1
49
1
3
1
17
1
6
4
23
5
4
2
47
1
1
4
2
7
7
1
16
3
2
3
12
6
3
2
18
1
6
4
42
1
1
4
16
6
2
3
67
12
7
4
63
5
3
2
30
1
3
4
15
3
3
3
41
3
1
1
12
2
3
1
9
5
4
2
9
3
7
2
65
4
6
1
14
5
4
4
33
7
4
1
41
3
5
2
60
4
5
2
61
2
2
4
28
5
3
3
10
25
5
2
52
7
1
3
22
1
4
2
2
3
2
4
37
14
5
4
1
2
1
2
28
1
2
2
40
3
5
4
44
12
1
3
68
6
4
3
3
2
7
3
6
3
3
1
23
1
6
3
40
6
3
3
37
1
1
4
60
4
7
4
5
7
1
1
71
2
1
1
13
4
1
4
2
5
5
4
30
1
5
3
16
4
4
3
60
10
4
3
43
8
2
4
32
12
1
4
65
7
6
4
43
3
4
3
39
7
3
3
14
13
6
4
66
1
4
3
38
2
6
4
39
5
7
2
32
4
5
3
36
3
4
4
44
8
7
2
30
3
1
1
27
3
3
4
3
4
7
4
33
6
6
4
35
3
5
1
9
3
4
4
29
1
6
4
31
22
3
1
28
3
7
1
5
1
6
4
8
6
6
3
71
5
5
2
36
1
6
4
11
5
6
1
28
1
6
4
71
5
1
1
32
1
4
4
22
2
2
3
45
1
2
3
60
16
3
2
66
1
2
2
35
2
7
3
42
4
4
1
71
1
4
2
36
3
6
3
54
1
7
2
65
1
1
3
16
7
7
4
53
6
3
1
37
2
1
3
1
9
6
3
63
2
5
2
18
2
3
4
61
3
5
1
52
1
4
3
10
23
7
3
30
20
6
3
47
5
1
4
31
6
4
4
41
1
3
4
67
15
2
3
54
2
3
1
13
5
7
4
61
4
6
3
18
12
3
3
9
32
7
4
42
2
1
1
34
7
5
