4
53
10
2
4
3
13
5
4
8
8
6
2
31
3
2
3
38
8
5
1
12
11
3
2
53
3
3
4
53
2
3
2
26
2
2
3
61
3
5
3
37
11
5
3
66
5
1
1
7
6
5
4
43
4
5
4
26
2
5
1
71
1
3
4
26
9
2
3
18
13
2
1
63
2
5
4
31
16
2
1
6
1
4
3
18
24
6
1
4
7
7
3
30
16
5
4
2
12
6
2
15
1
4
3
10
26
5
1
40
1
6
4
60
4
7
3
4
13
2
2
25
1
5
4
35
3
7
3
43
7
4
4
25
1
1
3
13
4
2
1
49
1
5
3
41
2
7
3
17
4
1
3
63
5
3
4
15
25
2
1
22
1
3
3
35
3
7
3
16
1
6
3
55
7
1
4
13
3
7
2
44
2
6
3
36
1
4
1
66
2
3
2
7
2
4
1
27
3
5
1
11
11
2
2
60
1
2
4
37
7
6
4
40
1
4
3
1
3
1
4
27
8
6
1
18
6
7
3
39
7
7
3
6
3
2
4
10
3
6
3
67
18
7
4
2
1
5
1
32
2
4
2
38
1
6
2
11
3
7
3
35
5
5
1
68
2
3
4
33
6
5
1
25
2
7
4
14
16
3
1
61
1
4
3
37
2
2
3
60
32
7
1
41
2
3
1
68
1
4
2
61
3
4
2
42
2
6
2
30
1
6
3
53
8
7
1
17
5
1
4
12
5
4
3
45
3
6
4
32
10
4
4
7
9
1
4
41
1
6
2
45
1
7
1
10
3
2
4
63
2
3
1
55
1
3
1
65
2
7
1
14
5
3
3
33
14
6
1
53
1
4
2
18
3
4
2
68
4
1
1
54
2
2
1
39
3
5
1
52
2
4
1
4
3
5
2
53
2
3
3
28
10
5
4
41
4
3
2
16
1
1
1
34
6
7
1
2
4
4
3
45
6
7
2
43
4
4
2
2
3
2
1
43
3
3
2
68
2
1
4
29
8
2
1
38
3
2
3
4
21
7
1
31
16
4
3
36
15
2
3
66
1
2
2
4
2
1
3
23
2
3
3
8
9
1
4
17
2
6
2
28
1
1
2
42
4
3
3
68
7
2
2
34
2
2
3
65
10
4
1
13
4
2
2
54
1
6
1
26
2
7
3
68
9
4
4
47
7
1
3
34
1
7
4
30
1
7
3
53
5
7
3
7
2
1
3
2
6
6
2
43
3
2
4
37
5
6
4
7
4
2
4
42
3
7
1
31
1
2
2
52
1
7
4
45
13
4
4
15
16
3
2
3
2
6
1
6
2
1
3
43
1
2
1
66
3
4
4
4
12
6
2
15
2
1
1
60
1
7
2
39
1
1
4
27
12
7
1
11
9
7
4
61
10
7
4
52
19
4
4
1
11
7
4
34
12
5
1
44
1
7
1
16
4
6
2
71
2
5
1
61
2
4
2
12
1
6
1
5
2
1
2
8
3
6
2
8
1
1
4
18
13
5
2
54
2
2
1
36
3
1
2
9
3
5
3
14
20
1
4
38
9
1
1
30
21
3
3
12
4
7
1
36
2
7
1
42
1
5
4
71
5
2
3
25
1
2
1
47
3
3
4
38
7
5
2
37
3
7
4
68
24
6
2
63
2
1
3
31
18
1
2
2
2
3
1
60
2
6
4
23
5
2
4
35
1
6
1
67
1
6
1
44
4
1
2
10
2
3
4
52
16
3
3
54
1
6
1
14
4
1
4
11
9
3
4
65
14
7
2
6
2
3
1
23
1
4
3
9
20
2
3
42
2
5
2
36
1
4
3
8
11
1
1
28
2
1
4
17
23
6
1
34
8
2
4
54
3
7
3
54
2
4
3
34
4
7
3
13
5
1
2
65
4
4
2
47
2
6
1
27
1
2
1
55
2
7
3
2
2
4
2
12
3
6
2
49
1
6
3
39
5
5
2
55
3
2
4
61
12
3
2
30
3
1
3
15
4
4
4
9
4
5
4
8
16
2
1
10
4
7
2
5
2
3
1
45
1
1
4
30
6
6
4
60
5
7
3
32
5
3
3
11
6
7
4
34
5
1
3
3
5
1
3
47
1
7
4
45
6
2
3
44
5
4
2
41
2
7
3
65
19
1
2
9
1
3
3
67
9
4
3
30
20
3
1
52
3
3
2
27
3
5
1
37
2
1
2
38
2
5
1
1
1
7
4
36
14
7
4
49
6
7
4
6
13
1
2
67
2
3
2
49
4
1
2
1
3
2
2
11
2
1
3
6
1
1
1
37
1
1
4
31
17
1
3
25
6
2
2
31
4
1
1
9
13
3
3
3
6
1
3
9
18
1
4
47
14
7
4
44
1
2
4
6
24
2
3
27
5
1
1
17
7
1
1
67
3
3
2
18
2
1
1
12
4
5
2
65
1
5
3
26
8
2
2
52
2
3
4
66
3
6
1
29
1
7
2
39
4
3
2
3
3
5
2
1
1
4
4
4
2
5
2
17
1
2
4
22
7
4
1
15
4
1
4
55
9
3
4
33
11
6
4
18
4
6
2
29
2
1
3
16
6
1
3
23
18
1
4
10
28
5
2
61
2
1
3
52
14
5
3
55
8
6
4
66
4
4
2
66
3
1
1
45
2
5
3
60
18
2
3
5
5
3
4
29
4
7
4
5
23
3
1
29
3
4
3
38
6
1
3
44
7
7
1
23
2
2
1
47
2
5
2
66
1
6
3
33
19
3
2
34
1
7
3
47
7
3
1
5
1
3
2
6
1
2
2
44
4
6
2
16
2
5
2
5
1
5
2
40
4
6
4
63
3
6
4
16
4
5
2
13
3
3
3
17
3
5
4
67
33
5
2
7
3
3
1
26
1
1
3
14
5
5
4
67
21
4
3
22
2
4
1
8
3
4
1
41
1
4
1
33
1
1
4
44
10
5
1
25
1
7
3
32
11
6
1
16
7
7
1
28
3
4
2
63
1
6
2
22
1
5
3
40
1
5
2
23
1
4
2
33
1
6
3
10
21
3
3
1
9
5
1
65
1
6
1
53
2
5
4
11
11
4
1
54
3
3
3
41
4
7
3
52
11
5
1
15
2
2
1
35
3
3
4
1
5
3
3
49
7
1
2
28
3
7
2
26
4
1
4
22
12
4
3
29
19
5
3
22
1
4
3
5
2
1
3
28
4
4
4
32
13
7
4
39
8
7
1
42
2
1
2
32
4
2
4
12
2
4
2
41
3
3
1
33
4
6
4
5
10
2
2
71
3
6
2
23
2
6
4
28
3
3
3
26
4
4
4
71
1
2
4
14
1
5
3
42
3
3
1
71
3
7
4
43
7
5
3
31
7
4
3
49
1
4
4
9
7
5
4
65
6
5
4
55
12
5
1
22
3
6
4
3
6
1
1
32
5
1
1
2
5
4
4
39
7
6
4
25
5
5
2
13
2
6
2
14
1
5
1
30
14
6
2
17
3
4
1
3
2
7
1
7
7
1
3
40
4
6
2
29
3
2
2
25
2
6
2
67
1
3
2
37
2
5
2
14
3
5
2
35
2
6
2
55
1
7
2
22
2
3
4
28
1
3
3
71
5
6
1
38
1
2
2
47
3
1
1
40
3
6
1
49
2
2
4
54
8
5
1
1
2
6
2
4
3
1
4
42
2
5
2
60
4
1
2
35
1
1
3
61
8
3
3
71
2
1
2
45
2
5
4
16
9
4
3
63
11
6
1
8
14
1
1
9
2
1
4
49
3
3
4
13
7
1
3
27
2
2
3
7
3
3
3
11
16
2
1
43
2
3
1
3
7
1
2
33
3
6
2
36
5
3
2
40
1
5
4
36
10
3
4
40
6
1
4
23
13
4
1
35
4
7
1
13
5
5
1
63
1
3
3
15
17
5
2
27
1
1
2
10
3
2
3
12
7
5
2
32
1
1
4
68
5
6
3
29
15
2
1
39
1
2
1
18
2
5
