3
3
5
3
3
67
32
7
4
30
1
4
2
31
2
6
1
66
3
7
4
8
9
4
3
10
5
1
1
52
1
1
4
15
1
6
4
1
5
1
2
37
1
1
2
10
3
5
2
28
3
3
1
60
1
6
3
52
17
7
1
10
1
7
4
36
10
6
4
3
18
5
2
47
1
5
2
60
2
7
3
66
9
3
1
12
12
4
2
38
1
3
3
38
1
4
3
14
15
3
2
13
2
4
3
11
4
4
4
45
9
4
3
55
7
6
4
41
3
6
1
11
12
5
4
71
4
7
3
54
1
4
3
53
8
1
2
7
3
3
2
25
3
4
1
26
1
7
2
5
3
6
1
28
2
7
3
60
11
4
4
12
6
6
3
4
2
3
2
8
2
7
2
23
3
7
4
41
4
1
4
11
15
3
1
6
2
2
1
53
1
7
1
14
12
3
4
49
5
2
3
63
10
2
3
52
18
4
2
45
3
2
1
22
2
1
3
49
1
4
4
9
9
4
4
60
8
2
1
71
1
2
4
54
12
7
2
40
2
7
1
3
2
4
4
63
11
4
3
30
10
6
1
15
3
6
4
17
21
6
2
18
3
2
2
36
4
4
1
49
1
2
1
38
3
4
4
34
14
7
3
35
7
7
4
3
21
6
4
14
31
2
1
40
2
7
3
22
10
3
3
41
3
7
1
41
3
4
3
54
2
5
1
2
5
6
2
54
1
4
2
37
3
7
1
15
5
2
4
52
12
3
2
27
1
7
3
61
9
3
1
17
12
5
2
68
3
1
1
44
1
1
3
42
3
6
4
68
1
5
1
67
1
1
2
40
3
2
3
2
9
2
4
5
13
3
1
65
1
4
4
40
1
6
3
11
2
2
2
66
2
4
3
13
4
1
4
65
2
5
4
6
5
3
4
22
12
5
4
16
11
2
1
9
5
1
1
7
3
1
4
32
6
5
3
67
3
1
2
2
2
7
1
45
1
2
4
40
2
4
1
33
5
6
1
22
3
4
3
33
2
5
4
27
8
6
4
66
3
6
3
23
6
7
2
65
2
7
4
11
27
6
2
3
1
3
2
44
4
5
1
53
2
7
1
67
3
2
4
67
24
6
3
29
4
7
3
65
7
5
1
63
1
6
1
9
6
4
1
37
1
2
2
47
4
7
4
23
8
6
1
17
15
3
4
60
6
6
4
2
2
6
3
55
12
1
1
31
14
5
3
6
4
1
2
23
2
6
2
22
2
2
3
8
15
1
3
10
22
6
3
44
8
6
4
34
11
3
4
4
24
1
2
33
3
6
3
9
6
7
4
27
7
6
1
47
2
4
1
61
2
1
1
41
1
6
2
45
1
1
3
36
1
2
4
29
16
1
3
71
5
5
3
1
5
2
4
29
13
1
1
36
3
4
1
55
1
7
2
39
3
2
3
1
10
3
4
65
1
6
1
61
3
6
2
1
2
6
3
49
8
7
1
1
2
5
4
37
8
6
4
22
5
1
3
3
4
6
3
61
1
6
3
7
5
2
1
29
3
4
4
55
12
6
4
16
3
6
2
29
2
1
3
28
10
7
3
35
5
4
4
38
6
1
3
23
14
6
2
31
1
6
2
55
2
5
1
13
9
6
3
16
7
3
2
6
1
4
4
4
8
4
2
36
1
2
4
18
17
7
3
15
5
4
1
8
1
7
3
36
13
4
2
13
3
4
3
63
2
6
1
34
7
5
2
9
3
6
1
60
2
7
2
55
1
7
1
32
3
7
2
67
2
7
2
32
2
7
2
49
1
4
4
32
14
2
4
39
3
5
2
71
1
6
2
32
1
2
3
42
2
2
3
26
9
3
3
27
8
7
1
16
3
1
1
68
2
2
3
32
6
5
4
35
4
2
1
49
2
2
1
42
2
2
3
18
17
6
1
25
1
7
4
71
1
1
2
2
1
1
1
26
3
7
3
65
6
3
4
7
1
4
3
31
30
3
1
43
1
3
2
15
1
2
2
39
1
5
1
38
1
3
4
43
4
6
2
35
3
1
4
23
23
2
2
3
2
3
1
28
3
3
1
36
2
4
4
66
5
6
1
45
2
5
3
17
16
4
4
5
6
3
2
29
3
3
2
14
3
1
3
39
2
2
4
6
11
7
4
47
9
3
3
44
3
4
3
4
21
5
3
22
3
5
4
8
1
6
1
1
1
2
4
67
12
7
2
28
2
4
3
40
2
4
3
16
6
3
4
26
11
1
2
38
2
3
3
5
4
4
2
10
2
3
4
44
3
7
3
17
15
6
4
54
11
5
1
39
1
5
1
30
13
3
2
14
1
4
1
10
5
3
4
26
3
3
1
23
3
4
1
54
1
2
2
26
3
4
3
7
2
6
1
5
2
5
3
41
4
7
4
25
3
3
4
44
1
6
4
47
1
3
2
8
1
2
1
27
3
3
2
17
2
2
3
66
5
6
4
33
8
4
2
33
2
6
2
61
3
1
1
16
1
5
3
38
5
1
4
33
7
1
4
14
34
5
4
12
3
4
3
71
3
6
2
35
2
7
3
25
6
3
1
34
11
2
2
43
1
7
1
33
6
2
4
49
8
6
1
4
1
4
4
61
9
4
4
17
24
4
2
42
2
6
3
68
2
7
1
39
3
7
2
12
1
1
2
27
2
2
4
38
8
7
2
53
1
2
3
34
2
1
4
39
2
4
2
41
4
2
3
15
1
1
4
10
7
4
3
37
9
2
3
31
7
6
3
6
6
1
4
37
9
4
2
5
1
3
3
8
6
7
1
68
1
6
1
44
4
2
3
37
6
7
1
43
2
4
1
31
6
5
3
12
3
3
3
39
9
3
4
43
10
4
2
53
2
5
4
28
11
7
2
63
3
2
3
68
14
3
3
12
5
3
3
60
18
4
4
25
8
7
2
54
2
4
1
3
1
3
1
35
4
5
1
35
2
6
3
13
7
6
2
30
5
2
1
11
7
3
4
63
8
2
2
6
2
5
2
61
2
2
4
2
13
3
3
27
12
1
1
4
8
4
2
34
2
3
2
16
2
1
1
54
2
7
2
16
1
1
3
32
10
4
4
45
13
1
2
44
3
3
2
67
1
2
2
71
2
1
4
68
14
7
3
40
5
3
3
29
5
7
1
18
14
4
3
53
6
4
3
33
5
1
1
23
1
2
4
52
3
2
4
42
3
5
3
47
4
5
3
43
1
6
3
34
5
5
3
5
2
7
1
7
4
4
2
11
3
2
4
53
14
7
4
18
9
3
1
66
2
3
1
2
1
6
2
25
2
3
1
42
1
1
4
15
19
2
3
26
4
7
2
4
1
1
1
63
2
2
4
31
20
3
1
52
2
7
2
4
2
6
4
28
4
5
2
15
2
2
4
53
2
4
2
49
3
5
3
14
16
4
3
18
24
6
2
42
1
5
2
68
4
1
2
60
3
5
2
52
5
5
3
28
3
1
4
9
29
7
2
9
1
3
2
22
3
4
1
47
3
5
4
13
12
3
1
32
5
1
1
8
7
3
4
42
2
6
4
31
21
1
3
2
12
5
4
1
1
4
2
63
2
7
1
40
1
5
4
61
12
6
2
12
2
1
4
13
1
2
1
12
8
6
4
55
9
3
2
7
1
5
1
55
2
6
1
37
2
2
2
52
2
7
2
66
3
7
1
29
1
4
3
43
3
7
4
7
3
7
3
47
10
5
1
13
6
1
3
30
14
7
2
11
1
2
1
71
3
5
1
65
2
5
2
26
4
1
4
35
5
2
4
10
5
1
1
25
3
7
2
34
3
3
1
14
9
5
1
27
1
1
2
30
4
5
2
17
1
6
4
36
12
5
2
65
3
5
3
45
4
4
3
45
6
4
3
25
3
6
1
5
1
5
1
30
9
7
2
41
2
1
1
6
1
1
2
18
2
5
4
30
3
2
2
1
3
5
2
43
4
1
1
18
6
1
3
9
2
3
