1
34
5
4
4
34
7
2
1
29
3
5
1
33
2
1
1
65
1
6
2
13
1
7
4
16
2
7
2
44
3
2
2
4
2
7
1
49
2
3
3
33
5
1
2
18
2
4
3
2
12
5
3
17
4
2
1
44
4
6
2
29
1
6
3
67
7
3
2
41
5
1
2
55
3
2
3
29
14
1
4
30
6
4
4
53
11
6
2
25
1
4
3
55
10
3
2
17
3
5
3
11
16
1
4
4
25
5
2
18
1
7
4
1
10
5
2
63
1
7
3
18
11
7
1
37
2
5
2
35
3
1
3
39
8
1
2
55
2
6
4
25
6
4
1
23
1
3
3
52
4
4
1
18
5
1
3
27
14
2
3
28
7
6
1
5
1
4
1
53
2
4
2
53
3
4
1
43
2
5
4
43
12
4
1
35
1
7
3
37
1
2
2
60
1
2
2
34
2
7
4
36
4
7
4
35
4
5
2
38
2
7
3
23
11
5
1
27
3
4
3
55
11
1
4
65
12
6
1
47
2
4
1
28
2
2
4
34
12
3
2
71
3
6
1
39
3
5
4
71
4
4
4
13
8
5
2
28
2
5
1
60
1
1
4
18
10
3
4
40
7
7
2
2
3
1
1
32
6
3
4
28
5
7
3
5
1
3
2
30
2
2
3
65
3
4
1
66
3
5
3
7
5
5
3
44
10
3
4
39
4
1
2
11
1
1
3
9
9
5
4
53
3
6
1
39
1
6
3
45
7
4
4
31
5
4
1
13
9
6
4
18
18
6
3
43
8
1
3
16
8
1
4
43
1
5
2
54
2
1
1
30
7
7
4
44
2
7
4
17
3
7
1
12
9
2
3
42
4
2
4
1
14
4
2
6
2
1
2
66
3
5
1
4
8
3
3
10
12
3
2
38
4
1
3
2
7
7
3
34
1
7
4
63
10
3
1
2
7
4
2
65
2
5
1
54
1
6
4
8
3
6
1
16
1
5
4
49
5
4
1
52
3
7
4
23
21
4
2
67
2
1
4
47
11
7
4
9
11
2
4
40
2
2
2
23
2
5
2
42
1
5
4
6
23
5
4
11
17
2
3
44
8
1
4
15
11
4
2
7
1
5
4
37
13
5
1
45
1
3
4
35
1
5
3
47
9
2
1
54
3
5
2
5
3
2
2
4
1
1
1
32
5
5
2
23
1
6
1
6
1
7
3
23
2
1
4
2
5
1
1
28
1
5
3
40
5
2
2
40
3
6
4
17
19
3
3
71
2
3
4
4
6
7
4
67
23
4
2
31
4
7
1
23
2
5
3
26
3
2
3
68
3
4
1
67
3
3
2
60
4
4
1
68
1
5
1
38
2
6
2
2
2
2
1
1
1
3
4
49
6
5
2
52
5
1
3
12
1
7
4
27
9
6
1
61
2
5
2
12
2
1
1
37
1
2
4
66
3
1
1
9
7
6
1
2
3
4
1
26
3
7
1
25
2
5
4
7
4
7
4
45
6
2
3
17
8
4
2
8
2
7
3
8
9
6
4
63
2
1
3
4
11
3
4
2
8
4
2
14
1
4
4
14
5
7
1
33
8
7
4
31
7
7
3
30
15
5
2
45
1
2
2
34
1
6
2
61
2
2
3
60
19
6
1
71
2
7
3
28
2
2
3
3
6
6
4
44
3
1
2
53
2
4
4
68
6
3
2
54
1
5
3
38
9
6
3
1
10
1
1
52
1
7
4
39
8
5
3
32
10
7
3
29
18
5
3
18
9
7
2
1
1
4
2
42
2
3
3
35
7
4
1
36
2
6
1
55
2
6
2
7
3
2
3
25
6
2
4
10
33
4
4
41
1
3
1
6
2
7
1
47
3
5
3
65
6
7
4
33
3
6
1
12
15
4
3
66
8
3
4
28
8
4
2
49
2
1
4
60
8
1
4
55
2
6
3
3
7
6
2
65
1
5
4
61
3
6
3
34
2
4
2
11
2
2
3
30
19
7
3
6
3
1
2
47
1
2
3
15
1
5
1
65
2
6
4
68
25
2
1
44
1
5
2
22
1
2
3
15
2
3
1
22
1
1
2
28
3
3
3
40
3
1
1
1
3
4
1
29
1
2
1
25
3
2
2
33
1
5
1
63
2
3
1
8
11
5
1
40
3
2
3
68
17
6
2
32
1
4
2
66
1
3
4
15
27
2
2
12
1
2
4
22
13
4
4
29
5
7
3
61
5
1
3
37
7
7
2
9
3
5
3
13
6
2
3
63
9
4
4
5
23
6
2
26
1
1
2
29
3
6
4
27
7
2
1
45
2
7
1
67
2
4
2
3
3
6
2
43
5
2
1
11
7
3
3
54
1
6
1
66
1
2
2
49
3
3
4
67
28
7
4
25
5
4
1
5
2
7
2
43
3
5
3
22
2
7
4
3
5
1
1
3
3
3
3
53
1
7
1
10
1
2
4
32
2
4
4
54
2
7
3
60
6
4
2
36
2
4
2
6
1
4
1
17
8
7
3
45
4
5
1
61
1
6
4
22
19
4
4
12
6
6
4
23
20
3
4
66
4
5
1
42
1
2
3
52
13
4
1
14
15
5
2
30
4
7
3
22
9
3
2
22
2
6
2
39
2
7
2
27
1
4
1
68
3
6
3
13
9
4
1
41
2
6
2
9
2
3
4
16
1
4
1
7
9
1
4
7
1
5
2
47
3
3
3
54
2
1
3
61
2
1
1
4
5
4
2
67
1
4
4
45
4
4
1
10
3
5
2
35
1
7
2
61
1
1
2
32
2
6
3
25
4
5
4
61
11
3
1
60
2
7
3
41
3
4
3
31
12
6
3
14
15
4
3
38
10
5
1
41
3
5
4
6
11
1
4
37
8
3
1
16
3
7
2
63
2
2
3
71
1
6
4
36
5
7
3
36
2
5
3
16
3
3
4
71
5
5
1
26
1
1
2
45
3
2
4
38
8
7
3
53
2
6
1
53
1
1
3
4
20
1
3
32
1
4
4
26
12
2
4
47
5
2
3
1
4
5
2
44
1
4
4
26
6
4
2
5
2
5
3
14
7
2
2
31
5
6
1
36
1
1
4
29
13
5
4
33
7
3
2
71
1
2
4
52
21
5
4
41
2
7
1
15
2
3
1
7
5
2
1
49
1
4
2
39
3
4
4
30
2
3
3
42
1
4
4
32
6
1
2
40
2
2
3
27
12
6
3
35
5
5
2
1
3
5
2
10
3
6
1
31
18
6
2
41
4
2
1
71
3
1
2
16
1
2
1
40
2
3
1
63
1
5
2
36
1
1
4
5
14
5
2
25
2
7
2
15
3
1
1
38
1
4
3
39
2
2
4
42
4
1
4
14
7
1
1
34
3
7
1
43
3
7
1
18
1
2
4
54
6
3
3
47
2
2
1
13
5
4
3
63
7
1
1
11
1
4
3
5
5
3
1
8
16
6
3
41
2
3
3
66
4
2
4
3
12
5
2
27
3
4
4
60
5
1
3
26
8
7
2
10
2
7
2
15
1
1
1
22
3
2
4
55
5
6
2
52
2
2
1
15
3
7
4
9
18
5
4
42
1
3
2
8
1
4
2
16
2
6
1
31
2
4
3
49
8
7
1
30
5
7
2
68
1
4
3
67
38
5
4
65
5
3
1
27
1
1
2
37
1
3
4
11
9
1
2
17
1
3
3
10
24
1
4
10
32
6
2
68
3
5
2
13
2
7
3
7
1
6
1
3
9
2
4
38
4
6
3
11
20
6
2
26
3
5
4
8
9
6
2
3
1
5
3
12
4
7
4
52
15
4
1
9
13
2
1
17
3
7
2
33
3
1
3
31
26
1
2
14
3
1
3
6
4
4
3
36
3
7
1
42
2
5
4
13
6
2
3
8
11
2
3
49
2
7
1
55
1
2
1
35
4
6
3
43
2
1
4
12
5
2
3
9
6
3
3
33
6
3
1
14
5
2
2
37
2
2
