2
37
1
2
1
55
2
2
4
11
11
3
3
9
10
6
2
7
1
4
1
30
14
1
3
22
8
3
2
25
1
4
3
12
6
6
2
29
1
7
4
4
11
6
3
14
18
1
2
31
2
7
1
67
2
7
2
5
1
5
2
11
2
1
2
66
1
4
4
9
17
1
4
44
6
5
2
7
3
7
4
5
5
4
3
67
36
1
1
17
11
5
4
55
2
2
4
3
2
3
2
30
1
2
2
49
2
6
1
36
3
5
3
61
11
3
1
17
4
4
2
65
3
3
4
6
14
5
4
67
25
2
3
30
20
2
1
43
1
6
1
47
2
4
3
17
3
4
1
34
5
6
3
15
17
3
3
25
8
2
1
6
2
3
4
1
14
2
3
43
1
6
3
66
2
3
3
16
7
5
1
32
7
7
2
31
1
5
3
7
1
2
2
9
2
7
4
54
11
2
2
4
2
5
2
71
1
4
1
45
2
7
3
29
19
4
2
39
1
5
3
45
3
1
3
63
11
2
1
18
3
1
4
43
5
7
4
14
13
1
4
55
10
1
1
37
1
3
3
60
5
4
3
45
2
6
2
34
1
4
1
3
9
6
1
28
1
1
1
71
1
4
2
12
2
6
3
71
4
7
3
42
2
3
4
30
7
1
2
22
1
2
1
25
1
5
2
2
2
3
2
26
1
2
4
38
7
6
2
68
4
6
4
14
11
2
1
47
3
2
4
33
11
1
4
27
10
2
1
37
2
5
3
54
2
6
2
32
4
2
2
45
3
3
2
61
2
4
3
4
19
5
1
41
2
2
3
35
4
2
4
22
9
4
4
4
17
3
3
8
7
4
4
40
2
4
2
47
1
6
1
10
2
3
4
54
8
5
1
27
3
3
2
34
2
4
4
45
5
4
4
2
6
7
3
41
1
6
2
17
2
4
4
31
28
3
1
49
2
3
3
15
12
2
1
53
1
7
1
40
1
1
3
55
12
2
4
40
1
7
4
37
3
2
1
14
10
7
1
52
2
3
1
7
4
2
4
15
22
1
3
54
1
2
2
71
2
2
1
41
3
6
2
32
3
5
3
18
1
1
4
65
11
1
2
29
2
3
3
30
26
4
3
28
1
5
4
68
6
5
2
40
3
6
3
52
17
2
3
17
13
7
1
1
1
7
1
38
2
5
1
3
2
6
2
65
1
7
3
27
2
1
4
22
10
5
4
37
7
2
2
6
2
5
1
12
12
7
2
42
2
4
4
42
5
3
4
34
5
2
2
63
3
6
2
52
1
2
2
18
1
6
3
22
5
5
3
71
1
1
2
33
2
4
2
49
1
7
1
53
2
2
4
11
28
2
3
44
3
1
3
38
10
1
1
63
1
2
3
36
6
2
4
26
11
1
4
35
1
2
2
42
3
2
1
65
2
4
4
17
17
4
4
33
3
3
4
2
3
5
3
34
4
7
1
49
1
6
4
16
8
7
3
23
17
2
1
26
3
1
3
37
3
5
3
4
16
5
1
12
17
1
1
65
1
4
3
47
8
1
1
39
2
3
1
68
2
7
1
27
1
7
4
34
9
5
1
55
1
5
2
12
3
2
3
13
1
3
3
1
5
4
1
44
4
1
4
47
14
7
1
26
2
4
3
67
16
3
4
7
7
4
2
23
3
5
1
15
2
1
2
47
2
7
1
28
3
5
4
18
23
5
2
28
1
2
1
18
2
3
2
53
3
4
3
26
6
2
3
39
8
3
4
71
3
7
2
15
2
7
4
23
18
5
4
5
1
2
1
33
7
7
1
22
1
2
4
25
7
2
1
32
4
6
3
41
4
5
3
49
7
5
4
43
11
5
4
29
7
6
1
71
2
1
4
41
1
7
4
41
3
5
4
53
2
1
2
36
1
5
2
1
3
3
2
16
3
4
2
67
2
4
4
28
6
5
1
31
3
7
2
28
3
6
4
44
9
2
4
53
11
3
4
68
14
7
3
49
2
3
3
36
5
5
2
66
3
4
1
61
2
5
1
67
1
6
3
42
3
6
1
44
1
5
2
63
1
3
2
38
4
6
4
61
11
1
2
40
1
4
3
66
6
2
1
38
1
2
1
8
2
4
4
12
3
3
4
36
6
1
2
44
4
4
2
44
5
6
1
68
3
7
3
6
3
6
1
13
7
1
3
55
16
3
1
16
1
1
1
40
3
7
1
54
1
1
1
10
6
1
4
23
14
1
4
60
3
5
1
60
1
4
1
5
1
7
1
2
2
2
3
5
5
3
3
13
6
7
3
14
20
3
3
1
9
2
4
32
3
4
2
27
3
5
3
39
9
1
1
25
3
1
1
45
1
2
4
30
2
2
3
25
2
5
2
38
5
4
4
25
5
4
3
40
1
3
4
47
11
7
2
60
3
4
1
1
2
3
1
36
1
1
4
1
13
4
4
9
3
5
4
52
15
6
2
15
3
7
4
67
24
5
3
61
6
7
3
63
10
2
3
11
26
3
3
37
1
4
2
4
3
4
2
13
3
7
3
18
4
6
2
35
3
6
4
61
8
7
4
71
2
3
1
4
5
7
4
36
3
7
4
12
1
3
4
49
1
6
2
2
1
3
1
61
3
4
3
31
22
5
3
35
8
4
1
6
1
6
4
42
3
3
3
33
16
7
1
4
3
1
4
63
10
6
2
67
1
4
1
52
3
1
2
35
2
3
1
29
3
6
1
30
1
1
4
10
17
7
4
28
8
1
1
66
2
1
1
43
3
6
2
52
2
3
1
60
2
6
3
16
5
4
2
30
2
5
3
52
1
1
2
27
1
1
4
66
5
6
4
38
2
4
4
32
7
6
3
38
11
5
3
23
19
6
4
13
2
5
3
2
1
1
2
14
2
3
3
26
8
5
3
65
12
5
2
41
1
6
1
11
5
2
3
28
3
2
2
10
2
4
2
17
1
6
2
22
3
3
1
35
4
2
4
66
2
5
2
8
1
2
4
60
2
3
3
34
10
3
1
9
9
6
4
35
3
1
4
45
10
3
2
25
2
7
1
15
5
2
1
11
6
7
3
6
2
5
4
31
11
5
4
29
12
4
2
53
2
1
3
65
16
3
4
16
6
3
4
52
8
2
1
7
5
6
3
47
9
1
3
31
9
2
2
43
4
4
1
23
3
1
2
55
2
3
1
34
4
5
2
68
3
7
1
35
2
5
2
55
3
4
4
63
12
1
2
13
1
2
2
54
2
1
1
29
2
1
4
39
1
7
4
26
7
2
3
3
9
5
2
33
3
4
2
6
1
6
1
16
5
5
2
23
1
5
3
29
17
5
2
61
1
4
2
9
1
3
2
45
2
1
1
33
5
2
2
39
4
1
3
9
17
1
2
54
1
3
4
27
2
3
3
12
4
1
3
53
2
2
3
44
9
4
2
16
1
2
3
43
7
6
3
10
14
6
1
22
2
5
4
8
2
3
2
11
1
1
1
8
7
5
4
49
2
3
2
3
1
2
2
3
2
7
2
10
1
4
3
27
3
3
2
43
1
1
2
14
3
2
2
8
3
5
1
39
4
4
3
60
29
2
1
5
2
1
4
15
20
5
3
68
9
7
3
3
7
6
2
5
2
7
3
32
5
7
4
6
1
4
4
13
16
7
4
7
6
6
3
7
5
6
1
42
2
7
3
2
6
4
1
14
20
2
1
2
7
1
2
37
3
7
2
18
3
7
3
11
19
6
1
23
2
2
3
8
4
7
2
1
1
2
1
66
1
6
1
9
3
5
3
40
2
4
4
65
5
4
3
53
7
7
4
17
18
7
4
18
28
7
1
54
3
7
3
68
5
2
3
33
10
2
1
31
1
1
4
8
1
2
3
10
23
7
1
63
2
3
2
60
2
3
2
36
5
7
4
10
2
5
4
3
13
3
2
41
2
2
4
39
5
1
3
5
1
3
2
26
2
4
1
13
8
5
1
42
1
1
3
32
8
6
