1
17
13
6
1
10
2
3
4
4
18
2
3
53
1
3
1
54
1
3
2
26
3
6
2
53
1
2
1
9
13
5
4
68
20
4
3
11
16
3
2
33
3
2
2
22
1
6
3
39
8
7
4
61
5
7
4
6
26
6
3
9
23
2
4
3
8
5
3
65
20
2
4
34
8
4
2
47
1
4
3
11
1
2
4
36
4
1
1
14
3
6
3
7
2
2
2
12
1
3
3
10
4
1
3
60
20
2
3
13
5
2
2
41
1
1
4
52
8
6
3
1
3
7
4
37
6
4
2
16
2
3
1
17
11
2
1
28
1
6
3
29
10
5
3
38
6
4
2
66
1
2
3
4
4
6
3
1
6
4
3
18
17
5
3
54
2
5
1
7
5
2
4
1
5
5
1
49
2
6
4
1
11
5
1
25
3
2
1
63
1
2
1
26
3
4
4
22
14
7
1
3
4
1
2
40
4
1
3
3
5
6
1
71
1
6
4
49
1
3
4
71
1
5
3
37
4
5
3
38
12
5
4
47
6
2
4
43
1
7
2
49
1
5
2
1
2
3
4
3
4
1
3
71
3
1
2
2
2
5
2
61
2
6
2
44
3
6
1
53
2
3
1
61
3
6
1
27
3
5
3
49
3
1
3
40
6
2
2
15
1
4
4
6
24
1
1
65
2
2
1
12
11
3
4
13
16
7
4
37
2
1
1
65
1
3
4
13
12
3
4
22
13
2
3
71
1
5
2
36
1
2
4
16
9
3
4
27
10
7
4
54
6
4
2
25
1
6
1
37
1
2
4
18
9
2
3
22
1
5
4
30
4
3
2
34
3
7
4
39
5
7
4
40
5
5
1
4
3
5
1
11
8
7
1
8
4
1
2
67
1
5
3
31
5
1
2
71
2
7
3
28
13
1
4
11
6
3
4
17
10
1
2
66
2
4
3
22
4
5
3
66
7
1
3
25
6
1
4
8
1
5
2
30
2
5
4
40
2
3
1
44
1
2
1
22
3
6
4
53
14
1
3
36
7
2
2
43
3
6
1
13
3
5
4
63
9
6
2
7
2
4
1
55
1
4
3
32
8
5
1
33
7
3
4
23
6
7
1
18
13
1
3
23
19
2
4
31
5
1
1
41
2
6
1
45
1
2
1
34
10
4
4
23
24
2
3
47
9
7
1
8
9
7
4
25
1
3
3
29
4
6
3
44
4
4
3
34
7
1
3
55
6
2
4
38
9
7
4
61
1
5
4
26
6
1
2
2
3
1
2
36
4
5
1
13
2
3
3
17
13
3
3
60
19
6
1
5
1
1
4
8
17
4
1
44
2
4
4
41
1
2
4
10
5
5
2
55
2
5
4
71
2
5
1
40
2
3
2
12
3
1
3
27
10
1
3
35
1
4
2
40
3
1
4
2
11
6
2
34
1
2
3
8
19
4
1
15
1
4
2
17
1
7
1
40
3
6
3
40
2
2
2
1
3
4
1
14
21
1
1
60
2
2
2
10
3
2
4
10
25
3
2
31
3
4
2
11
2
4
3
42
1
2
3
13
1
6
2
39
3
7
3
63
7
4
2
68
4
3
1
28
3
1
2
42
1
3
1
47
1
7
4
28
13
2
4
44
1
5
3
63
1
3
4
47
16
1
4
42
2
7
1
18
10
4
2
16
1
6
1
42
2
2
1
3
2
2
2
5
3
1
2
9
2
1
3
15
6
7
4
12
8
6
2
45
3
5
1
30
6
6
3
16
3
1
4
32
5
1
4
16
4
6
3
33
6
4
3
35
5
4
2
63
1
4
2
28
1
6
3
44
6
2
2
45
4
4
4
66
5
4
2
15
3
5
1
10
5
1
2
29
2
3
3
32
11
2
4
36
3
7
4
67
16
5
3
28
4
7
4
11
1
5
2
65
3
5
4
49
3
3
4
17
18
5
2
43
2
3
2
38
4
4
3
68
4
1
4
9
22
1
4
35
3
4
3
27
14
1
2
13
1
3
3
52
10
7
1
54
2
7
4
7
1
5
2
23
2
3
2
27
2
6
1
1
1
2
1
35
3
7
3
23
7
6
1
60
1
7
4
52
7
3
2
8
2
4
3
43
5
6
3
34
11
6
2
54
1
4
4
55
1
4
4
41
4
7
1
39
1
4
1
67
1
5
3
45
1
5
2
7
3
6
3
55
3
6
1
6
1
1
2
3
1
5
1
22
1
2
1
43
3
5
2
52
6
7
3
6
6
2
3
26
7
5
1
1
2
5
3
6
4
6
1
32
6
2
2
67
2
4
2
6
2
1
1
25
1
6
1
4
4
3
3
33
10
1
4
14
32
5
4
4
22
5
2
30
3
2
4
53
6
5
3
15
15
1
2
55
1
7
1
5
2
1
3
54
1
7
4
15
15
2
3
41
4
1
1
47
3
2
1
36
2
3
3
10
18
4
4
63
8
5
3
67
30
7
2
17
3
4
4
38
7
2
4
30
7
6
2
63
2
6
4
2
7
4
3
14
15
1
3
61
7
1
3
4
21
5
1
29
3
5
1
43
1
2
4
60
4
2
1
38
3
4
2
39
4
5
2
4
3
2
1
30
18
7
3
14
2
7
2
3
3
5
3
9
27
3
4
29
5
5
4
65
3
1
2
14
3
4
3
31
2
4
1
29
2
4
3
5
1
4
2
23
3
7
3
52
17
2
4
68
10
6
1
16
1
6
1
12
9
3
1
16
5
1
3
42
3
2
3
5
4
7
1
52
1
2
4
67
18
3
3
37
11
1
1
66
2
3
2
38
1
1
3
36
14
6
2
42
2
6
4
45
13
5
2
32
4
6
3
45
7
5
1
9
5
3
2
37
2
2
3
8
14
7
4
33
10
3
3
43
8
5
3
26
2
7
2
13
2
6
2
11
1
4
3
12
3
2
2
54
2
1
4
25
5
4
1
45
2
3
4
60
7
2
1
27
2
3
4
5
26
3
3
65
2
1
4
15
23
3
4
27
9
5
2
9
3
2
3
16
2
4
2
27
3
6
4
12
10
3
2
61
3
3
3
7
5
6
4
44
5
1
2
14
2
4
1
34
8
7
3
49
8
4
1
38
1
5
2
60
2
3
2
22
3
7
3
2
10
4
2
6
3
1
3
3
4
4
4
18
22
7
2
65
2
2
1
52
2
5
1
7
4
6
1
23
2
3
1
36
1
4
2
4
2
3
2
71
3
1
4
33
1
4
2
35
1
6
4
7
7
6
2
18
1
5
1
39
2
1
3
66
2
5
3
2
11
3
4
65
7
1
1
61
1
6
4
32
8
2
4
39
7
2
4
66
6
6
1
11
10
4
3
47
3
2
2
53
3
5
2
8
3
1
2
35
3
4
2
41
2
7
2
28
3
2
2
31
4
7
4
55
4
1
2
44
4
5
1
53
1
5
3
53
2
3
2
49
4
3
4
45
12
7
1
6
2
2
1
71
2
1
1
23
3
2
4
35
1
3
1
32
2
4
3
25
3
1
3
30
28
2
2
52
5
6
1
31
8
3
1
33
2
1
1
37
2
2
1
68
1
4
4
43
6
3
2
29
3
1
1
2
6
3
4
29
12
5
1
49
1
2
3
30
10
1
2
68
3
2
1
31
5
7
1
2
7
7
3
18
21
7
3
39
5
1
4
5
24
3
4
26
7
2
3
61
4
7
2
60
1
2
3
17
12
5
4
54
8
3
3
12
7
6
2
18
4
6
3
68
13
1
1
26
1
5
2
37
4
2
4
42
4
4
2
47
4
3
1
66
1
3
1
42
1
4
4
31
23
7
4
28
4
5
2
33
2
1
2
32
3
2
1
35
1
4
1
15
3
6
4
34
6
7
1
55
2
5
1
63
2
1
1
68
3
7
3
67
27
4
2
26
4
7
4
9
27
1
1
67
2
3
2
10
2
7
4
14
14
3
3
41
1
5
2
5
2
3
2
25
3
3
1
41
1
3
