1
34
9
4
2
34
3
6
1
66
3
4
3
52
8
2
3
22
10
1
2
26
2
7
3
34
10
5
2
45
1
4
1
25
3
6
3
12
2
1
3
9
14
3
4
66
2
6
4
10
20
4
4
12
2
3
2
10
2
6
1
55
1
7
1
28
3
5
4
8
19
7
2
60
1
6
1
4
5
5
3
54
2
7
3
54
1
4
3
9
16
2
2
68
4
3
1
10
5
2
4
3
12
5
3
52
4
2
2
54
1
3
1
33
1
6
4
43
2
6
2
63
3
6
1
52
2
5
3
32
9
4
2
54
2
6
4
25
6
6
1
66
1
7
2
12
3
1
4
14
27
6
4
71
2
5
2
16
2
6
4
68
5
4
2
67
1
4
3
45
5
4
4
18
16
6
1
23
3
6
4
36
1
5
2
18
4
4
2
32
1
4
3
31
9
3
3
23
5
6
2
1
1
5
3
8
20
1
4
12
3
1
2
49
2
7
4
34
12
6
3
25
5
3
1
40
3
3
3
53
6
7
2
7
2
5
2
30
5
6
2
36
2
7
1
7
10
1
3
31
28
3
4
4
13
3
2
42
3
3
3
40
1
1
4
52
16
6
3
37
6
4
4
29
7
7
2
3
1
6
1
44
4
1
2
10
3
4
1
10
4
7
1
4
4
5
1
30
5
2
3
47
6
4
2
30
2
1
2
5
1
4
4
49
3
4
2
32
4
3
2
18
2
5
4
40
2
3
3
26
10
3
1
14
9
2
3
53
4
3
4
47
1
5
4
42
5
3
1
31
12
1
3
27
2
5
3
39
10
5
1
47
3
1
2
31
5
3
2
2
3
2
2
52
4
2
3
33
4
5
3
3
1
6
1
14
13
4
3
23
4
5
2
39
3
5
3
55
5
6
3
10
20
1
3
38
6
4
4
60
2
4
4
11
23
5
2
71
1
5
3
8
15
3
4
63
6
6
2
44
3
7
1
68
1
5
3
63
2
4
1
60
1
5
1
67
2
3
2
43
1
2
3
43
5
1
4
54
6
3
1
11
1
4
2
13
2
3
2
61
1
6
3
71
1
5
4
11
17
3
1
6
1
5
2
28
1
1
3
14
2
7
1
27
1
2
4
9
10
6
4
66
3
2
4
8
14
5
2
16
1
3
2
37
4
5
2
65
3
4
4
4
4
7
1
41
2
4
1
3
7
5
1
13
3
7
2
65
2
1
4
35
1
1
1
68
3
7
1
44
2
2
1
53
1
7
2
33
1
6
4
6
22
5
4
1
8
3
1
16
4
4
2
49
1
4
2
25
3
5
1
13
8
2
4
33
4
3
1
36
2
2
4
67
24
3
4
65
9
2
4
23
16
5
3
25
3
4
3
17
14
2
3
39
3
5
1
34
11
4
3
67
21
2
1
60
2
6
4
31
14
2
3
29
6
1
2
8
1
1
4
65
13
2
3
1
7
4
4
5
24
6
2
40
3
2
1
52
3
5
2
13
3
4
3
26
7
6
1
47
2
7
1
43
1
2
3
18
21
5
2
34
1
4
3
30
22
3
1
9
6
6
1
30
9
6
2
31
4
1
4
31
19
3
3
14
1
2
2
41
5
7
2
4
3
4
2
29
1
4
2
14
1
2
1
63
2
6
4
41
2
5
4
22
11
1
3
2
3
1
3
18
6
1
4
15
27
3
2
41
3
4
3
12
4
5
2
28
2
7
2
22
2
3
4
30
6
7
3
49
8
7
3
2
5
4
4
26
4
5
1
35
4
4
4
10
33
5
4
32
3
7
1
17
3
7
3
61
4
6
1
28
1
6
2
11
2
2
1
5
2
3
3
35
1
7
2
23
2
4
4
13
14
7
1
67
1
3
2
68
3
5
4
27
6
2
1
6
2
4
3
42
3
2
1
37
2
2
4
39
1
3
1
63
1
6
1
23
2
3
2
1
3
2
3
49
2
5
2
63
1
6
4
47
6
7
1
33
3
5
3
66
3
4
3
34
2
7
3
22
4
7
4
55
2
1
4
17
5
1
4
67
17
5
4
52
14
6
1
5
1
6
4
61
10
5
4
42
3
2
3
32
5
1
3
43
3
6
2
44
4
1
2
7
1
3
1
42
1
2
1
65
1
1
2
60
3
6
3
1
9
4
1
31
5
5
2
52
7
7
1
18
14
3
2
67
2
5
1
37
1
2
2
12
1
2
3
27
7
4
1
35
3
7
3
28
8
5
4
38
9
5
4
7
6
5
1
22
1
4
2
40
1
1
3
13
1
5
1
54
3
7
2
66
3
6
1
2
5
1
1
36
3
7
2
35
2
6
3
36
6
7
3
28
5
1
3
5
1
1
3
38
2
4
3
67
14
5
2
25
2
5
3
61
5
6
4
71
1
4
4
37
14
5
1
18
8
4
1
1
3
7
3
47
10
4
3
66
1
6
1
11
11
7
2
47
1
7
1
32
2
3
3
10
10
5
4
68
19
5
1
45
2
1
1
71
1
1
1
26
2
4
1
53
2
2
3
7
2
6
3
68
11
4
3
15
10
5
4
45
9
2
4
37
2
3
3
36
5
2
4
16
3
1
4
15
15
4
4
32
1
3
4
61
8
3
1
2
2
7
1
8
8
3
4
18
12
2
2
22
3
1
1
32
5
7
3
3
7
4
4
39
8
5
2
14
3
1
2
27
3
7
3
45
7
5
4
63
7
7
2
35
1
3
4
26
8
3
1
1
1
7
3
13
8
7
1
15
4
7
1
49
1
2
3
5
5
5
3
7
5
6
2
38
2
5
1
55
2
5
1
42
2
5
2
55
1
2
2
6
2
7
2
17
3
1
2
53
3
5
1
17
13
4
1
8
4
5
2
9
2
5
3
65
19
5
3
68
7
3
1
41
3
3
2
17
2
2
2
43
3
6
2
4
2
6
4
14
24
1
2
37
3
3
3
63
1
6
1
16
2
7
2
47
2
7
3
65
12
4
4
9
14
6
1
3
6
5
2
36
3
1
3
60
2
4
3
55
16
1
4
28
5
2
3
35
8
3
2
11
3
5
1
61
3
4
2
45
4
5
4
28
7
4
4
17
18
1
2
33
3
5
2
66
2
1
3
37
11
6
3
11
8
7
1
71
2
4
4
27
8
6
2
15
1
3
2
71
3
7
2
26
3
2
4
25
7
3
3
17
17
7
3
4
16
7
4
5
6
4
4
41
4
2
4
6
5
5
1
45
1
6
4
33
1
2
1
26
3
2
4
55
9
1
3
42
2
6
4
29
6
1
2
55
3
1
1
9
13
7
4
38
8
7
4
1
10
5
1
29
1
1
1
49
2
3
4
53
6
1
3
6
5
7
3
11
16
5
4
35
2
5
1
54
2
7
3
29
9
3
4
16
4
7
4
40
3
4
4
54
1
6
1
39
2
1
2
9
3
1
4
36
12
4
3
44
5
6
3
41
3
7
4
60
3
6
1
61
1
2
2
42
1
5
1
40
1
2
3
6
2
5
1
7
8
7
3
33
5
6
4
34
11
6
3
44
1
7
4
45
5
1
2
27
1
4
1
65
2
2
1
12
2
4
4
49
6
1
4
30
3
7
1
43
2
7
1
38
2
1
1
29
2
7
4
3
3
7
3
71
3
4
2
29
3
2
1
27
3
2
4
2
10
3
3
30
1
3
2
15
2
1
4
2
11
6
4
22
9
2
4
43
6
3
2
61
2
6
2
53
2
7
3
16
3
4
1
22
3
5
1
38
3
4
2
38
1
3
3
16
8
1
4
53
15
1
3
60
18
2
2
2
1
4
2
23
3
2
3
4
22
5
1
15
2
7
1
39
4
5
4
44
12
2
4
13
11
3
4
7
9
1
4
23
1
7
1
12
9
1
3
40
4
6
2
8
3
4
3
15
13
3
2
6
3
1
3
41
2
6
2
39
4
2
1
25
1
7
2
5
2
6
2
3
3
2
4
44
4
5
