4
49
3
5
1
63
1
1
3
30
20
1
3
33
8
7
2
8
1
5
3
54
2
6
2
2
1
5
3
71
4
1
1
68
2
5
1
10
6
2
2
6
2
1
1
40
1
6
1
54
1
3
3
15
3
4
3
5
5
2
2
17
3
3
3
60
18
1
4
25
7
5
3
40
4
6
3
11
10
6
1
61
2
6
4
61
7
3
3
34
6
5
1
55
2
1
4
37
11
5
2
67
2
2
2
47
3
4
1
14
2
2
3
39
5
3
3
44
1
6
3
71
5
2
4
43
4
2
4
30
4
7
1
29
3
3
3
10
5
7
2
31
2
5
1
23
3
7
4
17
21
1
3
66
1
4
4
32
9
3
2
1
1
7
1
22
3
7
1
23
2
5
3
42
1
5
1
60
1
3
2
3
3
1
4
36
7
1
2
68
3
7
1
68
1
1
4
34
11
4
3
14
8
6
4
68
7
1
4
6
14
5
3
4
4
5
4
1
7
6
3
35
2
6
1
18
3
7
3
18
21
6
1
27
3
1
4
31
8
3
2
44
4
3
4
60
8
5
4
15
10
3
2
23
3
7
3
3
8
3
4
17
25
2
3
65
2
7
4
33
4
4
1
3
7
6
2
34
1
5
3
8
16
5
1
13
6
6
2
22
1
5
1
41
2
7
2
18
2
6
4
29
4
4
3
43
1
1
3
10
26
5
3
12
5
3
3
17
7
3
4
41
2
1
1
30
10
2
1
31
15
7
3
2
9
5
1
34
8
5
1
5
2
4
2
67
1
4
2
26
3
7
3
9
30
1
1
4
8
7
3
47
6
3
3
68
7
7
3
28
15
2
2
35
1
7
4
7
7
2
4
27
11
2
1
39
2
4
3
40
1
5
1
2
1
5
4
55
8
6
3
55
3
4
3
63
8
7
1
67
2
1
2
31
5
2
1
41
1
3
1
61
3
6
2
66
2
6
3
38
12
5
3
31
25
4
4
9
23
2
2
68
1
3
1
27
2
3
4
14
34
2
4
3
18
2
4
41
3
7
3
30
21
7
3
29
15
5
1
5
1
5
1
67
3
4
1
66
3
2
4
3
10
3
4
63
10
5
1
11
8
3
1
13
5
3
2
13
3
3
3
7
1
4
1
2
2
5
3
8
5
4
4
29
15
6
4
47
13
4
4
65
13
6
4
13
2
4
1
32
5
5
3
13
9
5
4
22
4
6
2
28
2
5
2
37
3
4
4
23
1
5
1
16
4
1
2
14
1
1
1
71
3
7
3
43
8
3
4
5
13
5
4
66
6
1
2
32
4
2
3
11
26
2
2
53
2
2
3
52
14
5
1
34
10
5
2
29
3
6
1
35
3
3
1
52
2
2
1
31
14
2
2
33
2
4
2
60
1
6
3
15
2
5
1
44
2
1
1
45
2
2
4
25
9
2
4
54
5
2
4
8
10
4
2
63
1
4
2
11
2
1
4
28
2
6
2
45
2
2
3
26
11
4
4
39
10
3
4
65
14
4
2
49
2
3
3
29
16
5
2
25
1
7
2
15
1
2
1
6
1
6
1
9
13
1
4
52
21
3
4
47
8
7
4
39
2
7
2
61
3
6
1
45
1
2
4
12
7
1
2
14
2
6
4
54
3
5
4
40
2
3
2
8
3
7
4
44
4
2
2
35
2
7
2
54
1
1
3
14
24
4
3
7
5
7
1
37
2
5
1
65
2
4
2
7
1
6
2
11
1
5
4
45
1
5
3
22
3
6
3
37
11
5
1
37
1
4
1
3
9
2
1
47
2
4
2
38
4
7
4
45
4
1
1
15
3
6
1
65
1
1
1
12
3
5
3
26
8
1
4
63
6
5
1
17
9
1
1
14
11
5
4
23
8
7
1
26
2
3
4
4
22
4
2
65
1
6
1
12
5
7
4
26
12
2
4
43
8
5
3
47
8
6
1
11
3
7
1
53
2
2
3
45
3
4
1
35
2
6
2
5
2
4
2
1
3
3
4
35
3
4
3
41
3
5
3
5
3
6
1
22
2
5
2
33
3
2
2
49
3
4
4
66
5
4
3
45
4
6
1
30
8
3
4
38
8
2
4
67
22
4
3
32
11
2
4
44
5
4
3
65
15
5
3
23
5
7
2
61
2
1
3
61
10
1
3
49
5
1
1
49
1
7
2
43
4
3
2
41
5
1
3
34
10
7
1
36
3
1
2
52
5
1
3
4
19
1
2
4
1
1
2
15
2
5
1
29
1
2
1
52
1
6
1
25
2
1
4
12
2
2
2
5
3
6
2
36
4
6
4
42
3
5
3
53
3
2
2
4
3
6
4
10
32
2
1
7
9
3
4
55
4
2
3
2
1
6
2
26
1
4
4
31
12
1
2
60
3
1
2
18
4
2
3
41
2
4
1
39
1
3
4
32
2
1
4
52
17
7
1
33
1
3
3
39
9
7
3
9
3
5
3
32
9
4
2
29
2
7
2
25
2
3
4
71
5
4
3
17
8
7
2
27
1
4
4
7
1
1
4
9
21
5
2
16
1
3
3
27
8
4
4
30
6
7
3
22
4
4
1
38
1
7
4
2
5
6
4
36
2
7
2
17
2
3
2
30
1
1
3
35
7
5
4
4
24
6
4
28
1
2
4
26
2
7
2
3
2
2
3
27
12
3
2
39
2
7
1
6
2
7
2
65
3
1
4
2
13
7
2
10
3
1
3
6
3
7
3
52
9
7
2
43
1
5
4
35
1
1
2
54
2
1
1
28
1
3
2
23
2
4
4
68
24
5
2
22
3
1
1
15
5
5
2
40
1
7
1
44
4
1
4
6
24
5
2
55
1
3
4
1
14
1
4
42
5
4
1
43
1
7
2
47
4
4
3
16
2
6
1
53
1
6
2
39
3
6
3
3
6
2
1
8
15
7
2
13
1
1
3
33
13
2
1
32
6
2
4
16
3
5
1
18
1
4
3
18
13
2
2
2
2
1
1
8
5
7
2
28
3
4
2
12
3
5
1
60
2
4
2
52
2
2
2
38
2
6
2
36
3
2
4
8
9
3
1
10
1
4
3
12
7
5
3
28
6
1
2
53
3
3
4
67
3
2
1
17
13
4
4
13
7
7
4
18
7
1
3
49
6
1
2
45
1
1
2
27
3
4
2
44
2
4
1
36
2
4
1
63
2
5
3
13
4
4
1
7
2
4
3
60
14
6
1
43
3
4
4
27
4
5
2
10
2
6
2
55
3
3
3
23
4
7
3
25
6
6
3
44
3
2
2
66
1
7
1
33
5
1
2
40
3
7
1
9
5
1
4
11
9
6
2
41
3
7
4
15
22
7
2
12
2
4
4
53
13
2
3
1
2
4
3
36
15
6
1
40
3
3
2
42
3
3
2
32
1
4
1
4
4
5
3
66
2
5
3
54
1
3
1
55
1
1
1
38
3
1
2
9
1
5
1
42
1
4
2
71
3
7
3
67
15
3
1
66
2
4
2
34
3
6
3
6
6
4
4
37
8
4
2
30
4
6
3
61
7
5
2
16
3
3
1
42
2
7
4
53
4
5
4
11
31
5
4
40
8
1
2
9
2
5
1
54
3
1
1
1
1
2
3
53
5
2
4
33
11
5
1
28
3
3
1
1
3
1
4
60
2
1
1
25
3
2
4
71
1
1
3
63
10
2
3
38
6
7
1
26
3
2
2
42
4
3
4
10
5
2
2
71
2
6
4
18
28
7
4
5
9
1
3
31
3
2
4
14
19
6
4
22
20
4
3
42
3
2
4
16
11
1
4
49
8
4
3
67
17
2
3
55
7
1
1
49
2
4
1
47
1
5
3
68
11
2
2
37
4
3
2
6
1
2
4
38
6
6
3
16
1
1
4
61
1
5
3
37
4
2
2
7
3
7
3
25
7
7
1
71
1
4
3
36
2
2
3
1
6
3
1
16
3
5
4
34
1
1
2
63
3
6
