1
37
2
6
4
28
2
4
1
65
1
2
1
45
1
5
1
47
2
1
2
31
4
5
2
45
2
6
1
29
2
1
2
44
1
3
3
66
1
6
2
41
1
2
4
5
16
1
4
14
9
2
2
54
1
2
3
27
13
2
4
26
4
1
3
68
3
7
3
29
18
1
2
29
2
6
1
30
19
7
2
31
5
7
4
14
8
5
3
4
17
3
4
39
1
2
4
66
4
5
3
68
15
4
1
40
3
4
4
33
1
7
4
17
9
6
4
27
3
2
4
22
2
1
2
71
2
2
4
38
8
3
3
13
4
6
2
52
3
6
2
52
6
3
1
52
2
1
1
4
6
7
2
15
1
7
1
34
2
3
3
53
1
6
2
22
2
7
4
13
13
1
2
47
3
1
2
25
2
1
1
27
3
5
3
61
8
4
1
43
3
1
3
44
4
5
2
65
4
4
2
40
1
6
1
30
15
3
3
18
20
6
3
37
12
3
1
37
1
5
2
4
2
7
2
22
3
3
3
38
4
1
4
3
8
6
1
2
4
1
4
2
3
2
3
71
4
5
3
43
6
3
2
16
2
2
2
13
2
1
1
10
1
4
1
36
2
1
1
35
2
6
2
36
4
1
3
54
2
3
3
40
6
1
2
26
3
1
4
13
4
4
1
1
1
5
3
23
19
7
4
16
2
4
4
67
4
6
3
67
9
5
3
65
7
2
4
45
7
5
2
33
2
3
4
29
9
2
4
60
2
6
4
15
7
3
3
65
18
7
3
49
4
5
3
60
31
3
2
25
1
2
2
55
1
7
1
9
13
5
1
45
2
6
1
9
7
3
1
14
6
5
4
28
13
7
4
3
6
6
4
9
20
1
2
68
4
5
3
29
13
1
3
26
10
5
2
32
2
2
3
54
1
2
1
25
3
6
4
63
12
1
1
67
1
1
3
33
12
1
4
7
3
7
4
66
6
7
2
23
1
1
4
40
8
1
1
17
4
6
1
31
14
5
2
30
1
4
3
49
6
1
4
36
9
5
3
5
5
6
2
17
1
7
2
67
1
5
3
1
7
6
3
67
20
7
3
38
5
4
2
67
2
1
1
6
2
1
4
18
2
2
2
8
3
2
3
41
4
4
4
18
5
4
2
60
4
3
2
16
3
7
4
68
3
3
1
16
3
5
3
44
2
2
2
2
2
7
1
67
2
4
2
28
1
4
3
39
10
1
1
15
2
7
1
39
2
7
4
41
3
4
4
65
7
3
2
1
2
5
4
35
2
5
2
41
2
1
1
38
3
6
3
12
6
1
1
33
8
7
4
9
30
7
3
6
3
5
4
49
4
4
2
33
3
6
1
55
1
6
4
49
5
3
1
3
10
5
3
45
7
7
4
33
11
5
3
2
10
4
1
63
1
7
1
13
3
4
2
2
1
4
4
23
14
3
3
12
7
3
3
16
7
3
4
61
4
5
3
43
3
2
1
66
1
1
3
55
16
7
4
30
3
5
4
10
16
7
1
32
5
5
1
52
1
5
1
7
8
4
2
9
2
5
4
37
12
4
2
35
3
3
1
42
2
7
3
35
4
7
3
52
5
5
1
8
6
7
1
41
3
1
3
30
10
4
2
12
2
6
3
23
13
5
1
5
2
5
2
27
3
2
2
42
1
1
3
25
2
2
2
23
3
2
3
8
16
1
4
45
11
5
4
27
9
7
4
54
10
4
3
3
4
4
4
52
3
6
1
11
10
2
4
10
18
1
2
66
3
5
4
4
4
4
4
16
4
1
4
34
1
1
1
27
1
7
3
14
26
4
3
22
7
2
2
7
2
2
2
28
2
5
2
49
3
6
4
55
9
5
1
2
1
1
3
45
1
5
4
42
5
3
2
1
3
7
4
38
7
6
4
35
1
4
3
55
3
7
2
11
3
7
1
10
5
6
4
22
19
6
2
15
3
4
4
17
2
6
2
44
5
5
3
18
8
6
2
65
2
7
4
7
7
6
4
42
2
6
3
60
10
5
2
14
2
4
2
18
2
3
4
61
5
3
2
49
4
6
3
34
1
7
1
63
2
7
4
63
7
7
1
18
7
3
1
18
3
7
2
63
3
3
4
47
9
4
2
3
3
7
1
47
3
6
2
38
3
1
3
40
3
5
3
28
6
1
2
6
2
2
1
61
1
2
4
11
12
2
1
53
2
7
3
63
13
7
4
31
17
6
3
36
14
1
3
4
10
7
3
31
2
5
1
15
1
5
2
35
2
7
3
14
15
1
3
47
7
3
3
42
4
7
3
22
12
2
4
60
9
3
1
3
8
5
2
43
1
5
4
55
8
2
2
27
2
4
2
12
3
1
1
66
2
6
1
16
6
7
1
39
4
3
1
43
2
7
1
4
3
4
2
53
1
1
1
40
2
6
2
6
3
3
4
43
4
6
2
34
2
6
1
32
2
1
3
32
9
2
2
36
3
3
1
11
2
6
4
37
13
5
4
2
9
6
3
36
8
5
2
54
2
4
4
44
11
2
3
17
6
4
2
63
1
2
1
68
1
5
2
47
4
4
1
71
1
6
3
71
1
1
4
11
16
2
1
33
5
7
4
8
11
7
3
34
9
3
1
22
3
3
4
34
8
5
2
32
3
5
3
47
8
3
1
49
1
2
4
26
9
1
4
12
1
7
3
10
8
2
1
23
3
3
3
3
8
2
3
16
3
7
1
26
2
7
3
11
26
3
4
71
1
6
4
4
17
3
1
54
1
1
2
42
3
1
4
52
10
5
4
53
14
2
4
25
8
1
1
60
2
2
2
39
4
5
2
34
3
7
2
8
1
4
4
71
5
2
2
53
2
6
1
34
8
2
1
49
2
3
1
41
2
6
1
44
4
6
4
6
8
5
1
12
4
6
2
60
3
1
2
13
3
1
3
32
1
6
2
68
2
3
1
71
2
1
1
31
16
1
3
37
9
2
2
61
3
6
3
66
6
4
1
8
2
3
3
5
1
2
3
7
1
5
4
67
23
3
1
55
2
3
3
35
5
7
1
6
1
7
1
7
4
6
3
10
25
7
1
36
1
4
1
12
2
2
1
26
1
4
2
29
3
1
2
45
4
7
2
18
4
3
3
39
8
4
1
61
3
1
4
1
1
6
3
8
4
1
4
30
4
3
4
44
5
2
1
60
1
6
3
11
12
2
4
12
10
5
4
32
10
2
4
47
11
6
3
42
3
5
3
13
9
2
4
6
11
1
4
31
4
4
1
23
1
3
4
40
7
1
3
7
3
7
3
9
5
1
3
61
7
3
3
26
5
6
2
14
3
4
1
29
1
4
2
71
3
7
1
42
1
4
4
15
16
1
3
53
2
3
2
10
1
4
1
5
1
1
1
13
1
6
1
68
2
5
2
4
3
2
4
23
24
4
2
55
2
5
1
17
5
5
4
8
12
5
4
39
7
6
4
29
14
6
3
27
2
6
3
17
12
5
4
54
5
7
3
25
4
1
1
65
2
3
1
25
2
2
3
41
2
2
2
40
3
1
2
37
2
5
2
10
3
7
4
36
1
1
1
22
2
5
1
28
1
4
4
53
12
2
4
65
2
4
4
1
10
1
2
5
2
5
1
35
4
7
3
15
12
6
2
17
2
1
3
15
10
3
2
38
1
5
3
63
3
3
2
39
1
2
1
28
3
1
3
31
15
4
2
7
1
1
2
61
1
6
3
52
4
6
3
33
1
7
2
26
1
3
1
38
2
3
4
43
6
1
1
1
2
1
3
28
9
5
3
6
5
4
1
14
15
7
3
9
25
3
2
30
2
6
2
3
1
2
4
68
15
5
2
11
1
1
2
37
1
5
2
9
1
1
1
44
1
6
2
43
3
3
4
32
3
7
2
5
3
6
1
53
1
7
3
2
7
5
3
1
2
3
1
54
3
2
2
66
1
3
3
30
9
4
4
25
2
2
4
41
4
4
4
5
4
1
