4
66
2
2
3
17
15
6
1
17
15
7
1
5
2
7
4
40
5
3
1
42
2
6
4
29
4
4
3
11
26
7
2
34
3
7
2
55
1
4
1
35
3
5
2
43
1
2
1
66
1
5
4
10
22
4
4
71
4
5
1
71
2
6
3
27
9
6
4
33
5
3
4
29
2
6
3
53
4
2
3
26
5
7
1
29
2
3
1
37
2
6
2
14
1
2
3
65
18
3
3
25
1
2
3
1
1
6
3
45
5
4
1
53
1
4
1
28
1
1
1
49
2
3
2
47
3
5
3
5
3
7
1
7
6
2
2
54
2
7
4
27
1
4
2
12
3
1
4
52
6
2
2
22
1
4
2
16
1
4
3
8
19
7
3
23
8
4
4
28
13
6
4
23
16
4
4
31
25
6
2
25
2
5
1
55
1
2
1
8
13
5
4
42
1
4
3
30
18
5
1
16
3
4
1
60
1
6
4
25
6
6
1
30
8
2
2
17
2
6
2
37
4
3
1
30
15
4
3
40
3
3
4
34
10
2
3
32
8
7
4
39
5
2
1
3
6
5
3
9
7
3
1
33
3
3
1
40
3
7
1
54
3
3
4
37
10
5
2
12
1
6
1
6
2
4
1
18
15
4
1
68
1
2
3
60
20
1
2
27
2
5
4
4
8
5
2
25
1
3
2
53
1
1
3
32
2
7
1
32
1
7
3
31
23
5
2
40
3
3
1
67
2
1
3
42
4
4
2
28
2
3
3
12
6
7
2
61
2
1
2
43
2
3
4
13
14
2
2
32
1
1
1
17
1
6
1
1
2
3
2
67
1
7
1
4
1
4
2
1
2
1
3
8
18
4
3
41
2
6
3
34
8
1
3
41
3
1
2
36
3
7
2
71
2
5
4
18
13
2
1
1
1
2
2
42
3
3
2
6
3
7
4
15
18
6
2
15
3
5
2
65
4
6
3
7
1
5
2
37
3
2
1
3
11
3
1
47
3
7
4
8
12
4
1
9
13
6
4
55
4
6
4
42
5
5
1
11
3
7
1
45
2
7
1
12
11
5
4
5
3
6
3
66
4
6
2
18
4
2
3
47
6
3
2
61
1
4
4
26
4
1
2
63
2
3
3
33
16
5
2
9
3
5
3
18
1
4
1
61
3
2
3
10
16
7
1
42
1
3
4
23
17
1
2
27
1
6
2
39
3
4
4
54
6
2
4
65
5
2
2
33
3
2
3
17
7
2
4
44
12
3
4
71
6
1
3
42
2
7
4
33
4
4
2
11
1
2
2
35
2
6
2
49
3
7
4
60
8
5
4
22
7
2
4
68
7
5
4
66
6
7
2
66
2
3
3
29
19
4
3
15
10
5
2
6
2
3
2
60
3
3
3
54
1
1
1
65
2
5
4
45
12
2
3
35
1
6
4
12
2
2
4
31
10
3
4
36
3
5
4
14
13
4
3
40
6
6
3
44
2
6
3
13
3
6
4
68
10
7
3
61
9
5
3
31
8
6
4
14
24
6
2
38
3
4
4
32
13
3
2
16
2
4
1
5
1
6
1
36
2
5
4
9
22
7
1
55
2
4
4
61
12
6
1
25
1
2
3
43
3
1
3
30
4
4
2
65
3
5
3
55
9
6
3
4
25
4
1
71
1
1
1
14
22
3
1
63
2
5
4
17
6
2
1
31
11
6
2
5
2
6
4
41
2
3
4
37
5
2
4
38
3
7
3
65
16
5
4
6
31
7
3
11
2
7
3
26
7
6
3
16
4
2
2
23
2
7
1
13
1
1
3
71
3
2
4
55
6
3
3
23
15
2
3
6
3
7
2
67
2
3
4
11
27
7
4
28
5
2
2
53
2
7
1
23
2
4
3
9
30
4
4
7
8
6
4
5
18
7
3
12
5
3
3
44
4
2
2
8
1
7
1
32
3
2
2
2
3
3
3
1
9
1
2
7
1
4
3
39
2
5
1
39
4
5
2
29
1
6
1
8
8
4
1
67
3
1
4
22
3
5
1
36
3
6
1
15
4
2
2
5
3
5
1
47
2
2
4
52
16
2
3
63
13
7
1
35
2
1
2
47
4
3
2
36
4
4
1
34
8
7
2
41
3
4
2
41
1
3
4
10
10
2
1
13
9
2
1
25
2
4
1
10
7
4
4
6
19
6
4
41
3
4
4
8
2
3
4
12
4
6
1
4
6
5
1
61
1
4
2
31
4
4
4
7
9
6
3
14
7
3
2
10
1
1
3
29
3
1
4
60
5
6
3
52
8
5
1
40
1
4
4
44
11
4
3
66
9
5
4
63
3
4
3
45
4
3
2
4
2
6
3
34
4
2
3
35
8
3
3
28
16
6
4
61
3
3
4
35
3
4
4
35
4
3
2
30
1
2
1
33
4
3
1
7
3
3
3
52
10
4
1
43
3
3
1
65
1
1
3
15
15
2
4
2
4
7
4
9
18
7
4
38
9
3
2
44
2
6
2
55
3
6
3
2
9
5
4
43
1
2
2
66
1
6
4
4
9
3
1
27
2
3
3
28
4
5
2
71
3
7
4
63
6
5
4
3
8
4
2
33
2
4
1
2
7
6
4
67
27
7
2
9
2
7
3
60
9
4
4
47
9
7
2
68
1
7
1
22
3
3
2
42
2
1
4
11
25
6
2
3
3
7
2
38
5
4
2
13
1
5
4
67
1
1
2
17
3
4
4
53
13
5
4
39
1
5
3
68
10
5
2
52
7
2
3
10
1
5
2
1
3
2
1
60
2
3
4
18
8
3
3
63
6
3
2
45
4
7
4
17
9
1
1
49
1
7
4
16
8
1
4
49
5
2
4
49
3
3
4
16
10
1
1
11
2
5
4
36
10
5
1
18
11
3
2
31
5
4
2
39
4
4
1
38
2
5
4
34
7
5
3
67
13
1
2
2
1
1
3
7
2
6
4
25
5
6
4
47
4
2
3
5
1
7
1
28
2
3
1
9
9
7
3
6
2
1
1
68
3
5
2
68
2
5
4
30
5
3
1
43
1
6
2
4
1
4
2
13
2
6
4
32
2
1
3
49
1
6
4
1
11
3
1
34
4
6
1
52
3
7
3
27
13
4
2
3
2
3
3
54
2
2
3
13
7
1
3
47
4
1
3
18
8
3
3
2
11
7
2
44
1
5
3
22
2
3
2
18
2
5
3
43
4
1
2
63
1
2
1
44
2
4
4
1
3
4
4
54
7
1
4
3
17
6
1
26
2
3
1
16
5
1
1
52
2
5
1
23
1
7
4
27
3
1
2
15
1
3
2
30
2
4
3
16
3
3
1
2
5
7
4
15
13
5
4
26
10
5
4
65
10
2
1
29
3
5
1
10
8
2
1
12
17
5
2
52
4
6
1
6
1
3
1
63
1
6
3
3
2
5
3
39
8
1
1
41
3
4
3
14
1
5
1
41
1
1
2
11
2
4
1
54
2
6
3
4
7
6
2
34
1
4
3
38
5
4
2
49
2
4
3
55
12
7
4
13
8
2
2
35
1
5
1
53
2
2
2
40
1
1
1
14
15
4
3
49
7
2
4
40
1
2
2
28
1
6
3
37
7
2
2
54
1
6
2
29
3
7
3
38
11
3
4
45
4
4
2
8
3
1
4
43
4
2
3
37
3
3
2
32
4
4
1
15
2
4
1
39
2
4
1
66
2
3
3
33
19
3
2
26
2
4
2
45
2
1
1
27
3
7
2
60
1
6
1
31
14
4
2
22
2
6
3
68
5
6
2
10
3
2
1
26
1
5
3
61
1
1
1
22
2
6
2
7
2
5
2
26
3
5
4
2
12
4
4
53
2
3
2
23
3
1
1
45
1
5
1
37
1
1
1
38
1
2
1
44
3
3
2
14
2
6
3
22
6
2
3
71
5
7
3
36
6
2
3
53
7
1
3
36
9
4
3
67
20
7
3
3
9
4
4
30
1
5
3
25
6
4
