1
63
1
3
3
66
6
7
3
29
10
6
2
16
3
5
4
42
2
6
4
2
6
2
2
10
2
7
3
23
12
4
4
65
10
2
3
31
1
7
3
71
2
5
1
37
1
6
2
60
3
3
3
10
4
5
2
71
2
2
2
45
1
2
4
22
1
4
4
23
16
4
1
45
1
2
1
41
1
2
4
33
3
4
4
29
16
2
3
12
5
4
2
40
3
5
1
65
2
6
1
27
3
4
4
7
1
4
4
35
3
6
3
60
13
1
3
41
3
5
2
22
3
4
1
29
3
6
3
31
6
4
3
66
8
6
2
49
2
1
2
43
2
2
4
40
1
1
2
32
3
6
2
41
2
6
4
6
6
4
1
34
5
1
4
38
6
5
3
49
5
5
1
55
2
3
3
65
20
6
4
37
11
4
3
27
10
2
1
2
4
1
4
28
3
2
4
4
2
3
4
68
8
5
2
44
2
6
3
45
2
2
3
38
4
2
3
36
12
2
2
53
1
5
4
40
7
7
3
6
5
6
3
36
8
3
3
13
7
4
1
14
3
2
3
37
8
5
3
52
4
1
2
23
3
1
3
10
5
1
1
31
2
7
2
17
1
2
3
22
5
5
3
55
7
4
2
35
2
1
1
47
1
7
1
53
2
4
1
35
1
3
4
15
4
1
3
13
4
5
1
38
3
7
2
66
3
3
2
8
2
5
4
60
2
3
1
30
3
4
1
52
2
2
1
16
4
3
3
23
11
6
1
17
9
4
3
11
14
7
3
9
2
5
2
12
1
7
1
17
2
6
4
44
2
2
2
5
1
5
4
8
7
7
1
52
3
3
1
31
6
1
4
27
5
6
4
31
1
7
2
10
1
6
2
43
5
7
2
37
2
3
2
12
2
1
4
45
2
1
1
60
1
1
2
9
1
3
2
33
3
2
1
8
9
2
2
11
2
7
3
44
7
2
4
28
11
6
4
61
2
6
1
39
1
6
3
16
3
1
1
16
7
6
2
26
3
4
4
31
20
3
4
60
9
1
3
47
2
4
3
35
6
5
3
26
4
5
1
27
2
6
4
16
1
6
1
10
4
7
3
4
11
7
4
13
13
6
3
30
4
2
3
25
9
2
3
60
4
5
3
68
2
3
1
49
2
6
1
66
3
2
2
2
3
3
3
17
11
2
1
23
2
5
1
5
1
3
4
32
4
3
3
67
31
3
1
2
6
7
1
33
1
2
3
3
5
6
4
55
7
4
1
11
4
4
3
61
6
3
1
67
3
6
2
55
3
7
2
47
4
6
2
41
3
7
4
65
12
7
4
29
11
7
3
45
7
4
4
34
7
7
2
40
1
4
2
63
1
5
1
55
1
6
1
25
1
6
1
6
2
3
4
49
2
1
1
71
3
4
2
27
3
1
1
15
5
6
1
9
8
3
2
1
3
6
2
13
1
6
2
47
1
5
3
44
8
1
1
66
2
6
1
32
6
1
4
67
2
4
4
63
9
2
4
53
9
6
3
39
7
7
3
17
8
2
4
55
5
3
4
66
4
5
3
30
18
5
1
26
3
1
4
6
30
2
3
4
19
2
4
18
1
1
1
34
7
2
4
9
15
4
4
3
12
6
2
52
2
3
4
9
32
1
1
61
1
3
4
1
10
7
4
3
14
2
3
34
10
2
2
14
1
1
4
47
9
2
2
28
2
4
3
32
5
5
4
7
2
1
2
29
2
4
3
42
4
6
1
10
6
4
2
30
1
1
4
39
4
3
2
25
3
7
1
18
11
5
2
34
3
4
4
36
14
2
4
67
30
1
4
41
1
6
4
33
5
2
1
22
1
2
2
31
4
3
1
40
1
6
4
17
20
7
1
43
3
7
4
1
6
2
3
42
3
3
2
26
4
5
4
49
1
4
4
12
4
7
3
27
12
2
1
9
13
6
1
49
1
1
3
38
9
4
3
68
13
2
2
6
2
5
3
29
2
7
4
22
2
4
1
63
2
7
3
16
7
6
2
4
2
2
2
63
3
5
2
15
3
5
1
54
2
2
3
12
1
4
4
32
8
1
4
54
6
2
3
52
2
7
3
26
1
1
1
43
1
4
4
71
3
5
3
33
18
4
3
18
6
4
4
53
11
6
1
12
6
6
4
13
6
4
2
42
1
6
2
11
1
6
1
13
2
6
2
68
2
3
4
61
5
5
3
15
1
6
2
33
1
3
3
8
13
6
3
40
4
6
3
47
3
4
2
39
3
2
4
10
19
4
2
68
1
5
1
30
17
7
3
28
15
1
3
11
19
7
3
63
13
3
2
6
1
3
2
54
2
4
4
38
7
5
2
27
1
7
4
25
7
4
2
13
3
3
2
30
5
5
4
12
2
5
1
13
3
5
2
67
2
7
1
36
2
6
1
40
3
1
1
12
3
3
3
37
11
5
4
43
5
7
3
1
9
7
3
33
11
1
2
32
2
7
2
45
4
5
4
11
24
3
2
53
3
3
2
36
2
3
2
66
2
2
1
1
2
1
2
28
1
7
2
17
2
7
1
3
11
7
1
15
3
6
3
5
1
4
4
41
2
1
2
55
2
2
2
2
2
5
1
5
2
1
1
1
3
3
4
5
15
3
3
9
19
2
3
49
7
6
3
5
5
6
4
45
14
3
2
29
3
5
4
5
9
4
1
44
4
1
2
9
2
5
4
26
4
5
4
39
10
3
2
61
1
3
2
18
3
6
4
30
2
3
1
4
3
7
2
38
3
6
1
26
2
2
4
63
7
6
1
42
1
3
2
22
1
1
1
35
3
1
3
3
4
7
2
37
1
1
3
6
3
6
4
47
2
5
1
4
1
4
4
11
5
7
4
54
4
1
1
11
9
4
2
65
1
2
2
31
2
3
1
28
2
7
1
44
1
7
4
43
11
5
4
25
3
2
3
55
12
5
3
54
2
7
3
40
2
5
4
30
8
2
1
54
3
2
2
25
2
7
4
52
14
7
3
54
1
5
4
14
20
6
2
3
2
5
3
15
11
2
2
5
3
1
1
7
10
7
3
7
1
3
3
32
6
4
3
18
8
5
2
52
5
2
2
35
1
7
1
29
2
5
2
65
3
7
4
4
15
6
4
10
13
1
4
26
6
1
4
23
18
2
1
61
2
3
4
42
3
1
4
68
15
6
3
22
3
4
3
39
10
4
1
22
2
5
3
63
12
1
3
65
12
7
4
71
5
4
3
53
1
1
1
68
1
3
1
37
2
6
1
33
5
7
3
8
7
6
4
34
6
2
1
14
16
2
2
14
2
7
1
60
2
4
3
67
2
4
3
41
2
2
3
14
3
2
2
54
1
4
1
25
2
3
1
42
2
7
1
7
1
7
2
38
2
4
4
44
1
4
4
17
3
7
1
71
2
4
4
2
1
1
4
27
12
2
3
25
2
3
2
60
4
1
1
23
3
5
1
65
1
1
4
36
3
4
3
34
7
1
1
18
13
5
2
34
2
6
2
36
1
6
2
15
1
5
1
32
3
1
3
1
10
3
4
16
3
2
4
15
9
4
1
38
1
5
1
28
3
2
2
4
3
1
1
47
3
6
2
18
1
7
2
49
3
3
2
23
1
1
2
7
3
3
2
7
2
5
1
3
4
2
4
14
18
2
2
16
1
7
2
1
1
5
3
43
5
5
2
61
2
2
3
2
8
5
4
8
17
3
3
2
1
2
1
67
1
1
4
66
1
7
3
35
5
6
2
8
3
2
3
43
8
2
1
6
1
3
1
8
1
5
1
68
2
5
3
28
6
5
1
53
1
3
3
71
4
1
3
61
5
2
1
36
3
7
1
39
4
1
1
45
2
3
2
44
3
6
3
7
4
7
2
39
1
3
2
67
1
6
3
53
8
4
4
35
4
6
3
14
24
5
2
71
1
2
2
3
3
5
2
42
2
1
4
18
6
2
1
41
2
5
4
52
21
6
4
37
2
7
