1
39
4
2
1
26
1
2
4
41
1
3
2
12
2
6
1
29
1
6
3
27
7
3
4
40
4
1
1
6
1
7
2
61
3
5
1
41
1
1
3
54
2
2
3
36
5
6
4
32
4
3
3
67
16
5
1
65
2
5
2
2
2
4
2
3
1
6
3
16
8
7
1
25
3
4
3
44
10
5
2
27
2
5
4
6
28
1
1
18
15
5
1
12
4
2
2
35
3
4
1
66
2
5
4
25
2
2
1
9
9
3
1
5
2
6
3
5
5
7
4
16
11
2
1
37
2
2
3
41
3
7
1
25
2
2
4
3
13
1
4
47
17
1
4
5
19
7
1
67
3
2
2
40
4
6
1
44
1
1
2
68
2
3
4
2
13
1
3
10
16
5
1
41
3
5
1
27
1
7
2
22
2
5
3
60
21
1
4
66
5
1
4
44
4
4
1
14
14
3
3
53
2
6
3
11
25
1
3
39
10
4
4
41
3
4
3
6
4
5
1
52
1
1
1
32
1
6
1
55
2
4
1
28
2
2
2
44
2
6
3
32
2
7
3
15
3
7
1
42
1
3
2
60
4
1
2
66
1
7
2
26
2
6
3
28
7
1
4
11
23
7
4
34
7
6
4
10
11
5
4
29
15
7
4
15
21
4
3
45
3
5
3
47
7
6
3
65
4
4
1
3
10
1
4
65
10
7
4
54
6
1
4
37
8
4
2
71
1
3
1
31
11
6
1
2
5
3
3
66
3
2
3
43
8
5
4
35
2
7
4
6
21
3
3
60
7
2
4
63
4
6
4
11
14
4
2
44
5
2
1
65
1
2
4
23
23
3
1
67
2
5
3
53
6
2
3
27
15
6
4
26
4
3
1
63
1
7
1
1
2
4
3
9
7
5
1
13
9
4
4
22
4
7
1
35
2
1
2
17
2
7
4
66
3
4
3
42
3
5
2
32
1
3
2
13
2
2
1
68
1
4
3
3
6
6
4
28
1
5
1
71
3
7
2
28
2
2
2
15
1
1
3
5
4
1
2
9
2
6
1
53
1
3
1
7
11
4
3
26
6
6
1
33
8
4
1
15
2
3
1
38
3
6
2
5
2
3
4
39
5
2
1
5
1
4
3
1
5
7
3
12
7
3
4
49
4
5
3
17
15
1
4
15
8
4
1
44
4
1
3
49
6
3
4
52
12
5
3
38
11
1
3
37
6
3
2
11
1
6
3
22
10
2
3
30
28
2
2
65
4
6
3
1
10
2
3
32
5
1
2
49
3
3
3
33
6
3
4
37
7
6
3
15
15
7
2
33
2
6
2
40
2
2
3
31
17
5
4
17
23
4
4
30
3
4
2
27
1
3
4
44
19
7
1
27
3
4
4
55
4
6
2
29
3
6
2
49
1
6
4
29
7
7
2
37
2
1
3
34
8
2
1
15
5
3
1
49
1
3
2
41
5
2
2
47
4
4
3
10
26
5
4
39
6
3
1
11
8
7
2
31
5
6
1
38
1
6
1
61
3
1
1
4
1
4
3
23
11
4
2
54
1
2
1
61
2
1
3
3
1
6
1
12
16
4
2
23
2
3
1
33
5
4
2
53
2
3
2
23
3
3
4
40
3
3
4
47
6
4
2
18
2
4
1
66
3
1
4
9
12
1
3
61
2
6
2
38
3
1
4
42
1
6
3
45
2
3
1
22
2
3
1
34
4
3
4
27
5
2
4
33
6
7
4
38
7
2
3
68
17
5
2
33
1
6
4
13
10
1
1
14
4
1
1
39
2
4
1
16
3
6
1
54
1
4
4
53
9
2
2
25
1
4
4
12
6
6
1
8
8
1
3
11
7
2
1
23
2
4
4
65
12
6
2
71
3
7
4
12
9
1
2
36
4
7
3
29
1
1
3
55
13
2
4
32
6
1
4
33
5
4
3
6
2
3
4
34
12
7
1
36
2
4
1
34
9
1
3
42
1
5
2
11
3
4
2
55
3
1
4
10
4
5
1
43
1
4
4
9
27
4
4
45
13
6
2
43
1
7
3
18
1
7
3
12
4
3
2
9
3
3
3
40
4
2
3
16
7
3
4
4
13
6
4
67
29
1
1
47
3
5
3
29
4
7
2
36
2
3
1
10
3
4
1
55
1
3
3
71
1
5
2
7
2
2
4
53
11
5
4
8
1
2
4
55
12
7
4
61
5
1
2
4
3
6
2
29
1
5
2
14
2
6
2
54
2
3
2
47
3
3
1
30
1
5
4
31
12
2
2
39
2
1
4
52
3
7
1
40
3
7
3
13
9
5
2
25
2
7
4
68
15
1
2
60
1
1
2
16
2
6
4
16
12
1
2
42
1
4
1
53
2
3
1
6
2
4
4
23
4
1
1
9
2
5
4
35
1
6
1
36
3
4
4
36
9
2
3
25
3
7
4
45
11
3
3
18
7
3
2
10
3
3
3
67
8
1
4
60
1
1
4
3
5
1
2
30
3
2
4
1
6
2
4
68
24
5
2
42
2
1
4
25
7
6
2
10
2
4
2
34
3
6
4
13
3
7
4
8
10
1
2
53
1
7
3
40
6
3
3
8
8
6
3
49
5
1
3
37
5
1
2
6
1
1
2
28
1
2
2
52
2
3
3
68
14
1
3
55
3
2
3
8
2
6
4
38
9
5
1
23
1
7
4
71
3
1
3
66
2
6
3
13
6
7
1
54
2
4
2
67
2
7
4
49
8
1
2
39
1
2
3
31
4
2
4
30
1
4
3
47
6
2
1
40
1
7
1
26
3
7
2
41
4
3
1
45
1
1
3
35
2
6
2
66
2
1
2
14
1
7
3
43
4
6
2
15
2
3
4
5
8
7
1
10
8
1
3
14
1
4
2
4
1
4
3
63
5
1
2
37
3
2
2
68
1
2
2
38
4
3
4
7
9
6
3
4
1
6
2
2
1
3
2
13
1
5
2
16
1
7
3
63
10
4
1
31
15
7
4
14
27
4
4
61
11
2
3
36
4
7
3
38
10
4
4
18
12
1
2
43
2
6
1
18
9
5
1
29
2
4
3
22
5
3
1
17
15
4
4
22
13
3
3
65
2
4
4
36
1
5
4
63
12
7
3
2
8
7
1
42
2
5
2
63
1
4
2
67
1
3
2
18
3
5
3
14
13
3
2
31
1
2
2
17
3
5
2
1
2
5
2
55
2
7
1
8
11
4
1
3
5
3
4
43
1
5
2
45
2
3
2
45
3
1
3
7
2
3
2
6
3
7
1
28
3
1
2
63
2
7
4
31
29
6
4
27
3
1
1
11
3
7
3
17
7
5
2
52
3
4
2
3
3
3
4
28
12
5
4
1
14
7
3
23
14
7
3
2
7
3
1
43
3
4
1
71
2
1
2
12
3
7
1
4
6
6
3
39
3
6
1
32
2
2
4
4
12
6
1
63
2
7
2
22
3
5
2
34
1
3
1
37
1
3
4
54
8
3
2
26
1
1
2
7
3
4
2
61
1
7
3
33
11
2
1
60
1
5
1
52
3
7
3
52
6
3
1
30
8
7
4
60
5
1
1
16
4
3
1
2
4
2
1
17
7
6
1
7
4
3
1
49
2
5
1
22
1
7
3
9
20
3
3
41
2
5
3
71
3
7
1
1
1
3
1
13
2
3
3
25
9
6
4
2
5
3
1
45
2
1
2
32
3
7
3
52
4
7
3
7
5
2
3
26
11
3
3
28
13
5
1
60
2
7
4
18
6
5
3
54
1
5
2
5
1
4
3
4
16
4
4
26
1
5
2
35
2
1
3
30
13
4
4
17
7
2
4
71
4
3
2
1
1
3
4
14
13
1
2
8
2
3
1
35
4
3
3
61
6
7
4
42
5
1
4
7
5
6
2
65
3
4
2
8
3
5
3
35
6
2
3
44
8
3
4
43
7
1
4
67
15
2
1
47
1
5
3
34
10
1
2
30
4
4
1
68
2
7
