3
36
14
1
1
42
1
3
2
38
4
7
3
49
4
4
2
7
1
5
1
8
17
1
1
9
5
5
1
11
6
5
2
9
3
4
3
16
1
3
2
28
3
7
1
60
2
3
4
28
9
3
3
55
10
5
1
37
1
1
3
30
10
5
4
45
1
7
4
67
17
7
3
33
14
7
2
11
1
5
3
31
13
5
2
49
4
4
2
2
1
1
1
18
8
4
4
34
12
1
3
17
14
1
1
47
3
4
4
4
25
2
1
15
1
5
2
1
3
4
3
27
10
5
1
14
1
1
4
13
15
2
2
13
3
4
4
32
8
2
4
37
1
6
4
45
14
1
3
61
7
4
4
13
6
3
4
42
4
3
2
3
2
7
4
26
3
6
4
34
8
7
3
23
18
5
1
68
3
5
3
44
8
3
2
39
4
5
1
31
14
7
4
9
5
7
2
14
1
5
3
10
21
4
4
25
7
3
3
4
17
5
4
30
8
2
4
53
2
2
4
10
30
2
4
27
1
3
1
32
3
1
2
63
3
6
1
66
3
5
2
39
2
7
1
3
1
7
3
11
22
6
3
14
23
7
4
8
16
2
1
61
3
6
2
2
3
3
3
49
7
2
4
52
21
6
1
34
6
1
4
33
1
1
3
67
4
1
3
65
6
6
2
71
2
5
1
4
8
4
1
45
2
7
1
28
1
4
2
10
3
3
3
22
9
4
3
37
10
5
4
1
6
5
1
67
1
6
1
25
3
7
2
4
2
2
2
60
4
6
3
6
4
1
1
6
2
6
3
52
11
1
4
16
2
6
4
7
1
4
4
11
21
1
2
28
1
5
2
34
1
4
1
26
3
6
1
71
1
5
4
43
9
2
1
43
3
4
2
8
2
2
3
13
2
5
4
40
6
3
1
41
2
4
1
60
1
2
2
55
2
6
1
16
5
7
4
17
1
2
2
66
2
6
1
30
9
7
2
61
3
3
2
9
2
1
4
4
23
6
2
41
5
3
1
22
3
1
2
35
2
7
3
18
13
7
3
28
11
2
4
8
11
3
4
61
2
4
3
28
13
1
3
9
22
7
2
17
2
7
4
71
1
1
2
11
3
6
1
6
1
7
3
25
2
5
2
18
3
6
1
67
3
4
3
63
1
1
1
16
3
3
2
52
2
3
1
29
2
2
3
38
3
2
1
47
2
5
4
42
1
7
1
23
2
6
1
66
2
3
3
40
4
5
1
37
2
3
2
29
2
5
1
22
2
7
4
41
2
6
1
33
5
5
4
16
4
6
2
33
3
3
1
53
2
7
1
54
3
2
1
36
3
3
4
6
20
3
4
12
3
3
4
40
8
1
3
44
4
2
4
3
13
6
1
49
1
1
3
60
5
5
4
7
5
6
1
39
4
2
1
63
2
2
3
71
2
5
4
39
4
5
3
27
5
3
4
65
8
1
3
3
9
5
2
52
5
4
3
43
3
1
1
28
3
1
3
31
17
7
3
68
9
5
1
42
2
1
1
8
8
6
2
34
3
2
4
36
4
4
4
15
10
4
4
47
13
6
2
31
1
5
4
29
1
4
3
55
9
6
3
5
3
2
1
65
2
4
3
29
7
5
4
54
2
6
4
3
18
6
3
54
2
3
2
30
3
2
3
29
18
6
4
27
12
5
3
22
10
5
1
32
4
6
1
1
1
4
3
30
27
1
1
26
1
2
2
71
1
5
3
43
5
4
2
60
3
4
3
18
19
7
4
32
5
7
3
34
9
7
2
43
2
1
2
5
3
7
2
6
2
6
3
12
1
2
1
10
4
4
1
34
11
2
4
66
6
3
4
10
25
3
2
41
3
3
4
53
9
7
4
14
5
1
1
39
3
5
2
23
2
1
1
55
2
6
4
68
14
2
2
68
3
1
2
47
4
4
3
2
10
7
2
18
4
4
3
7
1
6
2
35
1
1
3
8
20
5
2
10
1
4
3
5
1
1
4
28
4
4
1
7
10
1
1
65
1
4
3
41
1
6
1
68
2
6
2
61
2
4
2
49
1
2
2
30
1
6
3
68
11
4
4
38
3
2
3
6
6
7
4
1
14
3
4
68
16
5
2
45
3
1
4
2
5
1
1
10
3
6
4
71
4
2
3
65
7
6
3
41
2
6
3
25
9
6
1
35
1
4
3
53
3
5
1
12
12
2
2
44
4
4
2
22
3
1
4
47
14
5
2
31
4
7
3
33
7
5
4
12
8
3
3
1
10
2
1
9
13
3
4
63
8
7
4
18
20
6
4
35
3
4
2
26
3
3
1
44
4
6
1
30
8
7
1
31
8
1
2
23
1
3
3
35
2
2
2
36
4
2
2
66
1
3
1
40
3
1
3
66
4
6
2
42
4
3
1
36
1
7
3
7
4
4
3
39
10
1
1
4
1
1
1
13
9
7
3
26
4
5
2
5
1
5
4
30
6
2
3
11
3
4
1
49
2
3
2
15
1
7
1
40
2
5
1
17
9
6
4
67
4
4
4
55
13
6
4
23
10
3
2
40
1
5
2
16
1
7
1
35
2
2
2
25
3
3
4
54
12
4
1
53
1
5
1
12
14
3
4
44
5
1
4
61
9
1
3
32
4
5
3
34
6
2
4
23
14
2
3
14
2
2
4
9
24
6
1
5
2
2
3
60
21
3
3
3
5
7
3
4
24
4
2
65
1
5
2
37
3
6
3
23
16
6
3
54
1
4
2
13
1
1
4
38
7
3
1
54
2
1
2
53
1
7
4
5
2
3
3
13
9
6
4
66
5
1
2
16
3
4
2
4
3
5
3
15
1
2
2
27
3
6
1
43
2
6
3
66
1
7
1
23
3
1
2
67
1
4
2
25
1
6
2
54
1
5
3
42
4
6
4
65
13
5
3
16
4
5
4
14
18
3
1
27
3
3
4
63
5
1
1
38
2
4
3
45
2
1
1
27
1
1
2
8
1
4
2
6
3
1
1
52
2
6
1
1
3
2
4
22
3
1
3
61
6
1
4
31
9
3
1
45
1
3
2
12
1
1
2
47
2
6
3
36
2
1
1
44
3
2
2
27
2
3
1
38
1
2
2
68
1
6
4
35
2
2
3
32
2
5
2
22
2
6
1
18
2
1
3
63
13
6
3
38
7
3
3
35
1
3
3
8
4
4
1
5
1
4
2
45
4
1
3
53
6
6
2
65
2
5
3
9
9
3
1
55
1
6
1
7
11
1
1
52
1
7
4
31
2
7
4
17
13
5
3
71
3
6
2
54
2
4
1
2
7
2
4
52
10
1
2
1
2
1
1
71
2
3
4
37
10
1
3
37
9
6
3
2
6
1
1
2
4
6
2
32
2
1
1
15
2
6
2
37
1
2
4
22
7
3
4
29
3
3
4
60
7
5
2
36
2
5
1
61
1
7
2
32
1
3
3
67
2
1
3
52
16
1
2
14
2
7
2
7
2
5
4
26
12
3
1
11
4
7
4
60
8
7
2
29
3
5
2
15
3
5
4
25
9
7
3
1
3
7
1
3
10
2
2
26
2
1
2
38
2
3
4
5
25
3
4
41
4
6
4
49
7
7
3
47
4
2
4
39
9
4
4
49
5
5
4
15
24
6
2
42
2
5
2
63
2
6
3
40
2
4
3
47
5
4
3
42
2
5
2
44
3
3
4
55
6
1
1
41
3
3
3
39
3
2
4
2
9
2
4
36
12
4
1
33
4
6
2
43
5
2
3
26
11
7
1
17
4
1
1
29
3
7
1
14
18
1
2
3
1
1
3
12
4
6
2
12
2
5
2
67
2
1
2
55
3
6
4
44
9
4
2
33
1
1
2
17
1
5
3
10
9
4
4
43
2
7
4
18
28
7
1
25
2
1
3
15
12
3
3
17
7
3
2
53
2
4
2
40
3
2
3
45
4
3
1
63
1
2
1
13
4
5
4
33
5
5
4
11
13
5
4
6
19
2
