2
45
1
3
4
30
7
6
4
65
12
4
2
26
4
3
1
8
1
5
3
33
4
6
4
61
12
3
4
12
7
2
3
61
9
7
4
6
25
7
3
5
4
3
2
10
3
7
1
15
5
1
3
1
6
1
1
17
15
5
3
37
9
3
3
71
3
6
3
55
6
1
2
38
5
1
4
23
14
2
4
29
11
4
2
71
3
5
2
63
3
7
3
3
8
5
4
65
6
3
2
22
3
5
1
4
1
3
4
66
4
6
3
11
13
3
4
67
14
3
3
38
2
2
3
12
3
3
3
36
12
5
4
66
5
1
4
18
4
6
2
2
1
6
4
12
10
2
3
30
24
3
3
55
8
4
4
2
8
3
2
3
3
6
4
10
3
6
3
35
7
4
2
17
3
6
1
3
8
5
2
14
3
7
4
40
6
7
4
8
16
2
1
38
1
7
4
7
5
7
3
8
17
1
4
29
6
5
4
41
2
7
1
5
1
7
1
25
2
5
1
18
13
6
3
17
5
7
2
11
1
7
1
43
1
5
4
1
13
4
4
34
10
2
1
7
11
4
4
13
1
7
1
42
1
2
1
12
6
7
2
53
2
7
1
66
1
1
4
43
8
6
3
4
11
3
1
68
3
7
3
22
7
7
4
47
13
2
1
2
5
3
2
44
4
5
3
27
10
6
3
30
2
4
3
31
20
2
1
26
1
2
2
53
3
1
2
54
1
2
1
47
2
2
4
25
4
7
1
29
1
3
4
14
2
3
4
11
21
7
3
49
4
3
2
12
3
7
1
67
1
2
1
31
6
4
3
47
3
2
3
6
4
3
3
44
3
1
3
34
4
5
2
30
1
1
1
44
3
5
4
16
6
2
2
29
2
2
1
6
1
2
3
40
2
4
4
32
2
1
4
68
5
4
3
27
9
1
3
7
4
1
2
13
3
7
1
2
4
6
3
49
5
1
4
37
10
5
2
27
1
1
3
63
11
5
2
40
2
5
2
61
1
1
2
40
1
6
3
52
2
6
4
52
7
4
3
15
12
2
4
49
6
6
3
36
1
4
4
33
7
3
3
65
13
4
1
27
1
1
2
35
2
2
4
34
11
7
1
52
1
7
1
45
1
7
2
41
1
1
4
47
7
1
2
22
2
7
3
23
16
5
1
10
2
2
1
54
2
7
4
15
7
1
3
68
9
3
1
31
7
1
3
25
7
3
4
2
10
2
1
3
5
6
2
1
3
7
3
66
8
4
3
60
16
4
1
7
3
5
4
38
1
3
1
16
4
7
2
55
3
2
1
11
5
4
3
43
6
2
2
29
1
5
1
44
2
5
1
29
2
5
1
17
3
1
2
9
3
4
3
39
9
4
1
32
3
1
1
53
2
3
1
22
1
3
3
12
1
7
3
45
3
4
4
4
19
4
2
23
3
1
1
8
16
5
4
71
5
2
1
45
2
7
2
7
2
2
2
11
2
4
2
25
1
5
4
52
16
6
2
47
1
5
3
29
12
7
4
36
7
6
4
63
4
7
4
41
3
1
2
65
2
5
3
47
4
2
2
47
4
3
3
41
2
3
3
22
5
4
3
10
26
2
4
22
8
4
2
32
4
5
2
68
1
3
2
15
3
2
2
61
3
6
4
10
9
6
2
36
4
4
2
42
2
4
2
42
1
1
2
35
3
6
4
30
5
2
4
26
7
5
1
33
6
5
3
68
17
6
3
28
12
1
2
13
1
2
1
63
1
2
3
38
3
3
2
55
2
7
1
13
7
1
2
10
2
1
4
37
3
6
3
9
6
6
1
60
1
3
3
13
3
5
3
3
2
6
1
11
10
1
3
10
20
1
3
40
1
4
3
31
11
5
3
23
18
3
3
13
8
4
3
4
13
1
2
71
2
1
2
33
3
2
4
11
19
7
2
18
1
3
4
9
20
2
4
55
5
5
3
9
8
5
2
44
5
4
1
5
2
5
3
67
22
5
3
6
6
4
1
30
18
3
4
42
5
4
4
54
4
5
4
45
13
2
3
16
2
2
1
65
1
6
3
2
1
1
2
16
1
2
4
39
2
5
4
3
2
2
1
54
3
7
3
32
4
6
2
49
1
7
1
61
1
6
1
33
4
3
2
25
2
6
4
13
16
6
3
45
7
5
4
45
1
4
3
18
4
6
4
26
6
3
3
65
8
3
2
31
3
1
1
14
10
2
1
65
2
5
2
12
2
4
2
28
2
2
4
14
1
3
4
15
16
7
4
33
11
7
2
28
3
2
4
43
12
6
4
42
4
4
3
52
15
7
2
18
4
3
4
55
12
6
3
25
1
1
1
36
3
5
2
49
3
3
1
18
14
2
2
66
1
7
4
9
1
7
2
6
1
7
2
67
1
4
4
18
2
7
4
5
2
4
2
2
2
3
1
28
2
6
2
31
4
1
3
35
6
3
4
3
4
6
4
27
4
1
3
42
1
1
1
23
3
3
3
67
26
5
3
29
5
7
1
49
2
2
1
37
1
1
1
4
6
5
4
49
1
7
1
71
3
6
1
27
3
1
3
11
12
5
2
65
1
2
4
1
9
7
2
39
2
7
1
68
1
7
2
17
1
5
2
1
2
3
3
26
2
1
4
38
4
4
1
55
2
6
2
30
4
2
1
32
7
4
1
13
8
5
1
12
16
7
4
28
3
7
2
60
1
6
1
38
3
2
3
8
6
7
3
54
1
5
4
61
8
1
3
5
5
1
1
37
2
2
1
41
3
4
2
3
2
3
3
60
30
3
4
40
4
3
2
15
1
5
1
55
1
7
4
17
24
2
1
15
1
5
2
36
2
3
3
71
5
4
4
44
10
2
2
14
2
1
3
2
10
7
3
37
8
6
2
8
1
7
2
38
2
7
2
7
1
6
1
14
13
2
4
32
8
2
4
7
1
3
3
32
2
6
2
34
3
1
3
43
1
6
1
22
2
5
1
9
11
3
1
10
1
2
3
7
5
4
1
23
1
7
2
41
3
4
1
39
1
2
2
37
3
1
1
1
2
5
4
27
1
1
1
66
3
7
4
60
6
7
1
67
3
1
1
39
4
5
4
71
3
7
3
44
7
4
3
34
11
4
2
68
2
2
4
39
7
2
2
52
5
2
3
14
24
4
3
41
1
7
2
32
2
5
3
66
4
1
4
25
2
1
3
33
2
7
1
1
3
6
1
47
1
7
4
54
10
6
4
5
11
6
2
60
4
4
3
54
2
6
3
53
4
7
3
16
8
2
1
41
2
1
3
61
1
2
2
8
2
6
1
6
2
3
1
35
4
1
4
6
13
2
2
9
2
1
3
28
7
1
4
53
10
2
4
67
5
3
4
22
13
1
3
42
4
6
2
27
2
5
2
33
2
5
2
37
2
6
3
15
7
3
1
26
2
1
1
40
1
1
1
28
3
4
1
53
1
2
2
67
2
1
2
34
2
5
1
34
7
4
1
34
9
2
4
23
22
3
2
39
1
7
2
26
2
1
1
9
14
4
2
63
1
3
4
53
8
7
4
16
4
1
1
43
2
4
4
31
4
7
4
60
5
1
1
16
1
6
3
53
6
7
4
68
1
2
1
60
2
5
2
16
2
1
1
40
2
6
1
63
2
5
1
30
19
6
2
5
3
3
3
26
9
4
3
14
15
7
4
63
7
6
2
6
2
1
4
8
7
2
4
44
13
7
2
4
3
2
2
43
3
7
1
71
1
3
2
5
2
4
2
52
1
5
2
23
2
6
4
36
9
7
1
49
1
1
1
35
2
4
2
66
3
3
3
63
5
6
4
17
8
7
2
4
1
2
4
35
3
4
1
36
2
3
2
43
5
7
1
42
2
7
3
1
5
4
2
45
3
5
3
39
10
7
4
4
25
2
4
31
28
7
3
17
11
4
4
28
12
1
1
25
1
2
2
54
2
3
4
35
4
3
1
61
3
2
3
18
22
2
1
52
3
1
