3
52
2
3
3
26
8
3
1
34
11
5
1
28
1
5
3
1
8
6
2
49
1
1
1
27
2
4
1
33
3
4
2
41
3
2
1
54
3
1
4
26
7
4
4
61
6
4
3
28
9
4
3
4
1
2
3
37
11
1
4
3
21
3
1
49
1
1
4
14
27
5
2
61
2
7
1
15
5
3
3
41
4
2
2
15
1
7
2
23
3
1
3
22
11
6
1
37
2
3
3
3
4
7
4
32
9
7
3
5
5
4
2
1
2
4
1
3
2
4
4
71
5
3
1
42
1
4
3
16
2
3
3
49
5
6
1
22
3
5
3
25
8
4
2
33
2
7
1
41
1
2
1
2
5
6
4
43
7
3
2
71
1
3
4
11
2
2
1
8
17
4
4
55
6
7
3
12
1
7
1
23
3
3
4
65
6
6
4
55
9
5
1
53
2
6
1
35
3
6
2
16
2
5
3
22
6
6
2
25
3
1
2
28
2
5
1
53
1
4
4
49
1
4
4
63
1
4
4
42
1
2
2
43
4
1
2
47
4
3
4
67
15
4
2
22
3
6
2
38
3
7
1
33
4
4
4
10
22
6
4
4
6
1
3
61
11
2
2
63
2
4
4
52
11
7
1
41
3
2
2
39
3
2
3
53
5
4
4
12
8
6
4
16
12
2
2
38
1
6
4
3
7
1
1
9
2
7
3
60
18
7
1
45
1
3
4
5
25
1
2
39
2
7
3
42
2
3
4
54
10
7
3
37
9
5
3
17
12
5
4
13
10
1
1
23
2
3
2
27
1
5
3
29
10
7
1
17
2
7
3
44
9
4
3
14
4
3
2
47
3
7
2
55
2
1
4
41
1
1
1
71
1
4
3
67
36
7
4
29
8
6
4
37
2
7
4
10
7
1
1
43
1
1
4
22
3
2
2
27
3
6
1
18
13
6
1
60
1
1
4
11
11
1
3
13
7
5
1
45
2
2
4
33
1
3
1
1
2
2
3
12
5
4
2
45
4
2
1
71
3
6
2
14
2
6
3
68
8
1
2
53
2
4
1
30
12
1
1
12
17
3
3
27
7
1
1
43
3
4
4
60
3
2
3
3
7
4
2
4
3
4
1
38
1
1
4
16
11
2
2
18
3
4
4
37
7
4
3
18
25
7
4
41
3
5
3
53
6
4
1
35
2
2
2
11
1
5
3
27
12
3
1
9
11
2
3
60
13
2
3
23
1
4
4
39
3
2
4
53
14
6
4
47
2
2
1
47
3
7
4
49
3
7
1
25
2
7
3
43
8
2
3
7
3
3
3
45
3
7
4
26
8
6
3
65
4
3
4
13
16
6
2
45
2
2
3
7
1
5
3
25
1
2
2
61
3
2
1
60
2
1
3
5
1
1
2
10
2
5
4
14
21
5
4
66
4
6
3
36
3
7
4
2
6
6
1
30
17
2
3
33
1
4
1
29
2
4
1
7
8
6
4
4
16
1
3
8
10
3
4
38
5
6
2
60
3
3
1
65
1
7
3
38
1
4
4
5
3
1
1
63
2
7
3
66
4
5
2
44
1
5
3
26
4
5
2
6
1
4
3
14
1
1
4
8
16
3
1
68
3
7
2
6
2
6
1
44
2
4
1
4
6
4
3
63
10
1
2
35
2
1
4
2
2
5
2
52
5
7
2
68
4
7
2
34
1
3
1
67
3
6
4
33
9
3
3
8
3
3
1
36
1
4
2
18
1
3
1
6
1
1
3
16
8
7
4
6
2
3
4
23
8
5
1
40
1
7
1
31
3
4
2
32
4
3
3
68
10
4
4
36
11
1
3
33
7
4
1
22
2
6
2
2
2
4
4
44
8
6
1
26
2
4
3
34
8
3
3
2
9
2
4
17
18
3
4
47
17
5
2
9
3
5
3
35
5
6
3
67
25
2
2
66
3
3
4
8
2
6
4
39
4
6
2
54
1
4
2
26
4
6
1
7
3
7
2
16
1
4
3
6
5
3
3
34
6
1
3
2
10
7
4
40
4
6
3
66
1
3
2
5
3
4
2
31
5
6
1
6
2
4
3
10
15
1
2
7
1
5
1
11
11
6
2
52
6
3
2
65
1
4
1
31
13
6
4
71
3
3
2
40
2
5
2
4
2
4
2
42
4
7
4
67
11
2
4
60
5
2
4
22
18
3
1
10
3
1
3
23
7
2
2
60
4
1
1
5
1
4
2
36
3
6
1
16
7
3
2
13
3
3
3
32
9
5
2
71
2
4
2
37
4
2
2
13
2
4
4
65
11
3
1
5
2
4
1
44
1
2
1
36
3
4
4
68
1
3
3
1
9
4
3
54
1
2
4
38
8
6
3
41
2
2
3
17
11
3
2
41
5
2
2
3
1
6
1
8
6
1
2
44
4
5
1
39
1
1
2
15
3
4
3
40
3
4
2
66
1
3
3
9
24
1
4
45
12
2
4
45
4
7
1
10
1
7
1
14
17
2
4
23
3
2
2
3
3
7
4
61
4
2
4
15
12
2
3
40
1
5
4
36
3
2
3
39
5
6
4
18
7
5
3
9
1
2
1
47
1
1
3
29
6
2
1
66
2
6
4
30
8
5
4
35
5
2
3
31
1
7
1
63
1
3
3
71
2
7
3
32
10
2
4
68
3
3
3
30
4
4
4
31
13
7
4
17
11
1
1
14
14
2
1
32
6
6
4
30
3
6
2
1
1
7
2
2
3
2
1
34
7
5
1
68
1
5
4
15
27
5
2
14
3
2
2
26
2
6
1
42
2
4
2
8
3
5
3
31
15
5
3
15
15
2
4
7
9
5
2
68
1
3
2
17
2
1
1
55
1
6
3
65
16
5
2
63
3
6
4
54
3
7
3
36
2
5
1
38
3
3
3
6
1
6
3
30
8
4
2
8
2
7
2
25
1
1
1
11
8
2
3
52
13
3
2
30
3
3
2
40
1
2
3
11
11
4
4
66
6
5
2
28
3
1
2
33
1
6
4
1
5
2
4
12
10
1
1
25
1
7
1
29
1
5
4
7
4
2
2
37
3
1
2
65
4
3
1
49
2
1
2
29
1
7
2
23
1
2
4
32
6
2
1
39
4
2
2
10
1
4
1
1
3
1
3
42
4
3
2
29
3
3
3
39
3
2
2
35
1
2
2
49
2
4
2
67
2
6
1
61
2
1
3
45
1
3
4
9
1
6
2
30
5
1
4
25
6
2
3
15
3
6
1
17
10
7
4
40
2
2
1
13
1
1
3
55
4
3
1
13
5
5
1
67
2
2
1
61
1
7
1
27
1
5
4
28
10
5
1
28
3
4
1
26
1
7
3
28
12
2
2
67
1
3
2
12
1
4
3
54
2
5
4
63
4
1
2
32
2
1
3
4
5
2
3
55
2
4
2
31
1
7
2
43
2
5
2
55
1
6
4
18
23
5
1
52
3
1
2
12
2
4
4
29
15
3
3
35
7
7
3
44
3
2
2
22
1
3
4
42
5
7
2
7
3
2
4
52
6
7
3
49
4
6
4
6
19
7
1
66
3
7
1
18
4
4
2
42
1
6
1
52
1
3
3
38
2
7
4
34
11
7
2
9
1
3
1
54
1
3
4
31
21
3
1
40
3
7
4
1
1
1
1
55
2
5
1
3
8
4
4
28
5
1
3
61
2
4
3
63
3
3
1
12
12
1
4
53
13
7
3
18
22
3
1
2
4
1
3
11
5
7
4
9
23
6
4
44
5
4
3
47
10
1
3
13
3
4
4
25
3
1
3
47
8
6
1
32
4
5
3
43
6
7
1
4
1
7
1
15
3
1
2
17
3
3
4
35
3
2
2
34
3
2
1
65
2
7
1
16
2
2
4
27
12
3
2
54
2
2
2
5
2
1
4
27
2
2
3
10
9
6
4
43
10
5
3
71
4
1
1
37
1
6
2
11
2
6
4
34
10
2
2
36
4
6
2
53
3
5
