2
27
2
4
3
36
15
5
3
45
4
2
4
26
9
1
2
29
1
2
3
52
11
4
2
41
1
6
2
53
1
4
1
36
3
7
4
26
11
2
4
34
8
6
1
40
3
4
4
22
11
4
3
54
2
4
1
25
2
6
4
40
8
3
2
30
2
6
1
36
2
1
2
12
3
6
4
38
4
7
1
26
3
5
4
61
1
3
4
1
7
6
1
71
3
2
1
65
2
2
3
42
4
1
3
26
1
6
3
4
3
7
1
29
1
5
1
23
1
3
4
3
7
1
4
30
5
5
3
35
1
4
3
41
4
4
1
41
1
1
1
38
3
3
4
45
11
3
4
55
1
3
3
27
14
5
1
37
1
2
1
42
2
6
4
32
6
7
3
38
3
1
4
33
5
3
3
71
3
5
3
71
1
6
1
68
1
5
2
35
2
2
3
8
1
4
1
5
2
7
4
18
17
2
3
53
7
3
2
44
4
3
2
55
2
7
2
18
1
5
2
2
3
6
4
25
5
6
1
39
2
7
3
6
2
4
2
11
2
5
1
47
3
6
1
37
2
2
3
14
19
4
1
7
7
3
4
71
4
5
2
34
3
2
3
40
4
3
1
1
3
1
2
3
3
3
2
34
2
1
4
54
2
2
3
36
4
5
4
16
11
4
4
43
7
7
1
6
1
6
4
13
2
5
4
31
15
5
4
5
7
4
1
41
3
6
3
15
10
6
2
42
1
7
1
43
3
1
3
3
6
7
1
67
2
2
2
10
3
3
3
23
16
5
3
55
5
3
2
16
1
1
3
63
6
2
2
36
1
3
4
5
9
6
3
30
26
5
1
28
1
7
2
13
2
3
1
26
1
1
3
30
4
6
2
23
3
5
4
43
4
3
1
9
11
6
4
14
8
4
3
22
8
3
3
22
3
6
3
7
2
3
3
34
6
6
1
35
2
6
1
44
1
1
1
32
6
4
1
55
2
1
4
68
7
7
2
63
2
7
1
10
3
3
4
39
7
7
4
7
8
2
3
42
3
2
3
44
5
4
2
8
2
1
1
54
3
2
1
6
2
2
1
31
13
2
4
49
5
2
3
17
6
3
1
3
9
2
2
68
1
2
1
61
1
5
1
47
1
5
1
23
2
5
3
40
6
5
3
3
10
2
2
53
2
3
4
45
4
2
2
25
1
6
4
37
8
5
4
16
4
4
4
35
3
3
1
9
13
4
4
8
1
3
1
14
15
1
2
2
2
6
2
1
3
7
1
28
3
7
4
35
1
4
4
54
11
6
2
37
3
2
4
7
1
2
1
22
3
6
1
52
1
1
1
16
2
5
4
40
3
5
2
39
2
6
4
2
2
3
4
53
13
7
1
45
2
3
2
26
3
5
1
60
1
2
2
7
3
7
1
44
2
3
2
61
1
5
2
12
2
1
3
54
1
6
4
17
20
2
1
52
2
2
4
55
9
4
1
33
4
5
3
44
9
6
1
17
5
2
1
54
1
4
3
11
14
1
1
34
11
2
3
33
15
4
4
67
14
7
2
65
3
7
2
32
1
3
2
5
1
2
2
71
3
7
4
39
1
6
3
12
1
7
3
61
3
6
2
33
3
2
4
29
14
5
1
8
7
5
4
42
1
7
4
28
8
4
3
25
9
3
3
7
4
3
2
15
1
2
3
39
8
4
1
17
15
4
2
22
3
1
3
28
6
3
4
32
4
1
4
4
8
1
4
65
7
1
3
31
17
4
4
2
1
4
3
67
31
2
2
17
1
3
2
38
3
5
2
11
1
1
4
38
3
7
2
67
2
3
2
31
1
4
2
23
1
7
3
10
17
4
2
43
5
7
2
32
3
7
4
15
25
7
2
54
2
3
1
55
1
3
4
60
3
5
1
66
3
5
3
10
6
1
3
65
7
6
3
15
11
4
2
28
3
6
1
11
7
5
3
5
2
1
3
29
11
3
3
26
8
2
3
18
5
2
3
39
5
2
3
32
10
3
3
49
2
6
3
49
8
7
4
6
25
6
3
68
4
2
3
11
8
7
1
30
4
3
3
43
6
4
1
31
5
2
2
40
1
4
3
47
5
1
1
8
5
5
2
6
3
5
4
6
29
4
3
66
9
7
1
65
1
6
1
67
3
4
1
35
1
3
2
52
4
7
4
30
8
5
1
39
3
1
2
18
3
2
4
13
13
3
3
2
8
1
1
5
1
6
3
6
3
6
2
36
4
3
2
66
3
2
4
63
2
4
3
66
4
2
3
65
17
6
1
60
2
2
3
45
1
5
4
37
2
2
4
12
9
1
4
61
7
3
2
45
2
4
3
13
1
1
2
26
4
1
2
60
2
4
2
41
3
6
4
27
11
3
2
37
1
7
3
35
3
5
2
17
2
4
3
43
3
1
4
25
9
2
1
32
1
3
1
30
2
1
2
63
1
7
4
34
2
5
3
33
16
6
1
22
1
1
3
68
15
3
1
27
3
3
3
31
6
3
4
8
12
3
4
71
1
6
3
9
15
2
1
63
2
3
4
66
1
5
4
44
12
1
1
33
5
5
2
47
1
2
2
8
3
6
3
37
2
3
4
66
6
5
2
54
1
1
3
17
4
3
3
60
5
2
4
23
9
4
1
1
2
2
1
18
6
5
3
5
1
4
2
65
4
6
4
12
2
1
1
4
7
1
4
36
7
4
2
14
1
2
1
7
11
4
4
53
6
6
2
49
2
6
1
40
2
5
3
28
8
3
4
60
6
2
2
52
2
5
4
9
1
5
3
47
6
7
1
12
8
2
2
60
4
1
1
63
1
5
4
15
17
7
3
52
5
5
1
45
1
6
4
47
13
4
4
4
1
3
3
16
5
5
2
6
1
1
3
34
9
4
1
15
1
1
2
29
2
1
2
16
2
3
2
49
3
2
1
13
4
4
3
63
4
2
1
68
2
4
3
2
11
5
1
53
2
4
3
4
26
7
1
3
3
3
3
61
7
4
4
42
3
2
3
25
1
6
4
47
2
5
2
66
1
7
4
44
11
4
1
38
1
7
2
14
3
4
4
11
16
3
3
16
8
2
3
27
12
3
1
13
7
7
4
49
4
7
4
33
8
2
2
71
1
4
2
61
3
4
4
52
11
4
2
15
2
3
1
18
5
1
2
44
2
5
1
71
2
3
2
31
5
4
3
1
8
1
1
15
2
5
3
32
7
3
3
8
11
3
2
5
2
5
3
1
10
5
3
38
1
7
4
1
10
4
1
29
2
1
4
14
11
6
2
3
1
2
4
17
3
6
1
2
3
3
2
4
1
7
1
11
3
7
3
13
8
5
4
52
6
6
2
67
1
5
3
29
15
4
4
65
3
2
1
25
3
4
4
23
21
2
2
68
2
6
4
67
29
4
1
4
2
4
3
53
1
6
1
43
2
6
4
41
2
7
4
10
31
6
2
4
3
1
2
13
1
5
2
42
4
1
3
37
8
3
3
41
3
2
2
10
2
5
2
9
1
6
2
33
1
4
3
18
10
6
4
10
13
7
4
22
6
3
1
42
1
4
4
18
28
4
4
36
8
2
2
22
1
3
4
29
10
2
1
61
2
5
2
47
3
7
1
10
8
7
3
67
13
2
2
1
2
6
3
9
12
3
2
30
1
7
4
3
12
4
3
14
16
4
3
23
17
4
2
28
1
7
2
25
3
1
4
68
21
7
1
16
7
7
2
38
5
5
1
14
20
3
2
40
4
6
4
9
16
6
2
39
4
6
4
28
4
4
2
43
2
7
4
27
5
6
1
49
1
5
2
7
1
5
2
55
1
1
3
55
2
1
3
60
24
4
4
41
4
3
1
34
6
6
4
31
14
2
1
2
1
5
3
12
7
5
4
63
6
5
4
11
5
5
1
49
2
6
2
9
3
7
1
53
1
5
2
27
3
3
1
66
1
4
1
27
2
7
2
45
4
1
2
35
1
3
1
12
13
3
