1
7
4
6
2
15
1
4
2
12
3
5
3
71
3
2
4
7
1
7
1
33
1
5
1
23
1
7
1
40
3
6
1
1
2
5
2
4
2
3
4
67
25
5
4
49
3
3
4
28
2
6
4
34
4
4
4
68
12
6
3
33
18
5
1
3
4
3
2
2
3
5
4
11
28
3
3
45
5
1
4
28
3
5
3
52
18
1
1
31
18
2
4
4
1
3
1
41
1
7
1
65
2
4
3
42
4
6
3
23
7
6
4
29
15
2
3
15
7
1
1
8
14
3
2
30
2
6
1
44
4
3
3
30
10
3
3
54
2
7
3
61
11
6
2
38
4
6
3
49
5
1
4
42
2
6
2
3
2
3
3
55
15
3
3
40
2
5
4
8
17
4
1
10
3
4
1
55
1
1
1
13
5
4
2
13
2
7
3
22
6
5
1
3
6
4
4
65
4
5
4
55
6
7
4
36
9
1
4
25
7
2
1
68
2
5
2
47
3
2
1
45
2
7
3
2
6
2
3
30
6
1
3
32
6
5
1
60
2
3
4
44
14
6
3
5
4
6
1
52
1
7
1
49
2
6
2
54
2
3
2
35
1
7
3
10
26
4
4
60
3
6
3
31
24
5
1
49
1
7
4
11
24
4
4
30
5
3
2
39
2
1
1
28
3
7
4
43
4
2
3
5
2
7
2
28
2
2
1
63
2
4
2
40
3
3
3
41
4
1
4
40
4
6
3
65
14
2
3
23
8
1
2
44
5
4
2
18
3
5
2
53
2
7
3
3
9
1
4
61
7
7
2
54
1
4
1
1
3
3
3
33
1
6
4
71
3
2
4
26
8
6
2
41
2
7
3
52
13
5
1
43
1
3
2
42
3
2
4
5
2
5
1
6
2
3
3
53
1
2
3
1
4
3
3
13
2
7
4
17
18
4
1
27
1
7
2
44
4
2
4
27
6
1
1
61
2
3
1
18
9
7
3
65
17
7
2
5
2
2
1
67
2
2
2
6
2
1
1
25
3
3
2
68
1
4
4
2
10
4
1
54
2
1
3
31
13
1
3
60
27
4
4
6
21
2
4
71
4
2
1
43
3
1
2
10
1
7
2
30
1
5
1
29
1
4
4
9
9
3
2
49
3
2
1
16
6
3
4
29
3
5
1
32
7
4
3
11
8
1
2
15
2
5
1
61
3
6
3
29
15
3
3
68
4
2
3
8
6
5
2
11
3
2
2
52
5
3
4
23
12
1
2
36
4
6
3
63
3
1
4
60
2
5
3
38
7
2
1
40
2
7
3
16
1
5
3
9
21
1
1
68
3
4
3
42
2
1
3
4
27
2
2
17
1
6
3
44
4
5
3
16
3
6
3
6
1
3
4
47
9
2
3
11
9
6
3
60
3
5
2
61
2
1
1
7
9
7
3
4
24
6
1
26
3
1
4
8
19
7
4
7
2
4
4
33
1
7
4
41
1
1
3
28
10
4
1
5
2
1
2
26
2
5
2
45
2
6
4
22
4
4
1
9
9
5
2
31
1
7
4
30
3
1
4
32
8
1
3
66
4
3
1
35
3
3
4
4
10
1
4
16
6
5
4
45
14
6
4
12
7
3
2
35
2
4
1
52
2
4
4
39
3
6
2
2
2
2
1
25
1
6
4
14
8
5
3
15
1
1
1
44
3
6
2
53
1
4
1
31
15
2
4
39
7
3
2
61
1
5
2
55
3
6
2
36
5
6
1
71
3
2
1
15
5
4
2
33
1
2
1
34
4
4
4
37
13
3
2
5
1
5
1
66
3
7
3
2
11
2
2
10
3
7
4
22
20
3
3
37
11
5
4
49
4
1
4
31
5
5
3
26
9
5
3
10
17
5
1
32
6
4
2
16
2
3
2
39
3
7
4
37
9
5
3
67
2
4
1
14
7
6
4
66
3
5
3
12
2
3
2
60
3
3
2
29
3
5
2
42
4
3
1
53
1
6
2
16
1
4
2
3
3
7
4
44
18
6
4
54
6
7
1
47
1
2
4
65
10
2
2
17
2
7
1
15
3
5
3
54
1
3
4
45
5
2
2
65
3
5
1
23
2
5
2
13
1
2
1
12
1
6
4
35
4
1
4
13
2
4
1
37
2
1
4
5
7
1
2
1
3
4
2
25
1
1
2
18
1
6
3
7
4
5
1
28
1
1
2
34
3
5
3
14
17
3
2
26
1
2
2
66
2
5
3
43
7
3
2
27
2
5
3
45
2
1
2
22
1
4
4
63
10
5
3
27
2
1
2
32
1
1
4
6
14
3
2
67
1
5
1
54
3
5
1
39
4
4
3
43
1
1
1
36
1
7
2
8
1
7
4
13
8
7
2
71
2
5
4
38
4
2
1
12
2
7
2
66
3
2
2
14
2
4
1
22
3
2
3
35
8
5
3
39
3
5
1
29
2
3
4
54
5
7
4
2
9
3
2
1
2
4
3
71
4
4
2
9
2
1
4
52
19
7
4
61
8
7
3
17
10
6
4
1
14
5
2
55
2
4
1
10
8
6
2
37
2
7
2
67
2
6
1
34
3
3
4
66
1
2
2
27
1
2
1
55
2
3
3
53
3
1
1
4
7
5
4
38
6
5
1
45
1
6
3
13
3
5
3
35
7
4
1
42
1
1
3
38
1
6
3
68
1
7
1
13
8
7
4
67
11
3
2
12
2
1
4
33
3
1
2
52
1
3
3
18
16
5
3
63
7
7
3
36
9
2
2
71
1
1
4
53
10
7
1
11
12
5
2
7
2
4
3
26
3
1
3
61
1
1
1
30
14
3
4
34
1
1
4
55
2
7
3
28
9
4
2
22
2
1
1
30
21
2
1
11
9
3
1
35
1
1
1
63
1
4
3
25
9
6
2
49
1
6
4
18
6
4
3
12
4
1
3
37
10
1
1
2
5
5
3
9
3
1
4
35
3
4
4
14
34
4
2
11
1
7
1
37
1
4
2
60
1
7
4
26
7
3
2
7
3
3
3
25
5
4
4
3
7
4
1
38
3
3
1
42
2
1
2
65
2
3
4
40
2
1
3
49
2
3
4
15
26
1
1
53
2
2
1
26
1
6
3
66
6
5
2
41
3
5
4
43
3
1
3
40
4
1
4
10
25
7
3
44
2
2
3
8
11
7
1
38
2
1
2
43
5
2
3
67
12
4
2
45
3
3
4
31
17
7
1
4
5
4
1
65
1
3
3
27
13
7
4
41
2
4
1
33
8
2
1
39
2
4
3
34
2
1
4
32
4
1
4
1
2
4
2
9
3
5
2
38
1
2
1
22
1
7
4
52
1
4
3
22
1
2
4
17
17
1
1
60
1
2
1
6
1
4
1
67
3
4
1
47
3
1
3
32
2
7
4
47
17
2
2
33
2
2
2
6
1
4
3
34
9
1
3
1
5
4
3
41
2
2
2
32
4
1
2
34
2
4
1
41
2
4
3
47
7
7
1
18
14
2
2
63
1
3
4
42
5
6
4
68
3
3
1
9
14
4
1
17
6
1
3
17
4
7
2
43
2
6
1
16
4
6
1
17
5
1
4
9
31
7
3
47
4
2
1
27
2
6
2
68
4
2
4
25
5
3
1
66
2
7
4
15
11
7
2
47
2
6
1
14
18
1
2
29
1
1
4
23
19
7
3
14
23
2
4
18
19
1
4
12
4
6
4
16
1
3
3
18
12
6
4
27
2
6
3
6
5
4
2
4
1
3
1
36
2
1
3
7
5
5
2
40
2
3
4
63
9
5
1
71
2
7
4
3
14
4
2
31
3
3
3
39
10
4
3
3
2
3
2
63
3
5
2
8
2
6
4
36
15
1
2
14
3
4
2
23
2
2
4
10
29
3
4
53
1
3
2
37
4
4
1
5
1
5
3
36
2
6
1
8
9
7
2
23
1
7
1
2
2
3
3
55
4
7
3
29
12
5
2
28
3
1
2
25
3
6
