2
14
1
1
4
30
1
6
1
61
1
5
2
32
2
5
1
60
2
5
2
27
3
5
1
28
2
7
4
34
6
3
4
49
8
1
4
14
22
5
2
33
1
5
2
28
2
2
4
66
1
5
3
23
1
2
4
9
21
7
4
34
7
3
4
27
4
5
3
35
5
5
3
28
16
2
3
6
2
2
2
43
4
4
3
60
30
1
2
61
2
4
2
8
3
5
3
63
3
7
2
11
1
6
1
4
7
7
4
26
8
6
1
67
3
2
3
68
10
4
3
7
4
2
2
5
2
5
1
36
2
2
4
52
2
4
4
25
6
6
1
49
2
6
2
10
1
5
4
44
7
7
1
25
2
1
2
38
5
4
3
29
18
1
3
67
32
5
4
4
21
4
1
38
1
3
3
22
8
3
2
65
4
6
3
9
21
3
1
40
1
2
3
16
6
6
2
44
5
4
3
11
20
4
2
12
3
6
3
66
4
5
2
26
1
2
1
45
1
7
1
32
2
6
2
31
3
6
3
47
9
7
2
15
2
5
4
63
5
7
2
36
4
2
3
71
5
4
4
61
11
6
2
49
1
6
4
54
3
4
2
4
1
5
2
6
2
5
1
34
4
5
3
53
4
4
1
26
3
1
4
66
5
6
3
55
17
7
3
22
2
2
3
37
7
7
3
63
4
7
3
42
1
3
4
35
5
5
1
13
4
1
1
52
3
7
4
60
2
6
3
29
6
3
3
32
1
6
1
60
1
3
1
17
11
2
1
68
1
7
2
1
1
3
4
60
4
2
3
30
10
6
3
55
12
1
2
2
3
7
1
52
2
3
2
52
3
7
3
14
1
7
1
33
7
6
2
12
2
4
4
68
24
7
1
45
2
6
4
10
7
1
2
67
1
2
2
31
2
6
3
14
12
6
2
42
3
7
1
9
11
6
4
8
11
7
4
15
17
1
1
29
2
4
1
37
2
7
1
61
2
2
1
47
1
2
1
25
3
3
1
22
2
3
3
10
24
7
4
31
9
2
3
68
7
4
3
11
25
1
1
23
2
7
2
34
3
7
2
63
3
5
4
4
12
5
4
52
18
7
3
34
8
4
4
41
3
7
1
14
20
7
1
32
6
7
2
5
1
6
1
43
3
3
1
26
1
2
3
45
7
6
3
6
1
5
3
31
23
2
1
16
5
2
1
53
1
3
2
11
2
6
3
5
5
5
4
37
11
3
3
26
2
3
1
53
2
4
2
9
1
1
1
65
1
5
3
52
4
7
2
22
2
5
1
28
1
4
4
9
3
5
3
45
5
5
2
36
5
4
1
41
3
1
3
16
1
1
4
2
3
2
4
29
1
6
3
36
1
1
2
39
3
6
2
16
1
5
1
63
2
3
1
38
3
1
1
1
2
2
4
5
20
6
1
15
1
3
1
8
11
5
1
12
7
4
3
44
6
5
3
13
3
4
4
43
3
1
4
39
1
2
1
33
8
6
3
47
6
4
2
2
2
4
1
71
3
6
3
34
4
3
2
8
1
6
2
14
2
1
1
2
5
6
2
45
4
2
2
55
1
7
3
36
3
6
1
68
3
2
1
47
3
1
2
55
3
7
2
61
3
3
1
16
6
1
1
37
1
3
3
2
8
7
2
7
2
7
1
7
2
4
1
40
2
5
4
3
18
4
3
31
28
2
3
8
17
5
3
17
3
3
1
4
1
5
3
10
21
5
3
27
9
3
3
13
8
6
4
2
6
7
2
30
3
2
2
38
3
7
1
2
4
2
3
3
1
6
3
27
10
2
4
13
4
1
4
47
2
1
3
39
9
3
3
12
1
3
2
4
2
4
4
71
1
4
1
54
2
4
2
52
5
7
4
32
2
7
4
53
11
3
2
3
2
2
3
25
4
5
2
66
3
2
3
35
1
2
3
18
20
2
3
7
5
4
3
15
12
1
4
12
5
2
2
7
1
7
3
43
1
4
4
39
9
3
2
16
2
1
1
14
13
2
2
29
2
6
2
32
3
4
3
17
12
6
1
66
2
6
4
44
17
4
4
11
22
2
2
71
2
1
2
22
1
1
3
4
27
1
2
1
3
5
2
66
1
4
2
44
3
1
3
1
3
5
3
61
10
6
3
1
2
4
4
61
10
7
1
27
2
4
3
39
6
7
2
47
3
4
3
25
5
5
2
26
2
6
4
5
16
4
1
12
4
1
1
30
3
1
4
22
2
3
1
10
1
1
4
23
15
5
1
6
1
4
2
60
1
1
4
26
10
2
1
11
9
2
2
18
1
5
3
41
1
7
3
37
1
3
4
7
3
4
2
65
1
5
2
35
2
3
4
12
3
3
2
53
2
5
2
6
3
4
3
40
2
1
3
52
11
7
4
6
12
4
2
33
3
7
2
13
2
3
4
65
8
3
2
54
2
3
3
60
21
3
1
23
1
7
4
6
6
5
1
71
2
4
4
42
5
1
1
39
4
5
4
31
23
3
2
40
3
3
4
33
4
2
3
65
16
1
3
40
4
5
3
3
9
3
4
17
16
2
2
10
2
7
4
30
4
1
3
4
4
6
3
61
11
2
2
49
4
5
3
67
21
1
1
63
1
6
2
30
2
3
1
1
1
6
1
55
1
7
2
28
1
3
3
8
4
5
1
30
6
6
4
18
6
7
1
18
11
5
4
32
3
6
3
49
7
4
2
23
3
5
2
40
2
7
4
33
5
7
1
44
1
5
4
38
8
6
1
5
2
2
4
40
2
2
2
42
1
7
4
45
6
5
3
44
5
4
4
28
13
2
1
39
3
7
1
42
1
1
2
53
1
3
4
27
8
7
1
18
6
2
3
65
21
2
2
37
1
3
4
14
16
2
3
54
2
3
3
9
2
3
2
25
2
7
3
18
12
3
1
3
2
5
4
8
6
2
3
53
1
4
3
71
2
1
1
41
1
2
1
3
6
2
4
28
8
7
4
55
5
4
4
38
5
3
1
54
3
6
1
15
4
3
1
27
1
3
3
23
11
7
3
32
9
5
4
67
17
4
4
18
3
5
4
65
15
1
4
25
5
1
2
43
2
2
1
8
14
1
4
16
12
7
2
68
1
5
2
67
2
4
2
68
2
3
2
9
3
6
2
41
1
6
3
30
11
7
2
27
2
7
1
10
8
2
1
65
2
7
4
36
9
4
3
41
3
7
1
44
3
2
4
3
20
2
4
17
9
6
4
41
4
6
4
63
12
2
4
35
2
4
2
15
1
2
4
11
8
1
2
18
3
2
4
13
14
2
2
25
1
6
4
68
17
1
4
36
14
7
4
43
8
3
2
37
2
4
3
33
4
1
4
22
14
4
2
41
5
3
2
71
3
4
4
42
4
1
4
1
8
4
3
42
4
6
4
49
3
6
4
71
5
7
1
34
1
4
4
23
3
7
4
67
4
4
3
43
8
6
3
33
22
3
4
40
7
5
1
66
3
7
4
37
6
1
1
36
1
4
3
38
8
7
2
29
3
4
2
54
1
3
2
17
2
3
1
31
11
2
1
43
2
3
4
45
1
6
3
54
1
6
1
11
11
4
2
17
1
4
3
49
4
1
4
1
4
2
2
60
3
2
3
2
9
2
4
10
24
5
1
31
17
3
4
15
1
2
2
3
3
1
1
42
2
6
3
12
7
4
4
16
2
5
2
35
1
2
1
7
9
5
2
45
1
1
3
38
11
1
1
17
10
3
1
6
2
2
3
28
6
3
2
63
2
2
2
34
2
4
3
5
1
5
1
9
12
1
3
66
5
2
1
29
3
3
1
67
2
7
1
5
1
2
4
53
4
6
2
13
3
7
1
55
2
4
4
29
9
2
4
54
11
1
3
15
6
7
1
49
1
2
1
35
1
1
1
35
3
4
3
26
9
4
2
39
1
1
1
13
2
7
2
47
4
4
1
22
3
4
2
23
2
6
4
47
11
2
4
55
13
1
4
7
2
3
