3
22
12
5
2
67
2
6
2
29
2
4
3
5
1
2
3
71
3
2
3
52
16
2
4
23
21
3
4
52
4
3
3
43
3
6
2
39
4
5
3
38
8
3
4
34
5
4
3
16
2
5
2
60
4
4
4
71
4
6
4
23
15
7
2
16
1
7
3
35
4
6
3
34
2
1
4
7
7
3
3
3
5
4
1
39
4
2
3
22
1
7
1
12
12
2
4
52
13
7
4
14
20
2
2
54
2
2
2
9
2
2
3
55
5
3
3
13
9
6
1
10
2
6
2
71
2
4
2
31
4
2
4
40
5
3
1
15
5
7
1
44
1
3
4
41
2
5
2
44
5
2
1
41
1
4
2
41
3
4
1
32
7
7
2
31
1
1
2
16
3
3
3
33
3
5
4
10
27
6
1
30
12
1
4
63
6
7
4
61
3
4
3
9
11
5
1
47
1
7
3
11
14
3
2
65
1
4
4
22
18
7
3
12
7
4
1
12
11
7
3
61
3
1
2
23
1
3
1
14
11
1
4
2
7
2
1
33
6
1
3
37
6
3
1
29
1
1
1
42
2
7
4
12
7
5
4
26
6
5
1
27
1
2
2
6
3
4
2
25
1
1
1
5
2
3
2
44
3
2
1
30
14
7
3
36
5
3
1
9
6
3
4
67
1
5
1
2
6
5
2
4
1
4
1
53
1
5
2
55
1
4
3
31
15
1
3
40
2
1
2
27
1
1
3
39
1
6
1
67
3
1
2
10
3
6
1
38
3
3
3
53
1
3
2
42
3
4
4
42
2
3
4
60
3
2
4
43
8
7
4
30
3
7
3
3
6
4
1
26
1
6
4
27
6
6
2
3
2
5
3
49
1
7
4
6
23
6
4
27
10
7
2
68
2
1
2
13
1
5
1
1
3
7
3
9
27
1
1
18
4
4
3
71
2
5
4
68
16
3
1
40
3
2
4
9
32
3
1
17
7
2
2
52
5
3
1
35
2
2
4
8
3
1
3
15
2
5
3
68
8
3
3
6
6
5
2
12
3
7
4
47
13
1
4
3
7
2
1
32
5
5
2
55
3
6
1
65
2
2
1
6
1
5
3
2
7
6
1
35
3
3
4
66
6
4
4
13
2
3
1
63
2
6
3
63
8
2
4
13
13
2
4
37
10
4
2
22
2
6
3
6
3
3
2
18
4
6
4
17
14
7
2
25
3
2
1
44
4
3
4
38
5
4
2
35
3
1
3
54
2
7
1
37
1
7
2
9
1
7
3
65
4
4
1
8
10
1
4
71
1
7
4
65
8
1
1
1
2
5
4
28
5
4
3
43
2
5
3
10
14
5
3
30
20
6
4
25
1
5
1
54
2
2
1
60
2
3
3
49
5
4
1
47
3
2
1
40
1
1
2
67
1
2
4
39
6
6
1
61
2
6
2
61
1
5
1
3
2
6
2
11
2
1
1
5
1
6
2
22
3
3
1
27
3
7
1
34
9
4
4
5
8
2
2
7
1
6
4
4
6
4
2
40
2
6
3
68
11
6
3
63
12
4
1
23
1
3
1
3
5
5
2
3
3
4
2
5
3
1
4
39
1
3
2
34
2
2
2
28
3
5
3
17
17
7
4
44
3
4
2
37
1
2
1
15
3
7
3
28
14
1
2
68
1
5
1
28
2
4
4
35
4
2
3
15
13
5
4
63
7
6
1
34
3
4
4
1
13
4
1
16
2
6
2
43
2
6
2
52
3
1
2
54
1
2
1
41
2
2
2
5
1
3
4
67
4
5
3
47
5
2
2
14
3
4
3
42
1
3
4
25
6
4
4
32
3
7
3
26
11
7
1
43
3
2
2
47
2
5
1
10
8
6
2
15
3
6
4
14
30
3
1
36
1
7
2
11
1
2
2
33
3
2
1
63
1
6
1
31
7
6
2
4
3
5
4
12
6
2
2
26
1
7
4
6
25
3
1
28
1
3
4
54
9
1
3
44
1
3
3
17
3
7
1
53
2
7
4
35
5
3
4
65
4
7
4
60
4
1
4
45
8
4
1
43
1
4
4
4
1
1
3
7
3
5
2
28
2
3
1
4
5
7
2
40
3
1
3
33
2
5
2
53
3
1
3
37
11
7
1
55
2
5
4
38
6
3
1
38
1
2
4
17
26
6
3
5
2
2
3
8
3
7
2
45
4
6
4
66
3
1
3
8
1
4
4
11
27
6
2
43
3
1
3
34
3
5
3
45
3
3
3
52
14
3
2
49
1
4
4
34
3
2
3
31
19
4
4
26
1
2
3
4
24
5
4
41
3
2
3
23
13
3
2
45
3
1
2
1
1
1
4
53
7
7
3
11
13
3
3
38
12
2
3
45
5
6
1
13
5
3
4
29
4
7
2
35
2
1
3
40
1
1
4
9
4
5
3
18
19
2
1
25
2
3
2
53
1
1
3
30
4
7
4
49
3
3
4
10
31
1
1
66
2
7
2
2
1
3
3
42
3
4
4
31
11
6
1
7
7
5
1
4
2
1
2
18
1
5
3
25
1
4
3
18
18
7
1
22
3
3
4
28
11
7
3
16
7
6
1
71
3
2
4
49
2
1
3
54
1
6
4
36
1
2
3
14
19
2
3
10
10
2
3
29
19
1
4
42
4
7
3
32
8
1
1
42
1
4
1
45
2
4
3
1
7
6
1
6
2
3
3
39
3
4
3
26
4
4
4
32
6
5
2
34
3
4
4
37
1
1
2
66
1
1
2
17
1
7
4
16
1
2
4
61
2
5
4
18
21
3
2
36
1
6
1
65
1
2
1
49
2
1
4
53
1
7
2
8
3
7
1
66
1
4
1
36
3
2
3
7
4
6
2
15
1
2
1
2
7
4
3
32
10
3
4
3
5
5
1
23
3
5
3
41
4
4
4
33
10
1
2
23
2
4
2
6
2
5
1
18
2
1
4
15
4
6
4
5
27
4
1
37
2
1
1
54
1
4
2
63
3
6
4
2
8
7
3
2
10
5
4
54
12
5
4
40
4
5
4
45
14
7
4
16
10
1
4
36
13
6
4
43
11
2
2
38
3
6
2
7
2
3
3
28
11
2
1
49
1
6
3
27
15
7
1
33
2
5
1
45
1
7
2
12
2
3
1
7
11
1
4
30
1
2
1
11
10
4
2
32
2
4
4
1
10
5
1
14
22
5
2
66
2
5
3
25
7
5
4
33
9
3
4
68
11
1
4
8
9
6
2
60
1
4
1
55
1
5
2
8
2
2
1
52
1
1
1
13
8
6
3
65
15
7
3
60
12
5
1
26
3
5
1
22
1
1
4
22
8
6
1
60
1
5
2
63
1
1
4
55
4
3
2
1
2
7
2
39
2
4
3
44
5
4
4
47
14
6
4
11
13
2
3
47
10
1
2
38
1
6
2
49
4
4
2
71
3
6
3
29
1
3
2
65
2
5
3
60
1
4
1
8
16
1
3
53
6
1
1
25
1
7
3
12
3
3
1
71
2
3
3
41
3
1
3
13
7
7
1
52
3
7
3
35
3
3
2
2
2
1
4
18
24
1
3
61
9
3
1
61
3
1
3
4
20
3
4
7
6
2
2
29
1
6
2
17
3
5
2
13
2
5
4
29
13
7
4
15
22
5
2
10
1
6
4
31
14
7
3
27
12
7
2
32
4
6
1
16
4
1
1
68
1
4
4
55
1
3
2
26
3
6
2
41
4
1
3
67
2
6
3
23
14
3
2
47
3
6
4
44
2
1
2
30
1
3
2
42
1
7
2
30
3
6
3
36
1
7
3
66
7
5
2
27
3
4
2
36
2
6
1
31
13
7
3
1
5
2
1
9
9
5
2
33
1
3
3
67
3
1
3
66
6
6
1
17
13
6
1
67
1
1
1
68
3
1
3
14
4
6
1
29
3
7
2
37
4
7
2
61
2
1
3
55
7
7
1
11
3
2
1
39
3
2
2
14
2
5
