3
7
4
1
2
16
3
5
1
53
1
4
4
33
3
4
3
54
2
1
1
65
2
4
1
34
7
1
4
29
10
7
3
18
5
5
1
44
3
7
2
43
4
3
4
47
14
3
1
41
1
2
2
49
1
1
4
30
8
6
4
11
21
7
4
9
20
6
4
28
11
6
1
67
3
1
3
47
10
7
3
65
21
2
1
5
2
6
4
25
6
6
2
16
1
1
1
1
3
7
3
37
6
1
4
3
13
3
1
6
2
2
1
12
8
2
4
37
3
5
3
26
7
4
4
17
10
7
4
49
1
6
1
37
1
3
1
4
3
3
1
61
3
5
2
14
3
2
3
11
18
7
4
43
12
6
4
8
19
5
3
2
2
6
4
65
11
1
2
36
3
5
3
16
7
6
2
32
2
6
2
49
3
7
4
6
8
4
1
17
14
6
2
27
2
3
4
63
9
1
2
60
3
6
4
10
15
4
1
54
3
1
4
66
5
6
1
26
1
6
3
17
13
1
1
32
7
4
2
71
2
5
4
2
7
4
4
16
8
6
3
60
31
3
2
22
3
5
2
6
2
3
4
25
5
5
1
7
5
3
1
55
1
3
1
43
1
7
1
60
2
3
1
52
1
7
3
39
10
7
1
23
1
3
3
54
1
1
3
1
2
6
3
41
3
7
1
52
2
1
2
1
3
5
1
22
1
3
2
65
4
3
4
67
9
1
4
35
2
5
2
45
3
7
1
40
3
2
2
15
3
6
4
61
6
6
3
63
4
3
1
27
2
1
1
11
5
2
2
30
4
6
2
23
1
6
4
71
3
7
1
14
2
3
1
30
19
1
2
68
4
2
2
34
2
4
2
3
2
6
1
25
1
3
2
10
3
1
3
23
8
6
1
32
5
3
4
29
14
5
4
49
3
4
2
43
1
3
4
12
10
4
4
34
9
3
2
23
3
5
4
52
8
2
2
68
3
6
4
12
9
4
4
66
1
1
1
9
11
3
4
45
3
7
3
31
19
3
2
71
1
1
2
67
1
4
3
4
5
1
1
9
4
3
3
66
6
2
4
37
1
4
3
3
6
2
2
12
1
1
1
8
10
3
2
52
5
4
1
37
2
2
4
55
8
5
1
67
2
4
4
42
1
2
1
16
7
4
3
13
4
3
4
34
13
7
3
39
3
5
2
31
5
5
1
31
2
1
4
44
19
4
1
10
1
1
3
9
9
7
2
39
4
7
1
66
1
5
2
2
3
4
1
38
1
2
3
18
13
2
2
27
3
3
3
2
9
7
2
38
1
5
2
54
1
4
3
40
3
6
3
28
2
7
3
37
4
3
3
52
16
5
4
7
4
5
3
27
3
5
3
25
6
3
4
2
3
7
4
10
22
6
1
22
3
3
3
33
18
7
1
55
2
5
2
66
3
2
1
47
3
1
1
23
2
1
1
18
3
1
2
53
2
3
2
22
1
6
3
32
4
1
3
45
6
3
2
67
2
3
3
17
9
4
4
9
26
7
4
3
17
6
4
41
3
5
4
63
2
3
4
17
4
6
2
66
2
2
2
35
3
7
4
60
7
6
1
17
16
1
3
36
10
2
3
44
7
4
2
35
1
1
2
7
1
5
1
36
1
3
1
68
1
2
4
27
3
5
4
60
2
3
3
65
14
4
3
12
4
3
1
35
4
6
2
17
1
5
1
33
1
4
4
18
24
2
3
22
3
5
2
55
3
7
4
15
12
3
3
32
6
2
3
68
15
1
4
40
4
3
2
2
1
5
4
30
7
4
1
43
2
2
1
10
5
5
4
15
22
7
1
39
4
5
2
63
2
6
2
33
1
3
1
42
2
6
4
44
12
4
4
13
13
2
1
25
3
4
1
28
3
4
2
5
1
2
2
26
3
5
3
61
10
6
1
34
11
4
3
10
19
6
4
27
9
2
4
39
9
2
4
52
14
6
4
45
12
7
4
32
1
5
2
37
3
4
4
1
9
7
1
29
1
1
3
1
8
5
4
23
4
5
3
12
6
6
3
47
9
3
3
52
18
2
2
9
3
1
2
12
2
2
1
49
1
4
3
5
2
7
2
36
4
6
1
47
1
4
2
7
2
4
3
13
1
3
1
45
2
7
2
47
1
2
3
49
3
2
3
9
16
1
3
67
35
5
2
41
3
7
4
26
3
1
4
41
4
5
3
71
3
4
4
36
5
4
4
38
4
3
1
4
6
4
3
61
11
4
2
34
3
2
4
4
1
2
2
32
4
2
4
5
18
7
2
5
2
1
4
13
1
5
3
53
7
4
2
52
4
7
4
53
13
3
2
61
2
5
1
3
6
2
4
47
16
2
4
68
21
5
2
28
2
2
4
61
4
5
3
8
15
1
1
14
5
7
3
16
1
4
4
22
3
6
1
3
1
6
2
14
2
7
2
26
1
1
4
36
13
5
3
6
1
5
1
35
2
7
4
67
16
3
1
63
2
4
4
22
11
4
1
30
9
3
3
45
3
6
2
4
2
7
2
4
3
2
2
18
3
6
1
5
1
2
4
42
5
7
1
28
2
1
1
42
1
2
1
33
3
7
4
1
4
5
1
27
1
1
1
12
15
1
3
25
8
1
2
1
1
6
2
65
2
6
2
54
2
5
3
23
12
1
4
31
26
2
4
39
6
6
4
14
15
7
2
44
3
7
2
28
1
6
1
8
2
1
2
39
3
4
1
41
3
7
3
53
1
6
2
10
2
5
4
16
9
1
2
33
2
3
3
22
11
3
2
8
1
6
4
6
30
6
1
15
3
3
2
25
1
3
3
3
1
6
3
43
4
1
3
49
2
3
4
43
2
2
2
61
1
7
1
63
1
2
2
15
2
7
1
49
2
5
1
15
5
3
2
17
3
3
2
42
1
5
4
18
20
6
2
42
2
3
3
14
22
2
3
26
1
7
1
60
1
4
1
31
9
4
2
13
2
7
1
11
12
3
1
38
3
4
3
27
17
1
3
6
5
4
2
44
4
6
3
55
15
6
3
29
3
5
1
29
2
7
2
30
3
7
1
61
2
6
4
23
19
6
3
10
4
1
3
40
1
7
3
15
6
5
3
35
7
1
3
66
4
1
2
53
3
6
1
44
1
6
4
32
6
6
1
65
1
2
4
55
12
3
1
66
3
5
2
9
1
2
3
68
6
4
3
7
2
4
1
16
3
4
3
60
14
5
2
6
3
6
3
29
2
3
3
67
30
5
1
26
3
3
1
13
7
1
2
25
3
6
2
29
2
1
3
30
23
6
3
31
6
3
2
11
3
1
4
40
8
2
2
29
1
7
2
11
2
4
4
65
5
2
1
6
1
6
4
53
6
3
3
71
2
7
4
38
6
2
1
68
3
2
3
43
2
4
3
41
2
5
2
40
1
1
3
36
15
2
3
8
17
4
2
8
2
4
3
15
2
3
1
54
1
6
3
55
14
3
1
71
3
5
3
35
3
7
4
26
11
1
2
31
2
3
4
4
20
7
1
36
3
1
1
13
5
3
3
44
10
2
4
54
9
3
4
35
1
4
3
63
12
4
4
11
8
5
2
3
1
2
2
55
2
2
3
33
1
4
3
11
17
7
2
37
4
6
4
71
1
4
2
38
2
3
1
18
1
5
3
14
20
5
4
28
9
2
1
1
1
1
3
42
1
7
4
7
6
4
3
4
16
7
2
63
3
3
3
38
12
6
3
42
2
5
1
39
2
4
3
28
6
6
4
68
14
3
3
38
7
7
1
71
2
6
4
14
30
5
2
18
2
6
3
5
4
2
1
40
2
7
4
54
2
2
4
33
2
2
2
47
4
6
2
40
4
5
4
31
19
1
1
53
2
5
3
30
16
2
2
41
4
5
1
2
4
7
2
60
1
1
3
34
11
4
4
5
20
3
1
7
1
1
1
2
7
6
2
45
1
4
3
34
6
3
2
13
1
7
4
8
11
2
1
45
1
3
