1
30
6
7
2
27
1
2
2
40
3
5
3
61
8
6
2
44
3
3
4
35
3
6
3
30
23
2
4
61
7
7
3
26
12
6
4
37
5
2
4
60
3
1
2
22
1
6
3
42
3
4
2
3
2
1
3
43
5
2
2
11
1
5
2
14
1
1
4
36
11
4
4
63
7
7
2
42
4
7
3
2
6
5
3
38
3
5
4
3
3
4
3
41
4
3
4
13
2
6
4
66
5
1
3
1
3
1
1
43
3
7
3
15
7
1
4
63
9
7
2
33
2
4
1
10
2
6
3
52
18
7
2
36
5
4
2
55
1
3
2
15
2
1
3
16
7
7
1
30
11
2
4
26
2
3
3
68
16
7
1
10
6
3
4
16
11
1
3
65
7
2
2
71
2
6
1
42
2
1
2
52
3
1
3
71
4
7
3
49
1
7
2
44
1
7
1
65
2
7
1
38
2
4
1
23
1
6
2
23
2
5
4
42
4
7
1
11
12
6
4
25
7
7
1
16
4
6
1
52
2
6
4
32
11
3
3
40
2
6
3
5
5
7
3
33
4
4
3
22
3
7
2
17
3
1
3
8
18
4
1
35
4
1
2
6
1
2
3
27
3
5
1
54
1
6
4
17
26
5
4
18
23
2
4
28
2
5
2
7
2
5
4
28
7
5
3
67
28
7
4
39
3
2
3
68
2
6
3
42
1
6
3
63
4
1
1
34
3
4
4
15
20
3
1
67
1
1
1
66
2
5
4
65
15
7
2
54
2
2
2
16
3
6
2
45
1
6
2
65
1
6
2
32
1
7
1
29
3
4
1
16
6
5
3
34
1
4
1
41
2
6
2
30
3
6
1
61
3
7
2
2
2
6
4
66
6
7
2
28
2
7
1
42
1
1
2
13
1
2
1
40
2
7
3
2
8
1
4
38
6
4
2
39
4
7
4
23
7
6
1
71
2
7
1
25
3
7
3
14
1
7
4
6
30
3
4
53
4
4
2
2
1
3
2
4
1
5
3
33
22
5
4
45
12
5
1
4
2
6
4
55
6
4
3
29
14
2
4
9
28
6
2
63
3
2
2
33
1
4
2
61
2
3
1
55
1
1
2
9
1
5
2
36
4
2
4
15
26
4
2
41
4
1
4
14
26
7
1
55
2
2
3
17
7
4
1
34
6
4
2
55
3
1
1
60
2
6
2
28
3
5
3
38
1
6
3
32
8
6
4
54
5
3
3
60
10
6
4
2
7
6
1
31
7
2
1
14
19
6
1
39
3
3
1
39
1
4
2
60
4
5
3
47
6
5
2
66
2
4
3
39
8
6
4
23
16
5
4
9
18
7
3
45
2
6
2
6
3
1
3
25
3
5
2
10
3
1
3
55
8
6
1
17
14
7
3
28
8
6
3
55
6
6
2
17
2
1
1
37
2
4
4
43
4
1
1
32
2
2
1
6
1
7
4
52
16
2
3
12
2
4
4
45
6
3
3
39
7
4
2
5
1
6
3
16
2
1
4
10
28
2
3
15
8
2
2
29
1
6
2
53
1
4
2
47
1
7
1
26
1
7
2
18
4
4
3
10
20
1
1
71
3
2
2
25
2
2
1
47
2
3
3
37
9
4
4
68
21
7
4
22
2
4
1
11
8
4
3
52
14
6
4
33
10
7
4
53
8
1
4
4
6
5
1
63
1
3
2
3
3
2
1
67
2
4
2
25
3
2
2
65
3
2
2
71
3
4
3
30
3
1
3
13
6
4
1
22
2
4
3
12
4
2
1
53
2
6
1
27
3
5
2
45
2
7
4
40
6
4
4
30
6
2
4
55
1
1
3
9
13
6
2
8
2
3
3
10
6
3
1
54
3
2
1
32
3
6
3
53
5
6
1
63
2
3
4
31
11
1
1
1
3
1
4
37
11
1
3
23
3
1
1
25
2
6
4
30
5
5
3
6
4
6
4
47
17
2
1
47
1
5
1
13
3
4
4
71
2
4
2
22
3
2
3
34
7
2
4
43
9
6
1
12
8
6
3
35
5
1
4
68
19
4
1
31
17
2
2
26
3
6
4
67
9
6
2
68
1
5
2
4
3
1
2
5
3
7
3
54
1
2
3
26
2
5
2
1
2
6
4
29
11
4
4
1
12
5
2
37
2
1
4
16
8
3
2
32
4
2
1
60
1
5
4
5
23
3
3
1
10
6
4
27
5
3
3
44
9
2
4
52
5
4
1
40
1
7
4
11
30
4
4
42
1
1
4
36
6
4
1
49
2
6
3
6
5
6
4
44
18
7
1
5
2
1
4
35
4
1
4
34
10
5
1
36
3
2
4
7
7
2
1
41
3
5
3
40
6
2
2
23
1
4
4
4
26
3
3
47
7
4
2
61
1
3
2
15
3
7
1
45
2
2
4
13
14
6
1
38
3
2
1
18
1
7
1
36
1
7
2
31
1
4
1
66
1
1
3
45
3
6
4
41
2
2
3
29
11
7
1
61
2
3
1
13
9
3
4
71
3
3
1
28
2
5
3
44
7
1
2
60
2
5
3
60
11
3
1
1
2
3
4
10
13
6
4
67
13
4
2
27
3
5
1
33
7
7
1
15
5
4
4
32
9
7
1
8
16
1
3
71
3
3
1
22
1
6
4
12
5
7
3
54
2
5
4
11
10
2
4
40
3
5
3
66
9
7
3
18
9
2
2
7
1
6
3
63
5
6
2
35
3
6
2
16
1
3
4
49
7
7
4
14
19
2
3
66
3
3
2
49
1
6
2
14
2
6
2
53
2
1
4
34
9
2
2
31
3
3
3
18
22
3
1
7
9
6
3
25
2
2
2
13
3
5
4
8
1
2
3
31
28
3
4
8
14
5
1
3
1
4
2
47
3
1
1
15
3
4
1
27
2
4
2
29
2
7
3
13
1
2
1
23
2
1
4
25
8
3
4
22
18
5
2
37
1
4
1
6
2
6
2
54
1
2
2
66
3
7
2
26
1
1
1
9
5
4
1
12
4
7
3
7
2
6
4
33
9
6
3
35
8
4
4
41
3
3
4
29
15
7
3
27
13
5
3
32
3
4
1
8
13
1
1
3
8
5
1
2
6
4
4
60
2
7
1
17
8
2
1
4
5
4
2
35
2
6
2
42
3
4
4
5
16
7
4
6
9
2
3
4
20
4
3
11
10
1
1
44
3
6
2
49
4
4
3
9
1
1
4
31
15
3
2
34
3
4
4
38
9
1
2
10
2
2
2
38
5
2
2
34
2
6
3
53
6
6
3
11
1
7
4
1
14
6
2
40
1
7
1
7
6
4
1
43
2
7
2
39
2
7
1
49
1
5
4
7
8
7
3
36
8
5
3
28
14
6
4
54
10
4
1
68
3
5
1
29
1
3
1
52
3
1
3
37
8
5
1
65
1
7
3
8
1
3
3
41
3
6
2
38
3
5
2
11
3
4
1
68
1
5
3
3
7
6
2
52
4
5
4
17
10
2
1
37
1
1
3
14
6
1
2
63
2
2
2
12
2
5
3
17
13
1
2
18
1
7
1
2
2
2
4
47
2
4
1
35
1
2
1
9
1
2
2
41
5
6
3
43
6
1
2
12
1
7
4
27
8
6
4
26
10
7
3
49
6
5
1
45
1
7
1
26
2
4
4
18
8
4
3
65
3
2
3
31
23
3
2
30
2
5
1
53
1
1
4
49
3
6
2
9
2
7
3
5
4
4
4
65
8
3
3
7
3
4
4
44
13
1
3
36
4
5
2
1
1
1
2
67
2
1
3
4
10
5
4
39
9
5
1
44
4
5
1
33
8
3
4
3
15
6
1
5
1
6
3
23
17
6
2
67
1
7
2
43
2
6
1
18
10
1
1
28
1
3
2
43
5
1
3
3
3
5
4
2
11
7
3
61
5
2
4
61
12
3
3
67
11
7
1
14
17
5
4
12
3
7
2
8
3
3
3
22
7
5
2
68
4
7
