4
2
5
3
3
22
12
5
2
15
3
1
3
15
8
1
2
40
2
1
1
17
15
5
2
13
3
6
2
38
2
7
2
45
1
2
4
5
7
2
1
37
1
5
4
9
15
7
4
16
3
7
1
29
3
5
1
44
3
4
3
12
1
2
3
43
3
7
4
40
1
5
2
37
1
6
1
65
2
5
2
28
2
4
4
60
5
5
3
18
25
2
2
33
2
7
2
49
2
5
3
17
1
7
4
71
4
5
1
35
3
5
3
27
8
7
1
7
9
3
2
1
3
4
2
16
2
2
1
16
7
7
1
35
2
3
2
34
2
3
1
71
2
5
2
55
2
5
2
7
2
4
4
26
5
2
2
25
1
5
2
53
1
1
4
8
6
5
2
5
2
1
3
29
5
3
4
39
7
3
1
41
1
7
4
37
11
1
1
67
3
6
3
65
10
5
3
52
15
7
4
12
5
3
2
3
3
2
4
32
8
5
2
55
1
3
1
28
3
4
4
45
3
5
2
14
2
4
1
40
1
2
1
66
1
2
3
61
9
4
1
8
17
1
1
71
1
2
1
34
8
7
1
61
1
3
3
16
5
2
4
10
12
5
1
49
1
7
2
23
3
4
3
6
1
5
2
32
4
5
3
42
2
3
2
71
2
6
1
52
1
4
1
16
1
6
3
25
4
5
4
3
1
5
2
42
3
2
3
27
13
6
2
71
3
5
4
71
5
1
1
14
20
1
2
54
2
7
2
26
3
1
1
14
12
7
1
33
1
7
3
2
7
4
3
3
1
4
4
66
1
6
1
12
10
4
4
10
9
2
1
10
4
2
4
37
2
2
4
6
12
2
2
22
1
7
4
1
4
6
3
1
6
5
3
13
8
2
4
33
9
4
4
25
1
3
1
18
14
4
3
16
2
1
2
49
4
6
4
7
5
3
4
30
4
5
2
11
1
3
2
37
2
2
1
60
1
3
1
45
2
5
2
22
3
3
4
30
2
6
1
15
1
1
4
45
9
1
2
66
3
4
1
68
2
6
1
39
2
5
3
41
1
5
3
17
6
4
1
60
2
5
4
68
10
1
1
27
2
7
2
25
3
6
2
13
1
4
3
14
10
4
1
63
2
1
2
63
2
7
4
36
11
5
3
6
4
5
1
5
1
2
4
12
1
6
3
39
8
1
4
27
12
7
3
15
3
7
1
36
3
5
1
18
1
5
1
54
1
4
1
4
5
1
4
52
1
6
2
2
1
6
4
43
12
5
1
36
2
6
1
42
2
7
2
31
3
5
2
39
2
1
3
10
17
7
4
41
4
5
4
33
6
5
1
9
7
3
4
67
33
5
3
71
4
1
1
47
3
6
3
9
4
1
1
38
1
5
1
3
9
2
3
55
10
2
2
5
1
1
4
68
9
5
3
32
2
1
1
32
6
1
4
44
15
1
3
23
8
1
4
4
18
5
4
55
3
7
3
35
7
2
2
54
1
5
3
40
3
1
1
26
1
7
3
67
16
1
2
12
1
1
1
3
10
5
4
53
11
1
1
23
1
5
1
13
5
6
1
2
4
1
2
23
1
2
3
8
19
4
1
32
1
7
2
67
2
4
1
23
3
3
2
35
2
2
4
66
6
4
2
30
2
1
3
1
9
2
4
42
3
1
2
35
3
6
3
41
2
6
2
7
1
7
2
34
1
7
2
52
3
5
2
42
1
7
2
27
3
5
3
53
5
4
2
28
1
2
4
18
20
4
1
26
2
6
4
49
8
4
1
27
1
2
1
29
2
2
3
40
2
5
4
29
3
7
4
14
8
1
3
23
15
4
3
45
1
2
2
47
1
6
3
28
12
5
2
41
3
4
2
63
1
1
4
67
15
6
1
28
1
5
2
4
2
5
3
42
1
7
4
16
1
2
3
28
5
6
4
39
6
5
3
2
9
2
2
6
1
2
2
3
1
4
4
28
4
6
4
13
5
2
3
47
5
7
3
43
4
1
2
41
2
5
3
39
10
3
1
11
5
5
3
10
8
3
4
54
6
3
2
60
1
7
1
4
6
4
3
31
20
2
2
45
3
3
1
53
1
7
3
30
9
1
3
11
11
5
1
30
19
2
4
63
2
4
1
40
2
3
2
65
1
7
3
44
8
1
2
27
2
3
4
38
8
5
3
34
4
5
4
2
7
2
2
61
3
7
4
7
8
2
1
31
16
4
3
30
23
2
4
42
1
7
3
63
7
5
4
44
8
1
3
8
10
6
2
31
1
3
3
4
8
6
3
34
7
7
3
60
9
4
1
7
11
6
2
36
4
7
3
54
2
2
3
22
3
6
4
5
19
5
4
38
9
3
1
33
2
5
3
68
11
4
3
31
21
7
1
15
2
6
2
65
3
2
1
31
15
4
1
1
1
6
3
3
7
6
2
44
4
3
3
60
17
3
1
30
5
4
2
53
2
6
4
1
7
5
3
7
5
2
4
61
11
3
2
10
2
2
4
61
5
5
2
61
2
6
4
65
4
3
3
33
19
7
1
41
3
4
1
9
3
5
1
37
2
2
2
1
1
4
2
32
2
4
1
47
2
6
4
35
2
2
1
63
1
4
4
41
3
7
3
36
9
4
3
44
9
3
4
8
3
3
1
1
2
3
1
65
1
4
3
49
1
2
2
16
1
4
4
36
2
1
4
31
2
2
4
17
23
6
2
38
5
7
2
26
1
7
3
33
3
4
2
43
5
5
3
36
2
6
1
5
2
1
1
34
1
2
4
3
22
3
2
4
3
5
3
47
4
1
2
33
3
3
3
37
12
1
2
44
1
6
2
11
3
3
4
65
14
1
1
2
1
5
4
22
5
4
2
39
1
2
3
5
4
6
3
18
23
2
2
18
1
1
2
8
2
5
4
28
6
2
2
40
4
3
3
66
1
4
2
68
3
3
1
12
3
5
1
8
14
6
3
53
3
1
1
22
3
7
1
43
1
6
4
17
2
2
4
40
8
5
3
13
9
4
4
49
4
2
4
43
4
7
4
6
31
7
3
61
7
2
1
25
1
6
1
67
2
1
2
60
3
6
1
43
3
3
3
32
9
6
4
23
6
6
3
49
6
7
4
15
15
5
4
34
9
6
1
13
1
1
3
71
5
1
4
25
7
6
2
52
1
3
1
44
1
1
3
35
6
5
3
7
2
3
2
29
1
2
1
54
3
3
1
66
2
5
2
2
3
4
2
8
1
7
2
66
2
2
1
39
4
1
1
25
3
2
4
11
16
2
1
52
2
4
3
55
1
6
3
5
2
3
2
47
2
7
1
61
3
5
2
9
2
5
4
9
2
7
3
68
1
4
4
60
9
6
4
14
19
6
3
29
12
7
3
65
18
2
1
6
1
4
4
4
15
3
3
14
25
5
3
38
2
3
2
9
1
5
2
17
1
2
3
12
3
3
1
22
1
2
3
63
9
5
1
11
12
6
1
6
2
4
3
45
3
7
2
68
2
3
1
42
1
7
4
47
13
2
1
53
2
5
4
13
14
5
3
11
2
3
4
47
3
7
3
26
7
7
3
38
11
5
4
26
2
2
4
52
6
6
2
15
2
5
3
25
7
5
1
38
3
4
4
15
14
1
3
54
1
2
4
35
4
1
2
10
3
6
4
32
6
7
4
55
9
3
4
22
15
2
2
30
3
4
1
49
2
7
4
23
22
3
4
31
8
7
4
18
17
4
3
52
12
7
1
68
1
2
2
6
2
5
3
26
4
2
1
55
1
3
4
27
6
6
1
17
13
6
4
54
5
6
4
29
7
4
1
45
1
5
3
67
24
2
1
55
2
5
2
14
1
2
2
43
2
2
3
4
15
5
4
63
8
7
4
11
11
6
1
10
8
1
3
9
6
1
3
37
11
6
4
34
5
7
2
12
2
5
3
66
5
2
2
29
2
5
2
36
1
5
2
17
3
7
4
53
1
3
2
67
1
4
2
18
3
2
