3
32
6
7
1
29
1
3
1
32
3
5
1
53
1
1
1
17
3
6
3
6
5
5
3
2
8
4
1
49
2
5
1
65
2
1
3
68
17
4
3
34
7
4
2
55
3
5
2
52
1
3
2
39
3
1
2
28
2
5
1
14
11
5
3
68
4
3
2
30
2
7
4
37
4
3
3
54
1
6
3
15
4
2
3
44
9
1
4
3
22
4
4
32
11
6
1
42
1
3
2
40
4
5
1
9
9
4
2
14
2
6
3
22
3
7
1
38
2
7
4
47
12
5
1
30
11
2
1
30
21
6
4
16
6
4
2
61
2
4
3
16
4
7
2
14
1
6
3
71
3
7
1
27
3
2
3
10
2
1
4
29
9
7
1
1
3
6
2
44
3
1
4
43
12
6
3
11
9
5
2
61
1
1
1
38
1
7
3
33
2
2
3
55
3
4
4
41
3
6
1
63
2
7
2
15
3
4
4
65
11
7
4
25
2
3
2
49
4
7
1
61
3
5
3
39
3
2
2
2
1
2
3
32
2
1
2
54
1
7
2
68
1
4
4
44
2
6
4
36
11
5
1
34
2
4
4
31
16
6
4
49
4
5
3
27
4
4
3
66
4
7
2
22
1
4
3
61
2
7
3
22
12
3
1
60
1
3
3
67
23
1
1
45
2
1
3
7
1
5
2
29
2
7
1
4
3
4
2
71
1
2
4
60
2
4
3
40
5
2
1
71
1
3
3
1
1
5
3
42
3
6
3
41
2
5
3
63
11
3
2
40
2
4
4
43
3
1
4
5
18
4
3
35
4
1
2
38
5
6
4
45
6
1
1
52
3
7
1
3
4
5
2
7
3
1
4
35
3
3
2
3
2
1
1
67
2
4
3
18
23
7
1
10
4
5
1
29
2
6
3
60
4
7
2
9
2
5
1
40
2
3
1
31
12
1
1
71
2
5
3
54
2
4
4
55
6
6
3
1
7
4
3
44
8
5
1
28
2
4
4
14
33
1
3
27
3
5
4
63
6
1
4
40
6
3
2
18
4
7
2
23
3
2
3
41
4
4
3
7
4
3
1
11
9
2
4
39
1
3
4
29
16
7
2
31
5
3
2
34
3
2
2
35
1
7
1
37
2
6
4
47
1
2
3
52
8
4
4
49
8
2
2
49
2
1
3
12
2
6
4
40
3
7
4
63
1
7
4
38
3
2
3
63
10
7
3
14
17
5
1
35
3
6
3
26
5
5
3
37
3
7
4
8
10
7
2
35
2
7
2
8
1
2
4
2
11
4
4
28
1
1
1
16
1
5
4
6
24
2
1
55
2
1
2
16
1
6
2
67
1
3
1
18
12
3
3
33
18
7
4
45
10
2
3
28
9
1
4
15
6
1
4
17
24
1
1
2
2
1
1
12
1
1
4
26
9
5
3
25
7
1
2
66
3
2
4
9
27
5
1
8
6
3
1
6
1
4
2
53
1
7
2
23
2
2
2
63
3
5
4
30
1
3
1
10
6
5
2
13
3
7
3
8
16
5
1
23
2
4
2
53
3
5
3
9
8
4
1
17
4
3
2
11
3
3
3
30
7
4
2
33
3
5
4
15
26
6
1
54
3
6
3
5
3
4
1
67
3
3
1
22
1
7
2
31
3
1
1
7
9
6
4
38
5
3
1
16
2
4
3
55
13
4
4
31
28
5
4
9
17
7
1
43
1
2
3
36
4
5
2
10
1
4
2
1
3
6
1
3
7
6
4
61
4
7
2
25
3
6
3
45
1
4
3
45
2
2
2
28
1
3
3
8
8
4
4
34
8
4
2
32
2
7
3
12
4
5
4
39
5
3
3
11
21
2
1
32
2
4
1
8
17
6
4
17
3
3
1
26
3
1
2
5
3
2
2
39
4
5
1
25
3
3
4
3
3
6
3
17
4
3
4
22
5
3
4
54
5
2
4
67
1
7
1
68
1
1
3
47
10
7
1
9
8
7
1
54
1
6
4
55
2
7
2
55
1
4
4
4
16
3
4
68
10
4
4
13
9
4
1
40
1
1
3
31
24
1
2
7
1
4
1
42
2
1
4
65
9
7
4
53
5
5
2
4
2
6
2
60
3
5
4
14
32
7
4
33
9
1
2
25
1
1
1
13
5
1
3
52
13
2
1
23
1
5
1
53
2
1
4
27
3
1
4
60
3
5
4
12
4
3
3
23
5
2
2
6
1
5
3
29
10
1
4
2
5
7
1
31
13
2
3
23
3
4
4
66
2
2
2
63
1
2
4
42
2
2
1
34
5
5
2
47
3
1
1
33
5
3
2
13
1
1
3
9
29
4
4
71
6
7
3
26
2
3
2
66
1
1
2
17
2
1
3
49
3
4
1
47
2
1
4
12
6
1
1
15
2
5
2
65
3
1
4
18
18
5
1
22
3
5
2
42
1
2
1
45
1
6
4
52
4
1
4
7
2
3
2
43
5
7
1
41
1
4
2
41
4
6
1
12
15
4
3
38
7
4
1
15
5
3
2
37
1
3
2
22
2
3
2
43
3
3
3
65
2
3
4
44
1
5
4
37
2
7
4
13
11
2
3
40
2
7
2
27
2
2
2
6
2
4
1
11
8
3
2
26
2
6
4
10
21
5
3
3
7
1
2
42
3
7
2
27
3
7
2
33
1
3
4
42
4
7
1
18
5
7
1
33
1
7
3
65
12
5
1
28
1
1
2
32
3
7
2
4
1
3
2
1
1
6
1
61
1
7
3
35
5
7
1
60
2
1
3
13
5
7
2
36
5
1
4
68
23
5
3
4
22
5
1
65
1
4
2
54
2
7
2
65
1
5
1
5
2
7
2
16
3
6
3
29
15
2
2
34
2
2
2
71
2
1
3
49
4
2
4
66
1
6
4
16
3
1
3
2
2
5
2
60
4
5
2
17
3
2
2
67
2
5
2
45
1
1
4
8
17
4
4
10
25
6
2
29
3
7
2
8
3
2
3
13
3
2
1
5
1
4
3
43
2
3
2
41
2
6
2
11
1
5
4
7
6
4
4
34
10
7
4
1
12
2
1
49
1
7
3
5
1
7
1
41
2
6
4
28
5
1
3
47
8
1
1
27
2
2
1
36
3
4
4
27
11
7
3
71
4
7
1
6
2
2
2
18
1
7
1
47
3
3
4
30
2
2
4
71
2
6
1
52
2
7
4
4
3
5
1
25
1
3
2
44
4
3
1
66
2
6
3
36
14
3
1
44
4
2
1
39
4
7
2
9
3
4
2
12
2
7
2
30
5
1
2
3
3
2
2
12
1
6
4
26
1
4
1
13
1
2
3
30
1
4
1
68
3
1
3
10
1
3
3
28
2
4
1
44
2
1
3
31
30
6
3
34
3
3
3
53
8
7
1
66
3
4
3
37
8
2
4
32
3
2
2
5
1
4
2
68
3
4
4
18
5
4
1
36
1
4
4
25
6
6
4
41
1
1
3
15
8
5
4
67
38
4
3
18
11
5
2
38
2
5
3
17
16
5
4
5
11
4
4
61
10
1
1
2
5
3
4
33
8
3
2
37
2
6
2
47
2
1
3
16
3
1
4
22
6
3
3
6
1
3
3
25
3
3
2
36
1
2
3
3
5
4
4
11
23
6
3
38
1
1
4
11
11
6
1
35
2
3
2
2
3
4
2
10
3
7
1
26
1
1
1
14
7
7
1
63
1
7
4
23
17
3
3
53
5
5
1
39
1
4
4
1
14
5
3
42
1
6
1
1
2
4
3
66
8
2
3
61
3
5
3
67
19
2
4
35
2
3
4
6
11
7
4
52
5
6
3
4
8
1
1
55
1
2
4
54
1
4
2
26
3
1
2
52
3
6
2
45
2
1
1
43
2
3
3
43
3
1
1
7
11
1
3
60
9
5
3
14
11
5
3
39
1
5
1
37
1
5
4
36
6
6
2
15
1
6
4
23
24
3
4
53
3
6
1
4
1
4
