4
18
13
1
2
43
1
2
1
1
1
2
3
1
10
5
1
71
2
2
3
49
5
7
2
3
1
6
1
25
2
2
3
5
1
3
1
15
5
7
4
13
2
4
4
25
8
1
1
17
4
2
1
29
3
3
1
47
1
4
2
67
2
3
4
11
12
6
3
23
6
5
3
66
9
2
2
8
2
3
2
49
2
1
3
44
10
6
3
35
7
1
4
33
7
4
1
27
3
2
2
5
3
2
4
61
10
6
2
52
2
6
4
29
15
4
2
43
4
4
4
54
3
2
2
11
1
4
3
5
2
5
1
66
1
5
4
2
2
5
2
29
3
6
1
35
2
3
3
8
20
6
1
67
1
4
1
37
2
3
3
68
1
3
4
16
4
6
1
66
3
7
2
32
1
2
1
54
3
3
2
4
2
4
2
45
3
6
3
28
12
6
1
4
1
5
1
26
2
6
4
33
11
5
4
41
4
1
4
68
12
1
3
1
1
3
3
60
15
1
3
7
5
6
2
23
1
4
2
3
2
1
4
68
10
4
2
14
2
6
2
26
4
2
1
1
2
1
3
66
1
5
1
36
3
7
1
68
3
2
4
26
11
1
2
9
1
2
2
33
2
6
2
7
2
6
1
10
2
5
2
22
3
5
1
27
2
3
4
30
1
3
3
26
4
1
3
36
12
5
3
52
15
4
1
61
3
2
4
29
1
6
3
18
24
2
2
71
3
2
4
38
9
4
2
45
2
1
1
18
9
7
3
47
5
7
3
39
3
2
2
15
3
7
3
27
4
6
2
32
4
4
4
44
10
5
2
38
2
6
3
60
16
4
1
28
3
2
4
15
20
7
3
22
1
1
4
39
10
6
2
11
2
5
2
54
2
6
1
41
3
7
3
30
3
3
3
34
9
6
2
25
2
2
3
3
10
6
2
13
1
1
3
18
5
6
4
36
4
6
4
52
8
3
4
2
6
4
4
55
7
6
4
32
5
6
1
6
2
6
3
55
13
7
2
15
1
4
2
12
1
4
2
6
1
3
2
65
4
1
4
5
17
5
4
3
8
6
4
32
10
3
2
47
3
5
4
4
6
7
1
65
1
1
4
23
13
4
1
16
3
3
2
52
7
7
1
55
1
5
4
13
7
4
2
29
2
5
3
68
11
5
3
12
3
7
4
28
6
5
3
25
2
5
1
17
15
5
1
11
3
6
1
25
1
7
2
47
2
2
4
71
2
5
3
37
2
6
2
37
2
2
4
22
17
6
2
71
2
1
2
61
2
6
4
41
2
2
4
65
3
3
3
53
3
2
2
54
1
6
1
14
17
2
4
15
10
1
1
3
9
3
1
49
1
6
1
15
1
4
3
13
6
7
3
4
14
5
3
30
8
7
4
26
5
4
3
35
4
5
2
28
2
5
3
41
3
7
3
8
9
6
4
63
10
5
4
44
9
2
4
45
13
7
1
40
3
3
2
63
2
2
1
53
1
3
1
22
3
5
2
39
4
1
2
23
2
2
2
14
3
4
4
37
12
4
3
40
4
7
4
9
22
5
2
68
1
5
1
34
6
7
1
8
4
5
2
55
3
2
1
3
5
2
4
36
5
6
3
65
10
6
4
7
8
5
2
67
1
4
1
41
2
4
1
63
2
4
4
23
21
1
3
4
26
2
4
49
2
3
2
16
3
5
2
44
2
4
4
9
6
6
3
6
2
7
4
60
5
6
1
23
2
1
4
18
22
1
3
63
13
7
1
9
5
2
4
54
5
7
4
45
12
6
4
66
5
4
3
10
12
1
4
25
1
5
3
29
18
5
3
23
12
5
4
27
3
6
3
65
17
6
4
35
3
3
2
30
4
2
2
26
2
7
3
9
9
5
4
31
8
6
4
10
25
7
1
54
2
7
1
40
1
2
2
40
4
4
2
7
3
3
1
39
4
4
1
11
7
2
1
36
1
3
4
55
10
4
1
60
2
6
1
7
8
3
1
65
2
1
2
41
1
2
1
4
2
3
2
60
4
3
4
11
7
7
4
39
4
6
3
11
18
3
3
42
4
3
1
26
1
5
2
18
4
1
1
33
7
3
1
42
2
7
3
9
28
1
4
43
5
6
1
68
1
6
3
71
2
5
2
35
3
5
2
17
1
6
4
53
5
1
3
32
11
5
3
16
3
2
3
15
9
7
4
8
14
7
2
6
3
7
2
61
3
2
3
14
6
1
4
22
2
6
4
60
8
2
4
71
3
1
3
31
19
6
2
27
3
1
3
2
5
4
2
34
1
1
2
40
1
5
3
29
19
5
3
43
4
4
4
52
13
6
3
49
1
4
4
12
9
1
4
5
18
2
3
36
5
5
4
49
4
1
2
42
4
2
3
33
3
7
3
25
1
2
2
5
2
2
4
8
11
3
4
10
18
6
4
1
12
1
3
10
26
5
1
43
1
6
1
38
1
7
4
1
1
3
2
10
3
3
1
7
6
7
2
60
1
4
2
66
1
2
4
40
5
7
4
7
2
3
3
28
2
3
2
38
3
6
2
39
3
4
2
36
3
1
1
5
2
6
2
13
3
2
3
11
19
7
2
53
1
6
1
29
2
3
3
37
1
6
2
65
2
5
2
31
2
3
1
35
3
2
2
2
3
5
2
1
2
4
3
43
8
2
1
60
1
5
2
34
2
5
3
67
3
3
1
10
4
2
2
10
2
5
1
71
3
1
4
61
4
1
3
38
12
5
1
31
10
5
3
67
29
4
4
4
27
7
1
39
1
6
1
52
3
7
2
8
1
7
2
28
1
4
1
52
2
5
3
47
8
1
3
38
2
4
3
27
1
2
3
45
1
6
2
55
2
3
2
27
1
6
1
32
1
3
3
14
20
5
1
12
7
4
1
67
3
5
3
22
4
1
4
42
4
6
3
53
5
2
1
22
1
6
3
54
1
4
2
35
1
5
2
17
2
7
2
53
3
4
4
67
34
1
4
17
20
5
4
16
6
7
2
37
3
6
1
18
4
1
1
13
7
3
3
12
4
3
3
6
3
2
1
34
11
7
1
23
3
3
2
2
1
6
4
40
8
5
2
68
2
7
1
45
1
1
3
7
4
4
1
30
15
4
3
61
4
6
4
38
2
4
4
17
1
5
3
32
2
7
1
43
2
5
4
30
7
5
1
49
2
2
1
16
6
1
1
6
1
4
1
53
2
3
3
15
17
1
2
25
1
5
3
41
2
2
2
66
3
5
4
63
4
5
4
37
3
4
3
61
6
4
4
3
17
6
4
53
7
2
3
16
6
6
2
41
2
5
3
55
15
7
1
45
2
5
1
32
3
7
3
45
3
3
3
17
11
3
1
12
10
5
4
31
14
6
1
2
3
3
1
33
2
4
3
34
2
3
4
28
11
4
3
26
1
7
2
33
1
3
1
14
14
6
4
43
7
2
2
16
1
7
1
44
3
7
4
34
7
7
1
28
2
1
4
35
1
2
3
42
3
6
3
33
16
2
1
37
1
2
1
8
15
5
1
30
12
7
2
9
3
5
3
44
6
7
3
71
4
1
3
13
1
6
2
42
1
1
3
2
10
6
1
2
1
7
1
38
2
4
4
47
16
6
3
31
9
4
1
61
2
4
1
42
1
1
1
44
1
5
2
4
1
2
1
13
9
2
2
18
2
6
4
27
6
7
3
17
7
5
2
63
3
3
3
52
11
5
2
31
5
3
4
14
27
3
4
6
10
1
1
47
2
7
2
30
3
3
4
34
9
4
4
42
1
1
2
12
3
1
3
3
1
3
3
40
6
7
4
65
10
5
3
39
9
5
2
36
2
3
2
44
5
4
2
1
3
5
4
6
15
4
4
14
33
3
1
9
11
1
1
31
11
4
4
47
9
1
3
54
2
4
4
66
4
7
1
5
1
4
1
63
1
1
2
22
1
4
1
55
2
3
4
67
18
7
3
63
6
5
4
12
10
4
2
49
3
4
