3
31
14
6
1
68
1
6
1
66
3
6
1
52
3
2
1
35
1
2
2
28
1
6
1
43
2
7
3
43
5
1
2
71
1
3
3
30
6
7
4
1
1
6
4
30
1
7
1
61
1
4
2
2
2
6
3
27
11
1
4
36
13
2
2
25
1
5
1
9
9
1
1
53
2
7
4
54
2
2
4
12
10
2
1
16
4
1
4
60
9
2
4
17
13
2
3
39
6
5
3
16
7
4
2
3
3
3
2
18
1
7
1
2
5
7
3
14
26
3
4
67
22
4
1
52
1
3
4
68
20
3
3
26
6
4
1
18
12
3
1
39
4
1
1
37
2
2
1
22
3
2
4
49
8
7
3
23
1
3
1
14
12
5
3
43
1
5
1
37
1
7
4
65
14
3
4
53
9
5
1
32
4
3
1
35
2
5
2
11
3
5
2
25
2
1
2
18
4
2
1
17
7
2
4
38
6
6
4
23
10
7
1
13
1
6
4
1
7
5
4
22
20
2
2
10
2
5
4
71
3
1
4
27
5
7
3
8
1
1
4
40
7
2
2
40
2
5
4
36
10
2
2
10
1
2
4
41
2
3
3
44
1
4
1
6
1
3
3
38
11
1
3
23
5
1
4
26
3
1
2
36
3
5
1
38
1
2
4
16
9
1
2
9
2
7
1
7
10
6
2
29
3
6
2
65
4
5
1
8
11
6
4
33
6
7
3
38
4
3
3
61
3
5
4
55
1
2
4
3
4
7
2
11
1
5
3
40
3
6
2
41
4
2
3
35
2
3
1
23
2
4
4
31
9
2
1
42
1
6
1
44
4
2
4
65
7
2
2
33
2
1
1
2
7
1
4
38
5
2
2
22
3
1
1
45
2
4
2
13
2
1
2
2
3
2
1
61
3
2
1
31
11
2
3
9
15
6
3
55
4
4
4
16
12
1
1
4
7
4
3
25
6
6
3
71
5
3
3
12
6
7
4
55
10
2
1
25
3
4
1
23
3
2
1
31
10
6
1
25
1
2
4
34
1
6
3
41
4
4
2
12
1
6
4
15
27
2
3
33
14
6
1
15
5
3
2
31
5
2
4
44
19
2
2
23
1
7
1
14
17
7
3
3
9
2
4
66
3
4
2
67
1
1
2
38
2
4
4
42
5
4
3
18
19
5
1
65
1
5
2
39
3
3
2
27
3
1
1
22
1
3
2
17
2
1
2
52
5
4
1
26
2
6
4
49
1
5
2
38
4
7
2
53
2
3
2
35
1
7
3
53
8
7
4
29
11
3
4
41
4
7
2
7
2
6
4
11
29
6
1
41
1
3
3
36
13
4
2
34
2
2
3
28
7
1
3
67
9
3
2
7
3
6
2
43
2
5
4
10
24
4
1
33
2
7
1
42
2
4
2
8
1
7
4
10
29
6
1
10
2
5
1
38
2
6
2
15
3
6
1
3
10
2
3
42
4
7
1
29
1
7
2
47
4
7
2
30
3
5
2
29
2
1
4
5
23
3
1
43
1
2
3
36
15
1
4
17
4
2
3
15
17
5
4
25
6
3
1
15
1
7
1
47
3
7
4
6
8
4
3
5
1
7
2
65
2
1
4
26
11
1
1
36
2
6
3
6
3
1
2
40
1
7
4
8
1
4
3
29
15
5
3
45
6
2
4
7
8
4
3
14
12
2
4
52
1
7
1
40
2
1
2
23
2
5
1
7
11
1
1
49
2
3
4
37
13
3
1
39
1
6
4
13
14
4
4
3
2
3
1
60
2
1
3
8
6
5
4
37
6
2
2
4
3
4
4
2
5
2
4
5
9
7
2
68
2
6
3
22
4
2
1
27
2
6
4
28
2
6
4
66
1
7
2
47
1
2
2
16
2
2
3
15
9
2
1
44
2
6
1
1
1
2
3
45
1
2
4
32
10
6
2
43
1
6
2
68
1
7
3
34
1
6
4
54
5
6
3
27
14
4
3
55
12
7
3
63
1
7
2
41
1
6
1
11
12
1
4
45
7
5
2
30
4
1
3
47
3
7
1
28
1
1
3
37
4
7
3
7
1
6
2
39
2
1
2
1
3
6
3
71
3
4
4
14
27
5
1
65
2
4
4
18
21
5
4
39
3
2
2
61
3
2
2
71
3
6
3
4
8
7
4
4
23
6
2
26
4
2
1
11
2
3
2
5
2
5
3
22
10
3
3
11
21
3
1
34
10
4
3
66
1
1
2
44
5
4
3
61
5
2
2
17
3
1
1
54
3
1
4
35
5
7
4
33
10
3
3
5
4
5
3
49
7
2
4
32
11
4
4
8
18
7
3
32
3
3
2
49
2
5
1
63
2
4
2
42
4
4
1
27
1
3
4
42
3
1
4
12
9
3
4
23
19
7
3
52
14
6
1
45
1
5
4
15
21
1
3
1
6
5
4
60
5
4
3
54
1
2
3
10
23
7
3
68
15
1
4
53
13
4
3
34
2
3
2
60
3
7
2
53
3
5
4
61
5
2
2
61
2
5
4
13
6
1
4
9
28
1
4
63
11
7
4
47
7
7
1
29
2
2
2
16
1
2
4
34
2
4
1
34
3
2
2
54
2
5
3
60
2
4
3
65
20
5
3
26
2
6
4
2
11
6
4
7
6
1
3
54
2
6
4
4
8
4
4
40
8
4
2
8
2
7
4
9
23
4
4
43
11
7
2
14
2
5
1
67
2
6
3
29
6
7
3
53
4
1
3
4
15
7
1
10
7
5
4
47
2
4
4
71
2
2
1
5
2
4
3
49
5
1
3
63
5
2
3
17
13
5
1
30
6
4
4
14
19
7
1
33
1
6
2
67
2
2
2
63
1
7
4
68
13
3
3
13
5
4
1
16
2
3
1
55
2
6
4
45
8
4
2
27
1
1
3
39
10
2
3
25
3
5
3
31
26
4
3
2
10
2
1
12
14
5
4
39
8
1
1
67
1
6
4
28
1
6
1
13
8
2
1
18
4
3
4
27
9
3
2
13
1
6
2
12
2
7
4
67
38
5
2
36
4
1
3
28
4
6
3
17
12
6
3
30
15
7
1
60
1
5
2
45
2
6
1
54
2
3
2
37
1
6
1
66
1
7
2
5
1
3
3
42
2
5
2
14
1
5
2
52
3
6
3
66
3
5
4
6
15
1
1
5
1
2
2
15
1
7
1
41
3
1
1
3
11
7
2
26
2
5
4
44
3
7
1
63
1
3
4
22
19
6
3
7
4
2
3
13
2
2
3
2
11
2
2
31
4
2
2
33
1
5
3
65
1
2
4
43
5
5
1
36
3
2
3
44
5
4
4
31
2
6
2
54
1
3
2
55
2
5
2
42
1
1
4
18
13
6
3
32
12
6
4
52
4
1
3
18
23
5
2
1
2
5
4
30
7
5
2
55
1
3
3
60
27
1
4
35
4
4
3
35
3
2
3
9
18
1
1
71
1
6
2
32
1
3
1
47
1
3
3
12
3
3
1
9
7
3
1
32
1
4
3
1
3
6
4
29
13
3
2
4
2
3
2
9
1
3
2
37
3
2
1
30
13
6
1
26
1
7
4
25
4
3
1
12
2
7
4
11
8
4
2
3
2
4
2
60
2
7
2
34
3
7
2
35
2
4
2
66
1
6
4
61
10
6
3
52
1
6
2
63
2
4
3
47
8
3
3
41
2
2
1
28
3
3
1
40
3
5
2
49
4
3
1
6
2
4
1
55
1
2
2
6
2
6
2
44
1
7
3
68
1
7
1
17
16
3
3
10
26
7
2
28
3
3
3
67
25
2
3
6
6
6
3
16
4
4
3
11
13
4
1
8
3
6
1
68
2
1
4
63
12
2
2
22
2
6
1
1
3
7
2
6
1
1
2
66
3
7
2
45
3
1
1
71
2
5
1
53
1
3
2
32
3
4
3
3
2
2
3
37
6
1
3
40
2
2
1
49
1
2
3
33
22
4
1
4
4
4
