4
67
37
2
2
67
1
1
4
22
7
5
4
36
15
3
1
28
2
6
1
71
2
7
1
52
1
2
1
15
1
2
2
32
2
1
3
47
8
6
3
65
8
4
1
35
2
6
4
27
1
5
1
54
1
7
4
17
13
1
3
31
24
1
4
22
11
3
2
8
3
2
4
44
19
7
4
2
7
2
4
47
3
4
2
33
3
5
3
16
5
4
2
63
1
3
3
7
4
2
3
60
29
1
3
22
6
7
3
43
6
5
4
18
21
2
4
5
4
5
2
45
3
6
2
65
3
7
1
41
2
7
4
26
7
3
3
47
9
1
3
42
1
6
1
17
5
5
3
55
8
1
3
9
22
4
3
23
15
7
4
32
3
1
4
45
2
7
3
2
6
6
4
3
18
2
3
5
3
2
3
49
7
7
2
55
1
1
2
42
1
3
3
12
3
7
2
32
1
5
2
13
1
7
1
22
2
4
4
60
1
2
1
45
2
4
1
13
5
3
3
31
8
6
2
47
4
7
3
3
3
4
3
35
8
7
1
22
1
4
1
16
4
6
3
34
10
6
2
29
3
1
2
37
1
3
2
67
2
5
2
41
1
1
4
32
11
1
4
43
11
1
1
8
12
3
4
65
15
4
1
66
1
3
2
38
3
1
4
39
1
7
1
4
6
2
3
32
7
3
2
40
2
2
3
61
2
5
3
71
3
3
2
44
2
4
3
9
14
2
1
18
13
3
2
36
1
7
3
63
7
2
3
30
4
5
3
34
5
6
4
71
4
4
4
54
10
2
1
18
1
7
1
39
4
6
2
12
2
3
3
36
8
4
4
6
9
7
4
9
12
5
1
9
13
4
4
30
1
7
3
54
1
2
1
68
1
7
4
7
1
3
2
15
1
5
1
1
1
5
3
67
2
1
4
23
24
1
3
68
2
1
2
65
2
1
3
41
2
7
3
52
16
5
3
33
11
4
4
30
2
6
2
7
1
7
3
25
6
6
2
26
3
7
2
36
5
1
1
30
2
4
4
34
7
3
2
30
4
1
4
40
2
7
2
41
5
4
1
65
2
7
2
17
3
4
1
49
1
3
2
2
2
2
3
42
2
5
3
29
3
2
3
11
23
7
4
4
16
4
2
4
1
6
1
10
7
2
2
61
1
3
3
71
4
3
2
25
3
4
1
27
3
7
2
37
2
2
1
60
1
3
1
43
2
4
1
33
3
2
4
66
5
7
1
40
2
3
4
54
7
1
3
32
4
7
3
2
5
1
1
53
1
2
2
14
3
2
2
34
2
2
4
11
27
4
3
43
4
1
3
27
12
4
3
29
7
3
3
41
1
5
2
66
1
1
2
9
3
6
1
29
3
6
3
12
4
5
1
3
1
3
3
45
2
5
4
31
16
4
4
44
7
1
1
35
3
1
4
53
8
5
4
14
2
3
4
6
30
5
2
17
1
4
3
26
1
5
2
31
5
3
4
28
12
3
2
28
2
7
2
7
3
3
2
14
2
2
2
10
3
6
3
54
2
6
1
23
2
4
4
4
10
2
3
25
1
7
3
8
15
2
3
1
6
6
4
66
4
3
4
29
13
5
3
22
3
5
1
61
1
2
3
53
1
7
4
15
2
3
2
35
2
2
1
6
1
2
1
37
1
4
2
5
2
2
3
26
3
1
2
66
2
2
1
42
1
1
4
42
4
3
1
12
18
7
2
68
3
2
4
55
5
4
3
39
5
5
2
42
4
3
3
66
3
4
4
18
6
4
2
45
2
4
4
7
2
3
1
27
1
1
1
41
1
5
1
61
3
6
3
8
17
2
4
40
6
5
3
39
8
7
1
55
1
3
2
16
2
5
1
13
2
3
1
43
3
7
2
60
1
5
2
53
3
3
3
38
10
7
4
16
1
1
1
52
2
7
4
26
8
7
2
35
3
7
2
11
3
5
1
5
2
1
1
11
12
7
4
28
9
3
2
39
4
5
4
27
6
3
4
55
8
1
2
8
2
2
4
68
20
7
2
33
2
3
3
18
16
7
1
2
4
5
2
27
2
3
3
10
1
5
3
38
3
7
1
8
6
3
1
25
1
3
4
13
3
3
1
34
5
6
1
63
2
1
1
7
2
4
1
39
2
1
2
5
3
7
4
17
7
2
2
2
3
6
1
38
3
4
3
28
8
4
4
31
19
4
3
55
6
4
1
6
2
2
4
12
9
5
3
27
13
3
4
10
3
1
4
53
6
3
3
10
24
5
2
28
3
5
1
36
3
4
2
13
3
7
2
31
2
2
1
33
6
4
1
60
2
2
3
15
17
4
3
49
1
6
1
26
2
6
1
29
1
1
3
44
6
7
2
47
1
6
3
63
3
2
2
39
1
3
4
60
8
6
1
49
2
4
3
16
2
7
2
18
3
6
3
40
2
1
2
34
1
4
3
6
6
6
2
15
3
5
1
15
2
3
1
34
1
5
1
55
2
2
3
68
10
2
4
41
1
5
2
38
1
3
1
53
2
3
4
1
8
4
1
10
8
2
1
36
2
3
1
16
2
7
4
43
4
3
1
32
2
3
1
14
11
6
1
44
2
3
4
38
7
7
2
40
3
4
3
3
8
3
2
11
1
6
1
67
2
6
4
9
11
7
3
33
20
7
1
7
9
3
2
52
6
5
2
26
1
7
3
14
21
1
1
32
5
1
3
4
13
4
3
37
8
5
3
61
10
2
2
1
1
1
1
63
1
6
4
8
18
2
1
26
3
3
4
61
7
5
2
71
2
2
1
23
3
1
1
65
1
4
1
3
11
2
4
12
5
2
4
41
2
1
4
42
3
5
4
39
8
7
3
6
1
5
3
5
5
6
2
68
2
5
3
44
9
7
1
42
2
1
3
60
5
6
3
4
14
6
3
67
24
6
2
3
1
2
2
12
3
4
1
4
1
3
2
61
3
2
2
4
3
6
3
17
14
7
2
1
3
7
4
63
3
2
4
33
8
5
1
9
6
7
4
52
19
1
4
38
2
4
2
6
3
1
3
7
5
2
1
28
1
6
4
3
4
7
4
61
4
1
2
6
2
2
1
66
3
5
4
68
25
4
4
23
23
7
2
3
2
2
4
49
3
2
4
25
1
2
2
25
1
1
3
45
6
1
2
23
2
1
3
18
5
6
2
49
2
5
1
1
2
5
3
15
14
4
4
29
12
1
2
29
2
5
4
8
15
2
2
60
2
3
2
49
1
5
4
35
5
5
2
16
1
7
2
54
1
4
4
47
17
7
4
33
6
2
2
9
1
2
2
18
2
5
1
30
1
2
1
25
2
3
1
31
4
7
1
40
3
5
4
25
3
6
4
14
33
7
4
16
7
7
2
54
2
2
3
65
4
6
1
17
4
6
4
71
5
5
2
30
5
1
4
67
31
4
2
23
1
1
3
28
4
6
2
55
2
2
1
71
1
3
3
36
4
1
2
43
2
3
4
1
11
7
2
52
3
1
3
40
4
6
1
12
16
7
3
35
5
6
4
45
11
3
4
13
9
7
2
22
1
1
3
13
6
5
3
1
9
1
3
14
13
3
3
11
26
4
2
43
3
7
3
52
4
2
3
30
9
2
1
38
2
7
2
53
1
2
3
13
7
3
1
67
3
5
4
52
15
1
4
36
10
2
2
22
2
5
1
14
15
2
2
27
3
4
4
37
13
7
2
10
1
7
1
68
2
4
4
5
10
6
1
47
1
1
1
54
3
7
4
49
2
4
3
66
6
1
4
65
11
6
4
11
10
7
3
53
5
3
4
37
10
1
4
34
10
5
3
17
6
6
4
10
4
5
1
47
2
4
4
63
9
3
2
44
4
7
1
37
2
1
1
2
1
1
3
23
3
5
1
31
10
6
1
11
2
6
4
15
27
3
4
35
1
7
3
37
4
2
1
44
3
4
2
63
2
3
1
45
1
6
1
5
1
7
2
71
1
6
4
2
3
4
