4
27
3
4
1
61
2
7
3
29
6
5
4
55
4
1
3
22
12
6
2
42
3
1
2
27
1
7
3
1
2
5
1
9
4
2
1
34
3
1
4
17
10
6
2
61
2
1
2
68
2
3
3
65
13
1
1
30
1
3
3
41
4
6
2
60
3
4
3
13
1
2
4
10
18
3
3
11
21
1
1
22
3
1
2
10
3
2
4
60
5
4
1
45
1
5
4
55
9
4
3
8
9
7
1
11
12
7
4
33
1
4
3
35
5
6
3
5
5
1
2
5
3
2
3
22
10
7
1
60
2
3
2
52
7
4
2
29
3
5
4
3
9
1
1
55
1
4
2
49
3
3
2
36
1
5
4
18
2
4
3
27
13
7
3
4
10
5
4
9
24
5
1
7
2
4
4
27
10
2
2
38
3
3
2
45
2
7
2
34
3
3
1
44
4
4
3
3
10
1
2
35
1
3
3
71
4
3
1
67
2
6
1
49
1
4
2
15
2
5
1
37
1
3
3
33
20
1
4
14
16
7
3
28
3
4
3
38
12
1
3
27
12
5
1
67
3
1
3
29
19
2
1
34
2
3
2
35
3
5
4
1
5
6
4
36
6
2
2
63
1
2
3
55
15
3
4
66
2
2
1
44
2
4
2
34
1
3
2
16
3
4
1
18
4
7
1
43
2
1
4
28
3
3
1
14
11
5
4
8
14
2
1
55
2
7
2
71
3
6
2
67
2
1
4
23
5
5
1
36
1
5
2
12
1
7
1
68
3
4
3
26
8
4
4
15
1
6
1
16
5
4
1
3
9
4
3
28
10
3
4
53
1
4
2
43
3
2
2
23
1
2
1
9
7
3
2
71
1
3
1
35
4
7
2
40
3
5
2
31
2
2
1
65
1
2
3
7
5
6
3
54
2
5
3
25
8
7
3
3
8
7
1
47
3
2
4
28
11
1
3
63
8
2
4
52
7
6
1
16
7
1
2
3
2
2
4
7
9
6
1
33
8
1
4
10
23
7
4
8
16
3
1
11
7
6
4
29
16
7
1
12
6
2
2
44
5
2
1
25
3
1
3
37
3
2
1
6
1
4
3
25
4
5
1
28
1
5
4
37
2
7
3
32
3
6
4
67
33
1
4
3
3
1
1
66
3
1
2
17
1
1
3
23
8
2
2
43
1
5
3
4
21
5
3
43
7
5
1
66
1
4
1
23
1
2
4
14
5
1
1
53
2
6
4
35
3
4
4
41
2
4
2
47
2
7
4
16
10
3
3
10
18
6
2
41
3
1
2
7
2
1
1
63
2
4
4
39
2
6
4
26
7
5
4
43
4
2
1
38
3
6
4
38
9
7
4
66
1
4
4
47
12
4
4
45
14
5
4
30
2
7
4
23
13
3
3
37
1
2
1
65
2
5
1
5
2
2
1
49
2
2
3
23
6
5
4
15
20
4
1
40
2
4
1
45
2
4
1
42
2
1
4
71
5
1
3
47
9
4
3
68
14
7
3
9
32
4
2
15
3
4
3
8
10
1
1
31
13
6
1
47
2
5
2
39
1
6
1
30
17
4
1
40
1
5
1
26
3
4
2
52
2
6
3
41
2
2
1
7
1
4
4
38
5
4
3
68
11
2
3
34
4
4
2
61
3
6
4
41
4
4
1
54
3
4
3
44
7
1
1
71
3
5
1
28
2
5
2
31
1
7
1
42
1
5
3
16
2
2
4
33
11
4
1
38
1
3
1
39
2
4
3
12
5
1
4
2
8
4
1
23
3
3
4
6
13
6
1
8
6
1
3
39
2
5
3
30
24
2
1
43
3
2
3
61
5
5
2
37
3
3
2
41
5
7
1
10
7
5
2
25
2
4
2
12
3
3
2
32
1
1
1
61
1
2
1
52
1
7
3
67
4
7
4
71
1
2
4
40
7
4
2
60
4
5
3
1
5
7
4
49
8
6
2
8
2
6
2
22
2
5
3
33
8
4
4
65
3
1
1
39
4
4
3
18
8
7
3
6
6
5
2
26
1
1
2
26
3
2
2
3
1
7
1
52
3
5
2
42
4
3
1
68
2
6
1
10
6
1
3
13
7
6
2
6
1
1
3
36
1
7
4
31
11
3
3
60
5
7
2
18
4
4
3
6
4
4
3
34
6
4
3
9
27
5
4
63
4
4
4
30
5
3
1
17
5
3
3
53
3
5
2
1
2
4
2
40
1
4
3
40
3
4
1
12
7
5
4
11
10
5
2
28
2
3
4
25
5
4
2
32
3
1
2
27
3
2
2
9
1
2
4
31
4
6
4
47
7
3
1
2
2
3
4
32
13
7
1
5
1
6
4
44
6
2
2
18
2
3
3
49
5
4
1
27
2
2
2
45
3
5
2
4
2
3
4
26
9
5
4
63
1
1
3
43
6
7
2
23
2
3
1
6
2
2
1
29
2
2
3
53
5
7
3
52
18
4
1
32
4
1
1
41
3
2
3
45
5
1
4
60
9
7
3
17
11
5
4
53
9
3
2
68
3
5
2
11
3
7
1
54
1
3
2
65
1
6
2
53
1
7
1
31
16
6
3
55
8
7
1
18
15
7
4
49
6
5
1
3
3
7
3
14
24
4
4
43
9
6
1
33
4
2
4
35
1
2
1
1
3
5
1
15
1
4
4
61
2
1
2
6
3
1
3
42
4
6
2
63
2
7
4
42
5
5
1
13
2
3
4
54
5
4
3
65
8
6
1
37
2
6
3
15
1
2
2
11
2
2
1
8
13
2
2
16
2
2
1
36
2
5
1
35
1
5
2
54
1
7
3
5
4
7
1
1
2
4
1
60
1
1
4
40
5
6
3
60
23
5
3
49
1
3
1
29
1
4
3
61
3
3
2
7
3
6
1
32
1
5
4
44
10
7
4
34
3
2
3
39
9
6
3
66
6
2
2
8
3
3
2
17
2
6
2
13
2
7
2
49
2
7
2
2
1
5
4
4
19
4
4
5
11
7
4
34
2
7
3
47
6
7
3
35
6
1
3
18
3
4
3
42
2
1
2
66
3
1
2
65
3
6
1
17
1
5
4
68
16
2
1
26
1
4
2
36
4
1
3
67
2
1
2
39
3
4
2
66
1
5
4
29
7
2
2
30
5
6
3
38
8
1
4
12
8
7
4
52
5
7
4
68
23
7
2
55
3
5
3
52
4
2
2
28
3
3
3
40
1
3
4
22
5
4
2
10
2
2
1
4
6
6
3
66
7
2
1
15
4
3
2
38
1
4
4
13
14
4
2
54
2
3
1
41
1
7
2
14
1
5
3
7
3
7
4
22
20
4
1
53
1
4
3
45
2
4
2
25
1
3
3
36
7
1
2
33
2
6
4
65
6
1
2
55
2
7
4
16
2
4
2
44
1
3
4
5
3
3
4
67
14
3
2
47
1
1
2
29
1
5
3
12
6
1
4
7
4
5
3
31
22
3
1
2
5
7
4
39
5
4
3
17
10
2
3
10
4
3
4
36
15
7
2
22
1
7
4
18
15
2
3
54
1
3
4
12
1
4
3
31
11
2
2
5
2
4
4
1
8
6
4
54
6
7
4
37
5
7
1
14
14
4
3
14
11
6
2
67
1
3
2
4
3
4
4
9
16
4
3
2
12
4
4
2
12
1
4
11
24
7
2
30
2
2
2
37
2
2
2
14
3
5
1
13
4
2
1
22
1
7
3
44
9
2
2
2
2
3
3
71
5
5
2
53
3
7
4
6
1
1
4
17
13
4
1
27
1
3
4
4
3
5
2
9
3
3
4
32
6
3
3
2
10
5
2
33
1
2
3
26
3
4
3
16
5
3
3
11
20
6
4
25
3
5
4
61
11
2
1
63
1
2
1
25
2
5
4
42
4
7
3
30
21
5
3
15
9
7
4
13
5
2
3
63
7
3
2
13
1
2
4
45
6
1
1
4
5
7
1
71
2
1
3
32
8
4
2
1
1
2
