2
9
2
6
2
45
4
2
3
32
1
1
1
18
13
1
1
38
3
4
1
30
2
5
4
15
25
7
2
52
3
7
3
67
24
1
3
71
4
1
4
2
1
4
1
17
7
3
3
32
11
4
1
54
1
4
4
12
4
5
3
23
7
3
4
38
8
6
1
32
5
3
1
39
3
4
1
11
11
5
3
54
1
6
1
65
2
6
2
42
1
5
3
27
15
3
4
45
5
7
1
53
1
4
1
45
2
1
4
53
8
7
3
34
2
7
4
4
27
2
1
26
1
3
1
55
1
4
4
5
9
7
4
42
1
4
1
26
2
7
4
45
14
3
3
61
10
7
2
44
2
4
4
40
7
3
1
41
3
5
1
67
2
7
1
41
2
2
3
11
14
7
1
10
7
4
4
44
1
5
4
7
3
7
3
10
26
7
2
54
2
1
4
30
6
4
3
2
7
2
2
6
2
1
3
30
21
6
2
38
1
7
2
47
1
1
2
14
3
2
1
44
4
4
1
4
8
6
1
66
1
5
2
39
2
7
3
39
4
2
2
31
3
7
4
13
15
5
4
29
4
3
3
49
8
3
2
12
3
6
4
30
5
5
1
29
2
6
2
27
1
1
2
53
2
5
3
17
15
1
3
34
4
6
2
42
3
7
2
32
2
2
1
34
10
6
3
43
4
1
2
16
3
6
1
68
1
5
2
3
2
4
3
53
4
6
3
54
2
6
2
37
4
6
4
61
5
6
3
71
3
2
1
16
1
1
2
4
2
4
4
22
6
5
3
40
2
3
3
23
14
4
3
15
10
6
4
3
11
3
4
37
12
2
1
29
1
5
4
60
4
7
2
4
1
3
3
3
7
2
3
8
3
6
1
61
2
4
2
31
5
5
3
41
4
5
2
28
2
2
3
14
21
6
4
67
34
1
2
30
1
1
2
28
1
2
3
33
9
7
4
60
8
1
3
26
3
3
3
41
3
6
2
43
3
6
4
39
8
1
2
12
1
6
1
52
1
1
2
41
5
5
3
8
18
6
2
22
3
4
3
39
6
6
1
39
4
1
1
68
2
7
1
42
2
4
3
2
5
4
1
14
5
4
3
35
6
3
2
6
3
4
3
30
8
1
4
13
13
5
1
36
3
6
1
13
6
1
2
25
2
4
3
26
10
2
4
35
2
3
3
11
1
3
1
25
3
3
2
61
1
2
3
45
7
7
4
33
9
3
2
15
2
7
3
15
9
6
1
65
1
6
3
18
6
6
2
15
1
3
3
45
1
7
2
44
3
4
4
65
1
3
1
67
1
6
3
65
3
5
1
37
1
3
2
35
2
7
2
23
3
4
1
52
2
4
3
12
3
7
2
8
1
1
1
40
1
6
3
1
4
5
3
65
13
6
4
71
5
2
4
65
14
7
1
5
2
5
2
2
3
6
2
53
3
7
2
65
1
4
3
63
1
1
2
16
2
2
1
2
1
1
2
49
1
1
2
3
3
4
3
47
1
1
4
52
12
5
1
60
1
2
2
55
2
4
4
38
6
7
1
7
3
3
1
71
1
4
2
45
1
3
1
11
7
4
4
34
10
1
1
55
2
4
1
1
1
3
1
31
14
5
1
30
20
3
2
47
2
7
3
12
2
6
4
66
3
2
2
14
1
2
4
16
4
5
2
18
4
5
3
36
12
1
4
6
22
7
2
67
1
4
4
49
6
2
4
14
22
2
2
11
2
3
3
36
5
1
3
38
10
5
3
53
6
3
1
49
1
4
1
37
2
7
2
22
1
5
2
17
3
7
4
22
19
6
4
47
3
7
3
6
6
4
3
55
10
1
3
60
30
2
1
42
1
6
2
71
2
4
3
67
15
2
2
68
3
3
4
52
17
1
3
7
2
1
3
9
27
4
4
11
19
6
2
1
1
2
3
68
13
4
3
16
2
4
4
71
4
7
3
42
1
3
1
17
3
2
1
63
2
5
4
67
28
6
1
23
2
3
1
2
6
6
4
18
22
1
1
32
6
1
2
66
2
4
3
22
10
1
4
10
13
5
4
2
11
1
1
8
17
6
1
54
3
2
3
28
2
2
2
26
4
7
1
49
2
4
3
44
1
2
3
9
18
6
4
26
5
7
3
29
5
4
4
5
22
1
2
60
2
6
4
31
20
7
2
34
1
3
2
10
2
2
4
1
5
7
2
36
5
2
2
13
2
4
1
22
3
4
2
33
2
7
4
11
5
4
4
36
7
5
2
52
1
2
2
25
1
7
1
71
2
5
2
68
4
4
1
33
3
4
1
16
2
6
2
32
3
1
2
49
4
5
4
53
15
6
3
38
1
7
4
27
1
3
2
26
2
5
2
18
1
1
3
5
2
4
2
5
1
1
4
54
10
7
3
25
4
5
3
18
9
7
4
49
5
3
1
40
2
4
2
61
3
4
3
3
9
4
2
40
4
3
2
36
1
4
3
61
5
5
2
34
3
1
4
44
2
7
1
15
2
7
2
17
2
6
4
63
2
5
3
63
11
1
4
29
6
6
2
67
2
4
1
35
3
3
1
10
6
4
4
16
2
1
1
36
1
4
1
44
3
7
1
25
2
3
4
37
13
7
2
41
2
2
2
35
1
3
1
3
7
5
2
29
2
3
2
7
2
1
3
5
5
6
1
33
2
2
3
37
11
2
3
31
13
3
2
7
3
6
4
36
1
7
4
7
7
1
4
8
16
3
2
65
4
2
4
63
6
2
2
5
3
4
4
68
17
6
3
4
18
7
2
39
3
7
3
22
8
7
1
22
2
4
3
4
14
4
2
60
3
1
3
31
21
3
2
30
3
1
3
28
13
1
3
42
4
1
4
10
12
7
1
15
4
5
1
8
12
2
2
2
2
6
3
44
2
1
1
38
2
7
1
4
6
1
1
6
1
3
3
52
14
3
3
1
10
3
1
66
3
6
1
13
1
1
4
8
18
7
2
55
1
7
1
47
1
5
3
43
7
7
4
15
9
7
4
61
12
6
1
6
2
7
2
23
2
1
3
49
6
3
1
31
17
3
2
43
2
7
2
33
1
5
3
10
24
1
1
43
3
2
4
35
3
1
4
47
7
4
1
45
1
4
1
28
1
5
1
35
4
7
2
13
3
4
1
61
3
2
3
6
5
1
1
5
1
1
2
1
3
4
3
25
8
3
4
17
4
3
1
63
1
1
4
66
1
7
4
32
9
7
3
55
8
6
3
52
11
5
2
71
3
3
3
66
6
2
4
40
4
2
3
33
5
1
3
35
3
7
4
32
3
2
4
43
4
5
1
53
2
2
4
6
8
7
4
42
4
2
3
66
5
3
4
18
23
7
2
27
2
3
2
11
1
7
1
34
4
7
3
16
4
5
4
23
19
7
3
37
9
4
4
28
2
5
3
68
3
1
4
3
19
7
1
12
4
4
4
9
8
7
1
18
10
3
4
25
1
5
1
28
2
3
4
34
4
2
2
40
2
5
4
1
12
5
4
39
7
7
1
47
3
6
1
9
6
6
2
10
3
7
4
27
7
5
3
47
3
5
3
14
19
3
3
27
12
4
1
14
14
3
4
54
6
4
4
43
9
2
3
13
6
3
2
66
1
3
4
41
4
6
2
9
3
6
2
8
3
3
2
29
1
3
2
63
1
6
4
33
1
4
1
12
9
5
3
40
4
7
4
25
9
4
3
17
7
2
4
4
12
5
2
54
1
4
4
9
4
1
4
17
14
4
2
63
3
7
1
1
2
5
4
26
9
6
3
13
9
4
3
29
7
6
4
41
3
4
4
55
4
6
4
14
5
3
1
7
9
1
1
23
1
4
1
60
2
2
2
37
3
2
1
43
1
4
4
28
3
3
1
3
8
4
3
60
5
3
1
27
1
1
3
7
4
2
4
68
12
5
4
23
3
1
2
38
2
2
4
55
5
7
1
27
3
3
1
9
8
4
4
12
1
2
4
31
22
3
