1
33
8
7
3
3
2
1
3
54
2
5
1
30
14
2
2
18
3
1
4
4
18
3
2
2
2
1
2
53
3
4
4
45
3
4
3
38
11
4
3
63
4
2
3
13
1
5
1
5
2
7
1
28
2
2
4
37
5
1
4
14
18
4
1
9
1
4
1
28
3
7
4
68
6
6
2
52
3
5
4
6
12
2
2
25
2
6
1
49
2
3
2
28
1
5
3
42
3
3
1
26
2
6
2
38
2
5
1
60
1
7
4
3
8
4
1
42
2
1
2
6
1
3
1
10
8
4
1
1
3
4
2
29
2
1
4
60
6
7
2
52
1
6
3
47
3
7
3
25
3
3
4
25
4
2
4
5
11
3
4
40
7
5
2
43
2
4
2
6
3
5
1
17
9
4
1
2
5
1
1
16
1
3
3
1
4
3
3
14
19
1
3
23
12
3
1
6
1
3
1
2
7
4
4
5
18
7
1
40
3
1
4
66
3
3
4
33
4
5
4
9
4
7
1
35
1
7
2
8
3
7
4
45
12
3
4
71
4
5
3
10
18
2
1
14
21
6
4
22
5
7
2
1
2
7
2
33
2
5
2
44
1
2
2
36
2
7
2
38
3
4
4
9
2
1
1
13
1
7
1
27
1
1
3
61
11
1
3
32
6
4
3
8
20
1
3
66
5
1
3
15
12
4
2
41
5
4
4
3
7
7
4
52
20
7
1
1
1
6
2
25
3
1
2
13
3
7
2
23
2
1
4
65
10
6
4
61
12
6
2
29
3
3
3
33
17
1
4
31
22
2
4
14
33
4
2
61
3
3
3
12
1
3
4
29
12
1
3
9
17
3
1
54
2
4
3
5
3
4
2
32
2
6
2
30
4
1
3
52
11
2
3
23
15
5
4
36
13
3
4
27
5
7
2
39
2
2
1
37
1
6
1
23
3
4
2
63
1
3
1
39
1
6
2
5
3
6
4
10
14
3
3
29
8
6
4
15
23
2
4
43
9
7
3
66
1
3
2
31
1
2
2
30
1
4
4
47
14
2
1
40
2
5
4
4
25
7
2
68
2
5
1
54
3
3
4
23
24
3
1
30
2
5
2
53
1
1
1
31
10
1
1
22
3
5
4
39
6
2
2
33
3
4
1
67
1
2
4
31
4
5
4
42
5
1
4
2
6
2
2
22
3
6
3
33
14
4
3
52
6
1
1
38
2
1
1
15
5
2
1
71
2
6
1
47
1
6
1
32
5
1
1
66
2
6
2
4
3
2
1
43
2
2
3
68
14
1
3
16
7
5
1
61
3
5
2
47
1
2
3
17
5
6
2
42
1
4
3
26
11
5
2
12
3
6
4
25
7
1
4
1
1
3
4
34
2
5
4
7
5
1
2
67
2
7
3
65
17
5
1
67
2
1
4
44
2
4
1
14
13
7
3
8
18
6
1
63
1
1
3
39
10
5
1
65
2
3
2
22
1
4
4
49
8
7
3
22
3
6
2
67
1
1
4
23
19
5
4
41
4
6
2
26
4
7
3
60
5
6
4
26
4
5
2
63
3
4
2
1
1
1
3
43
7
5
4
8
12
2
1
65
1
7
4
10
19
3
3
55
9
1
3
67
18
6
1
71
1
6
4
63
9
4
2
44
5
4
1
44
1
5
2
4
1
5
3
6
1
4
4
32
1
4
4
44
9
1
3
49
4
5
3
22
10
2
4
12
9
4
3
15
7
5
4
35
4
7
3
30
14
5
2
45
3
2
4
35
1
6
2
34
3
3
2
7
2
4
1
47
3
6
4
11
13
4
2
41
3
3
1
35
2
6
3
34
3
2
1
37
2
6
4
71
3
3
3
61
5
1
4
28
5
2
1
52
3
7
1
49
1
2
4
66
2
1
2
45
4
2
3
34
6
6
3
6
2
1
4
17
17
4
3
37
8
4
2
28
3
7
3
71
1
7
4
67
28
6
1
3
10
6
3
60
25
5
2
26
3
2
4
54
9
2
4
15
24
1
2
9
3
4
4
39
3
1
1
68
2
7
3
32
2
1
1
13
8
4
1
27
2
5
3
2
5
5
1
66
3
7
3
17
3
2
1
42
1
6
3
3
7
7
4
12
10
2
1
45
2
5
3
25
2
5
2
23
3
1
4
33
9
4
2
35
2
1
3
38
5
4
2
61
1
1
3
45
5
7
4
40
8
3
3
37
9
3
1
60
2
6
3
43
1
2
2
32
4
4
1
32
7
4
4
16
1
3
1
52
2
1
2
16
1
6
2
60
4
3
1
25
3
1
2
7
3
2
3
31
13
1
3
11
18
5
4
47
4
7
2
34
2
2
3
35
8
2
4
34
1
4
4
43
3
3
4
8
10
6
3
5
2
6
1
38
1
4
3
1
8
6
3
41
2
3
3
7
4
3
2
36
1
1
4
7
3
2
2
9
1
1
3
36
5
5
3
28
1
4
3
54
1
4
3
18
10
7
2
27
1
4
3
65
16
2
1
11
6
7
4
30
5
2
1
25
2
5
3
18
19
1
1
12
11
1
2
65
3
2
4
28
12
6
1
55
1
7
1
41
1
4
2
15
1
3
1
36
1
3
2
39
4
2
3
44
8
4
3
28
16
5
2
8
2
5
1
29
2
2
1
4
4
7
3
47
5
6
4
6
21
5
2
40
4
4
4
18
17
7
2
71
3
6
3
30
1
4
3
27
9
3
1
12
9
5
3
26
7
7
1
3
9
4
4
54
5
6
1
55
2
2
4
38
7
4
2
55
1
4
1
34
11
4
4
29
10
4
2
10
2
5
4
2
8
6
1
23
2
5
4
30
8
6
1
63
2
6
2
18
2
4
3
55
8
1
1
16
6
5
2
60
2
1
4
27
11
1
2
2
3
5
1
11
3
5
3
68
1
7
3
11
25
2
3
41
4
4
4
60
1
2
3
12
6
1
2
49
4
7
1
22
1
6
4
36
7
5
2
35
3
6
1
43
3
3
1
45
1
6
4
26
2
4
3
53
8
1
2
40
1
6
1
15
2
3
2
5
1
2
3
4
9
6
1
9
6
7
2
27
3
3
3
67
16
5
4
53
6
1
3
53
7
6
3
16
3
4
3
27
14
3
2
10
1
3
4
1
12
3
4
16
9
3
3
45
4
3
3
63
7
2
1
53
2
3
2
68
4
1
2
66
2
2
3
36
9
4
1
8
9
3
3
35
4
4
2
31
2
7
4
61
3
2
2
3
1
1
2
49
3
4
2
66
1
7
1
5
1
7
4
68
4
3
4
67
3
7
1
36
3
2
1
18
9
1
3
10
17
7
2
54
1
1
4
17
20
6
2
17
3
3
3
49
2
5
4
38
6
7
2
14
1
6
1
39
4
2
1
33
7
4
2
3
3
3
1
44
4
4
3
2
4
5
2
55
3
5
1
8
10
1
3
39
7
5
2
43
4
4
2
37
3
7
1
6
2
7
4
11
25
3
2
13
1
4
1
18
4
2
2
37
2
2
3
9
16
5
2
17
1
1
4
22
16
6
4
42
2
2
4
49
5
1
4
13
4
5
1
7
10
3
2
54
2
4
4
55
2
7
3
40
1
7
4
52
3
2
1
4
3
6
4
55
13
7
1
68
3
5
4
65
3
6
4
37
13
7
2
71
1
4
1
7
11
3
4
53
12
2
3
44
7
7
1
61
2
7
3
42
4
3
2
15
2
6
3
40
3
3
4
13
6
2
2
47
4
7
4
63
3
3
2
11
2
3
3
14
26
5
1
31
6
2
2
42
3
7
1
26
3
7
1
53
1
3
3
4
16
4
1
34
6
2
3
29
2
3
1
17
15
2
2
14
2
1
2
65
4
6
1
10
3
2
4
18
21
5
4
41
3
5
3
31
18
7
1
29
1
1
1
41
3
1
2
16
2
2
2
11
3
5
4
32
13
5
3
71
3
5
3
13
4
5
3
7
5
6
2
12
1
1
