1
32
2
7
1
22
2
3
3
29
17
1
3
60
28
2
2
37
3
6
1
63
2
2
1
15
1
4
4
54
8
5
2
23
1
3
2
38
5
1
4
10
19
4
4
71
6
2
1
45
1
6
3
22
3
4
4
29
1
2
2
13
3
6
3
29
18
7
1
49
2
6
3
35
7
5
4
26
12
3
3
5
5
6
2
8
3
7
4
49
8
7
2
71
1
5
3
23
15
1
1
60
2
5
2
49
1
4
4
16
9
4
3
71
2
4
3
42
2
2
3
6
5
3
4
30
5
7
4
33
11
7
1
6
1
2
1
4
2
2
1
32
3
1
1
37
2
3
3
63
1
5
4
49
6
1
1
55
2
7
3
5
2
5
3
2
6
6
2
49
4
5
3
11
4
1
4
66
5
7
4
15
4
3
4
6
4
4
1
36
2
7
1
17
2
7
4
37
5
2
2
43
5
5
4
9
3
3
2
7
2
4
3
10
8
4
3
22
1
2
3
65
20
3
1
10
7
7
4
8
1
4
2
68
1
6
4
26
6
6
1
25
2
5
1
1
1
6
3
38
12
4
3
10
15
7
1
23
3
4
1
17
1
5
4
52
19
7
3
7
1
6
2
6
3
5
1
30
10
1
4
29
12
5
4
11
2
7
4
6
25
5
3
36
2
3
1
54
3
5
1
68
2
5
4
1
11
6
4
18
28
6
1
36
3
5
3
25
9
4
4
36
14
4
4
13
3
4
1
54
2
6
4
55
7
3
4
7
1
6
3
14
12
1
2
1
1
4
4
39
9
3
1
10
4
4
1
9
1
2
1
35
3
1
4
27
3
4
2
17
2
4
4
35
4
4
1
38
2
6
2
3
1
5
3
8
9
4
2
9
2
2
4
7
8
2
1
39
2
5
2
9
1
7
3
28
8
3
1
2
5
5
1
16
5
7
4
47
9
6
3
6
4
7
3
61
7
5
2
61
2
5
3
39
10
1
3
23
14
2
1
71
1
4
1
30
1
1
1
7
8
1
3
18
14
1
1
71
3
2
4
47
13
6
4
9
17
7
3
60
20
3
2
52
6
1
2
39
1
2
4
65
1
3
1
53
2
5
2
18
4
6
2
18
3
7
2
40
1
4
1
26
1
7
2
36
4
1
3
55
11
7
1
40
3
1
2
15
2
6
1
12
17
5
1
61
1
1
2
12
1
4
3
13
1
7
2
68
4
4
2
31
5
6
3
66
7
6
4
3
9
6
3
18
8
3
3
55
2
2
2
10
3
7
4
23
6
6
2
34
3
7
2
2
2
7
1
33
7
1
4
14
6
1
4
22
16
1
4
67
10
7
1
18
11
3
3
3
4
2
3
15
14
4
4
63
4
6
1
29
2
3
4
5
15
5
3
52
9
2
4
3
5
6
3
8
16
4
2
65
2
5
2
22
1
6
2
17
1
2
2
33
2
5
2
14
3
1
4
68
11
5
4
10
4
4
3
41
1
7
1
44
2
2
2
55
2
7
1
14
19
4
4
54
5
7
3
4
2
6
1
34
5
6
4
25
4
4
4
71
2
3
4
42
5
3
1
8
15
3
1
18
13
3
4
16
10
7
4
27
9
3
3
61
5
7
1
25
1
3
2
41
5
3
4
31
12
4
1
61
2
5
4
12
8
3
1
28
3
5
2
60
3
2
3
32
3
7
2
33
1
1
2
30
3
1
4
41
1
5
4
11
4
7
4
61
9
4
2
35
2
3
3
54
1
6
1
43
1
6
4
1
4
7
1
14
9
6
1
45
2
4
3
44
1
6
2
28
3
6
3
27
8
2
1
23
1
3
4
61
4
6
2
6
2
6
1
42
2
3
1
1
3
4
1
27
2
5
2
12
3
4
2
23
3
1
1
63
1
2
2
53
1
6
4
17
12
2
3
41
3
4
1
44
4
6
2
34
1
1
4
15
1
5
3
1
7
1
4
63
3
4
1
39
4
2
1
31
3
6
2
67
1
1
2
3
3
1
2
10
2
5
4
32
10
2
3
9
17
3
1
29
1
7
4
28
4
7
2
36
3
5
3
34
10
4
4
22
20
3
4
34
14
7
1
16
4
4
3
16
6
4
1
37
1
3
1
13
3
7
4
68
10
2
2
66
3
5
2
63
1
7
1
7
10
1
3
42
4
1
1
34
8
4
4
43
4
6
3
13
3
1
2
47
4
1
4
43
2
6
2
4
3
7
3
47
8
4
3
25
7
1
1
65
1
4
4
67
17
4
2
52
3
2
4
40
2
6
3
68
8
5
1
2
4
5
3
4
7
2
3
38
6
1
3
68
5
1
4
60
6
4
1
47
2
1
1
65
2
3
2
67
2
5
2
30
1
3
3
71
5
7
3
16
4
2
1
49
1
5
4
12
1
6
2
65
3
3
2
28
2
4
1
35
1
5
3
66
5
2
1
22
1
4
2
5
1
5
4
53
11
3
2
29
1
1
3
43
5
4
4
40
8
1
1
67
2
5
3
30
5
2
4
42
2
3
4
31
20
7
4
13
8
5
2
42
2
2
3
49
7
1
1
66
2
2
1
53
1
6
1
52
3
7
2
15
3
4
3
33
20
3
3
31
2
3
1
9
12
5
4
45
11
4
1
60
1
6
4
32
11
2
4
2
2
7
3
52
8
1
2
5
2
1
3
30
19
2
2
63
3
6
2
40
4
2
1
27
3
1
3
53
8
7
3
12
2
6
2
44
4
2
1
11
7
5
1
5
1
6
3
28
14
2
3
11
14
2
3
37
6
3
2
41
1
5
2
32
4
4
2
54
1
5
2
13
1
6
1
8
11
7
4
4
23
4
1
41
2
6
1
42
1
1
3
26
3
1
2
27
2
2
3
26
9
1
3
49
5
3
2
25
1
5
3
17
7
7
2
54
2
3
2
45
1
6
2
35
1
3
2
66
2
3
3
17
4
3
3
40
2
3
2
14
1
1
3
15
7
2
4
37
14
2
2
43
4
1
3
34
4
6
1
66
3
5
1
12
3
6
3
12
5
4
3
35
6
2
3
31
7
4
1
28
1
7
1
13
7
3
4
38
9
1
3
14
9
3
1
38
1
7
4
55
13
6
1
11
9
5
4
44
7
2
1
26
3
5
2
26
4
5
3
33
24
5
2
45
4
1
2
7
3
2
2
71
3
4
2
32
2
3
1
67
3
1
3
43
4
2
3
54
2
6
4
60
4
3
2
4
1
3
3
45
4
1
3
67
17
7
4
53
13
6
4
66
2
4
4
52
3
2
3
65
10
6
4
18
2
3
3
47
2
2
1
40
2
4
4
65
12
3
3
1
4
7
1
6
2
7
1
43
2
6
2
22
3
5
4
34
12
6
1
31
18
4
4
25
6
7
2
8
2
6
4
39
5
5
2
39
4
5
3
2
4
5
4
8
12
6
4
45
10
2
4
14
17
6
2
16
2
1
3
44
9
7
2
61
1
1
1
47
1
6
3
7
2
5
2
44
2
6
4
17
22
4
1
15
4
1
3
40
3
1
4
5
10
6
3
53
2
3
2
11
2
2
2
47
3
6
2
29
3
6
1
41
3
1
3
3
10
1
2
16
1
4
1
52
1
3
1
33
3
2
1
3
4
7
1
55
1
6
1
5
2
6
4
38
2
5
3
27
4
2
4
30
4
3
1
3
10
4
1
4
7
3
3
9
31
5
2
38
1
5
2
55
3
2
2
11
1
6
2
1
3
1
2
42
4
7
3
67
18
2
3
36
4
4
2
2
3
1
3
39
6
5
4
2
3
7
2
31
1
1
2
37
1
2
3
37
4
5
4
23
12
4
3
63
8
3
2
26
1
7
4
4
18
1
3
32
7
1
1
68
1
7
4
35
1
2
4
36
9
6
4
33
10
5
4
41
3
3
2
27
1
7
3
45
3
4
4
28
12
3
2
25
3
7
2
53
2
4
2
60
2
7
4
44
19
7
