4
18
25
7
2
13
1
1
1
49
2
3
1
45
2
5
3
35
4
3
1
34
5
2
4
40
1
6
2
41
2
6
1
16
4
4
2
29
3
2
3
53
4
3
1
15
1
6
2
2
3
1
4
13
11
2
2
60
4
4
1
45
1
4
3
37
12
4
3
2
11
2
1
49
1
1
3
65
12
6
1
14
18
4
1
71
3
6
2
71
2
7
1
27
2
2
1
7
11
6
3
45
4
7
1
42
1
6
2
25
3
6
1
22
2
4
4
40
8
5
3
13
5
1
3
40
3
7
3
38
12
7
3
49
2
4
3
8
15
7
4
3
21
3
2
55
3
1
1
33
1
4
3
5
4
7
4
53
13
3
4
2
11
6
3
12
4
2
3
11
14
5
1
25
1
1
4
68
24
3
3
7
5
1
4
54
2
3
3
34
9
5
3
68
7
2
2
30
1
3
3
3
5
4
2
31
2
3
3
40
2
5
1
35
1
5
3
27
17
3
2
4
2
2
3
68
11
5
2
28
3
3
2
60
1
5
3
39
6
6
1
13
1
3
4
22
3
7
4
53
12
1
3
25
7
5
3
54
1
6
4
44
14
3
4
3
20
1
4
65
13
7
4
42
1
7
1
12
2
5
2
39
3
5
2
26
4
3
3
55
3
7
1
4
2
5
4
43
8
4
3
16
5
1
2
32
1
7
4
7
3
4
3
29
3
5
4
16
9
4
2
4
3
6
3
42
1
7
2
3
2
6
2
39
4
2
1
61
1
7
2
27
3
3
4
61
5
4
4
11
19
6
3
27
16
7
1
2
4
6
1
26
3
6
2
28
2
6
2
35
3
3
3
30
18
1
2
18
2
2
3
1
3
1
2
66
3
7
3
67
34
2
1
65
2
3
2
25
2
6
2
16
2
3
2
67
2
3
4
18
8
5
2
13
2
5
3
32
3
7
1
6
2
5
4
27
5
7
3
18
20
1
4
5
19
2
1
67
3
5
2
32
2
4
2
14
1
7
2
44
3
2
2
12
2
5
4
41
4
2
2
38
5
6
3
9
28
6
4
52
4
7
3
33
16
1
1
29
1
7
1
44
4
4
4
47
2
5
4
43
11
5
3
13
3
2
2
37
4
5
2
63
1
5
3
26
5
7
4
1
14
7
3
14
23
7
2
22
2
4
4
9
20
7
1
12
7
6
4
36
13
1
2
65
1
1
2
41
5
1
2
49
1
6
1
8
8
2
1
11
7
5
4
10
24
2
1
54
2
6
2
29
1
6
2
54
1
5
4
27
2
3
1
60
1
1
3
5
3
7
4
34
3
6
3
31
21
6
4
11
22
7
1
23
3
2
3
1
8
6
3
28
4
1
4
71
1
4
2
47
3
4
1
71
1
6
4
63
6
2
1
43
2
3
3
38
2
3
3
32
8
7
3
31
24
5
3
33
10
6
3
36
12
1
1
36
1
4
1
3
4
6
4
63
11
2
1
27
3
7
3
8
11
4
4
15
23
3
4
68
25
1
3
17
8
3
3
61
2
2
3
22
6
5
4
49
5
2
4
4
23
3
2
66
1
6
3
60
25
2
2
47
4
4
2
55
1
5
1
7
9
6
1
9
8
5
1
32
6
5
1
47
3
7
3
15
6
7
2
18
3
6
4
30
6
2
2
5
3
1
1
1
2
4
2
14
3
1
2
6
3
6
1
5
2
7
2
23
3
1
3
47
6
3
1
63
1
7
3
34
5
4
4
6
24
1
3
4
14
1
4
33
9
2
4
42
5
2
4
26
5
1
2
40
4
7
4
33
8
5
3
35
5
7
2
40
3
3
3
6
2
7
4
10
15
3
1
28
1
4
1
67
1
2
1
22
1
7
4
66
3
3
2
33
3
4
3
44
3
1
1
11
12
2
3
12
1
3
3
26
10
7
1
32
7
2
2
26
1
4
3
4
17
7
2
8
3
7
1
28
3
6
4
6
11
4
4
22
17
6
2
67
1
3
2
34
3
3
1
18
1
5
3
53
8
3
1
1
1
2
1
30
21
1
1
39
2
7
1
31
14
7
2
36
1
4
2
11
2
5
4
14
25
7
1
6
1
5
4
61
9
4
4
35
4
6
2
1
2
5
2
49
3
5
2
15
3
6
1
61
3
6
3
66
7
4
1
68
3
1
3
49
6
5
1
14
22
6
4
1
10
1
4
23
23
2
2
23
1
1
2
61
2
6
4
17
13
6
2
3
3
2
4
28
8
1
2
1
3
3
1
65
1
3
1
2
6
6
2
5
1
3
3
28
7
6
1
39
1
6
1
4
4
5
2
11
1
2
1
53
1
5
1
60
2
6
4
47
4
2
2
45
4
4
4
25
9
5
2
54
2
5
1
68
1
7
2
44
5
4
2
31
1
4
2
7
1
6
4
29
11
3
1
44
2
1
1
55
2
7
1
18
11
6
2
33
1
4
4
38
1
1
3
9
8
5
4
23
4
6
1
34
7
2
1
36
2
4
1
35
2
4
2
17
2
3
4
60
1
7
3
10
16
4
1
9
14
1
2
16
1
2
2
53
2
5
4
30
4
6
1
66
3
6
2
68
4
3
4
67
13
6
1
10
5
3
2
17
1
1
3
29
5
7
4
26
9
4
1
33
5
1
4
52
21
2
4
36
11
2
3
66
1
3
4
71
5
3
3
23
13
6
3
45
2
3
4
39
10
4
2
12
3
6
4
31
28
7
4
60
3
6
1
17
13
7
3
22
7
2
1
43
3
3
3
43
1
6
3
67
18
4
3
54
2
3
4
2
5
5
2
52
6
3
2
42
3
2
4
34
5
3
3
41
3
2
3
39
3
2
4
67
26
5
4
37
9
2
1
63
2
7
1
53
2
5
4
35
1
3
4
45
1
7
3
61
7
6
3
63
1
2
4
29
14
5
2
6
1
5
4
13
10
7
2
10
2
7
1
17
6
1
3
71
4
5
2
52
2
4
3
71
1
4
1
26
2
6
4
39
2
1
1
25
2
4
2
38
2
2
1
31
8
4
2
9
3
4
4
17
12
3
1
30
2
2
3
60
20
5
3
18
2
7
4
4
4
1
3
44
9
5
2
37
2
3
3
3
4
6
3
6
1
7
4
66
4
7
1
8
1
7
3
14
12
2
4
16
7
6
2
61
1
7
2
68
2
6
1
40
1
3
4
45
4
5
4
8
19
3
4
5
24
4
4
32
7
6
1
66
1
7
1
54
3
2
4
15
20
5
3
15
17
6
4
44
3
7
4
49
8
7
3
2
8
4
3
10
26
7
1
47
2
2
4
9
13
5
3
7
3
7
4
55
9
7
3
30
28
7
2
9
2
3
2
34
1
5
4
31
10
4
2
42
2
3
4
55
10
7
3
63
3
3
3
47
5
3
2
35
2
7
3
52
13
1
2
7
2
4
2
65
2
6
4
12
10
5
1
13
6
4
1
23
1
5
4
37
13
2
1
10
6
7
2
43
3
4
4
41
1
2
4
65
15
5
3
23
3
3
3
55
8
5
1
38
2
4
1
29
2
6
3
52
16
4
3
37
7
3
2
43
1
7
2
2
1
4
4
25
1
6
4
32
8
7
1
40
2
2
3
65
9
4
2
27
1
7
1
3
6
7
1
41
3
6
1
52
1
5
1
42
2
6
2
71
1
7
4
14
26
5
2
30
2
4
3
17
5
7
3
25
6
7
1
37
1
6
3
11
4
5
3
43
3
4
2
53
3
2
2
36
5
6
3
42
3
2
2
22
1
2
4
54
6
5
3
36
14
1
4
38
9
1
4
8
13
7
4
28
13
2
2
15
1
4
1
37
2
5
1
55
1
4
2
8
1
3
1
38
1
3
1
15
4
6
2
45
2
3
4
12
7
7
3
41
1
1
2
10
1
5
4
7
4
1
2
63
2
3
1
5
1
2
1
41
2
4
1
52
3
2
1
16
5
4
3
16
7
3
