1
27
2
2
4
22
18
6
3
47
8
6
3
27
15
5
1
52
2
2
4
53
12
5
1
29
3
1
2
13
3
6
1
43
2
3
4
13
15
5
1
63
1
3
4
3
20
1
4
11
30
6
2
63
1
4
3
63
5
4
1
39
3
5
1
40
2
3
2
2
2
3
1
26
1
1
3
17
6
5
1
68
2
3
1
66
2
7
4
36
7
2
1
23
2
5
2
60
3
2
3
65
5
1
2
8
1
6
3
42
2
5
2
49
4
6
3
40
5
2
3
31
8
1
3
40
3
6
1
4
6
6
2
6
1
5
1
11
10
7
4
10
27
7
3
2
6
3
4
4
19
4
4
38
5
4
1
7
9
4
1
10
6
1
1
61
1
1
1
33
6
1
3
61
2
7
3
35
2
4
2
61
3
5
4
52
10
2
4
1
6
7
2
28
1
2
3
3
7
6
1
18
5
2
2
2
3
7
4
47
8
5
1
15
2
4
2
52
2
2
3
55
14
5
3
18
2
2
2
32
3
7
1
52
3
2
1
22
1
1
1
40
3
2
3
5
4
3
2
36
5
5
3
71
1
7
3
6
1
4
2
60
4
3
3
34
8
3
1
22
3
6
2
9
3
1
4
66
2
3
1
3
7
2
4
49
5
6
1
42
2
3
4
49
2
5
1
27
3
2
2
61
1
5
4
68
8
7
3
32
9
1
4
28
11
2
4
65
14
6
2
18
2
2
4
16
8
6
1
7
7
1
3
14
6
3
3
15
6
1
1
14
7
4
2
55
2
5
2
23
3
3
1
36
2
4
3
23
18
1
2
10
2
6
2
30
4
4
1
66
1
4
3
32
7
5
2
6
2
3
3
29
17
4
4
37
5
7
1
1
3
2
2
68
1
3
3
4
25
6
1
60
1
3
4
39
5
6
2
39
3
5
3
53
4
2
1
53
1
4
4
71
6
6
4
34
14
3
4
22
19
7
4
9
29
1
1
67
2
2
4
30
4
4
1
33
4
1
3
23
9
3
4
29
14
1
2
17
3
7
1
54
3
2
2
16
2
1
1
41
2
1
1
8
9
1
1
5
1
3
3
47
9
5
2
30
5
6
4
26
10
2
3
33
7
1
4
47
16
3
4
25
4
3
1
14
15
7
2
66
2
6
2
7
2
6
2
71
1
5
3
26
5
7
2
42
1
4
2
54
1
4
1
32
7
7
2
63
3
6
3
8
8
4
4
45
12
4
4
27
10
7
1
36
3
7
4
68
21
7
3
41
2
5
3
28
11
5
4
1
4
2
4
11
22
6
4
61
10
7
3
30
12
7
4
3
3
5
4
54
10
4
2
8
2
2
4
52
8
1
3
7
1
7
1
9
7
5
4
9
25
3
2
12
3
2
4
53
11
1
4
18
28
6
3
16
7
5
3
41
4
4
3
61
7
2
2
45
1
4
1
5
2
3
3
1
1
4
4
4
5
6
2
16
3
3
3
71
3
4
3
36
1
6
3
43
8
1
4
7
3
2
2
47
3
1
1
10
1
1
3
16
8
3
3
36
8
3
2
11
3
4
4
32
6
6
4
66
1
6
2
33
2
7
4
2
6
5
4
5
1
1
4
2
4
1
3
68
12
6
4
33
5
2
3
60
1
2
2
65
3
1
2
42
2
7
1
12
16
5
4
34
13
3
1
11
3
1
1
34
10
6
2
38
4
7
1
65
1
5
2
36
1
5
3
37
1
2
3
18
7
7
1
68
1
7
4
16
11
2
3
34
7
7
4
18
4
3
1
44
3
1
3
44
7
3
1
38
2
7
3
12
6
2
4
33
3
6
4
40
2
2
4
54
6
4
4
38
1
7
2
15
3
6
4
30
3
4
2
43
4
6
1
63
2
3
3
60
11
4
3
52
4
5
1
4
7
2
1
37
2
6
4
23
16
1
3
43
6
1
1
29
1
6
4
67
25
1
4
8
5
6
1
67
3
1
3
14
19
4
4
37
4
3
1
49
2
7
3
11
17
4
3
7
2
6
3
29
10
6
1
2
7
6
2
40
4
5
3
53
1
6
2
44
5
6
1
12
10
1
3
67
10
4
2
29
1
5
1
30
9
6
2
43
5
1
2
44
1
3
3
13
3
4
2
22
2
1
4
6
12
7
1
47
3
3
4
29
6
2
1
43
3
2
2
9
2
3
2
41
3
6
3
45
4
5
2
49
3
2
2
27
1
6
1
54
2
6
4
31
1
5
3
55
16
4
2
34
3
7
2
3
3
5
2
22
1
1
1
31
7
3
4
36
5
2
4
7
1
7
2
5
1
6
1
15
5
3
3
10
5
5
2
53
3
6
4
44
5
2
1
55
1
4
3
22
7
1
1
30
13
4
4
8
4
1
1
55
2
1
3
22
8
7
1
71
3
2
4
5
14
6
3
39
5
5
4
31
29
6
1
47
2
5
2
52
7
3
3
28
4
1
2
4
2
5
3
31
21
3
3
8
10
7
1
39
2
3
2
34
2
6
4
60
7
7
4
65
7
4
4
17
7
1
4
12
9
7
1
9
8
3
3
25
3
3
4
42
4
4
3
12
2
3
1
25
2
1
1
8
15
3
4
60
2
7
3
44
1
5
1
45
1
4
4
63
6
7
2
67
2
5
2
32
2
2
3
3
6
1
3
11
8
1
1
3
9
7
1
45
2
2
4
40
6
3
2
23
1
5
1
28
2
3
2
37
4
7
3
54
1
7
4
10
29
3
4
63
1
4
2
54
2
3
2
33
3
3
4
35
4
3
2
27
3
4
3
65
9
5
3
49
7
2
3
33
8
1
2
15
1
3
3
9
14
4
2
45
2
7
2
71
3
5
4
43
9
1
1
37
1
1
1
34
9
5
3
10
2
6
1
26
3
7
2
67
1
5
2
37
2
2
2
14
2
6
4
44
11
1
2
12
1
1
2
1
1
6
4
23
11
7
4
15
8
2
3
17
10
6
3
38
7
5
3
4
13
5
1
31
10
2
1
25
1
4
4
6
8
1
4
41
1
2
2
3
1
3
3
25
7
7
2
68
4
2
2
41
1
7
3
49
5
7
2
13
1
1
4
43
12
4
3
1
4
5
2
11
1
7
4
67
29
4
1
6
2
1
1
17
13
5
2
1
3
7
4
71
1
4
3
27
4
3
3
68
13
7
2
4
3
4
4
14
34
2
3
63
10
4
1
35
1
6
4
13
3
5
2
25
3
4
3
66
4
3
1
16
4
3
4
17
8
6
3
6
4
1
4
61
9
5
1
61
2
1
2
31
5
5
4
45
3
4
1
2
6
3
1
16
3
6
2
14
1
2
1
1
1
6
1
60
2
1
2
7
3
7
1
32
5
4
2
47
2
6
3
42
4
1
1
13
4
2
1
38
1
2
4
26
5
7
2
29
3
1
2
18
4
2
2
39
2
3
3
39
8
4
3
52
17
1
3
35
4
4
2
5
2
3
4
41
3
1
3
37
4
6
3
38
10
2
2
35
3
4
1
13
8
3
3
45
6
6
1
6
1
5
1
23
3
2
2
31
4
3
4
42
2
5
4
27
5
5
2
38
1
5
1
41
3
7
1
65
2
7
4
12
7
3
1
42
1
7
3
2
1
5
2
53
1
6
1
49
1
2
4
15
2
1
2
35
2
6
4
25
2
7
2
17
1
5
3
5
3
7
3
67
18
3
1
18
12
2
4
32
3
7
2
66
3
2
2
26
3
6
4
55
4
7
4
14
22
7
2
26
1
7
2
40
1
1
3
66
3
1
3
30
8
6
2
65
4
6
1
17
1
5
2
55
1
5
4
35
5
2
3
26
10
5
3
54
2
5
3
15
17
6
4
39
9
7
1
28
3
5
1
71
2
6
2
25
2
1
1
53
2
1
1
35
4
4
2
10
3
6
2
28
3
3
4
55
1
6
1
44
1
3
3
9
5
3
4
28
9
7
3
13
4
1
