2
11
2
5
2
26
3
3
1
45
2
4
4
3
13
3
2
25
1
7
4
1
13
4
2
67
2
5
1
11
11
4
4
7
7
2
4
68
25
3
1
8
13
3
1
16
2
7
4
12
8
1
4
9
16
6
1
38
3
4
3
8
17
6
3
61
2
1
1
33
4
7
2
8
1
4
3
49
2
3
2
63
1
3
3
35
2
4
1
37
1
5
4
37
14
4
2
68
2
6
1
28
1
7
3
55
2
3
2
36
4
1
1
5
1
2
4
11
3
6
4
12
6
4
3
17
1
2
2
44
4
2
1
52
1
6
3
71
2
5
1
67
3
7
2
17
1
1
2
28
1
5
3
41
1
4
2
49
4
2
2
2
3
6
4
13
7
2
4
36
3
3
3
44
8
7
3
40
1
6
1
1
1
7
3
52
3
1
4
38
3
3
1
42
2
4
4
8
9
2
1
68
1
1
1
32
2
2
1
61
1
1
2
30
4
6
3
60
11
4
2
44
1
6
3
5
1
7
3
33
4
1
1
15
4
3
4
3
18
5
3
6
4
3
3
25
8
5
1
39
3
7
4
47
12
5
2
2
1
1
4
32
12
6
3
16
7
5
2
52
1
3
2
16
1
2
2
68
4
2
2
49
3
4
4
28
2
3
4
6
5
1
2
23
1
6
4
53
12
7
2
23
3
5
2
33
1
1
2
71
2
1
1
41
2
1
4
47
15
5
1
22
1
6
2
4
2
5
4
52
8
2
4
41
4
6
2
71
1
6
1
2
3
2
4
71
4
1
3
12
5
4
1
12
7
5
1
34
9
5
4
71
1
1
3
65
7
1
2
16
3
4
3
63
10
5
3
16
2
2
4
2
5
3
1
66
3
2
3
36
4
3
3
37
1
2
3
65
21
7
3
52
16
4
3
66
4
2
1
66
1
7
4
10
15
2
3
34
11
4
3
55
5
1
1
3
11
6
1
43
1
1
2
61
1
1
1
55
1
7
3
66
9
2
4
15
21
6
2
1
2
6
3
38
6
3
3
53
3
3
2
53
1
3
2
8
2
5
2
35
3
1
1
29
3
1
3
1
5
5
4
49
6
2
1
67
1
7
4
4
9
6
4
41
2
5
2
54
2
2
2
43
5
5
3
53
5
5
1
23
3
4
3
42
3
2
1
60
1
3
3
43
3
1
4
29
15
2
2
55
3
3
2
63
2
7
2
47
2
3
3
13
4
4
3
49
7
6
3
12
3
4
1
38
1
3
4
33
11
1
4
34
13
5
4
25
2
3
4
5
20
2
3
44
5
5
3
32
10
6
4
65
6
6
2
66
1
1
2
65
3
7
4
2
4
5
1
35
3
2
4
4
3
6
4
49
5
3
1
63
2
1
2
31
3
6
4
42
1
2
1
49
1
5
1
43
2
7
4
33
4
4
2
13
2
3
4
65
10
3
3
38
12
1
1
35
4
3
3
36
8
1
2
10
2
6
1
30
18
5
4
9
32
4
3
63
13
3
4
14
18
4
1
40
3
2
4
31
18
7
1
45
1
2
3
68
6
3
4
23
6
6
3
13
7
4
4
45
11
5
2
42
1
6
3
27
2
1
1
26
1
7
4
1
1
3
4
8
15
5
3
25
5
3
2
60
1
1
3
11
14
1
2
39
1
4
3
3
1
4
3
15
9
5
1
68
3
7
2
32
2
7
4
34
1
3
4
54
12
5
4
17
24
4
2
30
2
3
2
40
1
1
4
35
1
6
1
18
10
6
2
37
4
4
4
18
22
5
4
63
7
3
1
53
2
3
3
6
2
7
2
67
1
5
2
42
2
2
1
60
2
1
2
27
2
7
1
31
18
4
3
11
18
3
4
45
10
7
3
10
11
5
3
18
3
5
1
10
2
6
4
27
10
5
3
39
1
5
2
15
2
3
3
7
5
3
4
44
7
4
3
10
6
7
1
10
4
3
4
38
1
3
4
61
5
1
3
45
7
7
2
61
2
2
4
32
13
6
1
47
1
1
4
43
12
7
2
34
3
3
1
22
2
4
4
22
14
5
4
60
3
1
2
22
2
5
4
28
9
2
2
43
3
7
3
1
3
2
1
6
1
4
2
18
2
5
3
22
3
4
2
14
3
1
1
36
3
1
3
26
9
7
4
43
4
4
2
7
3
7
4
66
5
7
2
28
3
5
2
26
4
7
3
35
8
6
3
47
7
4
4
25
7
3
4
53
8
3
3
23
8
2
3
2
12
1
1
13
8
1
1
55
2
6
4
16
10
4
3
4
21
4
4
39
4
3
1
14
8
2
3
17
9
5
1
7
2
6
2
17
2
1
1
12
16
2
2
53
2
2
4
55
10
4
4
31
3
4
3
34
1
2
3
42
1
4
3
18
16
6
2
34
2
3
2
10
3
5
2
22
3
3
2
12
1
1
4
60
1
7
4
27
9
5
1
40
1
5
2
36
1
6
3
4
2
1
2
6
1
4
1
11
1
2
1
13
1
6
4
26
12
3
3
26
5
6
3
9
18
6
2
9
2
2
1
44
1
5
1
7
11
1
4
5
26
1
2
29
1
4
1
54
1
7
1
15
1
7
3
54
2
5
2
39
4
2
4
26
8
2
1
28
2
3
2
9
3
6
1
65
1
3
1
3
5
3
1
41
1
5
3
29
10
5
2
6
2
5
1
25
1
5
4
30
6
1
1
17
11
3
2
41
1
2
1
31
4
2
3
61
10
7
3
5
2
1
1
8
12
7
2
3
1
1
3
9
25
6
1
47
3
4
2
52
5
4
2
55
2
4
3
29
9
6
1
53
1
3
4
23
23
2
1
17
6
1
4
63
3
6
2
32
3
2
3
14
3
1
2
65
1
4
4
6
27
6
3
30
8
2
3
45
4
7
4
44
15
1
1
71
2
4
4
40
8
1
3
2
2
2
2
7
1
1
1
27
1
4
4
16
5
1
2
35
2
3
4
55
8
7
3
31
5
2
1
36
2
3
2
27
1
2
2
40
2
2
1
6
2
2
2
3
3
2
4
30
7
5
4
52
20
7
1
54
3
1
1
30
2
5
2
33
2
6
3
28
14
2
1
65
2
4
4
13
6
4
1
49
2
2
2
47
1
2
3
7
4
3
1
71
1
2
1
9
9
6
4
67
34
2
1
25
2
3
1
4
2
2
4
35
4
4
4
18
18
3
4
22
18
3
3
33
16
4
2
45
1
1
2
4
3
1
1
29
1
6
3
37
10
4
4
36
13
6
4
66
4
2
2
29
2
3
1
32
7
3
1
4
4
5
3
47
8
3
4
15
11
3
1
23
2
5
2
14
1
3
2
41
4
6
3
32
2
4
2
11
1
1
4
7
6
2
4
68
11
1
3
68
4
1
1
39
2
7
3
54
1
1
2
18
4
6
1
27
2
1
3
71
1
1
3
3
6
6
4
29
14
7
4
61
2
1
1
14
1
3
4
42
2
1
1
5
2
5
3
39
10
2
1
33
1
7
1
16
5
4
3
8
3
6
2
38
4
5
2
5
2
6
3
60
4
6
3
27
12
3
1
2
2
7
4
14
6
1
2
12
2
7
2
45
2
3
2
5
3
5
4
11
22
1
3
22
11
2
2
37
1
3
3
67
17
1
2
38
5
3
3
14
9
2
2
15
1
4
4
67
31
1
4
17
3
3
2
66
2
7
2
25
2
4
1
1
3
4
1
63
1
1
1
18
1
6
3
67
5
6
3
15
1
5
1
37
2
7
1
52
3
3
4
40
1
2
3
28
1
3
1
44
3
3
4
39
2
6
2
13
1
4
3
30
16
6
3
23
3
7
3
40
6
5
3
31
12
7
4
54
7
6
2
31
2
7
1
26
2
3
3
43
2
4
2
60
4
2
1
42
1
1
2
54
1
4
4
37
8
4
1
9
8
5
3
41
2
4
1
61
2
6
2
1
3
2
4
10
8
3
1
34
1
3
