3
13
8
5
3
16
8
7
1
54
2
3
4
15
12
2
4
26
9
3
4
14
32
5
2
54
1
1
4
39
3
3
4
42
5
1
2
53
1
2
3
52
10
5
3
40
4
7
4
18
14
1
4
5
3
3
4
12
3
5
2
30
3
7
2
52
4
2
2
67
1
2
3
41
4
4
4
52
14
4
2
63
3
4
1
36
2
3
4
37
12
3
4
41
2
4
1
49
1
6
2
68
1
4
1
33
7
7
1
34
7
3
4
4
1
6
1
27
1
3
3
37
10
4
4
1
9
5
2
26
3
6
1
14
3
2
2
33
3
6
2
7
3
6
4
33
10
3
1
47
3
5
2
4
1
4
1
34
2
5
4
9
6
6
4
22
5
5
3
5
4
5
2
30
4
4
3
10
15
2
1
63
1
2
3
15
7
3
3
55
10
3
3
2
12
5
3
18
23
5
2
49
2
2
4
60
7
1
4
17
2
4
4
40
3
4
1
13
9
5
3
30
21
3
1
67
3
5
3
65
14
1
1
66
1
5
3
53
5
6
1
5
1
4
1
23
3
3
1
68
3
7
1
60
1
5
3
71
5
6
3
45
3
5
4
3
15
6
1
11
5
5
2
8
1
4
2
41
2
2
1
36
3
3
2
66
1
7
1
25
2
1
2
65
2
7
1
66
3
3
2
38
1
1
2
23
1
7
3
15
14
7
3
63
8
7
2
65
1
3
2
15
3
6
2
10
2
5
3
8
7
6
3
67
32
1
2
47
2
2
2
5
2
2
2
31
5
4
3
49
2
3
3
68
2
4
4
61
6
3
4
7
5
6
1
5
2
5
1
41
2
3
3
29
12
7
2
17
3
6
4
52
10
4
2
61
2
4
3
1
9
3
2
43
4
4
1
23
1
3
1
4
2
7
4
39
6
1
3
16
5
5
1
16
7
4
1
44
3
5
1
22
2
4
3
9
21
1
2
11
3
6
3
45
1
3
4
11
10
3
1
54
3
3
2
42
1
1
4
63
1
1
1
13
4
1
2
27
2
2
1
12
5
2
2
26
1
5
2
34
1
3
2
32
3
5
1
16
2
5
3
34
10
1
3
34
1
7
3
22
7
1
2
11
1
6
4
67
38
3
2
68
4
2
3
17
10
4
1
40
3
6
1
42
1
5
2
40
2
3
2
14
2
1
3
4
28
6
4
47
7
7
4
37
14
7
2
55
2
2
2
12
1
5
1
45
1
2
3
14
9
2
4
66
2
2
1
9
3
4
3
3
4
2
2
53
2
7
4
45
2
6
2
14
1
4
4
49
3
5
2
7
1
7
1
52
2
6
4
68
19
4
1
11
9
1
3
25
2
2
4
13
16
6
1
3
6
4
1
55
1
7
1
7
8
2
4
38
1
7
2
60
4
6
4
66
1
7
4
28
3
5
3
11
3
7
4
32
11
4
1
55
2
6
4
32
4
6
3
66
7
3
1
6
2
4
3
33
17
5
2
1
1
6
4
3
12
4
3
61
4
3
3
47
5
3
2
49
4
1
4
30
2
7
2
71
3
5
4
53
11
7
4
6
14
3
4
8
2
5
2
1
3
2
3
54
1
1
3
12
5
6
1
43
1
4
2
31
3
3
1
40
1
1
3
29
4
5
1
10
8
6
1
15
1
6
2
18
2
1
1
26
3
5
4
34
13
2
3
28
9
1
2
63
2
7
1
53
1
7
3
8
13
1
4
27
1
1
1
33
6
6
1
26
1
4
1
22
3
3
2
28
1
4
4
67
6
1
2
9
1
6
1
41
3
4
3
36
12
4
1
28
3
6
4
14
10
2
4
27
8
3
2
45
2
4
3
3
3
2
4
4
9
3
1
42
2
5
2
16
1
7
4
44
11
7
4
23
17
3
1
31
16
5
4
17
17
7
2
6
1
2
2
25
2
2
1
39
1
3
2
29
3
7
4
34
11
1
2
2
2
2
3
11
25
3
4
30
7
3
3
38
6
4
4
31
22
7
3
60
23
7
4
60
9
4
4
22
2
6
1
61
3
7
1
65
2
4
3
55
4
5
1
35
4
4
3
32
3
3
3
38
8
4
4
5
27
7
2
61
3
1
2
8
2
2
4
13
2
7
1
8
3
7
4
65
7
3
3
44
10
7
3
71
2
6
4
25
2
6
1
38
1
5
2
37
1
3
3
9
14
1
3
5
1
7
3
49
6
2
1
68
2
6
1
2
6
5
3
22
8
7
1
32
3
7
4
18
25
1
4
71
5
4
3
33
20
5
4
2
4
3
4
47
3
6
1
71
3
2
2
39
1
2
2
22
1
2
2
13
1
1
2
12
3
6
3
30
24
5
2
35
3
5
4
61
3
7
4
42
3
3
3
32
11
3
1
29
2
7
1
3
1
1
2
38
2
3
2
44
5
1
2
45
1
7
3
12
6
4
4
41
1
7
4
43
9
3
2
3
2
2
2
44
1
3
4
33
7
7
1
38
3
5
3
36
11
6
3
27
3
3
4
26
11
3
1
29
3
5
3
60
15
1
2
33
2
6
1
43
2
6
1
2
4
5
2
32
1
5
1
17
12
3
2
39
4
2
2
28
2
4
1
52
1
2
4
54
6
2
4
36
10
7
1
65
1
3
2
54
2
4
3
43
8
2
2
10
3
6
3
42
2
2
2
71
2
3
3
26
8
7
4
65
4
3
3
6
5
3
4
68
2
1
4
8
14
7
4
55
9
2
3
10
12
2
1
30
6
6
2
66
2
5
3
27
9
2
4
38
8
5
2
47
3
4
3
37
12
5
1
27
3
1
3
13
3
5
3
54
2
2
2
43
1
1
3
14
24
6
4
2
3
3
1
37
2
1
4
45
10
3
4
35
3
7
4
15
5
6
1
4
3
7
3
39
6
7
4
23
9
2
1
47
2
1
4
54
2
1
3
6
1
3
4
63
3
4
1
71
2
2
3
35
6
2
1
45
2
2
3
67
19
1
1
10
6
5
1
7
9
4
4
10
11
7
3
68
13
3
2
2
3
6
4
12
7
3
4
55
7
4
3
63
9
6
3
39
8
4
3
23
17
4
3
4
25
5
3
35
5
6
4
53
9
3
3
53
2
6
3
2
9
6
2
67
2
6
1
67
1
1
2
35
2
1
4
9
5
4
1
44
2
1
1
1
3
1
1
30
12
4
1
14
18
3
3
28
11
1
4
6
11
5
3
44
6
6
2
60
3
6
1
8
6
1
1
18
2
5
3
31
26
1
3
47
6
2
2
25
3
6
2
42
3
7
3
41
2
3
3
61
8
7
4
43
6
4
4
71
6
3
2
22
3
3
4
25
6
1
1
35
2
7
1
31
17
2
4
1
10
2
2
34
3
3
4
16
4
2
3
17
2
6
2
16
3
2
3
40
3
6
1
32
6
4
3
26
5
6
2
36
5
2
2
18
4
1
2
27
1
7
4
49
7
1
1
25
1
6
2
55
1
4
2
13
2
7
4
29
5
3
3
42
3
6
1
37
1
2
2
36
3
6
2
52
7
5
2
6
3
5
1
63
2
4
4
31
10
6
1
6
1
1
3
18
18
6
1
28
1
3
2
4
2
5
1
53
2
5
1
9
10
4
2
40
3
4
1
39
3
1
2
23
3
2
2
5
1
6
3
23
18
5
4
36
14
4
2
15
1
2
1
1
2
2
2
37
4
5
4
11
25
3
3
7
4
2
1
15
3
6
1
60
2
6
2
9
2
2
1
61
2
6
4
44
10
4
1
17
15
3
3
43
3
3
4
16
2
2
1
12
11
7
2
41
1
2
4
10
6
4
4
29
1
7
3
31
10
7
1
18
15
3
3
66
9
6
3
65
4
4
3
1
5
7
3
52
4
2
2
17
2
1
3
7
3
3
3
25
1
7
4
28
6
5
4
7
4
5
4
35
1
2
2
29
2
1
2
3
3
6
4
40
8
4
1
49
2
6
