3
30
22
3
2
23
3
1
3
38
3
6
1
55
1
4
2
44
4
2
2
1
1
6
2
18
2
3
4
1
8
5
3
3
10
4
1
61
3
4
4
14
11
4
1
44
2
1
4
55
2
7
2
68
2
4
4
11
6
4
2
11
2
6
3
1
5
6
2
66
3
3
2
2
3
5
1
13
2
5
4
27
6
2
2
22
3
4
3
7
3
3
3
66
9
1
1
33
7
1
3
31
13
3
1
41
1
3
3
52
14
1
4
68
12
3
4
5
12
2
4
39
3
1
3
55
12
1
3
44
10
4
3
12
4
7
3
40
4
6
4
37
5
1
1
40
2
2
2
39
3
2
1
55
2
4
2
37
3
1
3
18
11
1
1
10
8
3
1
2
7
3
4
3
21
4
1
61
2
4
3
34
3
3
2
8
2
3
2
54
1
4
3
53
1
3
4
31
18
5
3
12
6
5
2
67
2
3
4
29
16
1
2
39
1
1
1
22
2
7
4
52
2
3
2
27
2
2
1
32
4
7
2
14
1
1
4
43
9
7
2
34
3
3
4
2
7
5
3
40
3
6
2
6
1
4
2
55
3
5
1
36
2
4
2
35
1
2
3
60
29
7
4
22
16
4
3
53
8
7
1
67
1
2
3
27
12
5
4
29
1
5
3
63
10
6
1
60
1
4
3
68
13
6
1
66
3
7
3
15
15
4
3
47
2
2
3
6
6
6
2
36
3
2
4
40
2
7
3
67
34
4
1
17
10
6
1
38
1
7
4
42
5
5
4
5
15
5
1
38
2
2
1
34
11
7
3
45
4
4
2
15
3
2
2
45
4
6
2
4
1
2
2
60
4
5
2
22
2
4
4
3
16
2
1
31
10
5
4
10
33
4
4
60
4
6
2
47
3
4
4
34
14
7
1
14
21
5
4
26
8
6
4
43
10
7
4
30
4
4
2
49
4
2
3
32
2
6
3
9
22
3
1
37
2
5
4
25
2
6
1
4
5
2
4
4
1
3
4
9
21
5
3
5
3
3
4
45
14
2
4
22
15
3
3
25
6
1
4
41
4
5
3
18
4
1
2
7
1
1
4
28
1
4
3
61
6
1
2
26
4
4
1
12
17
5
3
27
4
6
3
3
6
4
4
44
2
1
4
10
8
5
4
44
12
4
3
9
24
7
2
40
2
6
3
11
26
4
1
52
1
6
3
5
2
1
1
3
2
5
3
28
9
5
4
67
29
2
4
6
23
7
1
5
1
1
2
8
1
7
3
4
7
2
1
63
2
5
2
18
3
2
2
6
3
6
3
16
8
6
1
7
3
7
4
33
6
5
4
12
4
4
3
13
1
6
4
16
2
7
1
39
4
3
2
63
3
5
2
17
3
2
2
32
4
7
2
52
5
6
2
28
3
2
2
23
1
6
2
63
1
3
1
31
16
4
3
23
12
6
1
35
4
3
4
52
15
1
4
66
3
1
3
63
3
4
4
42
1
7
3
31
25
1
1
36
1
3
4
34
9
6
4
6
15
7
3
13
2
1
1
30
3
5
2
36
2
7
2
47
4
4
2
29
1
1
1
71
3
3
4
13
10
5
2
4
2
3
2
5
1
2
2
65
2
2
3
42
4
2
3
7
1
4
2
10
2
7
4
60
2
4
3
36
11
7
2
26
1
2
2
16
3
1
3
22
10
7
1
47
3
4
4
38
9
1
4
8
3
3
4
37
12
1
3
37
9
2
2
52
7
5
3
52
3
4
2
43
4
6
1
6
1
7
2
43
3
4
3
29
2
6
3
2
11
2
4
23
14
7
2
42
2
6
3
66
4
7
1
27
2
6
2
7
3
1
2
33
2
5
4
35
3
3
2
1
2
4
2
37
2
5
2
71
3
2
3
2
10
2
1
53
1
4
1
45
2
6
2
38
1
1
1
9
8
5
2
12
1
5
4
65
6
7
3
10
12
1
3
4
12
6
3
30
4
5
4
12
2
5
2
29
3
7
2
65
1
3
3
33
13
4
1
37
1
3
1
63
1
4
2
3
3
5
1
42
2
5
3
49
4
6
4
41
2
5
4
26
3
6
3
33
21
3
3
54
2
6
2
35
2
6
1
16
7
7
2
40
1
5
1
71
1
1
2
10
3
4
3
41
3
4
4
36
10
2
1
44
4
7
2
9
1
2
4
66
1
6
3
35
6
3
4
55
9
1
1
40
3
6
2
44
3
5
1
26
1
6
4
1
12
3
3
67
15
5
1
25
2
2
4
9
14
5
4
7
3
4
2
41
2
2
2
38
4
1
4
17
16
3
3
15
13
4
2
61
2
3
1
67
3
4
2
13
3
5
4
40
1
2
4
71
5
4
1
10
1
2
2
2
1
5
4
61
1
1
2
53
3
4
2
31
5
3
2
11
1
2
2
42
3
3
2
49
3
4
3
14
1
5
3
8
7
2
2
16
2
2
2
5
2
6
4
65
10
2
2
27
1
4
3
65
17
3
3
55
17
1
4
36
11
4
4
25
4
5
2
31
3
5
3
43
8
2
1
22
1
6
1
47
1
1
1
68
1
1
1
23
3
3
1
53
2
5
2
9
3
7
1
52
3
6
1
49
2
4
1
11
2
7
3
71
3
3
2
61
3
2
4
67
14
5
1
28
3
4
2
45
2
2
4
47
12
3
4
27
8
6
1
6
2
1
1
4
6
4
4
45
7
4
4
15
5
5
4
4
18
7
4
31
26
5
3
39
7
5
3
10
13
4
1
65
2
1
3
68
7
5
4
33
4
2
1
65
1
5
2
32
3
5
4
23
3
1
3
6
2
5
4
15
11
3
3
38
2
4
4
8
12
1
3
42
1
7
4
13
3
6
1
32
5
7
2
30
5
1
1
9
1
6
1
66
1
7
1
13
5
3
1
26
3
5
4
39
7
1
3
47
9
7
3
8
19
4
2
33
1
5
1
5
2
4
1
1
2
5
1
7
5
6
1
49
1
2
3
35
4
4
1
18
12
2
1
29
2
5
2
14
2
4
2
17
1
1
1
41
3
7
4
38
3
7
4
32
1
2
3
14
7
5
3
17
1
5
3
29
18
3
3
41
1
3
1
39
3
4
4
53
12
4
2
25
1
5
4
47
9
2
4
32
2
6
3
45
7
6
1
54
3
2
3
65
20
1
1
8
2
5
1
43
2
3
1
14
3
5
3
22
9
7
4
18
17
6
3
37
3
7
3
16
5
1
1
33
4
6
2
28
1
3
3
43
7
2
3
1
3
2
2
55
1
1
4
63
7
7
3
23
8
2
3
39
5
3
1
8
5
5
1
18
6
7
4
68
9
5
3
44
5
6
4
49
3
7
3
26
6
2
1
23
2
5
1
43
3
4
1
15
2
7
3
11
9
4
3
17
15
7
4
61
3
4
1
12
13
5
2
53
2
3
4
71
1
6
3
32
8
3
4
18
18
1
1
42
1
6
2
60
1
5
2
68
3
4
1
3
11
5
4
11
30
1
3
36
13
4
2
67
1
2
3
54
1
3
4
54
11
2
2
66
1
6
4
30
5
5
2
41
3
4
3
49
5
1
2
13
2
4
4
54
2
2
4
14
1
5
1
35
2
1
1
45
1
2
3
26
12
5
1
60
2
5
2
3
2
2
4
7
4
2
1
11
3
1
1
17
11
6
2
34
2
3
1
1
3
1
3
34
7
5
4
53
6
1
1
25
3
4
1
16
5
5
3
61
9
4
2
12
2
3
1
68
3
5
1
34
5
6
4
49
5
6
1
2
4
5
4
2
2
7
1
15
4
4
3
60
30
1
4
28
7
4
4
35
2
7
1
30
10
7
1
27
1
7
2
15
1
4
3
28
2
6
1
29
3
5
4
16
3
7
2
54
2
6
3
71
4
6
1
28
2
3
2
30
1
6
4
63
4
1
2
71
2
2
3
25
5
7
4
17
25
5
1
54
2
7
2
25
3
1
