2
68
1
2
2
41
5
5
4
10
9
5
1
15
1
3
4
71
5
7
4
16
3
3
2
39
4
2
1
6
1
1
1
61
2
4
4
31
2
7
4
4
7
6
2
66
1
4
3
11
3
1
3
27
16
2
4
31
23
1
4
34
7
1
3
43
4
7
2
12
2
3
2
47
2
1
1
10
5
5
2
10
1
1
2
28
3
6
2
26
3
5
2
32
1
3
1
60
1
3
2
36
2
5
2
60
2
7
3
26
6
6
1
18
1
3
4
67
14
4
4
27
8
3
4
30
3
7
2
25
2
4
4
49
8
2
4
27
9
5
1
32
4
2
1
25
1
1
3
54
1
3
3
23
8
6
2
61
2
4
2
43
2
7
3
45
2
5
3
3
10
6
3
71
5
5
4
5
14
3
3
49
8
6
1
54
2
1
1
4
8
6
1
6
2
2
4
18
7
7
1
41
3
2
1
67
3
1
4
39
2
3
2
67
2
4
4
37
14
2
3
44
1
1
4
43
9
4
2
15
3
3
4
44
1
6
4
35
1
2
2
37
1
7
1
67
1
5
4
29
1
5
2
7
2
4
1
49
2
6
4
7
5
2
2
31
3
5
3
18
25
7
1
12
5
2
3
10
18
5
1
42
1
2
3
10
5
7
3
71
3
2
1
3
10
7
2
52
3
7
3
42
3
7
4
23
10
3
3
65
19
3
3
36
7
5
1
5
2
7
1
45
1
1
4
55
2
4
4
25
4
4
3
25
8
4
2
40
3
4
2
17
2
3
3
5
2
3
2
8
1
5
2
45
2
2
2
8
3
1
1
10
2
2
1
9
12
5
1
23
2
2
3
28
1
3
4
37
7
2
2
15
1
1
3
29
2
7
2
63
3
4
3
18
4
6
3
6
6
4
1
52
1
4
1
22
2
5
2
9
3
3
2
33
1
5
2
33
2
6
3
47
2
1
1
40
1
2
4
26
12
1
3
4
23
6
1
8
16
3
4
63
2
2
4
29
12
7
1
53
2
1
2
13
1
2
3
11
13
4
1
3
2
4
3
1
1
4
3
16
4
3
4
9
31
3
1
7
3
6
1
13
9
1
4
28
13
7
4
68
11
1
1
47
2
1
4
15
5
5
4
25
3
6
4
61
2
1
1
36
2
4
3
52
6
6
4
9
6
3
1
36
3
1
3
36
10
4
3
63
6
6
1
49
1
2
2
36
5
2
2
49
2
6
4
13
12
3
3
1
9
1
1
38
2
3
4
3
6
3
2
55
1
5
3
42
2
2
1
44
2
5
2
17
1
5
4
17
15
5
4
2
9
6
4
5
16
4
4
22
7
5
1
4
7
4
2
4
1
3
2
47
4
6
2
1
2
6
3
3
2
3
3
52
9
4
3
34
6
2
1
61
3
2
2
32
2
4
2
42
1
5
3
13
7
5
3
68
11
3
2
28
2
1
1
7
9
7
2
11
1
3
1
5
1
7
3
15
4
1
2
13
2
3
2
49
1
6
2
45
1
1
1
35
3
7
3
45
1
6
3
12
6
7
3
67
10
6
3
9
7
6
1
53
1
3
1
39
3
4
4
42
5
6
3
29
13
4
4
8
9
5
1
33
8
4
3
32
9
6
4
18
28
2
2
2
3
6
1
31
15
7
4
10
8
6
1
30
19
1
1
34
8
1
2
39
3
4
2
35
3
6
3
15
3
7
3
60
3
2
4
40
6
2
3
17
5
5
3
5
3
7
4
53
3
6
2
1
1
5
3
4
8
2
2
60
3
5
3
41
4
1
1
68
1
6
1
29
3
4
3
31
1
1
2
55
3
1
3
33
9
4
2
26
2
6
2
10
2
6
1
18
15
1
1
23
3
2
2
6
1
4
1
31
14
3
1
26
1
6
4
8
5
1
2
35
1
1
3
22
1
4
2
4
3
5
2
14
2
5
4
44
7
1
3
30
2
4
3
6
4
7
2
67
1
4
2
65
3
3
4
22
4
7
4
52
11
3
3
2
6
5
1
37
1
2
2
34
2
2
2
5
1
3
2
71
1
4
2
53
1
6
3
27
6
4
3
66
6
5
2
27
3
2
1
41
2
6
3
41
3
5
2
3
3
1
1
65
1
6
2
42
4
7
3
7
1
1
1
16
1
1
4
30
2
6
1
34
4
6
3
2
8
6
2
43
3
4
1
71
3
3
2
25
3
3
4
47
15
2
3
55
10
6
3
22
10
7
1
2
4
4
1
11
9
7
3
16
3
4
3
34
2
7
3
61
5
3
2
7
1
1
3
61
7
5
2
37
2
1
1
17
11
1
1
9
10
1
4
45
6
6
2
23
2
6
3
53
7
4
4
45
4
3
1
63
2
4
4
65
2
3
4
4
14
6
2
44
4
5
4
53
1
1
4
15
17
6
1
13
8
7
4
60
3
6
4
33
1
5
2
5
2
7
2
18
2
1
4
17
14
4
3
8
3
4
4
28
9
6
4
11
11
6
1
43
3
3
2
63
2
2
2
22
3
4
3
37
12
1
1
55
1
7
3
35
4
4
2
54
2
6
4
67
35
7
3
14
13
3
4
11
15
7
1
60
2
1
4
38
7
4
4
6
31
4
4
32
12
7
4
13
16
7
2
16
1
2
3
38
7
3
1
28
2
5
1
1
1
3
2
29
2
1
2
54
1
6
2
18
3
5
3
49
5
2
1
29
2
4
2
34
1
5
1
71
2
1
3
63
5
7
4
34
9
6
3
66
8
5
1
55
2
7
4
39
3
2
4
12
8
1
2
29
1
6
1
52
3
1
3
38
1
2
1
8
14
4
1
14
13
1
4
54
4
4
2
44
1
4
2
2
2
3
1
35
4
4
3
13
1
6
1
38
3
3
2
14
1
6
2
40
2
3
4
55
12
3
1
32
7
2
3
47
9
5
4
71
3
7
4
2
13
6
2
38
3
3
2
66
2
7
4
47
9
6
4
35
2
4
4
42
4
5
1
66
2
7
1
25
3
6
1
66
1
2
3
9
28
7
4
41
1
1
3
7
2
5
3
26
11
3
3
39
6
1
3
23
13
7
3
65
18
2
1
45
2
4
3
44
9
7
2
6
2
6
3
40
3
1
3
14
2
2
2
22
1
3
2
3
1
5
1
30
21
6
3
60
6
1
4
14
13
3
1
16
4
3
2
71
3
2
4
3
12
4
3
37
3
4
4
33
4
5
4
12
5
2
2
31
1
3
4
32
7
7
1
11
3
7
4
6
6
7
2
52
2
5
3
53
8
3
3
25
6
3
1
14
18
6
1
33
2
3
1
54
3
1
1
2
5
7
4
1
2
5
3
55
6
1
1
37
2
4
4
14
24
7
2
12
3
7
4
26
10
5
2
68
3
6
3
33
1
6
3
12
4
4
4
60
8
4
1
44
4
5
1
27
1
3
3
35
3
1
4
63
9
5
4
41
2
3
2
30
3
2
1
65
2
4
2
30
5
2
4
16
9
7
1
17
14
1
3
68
4
6
3
28
6
5
4
66
3
1
1
1
2
3
4
68
22
4
2
16
2
6
1
43
2
7
4
36
2
1
3
8
14
3
4
66
6
4
1
15
3
1
1
63
1
6
4
36
3
7
2
53
3
4
3
39
3
7
2
23
1
7
2
61
3
7
2
41
2
6
4
65
12
2
4
49
7
4
3
32
2
4
1
28
3
7
3
67
24
1
1
12
12
6
4
1
10
4
4
61
3
1
4
40
1
2
2
11
3
6
1
47
3
2
4
7
4
7
2
38
1
6
3
54
2
6
1
40
2
1
1
26
2
4
1
39
2
1
4
38
1
6
1
68
3
6
3
43
8
4
4
43
8
3
2
9
1
4
3
40
1
5
3
31
19
7
3
30
12
2
2
65
4
3
3
17
2
5
1
42
2
4
2
27
1
7
4
54
2
2
4
23
16
2
1
27
3
3
4
52
16
7
1
22
3
7
