1
2
1
7
4
30
8
2
1
6
2
4
4
37
6
3
4
6
15
1
2
3
3
5
3
30
3
7
3
49
2
1
3
13
5
5
2
36
4
5
4
52
10
7
1
8
14
3
2
31
4
5
1
60
2
2
3
1
2
6
3
23
2
7
4
1
5
4
3
27
7
3
2
45
1
3
3
18
11
6
1
30
13
2
1
61
1
7
1
1
3
3
1
42
2
3
1
67
2
1
1
14
14
3
1
38
3
5
2
5
2
7
2
38
5
3
3
9
20
3
2
3
1
4
2
4
1
7
4
3
9
7
1
7
2
1
3
1
7
2
3
34
8
3
1
15
5
4
3
68
15
3
3
44
6
7
2
15
2
2
1
44
1
3
1
13
9
5
4
17
3
1
4
47
10
6
2
12
3
5
1
65
2
1
2
41
3
5
1
52
1
5
4
63
12
4
2
17
1
3
4
67
16
6
4
22
9
4
2
67
2
1
1
44
3
1
3
63
7
4
1
31
11
5
3
2
1
5
1
26
3
2
4
32
2
7
3
11
6
2
3
60
25
6
1
5
1
6
2
30
4
7
3
16
3
1
1
29
2
7
2
32
1
3
4
22
15
4
1
35
1
1
2
55
2
5
3
68
14
3
2
22
3
5
1
2
2
7
4
13
10
4
1
49
1
1
2
18
4
5
2
42
2
1
4
43
11
4
4
27
1
6
2
23
1
2
3
28
7
3
3
25
5
2
1
3
5
3
3
26
5
7
2
5
3
5
2
63
2
6
4
49
1
1
4
8
13
1
3
8
14
4
2
16
1
2
1
68
1
7
1
18
1
4
2
29
2
5
2
35
2
1
2
40
4
1
3
16
7
3
4
41
3
4
3
65
21
5
2
66
2
7
2
11
1
3
4
26
10
1
2
17
2
7
2
60
1
7
4
31
3
3
1
68
3
2
4
37
5
6
4
18
22
2
2
52
4
4
3
14
3
2
3
52
1
5
2
37
4
5
1
36
1
4
3
26
2
3
2
7
1
3
3
18
12
6
2
9
1
3
1
35
2
6
4
49
4
3
3
55
12
2
4
3
15
5
4
15
5
5
3
10
2
3
4
52
6
1
2
10
1
7
2
65
3
1
2
61
2
7
2
8
1
6
4
33
7
3
2
26
4
3
4
25
9
6
1
63
2
7
2
54
1
7
4
65
10
5
3
32
4
4
3
5
1
5
3
67
31
3
2
1
2
1
3
39
9
4
4
27
9
5
1
27
3
3
3
22
4
3
4
55
13
7
1
33
7
1
1
9
7
5
3
31
28
1
4
45
1
3
4
12
4
2
3
5
3
4
2
14
2
1
3
71
5
7
2
66
1
1
1
14
6
5
1
12
10
7
4
41
4
2
2
38
4
6
4
4
10
4
2
9
3
5
4
14
4
3
1
11
9
1
3
43
5
1
4
16
9
5
2
65
1
2
4
67
19
5
2
44
2
6
4
42
1
5
3
30
18
2
4
40
1
1
1
5
2
6
4
11
12
2
4
45
6
6
4
16
8
1
4
18
2
3
4
55
2
2
1
63
1
1
4
68
14
3
3
52
14
3
4
35
2
3
1
4
2
3
2
15
3
1
1
45
2
6
1
29
1
7
2
2
2
4
3
4
8
7
1
15
3
6
4
38
2
1
1
6
1
1
4
33
1
5
1
38
2
3
4
25
6
6
2
22
2
1
3
8
19
1
3
54
2
7
4
2
10
6
2
6
1
3
3
37
5
1
2
45
4
1
1
71
3
4
3
22
7
7
2
55
1
1
2
32
2
2
1
33
8
5
3
25
3
1
3
33
10
4
2
71
1
4
2
14
3
3
4
8
14
4
1
22
2
2
2
18
3
3
1
8
8
1
4
54
4
2
1
22
3
3
1
17
5
7
2
71
2
3
3
17
2
2
4
4
2
5
2
68
2
3
3
55
5
7
1
10
7
3
1
52
3
2
3
15
2
2
3
47
7
2
4
39
3
2
4
34
7
1
4
61
12
1
4
29
8
3
2
7
2
1
4
13
9
6
1
41
3
1
3
7
5
3
3
60
11
3
3
45
2
4
1
71
2
7
3
7
2
5
4
6
18
4
1
43
2
5
1
47
3
7
3
9
24
1
3
40
1
2
2
28
2
4
1
67
1
5
4
31
12
4
2
37
1
6
4
15
11
4
3
42
4
7
2
67
1
1
1
37
1
2
4
26
8
2
2
61
1
4
3
34
7
3
1
40
3
3
2
52
6
6
4
36
12
1
2
25
3
7
1
12
5
7
3
31
2
2
4
28
9
1
4
71
6
1
3
6
4
4
1
25
3
6
2
10
3
6
2
41
4
1
2
25
1
7
4
61
5
3
2
33
2
6
2
44
3
7
3
35
8
3
4
28
3
3
3
32
10
4
3
67
28
6
2
1
1
2
1
37
2
4
1
16
5
1
4
60
8
6
4
39
8
1
1
11
12
6
1
13
3
5
2
43
3
5
1
32
5
6
4
14
19
5
2
47
3
7
4
44
13
4
3
63
6
4
3
36
4
5
1
41
1
3
1
32
3
3
4
54
3
1
4
32
13
7
1
3
7
3
4
10
13
6
4
66
6
3
1
66
2
2
1
61
2
7
1
53
2
3
2
13
2
7
4
17
9
6
1
47
1
1
3
42
1
4
1
25
2
6
3
17
8
4
1
4
5
6
4
11
30
7
1
39
2
5
3
11
12
6
2
42
4
2
4
43
7
2
4
5
22
2
2
63
3
6
1
26
1
7
1
42
1
4
1
28
3
5
4
2
1
1
1
55
2
4
4
9
9
7
3
35
7
7
3
39
10
3
4
9
8
5
3
54
1
6
1
23
3
4
3
23
9
1
2
2
3
2
4
36
2
7
3
27
2
6
2
8
2
1
2
54
2
3
1
43
1
1
1
54
3
1
3
45
1
6
3
33
3
2
4
30
1
1
3
66
9
4
1
31
12
6
4
53
8
2
3
41
4
4
3
41
1
4
3
29
13
3
2
68
1
2
1
1
1
5
4
65
11
1
1
17
7
6
3
61
3
6
1
45
1
5
1
9
2
1
4
60
4
5
1
60
1
3
3
2
9
7
3
61
4
4
1
18
4
3
1
55
1
7
3
65
13
4
1
54
1
1
4
34
2
1
1
36
3
1
2
27
3
1
2
30
1
2
3
4
22
3
4
12
2
4
4
42
2
1
2
34
1
6
2
27
1
2
1
39
3
1
2
47
1
7
3
3
8
5
3
10
20
4
2
39
2
1
4
7
4
3
3
40
2
5
2
39
4
7
3
36
12
6
1
49
2
2
1
27
2
7
1
23
1
1
1
34
2
2
3
44
1
3
2
60
2
1
2
34
2
5
1
53
1
5
4
63
6
7
3
12
6
2
1
7
3
4
3
28
3
7
2
53
3
3
2
31
5
1
4
53
14
6
3
43
1
3
2
53
2
4
3
49
4
6
2
49
4
5
2
4
3
2
2
40
1
5
2
49
3
7
3
12
5
6
2
13
1
2
3
53
7
5
4
66
3
5
1
34
5
2
4
10
17
2
4
38
7
4
1
65
1
4
2
12
1
1
2
29
1
2
2
16
3
2
1
10
3
6
3
38
8
6
3
3
1
1
4
29
15
2
4
5
9
6
3
13
2
3
2
6
2
1
2
23
3
5
3
66
5
1
4
23
23
2
4
1
7
4
2
36
5
7
3
71
2
4
1
28
2
4
4
47
15
3
2
35
3
3
1
30
20
7
3
15
9
2
3
47
1
4
4
7
5
1
4
40
4
6
3
6
5
6
3
38
3
1
2
43
1
2
3
29
7
3
4
68
12
1
4
44
11
7
4
35
3
4
2
11
3
6
1
40
1
5
2
33
1
2
1
16
2
5
3
14
6
5
3
53
8
1
2
28
1
7
4
23
22
2
2
26
2
6
4
71
2
3
3
37
12
7
1
66
1
2
