3
13
1
7
3
17
15
3
1
33
8
5
2
40
3
1
4
13
4
2
2
35
2
1
2
9
1
6
2
22
3
3
2
3
2
3
4
29
7
1
4
67
32
7
3
52
2
5
1
36
1
6
4
3
4
5
4
66
5
4
3
12
5
4
4
22
17
7
3
40
1
1
2
23
1
2
1
60
2
1
3
42
3
6
3
71
5
4
4
26
4
6
2
34
2
7
4
14
4
4
4
52
21
4
1
11
12
4
2
38
3
2
2
12
2
4
2
71
2
1
4
6
25
1
3
38
1
2
1
60
1
3
1
65
1
5
4
31
18
1
3
65
16
5
4
38
3
3
4
44
19
5
1
55
2
5
1
15
5
2
4
8
11
5
3
42
2
5
3
16
4
5
3
31
25
7
3
4
22
2
3
3
7
7
1
52
1
2
4
17
19
7
4
43
1
2
1
26
2
5
2
4
2
2
2
27
1
6
3
27
13
1
2
22
2
2
3
53
8
2
2
60
3
6
2
32
1
6
1
9
11
6
4
65
11
7
1
10
6
5
2
65
2
6
2
13
1
2
3
2
4
2
1
31
11
6
2
54
1
6
3
32
11
7
4
4
19
1
2
5
2
2
3
25
2
2
1
29
3
5
4
18
25
7
3
40
2
5
2
41
4
2
3
33
12
2
1
32
4
3
3
36
4
6
2
11
3
3
4
17
9
1
1
8
13
6
2
55
1
3
2
53
3
4
3
53
4
3
1
27
1
7
3
60
2
6
3
9
32
1
4
61
5
6
1
13
5
7
3
41
1
2
4
61
7
1
4
16
7
4
3
22
8
5
2
14
2
6
2
42
3
2
1
18
1
7
4
37
4
2
3
61
5
3
2
60
4
7
2
30
3
7
1
23
1
1
4
11
30
2
3
13
4
4
3
29
15
6
3
26
10
3
2
71
1
7
3
43
5
3
4
22
7
5
3
8
5
5
1
66
3
2
1
47
1
2
1
49
2
5
3
41
4
3
3
68
13
3
3
67
27
6
2
13
2
5
4
30
5
5
3
71
4
3
3
14
14
4
4
36
10
6
2
37
2
5
4
9
15
4
3
55
14
3
2
47
2
2
2
30
2
6
4
32
9
2
1
15
1
5
2
28
2
6
4
32
11
1
2
12
3
5
4
44
6
5
4
28
1
3
3
30
9
7
1
16
2
2
1
5
1
2
4
5
12
4
2
45
2
5
1
47
3
3
3
45
3
1
4
55
11
1
2
4
1
6
1
71
1
3
4
26
6
6
4
71
4
7
4
1
11
1
1
54
2
7
2
61
1
4
2
25
3
7
1
3
10
6
3
31
13
7
4
54
4
6
2
68
2
7
3
16
3
2
1
53
1
3
2
9
2
1
1
52
3
1
4
12
2
5
4
45
1
6
1
23
2
6
2
67
2
6
4
23
24
2
1
13
8
2
1
38
2
4
2
54
2
4
4
8
12
4
2
52
6
6
4
52
3
5
4
29
11
6
1
35
1
4
1
45
2
4
2
55
3
4
1
25
1
2
4
13
15
4
2
66
3
7
4
7
6
1
4
68
8
4
1
54
1
4
4
42
2
7
3
52
15
3
3
4
18
7
1
44
1
7
1
43
2
5
3
25
8
1
2
47
3
1
1
40
3
2
3
7
5
1
3
39
8
1
1
14
3
5
1
1
1
6
4
25
7
1
3
30
28
6
3
63
8
2
1
2
6
7
2
34
3
7
4
43
12
3
3
1
6
4
3
35
1
6
3
5
5
3
1
12
1
4
1
40
1
4
1
41
1
6
3
1
8
1
1
49
1
5
3
8
4
3
4
12
7
2
4
4
3
4
1
41
3
6
1
28
1
1
4
28
11
1
3
27
15
4
4
55
2
2
2
67
1
7
3
68
14
7
1
37
2
7
1
30
16
2
1
2
5
5
4
49
5
3
3
54
2
3
2
2
1
6
1
8
2
7
3
28
7
5
1
32
3
5
2
32
2
5
2
49
3
6
2
1
1
5
2
43
2
1
3
18
18
1
2
18
1
1
3
37
1
6
4
25
6
3
2
16
1
1
4
40
3
2
2
14
1
7
3
66
6
5
3
36
10
3
3
39
1
2
3
60
9
2
3
15
9
3
2
23
2
3
2
52
1
5
2
27
3
1
1
18
6
7
3
18
22
2
4
10
16
5
1
34
6
3
2
66
2
3
2
49
2
1
1
29
1
1
2
65
1
6
3
23
16
7
2
1
3
7
2
45
1
3
3
65
7
1
4
60
9
5
2
10
2
7
3
63
7
4
4
63
6
6
2
10
1
5
4
10
24
4
3
55
12
3
3
45
1
7
4
41
1
1
1
28
3
7
3
44
9
6
2
26
4
4
2
39
4
5
4
30
1
5
3
33
17
3
4
15
21
1
3
5
3
7
3
32
7
2
3
66
7
3
4
3
21
2
1
3
2
4
3
38
8
3
2
33
3
1
1
22
1
5
2
7
1
7
4
63
9
1
1
26
3
2
1
6
1
4
3
67
32
4
1
37
1
1
4
6
31
5
1
63
2
1
1
12
5
3
3
34
2
4
2
39
1
3
2
2
3
7
3
6
5
5
3
9
26
5
1
22
3
7
2
40
1
3
4
37
10
4
1
71
3
4
3
2
2
2
4
9
28
3
3
47
9
4
3
47
7
6
1
66
2
1
2
38
2
7
1
7
7
1
4
54
6
3
3
35
7
7
3
23
8
7
2
28
1
3
2
42
2
1
4
47
6
7
2
25
2
1
1
9
12
2
1
39
3
2
3
17
14
3
3
14
9
3
3
6
4
5
3
49
8
6
3
29
11
4
4
33
5
6
1
63
1
1
1
27
2
4
4
31
5
1
2
29
1
7
2
31
1
7
1
1
3
1
1
43
1
6
4
60
3
1
1
35
2
1
2
63
3
6
1
68
3
6
1
53
2
2
4
35
4
5
4
53
5
1
2
31
5
5
1
10
8
7
2
44
1
5
2
18
4
3
1
33
4
3
2
44
3
7
1
17
14
2
3
44
5
2
1
38
1
2
3
10
16
2
1
42
1
5
2
16
3
5
2
43
1
5
2
36
3
5
4
33
8
2
4
39
1
5
3
28
16
1
1
55
1
6
1
39
1
6
2
3
1
7
4
38
8
7
1
36
3
4
1
6
2
1
4
14
32
1
1
65
2
5
1
14
8
4
4
65
9
7
2
8
3
6
3
49
6
1
3
15
6
7
4
49
8
2
1
4
5
4
4
27
1
5
4
2
3
1
4
39
2
7
3
34
5
5
4
1
7
5
4
23
16
6
4
35
1
3
2
6
3
4
1
25
2
4
1
7
8
3
3
11
16
4
2
15
3
7
2
5
1
1
2
6
1
4
1
5
2
6
1
61
3
6
2
37
3
7
4
53
6
5
3
37
11
7
4
2
8
5
4
66
2
1
4
11
14
7
3
43
8
6
4
71
6
5
4
7
9
4
1
44
2
3
2
36
2
4
1
67
3
1
3
11
9
3
2
29
3
1
4
36
13
5
4
27
9
3
1
42
2
4
1
30
10
3
2
26
3
6
4
41
4
4
2
17
2
6
3
3
8
6
4
67
35
6
4
15
27
6
4
45
11
6
1
61
2
3
4
5
27
6
2
7
3
3
1
34
3
5
2
35
1
7
2
41
3
4
2
11
2
2
4
42
4
2
1
11
3
5
2
15
1
3
3
12
6
5
4
18
18
4
1
16
3
1
1
67
1
4
3
10
6
5
4
34
13
3
4
68
12
2
2
61
3
3
4
34
14
5
1
45
1
2
1
68
2
1
4
16
10
6
2
33
1
6
1
31
17
4
3
61
8
2
1
4
7
5
1
17
7
6
2
53
2
6
2
17
3
2
3
7
2
1
2
63
2
2
2
68
3
7
4
40
1
4
2
8
1
5
4
47
1
4
3
26
11
2
3
54
1
7
3
22
7
2
