4
67
30
2
4
53
5
2
1
41
2
5
2
45
1
4
4
22
15
3
1
53
1
4
2
16
1
6
1
40
2
6
3
65
10
7
1
49
2
4
1
17
3
5
3
28
10
6
4
6
30
3
3
55
5
6
1
11
3
4
4
8
14
5
4
71
5
6
2
42
4
2
2
67
2
5
2
23
2
6
3
1
10
1
4
55
2
5
3
25
4
2
2
10
2
7
2
55
2
2
1
39
1
7
4
36
8
4
4
32
2
6
3
22
6
2
1
34
10
5
2
60
1
1
4
66
2
7
1
28
1
3
4
65
1
2
1
63
1
7
4
37
14
1
4
9
19
3
4
44
8
1
3
49
1
1
3
45
3
3
1
9
12
2
2
65
3
7
2
55
1
3
1
9
10
4
2
23
1
7
1
67
2
6
3
4
15
6
2
52
4
2
1
7
10
2
3
38
1
3
3
36
10
7
3
23
18
6
2
47
4
2
3
11
1
3
2
13
1
2
4
41
4
1
4
52
11
2
2
32
4
5
4
14
9
1
1
32
6
3
1
18
13
1
3
5
3
5
4
17
24
1
2
9
3
4
4
16
4
6
3
49
3
2
1
47
3
3
4
26
3
3
2
53
2
5
3
61
10
1
4
66
3
3
2
14
3
2
1
35
2
7
2
52
7
2
3
47
3
2
1
8
3
3
3
55
17
2
4
40
7
1
3
29
10
5
4
30
6
7
1
15
3
2
3
68
5
2
1
5
1
4
1
23
3
2
4
4
13
3
4
42
2
6
2
44
3
6
2
66
2
4
2
18
1
4
3
34
2
2
1
6
2
5
2
11
2
5
3
44
4
1
2
38
2
6
1
17
13
1
4
2
5
3
3
7
3
1
3
12
1
3
3
33
1
4
2
60
3
1
4
38
5
6
4
37
7
3
1
13
7
5
3
61
5
2
1
66
2
7
4
63
9
6
2
5
2
1
3
52
14
1
4
54
9
7
1
61
3
2
1
3
8
4
2
65
2
1
1
8
16
6
1
44
3
3
4
16
1
1
1
47
1
4
2
34
3
7
3
68
3
6
1
1
1
7
2
8
1
1
3
27
1
7
4
31
18
2
4
27
7
1
3
53
8
3
3
41
4
3
2
26
4
5
2
61
2
5
1
3
9
2
2
30
4
4
3
32
5
3
3
2
4
2
4
35
2
5
3
8
16
5
2
44
4
3
3
29
2
6
2
39
4
7
2
43
2
7
2
25
1
3
2
1
2
1
1
15
2
7
2
47
3
4
1
55
1
3
4
68
3
2
4
12
3
4
2
37
2
2
1
52
1
5
4
49
2
5
2
37
3
3
3
8
14
5
1
27
1
7
2
3
3
3
1
60
2
7
2
27
3
7
2
31
2
1
3
40
1
7
2
63
1
1
1
4
2
6
4
53
3
7
3
53
5
7
2
45
4
7
2
3
2
7
1
12
14
6
1
38
1
3
1
22
2
4
3
42
3
1
4
35
1
5
1
29
2
3
1
26
1
3
3
30
15
6
1
40
3
1
4
63
11
1
4
45
12
7
1
27
2
4
4
4
1
2
4
71
6
2
4
26
7
2
4
33
6
1
2
17
2
4
1
16
1
2
4
11
12
1
3
7
1
4
1
10
5
4
4
18
5
2
4
47
3
1
2
41
2
6
2
32
2
4
4
31
26
2
4
13
9
5
1
25
2
1
1
44
4
7
1
55
2
6
4
23
6
5
4
28
8
7
4
1
5
4
2
9
2
5
1
32
1
6
4
52
6
7
3
33
6
6
1
42
1
2
4
17
22
4
4
47
15
7
2
26
2
5
3
25
2
4
1
36
3
4
4
49
1
4
3
6
4
5
2
1
1
1
2
30
5
6
2
33
3
6
3
38
7
5
1
7
7
1
2
4
1
4
2
13
2
5
1
65
2
4
4
42
4
4
3
54
1
6
2
18
4
6
4
41
2
7
2
36
4
5
4
39
6
5
4
33
5
4
2
38
5
5
3
16
7
2
1
71
2
3
3
9
12
3
4
34
11
7
2
61
1
4
1
2
3
6
1
35
4
3
4
65
8
6
1
39
4
5
3
36
9
6
1
14
11
6
1
60
1
1
2
43
3
1
3
2
8
3
2
39
1
1
3
42
1
1
4
34
8
7
2
16
2
7
3
34
7
6
2
40
2
6
3
54
2
4
1
25
1
7
3
43
7
2
3
9
2
3
3
60
23
7
4
38
9
2
1
13
6
2
1
31
14
6
4
9
28
2
3
67
13
7
4
39
1
5
4
7
2
5
1
28
3
6
3
17
12
1
4
61
3
4
2
49
1
7
2
54
2
2
2
49
4
5
4
2
1
1
3
28
11
1
1
12
3
1
2
68
2
7
4
11
3
2
3
37
3
7
4
68
2
2
4
25
2
1
1
16
3
4
4
43
3
7
1
18
11
2
1
45
2
5
1
34
8
6
2
15
2
4
3
26
4
5
3
13
8
5
3
71
3
3
3
14
25
3
4
18
11
5
2
2
1
5
2
53
3
5
1
22
3
4
1
37
2
7
1
26
3
4
1
33
1
2
3
15
12
4
1
30
17
7
4
54
11
3
1
36
2
6
1
2
6
6
3
45
5
2
3
6
1
1
4
23
17
6
1
68
3
5
1
4
4
5
4
36
11
6
2
7
1
4
1
45
1
2
2
35
3
7
4
15
3
6
1
42
2
1
4
61
9
5
3
47
6
1
2
66
1
5
2
29
2
3
1
33
6
3
3
63
9
1
4
5
20
4
2
4
2
5
1
61
1
5
2
71
3
3
3
43
2
6
3
13
5
6
3
17
8
3
4
14
30
7
3
10
10
5
4
29
14
2
3
1
6
2
2
22
3
3
1
71
3
3
2
34
1
2
4
3
4
7
4
45
5
3
2
28
1
1
1
31
1
6
4
67
8
7
4
10
27
1
2
11
3
6
3
16
8
3
3
23
13
2
3
32
11
3
1
49
1
4
4
6
24
2
2
35
2
2
3
5
5
6
1
1
2
1
2
67
1
5
4
28
1
2
4
12
9
3
2
36
5
7
1
53
2
6
1
6
1
2
3
40
6
2
1
5
2
2
3
27
12
6
2
29
1
5
1
41
3
5
3
30
9
5
1
23
1
1
1
43
2
5
3
37
2
4
4
29
2
4
3
35
2
4
4
60
3
1
4
1
9
6
4
22
6
7
1
54
1
5
1
68
1
2
3
39
6
5
2
25
2
4
1
10
7
4
1
54
3
7
2
41
1
7
3
63
4
5
2
6
3
5
3
35
6
2
3
44
5
2
1
43
1
1
2
31
4
7
2
6
2
3
3
18
6
7
3
10
12
5
4
3
1
7
2
68
1
7
1
14
7
6
2
12
2
7
3
15
8
7
3
67
24
4
2
8
3
4
4
5
19
3
2
42
1
2
3
4
13
2
2
10
3
5
1
11
9
5
3
41
2
4
4
10
4
3
3
31
28
5
4
43
2
5
3
12
4
6
3
60
14
1
2
27
1
2
3
26
11
7
4
44
6
3
3
18
7
6
4
15
6
6
3
65
3
5
4
25
8
2
3
52
2
3
3
31
2
3
2
54
1
7
1
67
3
3
1
52
3
6
2
33
2
6
2
7
3
5
2
28
3
6
3
14
24
6
2
71
2
4
2
2
3
3
1
66
1
5
1
29
1
5
4
60
9
6
1
37
1
5
1
38
3
1
2
17
3
2
2
63
2
1
1
30
1
4
2
22
1
1
4
27
8
4
4
13
12
5
3
11
12
4
2
5
1
6
1
63
2
6
3
22
1
4
2
14
2
3
3
66
7
1
4
40
4
2
2
15
3
5
1
65
1
6
4
32
9
3
3
66
8
5
4
8
1
5
3
3
6
5
2
40
4
6
4
30
1
6
2
12
1
4
3
71
1
6
4
7
6
3
3
3
5
1
3
39
7
5
4
55
1
5
