1
2
7
2
1
43
2
5
1
16
6
1
3
65
6
1
4
16
11
3
3
4
6
1
1
4
6
2
3
22
8
7
2
32
4
6
1
17
16
1
4
66
5
3
4
38
5
6
4
63
11
7
2
17
1
5
4
47
7
3
3
16
6
4
4
43
4
2
2
34
2
2
2
71
3
2
3
27
12
4
2
31
4
2
2
67
2
2
1
33
5
2
1
37
2
6
4
26
3
5
3
30
26
6
1
33
6
1
3
6
1
7
2
11
2
3
1
54
2
1
1
49
1
6
3
36
15
2
4
66
1
3
2
2
1
2
4
37
3
4
4
17
20
3
4
4
13
5
2
10
1
6
1
18
10
6
3
55
5
6
3
28
16
3
4
45
13
5
3
38
1
1
1
53
1
3
3
12
4
3
2
32
2
2
2
26
2
7
1
71
1
2
4
25
7
1
2
41
3
3
2
13
2
7
4
2
3
3
1
9
2
2
2
31
5
3
1
38
2
4
3
43
1
7
4
37
9
3
3
25
4
6
2
11
1
4
4
12
2
6
4
54
7
1
4
71
1
3
4
54
12
6
1
12
10
4
3
31
26
7
4
9
1
7
1
45
1
1
3
54
2
5
2
47
1
4
4
6
5
5
3
26
10
7
1
3
7
6
2
29
2
6
2
61
3
3
4
22
16
6
3
53
8
7
2
6
2
1
1
52
1
2
1
23
3
4
4
44
7
1
3
47
9
2
4
28
13
2
4
30
1
4
3
34
1
7
1
23
1
5
2
60
1
2
2
23
2
5
4
31
8
6
4
1
8
3
2
25
2
5
2
63
1
5
2
10
3
5
3
17
4
1
3
63
12
4
3
13
6
1
1
42
2
7
2
35
3
7
2
14
1
6
4
18
25
3
3
43
6
5
3
25
8
1
1
71
3
4
3
5
2
5
1
66
2
3
3
1
5
5
2
23
3
6
2
37
3
4
3
11
8
3
3
52
14
4
4
42
5
4
2
1
1
2
1
27
2
7
1
5
2
7
3
10
16
2
3
55
4
3
3
9
13
5
3
22
10
4
4
7
7
5
1
8
5
2
3
12
2
4
4
5
20
6
2
12
3
6
1
29
3
5
1
4
8
7
2
28
2
3
1
7
4
1
3
26
8
7
3
14
26
3
1
27
1
7
1
34
5
2
2
15
2
5
1
13
8
6
2
68
2
6
2
16
1
2
4
35
3
3
3
3
5
6
3
3
9
4
2
4
1
3
1
39
1
6
1
10
6
6
1
63
1
7
3
42
1
1
2
55
1
5
3
65
1
3
3
39
7
4
2
9
3
1
2
49
3
3
4
29
7
3
4
15
12
5
2
16
3
2
3
41
2
7
4
63
9
7
1
13
3
3
2
45
4
7
2
54
1
4
4
29
6
3
2
38
3
4
1
49
2
7
3
44
9
4
1
35
4
2
1
18
13
3
1
22
3
6
4
43
1
1
2
49
4
4
2
8
3
1
4
3
14
1
3
30
9
4
3
67
1
1
3
38
10
3
4
44
5
1
1
31
13
6
2
52
1
1
3
29
13
4
1
68
1
7
3
33
23
1
3
14
5
3
3
37
3
7
1
60
2
7
1
6
1
3
2
42
1
2
2
45
1
5
4
18
14
1
2
39
1
4
1
55
1
1
3
52
17
7
1
40
3
1
3
54
1
3
3
11
16
2
3
23
18
2
3
32
3
6
2
22
1
2
2
44
3
3
3
29
19
2
2
53
2
1
2
68
1
3
3
42
4
7
3
31
24
7
4
33
11
7
1
41
3
1
1
28
2
3
2
6
1
7
3
49
6
3
1
53
2
4
1
14
1
6
4
8
8
7
3
8
17
1
4
14
16
5
3
67
20
5
2
65
3
5
4
40
3
5
2
40
2
7
2
41
1
3
4
25
3
4
3
45
6
4
2
54
2
4
4
3
22
7
3
18
21
4
4
12
4
5
3
71
5
2
2
7
3
4
3
15
17
2
4
71
4
1
4
27
11
6
4
10
3
3
4
39
5
4
2
17
3
6
4
13
11
4
2
18
4
6
3
5
5
7
3
68
5
3
4
49
1
3
1
65
1
4
3
18
3
2
3
44
8
2
4
30
5
5
4
42
3
5
4
38
1
4
1
65
2
6
1
25
2
2
1
11
8
6
2
1
3
4
2
9
1
4
2
55
2
3
4
45
9
6
1
32
4
5
1
14
5
4
2
27
2
7
3
1
1
2
4
23
21
1
3
34
5
1
1
42
1
4
4
5
6
1
1
54
1
3
4
22
1
5
4
14
14
5
1
37
1
7
4
7
2
1
3
40
3
5
1
1
1
1
1
16
1
3
1
30
11
1
4
49
3
1
3
37
1
6
1
61
3
5
4
35
2
5
2
30
2
3
4
65
2
7
1
32
3
2
2
65
1
1
2
5
2
6
2
3
2
5
2
27
1
2
3
16
1
6
2
60
4
4
1
35
1
4
3
61
4
7
3
66
3
3
2
38
4
1
1
63
2
7
3
68
16
4
3
13
9
3
1
47
3
3
2
25
1
2
3
7
3
5
2
61
2
3
2
35
2
6
4
61
5
6
1
36
3
6
1
15
3
5
2
53
1
4
4
67
8
4
2
18
2
5
1
52
3
5
4
40
8
6
1
67
3
6
4
32
6
7
2
15
1
1
2
8
2
4
2
52
2
3
2
44
2
4
2
30
1
1
3
6
3
6
4
55
9
5
4
68
23
6
3
63
5
4
2
33
3
1
2
43
4
2
2
7
2
1
1
40
1
7
3
9
10
6
2
14
3
3
4
68
4
5
4
61
7
6
2
67
1
1
4
34
7
4
4
6
27
4
3
2
5
6
2
47
3
4
2
29
3
1
2
66
1
5
2
71
2
4
2
40
1
7
1
6
2
4
1
1
3
4
3
35
5
6
1
8
8
3
4
67
23
4
3
7
4
7
4
53
8
2
1
31
17
1
4
11
1
5
3
2
9
7
1
44
1
6
1
11
1
4
1
44
4
1
3
41
3
2
1
55
2
7
4
27
10
4
4
4
4
7
3
45
3
4
3
10
25
5
4
8
7
2
4
13
7
2
3
40
4
4
1
22
2
4
2
13
1
7
1
43
3
4
2
36
2
5
2
3
3
3
4
52
20
7
1
38
1
3
4
65
7
4
4
17
7
7
4
39
7
1
4
10
5
6
3
60
14
3
4
23
1
2
2
66
3
7
1
26
1
4
3
28
6
5
4
52
5
2
3
17
15
2
1
41
2
5
1
25
1
7
4
11
13
4
1
15
5
2
3
66
5
2
1
3
1
3
4
60
9
1
1
12
18
5
4
31
19
2
3
47
1
6
4
15
17
2
3
33
15
6
1
66
3
4
2
42
3
3
1
7
6
7
2
2
2
3
3
49
7
2
2
63
3
1
4
33
10
3
2
12
2
2
2
34
3
6
3
71
4
4
1
10
7
7
3
27
13
5
3
60
9
5
4
41
4
5
4
26
7
4
2
33
1
4
1
29
1
2
1
26
2
6
1
28
1
2
4
47
12
5
4
41
3
4
4
55
11
1
3
23
3
2
3
15
16
6
2
36
5
4
4
53
5
5
3
61
10
3
4
1
11
4
1
47
1
5
1
30
16
3
1
36
2
5
4
28
12
1
3
39
3
1
4
60
6
7
2
37
1
4
4
36
9
2
2
39
4
2
1
60
1
2
4
36
3
2
2
5
1
5
4
9
5
4
1
68
3
3
1
2
5
4
4
2
2
5
2
22
2
1
1
39
4
3
4
32
10
6
3
53
4
1
1
34
2
7
2
43
1
7
1
9
10
1
4
34
13
2
4
16
10
1
2
4
3
7
1
5
1
2
1
45
2
6
3
36
14
2
3
4
27
5
1
61
1
5
2
26
3
4
3
8
8
1
1
17
12
4
2
28
3
3
3
32
2
1
1
67
2
2
3
35
1
6
