2
61
3
3
4
52
10
6
1
22
3
1
4
63
2
4
2
35
1
4
2
18
4
6
2
2
1
1
1
37
2
2
1
38
2
7
3
34
5
5
3
6
5
6
4
60
3
2
4
42
2
3
2
3
1
2
2
15
3
1
2
35
2
1
4
9
14
7
3
13
6
3
4
39
10
7
4
49
3
4
2
1
2
5
2
12
1
3
4
45
6
4
2
54
2
3
4
45
5
2
3
44
1
5
1
44
1
6
3
45
7
5
4
34
3
3
2
47
2
3
4
26
11
5
2
22
2
6
2
45
1
3
4
15
21
4
4
10
1
7
3
52
2
4
3
18
12
1
4
54
11
3
4
31
29
5
3
9
10
3
3
27
5
1
2
36
4
4
3
49
1
7
4
39
3
2
4
7
6
5
2
6
2
6
2
49
4
2
4
65
8
5
2
30
1
6
1
30
19
2
3
34
2
7
2
8
1
5
1
42
2
7
3
4
6
2
3
43
1
2
4
40
8
2
1
53
1
4
1
45
2
4
2
22
3
1
4
71
1
6
1
65
2
6
4
15
25
5
3
3
10
2
4
1
14
3
2
11
3
5
2
39
4
7
4
61
12
6
1
71
1
2
3
6
4
5
1
60
2
6
4
31
26
5
1
34
3
6
1
43
2
4
1
11
8
2
4
68
5
7
2
52
2
5
2
40
4
4
2
6
1
3
1
71
3
4
3
41
3
1
3
9
5
7
1
17
11
7
1
39
4
4
3
12
7
6
4
9
8
5
1
17
2
4
2
15
1
5
4
10
15
5
4
33
2
1
3
26
8
4
3
67
17
7
3
60
10
4
2
17
1
7
2
66
1
6
3
32
2
7
1
49
2
6
2
33
3
7
3
65
6
3
1
35
1
7
3
39
8
2
3
13
2
4
1
37
1
1
1
33
1
2
1
3
3
6
1
6
2
6
1
66
1
4
4
22
14
7
4
44
12
3
2
10
2
1
3
30
24
7
3
36
4
3
2
8
3
4
3
28
16
5
3
7
4
3
2
42
4
2
4
67
6
2
4
34
5
2
3
23
14
5
1
13
9
4
3
32
8
5
2
29
1
6
4
67
27
6
2
52
1
1
4
36
2
5
3
63
5
7
4
61
1
3
2
5
1
6
4
23
3
7
1
5
1
7
3
71
4
2
1
49
1
5
3
29
12
2
4
8
17
4
4
60
9
6
4
43
10
7
1
32
5
4
3
14
10
1
1
7
8
6
3
17
11
4
2
68
1
5
2
53
3
6
3
47
7
4
2
3
2
6
2
37
2
3
3
37
5
2
1
32
2
1
1
30
2
1
1
18
7
2
1
11
1
3
1
22
1
7
2
67
1
2
4
49
4
7
1
13
3
5
3
40
3
5
2
71
2
1
4
32
9
7
2
60
1
1
1
12
11
2
3
33
12
6
2
40
2
6
2
63
3
5
3
52
11
6
2
9
2
7
3
15
1
5
1
34
8
7
4
1
11
3
1
41
3
4
2
61
2
2
4
52
20
7
1
27
1
2
4
47
3
1
2
23
1
3
1
45
1
2
1
8
16
1
2
32
2
5
3
8
19
7
1
6
1
4
3
38
8
7
4
32
10
6
4
8
3
4
2
37
1
6
2
13
1
3
3
31
25
5
4
23
15
4
4
55
12
6
1
26
2
2
2
32
3
2
1
15
1
2
4
16
4
1
1
60
1
4
1
52
3
2
4
14
2
2
1
68
2
1
4
44
11
2
2
33
1
2
1
15
5
1
2
67
2
6
3
43
7
6
1
65
1
7
1
9
1
5
3
71
5
4
2
16
1
5
4
53
12
1
1
47
2
3
3
54
2
7
1
43
3
2
3
2
9
1
1
61
3
6
4
2
12
7
2
31
3
1
3
63
13
3
3
1
10
2
3
47
8
6
1
31
10
5
4
18
6
5
2
71
1
3
1
2
4
2
4
37
6
4
4
27
12
4
3
68
2
1
3
68
5
5
1
27
3
5
2
5
3
5
1
38
1
6
3
8
11
5
2
41
5
5
1
4
3
5
3
27
8
1
3
15
4
4
3
60
16
4
2
65
2
3
4
41
2
2
2
38
3
7
4
22
13
6
4
6
15
2
2
14
1
5
4
5
12
1
2
2
2
4
4
14
13
6
2
25
1
3
1
55
1
1
4
54
4
4
3
39
1
2
2
13
2
7
1
14
16
2
2
44
3
1
4
35
2
7
3
1
4
1
1
54
3
1
4
43
5
6
1
18
12
5
3
17
10
7
4
63
3
5
4
11
19
6
2
39
2
3
1
14
11
4
3
14
13
4
1
9
7
3
1
36
1
4
4
12
4
6
4
28
10
5
4
17
8
7
1
35
3
5
1
10
3
7
2
29
2
2
2
27
2
3
4
13
5
1
3
30
1
4
4
65
9
1
1
67
3
1
3
22
1
5
4
6
10
2
2
14
2
4
2
31
2
1
3
5
2
3
1
16
2
2
4
3
18
4
4
3
8
1
4
17
11
7
4
7
2
4
1
63
1
2
2
1
3
7
3
35
8
6
3
29
15
7
3
33
7
7
1
23
2
2
4
12
5
4
1
1
2
2
3
53
6
5
4
25
7
6
2
34
2
5
1
40
1
1
3
31
13
2
3
54
1
6
4
66
4
7
1
63
2
6
4
68
13
5
1
52
2
1
1
54
2
7
3
45
5
3
2
17
2
5
4
35
5
3
4
40
7
3
3
2
6
7
2
9
1
6
1
26
3
7
1
8
12
1
4
16
6
2
1
55
2
4
3
23
11
6
1
2
6
6
3
61
9
5
2
11
1
2
4
4
13
5
2
28
2
6
2
28
1
2
3
16
4
6
2
16
3
2
1
3
7
4
4
26
2
4
1
1
3
7
2
45
3
2
4
53
14
3
4
29
5
4
2
53
1
4
2
4
3
1
1
66
2
3
3
11
22
2
3
66
4
1
3
42
1
1
2
49
2
6
2
27
1
4
3
12
4
5
2
26
1
7
3
10
20
2
2
23
2
1
3
41
4
1
4
29
8
4
3
36
11
2
3
55
9
7
3
65
10
2
4
37
14
7
3
26
2
7
2
55
3
7
2
65
1
2
4
2
9
2
4
18
4
2
4
33
5
7
3
5
4
1
1
29
1
5
1
42
1
2
3
40
2
1
2
68
4
6
4
30
3
2
2
36
1
4
2
4
1
1
2
43
4
3
1
28
3
4
3
16
3
4
1
25
1
1
3
67
18
1
3
37
4
2
3
66
3
6
3
61
4
1
1
40
2
2
2
26
4
4
2
63
1
3
1
61
1
7
3
38
9
1
3
3
3
3
2
25
3
2
2
44
2
4
1
36
3
4
1
47
1
2
2
18
3
3
1
4
8
3
2
41
4
3
3
18
1
4
2
42
2
6
1
23
1
4
4
11
7
4
4
28
5
4
3
4
5
5
3
25
9
6
3
25
3
7
2
55
2
1
1
68
1
2
4
25
3
3
1
12
5
4
3
22
8
5
4
38
2
3
1
28
1
2
3
11
1
5
3
53
3
1
3
28
11
2
1
67
2
5
1
33
6
5
2
43
2
7
2
7
1
7
2
34
1
6
2
30
4
5
2
38
2
5
4
4
14
6
1
53
2
1
1
5
2
6
1
16
7
3
4
36
10
1
4
47
14
4
3
42
4
6
2
12
2
6
1
29
2
1
4
30
5
5
4
27
11
1
1
39
3
7
1
41
1
2
3
55
7
2
2
10
1
6
4
38
6
5
3
7
3
4
4
66
3
7
2
54
1
5
3
44
4
7
2
7
2
2
4
5
26
3
1
44
4
4
1
10
4
6
1
31
13
2
2
66
2
4
4
13
8
4
1
25
3
3
4
55
3
3
3
35
1
6
2
47
4
2
2
60
3
6
3
10
10
3
3
49
2
7
4
41
4
2
4
42
4
7
1
7
10
6
4
71
4
2
