3
11
15
4
1
1
3
5
3
4
25
4
2
45
4
6
4
53
3
3
3
37
11
7
1
52
1
5
3
61
9
5
4
29
7
3
2
43
3
4
2
28
3
7
2
28
2
6
4
39
1
3
2
34
3
6
1
26
2
5
2
26
4
7
2
12
3
4
3
65
10
4
3
37
2
2
3
31
17
3
4
65
15
4
1
52
2
7
2
3
3
1
2
10
1
6
3
4
5
5
3
39
1
7
1
13
5
5
4
6
18
6
4
42
4
7
2
39
3
4
2
53
2
1
2
12
2
2
1
8
3
6
4
17
17
2
1
33
8
2
3
18
21
2
4
6
5
3
1
32
2
4
2
17
1
6
3
35
6
3
3
2
11
3
2
27
1
5
2
54
2
5
3
44
9
6
4
8
6
3
1
35
3
6
2
4
2
4
3
25
6
4
1
31
13
1
2
33
3
1
1
37
1
1
4
11
28
2
3
49
8
5
1
27
2
3
4
33
7
4
1
5
2
6
2
32
3
1
2
1
2
7
2
39
1
3
2
54
1
5
2
25
2
4
4
32
8
5
2
22
1
3
4
30
8
2
2
31
2
6
1
32
3
6
4
49
2
7
2
47
1
7
4
52
2
6
1
68
2
2
3
8
5
6
2
49
2
4
4
40
1
1
2
36
3
5
1
37
2
3
3
6
4
3
4
66
5
4
2
61
2
2
1
6
2
6
4
40
2
4
3
54
1
4
4
45
13
4
3
10
12
1
4
61
1
1
4
38
6
7
4
13
4
4
2
22
3
2
4
63
2
2
4
28
6
7
4
3
22
6
2
7
1
1
4
33
4
3
3
29
9
2
1
63
1
7
1
41
2
2
2
36
2
7
3
14
12
7
4
30
4
1
3
8
6
5
2
9
3
5
4
36
13
3
3
25
8
4
3
33
22
4
3
60
2
2
4
34
14
7
4
47
15
1
2
38
4
5
1
2
2
7
1
5
1
3
4
14
13
5
3
3
9
5
2
63
3
1
3
63
1
1
3
13
7
6
4
37
5
4
3
33
17
3
3
7
5
1
1
7
2
2
1
45
1
2
3
54
2
7
2
44
5
6
1
18
1
4
3
35
1
4
4
25
1
7
1
49
1
2
4
71
3
1
4
32
9
2
2
18
1
3
3
61
3
4
1
14
22
1
4
47
16
1
1
7
8
7
4
68
19
3
3
45
7
7
4
26
1
3
3
71
2
6
3
1
6
3
2
63
2
4
3
18
4
6
4
54
11
3
4
4
17
2
2
16
1
1
2
68
4
5
3
39
10
5
2
66
2
1
2
65
4
4
1
47
1
2
1
27
1
2
4
49
6
1
4
22
13
3
4
7
2
7
2
67
1
5
2
2
2
4
2
52
7
5
4
2
8
4
2
71
1
7
3
55
11
3
4
43
2
7
3
63
11
5
1
6
1
7
1
55
1
1
2
11
2
4
3
7
1
1
2
45
3
2
2
44
3
1
2
60
2
1
3
38
7
6
4
52
18
1
2
16
3
6
4
36
1
4
4
18
16
2
2
9
1
5
2
33
1
2
1
34
8
2
4
29
11
7
4
61
10
2
3
40
3
2
3
53
4
4
1
25
2
1
4
10
19
3
2
5
3
5
4
45
5
4
4
1
12
1
2
13
2
5
1
67
1
4
2
11
1
6
3
23
7
4
2
53
3
2
3
15
9
4
1
44
2
7
1
30
2
4
4
41
3
5
1
25
1
5
1
36
3
4
3
32
12
1
1
41
1
1
4
28
2
6
2
42
3
5
1
29
1
2
4
60
1
1
1
54
1
5
4
15
22
5
3
9
32
6
1
3
3
2
2
37
3
1
2
42
4
4
3
55
7
1
3
31
7
6
1
40
3
2
1
42
1
2
4
23
18
5
3
65
2
6
2
13
3
4
4
67
37
2
1
9
9
3
1
31
6
4
1
53
1
3
2
1
3
1
3
17
11
5
3
36
8
3
4
63
1
5
4
26
7
4
2
8
2
4
1
43
1
7
1
15
4
4
1
16
5
1
4
13
12
2
1
17
3
2
3
15
16
2
4
71
4
2
2
23
1
4
4
1
2
3
2
6
3
2
4
39
3
5
1
26
3
2
2
67
2
5
1
4
7
6
2
4
3
6
1
60
1
5
2
14
2
6
2
52
4
4
1
49
2
1
3
26
5
1
1
40
1
6
2
25
3
1
4
35
5
7
2
2
1
1
3
53
1
5
1
33
3
4
2
15
2
4
4
3
5
5
4
18
12
2
3
6
1
3
2
7
3
5
3
28
2
1
2
35
2
2
1
12
10
2
2
15
3
1
1
36
2
5
1
61
3
6
3
32
3
6
1
22
3
6
1
10
5
1
3
43
7
6
4
68
15
6
2
41
5
7
3
67
15
5
4
31
14
6
3
47
6
1
1
71
2
1
2
27
3
4
4
67
16
7
4
44
17
7
2
18
2
1
3
16
1
2
3
68
14
2
2
23
2
7
1
63
2
4
1
42
2
4
4
37
4
2
3
67
17
2
2
55
3
5
4
27
9
3
3
26
9
2
1
38
1
7
4
27
2
4
2
26
2
4
3
42
1
1
2
71
3
1
1
13
9
5
3
34
5
6
3
28
7
6
1
14
6
3
4
54
1
2
1
11
6
2
4
55
13
2
2
68
1
3
4
34
7
5
1
54
3
1
3
29
11
1
3
38
1
7
2
29
1
5
1
68
1
6
1
23
2
4
3
47
1
5
4
10
12
6
4
15
3
4
3
5
5
2
4
25
8
2
1
10
7
3
2
8
1
1
1
3
8
2
1
2
4
7
4
23
17
3
2
6
2
1
4
2
1
1
2
17
2
5
1
23
1
6
2
55
2
4
1
30
18
4
3
1
2
4
1
38
2
7
2
29
2
4
2
31
5
7
3
12
1
3
3
41
3
2
4
55
11
7
2
43
5
3
2
30
4
1
3
9
20
3
1
67
3
6
1
44
3
5
1
39
4
2
1
28
2
1
3
3
10
5
3
17
16
2
2
35
1
4
4
31
12
4
3
10
23
3
3
49
1
2
1
16
3
6
3
5
4
3
4
14
23
4
4
22
11
6
1
53
2
3
4
44
6
1
3
44
1
2
3
30
13
6
3
71
4
6
4
16
12
2
1
43
2
1
1
28
1
5
2
41
4
3
4
65
8
5
3
68
8
1
4
4
19
5
1
55
2
6
1
22
1
4
3
14
14
5
1
66
1
4
1
12
15
6
4
5
22
6
1
65
1
7
4
7
8
5
4
43
6
6
1
71
3
1
2
47
2
7
3
27
1
5
3
34
4
2
3
66
7
4
4
16
6
1
3
22
4
5
4
12
3
2
4
8
17
5
2
32
1
2
3
11
3
2
2
40
3
2
1
34
11
1
3
52
8
3
3
2
9
7
1
11
7
1
3
16
6
5
1
65
2
1
2
37
1
3
4
12
10
2
2
40
4
4
3
66
4
2
2
49
4
4
4
9
26
6
3
22
12
4
1
47
3
2
1
4
4
3
2
14
1
4
1
66
2
4
3
40
4
6
2
60
3
3
3
42
3
4
4
9
5
4
4
17
24
2
1
9
12
6
3
45
1
5
2
65
3
1
4
41
4
5
4
53
14
2
1
61
2
3
2
34
2
5
2
66
1
5
4
5
27
3
1
39
1
7
2
10
2
6
4
42
1
7
3
23
12
3
1
17
5
2
1
15
2
7
3
36
11
1
2
3
1
4
3
13
6
1
2
5
1
6
2
38
1
3
2
61
3
1
1
45
2
2
3
41
4
7
3
30
22
6
4
66
4
5
1
29
3
1
1
60
2
7
3
43
3
5
4
11
12
5
4
60
3
5
3
60
22
2
4
35
3
1
1
18
10
6
2
30
5
7
3
27
8
5
3
52
12
1
1
35
2
4
1
8
7
5
3
12
7
2
1
1
2
4
4
38
7
4
