2
14
1
6
4
53
2
2
4
18
15
2
4
17
22
7
4
22
9
6
2
6
1
3
3
4
26
7
3
16
5
1
3
17
13
7
4
28
13
7
3
55
3
5
1
34
3
3
4
35
4
3
3
35
2
1
3
25
1
2
4
11
13
2
4
63
12
4
4
16
5
6
3
12
6
1
3
60
29
7
3
3
8
6
2
17
2
7
4
66
6
6
4
14
12
2
4
22
13
6
3
71
2
1
2
35
1
4
1
17
7
4
4
25
4
4
4
43
12
7
3
41
3
4
1
11
1
2
2
39
3
3
4
9
26
1
2
67
2
4
3
30
9
7
1
10
1
6
1
61
1
4
1
16
7
1
2
54
1
1
2
25
1
5
4
38
3
1
2
65
4
5
1
33
2
6
1
38
3
2
2
25
2
5
1
27
2
4
1
17
8
6
4
13
13
6
1
35
4
2
2
30
2
1
4
63
10
5
2
30
3
2
1
39
4
4
2
15
1
1
4
8
1
2
4
2
5
1
4
53
8
4
2
29
2
7
3
1
4
6
1
37
2
4
1
29
3
1
3
66
3
5
4
42
5
1
1
18
9
7
4
5
13
6
2
18
4
3
3
27
10
1
4
23
11
7
3
29
9
7
3
10
13
3
1
25
2
4
3
71
3
5
3
9
11
2
3
18
6
4
2
7
3
4
1
1
1
5
1
44
1
4
1
5
2
4
1
55
2
5
2
49
4
7
4
45
8
2
4
65
4
7
2
29
1
5
3
55
16
7
1
32
5
1
4
26
11
7
1
15
2
2
2
1
1
3
3
14
7
6
3
18
25
3
2
15
3
1
2
10
2
1
4
6
12
4
1
34
7
6
4
29
11
1
3
33
9
2
3
38
10
3
1
49
1
2
2
67
1
5
4
66
2
3
1
60
2
7
2
33
2
2
4
49
7
6
1
13
3
4
2
44
3
3
1
63
2
3
3
7
2
6
4
44
18
3
3
23
15
2
1
43
3
7
1
29
2
7
1
61
3
4
3
32
10
7
3
68
14
5
4
8
3
3
3
5
5
5
4
33
10
6
1
67
1
7
1
33
4
4
2
55
3
6
2
42
2
2
2
41
4
2
4
61
5
1
4
68
4
5
3
67
16
5
1
14
13
5
3
63
3
2
1
9
1
4
4
41
1
4
3
22
12
1
1
63
1
6
4
28
4
5
2
9
1
7
3
65
18
5
2
36
1
5
4
1
9
5
4
45
3
3
4
3
10
6
1
66
1
4
2
1
2
2
2
11
1
4
2
5
1
4
2
66
2
2
2
22
2
7
3
27
14
3
2
32
2
6
1
9
6
1
1
10
7
3
2
71
3
6
1
54
2
4
2
44
1
7
2
40
4
5
4
40
3
5
3
60
20
4
1
3
4
2
1
32
1
5
2
43
1
4
3
34
3
3
1
38
1
1
2
13
1
2
2
23
3
2
1
65
2
5
2
14
3
3
2
60
3
5
3
36
15
7
1
53
2
7
1
4
5
2
4
38
2
4
4
13
2
1
1
40
1
7
1
6
2
2
2
9
2
3
1
28
1
7
2
10
3
5
1
7
1
5
4
60
2
7
1
22
1
7
4
31
22
4
1
44
4
6
1
2
4
2
3
52
7
1
3
13
7
7
3
15
9
2
2
34
1
3
3
39
8
6
2
47
2
4
2
11
2
3
1
47
3
1
3
25
9
6
2
68
4
1
2
28
2
5
2
12
3
7
4
33
4
7
3
32
7
5
3
17
14
3
2
45
4
4
2
33
3
2
1
39
2
7
4
60
3
6
4
31
28
1
4
4
16
4
3
54
2
4
3
9
25
2
2
54
2
7
3
47
6
4
3
8
4
2
1
31
18
6
1
12
4
1
1
31
10
6
1
36
2
3
2
63
3
4
1
40
2
2
1
47
1
4
2
40
2
2
3
15
12
5
3
61
6
5
3
65
3
6
4
39
6
1
4
36
8
7
2
5
2
6
1
30
14
7
4
35
1
4
2
63
1
6
1
16
4
7
2
52
3
6
4
7
4
1
3
43
4
3
3
40
4
4
3
16
3
3
2
35
3
6
4
7
3
5
2
26
2
3
4
11
30
2
4
37
14
5
3
45
5
5
4
18
10
5
1
26
2
2
4
30
6
3
1
45
2
4
4
26
1
2
4
5
14
4
4
67
39
4
3
7
4
6
1
1
3
2
4
71
4
5
1
60
1
1
1
18
6
4
2
27
1
5
4
54
4
4
1
42
1
4
4
25
3
6
4
55
4
1
4
43
6
6
2
37
3
2
1
2
1
4
1
71
3
2
4
27
3
5
2
12
2
7
3
3
3
2
3
35
8
7
4
42
3
1
4
54
12
4
2
36
5
4
3
49
3
6
2
32
4
1
4
3
1
4
2
22
1
3
3
14
4
7
1
4
6
1
3
53
5
7
1
68
2
7
1
14
4
3
4
10
11
2
4
68
3
4
4
16
12
2
4
71
2
6
4
65
7
5
4
37
9
3
3
63
5
6
4
14
3
2
2
55
1
4
3
67
36
6
3
52
3
6
2
8
1
7
2
6
3
3
3
5
1
5
3
42
1
3
3
49
4
2
3
2
6
5
1
12
2
2
4
2
10
2
2
39
2
4
2
65
3
7
1
37
1
4
3
13
6
3
4
12
3
4
1
25
3
7
4
36
4
2
3
34
1
7
3
54
1
7
1
8
10
5
3
31
12
1
1
43
1
5
2
34
3
4
4
44
17
3
3
45
2
3
1
8
9
5
3
36
5
6
2
16
3
5
1
26
3
2
1
23
1
7
3
11
9
1
1
28
3
3
1
13
9
2
2
4
3
4
2
3
3
1
2
23
2
5
1
71
1
3
1
11
8
1
3
38
7
5
2
18
2
6
1
7
5
4
2
16
2
3
2
37
1
5
4
4
14
6
4
9
9
7
1
67
3
6
2
38
3
1
4
15
3
4
1
52
2
6
3
1
6
2
2
61
1
6
3
44
1
7
3
8
2
4
2
7
2
3
3
23
9
4
2
31
2
4
3
39
1
1
3
12
4
6
1
22
2
3
2
60
4
2
1
41
2
3
3
61
2
5
2
52
6
5
4
40
6
3
4
41
2
4
4
15
20
6
3
47
5
3
1
5
1
7
1
36
3
7
3
31
22
3
2
45
1
3
1
35
3
5
4
61
10
5
2
28
3
6
1
6
1
1
4
39
1
5
4
12
4
5
2
17
3
1
3
11
18
7
3
28
10
3
4
6
9
3
1
65
1
7
3
66
9
2
4
52
8
2
1
53
1
1
4
27
2
1
3
53
8
3
4
10
8
1
4
47
8
2
2
38
2
6
3
4
24
4
2
2
2
4
2
42
1
2
3
6
6
5
3
41
2
4
4
55
9
1
1
68
1
4
2
68
2
4
2
66
1
6
1
45
1
2
3
30
14
1
3
28
14
1
1
15
3
7
4
34
7
5
2
4
1
4
4
67
30
6
3
6
3
7
2
3
1
4
1
49
2
4
2
41
1
2
4
32
13
7
3
37
9
6
3
43
3
7
1
54
1
1
2
27
2
1
2
8
3
7
1
41
3
2
3
26
11
6
1
55
1
1
2
13
3
4
2
2
1
4
2
71
1
7
1
30
4
4
3
22
6
3
2
53
2
6
3
26
3
4
4
47
14
5
4
29
6
2
3
33
10
6
3
40
6
6
2
61
3
2
3
2
2
3
4
1
12
4
4
17
9
5
2
47
1
6
4
49
8
4
1
42
2
6
2
43
5
7
3
37
12
4
3
29
4
7
1
27
1
7
1
23
2
7
2
53
3
6
4
52
14
1
2
26
3
2
4
30
2
6
3
10
23
3
2
49
1
2
2
31
4
1
3
42
2
6
4
34
14
5
1
3
10
1
3
68
4
5
3
44
5
4
1
66
3
3
4
23
18
6
1
52
1
6
4
32
10
2
