2
49
4
7
4
31
16
4
2
54
1
5
3
66
9
7
2
35
3
1
4
25
3
2
3
45
5
4
2
38
2
5
2
15
2
2
3
35
7
5
1
2
4
2
2
52
2
7
4
7
5
7
4
5
8
2
1
12
12
1
2
27
2
2
3
37
10
6
4
37
12
4
4
52
11
4
4
26
3
1
2
16
1
4
3
11
13
7
3
29
17
7
2
39
2
4
3
6
4
7
3
12
7
5
3
26
9
2
2
67
1
5
2
55
1
2
4
53
4
1
1
63
1
4
2
41
1
2
3
11
26
6
1
38
2
1
3
27
8
5
3
33
6
7
4
34
5
2
3
9
6
3
1
34
6
4
1
52
3
7
4
61
5
5
2
23
3
7
2
45
2
1
3
61
5
4
3
30
5
3
1
6
1
1
1
11
8
1
3
3
1
4
1
17
12
5
4
9
19
6
2
22
3
2
1
34
3
7
1
54
2
1
4
49
5
6
1
2
7
4
3
13
6
7
3
49
2
3
4
36
6
1
4
17
8
2
2
1
2
1
1
60
2
4
4
34
11
2
4
71
4
3
3
22
11
4
2
60
2
5
1
36
3
4
1
65
1
3
1
67
1
7
2
40
1
5
4
22
7
6
3
71
5
3
3
32
11
5
1
38
1
3
3
8
3
1
2
60
3
7
2
14
1
3
1
3
9
4
2
44
5
6
1
68
3
4
1
16
4
4
3
65
14
5
1
32
2
4
1
37
1
1
3
34
8
1
4
39
4
3
4
60
1
4
2
5
2
2
1
13
4
2
4
13
13
7
3
36
14
2
3
17
10
5
3
26
6
7
1
11
4
3
1
33
3
2
3
7
4
5
3
31
8
6
4
32
10
7
4
28
4
5
3
47
1
5
2
8
2
2
1
28
1
1
4
14
12
5
3
14
2
1
2
68
2
4
1
30
16
1
1
10
6
6
1
23
3
2
2
11
1
5
1
26
2
2
2
39
3
5
1
6
2
7
4
27
12
5
1
41
1
2
1
49
2
4
3
7
3
1
1
31
7
7
4
14
6
1
2
25
3
6
1
35
3
7
4
15
27
5
4
40
5
6
4
66
3
1
2
65
3
3
1
55
1
3
3
30
2
1
1
71
1
7
1
8
16
7
2
30
4
1
2
28
3
2
4
53
12
6
3
44
10
6
4
36
11
2
1
5
1
7
2
17
1
6
2
2
3
4
4
43
11
2
4
42
1
7
4
11
13
3
2
30
1
3
4
67
14
5
3
4
17
5
2
29
2
5
2
27
1
3
1
42
2
2
4
33
9
7
1
63
2
2
2
7
2
2
4
65
2
3
3
6
5
3
1
22
1
3
2
29
3
1
2
67
2
7
4
23
6
6
1
25
2
5
2
6
3
7
3
68
1
4
3
38
1
4
1
39
1
4
1
16
6
7
4
13
11
6
2
36
3
2
4
3
12
3
4
54
5
5
4
66
5
2
4
30
8
5
4
16
9
3
4
35
2
2
1
40
2
5
1
23
1
5
2
43
3
7
3
43
1
7
3
2
2
3
2
23
2
4
4
8
14
4
4
32
1
1
4
35
1
6
2
41
3
4
1
8
14
6
2
66
2
3
4
42
4
5
3
32
12
5
2
3
1
7
1
7
7
3
4
22
20
2
2
18
3
2
3
31
10
4
3
41
3
4
3
71
2
1
3
45
3
4
3
40
6
2
4
28
13
5
2
66
3
7
1
9
8
4
2
33
1
5
3
67
38
1
2
71
1
7
1
1
1
1
2
11
3
1
1
53
1
7
2
36
4
3
2
10
2
1
2
43
5
1
3
29
10
3
2
55
2
1
2
34
1
2
4
26
12
5
2
12
1
1
4
44
5
3
1
68
2
1
3
67
35
3
1
35
4
1
3
2
6
7
2
15
1
6
1
52
2
3
2
33
2
5
2
1
1
6
1
27
3
1
1
55
2
5
4
18
11
4
2
53
3
4
1
5
2
3
3
28
6
2
3
38
9
7
2
13
1
6
3
61
11
7
2
26
1
6
4
18
21
1
3
53
5
6
4
47
1
4
3
35
4
3
3
17
2
4
3
22
1
7
2
42
4
1
3
54
2
7
2
37
4
6
1
14
13
4
1
4
5
4
2
28
1
4
3
15
15
7
3
39
1
1
2
8
1
4
2
17
3
1
4
37
13
5
3
65
9
6
2
47
2
3
2
18
1
4
1
53
2
6
1
65
2
3
3
3
10
3
1
4
7
4
3
9
29
1
1
43
1
4
1
40
3
6
4
4
20
4
4
67
36
2
2
9
2
2
3
5
4
6
2
16
3
7
1
66
2
6
1
10
4
5
1
28
3
3
4
12
9
5
4
33
5
6
2
32
4
3
4
71
5
4
4
29
8
5
1
42
1
1
1
39
3
3
1
22
2
7
4
55
9
5
2
54
2
6
4
68
14
3
4
27
5
5
3
39
7
7
2
61
2
2
3
60
3
2
4
45
12
2
4
30
7
4
4
16
11
3
2
7
3
6
4
12
10
5
2
10
1
4
4
10
17
6
2
12
2
5
3
23
5
2
1
32
7
3
2
45
4
3
4
41
1
5
3
23
1
1
2
49
1
7
1
30
1
5
2
68
4
4
3
44
6
1
3
41
1
6
1
33
6
1
4
54
11
3
3
63
3
7
2
6
1
6
1
14
8
3
4
10
32
2
4
17
24
2
4
2
9
3
3
36
9
6
4
47
2
5
3
33
14
7
4
63
9
4
3
34
1
7
4
6
20
5
1
67
2
7
3
4
24
2
3
18
7
2
3
55
12
6
2
26
2
3
2
9
3
3
3
16
7
3
3
37
12
3
3
63
5
2
4
6
1
4
1
54
3
1
3
1
1
3
3
10
26
6
2
42
1
4
4
5
2
6
2
22
2
2
3
16
3
1
1
18
10
1
2
52
3
3
4
25
6
1
2
37
3
3
4
23
11
3
1
29
2
7
4
39
5
1
1
47
3
1
3
15
10
4
1
44
2
1
1
13
5
2
4
11
16
4
1
18
4
7
2
38
5
4
1
44
1
1
4
45
8
4
1
3
2
3
4
61
3
5
4
68
11
6
1
29
1
2
3
40
1
6
4
1
11
7
2
35
2
5
4
63
7
1
1
66
3
3
2
14
2
2
2
32
1
2
2
2
1
1
3
25
7
7
4
15
16
2
1
17
16
3
2
63
3
2
1
49
1
7
3
13
7
4
2
13
3
4
4
2
7
7
3
5
5
4
3
28
10
2
4
52
1
5
1
47
2
6
3
60
18
6
3
53
3
2
1
12
18
7
1
61
1
2
4
43
8
1
4
65
3
3
1
43
2
2
3
47
6
3
1
7
6
6
3
42
3
7
1
71
3
2
1
15
5
5
2
25
1
1
3
43
5
7
3
12
2
2
2
63
2
6
4
9
16
4
3
42
4
3
2
44
1
6
1
37
2
7
4
38
1
7
2
4
3
1
1
60
1
1
1
45
2
4
3
52
10
1
2
3
3
6
3
14
4
1
2
47
1
6
1
36
2
5
3
55
15
4
4
49
7
7
2
65
4
2
4
8
10
3
1
45
1
1
3
10
3
7
1
61
3
5
4
7
4
1
4
55
5
6
4
1
5
6
3
68
2
5
1
9
1
4
2
4
2
3
1
25
1
1
3
27
3
3
3
54
1
5
4
3
13
3
1
15
1
1
2
53
1
3
3
52
7
3
3
18
1
4
2
31
1
1
4
31
23
4
1
31
10
1
4
60
2
4
4
44
7
1
1
41
2
4
3
1
7
7
4
40
8
5
3
66
2
6
4
38
6
5
4
29
1
5
2
34
3
1
2
71
3
1
1
1
2
7
3
8
17
6
3
25
5
6
2
40
3
7
1
26
3
5
1
27
1
1
2
61
3
7
2
5
1
4
3
49
6
6
4
41
2
2
4
4
6
5
2
31
2
5
