2
11
2
3
4
65
4
1
2
52
3
5
1
1
1
5
4
15
21
3
3
22
4
5
1
61
1
3
4
7
8
3
2
15
1
1
2
60
4
4
4
22
15
6
3
41
4
1
1
34
9
3
1
66
2
6
2
47
2
5
3
26
8
1
3
65
6
1
3
17
15
6
1
27
3
3
3
32
1
2
4
33
11
5
4
40
8
2
2
63
2
3
2
44
4
2
1
9
5
6
4
67
26
1
1
47
3
2
2
18
4
1
4
43
11
6
4
39
8
2
1
2
4
3
2
30
4
3
4
60
9
1
3
42
3
4
2
10
2
1
2
54
1
5
2
49
4
3
4
31
14
6
1
17
15
5
4
32
13
6
2
25
2
7
4
15
10
6
1
63
2
2
4
25
5
4
3
40
3
4
2
66
3
3
3
12
6
5
4
55
2
2
4
6
3
2
1
10
2
2
1
39
2
6
1
14
13
4
2
7
2
7
1
31
1
3
4
17
10
2
4
35
4
1
1
10
1
1
4
3
20
3
2
36
2
6
3
41
1
5
1
43
1
7
4
22
18
5
3
9
4
5
1
49
1
4
1
8
6
1
1
37
2
1
2
34
2
6
3
54
2
7
1
4
4
6
3
37
2
4
4
47
8
7
1
12
18
6
2
12
2
1
4
30
1
4
4
8
16
2
1
42
1
4
2
40
2
5
1
32
3
7
3
2
3
2
4
38
6
5
3
49
3
7
3
27
17
7
2
26
1
1
4
66
1
7
2
71
3
4
4
38
9
7
3
35
2
5
4
63
12
5
1
23
1
7
4
14
32
1
4
25
3
1
1
3
5
2
2
40
4
3
2
18
2
7
2
29
1
1
3
10
17
7
3
15
11
7
1
6
2
1
4
17
17
5
4
14
19
1
3
4
26
7
4
5
24
5
3
40
5
3
4
68
20
7
1
54
1
7
1
60
1
6
2
28
1
1
1
67
3
4
4
41
3
6
4
6
28
2
3
13
3
2
4
34
12
1
1
54
2
1
4
16
3
3
3
55
5
4
1
36
2
4
2
13
2
1
2
34
3
5
3
35
3
5
2
68
2
4
3
34
9
2
4
32
5
3
3
55
10
1
3
71
1
3
1
42
2
6
3
39
3
4
2
6
2
3
3
45
2
5
4
2
3
4
2
14
1
5
2
67
1
6
3
61
4
2
4
39
1
7
4
18
8
7
4
13
10
3
3
28
14
2
4
49
4
1
4
44
3
4
2
61
2
7
2
66
2
5
4
43
6
3
4
65
11
7
3
66
8
3
2
67
2
2
2
27
2
4
4
4
9
5
1
52
3
6
3
33
9
4
4
13
14
2
3
38
4
1
3
52
10
2
1
15
3
5
3
18
12
5
3
23
16
7
1
16
1
5
1
43
3
3
3
18
18
3
4
45
1
7
2
54
2
7
2
3
3
3
4
54
2
7
4
61
5
5
2
14
3
2
4
40
2
2
4
54
9
2
1
4
2
4
3
3
4
7
2
9
1
4
3
10
26
7
4
52
17
6
4
67
36
7
4
11
28
5
4
26
6
5
2
42
1
4
1
26
3
1
2
43
5
3
1
68
2
7
2
39
2
5
3
68
17
5
3
28
6
1
2
43
4
4
4
47
2
5
1
39
1
5
1
6
1
1
3
43
2
6
1
41
3
4
4
36
5
2
1
13
9
6
2
42
2
3
4
18
13
5
4
41
4
2
2
16
1
6
4
29
3
5
3
31
28
4
1
25
3
7
2
26
4
7
2
15
3
6
3
12
5
4
1
22
3
4
4
29
8
4
1
33
1
5
2
33
1
6
2
47
3
3
4
27
9
4
4
1
3
3
1
68
3
5
3
15
1
1
1
30
3
7
3
1
7
3
1
35
4
7
2
44
5
3
4
36
11
1
2
30
3
4
1
7
6
6
1
16
4
6
4
28
4
4
1
52
1
7
2
53
3
7
1
7
3
1
4
5
27
2
2
32
3
7
2
33
2
7
2
4
2
5
2
65
1
6
2
17
1
1
3
47
3
1
3
34
1
2
4
63
5
4
2
17
2
7
4
31
10
1
3
60
31
6
3
53
8
4
1
37
1
2
4
44
13
7
3
63
2
4
2
68
1
2
4
35
3
6
1
11
4
4
1
63
1
2
3
49
4
3
2
29
3
1
2
45
2
5
2
4
3
3
3
7
1
6
1
41
1
7
3
32
3
1
1
71
2
1
3
3
8
1
1
23
2
7
3
26
3
2
2
2
2
2
2
31
4
2
2
49
1
6
1
30
11
4
3
14
4
2
3
2
9
4
1
44
2
1
4
55
13
4
2
1
1
6
3
6
4
5
1
71
1
6
3
17
14
3
1
9
13
6
2
52
1
1
4
12
10
5
1
2
6
2
3
36
8
6
3
16
6
1
3
1
9
7
4
66
4
4
2
55
1
4
3
38
7
2
3
68
6
4
2
9
2
2
1
18
1
7
1
12
5
7
2
23
3
2
2
27
1
3
3
47
4
4
4
12
6
2
1
55
2
2
3
11
4
3
1
33
6
3
2
37
1
7
2
11
3
6
2
16
2
5
4
4
27
3
4
3
8
7
1
5
2
5
1
27
1
2
1
65
2
5
4
71
2
7
1
53
2
4
2
12
3
1
2
36
3
2
1
53
1
2
2
39
4
6
4
61
1
3
4
26
1
2
4
42
5
4
2
65
3
1
1
3
7
6
4
27
2
5
4
53
3
4
1
60
2
1
2
32
4
2
3
30
21
1
3
4
8
3
1
38
3
4
3
30
3
3
4
1
14
3
2
10
1
7
3
54
1
1
1
17
11
2
3
71
4
6
2
38
3
4
2
2
1
7
4
53
1
3
4
9
32
1
1
61
2
7
4
30
4
5
2
31
2
1
1
13
1
1
3
6
1
3
1
45
1
6
4
71
6
1
3
60
18
2
4
10
26
6
1
28
1
5
1
5
1
2
3
45
6
5
3
5
4
1
1
66
1
3
2
41
1
2
1
15
1
6
1
25
1
5
1
26
1
6
3
43
7
1
4
33
9
6
2
8
1
3
4
2
12
7
3
67
25
2
2
22
2
1
1
1
3
3
3
67
17
7
1
14
21
4
1
29
1
6
2
35
3
6
3
9
14
3
4
52
1
2
1
29
2
7
4
11
19
2
1
18
3
7
4
68
24
3
2
35
2
6
2
7
1
5
4
60
8
4
1
11
7
3
3
27
8
3
3
44
3
3
2
6
1
3
3
29
9
6
4
23
3
1
4
8
9
5
3
25
7
3
2
3
2
5
2
55
2
3
3
44
1
2
3
8
19
2
1
47
1
4
2
1
2
2
1
31
6
7
3
16
3
7
2
13
3
6
3
52
15
3
3
14
16
5
1
22
2
2
2
8
2
5
3
66
7
3
2
5
3
4
4
28
1
1
2
22
3
5
3
37
3
5
4
49
2
3
1
40
2
1
1
65
1
7
2
63
3
4
3
22
6
5
3
61
10
5
1
34
10
7
2
53
2
5
3
31
23
1
4
7
7
2
1
49
2
2
3
8
13
6
1
8
14
1
3
65
8
6
3
11
2
2
3
53
4
5
2
25
1
4
4
16
1
7
1
45
2
4
3
23
19
2
2
61
3
5
1
44
4
2
3
36
14
1
1
40
3
4
1
36
3
6
1
38
1
7
2
5
1
5
4
10
14
2
3
5
5
4
4
37
9
4
2
28
3
4
4
42
2
7
1
32
2
3
4
23
14
7
2
60
2
5
4
45
5
7
4
9
16
5
1
67
1
3
4
37
4
7
2
45
1
4
2
23
2
5
1
28
3
2
3
39
5
1
2
38
4
6
2
37
4
2
3
29
14
5
1
35
2
7
2
41
5
4
4
34
4
1
3
25
4
6
1
55
1
5
2
71
2
1
3
33
24
4
3
63
7
5
3
7
2
7
3
13
2
5
3
42
2
3
