3
14
8
6
2
55
2
4
3
18
11
5
3
45
2
5
1
14
7
3
1
26
2
4
3
47
10
2
3
33
18
6
1
28
1
7
4
5
10
2
2
32
2
6
1
26
3
7
4
36
13
5
1
28
2
3
4
25
4
7
4
22
5
6
4
60
3
2
1
16
7
2
3
3
10
4
1
14
13
1
3
25
4
4
3
55
16
2
1
42
1
4
3
63
5
4
2
67
1
1
4
4
4
2
3
54
2
6
3
17
17
1
1
3
11
1
3
68
11
7
4
31
6
7
2
6
2
5
1
33
8
3
4
26
3
1
4
45
5
7
3
61
5
4
4
66
6
2
1
4
3
7
2
32
1
1
2
12
1
1
4
65
4
7
1
2
2
7
2
12
2
7
1
8
14
6
3
18
15
1
2
42
1
7
1
45
1
1
1
68
3
3
3
1
2
1
2
22
2
2
4
61
12
7
2
40
3
4
4
13
2
2
3
49
8
2
1
6
2
3
3
16
8
2
1
63
2
6
2
53
2
5
2
55
1
3
2
15
3
4
2
54
2
4
3
66
6
3
2
36
1
7
1
15
1
7
2
71
2
2
4
30
7
7
1
15
3
5
1
8
6
7
4
53
8
5
1
32
7
6
4
38
7
7
3
60
31
5
2
14
2
7
2
47
4
2
1
7
5
4
3
26
10
6
1
42
2
5
3
27
10
1
4
34
4
7
1
53
2
4
3
12
6
7
1
54
1
4
3
15
1
2
2
43
2
5
4
15
5
7
2
10
1
3
1
13
1
5
3
60
10
2
4
27
9
2
2
53
1
3
2
34
2
2
1
40
3
2
1
71
3
5
2
38
5
3
1
44
1
6
4
7
8
6
2
41
4
7
4
36
15
3
2
41
1
4
3
8
10
3
1
43
1
6
2
14
1
6
3
7
4
1
4
1
8
6
4
26
11
4
3
65
13
3
1
30
15
5
4
7
4
1
1
68
1
4
2
4
2
7
4
32
9
2
4
12
8
3
3
32
8
6
1
31
13
2
2
18
4
7
1
17
1
5
4
35
5
2
2
28
2
6
1
65
2
6
2
13
2
3
4
14
21
7
2
2
2
4
4
63
1
2
4
6
2
5
1
37
1
2
2
11
1
4
2
23
1
6
1
9
4
1
1
41
2
3
3
45
7
1
4
31
19
4
2
28
1
2
2
60
4
6
1
22
1
3
2
36
5
5
3
7
1
5
4
37
8
4
1
36
1
1
3
67
3
1
4
23
17
5
3
33
8
4
3
54
1
6
2
45
4
6
4
55
6
2
2
39
2
7
1
31
12
7
3
29
5
5
3
28
3
5
1
39
4
6
3
43
8
3
2
3
2
7
1
29
3
2
3
38
1
4
3
10
2
5
4
54
10
7
4
52
17
6
3
32
4
2
1
29
1
5
3
28
7
1
2
63
2
1
3
26
5
5
1
63
1
6
2
30
1
6
3
49
7
3
1
35
3
1
3
68
13
4
3
40
5
3
1
11
8
2
1
23
3
3
4
71
5
2
3
35
4
2
4
25
5
2
1
34
10
5
4
54
7
1
4
68
1
2
4
10
28
6
3
5
3
3
3
11
22
4
2
17
1
5
4
9
29
7
2
37
2
1
1
49
2
3
3
9
1
2
1
43
2
5
1
66
1
1
1
25
1
2
3
42
3
5
2
66
1
5
4
16
5
2
3
36
10
7
3
29
6
7
1
38
2
5
3
6
4
1
2
35
2
2
2
47
3
4
3
1
3
6
1
67
2
4
1
23
1
6
3
9
17
3
4
11
31
3
2
37
1
4
3
30
11
6
2
65
4
6
4
9
28
1
2
33
1
5
3
16
1
1
3
71
1
1
2
54
1
5
1
22
2
6
3
4
20
4
4
65
7
4
3
39
5
5
1
53
1
5
3
2
8
2
4
47
6
3
1
47
2
5
2
49
1
1
2
9
2
4
4
61
6
1
1
52
3
7
2
30
4
3
4
37
14
1
2
2
3
7
3
52
7
3
3
22
6
3
4
55
3
5
3
14
7
6
2
26
2
6
1
9
8
2
2
5
2
1
1
17
6
4
3
11
17
5
2
31
2
7
2
8
2
4
3
34
6
5
3
67
9
3
4
17
6
1
1
37
2
6
3
42
1
7
2
23
3
5
2
65
3
2
2
66
3
1
3
6
6
4
4
44
13
2
4
45
11
3
1
2
7
7
1
30
6
7
4
67
11
2
4
16
9
1
1
25
2
1
3
38
9
6
3
25
9
7
4
42
3
4
2
9
1
1
3
61
10
2
3
39
1
4
4
49
3
1
1
65
1
7
2
68
1
1
1
7
4
2
4
1
5
1
2
15
1
7
1
40
2
1
2
71
1
5
4
18
26
2
1
47
1
5
4
3
2
5
4
60
4
4
3
17
14
1
1
38
1
7
3
66
8
5
2
43
1
7
1
71
2
3
1
52
2
2
1
41
1
5
3
40
6
6
1
27
2
7
4
28
3
4
4
52
18
7
2
27
1
4
1
4
4
6
4
41
1
7
4
33
9
7
2
7
3
2
3
55
4
5
4
3
10
1
2
8
3
3
2
44
4
4
3
52
4
6
2
16
3
7
4
22
18
7
1
39
2
7
3
37
10
7
2
35
1
4
4
29
6
6
3
63
10
6
4
14
11
5
3
12
2
6
3
31
20
4
2
31
5
5
2
61
3
3
2
4
3
2
3
35
3
4
1
10
5
6
1
27
3
2
2
33
3
6
2
61
1
3
3
13
9
3
2
29
1
3
2
13
1
1
3
10
10
5
4
29
9
4
2
25
2
1
4
38
8
3
3
44
6
3
1
67
3
5
4
11
7
3
2
52
5
2
3
30
8
3
4
63
7
6
3
47
2
7
4
33
3
1
3
22
2
6
2
63
1
7
3
43
1
2
1
35
2
5
1
34
9
5
4
43
1
1
4
8
7
4
3
5
4
3
4
34
2
5
4
12
2
2
4
49
4
1
2
1
1
2
1
61
3
4
4
53
15
5
3
44
8
3
2
3
1
3
3
15
3
6
1
3
1
4
1
18
5
1
3
8
3
1
2
10
3
1
4
42
5
2
4
23
14
6
1
16
6
6
1
12
3
3
4
35
2
2
2
22
3
7
4
2
11
7
1
45
2
2
1
33
5
1
4
44
11
6
4
2
3
5
3
65
11
5
4
28
5
2
3
31
17
2
1
11
7
7
4
4
5
3
1
54
3
4
3
4
10
6
3
36
7
4
2
25
1
2
4
5
23
2
4
18
17
4
1
5
1
2
4
68
20
6
4
27
11
7
1
10
3
7
1
5
2
2
4
6
13
3
4
40
4
7
3
41
1
6
4
67
5
3
3
41
3
7
1
18
11
3
1
49
1
5
4
15
24
6
2
6
3
3
1
55
2
7
2
34
1
7
2
1
3
3
2
16
2
7
3
71
2
7
2
68
4
5
4
17
19
3
4
10
14
6
1
66
3
6
3
34
2
7
3
27
8
6
3
23
7
2
1
6
1
5
2
52
7
4
1
12
6
5
2
60
1
7
2
11
3
3
2
17
2
5
3
2
3
3
1
32
5
6
4
40
3
6
2
5
1
2
4
32
10
6
2
27
2
4
4
30
6
7
4
47
4
6
4
41
2
2
1
1
2
4
3
3
5
7
1
55
1
7
1
60
1
4
2
18
3
7
1
61
2
1
2
7
2
5
1
60
2
2
2
49
3
3
2
26
4
1
2
29
2
1
2
42
2
4
3
37
12
1
2
67
2
2
4
39
4
3
3
23
9
7
4
66
3
5
2
38
3
3
1
13
9
6
4
43
3
4
1
1
1
1
3
53
3
3
2
44
1
1
1
36
3
1
4
8
4
2
2
40
4
1
3
13
1
2
4
71
2
6
2
45
1
2
4
13
9
1
1
44
4
1
2
39
3
3
4
39
1
4
3
53
7
6
