1
25
3
6
2
49
1
7
3
31
1
3
4
22
15
4
4
43
8
6
2
1
1
4
3
6
1
2
3
61
2
3
4
18
9
5
4
34
9
1
2
37
2
1
2
42
4
7
3
33
13
2
4
68
9
6
1
47
2
2
4
27
7
3
1
33
7
3
4
9
11
2
3
31
27
3
4
53
4
6
2
61
3
7
3
52
14
7
1
14
11
5
3
39
5
2
2
32
2
7
3
37
9
4
2
71
3
6
1
27
2
3
1
38
2
4
2
44
3
1
4
47
1
3
1
66
1
7
1
18
5
7
3
34
7
2
2
34
2
7
4
54
4
1
4
34
2
7
1
61
3
4
4
32
12
7
4
14
21
1
1
30
16
3
3
35
3
6
1
13
7
2
2
2
2
6
1
44
4
5
3
15
16
7
4
37
5
3
2
7
1
1
1
28
2
5
2
25
2
6
3
18
23
1
4
7
3
7
4
43
3
5
2
28
2
2
1
36
1
6
3
4
8
3
2
54
2
5
3
66
5
5
1
3
11
7
3
8
15
2
1
35
2
2
2
36
2
5
4
28
1
5
1
26
3
6
1
41
1
6
2
45
2
5
2
9
2
4
4
14
28
6
3
37
5
5
3
32
3
2
2
43
5
1
3
9
16
1
2
31
2
5
3
28
15
7
1
63
2
4
2
9
3
4
3
29
14
3
2
15
2
7
3
1
9
1
1
44
3
5
1
67
2
5
3
45
4
3
3
23
19
1
1
17
3
5
3
40
3
1
2
66
3
2
3
30
13
5
4
36
11
4
2
17
3
3
2
30
2
3
1
53
1
5
2
29
3
7
3
3
3
3
1
63
1
2
3
65
20
7
2
4
2
1
2
66
2
2
4
39
2
6
3
14
22
3
3
40
5
3
4
28
4
1
2
42
3
6
3
47
10
5
4
41
1
6
1
35
4
3
4
66
6
6
2
65
2
2
2
55
3
5
1
28
1
4
1
60
1
5
3
17
3
4
4
25
2
7
1
6
1
7
3
67
4
3
2
17
2
4
3
55
1
7
1
2
6
3
4
3
21
7
1
43
3
1
2
5
3
1
4
63
6
1
1
55
2
7
3
26
2
5
1
2
5
2
4
4
15
1
1
65
2
1
2
68
3
6
2
52
2
5
4
26
7
5
1
17
11
1
1
67
1
1
4
36
14
2
1
22
3
7
1
49
1
7
3
45
3
7
1
54
3
6
2
15
3
5
4
16
2
5
4
71
2
7
2
32
4
2
3
17
16
3
3
44
1
6
3
54
1
2
1
11
4
7
2
16
3
5
1
53
2
7
2
36
4
5
1
31
1
1
1
15
1
7
1
25
2
3
3
68
16
5
3
16
3
7
3
13
2
7
4
2
11
6
3
42
4
6
1
1
3
5
4
23
3
4
4
12
6
7
3
14
21
6
2
45
1
5
3
42
1
4
1
4
4
3
1
31
3
1
1
26
2
6
2
47
3
4
4
54
10
4
2
60
4
4
3
41
2
6
4
44
16
6
3
60
12
6
4
52
9
7
2
3
2
1
1
11
12
4
1
55
1
6
3
29
3
2
1
41
3
4
3
43
4
2
4
25
7
3
4
49
2
5
2
25
1
3
3
55
6
4
1
34
3
1
4
35
1
6
4
8
3
7
2
65
1
3
3
36
11
7
4
31
20
3
4
10
2
3
2
11
2
7
4
11
2
4
4
42
1
6
2
47
4
6
3
25
6
1
3
66
1
2
3
41
1
1
3
43
7
2
4
67
24
4
1
42
1
7
2
2
1
5
2
13
1
4
2
18
1
5
3
22
7
7
1
7
1
7
3
2
7
7
3
12
5
1
2
7
2
6
2
5
1
4
1
33
8
7
1
23
2
1
2
10
2
7
4
22
9
7
4
4
8
1
3
8
16
7
3
18
20
3
3
54
2
6
2
11
3
7
3
22
2
1
2
41
2
7
3
9
30
3
1
5
2
5
3
49
2
3
2
4
3
5
1
40
1
1
3
30
6
2
2
1
3
2
4
31
15
4
2
18
2
6
1
22
1
6
4
67
12
2
1
29
2
3
4
45
2
3
2
71
2
4
3
67
18
6
2
38
2
2
3
63
4
7
1
3
6
6
1
1
2
3
2
39
3
2
2
12
2
5
1
16
5
7
1
52
3
5
4
41
3
7
1
30
7
6
3
26
11
2
2
13
2
5
3
53
8
5
2
55
2
1
4
68
10
6
4
61
5
1
3
7
5
7
4
39
10
5
4
13
16
4
1
15
3
2
1
36
2
6
4
65
1
4
2
29
2
3
1
52
1
7
3
34
1
3
1
68
2
7
3
1
2
7
3
63
6
6
1
68
3
6
2
52
4
3
2
12
3
4
1
66
2
4
2
6
2
3
4
38
6
5
2
35
3
3
4
44
6
4
1
13
6
5
4
42
5
2
4
52
19
7
4
10
30
6
2
28
1
6
2
34
3
6
1
37
2
5
2
33
2
3
4
2
1
4
2
53
3
3
1
71
2
2
2
23
3
2
2
60
3
5
4
5
22
1
1
18
12
1
4
12
8
5
2
53
1
2
2
16
1
5
2
27
1
5
4
33
6
7
3
28
16
7
3
13
5
5
4
3
10
5
1
32
7
5
2
26
4
2
1
14
2
2
1
9
12
6
2
8
3
3
2
37
1
4
4
55
1
5
2
63
3
1
1
39
4
2
1
10
1
6
4
60
8
6
2
6
1
1
1
54
1
5
3
5
4
4
2
27
3
3
2
67
1
6
4
61
7
2
1
37
1
2
4
9
6
1
3
33
24
6
4
35
4
3
1
8
10
1
3
44
6
7
3
71
2
7
3
12
4
1
3
38
12
1
3
10
10
7
3
10
13
2
4
17
10
1
2
31
5
4
4
65
15
7
2
3
1
3
4
11
7
6
3
2
11
3
2
54
1
3
2
33
1
7
4
1
5
6
4
37
8
6
1
40
2
3
4
29
14
1
3
49
1
6
4
27
10
7
4
53
11
7
4
30
3
3
2
63
2
7
1
8
17
2
2
40
1
3
1
12
15
4
4
8
12
7
4
15
25
5
4
26
11
2
4
17
1
1
2
38
3
3
1
10
4
2
4
55
3
1
4
5
26
7
3
7
1
6
1
60
2
5
3
47
2
6
1
65
1
2
4
29
15
4
1
29
3
5
2
30
3
5
3
39
10
3
2
14
1
4
3
53
7
4
3
15
8
2
1
4
3
4
3
35
8
1
3
23
16
5
2
49
4
4
4
18
3
7
3
3
1
1
2
44
1
4
2
26
3
6
3
52
7
6
4
1
3
1
1
6
2
2
2
14
2
7
1
71
1
2
1
34
10
6
3
38
6
7
4
66
2
4
1
5
1
7
4
71
5
4
4
40
4
3
3
11
12
2
1
23
3
1
4
63
10
1
2
43
1
5
1
49
2
6
1
27
3
7
2
67
2
3
1
47
3
7
1
61
1
5
2
61
1
2
2
40
4
6
3
36
13
6
3
32
7
7
3
65
12
4
2
8
2
2
1
45
1
5
2
22
2
2
4
6
21
2
4
45
10
2
4
13
5
4
4
30
2
6
2
39
1
7
3
27
14
6
3
60
27
1
2
68
4
3
4
7
1
6
2
23
1
4
1
43
2
2
1
42
2
4
1
9
2
6
1
16
7
6
4
33
4
2
3
4
12
3
2
10
1
5
4
23
10
4
4
6
23
2
1
7
4
3
3
71
3
2
4
38
3
5
4
15
10
6
3
11
9
7
2
35
2
1
1
32
5
1
2
22
1
6
4
60
7
3
3
25
2
1
1
38
3
1
4
47
9
3
3
68
8
7
1
39
2
1
3
61
4
2
3
5
1
4
1
12
12
5
1
45
2
2
4
16
5
1
3
27
8
7
2
41
3
1
3
16
7
5
4
40
8
2
4
32
14
7
4
49
8
1
3
6
5
2
