4
2
1
2
2
5
2
3
3
22
6
3
1
18
12
4
3
61
6
6
4
22
14
2
2
16
3
6
1
7
10
1
3
23
6
5
3
40
2
4
1
53
2
1
1
49
1
5
1
54
1
5
3
18
1
3
1
22
3
7
3
2
8
5
2
34
1
4
3
15
3
7
3
54
2
6
3
38
7
2
4
43
3
1
3
55
8
1
3
26
5
4
4
65
4
4
4
34
1
2
1
52
2
7
4
30
6
3
4
10
2
5
2
38
4
1
4
67
22
4
4
9
10
1
2
10
1
7
1
68
3
1
2
4
1
4
4
38
9
3
2
49
4
6
3
67
11
3
4
38
4
6
4
41
2
1
4
7
9
2
2
41
4
1
1
9
14
3
4
36
1
2
4
3
11
7
1
10
4
2
3
12
3
6
1
52
1
1
3
25
7
3
4
23
18
6
2
43
4
4
3
53
4
1
1
14
8
2
3
30
15
4
1
55
1
6
3
36
5
2
1
8
12
5
1
44
1
1
2
40
3
2
1
67
2
1
3
14
18
4
2
32
4
2
1
31
9
4
4
29
10
6
2
28
2
4
2
6
1
7
3
43
2
4
3
47
4
4
2
39
3
1
1
4
5
1
1
25
2
1
4
14
22
6
1
65
1
7
4
60
3
2
1
16
1
3
2
27
1
3
4
52
14
6
2
45
1
6
4
66
2
1
3
13
6
2
2
3
2
1
1
61
1
7
3
18
14
5
3
10
9
3
3
28
3
1
4
63
1
6
4
11
11
4
1
7
6
7
3
71
3
4
4
43
5
7
2
61
3
7
2
2
1
6
1
23
2
3
4
36
15
6
1
38
2
2
1
25
3
1
2
55
2
7
4
25
4
3
3
52
3
5
1
71
3
4
2
49
2
6
3
5
4
6
2
28
1
2
3
25
1
7
2
63
1
1
4
68
11
6
3
67
30
7
3
39
6
2
3
4
3
5
4
71
4
4
4
37
3
5
3
12
1
7
4
54
9
6
2
60
4
4
4
15
24
3
2
67
1
4
4
71
6
7
3
14
1
4
2
39
1
6
2
37
3
4
2
54
1
1
3
16
4
7
3
15
4
7
1
9
3
1
2
35
1
7
2
44
1
6
2
3
1
3
4
61
7
6
4
52
15
5
1
35
2
7
2
13
2
3
2
1
3
1
4
40
5
5
3
5
2
2
4
31
9
7
3
32
7
6
1
2
2
6
2
52
3
5
2
9
1
6
4
27
5
7
2
34
2
2
4
4
8
2
1
2
6
4
4
45
4
3
1
45
1
3
4
40
6
2
1
39
3
3
3
7
5
1
2
11
2
7
4
23
13
4
3
1
8
4
1
6
2
4
3
29
19
7
4
18
4
4
4
11
17
6
3
39
3
6
2
11
1
6
4
47
15
2
3
65
9
6
1
17
10
1
3
55
15
3
2
53
3
7
2
35
2
1
1
40
3
6
1
30
17
2
2
47
1
2
3
29
7
3
1
43
3
7
3
6
2
1
1
15
3
7
1
23
3
3
2
30
5
1
2
71
2
5
1
39
1
1
1
1
1
3
4
22
7
5
1
34
8
4
2
68
1
7
1
71
2
5
4
49
5
7
3
47
6
2
3
13
8
4
1
31
2
6
1
61
2
2
1
28
2
7
4
47
3
2
2
23
3
1
3
63
10
5
4
34
9
1
2
65
2
1
2
25
3
5
4
54
10
2
1
66
1
5
2
16
2
5
4
49
3
3
3
36
10
1
1
30
9
5
4
42
4
6
3
65
8
3
1
32
1
1
1
26
2
1
2
41
3
2
2
66
2
6
3
52
15
3
2
43
1
6
1
54
3
3
1
15
5
6
1
34
9
6
3
3
7
6
4
27
8
7
1
27
1
2
4
37
9
1
3
37
7
6
2
8
2
4
1
29
2
4
4
13
1
5
1
63
1
3
1
8
17
5
3
38
4
5
2
31
3
3
3
16
6
7
2
33
1
5
2
25
1
4
3
2
2
2
1
63
2
5
1
36
1
1
3
9
15
7
2
54
2
7
3
42
2
2
1
36
3
7
2
26
4
6
3
28
7
7
3
8
16
6
2
14
2
5
4
16
5
1
1
65
2
4
3
68
15
2
4
17
4
2
3
22
5
1
1
5
1
7
3
66
8
4
4
6
12
2
1
33
3
4
1
35
1
1
4
26
12
6
1
42
2
5
3
4
19
2
4
3
9
6
1
60
1
4
1
32
2
1
4
44
19
3
2
63
3
2
2
15
3
4
3
27
7
7
4
53
11
1
2
40
1
6
3
40
4
4
1
44
4
6
1
41
3
2
2
52
7
4
4
30
4
5
2
9
2
3
3
41
1
2
1
37
2
6
4
39
9
7
4
39
8
6
2
22
1
5
1
17
12
2
2
2
2
4
1
43
1
2
4
45
5
6
4
33
7
5
2
10
2
7
1
67
3
6
1
40
1
5
2
14
3
4
1
37
1
2
3
33
8
6
4
33
1
1
4
35
4
5
1
1
3
7
3
7
4
3
4
29
7
1
1
27
3
6
1
29
1
1
2
18
2
6
3
66
6
6
2
15
1
2
1
22
2
5
4
5
23
7
1
16
3
7
4
13
14
4
4
53
13
7
1
4
8
4
2
42
3
5
3
53
8
7
1
66
3
6
3
11
4
5
2
6
2
5
3
34
8
4
1
12
10
7
2
36
5
5
2
67
2
2
4
18
24
2
1
33
7
5
3
9
12
1
1
42
1
3
3
37
2
7
3
1
6
2
4
63
8
6
2
23
1
2
2
12
3
1
3
63
12
1
4
66
3
4
3
3
10
1
2
53
1
5
2
45
3
4
2
66
1
6
2
18
4
1
2
4
3
5
3
27
15
5
1
18
8
4
1
12
6
6
4
28
5
5
4
12
7
2
4
25
5
4
1
11
6
1
4
4
12
1
4
6
13
3
4
61
8
3
4
31
3
1
2
22
2
5
2
29
1
2
3
8
19
5
3
10
4
2
3
35
4
5
3
68
6
2
4
1
10
7
2
60
1
2
4
2
3
3
3
41
2
4
3
30
19
3
3
45
7
5
2
13
3
5
4
28
3
3
4
65
13
5
4
41
1
7
3
44
10
4
1
26
1
5
4
60
9
4
3
54
1
5
4
44
2
6
4
8
13
3
3
31
10
1
4
10
9
5
1
47
2
1
2
33
3
1
4
12
3
3
1
68
2
3
1
13
5
4
1
49
2
1
2
68
2
6
2
38
2
1
1
5
2
7
3
45
5
5
3
32
12
7
2
71
3
3
1
10
7
4
1
14
7
7
1
3
9
7
2
17
3
3
4
67
8
5
4
1
7
7
1
11
12
1
4
8
14
6
2
26
2
6
3
26
4
6
3
6
6
7
3
49
6
3
3
17
3
7
4
55
4
2
2
29
3
5
4
35
2
7
2
12
1
2
2
27
2
2
4
55
12
5
2
36
1
4
3
11
12
5
2
5
1
2
1
13
1
5
3
61
9
6
2
1
2
5
4
16
11
2
1
60
2
3
4
32
3
5
2
65
3
5
1
3
1
4
3
42
4
2
3
60
11
6
2
30
3
2
2
42
1
2
2
32
2
2
3
49
8
1
2
37
2
7
1
55
2
1
4
7
8
2
4
26
1
5
2
7
2
3
1
41
2
1
3
43
5
4
3
34
3
3
4
14
28
6
3
35
7
5
3
60
15
2
4
32
10
1
1
47
3
7
3
44
7
1
4
15
2
1
1
53
1
6
3
23
2
3
4
5
16
1
4
17
23
6
1
28
1
7
1
38
3
1
1
6
1
6
1
45
2
6
3
31
4
5
3
71
5
1
2
44
2
7
2
8
3
4
2
61
1
2
2
31
5
6
2
7
3
1
3
33
2
6
4
68
14
2
2
47
3
1
3
17
1
3
2
55
3
6
2
17
1
6
4
9
12
3
4
42
2
4
