1
40
1
5
1
26
1
6
1
66
3
3
2
53
3
3
4
47
11
4
1
39
3
7
3
23
9
4
2
31
1
1
2
33
1
7
1
5
2
6
3
32
12
6
2
52
5
5
4
34
6
5
4
67
6
4
3
68
10
3
3
15
13
5
4
29
14
6
2
26
3
4
1
65
2
4
2
15
2
4
2
9
2
1
2
49
2
6
2
16
3
2
4
25
7
2
1
16
2
4
2
66
2
7
4
17
23
3
2
17
3
3
2
18
2
3
4
35
4
5
1
52
3
5
4
47
7
6
3
40
5
7
2
63
3
5
2
17
2
3
2
34
2
1
3
36
12
7
2
27
2
6
2
30
3
5
1
2
4
6
3
55
13
2
1
41
3
1
1
6
1
7
2
38
3
3
1
37
2
6
1
22
1
6
2
47
4
1
1
12
8
1
2
37
4
2
1
47
2
7
3
12
5
6
4
10
10
2
4
38
2
6
1
31
4
2
3
38
12
2
1
14
12
5
4
61
8
5
4
37
14
3
4
40
1
7
3
38
2
4
4
66
6
2
4
7
3
1
1
5
1
4
1
17
15
2
3
31
12
3
4
2
2
6
3
45
6
2
2
33
2
1
4
8
19
7
2
65
2
5
1
44
4
1
4
3
21
3
2
30
2
2
3
4
11
5
4
54
6
1
2
12
3
2
2
40
4
7
2
1
2
7
3
3
6
2
3
66
4
1
2
8
3
7
4
60
3
7
3
15
4
1
3
8
11
2
3
67
28
2
1
36
3
5
3
43
8
4
3
35
8
2
4
30
6
1
3
41
2
1
1
25
1
1
3
1
7
4
1
63
1
2
3
26
1
2
1
4
7
6
1
10
3
7
2
2
2
3
2
45
4
5
4
5
5
1
4
37
2
4
3
43
2
1
2
42
2
2
3
52
13
5
3
37
10
1
4
14
11
6
3
45
4
7
3
7
4
3
3
5
5
7
3
27
11
5
3
14
6
1
1
13
5
3
4
39
5
1
1
60
1
3
2
38
1
6
4
26
2
1
1
36
2
1
1
1
1
6
1
1
3
7
1
18
13
6
4
41
2
5
2
29
1
5
2
11
2
5
2
71
2
7
2
67
2
4
4
66
1
4
4
7
9
3
3
2
9
1
3
13
9
4
3
22
1
4
4
68
20
2
4
35
3
2
1
7
7
2
4
13
5
5
4
6
16
2
3
29
9
3
1
9
2
5
2
65
1
7
1
34
10
3
4
17
3
5
1
33
6
4
2
44
1
3
3
18
22
1
2
49
4
1
3
32
10
7
4
55
2
6
4
10
33
1
3
3
1
1
3
12
4
5
3
68
8
5
3
7
5
3
3
28
9
6
4
9
13
3
1
27
2
2
2
68
2
3
3
41
3
2
1
30
13
7
3
16
8
2
4
43
11
4
4
68
9
3
3
4
15
7
1
41
1
4
3
55
7
2
3
39
8
2
4
33
6
6
4
60
1
1
4
15
10
3
3
5
4
1
4
22
19
1
3
65
3
6
4
40
5
1
3
42
1
1
3
65
11
5
3
33
4
5
1
17
2
7
4
71
2
5
1
7
1
6
1
54
1
7
4
38
6
2
4
29
2
4
1
25
3
5
4
8
15
3
4
53
15
1
3
30
11
3
2
42
4
5
2
61
2
4
1
49
1
7
1
13
2
7
4
63
12
3
1
40
2
1
1
11
12
2
4
53
4
5
2
54
2
6
4
16
7
7
3
44
4
7
1
43
1
7
3
29
2
6
1
14
10
5
2
36
5
3
1
29
3
7
4
54
4
1
1
45
2
6
2
63
2
6
1
37
1
6
4
31
16
2
3
67
27
2
4
16
8
2
2
12
1
5
2
35
1
4
3
11
9
6
1
32
2
6
3
34
9
3
3
63
6
1
2
23
1
5
3
36
2
5
4
28
13
3
1
4
8
6
4
33
7
7
2
15
3
7
3
25
1
1
4
28
4
7
2
44
5
1
1
9
4
6
3
31
30
7
2
41
3
3
1
53
2
7
3
33
17
5
4
63
3
2
3
1
2
3
1
23
3
1
2
37
1
4
1
42
2
3
1
61
3
2
2
53
1
6
4
11
21
3
2
54
1
1
3
27
14
3
1
47
1
7
1
49
2
7
1
26
2
7
4
65
8
2
4
67
25
7
1
54
2
6
2
7
3
7
2
8
1
1
2
22
2
4
4
5
3
6
4
11
13
4
1
67
2
5
3
10
16
7
4
34
13
7
2
10
1
2
2
16
2
7
4
27
6
2
3
16
3
1
3
23
18
3
2
71
3
4
4
45
12
3
3
35
6
2
1
2
6
6
3
28
6
2
2
29
3
2
3
49
6
6
3
40
4
2
2
11
3
3
3
63
10
3
2
3
3
1
3
53
5
4
4
23
9
1
3
2
8
3
3
61
6
4
2
34
1
1
2
32
2
6
2
4
2
7
3
10
11
6
4
18
17
2
3
39
10
5
3
17
11
7
4
45
9
5
2
60
2
3
3
54
1
7
3
9
2
7
2
27
3
4
2
40
2
6
1
65
1
7
1
44
3
1
4
36
2
6
4
1
8
4
2
47
2
2
4
22
8
2
4
32
11
3
3
6
4
4
2
66
1
6
1
39
1
5
2
14
1
2
4
71
3
7
1
38
1
3
3
9
1
1
4
18
12
7
4
26
8
5
3
37
7
5
3
13
3
5
2
23
3
3
2
52
4
1
2
4
1
3
2
32
4
1
2
55
1
6
2
14
2
6
1
6
2
7
4
44
6
5
1
16
5
5
1
10
1
4
2
18
3
7
1
63
2
1
3
66
1
1
1
52
1
3
4
32
9
2
3
6
1
1
1
3
9
7
2
43
1
3
1
28
1
4
2
9
1
4
3
71
1
2
2
5
1
1
1
8
9
7
1
53
1
3
2
2
3
3
2
55
2
5
2
39
1
7
4
27
7
5
3
18
19
5
3
42
3
4
2
28
1
2
4
9
15
3
3
8
8
3
3
30
8
6
2
61
1
2
1
12
14
6
4
12
1
5
1
8
8
2
1
28
3
5
1
68
2
6
3
34
7
3
2
25
1
2
4
31
13
2
4
55
12
1
3
47
1
7
4
42
3
6
2
22
1
7
1
61
1
4
1
55
2
5
2
31
2
4
2
60
3
7
2
5
2
5
1
11
2
2
3
49
2
1
1
35
4
5
2
41
5
2
4
30
8
6
4
14
2
6
4
49
5
6
3
11
23
6
3
61
7
1
4
61
10
5
1
15
4
3
3
54
2
6
1
3
4
6
1
55
1
4
1
71
3
3
2
39
2
3
3
22
3
3
4
65
2
7
2
3
1
5
4
2
1
1
1
32
4
6
2
10
3
1
4
52
19
6
4
25
6
3
2
6
3
5
1
42
1
3
2
28
2
4
4
6
10
5
2
68
4
1
3
14
4
5
1
18
11
6
1
33
7
5
4
44
15
5
1
15
3
6
4
52
12
1
2
43
3
6
1
66
2
7
4
39
2
2
1
45
1
6
1
71
1
2
1
60
2
6
4
3
6
6
1
67
1
1
3
26
5
3
4
43
10
1
1
27
3
4
2
6
1
6
2
1
1
4
4
42
2
7
3
71
3
7
3
60
18
2
3
53
4
3
3
25
5
7
3
17
16
4
1
30
4
5
2
25
2
7
4
12
9
5
2
35
2
7
1
43
2
5
4
4
8
4
2
26
4
4
2
7
2
2
1
38
2
2
3
60
8
2
4
15
23
5
3
52
14
4
4
49
4
3
2
45
1
5
1
22
2
4
1
23
2
3
4
23
20
7
4
36
15
7
4
1
10
5
2
67
1
6
3
47
5
4
2
36
2
1
1
35
3
6
3
44
10
1
1
34
5
2
4
13
13
2
1
68
1
3
2
13
3
3
2
13
1
7
4
41
1
3
1
29
1
7
1
31
9
7
4
4
24
3
