3
40
3
4
4
47
7
1
2
42
1
1
1
7
8
5
2
61
3
2
2
22
2
7
4
37
6
3
4
4
1
7
2
8
3
1
1
13
9
4
4
67
10
3
3
31
8
3
4
18
26
6
4
25
2
6
1
45
2
2
3
13
6
6
2
65
3
3
4
14
20
7
4
38
1
6
3
31
1
7
3
44
6
3
2
43
4
3
3
67
2
5
2
41
5
5
1
68
2
3
4
23
11
7
1
30
12
1
3
17
4
2
1
7
5
4
1
18
13
3
2
47
1
1
1
66
3
4
1
11
1
4
3
65
11
1
2
6
2
5
4
68
24
6
1
28
3
6
3
11
25
1
1
67
1
1
1
15
1
3
3
15
9
2
2
32
2
3
3
10
23
5
3
44
1
1
2
18
3
6
2
25
1
1
2
38
1
4
2
1
2
5
1
32
4
7
4
39
4
5
2
11
3
7
3
22
1
5
3
4
12
2
1
14
18
2
3
38
3
6
4
10
11
5
4
65
5
3
3
36
7
3
1
2
6
6
3
71
5
2
1
11
9
5
4
31
19
4
3
9
3
3
4
8
3
3
1
8
7
4
3
66
5
6
1
42
1
2
2
54
2
5
4
8
4
6
2
22
3
4
1
35
1
5
2
63
2
6
3
61
11
1
3
1
10
4
4
30
3
7
4
16
8
5
3
52
17
1
2
35
2
1
2
49
1
1
1
31
7
7
1
22
3
3
2
14
2
5
1
42
2
3
4
68
13
5
2
63
1
2
4
39
10
5
1
1
3
6
2
13
3
3
3
55
15
3
1
2
3
4
2
5
1
5
3
35
1
6
2
66
2
2
3
9
18
6
1
16
4
1
2
36
3
4
4
38
4
5
1
71
3
5
2
47
4
1
4
54
2
6
3
43
3
7
3
68
1
2
2
8
1
4
4
13
16
1
4
60
3
2
4
40
8
2
4
54
5
4
4
66
2
6
3
49
3
7
4
32
2
2
3
18
21
6
2
40
3
3
2
52
7
2
1
66
1
4
3
61
9
4
3
60
18
3
1
26
1
7
3
71
1
1
4
9
19
2
2
10
3
4
1
15
5
7
3
17
5
7
3
49
6
2
4
49
5
4
4
6
8
6
2
26
4
1
3
23
6
5
1
3
9
1
1
10
7
5
2
40
2
2
3
34
4
7
1
54
1
5
3
26
6
3
4
33
2
3
3
55
13
2
3
68
4
2
2
25
3
5
1
37
1
2
1
43
2
7
2
14
1
5
4
12
3
4
1
61
2
6
4
4
2
4
1
65
2
2
2
26
3
7
1
34
5
3
1
25
1
6
4
44
18
1
4
53
1
3
1
40
2
4
1
36
1
3
3
28
4
3
3
6
4
1
1
53
1
7
3
52
6
4
2
12
3
4
4
2
8
5
3
41
4
7
1
31
6
2
2
60
3
5
1
71
2
7
2
28
3
4
4
11
5
7
4
13
8
6
2
66
3
6
4
3
16
6
2
67
2
6
3
42
2
1
3
16
2
5
3
53
4
4
4
1
2
4
2
34
3
6
4
16
3
5
1
5
1
4
4
3
11
3
3
7
4
5
4
47
6
2
1
17
1
5
2
65
2
5
1
4
2
3
3
15
2
7
1
33
4
3
1
30
14
3
3
25
5
3
1
9
2
2
3
45
2
6
1
41
1
5
4
53
8
7
3
5
2
7
3
33
11
6
3
27
9
1
2
28
2
3
3
2
12
2
4
45
6
3
2
23
2
6
1
44
4
6
1
37
2
6
4
43
9
6
1
25
3
3
2
31
3
5
3
33
8
7
4
63
2
5
3
54
1
3
2
44
2
3
4
34
6
7
3
12
5
1
1
1
1
5
2
17
2
1
3
1
5
4
2
37
4
7
2
45
1
3
1
40
1
4
3
5
4
5
3
25
6
2
1
55
2
6
1
60
2
6
1
36
3
7
2
71
2
3
1
63
2
4
3
29
5
7
1
5
2
5
1
26
3
3
1
52
3
6
4
22
7
6
1
14
4
5
3
12
2
5
1
35
3
1
2
30
4
2
4
17
8
4
1
29
2
2
2
17
3
1
2
2
1
6
1
32
5
1
3
11
11
4
4
36
15
2
2
7
3
7
1
4
1
2
4
36
3
1
2
18
4
3
4
63
12
7
3
37
5
5
3
39
2
5
1
43
3
6
4
10
24
6
1
29
3
2
2
16
2
1
2
15
3
7
4
2
4
7
4
5
16
7
3
32
1
6
3
41
3
2
4
18
5
2
4
44
15
5
2
1
3
3
4
7
1
4
2
27
3
1
2
33
1
2
4
61
4
4
3
22
3
1
2
31
2
7
4
5
21
5
3
10
22
3
3
47
10
4
2
4
3
2
3
30
12
2
2
23
1
1
1
60
1
7
4
30
8
3
1
27
2
5
1
63
1
4
2
2
2
2
4
65
12
1
2
16
1
2
1
9
8
4
2
6
3
5
3
40
2
2
1
47
3
7
1
68
3
6
2
41
2
3
2
5
2
7
2
10
1
5
1
23
2
2
4
29
5
5
3
54
2
7
1
39
1
7
3
38
10
6
1
10
2
1
1
67
3
2
4
61
5
4
2
39
2
2
2
30
2
1
3
63
9
7
4
15
27
7
3
36
15
2
4
55
11
5
4
42
3
7
1
3
4
5
2
68
3
7
1
6
1
2
1
55
1
3
4
71
3
7
2
9
3
2
2
43
3
1
4
66
6
4
4
22
9
1
4
7
4
3
1
34
7
2
4
11
20
1
3
6
5
1
3
14
4
1
2
34
2
3
2
9
1
2
1
16
6
4
3
3
7
3
3
47
6
5
3
43
4
2
2
33
2
7
2
61
1
3
2
29
3
3
1
45
1
7
4
25
1
7
2
45
3
5
4
27
5
1
2
52
2
4
1
38
2
3
4
28
13
4
1
38
3
2
3
66
4
6
2
4
2
5
3
67
23
2
2
39
1
6
1
12
18
3
3
32
11
6
1
52
2
6
3
8
14
4
3
23
18
5
2
71
1
4
3
60
1
6
2
67
1
6
2
11
1
2
3
28
16
5
3
26
8
3
2
53
2
4
2
60
4
2
4
41
1
7
1
44
3
3
1
23
3
7
3
4
3
7
4
26
5
2
2
55
2
7
3
30
14
3
2
36
1
1
4
31
28
2
4
37
1
5
2
44
3
7
2
27
1
1
2
32
1
1
1
49
1
7
4
35
2
2
4
29
6
2
1
17
7
4
4
34
2
1
4
41
2
1
4
43
2
4
4
6
13
4
3
27
2
4
1
49
2
5
3
63
7
6
1
18
14
4
4
49
2
1
2
7
2
7
4
45
14
5
2
12
1
2
4
52
9
6
3
16
1
2
2
15
1
1
3
2
5
7
2
35
3
1
4
42
2
6
1
28
2
7
4
9
26
7
3
14
11
5
2
68
1
6
2
42
3
6
2
54
1
2
4
55
7
2
1
41
2
6
1
47
1
1
4
1
10
1
2
38
4
7
4
52
6
1
4
27
2
5
3
18
12
3
4
12
6
3
3
8
17
5
3
29
8
6
4
14
10
3
1
12
12
7
1
54
2
5
4
67
32
6
4
28
12
5
2
49
4
6
3
45
7
6
4
32
12
1
1
53
2
3
1
61
1
5
3
37
9
4
4
35
4
1
4
17
13
5
4
71
4
4
3
39
4
6
4
23
8
2
3
34
11
6
2
29
1
3
3
42
1
7
3
35
7
6
3
13
5
4
2
3
1
6
3
7
3
5
4
33
4
2
2
55
1
1
2
37
3
4
2
13
1
3
2
53
1
2
1
13
8
3
1
6
2
3
2
3
3
1
1
39
3
1
1
22
2
3
4
26
1
2
3
53
7
5
1
27
3
7
1
33
6
1
1
8
15
7
4
60
5
6
1
65
1
4
3
65
14
6
3
3
8
7
4
15
9
1
4
40
1
1
