4
18
24
7
1
4
3
7
4
5
7
2
1
45
1
2
1
34
5
6
2
31
1
1
4
15
24
3
2
17
3
2
2
52
7
5
2
26
4
3
1
26
2
4
2
68
2
4
4
1
13
6
4
27
12
7
3
17
10
3
1
8
5
5
4
60
3
4
3
67
16
6
4
7
6
5
2
30
5
7
4
13
1
1
1
23
3
4
3
42
1
7
3
40
6
4
2
45
1
6
2
13
3
6
2
4
2
6
1
52
2
2
1
32
1
5
4
23
21
5
1
42
2
4
3
13
9
3
1
42
1
3
3
17
8
6
4
53
7
2
4
32
14
4
3
18
22
6
3
45
7
7
4
22
14
5
4
44
19
4
1
3
1
1
2
49
1
2
3
26
11
7
3
61
9
6
3
25
2
5
1
53
1
7
2
27
2
2
4
11
22
6
4
34
2
3
2
35
2
2
2
6
3
1
3
25
8
1
1
29
2
6
2
60
4
2
4
12
5
6
1
60
1
6
1
55
2
2
1
10
6
2
3
55
7
5
1
49
1
5
3
36
3
4
4
54
6
5
3
41
2
1
4
28
13
2
1
47
3
4
1
18
7
1
1
41
3
2
4
55
6
6
4
45
10
3
1
18
11
7
3
30
25
3
3
60
1
2
2
61
1
3
1
68
1
4
3
55
11
2
1
22
2
2
4
31
6
1
2
71
3
7
3
38
6
5
1
11
3
3
2
34
1
1
3
8
13
2
2
34
2
2
3
54
1
7
2
26
3
1
3
12
6
5
1
4
2
5
1
54
1
7
1
17
4
4
1
37
2
7
4
2
1
3
2
65
2
2
2
3
1
3
1
12
12
1
4
32
2
7
2
36
2
3
2
18
2
6
2
11
3
4
4
36
8
4
2
7
1
1
4
3
3
2
1
36
1
6
3
3
4
5
3
33
21
6
3
13
6
6
1
13
4
5
4
52
10
4
2
66
2
2
3
31
24
2
3
18
1
2
3
29
9
3
4
10
4
7
3
6
4
1
1
63
1
5
2
44
3
3
3
68
8
1
4
2
10
2
2
37
2
6
3
16
2
3
3
23
15
7
2
35
3
4
2
4
1
3
1
28
1
3
4
3
20
7
2
43
3
1
2
63
3
3
3
47
9
2
4
68
17
1
2
23
3
7
2
68
4
6
1
29
1
3
3
22
4
1
3
11
14
6
2
39
4
5
2
8
1
3
4
38
1
7
1
8
6
5
1
1
3
7
4
8
13
3
2
33
2
6
1
67
3
7
2
16
3
2
2
22
1
1
4
16
8
7
4
26
5
5
1
41
1
2
3
66
3
4
4
16
3
3
3
49
5
5
3
11
15
2
2
38
2
2
1
15
4
2
1
33
7
5
2
67
2
2
3
22
6
4
4
40
8
3
4
41
1
3
2
1
2
6
3
4
5
7
1
6
1
2
1
9
13
7
2
17
2
4
1
54
3
6
1
44
1
7
1
36
3
1
1
40
2
6
4
60
5
7
2
13
2
2
4
65
7
3
3
35
1
1
4
14
18
4
1
25
1
3
4
25
1
7
3
44
8
1
3
43
1
7
3
7
2
3
3
3
5
4
1
25
2
4
1
61
1
7
3
9
14
4
3
71
3
5
1
34
7
3
2
55
2
6
1
66
3
3
1
30
9
1
3
31
8
2
1
38
2
2
3
28
14
4
3
23
14
6
4
44
9
4
1
11
10
7
4
43
11
3
3
2
1
5
2
41
4
7
2
39
3
7
2
32
1
3
4
67
6
6
4
8
14
3
1
60
2
6
1
53
2
1
3
47
8
3
3
12
1
4
1
71
1
6
4
47
14
6
3
60
11
5
2
9
1
1
3
10
14
7
1
43
1
2
3
63
1
7
2
47
2
1
3
14
16
1
2
5
1
1
1
68
2
4
2
12
2
1
3
41
4
4
1
31
8
7
1
52
1
4
4
15
17
7
1
32
7
3
1
49
2
6
4
37
9
6
2
30
1
2
3
5
3
2
4
36
15
6
4
61
10
1
1
66
2
4
4
1
5
6
1
40
1
3
4
27
10
6
3
34
2
6
4
66
2
4
2
2
1
5
1
45
2
6
4
26
11
5
2
27
1
3
1
7
1
4
2
43
2
4
1
31
9
3
2
40
4
4
1
2
1
6
2
71
1
5
3
9
5
1
2
18
3
3
4
41
4
6
2
60
1
2
4
4
1
5
3
2
6
1
3
37
6
2
3
29
18
4
1
35
1
7
4
12
8
5
2
10
1
5
3
61
11
3
2
29
3
6
4
9
14
4
4
63
8
5
2
25
1
3
2
42
1
4
4
43
2
5
2
63
1
4
1
47
2
5
4
6
22
3
3
37
10
5
4
25
8
7
3
33
17
6
3
1
3
1
2
16
2
4
2
15
2
5
1
14
14
5
2
41
3
1
3
39
2
1
3
10
16
3
3
35
8
2
2
23
1
5
3
65
18
4
2
36
3
2
1
67
2
4
3
5
5
2
1
3
8
3
2
42
2
6
3
32
5
7
4
30
2
5
2
54
1
7
3
53
7
7
2
53
2
2
4
33
3
2
3
16
7
3
2
45
3
2
3
27
16
4
4
49
6
7
3
14
15
5
2
14
1
6
3
66
1
5
2
44
5
6
4
42
3
7
1
38
1
3
2
28
2
6
4
7
4
2
2
37
4
4
4
54
4
2
2
22
2
4
1
14
5
4
3
6
3
7
1
35
4
7
4
17
6
2
1
7
10
5
1
44
3
5
1
55
1
6
4
38
2
4
4
40
4
1
4
37
11
7
4
63
11
4
1
65
2
7
3
7
4
3
1
13
9
7
4
30
3
1
4
23
18
7
2
29
2
7
4
18
17
3
3
32
8
4
3
36
9
2
3
15
3
3
3
52
10
2
3
45
6
6
1
27
2
4
3
40
5
3
1
63
2
5
4
29
2
1
3
27
1
6
4
22
20
4
2
14
2
5
2
53
1
3
4
5
17
5
2
3
2
2
3
44
6
1
4
47
10
3
3
52
4
3
4
35
5
4
2
67
1
5
1
2
2
6
1
61
3
7
2
33
3
1
3
49
4
4
3
43
8
1
4
61
9
1
4
42
5
3
2
7
2
7
3
39
6
7
4
28
10
2
2
1
1
2
2
55
3
6
1
6
2
4
4
29
4
4
4
10
8
2
1
27
3
4
4
14
11
6
1
5
2
1
2
25
3
4
2
9
3
3
4
45
13
7
2
31
5
1
3
26
6
4
1
16
7
3
1
10
1
2
4
55
2
6
4
53
11
7
4
71
1
7
4
31
4
6
4
11
21
3
3
65
4
6
3
53
3
5
2
65
3
1
2
15
3
4
2
32
2
7
2
10
2
5
3
63
6
6
4
67
25
6
2
49
3
3
1
9
5
5
4
34
14
3
2
2
3
2
4
35
2
7
4
6
24
5
3
4
19
5
2
52
4
7
1
30
5
4
4
39
6
3
1
39
1
7
4
66
3
7
3
34
11
1
1
15
1
7
2
54
2
7
1
22
1
6
1
12
15
2
2
6
1
5
1
26
1
3
3
28
15
5
1
16
2
2
3
42
3
4
2
61
3
7
1
43
3
6
2
12
1
4
2
28
3
1
2
8
3
1
2
38
3
4
3
38
7
4
2
11
2
2
4
17
14
6
4
9
31
4
1
23
1
7
4
33
7
7
4
65
2
5
3
30
8
1
4
68
21
6
3
54
2
5
3
8
9
5
3
67
22
2
1
37
1
6
1
17
13
4
1
33
2
7
2
5
3
4
4
52
9
2
1
28
2
5
4
49
1
7
2
40
3
7
4
39
7
2
1
71
2
1
1
5
1
6
4
71
4
3
1
39
4
4
1
65
1
6
3
68
4
2
2
47
4
6
2
66
1
7
3
71
2
7
4
13
12
5
3
1
10
1
4
4
25
5
1
1
2
4
3
15
13
4
