1
29
3
1
1
67
2
1
3
31
7
4
1
35
4
1
2
61
3
2
1
39
2
1
1
33
1
6
3
9
4
1
2
3
3
6
2
4
3
4
3
8
18
4
4
35
5
1
1
65
2
4
3
65
17
7
4
47
2
5
4
18
14
6
3
67
24
5
1
29
1
4
4
26
12
3
3
5
5
7
3
37
11
5
3
17
17
5
3
22
12
6
3
17
9
3
2
18
3
1
1
35
2
5
3
68
17
6
2
49
3
4
1
47
2
4
1
71
3
4
3
27
13
7
3
39
4
6
4
52
14
7
2
37
4
6
3
15
8
4
3
1
1
1
3
38
7
4
2
39
2
4
3
45
1
7
3
12
5
7
3
42
1
4
4
11
2
7
3
66
4
4
3
41
1
7
4
14
14
4
2
8
3
5
4
42
3
2
2
45
3
6
3
33
12
7
4
18
6
4
1
30
12
5
2
7
1
4
1
61
3
6
4
34
13
5
4
16
4
7
2
1
1
4
2
47
2
5
1
13
6
1
1
66
3
4
1
23
1
2
1
40
2
1
3
45
4
1
1
40
3
6
4
12
10
4
4
49
7
6
4
68
15
4
1
41
1
2
4
13
3
4
1
71
1
2
2
36
1
2
4
9
29
2
1
1
3
2
2
10
3
7
4
63
3
5
2
12
3
6
4
35
4
2
4
33
10
4
2
31
1
3
2
31
2
2
4
4
10
5
1
14
4
1
1
17
15
7
2
18
1
4
4
13
15
6
2
34
2
3
4
44
14
7
2
65
4
7
4
67
4
6
2
4
2
7
3
43
6
3
3
28
16
2
1
33
3
5
1
31
3
4
1
3
6
6
3
10
3
3
2
11
2
2
3
37
5
5
2
42
2
3
4
65
11
7
2
27
3
3
4
6
6
6
2
36
5
7
3
67
26
1
1
67
1
4
1
53
1
4
2
9
2
7
1
43
2
5
3
36
13
5
2
52
1
4
2
3
1
1
2
37
3
6
2
13
3
7
1
8
12
3
4
17
22
4
1
61
1
2
2
65
2
4
3
12
3
5
4
38
2
4
2
53
2
6
4
43
6
7
4
15
26
1
2
6
3
5
4
54
4
2
3
54
2
1
1
30
20
1
4
47
8
5
4
60
1
5
3
47
10
7
4
4
4
2
4
55
1
2
3
39
6
7
2
5
1
1
1
34
6
1
4
36
9
2
3
52
7
4
1
10
5
5
1
9
9
2
4
30
5
2
3
2
11
7
3
1
3
2
4
25
5
5
1
55
2
7
2
7
3
1
3
14
18
3
1
23
2
7
3
18
3
6
3
10
14
3
3
25
8
5
4
36
8
6
2
43
4
3
3
28
12
6
4
45
13
7
4
1
7
5
4
41
4
3
2
54
2
4
2
10
2
1
3
34
9
7
3
35
5
7
1
17
12
2
1
28
3
6
4
38
6
1
2
29
2
6
2
30
4
5
3
55
6
3
2
26
2
2
3
7
4
7
2
25
1
2
4
66
5
5
2
68
4
7
4
23
2
4
4
71
4
4
4
11
31
7
1
9
5
7
4
53
10
2
3
13
3
2
3
7
1
2
1
10
2
6
4
55
2
6
1
41
3
1
1
22
3
6
1
26
2
1
2
5
3
4
4
61
8
5
1
16
7
4
3
26
3
5
4
2
7
5
2
28
1
5
4
32
9
5
1
52
3
2
1
32
6
1
4
14
17
2
4
71
5
3
2
41
4
2
3
38
11
4
2
63
3
5
1
11
2
3
4
5
20
4
4
49
8
7
3
71
3
4
2
34
3
7
4
43
4
1
3
44
6
4
2
40
1
4
2
22
3
5
3
66
2
1
2
33
2
4
3
36
10
4
1
27
3
2
3
11
3
3
3
15
3
1
2
27
1
2
1
66
1
2
4
15
7
5
2
14
1
5
1
42
2
3
2
17
2
1
3
16
8
2
3
49
7
7
2
66
1
2
4
54
3
2
2
44
2
3
3
35
6
3
2
71
3
4
4
40
4
4
1
55
1
7
4
44
12
2
2
8
2
4
3
54
1
6
4
37
3
6
1
68
1
3
1
11
8
7
4
32
13
6
2
28
3
4
2
23
3
6
3
52
5
5
4
27
3
3
4
41
2
6
3
4
11
4
4
45
10
5
1
38
3
1
2
14
2
5
4
66
3
5
3
30
26
1
3
30
9
4
4
1
1
5
3
6
6
3
4
26
4
7
2
16
3
7
1
52
2
5
4
25
2
1
3
26
4
5
4
60
6
2
2
35
2
7
4
22
10
6
3
68
1
5
1
37
1
2
2
60
1
4
4
3
14
2
3
65
19
1
2
32
3
6
2
17
1
7
2
2
2
4
4
23
7
4
4
17
7
3
1
44
1
1
1
31
12
3
4
31
12
2
4
16
9
5
1
49
2
6
1
27
1
5
3
41
3
3
4
28
10
2
3
49
1
2
4
9
4
6
1
25
2
6
1
54
2
5
3
2
8
5
2
22
1
4
1
22
2
3
3
47
1
1
2
2
3
2
1
3
7
7
2
54
1
2
2
38
4
6
4
6
31
3
2
38
3
5
3
55
2
5
3
33
22
3
2
60
2
1
4
10
7
2
2
63
1
6
1
1
2
7
4
31
23
2
1
15
2
3
1
15
5
1
2
16
2
3
3
63
1
6
3
11
16
6
1
60
1
4
2
15
3
3
2
67
2
3
2
30
3
6
1
14
21
6
1
5
2
2
4
22
15
7
1
39
1
1
3
27
9
1
1
45
1
6
4
2
8
6
4
7
6
4
2
32
1
4
3
9
29
4
2
29
1
1
3
3
5
4
1
18
13
1
3
3
2
2
4
42
2
7
4
40
8
1
2
13
2
4
1
18
3
4
3
42
4
3
3
23
10
2
3
32
4
3
4
30
8
1
3
53
4
7
3
23
14
7
2
40
3
5
1
60
2
5
4
27
11
2
2
26
4
1
1
7
2
3
1
49
1
4
3
44
9
2
2
15
2
4
2
33
1
1
3
71
2
5
1
63
1
4
2
43
5
6
1
2
3
4
3
14
11
3
2
39
3
7
3
43
8
2
2
6
2
3
3
32
12
2
1
36
3
6
4
12
7
1
3
6
2
6
1
6
1
5
3
5
4
2
1
7
4
6
2
55
2
5
4
10
10
1
4
39
9
6
2
67
1
3
1
36
2
2
1
34
7
7
3
29
8
6
4
7
8
5
4
52
11
5
2
53
1
4
2
68
1
1
1
65
1
7
3
22
1
4
2
61
1
4
4
33
8
5
3
61
4
2
1
4
5
7
2
47
3
3
4
34
10
4
2
41
2
2
2
1
3
2
2
11
1
2
2
23
2
5
2
45
2
2
4
61
3
5
4
65
2
7
1
12
4
3
1
68
3
4
4
29
4
5
1
8
7
4
1
6
2
6
3
40
2
1
1
37
2
1
4
37
1
3
3
31
27
7
2
71
2
4
1
12
7
4
1
63
2
3
2
44
1
7
3
53
8
5
1
38
2
2
2
66
2
7
4
28
12
1
1
25
1
1
3
13
5
6
3
34
8
5
2
55
1
6
1
5
1
3
3
29
15
6
2
52
7
1
1
44
3
3
1
47
1
1
4
29
1
5
4
53
14
3
4
3
17
2
2
25
3
2
1
13
4
7
2
49
2
4
4
39
1
3
1
42
1
5
4
5
18
5
3
61
9
7
1
28
1
6
2
42
3
1
1
2
5
3
4
8
19
1
3
40
5
6
3
63
2
4
4
63
6
3
3
18
7
7
2
9
3
1
4
8
9
3
1
53
2
6
1
43
3
3
3
4
23
3
2
35
3
6
1
16
1
6
3
60
11
2
1
32
3
7
3
60
27
4
3
25
1
5
3
8
13
2
3
16
7
7
4
67
2
7
1
45
2
5
1
54
1
7
1
4
2
6
2
12
2
3
4
68
16
2
1
26
1
5
