4
53
7
5
3
40
2
1
1
14
13
4
3
25
5
2
1
23
2
3
1
47
2
4
2
65
2
2
1
2
4
2
3
33
14
7
4
18
1
5
2
68
2
7
1
49
1
1
1
5
2
4
4
66
2
1
1
18
6
2
1
42
2
1
1
61
3
7
2
12
3
1
3
14
10
6
4
67
17
6
2
47
1
2
4
39
1
6
4
38
2
4
4
6
24
7
4
14
5
1
2
33
2
2
3
29
1
3
4
16
1
4
3
9
13
3
3
66
7
6
3
4
13
2
1
7
1
2
3
40
3
5
3
17
10
1
2
66
3
1
3
10
11
1
1
44
1
7
3
23
8
5
1
15
1
7
1
7
7
6
3
43
3
6
1
49
2
7
1
10
6
5
2
16
2
3
3
45
4
5
2
40
2
6
1
17
13
6
3
30
25
4
4
37
7
4
4
17
17
1
3
28
12
4
4
5
24
4
4
14
33
2
4
61
7
7
2
39
1
2
2
4
1
7
4
4
8
7
4
13
9
4
3
34
9
2
3
39
4
2
4
8
11
3
4
9
1
2
2
8
2
4
1
61
1
3
2
7
2
2
3
44
2
1
2
38
4
1
1
60
1
6
3
16
5
2
1
22
1
5
4
49
7
6
2
63
3
4
1
31
15
3
2
47
4
5
3
13
2
1
3
10
1
4
3
15
15
6
4
36
1
2
3
53
7
5
4
42
3
7
1
40
1
5
2
1
2
7
4
29
13
2
4
39
4
4
2
55
2
1
1
23
3
3
4
25
7
6
1
3
9
1
2
53
1
3
3
5
4
5
4
13
16
6
1
30
14
3
2
3
2
6
4
10
23
3
3
52
10
3
3
5
3
7
2
28
2
5
2
53
2
7
1
45
2
6
4
27
8
5
3
71
5
6
2
33
1
7
2
17
3
6
4
3
16
1
4
54
7
1
4
45
9
2
1
16
6
6
3
42
3
2
2
44
1
1
1
41
3
5
4
10
22
4
3
60
2
3
1
1
3
2
4
60
4
3
2
42
2
2
4
2
4
2
1
36
2
1
3
12
1
2
1
53
1
2
2
2
2
5
1
55
2
7
4
44
19
6
3
47
6
2
2
13
2
7
1
9
9
1
2
36
2
6
1
45
1
7
3
7
5
2
2
37
2
1
1
54
3
3
3
65
8
2
2
18
2
2
2
31
2
7
3
12
6
6
4
17
25
2
3
47
5
7
1
71
1
4
3
36
4
3
3
36
11
5
3
23
4
7
3
41
3
4
4
47
15
6
4
28
1
7
3
67
19
5
4
71
1
2
2
52
5
1
1
34
3
7
4
41
3
1
1
6
2
7
1
25
2
4
2
42
1
4
1
38
2
3
3
61
8
1
2
45
4
7
3
22
11
5
3
18
21
5
4
63
5
2
4
5
13
7
4
40
3
4
2
23
3
6
1
4
1
6
1
68
2
4
2
16
1
4
2
25
1
4
2
14
3
5
1
60
2
4
2
29
3
4
3
55
12
3
2
61
1
2
4
6
5
5
2
6
1
5
2
5
1
5
3
30
17
7
1
14
16
4
3
17
1
3
4
2
8
7
3
68
12
1
3
34
11
2
1
68
3
1
4
55
11
3
4
43
12
4
3
3
5
1
3
32
7
6
1
2
2
1
1
38
1
1
1
53
2
7
2
34
3
7
2
55
3
5
1
3
2
1
1
52
2
3
1
71
2
3
2
54
2
5
2
5
2
4
1
37
2
4
4
47
11
5
3
32
9
1
4
35
3
1
2
35
3
4
1
30
17
6
2
11
3
2
1
67
3
4
2
43
2
1
4
35
4
3
4
66
5
3
1
44
2
5
1
26
3
3
4
60
9
7
2
1
1
7
4
1
4
4
4
37
6
6
3
49
3
6
2
49
2
5
1
42
1
7
3
49
6
7
2
15
3
1
3
37
3
2
2
41
1
4
3
31
18
2
3
54
2
2
4
41
4
3
1
17
4
5
2
23
2
5
1
41
1
2
1
67
2
3
3
22
9
3
2
71
2
2
3
38
10
6
3
54
1
4
1
40
2
6
3
41
4
4
2
7
3
5
2
49
3
4
1
54
1
2
3
2
10
4
2
12
2
6
2
13
1
6
1
13
8
4
2
18
4
6
1
11
7
7
1
63
1
3
4
54
6
6
4
40
6
6
1
22
2
6
1
12
11
5
2
2
1
5
4
65
3
2
1
12
12
6
4
8
10
3
3
1
3
2
3
53
1
1
1
35
1
7
1
5
1
6
3
27
11
6
2
4
2
3
4
30
8
7
1
11
9
5
2
60
2
4
4
30
5
7
2
44
2
3
1
27
1
2
2
39
2
1
2
35
1
5
2
28
3
1
4
34
12
1
2
45
3
7
1
15
3
5
4
15
26
7
4
4
2
2
4
9
18
1
4
33
7
4
4
68
20
3
1
39
2
7
2
30
2
5
4
23
20
4
2
31
3
4
3
37
12
5
1
43
1
6
2
71
3
5
4
16
6
7
1
10
1
4
3
4
20
1
2
43
5
7
4
22
17
6
2
66
2
2
3
63
11
5
1
8
5
3
4
1
8
4
3
55
9
2
3
1
8
1
3
8
6
2
1
47
3
3
2
22
1
3
2
37
1
4
1
65
2
4
1
36
1
1
2
41
4
5
3
29
9
7
3
26
9
6
1
52
1
4
1
29
2
6
2
54
1
6
4
11
11
1
3
68
11
1
3
6
5
7
2
52
1
5
4
65
10
4
3
18
23
1
1
66
2
3
1
37
1
7
3
28
2
4
4
7
2
7
1
16
2
2
4
12
8
5
1
66
1
3
4
36
4
7
3
11
21
1
4
23
6
1
1
29
1
2
2
65
1
4
2
17
1
5
4
27
12
7
3
9
22
7
1
32
5
6
2
10
2
7
3
71
4
6
4
71
5
5
2
8
1
5
3
61
7
6
3
65
14
2
3
63
13
4
4
32
12
2
2
22
2
1
4
3
2
5
4
15
7
3
1
25
1
1
1
28
3
7
2
40
1
6
2
34
2
7
2
63
2
1
1
33
7
7
2
6
2
7
3
31
4
6
4
34
8
3
3
25
8
3
4
7
1
4
3
8
18
3
3
38
5
3
3
43
4
6
4
28
9
3
1
33
5
6
1
6
1
5
4
32
10
3
3
6
4
6
1
9
11
2
3
15
14
2
1
32
1
7
1
4
3
3
4
43
4
5
1
39
3
2
4
45
8
5
4
12
6
2
3
16
3
2
4
26
11
3
4
68
1
6
3
14
26
2
3
52
8
6
2
10
3
6
2
61
2
2
3
26
5
5
3
3
3
7
4
31
7
3
4
18
9
1
1
35
2
4
3
66
3
2
4
22
3
1
1
31
18
7
2
68
3
6
4
49
5
4
4
11
9
6
1
13
5
7
4
67
22
2
1
34
10
4
2
38
3
1
2
27
2
2
3
35
6
7
1
27
2
7
2
29
1
6
2
25
2
2
1
18
12
4
2
32
3
4
3
44
5
6
1
43
2
7
3
60
3
7
4
52
12
3
3
2
3
5
2
67
2
3
4
38
3
3
1
1
1
7
4
42
4
6
4
29
6
6
1
8
15
6
3
7
4
3
3
27
5
6
4
55
13
6
2
36
5
4
2
26
3
6
1
26
2
1
2
3
1
4
4
26
7
3
3
11
14
3
1
55
1
4
1
28
2
7
4
33
10
7
3
39
7
1
1
63
2
3
1
65
1
7
2
60
1
7
3
13
6
5
4
31
24
6
3
42
2
5
3
67
15
3
2
9
2
3
2
30
3
4
4
25
1
3
4
63
11
3
4
44
18
4
4
52
16
5
2
14
2
5
3
35
4
7
2
9
3
7
3
33
12
2
2
11
2
7
2
15
1
5
3
45
6
1
2
26
1
4
2
32
4
3
4
53
8
7
2
67
1
5
2
27
3
2
4
61
3
4
