2
68
3
1
4
6
8
7
4
61
7
7
4
26
7
1
3
35
3
7
4
2
11
5
2
49
1
7
1
10
8
2
4
35
3
5
4
53
5
3
4
32
12
6
1
17
11
6
2
33
1
3
1
1
2
2
4
37
8
4
1
61
3
2
1
25
1
6
3
49
4
1
4
35
5
4
4
4
16
7
4
41
3
3
1
33
7
2
2
6
3
3
4
67
18
5
3
45
5
7
1
25
3
6
2
42
1
4
2
26
3
3
3
63
8
4
1
5
1
7
4
12
10
2
1
44
1
7
2
35
3
4
1
31
5
7
3
67
9
3
1
26
3
2
2
23
1
1
1
2
5
2
4
71
1
1
4
33
8
2
3
52
12
1
2
66
3
2
3
1
5
5
1
1
3
1
3
40
2
5
4
55
8
3
1
3
8
5
1
66
1
3
1
53
1
4
3
4
20
4
3
8
11
6
1
11
3
1
4
45
2
1
2
26
1
7
4
43
1
6
2
1
1
5
2
42
4
5
4
38
1
2
2
22
2
2
2
13
2
7
2
52
2
2
2
43
3
3
4
26
10
6
2
52
3
4
1
13
9
7
2
43
5
5
4
14
18
4
2
40
2
3
3
37
2
7
4
32
1
5
3
61
6
4
4
18
18
6
2
23
2
1
4
23
9
2
4
43
10
2
4
54
5
1
4
3
17
1
4
9
7
5
3
1
4
6
2
11
3
5
4
16
3
7
3
71
4
1
2
60
4
5
3
32
10
7
1
36
1
4
3
39
9
2
1
10
6
1
1
39
4
4
2
4
1
7
1
6
1
7
1
38
1
5
1
32
1
2
2
55
3
3
1
27
3
2
2
67
1
4
2
71
1
1
3
6
5
2
4
66
4
7
2
18
3
7
3
3
10
2
3
15
15
4
2
53
3
4
4
34
14
5
3
7
1
6
1
17
15
4
1
42
1
6
2
36
5
1
1
67
2
1
4
60
2
6
2
53
2
5
4
3
22
4
2
6
1
6
3
8
8
4
4
5
6
7
3
31
22
7
1
54
3
2
1
53
2
7
3
5
4
4
4
5
25
3
2
9
1
6
3
6
4
2
2
32
3
2
1
9
6
2
3
29
14
1
2
7
2
6
2
31
2
6
3
66
3
4
3
30
15
1
3
27
12
3
1
37
2
7
3
10
21
1
1
8
12
1
4
25
4
7
1
38
2
1
2
60
2
4
2
5
2
5
3
52
7
7
3
15
6
3
2
28
3
7
2
2
3
3
2
27
2
5
2
66
2
5
1
41
3
6
4
29
1
1
1
29
3
4
1
18
11
6
1
39
1
1
3
33
22
6
4
28
7
2
1
68
3
3
1
55
2
7
2
68
4
6
3
60
2
3
3
11
11
7
3
14
6
7
1
65
2
1
1
67
1
5
2
28
1
7
3
18
12
4
3
45
3
7
1
23
1
2
4
42
2
1
2
45
1
4
4
47
8
7
2
54
2
3
3
43
3
3
1
36
2
4
1
9
13
3
1
37
1
6
4
30
6
1
3
65
16
6
3
9
7
6
3
68
17
2
3
41
4
3
3
2
3
5
1
23
2
7
3
28
13
3
2
15
1
1
3
25
8
3
2
38
1
1
3
11
25
3
1
40
1
1
1
12
16
3
1
55
1
2
4
53
4
5
4
29
14
5
3
38
1
5
4
49
1
7
2
11
1
4
2
29
1
7
2
49
4
6
3
60
21
2
2
63
1
5
3
37
10
4
1
41
2
6
3
17
12
3
1
32
2
1
3
33
12
6
1
26
1
3
3
17
2
4
4
16
6
3
1
47
3
5
4
37
13
1
3
23
14
6
2
12
3
3
3
63
11
6
4
68
24
7
1
71
3
1
1
35
2
4
2
39
1
3
4
65
2
5
1
7
1
6
4
14
31
1
1
52
1
5
2
33
2
6
3
16
1
5
1
34
9
2
2
1
3
3
3
28
10
1
3
42
4
4
2
32
1
6
1
22
3
6
4
22
8
4
2
41
2
6
2
22
3
3
1
31
12
7
4
2
6
2
1
5
2
3
3
13
6
5
2
37
3
3
4
38
6
2
3
38
5
2
2
17
1
7
2
7
1
3
1
15
3
5
4
13
14
7
2
54
1
3
2
29
3
4
2
8
3
6
2
18
2
5
4
13
13
1
3
66
7
4
1
14
1
6
3
26
1
7
4
8
14
3
4
41
4
1
1
13
3
7
2
30
1
4
1
71
2
3
4
7
1
7
2
14
2
6
1
33
1
7
3
67
23
3
2
25
3
6
2
10
1
7
3
53
2
6
1
61
1
6
3
47
4
4
3
31
7
7
3
41
1
2
4
25
5
2
1
4
3
1
2
55
1
5
1
68
2
1
1
35
1
5
3
4
28
7
1
49
1
7
4
42
1
4
1
8
2
2
4
7
7
6
2
4
2
2
2
27
3
7
3
10
26
6
3
40
6
4
1
16
3
6
4
10
20
4
1
6
2
1
1
22
1
7
4
27
2
3
3
36
5
6
4
31
16
3
2
9
2
3
1
18
4
6
1
7
9
2
3
7
3
3
2
65
3
6
1
45
1
3
1
11
11
2
3
44
9
4
4
55
6
6
2
47
1
2
3
16
4
2
3
53
4
6
4
9
15
2
1
15
2
7
4
15
22
5
4
54
9
1
3
26
7
6
1
54
2
7
1
40
2
6
1
49
2
6
1
30
14
5
3
35
6
3
4
1
8
7
3
39
6
1
3
13
2
3
2
14
3
5
1
44
2
4
3
2
6
6
2
65
2
6
2
41
5
6
4
36
7
1
3
34
5
2
4
33
5
3
3
54
1
6
3
22
7
3
2
39
3
6
3
14
7
5
2
15
3
2
4
8
7
3
3
3
6
1
1
29
1
2
2
36
1
2
1
34
3
2
2
44
5
3
4
45
7
7
3
12
3
3
1
63
2
3
1
60
2
3
4
15
5
3
3
55
8
3
4
71
2
6
2
8
2
1
4
66
5
5
4
61
4
2
1
60
1
1
2
3
3
7
1
2
6
5
3
61
1
6
3
44
7
6
3
18
2
5
3
65
21
7
3
23
10
6
4
17
5
6
2
44
1
2
1
43
2
1
4
23
17
7
2
35
2
4
4
52
11
6
1
28
3
6
3
9
21
2
4
4
1
2
2
12
1
1
1
4
7
2
3
22
10
6
4
40
6
3
4
11
15
2
1
14
22
7
2
2
1
1
1
30
17
7
2
16
2
3
2
45
2
2
4
30
8
2
4
67
29
6
4
1
2
3
3
5
5
3
1
66
3
6
3
30
9
4
2
71
2
1
2
17
3
5
4
39
2
1
4
63
10
5
2
37
2
7
4
10
7
2
4
40
4
5
2
38
4
3
4
31
6
3
4
18
22
1
3
49
7
7
3
12
4
4
3
71
1
2
3
68
9
2
1
63
1
3
1
52
3
6
4
44
11
7
4
6
11
7
1
16
7
3
2
40
3
7
4
22
18
4
3
32
6
5
4
47
16
4
2
16
1
3
1
45
2
5
3
43
2
2
4
65
9
7
2
10
2
6
4
17
7
7
3
34
1
3
3
55
2
3
1
12
18
4
4
63
4
5
3
36
12
7
3
54
2
2
2
31
3
4
1
3
11
6
1
47
1
4
2
30
2
2
2
34
1
2
2
47
2
2
4
11
11
6
4
28
5
4
3
42
3
5
4
68
21
5
2
13
3
2
2
5
1
4
1
43
3
5
2
34
3
5
2
61
3
4
3
29
8
5
4
27
7
3
4
12
3
4
4
60
5
7
2
61
1
1
4
34
10
6
1
28
2
7
4
52
5
2
3
25
9
1
4
49
2
3
1
27
1
7
1
42
2
4
2
25
2
6
3
47
7
2
3
27
13
5
2
67
2
2
2
3
1
1
2
63
2
2
4
39
7
1
4
44
8
2
1
65
1
6
4
36
3
3
