1
18
3
1
2
38
1
7
3
32
4
1
3
61
5
7
4
13
16
5
2
26
3
6
1
47
1
2
3
42
3
1
1
29
3
3
1
22
2
6
3
16
1
4
2
33
3
3
1
40
1
7
1
52
3
4
2
60
1
6
4
23
21
6
3
6
6
2
4
55
10
3
2
34
2
2
1
43
3
5
1
39
1
2
2
14
2
6
4
53
15
1
1
6
1
6
1
49
2
5
1
37
1
6
3
66
3
1
1
26
1
6
2
54
2
4
2
45
4
4
2
25
1
6
4
40
1
5
3
1
5
4
2
10
1
2
2
49
1
7
2
7
3
7
3
27
16
7
3
4
8
7
3
27
9
5
1
26
3
2
4
9
29
7
2
37
3
6
2
52
4
4
1
15
1
2
1
55
2
5
3
35
3
5
4
35
1
7
3
54
2
2
4
8
19
4
3
26
3
7
1
13
1
4
3
30
26
4
1
44
4
4
2
65
2
1
3
28
10
6
2
16
2
5
3
9
10
2
3
63
10
7
1
3
8
3
3
12
1
1
1
30
17
6
2
45
3
6
4
54
11
4
4
17
17
5
2
68
1
1
1
7
9
1
2
34
3
5
3
43
5
4
3
13
6
5
1
2
2
4
1
68
3
2
4
41
3
4
3
44
5
4
4
38
2
2
3
7
4
2
3
39
4
2
4
44
17
6
1
68
2
1
4
71
1
2
3
42
4
5
2
28
1
5
2
9
2
1
3
23
10
1
3
47
6
5
1
65
1
3
3
40
2
1
1
60
1
5
4
22
17
7
4
65
14
1
2
18
1
3
1
54
3
6
1
55
1
3
2
66
2
7
4
8
12
1
1
60
2
6
3
65
9
5
2
71
2
3
3
13
3
1
3
25
4
3
4
30
1
3
3
65
11
5
4
55
6
5
1
2
1
2
4
31
10
6
3
8
20
4
4
27
1
7
3
39
3
7
4
37
1
2
4
67
31
5
2
31
2
2
4
49
3
2
3
29
15
7
3
10
15
6
2
32
3
4
2
63
2
7
2
5
3
1
1
36
1
1
4
42
4
4
3
67
9
4
2
42
4
6
4
34
7
5
3
68
15
1
1
43
1
4
3
33
23
1
1
5
1
1
2
44
1
3
2
1
3
2
3
34
2
3
2
6
2
7
1
5
2
3
4
40
8
5
1
14
4
6
4
26
12
5
4
32
14
1
3
60
16
6
1
17
9
7
4
66
4
4
1
38
2
3
2
35
2
2
3
11
15
5
1
31
18
7
3
45
5
2
3
2
2
3
2
55
1
5
4
28
11
1
4
17
3
7
2
15
1
2
3
15
11
4
4
65
12
7
4
2
4
7
3
35
8
4
1
39
4
3
2
67
1
1
3
6
4
3
1
66
1
2
2
39
3
3
1
33
7
4
2
11
1
3
4
43
2
5
3
44
2
4
1
36
2
7
1
40
3
3
3
5
1
3
2
44
5
4
2
13
1
7
4
49
4
6
4
26
11
5
2
6
1
6
4
25
6
7
2
8
2
6
2
49
4
7
4
3
21
5
1
3
9
6
3
14
4
4
3
32
6
1
3
41
4
4
3
7
1
6
3
18
15
2
2
5
1
2
3
54
1
6
4
52
12
2
4
44
11
2
2
43
1
1
2
36
4
2
2
54
1
2
4
47
4
3
2
53
1
2
4
36
9
6
3
36
8
7
3
3
6
2
3
17
15
3
1
67
3
2
3
1
3
5
1
10
2
5
2
22
1
2
3
45
4
4
4
16
4
4
4
33
6
7
1
71
1
4
1
1
3
1
2
61
1
2
2
2
1
3
3
17
9
7
3
37
8
1
2
8
3
4
2
40
4
5
2
16
3
6
1
32
3
1
2
33
2
5
4
1
1
2
2
66
1
3
3
53
3
4
2
42
1
6
1
23
2
7
2
17
2
6
4
42
2
7
1
7
2
2
2
32
1
6
3
29
7
7
2
3
1
6
4
2
7
3
4
61
11
1
4
23
6
4
3
60
31
6
4
39
8
2
4
68
18
1
1
9
4
7
2
4
1
4
1
8
14
2
2
47
2
4
1
52
1
3
4
67
6
5
3
61
8
4
3
40
1
4
3
47
2
2
4
9
15
2
4
28
9
4
4
4
20
3
2
25
2
4
1
6
2
4
1
71
2
5
1
49
1
1
3
26
1
2
1
45
1
7
4
1
10
1
4
68
4
5
1
1
1
1
4
60
4
1
4
52
15
4
1
27
1
4
1
63
1
5
2
2
2
4
2
36
3
7
3
33
7
7
2
35
1
4
4
31
4
6
4
15
16
1
4
25
2
3
4
12
1
6
1
42
2
7
2
60
4
7
1
33
3
6
2
12
2
6
3
49
6
5
4
22
2
3
4
29
9
2
3
55
17
6
1
35
2
5
1
11
7
3
3
67
16
2
3
30
12
4
2
30
2
1
3
38
1
1
3
8
5
3
1
28
2
4
1
61
1
5
4
5
25
7
3
66
7
7
2
67
2
5
1
14
1
5
1
47
3
1
4
54
1
4
1
61
3
6
1
29
1
2
1
53
2
6
1
13
9
2
4
13
13
2
1
66
2
5
2
23
2
1
4
7
4
7
2
71
1
4
3
31
4
1
3
3
3
2
3
52
7
1
1
65
2
3
4
36
10
5
2
55
3
6
1
42
1
5
4
30
5
4
2
12
3
4
1
30
7
4
3
11
17
3
3
63
1
6
3
31
8
1
2
31
3
7
4
63
4
3
1
34
9
1
1
11
4
3
3
37
11
6
3
38
12
1
1
31
14
5
4
14
20
7
2
68
3
4
4
4
27
5
2
63
3
2
3
23
8
6
1
9
10
6
1
53
1
4
4
29
8
7
3
12
7
1
2
47
4
1
4
47
10
1
3
14
5
1
1
27
3
3
1
17
14
4
4
61
4
1
3
68
7
7
4
38
1
1
3
16
8
6
2
29
2
1
4
6
12
4
1
35
3
3
3
28
7
1
1
12
12
4
3
41
2
5
2
41
1
3
3
25
8
3
1
28
1
7
4
15
14
1
4
39
1
6
2
15
2
2
4
35
2
1
3
15
6
7
1
25
3
5
2
26
4
1
3
10
25
3
3
2
12
6
4
16
11
6
1
10
3
1
2
29
3
3
1
8
6
7
4
3
18
5
4
18
27
2
1
54
2
1
4
45
5
7
3
53
6
6
1
15
3
5
4
11
28
1
2
53
3
4
3
55
16
7
2
22
2
7
3
22
1
1
2
23
3
2
4
12
8
5
4
5
11
2
1
4
2
1
1
44
2
4
4
37
5
6
4
18
18
4
2
3
2
4
3
4
24
3
1
16
3
5
2
27
1
5
2
18
4
7
2
40
3
7
4
71
6
1
4
10
8
4
4
27
11
3
3
34
7
3
2
1
1
4
2
4
3
2
1
18
12
3
3
49
7
3
1
45
2
5
2
17
3
4
2
10
3
2
4
63
7
4
2
52
7
5
4
60
9
3
2
30
3
7
3
71
1
1
2
11
3
6
2
27
2
4
1
38
3
2
2
14
1
6
1
16
5
6
1
32
5
3
2
13
3
2
1
41
3
7
2
9
3
7
4
7
7
6
3
43
1
5
2
7
2
5
2
41
4
3
4
14
21
3
2
28
3
6
1
41
2
2
2
39
2
2
4
53
7
3
1
67
2
1
4
10
20
4
3
18
4
5
3
36
2
4
3
9
7
2
2
61
3
6
4
6
17
6
2
38
3
2
1
34
11
1
3
5
5
3
3
71
5
4
4
66
1
2
1
23
3
4
2
43
2
1
4
33
8
7
2
37
2
3
4
11
1
7
2
65
1
2
1
4
7
1
4
45
13
3
4
41
4
3
1
63
2
5
4
32
7
7
1
37
2
3
3
22
5
4
4
43
6
5
1
22
1
4
3
52
3
3
1
25
1
7
4
34
12
6
1
12
8
4
