3
37
4
7
4
61
3
3
4
35
2
3
2
16
3
1
2
14
1
1
4
12
10
7
4
43
11
3
2
31
4
5
3
44
8
3
2
15
2
2
3
11
7
1
1
41
2
2
4
25
6
5
4
27
1
1
1
40
3
3
2
12
3
4
2
33
1
4
4
14
5
3
4
31
3
4
4
16
10
4
2
31
1
4
1
39
2
4
1
9
4
6
4
18
2
2
4
33
10
2
4
10
17
3
2
26
2
6
4
15
17
7
2
42
2
2
2
8
3
7
3
10
19
6
2
40
2
6
2
67
1
1
2
4
2
5
4
63
11
1
3
54
1
3
2
11
3
5
2
40
4
2
1
22
1
4
1
40
2
4
1
27
3
7
1
47
2
7
4
45
7
6
4
37
5
1
1
14
12
7
3
18
13
7
3
23
15
5
1
63
2
1
2
71
2
2
4
45
4
3
3
60
19
5
3
23
3
2
4
13
8
3
3
53
7
1
3
31
20
3
4
52
12
5
3
67
7
3
2
33
2
2
1
11
6
7
4
44
3
2
4
30
2
7
3
39
1
2
4
67
17
5
4
34
12
7
4
47
17
3
1
36
3
4
1
61
2
6
2
66
2
6
4
37
7
7
1
13
3
2
1
53
2
4
3
8
5
7
2
25
3
3
2
52
6
1
4
7
9
7
2
49
2
7
4
11
8
2
3
13
2
7
4
38
3
3
2
63
2
7
4
23
5
2
2
38
2
4
3
5
4
1
1
2
6
5
1
61
1
7
4
4
25
7
4
11
27
3
1
7
3
6
3
44
9
5
1
60
2
1
1
16
6
6
3
22
12
7
3
1
2
1
2
34
2
4
2
23
3
7
1
13
7
1
3
34
10
2
2
45
4
2
3
66
8
6
2
47
4
7
2
61
1
3
2
37
4
1
2
22
1
4
4
66
3
4
4
8
1
7
2
1
2
3
4
4
19
3
4
42
2
3
1
2
2
7
3
33
10
6
4
52
14
7
3
40
3
7
4
17
8
2
1
9
3
2
2
5
3
1
2
61
2
6
1
15
4
2
4
32
9
4
4
36
5
5
3
49
8
2
3
61
2
4
2
67
2
1
1
17
8
5
3
3
8
3
2
26
1
7
4
16
4
5
1
10
8
1
1
1
3
6
2
29
2
6
1
4
6
5
3
32
10
1
3
71
3
5
3
28
15
4
4
6
8
4
1
52
2
3
3
25
7
3
4
67
15
5
4
60
5
7
4
14
13
6
3
29
18
7
2
2
3
1
2
43
4
7
3
14
7
6
4
5
11
5
2
44
5
5
1
29
3
1
1
67
3
2
2
68
4
6
3
45
7
3
3
26
7
7
3
68
8
1
4
30
6
3
3
35
2
7
1
30
13
6
2
49
4
3
1
39
1
3
1
55
1
3
1
29
1
6
4
54
7
1
1
18
1
5
1
31
16
2
3
42
3
4
2
16
2
5
2
30
3
1
2
39
2
2
3
4
9
2
1
38
1
3
4
65
13
7
1
66
3
2
3
7
5
4
2
41
2
6
2
25
2
7
2
27
1
6
4
40
8
2
2
3
2
1
2
6
1
1
4
66
1
6
1
6
1
6
1
27
2
5
2
14
3
4
1
68
3
4
3
16
8
7
3
39
3
5
3
65
13
5
4
9
3
3
4
22
6
1
3
14
19
2
1
34
8
7
1
6
2
3
1
37
1
1
1
7
7
3
1
8
8
1
3
49
1
6
3
52
14
1
2
35
3
3
4
28
9
1
3
30
13
1
1
38
2
5
4
44
17
2
3
38
2
3
3
26
1
5
2
66
3
5
3
4
23
6
1
63
1
2
3
6
2
2
3
9
1
4
4
33
2
7
2
36
3
4
2
9
2
7
4
54
5
6
2
65
1
6
3
15
3
2
2
12
1
5
4
55
11
4
1
5
1
3
3
36
6
3
1
3
4
3
1
8
7
5
1
18
13
4
3
55
5
7
2
22
3
1
2
18
4
4
3
17
16
7
3
45
1
1
3
11
2
4
1
52
1
3
3
55
7
2
1
22
2
6
2
39
1
3
3
29
1
2
1
11
8
6
3
37
5
1
4
31
10
5
3
27
8
5
2
7
3
3
4
38
5
1
3
34
6
6
3
41
4
7
4
68
6
3
2
7
1
6
4
71
6
3
3
28
6
1
2
44
3
6
4
15
3
7
3
1
4
1
3
54
2
6
4
29
11
3
1
35
1
6
4
3
9
1
2
47
2
6
1
3
6
6
3
12
7
4
1
53
1
7
1
25
2
1
2
68
2
7
1
44
3
7
3
25
2
4
2
5
1
1
1
30
18
1
3
43
7
4
1
65
2
2
1
47
1
7
2
38
3
6
2
35
1
3
1
35
2
2
4
61
4
3
2
36
5
3
3
15
9
4
3
2
12
6
4
27
7
5
3
3
9
1
4
55
13
7
2
54
1
4
2
6
3
2
2
60
1
2
1
66
2
7
1
31
5
1
3
43
8
7
3
5
5
2
1
12
12
4
4
29
7
5
3
63
2
1
2
28
2
6
1
37
2
1
4
35
4
3
2
10
2
1
1
43
1
6
1
26
2
2
2
52
2
2
4
49
7
3
1
33
4
2
2
11
1
1
4
17
5
7
3
16
6
2
4
40
5
6
4
26
3
5
4
42
3
2
2
53
2
1
3
66
6
7
2
29
1
5
4
47
11
2
4
65
14
5
3
71
5
2
1
45
1
5
4
25
3
2
2
41
1
7
2
43
5
7
2
32
4
3
4
13
10
1
4
8
8
7
2
2
1
4
1
28
2
1
4
6
21
2
2
13
2
4
2
42
3
5
2
65
3
1
3
67
20
7
3
47
5
6
1
45
2
2
4
7
2
4
1
36
2
7
4
34
9
4
3
52
2
2
3
30
17
1
4
39
6
6
2
9
3
2
4
49
4
5
1
32
6
5
1
49
1
5
4
36
6
4
2
34
1
3
1
5
2
2
3
8
16
4
2
17
2
2
1
14
17
7
2
3
3
3
1
42
1
6
3
63
10
6
4
43
12
2
3
38
5
1
4
71
2
5
3
18
25
3
1
68
2
7
3
33
16
2
1
71
1
6
1
25
3
1
2
1
3
2
2
13
3
3
3
42
1
5
3
32
3
2
1
60
1
6
1
23
2
7
1
16
1
7
3
35
5
7
3
9
5
2
4
28
12
4
2
27
3
2
4
63
10
6
4
41
1
3
1
10
3
4
4
23
16
5
1
42
2
1
3
68
5
3
1
41
1
7
1
15
3
2
4
18
20
1
4
60
9
6
2
17
3
1
4
1
4
7
2
55
1
2
3
47
9
2
3
12
2
7
1
23
3
2
4
2
3
3
2
54
2
7
2
28
1
2
3
65
6
4
1
32
3
1
2
8
2
2
4
5
24
6
1
54
2
4
1
44
2
1
3
6
1
1
1
34
4
6
2
23
2
1
4
53
4
2
1
55
2
2
2
37
2
4
3
53
6
4
1
49
2
6
3
7
1
6
4
9
22
5
3
10
25
5
3
61
5
6
4
10
20
4
1
71
3
3
2
32
3
5
2
71
1
6
4
3
7
2
4
22
20
2
2
4
1
1
3
60
20
7
3
40
2
6
4
68
14
7
3
13
4
2
1
67
1
3
1
17
4
1
1
12
16
7
3
2
2
2
2
18
1
2
2
10
3
5
1
1
1
5
1
65
1
7
2
63
3
6
2
53
3
7
2
15
1
6
2
30
4
3
3
41
2
4
3
22
3
3
1
26
1
2
1
28
3
1
3
17
12
3
2
60
3
3
3
31
28
3
4
2
6
4
3
27
11
3
2
55
3
6
4
26
11
6
4
39
8
3
1
4
2
7
2
45
1
4
1
33
3
4
1
54
3
1
4
12
8
2
4
1
7
4
4
53
14
2
4
41
4
2
1
43
2
7
4
32
6
7
3
36
13
2
