1
44
3
3
1
65
1
3
3
32
5
3
3
15
2
4
2
31
5
5
2
14
2
5
3
61
3
6
3
36
14
3
2
61
3
2
1
11
9
2
1
30
11
1
2
13
2
6
3
43
5
5
4
71
2
5
4
60
3
2
3
3
6
6
1
16
5
5
2
63
3
1
1
60
1
3
1
42
2
3
3
60
15
2
3
65
19
7
3
1
3
6
1
45
1
1
2
23
2
2
1
1
1
7
3
27
5
7
2
11
1
3
2
15
3
2
3
53
4
2
3
8
5
6
3
60
27
4
2
3
1
2
4
8
9
7
4
42
5
4
2
25
3
6
4
45
11
5
4
65
11
3
1
31
11
5
1
40
1
6
2
29
1
5
2
9
1
1
1
41
2
7
2
65
2
2
4
45
7
1
2
32
2
3
3
25
4
4
1
8
7
3
1
29
2
1
1
27
2
4
4
30
4
3
1
18
8
2
4
5
13
5
4
9
7
3
1
30
20
1
4
27
8
3
4
53
8
5
2
29
2
7
1
15
4
3
3
34
7
5
4
7
8
6
2
16
3
4
1
10
8
6
2
26
2
6
4
7
3
5
3
9
31
4
4
3
15
1
3
11
2
3
4
44
3
3
1
38
1
4
1
11
4
7
1
54
2
1
1
6
2
4
3
39
1
6
1
27
3
3
1
34
1
2
4
14
20
1
1
53
1
2
2
71
1
5
1
13
6
4
4
43
2
7
3
40
6
6
4
1
8
5
3
71
3
7
1
52
2
3
2
47
2
6
2
45
2
4
1
29
3
7
4
66
4
3
3
52
6
5
2
18
1
4
3
4
2
7
2
71
3
2
2
39
2
5
1
43
1
1
1
17
8
1
4
67
13
5
2
8
1
3
4
54
4
6
4
26
8
3
4
42
3
5
2
36
3
2
4
4
11
2
3
18
20
4
1
47
1
4
2
22
2
5
3
36
5
7
1
26
2
7
2
1
1
4
4
13
4
4
2
41
5
4
1
2
3
5
2
27
2
2
1
42
1
2
2
65
3
2
2
37
1
1
4
60
9
2
2
28
2
4
2
17
2
6
2
1
2
7
3
23
11
3
2
27
1
2
4
35
4
3
4
68
25
4
4
8
14
4
4
63
3
7
1
49
1
1
1
9
2
5
1
14
10
1
3
25
1
4
2
53
1
2
2
10
2
7
3
6
1
6
3
5
2
4
4
41
1
7
3
37
3
4
3
2
4
2
3
5
5
6
4
1
3
6
4
27
11
6
1
39
2
2
2
60
3
1
1
7
1
7
3
67
25
2
2
7
3
6
4
6
3
5
4
16
9
6
2
54
1
7
1
6
1
2
4
41
2
5
4
2
6
4
3
31
1
4
2
42
1
6
2
31
4
3
3
1
6
3
3
2
6
3
4
34
7
6
2
47
1
5
1
55
2
3
4
25
6
5
4
16
11
6
3
68
2
7
3
68
7
6
2
5
1
2
3
7
1
6
1
25
2
6
3
63
12
4
2
38
2
4
1
7
4
4
1
39
3
5
2
33
1
4
1
22
3
5
1
68
1
7
4
61
3
5
3
9
23
6
2
68
2
7
3
27
17
7
2
60
1
2
1
37
1
5
3
41
4
7
2
6
2
2
3
14
26
7
4
17
14
7
1
1
2
7
3
41
1
3
1
55
1
5
4
61
9
1
1
28
1
5
2
14
3
2
2
36
1
7
1
8
9
6
4
65
12
5
4
47
2
1
2
55
1
3
1
66
2
6
1
25
3
7
4
38
9
2
4
10
24
7
1
4
5
2
1
33
5
6
3
49
8
2
4
29
5
4
4
14
21
2
4
17
25
1
4
15
7
3
4
49
2
6
4
71
1
6
2
4
1
6
2
42
2
3
4
15
27
7
1
5
1
5
1
44
4
3
4
6
24
1
2
61
1
7
2
16
2
3
1
67
1
7
2
34
3
2
3
65
10
5
4
68
9
4
1
36
3
2
1
67
3
5
2
41
4
1
2
66
1
1
3
54
2
6
3
14
2
5
3
12
2
6
1
26
3
6
1
16
6
7
4
11
1
1
1
17
13
7
3
44
3
5
3
10
13
2
3
31
9
4
4
35
1
7
4
53
15
2
4
31
19
2
4
4
6
4
3
35
8
6
3
7
2
6
4
30
3
2
1
13
7
4
3
17
17
2
1
3
3
5
2
32
4
5
3
16
5
5
3
17
1
6
2
25
2
6
1
33
6
4
1
9
13
1
4
32
5
3
3
16
2
5
4
28
1
6
3
66
5
7
4
25
4
5
3
71
2
1
2
12
1
6
3
22
10
2
3
34
8
1
2
45
3
6
2
44
5
6
2
23
1
2
1
53
2
2
1
4
7
4
2
6
1
5
1
12
8
6
3
55
5
6
4
52
10
5
3
11
5
7
2
43
5
7
2
49
2
5
3
45
7
6
3
35
7
7
3
55
7
6
2
35
3
5
3
13
7
3
4
66
5
7
4
22
16
6
1
43
2
7
2
52
6
1
4
29
7
7
1
34
11
7
4
33
10
2
1
61
3
1
3
47
10
6
3
32
9
2
3
33
15
6
2
39
1
3
1
35
4
2
4
54
10
3
1
36
2
1
4
33
8
3
1
45
2
7
1
52
3
2
1
71
3
6
2
11
2
6
1
37
2
1
4
39
3
5
2
30
2
1
4
38
6
3
4
23
1
5
2
2
3
1
4
32
3
2
1
63
1
3
2
26
3
2
3
38
6
4
2
54
2
4
1
61
1
5
1
60
2
4
4
26
5
3
4
67
36
1
2
18
2
1
2
33
3
1
1
32
3
1
4
9
30
2
3
39
2
3
2
13
1
5
3
12
7
1
2
5
3
3
1
40
2
6
2
55
2
2
1
28
3
1
3
3
7
7
2
35
1
5
2
44
2
6
3
67
21
2
4
49
7
7
3
52
5
6
4
10
20
2
2
49
1
3
3
15
8
4
4
2
4
7
2
40
4
5
4
28
10
7
3
6
5
7
3
26
12
4
3
61
4
3
2
34
2
5
3
66
7
7
3
40
1
1
2
22
1
2
1
10
3
2
1
5
2
4
4
3
2
5
3
63
4
4
2
3
3
6
3
38
2
6
3
43
7
7
3
13
8
1
3
42
1
7
3
29
3
7
4
40
3
6
3
47
5
5
1
32
7
7
3
42
4
5
1
14
6
6
1
65
2
5
2
4
2
5
3
8
7
4
3
4
3
5
2
8
2
4
3
29
7
2
1
12
10
1
2
9
3
1
2
37
2
5
3
10
9
4
3
23
18
4
1
63
2
1
4
11
6
4
1
38
2
6
4
47
14
7
2
40
2
7
3
45
5
6
3
30
18
7
4
13
2
3
2
52
4
1
4
55
10
5
3
54
1
3
2
17
3
1
4
55
1
3
2
67
1
4
2
28
3
1
1
3
9
5
3
28
9
2
4
37
4
7
3
33
21
5
2
66
3
4
1
23
1
6
4
40
8
7
1
49
2
4
2
12
2
2
1
22
2
3
3
49
7
1
1
35
1
6
1
68
3
5
1
15
3
3
1
66
1
1
2
38
3
4
2
67
2
7
4
34
5
5
3
30
17
5
1
47
3
7
2
10
3
1
3
26
7
4
4
18
18
1
3
18
24
5
4
5
17
6
2
68
1
5
4
31
3
3
4
63
6
6
3
22
9
3
4
23
17
4
1
71
2
5
4
12
8
3
3
28
16
7
2
7
2
1
1
2
5
3
4
39
9
3
4
52
13
5
4
36
5
3
1
54
3
6
4
22
3
4
4
12
3
5
1
18
7
2
2
63
2
5
2
43
2
5
2
30
3
5
4
44
15
5
1
31
13
4
4
37
14
5
3
37
7
2
3
44
9
4
1
41
1
3
4
43
9
1
2
2
1
5
1
23
3
6
3
53
8
1
2
53
2
5
4
36
6
4
2
15
2
3
4
18
9
1
