1
44
2
7
3
41
1
2
4
52
16
5
4
13
16
7
4
71
1
2
2
52
2
2
4
28
2
6
3
33
7
7
2
9
1
1
4
2
10
3
4
7
4
4
3
54
2
2
2
2
2
7
1
11
8
2
2
17
1
4
2
37
3
1
4
4
7
1
1
67
2
3
4
7
8
6
2
13
3
4
3
23
12
5
2
71
1
5
4
28
1
2
3
11
13
4
3
63
10
6
1
71
2
6
1
60
1
1
2
12
2
7
4
6
3
2
3
47
1
3
3
47
9
4
3
33
8
3
4
5
18
4
1
42
1
2
4
16
11
2
3
1
4
5
1
26
1
3
2
42
3
4
4
53
9
5
4
61
11
2
2
9
2
6
4
15
22
7
3
31
2
6
2
16
1
7
3
2
2
5
1
65
2
5
3
49
8
7
3
18
23
3
4
9
3
3
2
22
3
2
2
8
3
3
4
32
9
1
1
10
2
3
3
27
11
5
4
11
16
1
3
12
3
6
4
49
1
4
3
4
3
6
4
39
1
3
3
15
13
6
2
1
2
7
1
17
13
7
2
65
2
6
2
11
3
3
1
32
3
2
4
11
31
1
1
61
1
2
2
68
1
2
3
43
3
6
1
4
1
5
1
9
11
5
4
40
5
1
4
60
4
3
1
66
2
7
4
65
10
2
4
54
7
3
4
17
5
5
3
29
12
2
2
14
3
2
3
60
32
5
2
26
4
7
3
8
18
3
1
35
4
6
2
14
1
1
3
55
1
2
4
25
7
3
4
1
4
1
3
42
4
7
3
40
6
6
1
25
3
4
2
67
2
5
4
52
14
1
3
28
15
4
2
7
3
5
1
28
2
3
1
41
2
6
4
49
2
7
1
71
1
2
1
61
3
5
1
39
2
7
4
67
4
2
2
71
2
3
1
68
2
2
2
27
2
3
3
8
9
2
1
45
2
6
4
33
7
2
3
40
1
5
3
49
7
2
3
35
4
4
2
47
2
6
4
63
8
5
1
40
1
5
1
63
1
4
3
15
15
5
3
65
12
2
2
16
2
2
2
11
1
7
3
54
1
3
3
22
11
7
3
13
2
7
2
3
1
6
4
55
1
5
1
54
3
4
2
39
2
4
2
7
1
3
1
5
2
2
1
36
2
6
3
6
6
6
1
3
6
6
1
68
3
2
2
40
4
1
2
61
3
3
3
1
1
4
4
26
1
7
2
45
3
5
2
43
4
1
2
49
3
1
2
3
2
1
2
40
2
3
1
3
7
7
3
10
18
2
1
60
2
6
3
22
2
6
2
12
3
6
3
68
10
1
1
18
6
1
2
63
3
1
1
36
1
7
4
68
22
4
1
67
1
6
1
1
3
2
4
12
10
4
1
25
1
7
4
36
6
2
4
22
3
5
3
71
3
4
4
38
6
3
1
10
8
5
4
66
2
6
4
38
1
3
2
25
1
2
2
8
1
1
1
54
2
2
4
43
1
5
4
35
5
2
1
42
2
7
2
5
3
3
3
32
10
6
2
17
2
1
1
65
1
5
4
67
3
3
3
67
1
7
2
37
1
7
4
8
5
6
1
47
1
6
3
42
2
4
3
13
8
7
3
14
2
3
3
32
8
2
4
44
4
6
4
61
6
1
1
34
6
3
1
43
1
1
4
23
6
4
3
63
3
4
4
63
6
3
3
44
1
5
2
60
3
1
2
13
1
6
3
35
1
7
1
53
1
2
2
25
3
4
2
54
1
5
4
41
4
5
1
8
17
1
1
31
1
7
4
41
1
3
1
34
1
4
3
17
14
3
1
18
5
5
2
1
1
1
2
34
1
5
3
44
8
4
4
33
5
5
3
61
9
5
4
5
23
2
2
41
5
2
2
26
1
2
2
6
1
2
1
53
2
6
1
31
6
5
1
9
14
3
3
68
15
3
3
39
1
5
2
4
2
7
2
38
1
7
4
23
5
2
2
52
3
3
3
45
3
3
4
30
7
5
2
67
1
1
3
53
6
2
3
60
8
3
2
22
1
2
4
17
3
1
3
6
5
5
2
30
4
4
1
11
12
7
1
8
11
2
3
67
20
2
4
8
6
5
3
43
6
2
4
65
12
3
2
42
4
5
3
9
25
7
4
3
16
1
1
6
2
7
1
6
1
5
1
7
3
5
3
25
8
6
3
26
11
6
3
38
6
4
4
35
3
7
3
7
3
3
1
37
1
3
2
49
4
5
3
52
11
2
1
15
2
3
4
36
8
1
1
35
2
1
2
2
1
4
1
14
12
1
3
30
18
4
1
47
2
5
4
42
5
3
3
10
6
7
2
47
4
3
4
54
2
1
3
5
3
7
2
53
1
4
3
2
10
4
2
38
3
4
3
30
27
6
2
54
2
3
1
16
1
7
3
7
5
7
4
34
14
4
3
52
7
5
4
31
17
2
3
66
5
6
3
55
10
3
1
26
2
1
3
14
20
5
4
29
9
5
2
5
1
7
1
37
2
2
1
30
20
4
2
43
1
1
2
33
1
5
1
33
1
1
1
2
5
4
2
61
1
2
4
1
5
6
1
1
2
1
3
66
2
1
2
68
2
1
4
4
18
1
2
10
3
3
3
39
10
2
4
2
7
2
4
15
12
1
2
15
3
5
1
38
1
4
3
28
16
1
1
38
2
1
3
3
7
4
2
23
1
6
3
61
1
5
4
18
15
7
2
32
3
1
2
55
3
1
2
44
3
2
2
10
1
3
1
29
2
5
3
71
4
1
2
31
2
2
2
60
2
2
2
63
1
3
2
36
5
3
2
4
1
1
4
25
2
5
2
27
1
4
1
27
3
3
1
43
3
7
4
29
12
1
4
40
2
7
3
34
2
5
4
13
14
1
4
39
7
1
2
33
2
2
2
45
4
1
2
65
4
3
4
3
11
5
3
29
9
6
1
12
12
4
1
13
4
6
1
22
2
7
3
31
25
1
2
53
3
3
1
27
2
4
1
63
2
5
4
18
17
2
1
17
14
5
4
53
1
6
4
26
3
7
4
47
5
2
4
60
8
4
1
32
6
1
4
42
1
4
4
45
3
1
1
13
3
7
1
12
8
4
3
65
5
7
2
41
2
2
2
66
1
7
2
29
1
1
2
30
1
4
1
15
4
6
3
16
8
2
4
9
16
3
2
28
3
2
3
12
1
5
3
17
8
1
1
52
2
6
1
49
1
5
4
14
4
4
4
16
12
1
4
27
8
6
4
37
12
5
2
36
2
4
1
5
1
5
1
4
2
6
3
23
1
3
4
31
3
4
2
15
2
1
3
11
8
5
4
47
1
7
1
28
1
3
3
41
4
1
4
68
21
3
2
35
3
2
3
5
5
3
2
31
3
6
4
55
10
1
1
2
3
2
4
34
10
6
1
44
1
4
4
37
4
3
4
43
10
4
2
32
4
3
4
66
3
7
3
9
2
7
3
36
6
5
2
28
1
7
1
49
2
4
1
16
7
3
3
26
6
5
2
6
3
5
1
7
9
7
4
45
1
6
4
12
6
5
2
23
2
6
3
25
6
3
1
52
3
1
4
6
28
3
3
38
7
4
2
44
2
7
1
29
1
7
3
53
4
2
1
55
1
1
3
36
15
7
4
71
6
4
4
22
12
7
4
32
2
2
3
37
1
4
4
14
24
3
1
41
3
3
2
18
1
5
1
39
3
7
1
23
3
1
1
30
14
5
2
55
2
3
3
4
21
3
3
34
1
4
1
66
1
3
4
10
31
5
3
27
10
3
4
10
30
6
3
45
2
6
1
14
16
7
4
27
11
4
3
37
4
7
3
3
3
1
2
35
1
6
1
33
3
1
2
34
3
4
4
44
13
2
3
16
2
4
4
30
5
7
1
45
1
7
2
18
2
6
1
23
1
7
2
39
1
7
3
18
8
7
2
29
2
3
1
40
3
3
1
22
1
2
2
66
2
3
1
55
2
6
