4
34
8
5
2
65
2
5
1
43
3
4
4
23
13
2
3
11
3
7
3
3
2
4
2
35
3
1
3
38
6
5
3
36
3
3
3
4
25
1
3
35
8
2
1
7
2
6
2
54
1
7
4
32
13
5
1
65
1
6
1
61
2
2
1
33
3
1
1
14
21
7
4
14
18
1
1
42
2
2
3
8
20
5
3
22
11
2
2
12
1
1
3
43
3
1
1
11
11
7
1
31
10
1
4
9
29
6
3
68
4
1
1
26
2
1
3
55
14
3
2
4
3
3
3
14
3
7
2
9
3
3
4
8
7
7
4
65
11
5
2
31
5
4
1
41
1
2
4
2
13
4
4
54
6
3
4
66
4
2
4
31
13
4
3
31
19
2
3
45
2
2
2
54
2
6
3
60
27
7
4
43
1
6
2
14
3
2
2
16
3
6
3
29
16
4
3
26
9
7
3
47
3
3
3
17
16
1
3
23
11
2
1
2
1
2
1
66
1
2
3
2
4
2
4
44
7
2
3
5
5
2
4
55
13
4
2
44
1
5
3
53
4
7
3
40
3
7
2
25
1
1
4
1
1
4
4
44
6
6
1
53
1
5
2
30
2
1
4
63
3
6
4
11
11
1
2
22
2
1
3
18
23
6
2
55
2
6
4
10
18
3
1
30
21
6
1
45
2
5
2
11
2
7
3
30
15
4
3
67
31
1
2
32
1
5
4
8
13
1
3
29
5
2
2
27
1
1
2
7
2
3
3
71
1
2
2
10
1
7
2
45
1
5
3
35
7
6
2
68
3
6
1
36
2
1
3
37
2
5
2
17
3
3
4
5
24
5
1
29
1
7
2
61
3
5
2
29
3
6
3
15
4
5
4
28
11
3
2
3
2
1
1
18
4
5
1
53
2
3
4
53
9
2
1
17
8
4
4
54
1
4
3
1
2
2
4
61
11
5
2
26
1
4
4
60
7
1
2
43
3
2
1
27
1
5
4
33
7
7
4
18
10
2
2
52
4
3
2
36
5
6
4
71
4
7
3
66
4
1
3
12
7
6
4
27
2
6
1
13
6
1
2
55
1
4
2
34
3
5
1
60
1
7
2
28
2
7
4
63
4
4
1
32
3
2
1
16
6
3
1
14
3
7
1
36
1
5
1
54
2
2
2
49
4
1
2
5
2
3
2
66
1
3
2
53
3
3
4
40
8
4
2
37
1
1
1
3
9
1
2
2
1
5
1
45
1
5
3
36
9
5
2
14
1
4
1
5
1
6
3
16
4
5
1
71
2
1
2
7
1
4
2
37
3
6
2
68
2
2
4
6
11
2
3
9
21
7
3
68
1
1
2
5
3
3
2
2
2
5
1
40
1
6
1
8
2
2
3
34
4
5
1
3
10
4
1
34
3
3
3
13
4
5
1
25
1
4
1
2
7
4
1
52
2
5
2
41
4
7
4
36
8
6
4
35
4
4
1
66
3
3
1
63
1
2
3
39
2
5
4
11
9
4
4
3
10
4
4
61
3
1
3
44
10
6
2
63
3
7
3
63
2
5
3
49
2
1
4
67
17
6
2
15
2
5
1
54
3
7
4
67
32
2
1
34
5
3
1
9
3
6
4
15
17
7
2
1
2
1
4
9
30
1
4
16
9
3
1
44
1
5
3
32
9
3
1
33
4
2
3
41
1
1
2
71
2
1
2
13
2
2
1
15
5
1
1
17
7
7
4
32
11
1
4
41
4
1
1
43
1
7
4
39
9
5
3
4
26
3
3
49
8
2
4
45
13
5
4
22
4
3
2
60
1
2
4
5
7
6
1
9
4
2
1
71
3
7
1
29
2
3
4
26
4
3
2
53
2
3
4
17
2
7
2
10
3
7
3
18
21
3
1
38
2
4
4
47
13
4
3
41
2
7
2
39
2
7
3
34
8
7
4
60
2
1
4
12
6
2
4
49
8
1
3
60
14
1
4
52
12
3
4
68
10
3
2
42
4
3
2
41
2
2
4
7
4
5
1
55
2
4
3
12
2
6
4
27
1
5
3
5
3
2
2
36
2
6
4
31
6
6
1
16
3
3
4
14
23
5
3
14
22
5
2
66
3
1
1
39
2
1
4
29
13
1
2
3
1
5
2
45
2
6
4
29
11
6
4
13
14
1
1
61
3
5
3
27
2
3
4
22
15
4
4
65
15
3
2
18
2
7
3
8
13
7
4
3
5
6
1
6
1
5
1
12
6
4
2
25
2
4
3
54
1
7
4
37
8
6
1
8
15
7
3
40
4
2
2
22
1
2
1
6
2
6
3
25
8
2
1
23
1
4
3
61
1
4
1
4
7
4
4
42
4
5
3
13
7
3
4
16
12
4
3
44
1
4
1
27
3
1
1
40
2
5
3
9
19
3
4
55
10
7
4
7
5
2
1
44
4
2
3
2
7
6
3
31
5
2
2
38
3
5
4
36
3
2
4
25
7
4
1
39
4
5
3
26
11
2
4
37
14
7
1
22
1
1
2
13
1
6
1
5
2
5
1
49
1
3
3
42
4
6
2
32
2
3
2
11
1
5
1
12
14
6
4
15
12
3
1
37
2
4
2
35
2
3
1
55
1
5
4
39
5
3
4
12
10
3
3
71
3
5
2
27
3
3
3
17
17
4
3
33
15
4
1
1
3
6
1
23
3
5
3
1
9
3
4
45
1
6
1
35
3
2
2
26
3
3
2
47
1
6
2
15
1
7
2
39
3
3
1
18
6
4
1
11
4
5
4
1
4
5
2
43
2
5
4
47
16
3
3
6
1
5
4
41
3
3
4
66
3
4
2
30
4
4
2
47
2
7
4
52
21
7
4
18
15
7
3
30
26
1
4
30
1
1
1
1
2
6
1
52
3
7
2
67
2
1
1
35
4
6
3
38
9
3
3
15
16
2
3
55
1
7
4
71
1
5
3
27
15
6
1
68
1
4
2
1
3
6
1
47
3
2
1
31
3
2
2
52
1
6
3
65
17
3
3
16
3
7
2
29
2
3
2
40
2
7
3
54
2
1
3
22
1
1
2
31
4
2
1
22
2
2
3
63
4
6
1
68
2
5
1
63
2
3
4
42
5
6
3
61
10
1
1
28
2
4
4
38
3
7
4
23
2
7
3
39
3
3
3
10
11
2
3
23
18
4
4
43
4
4
2
40
1
1
2
65
1
7
2
9
1
5
1
60
2
7
1
41
2
6
3
3
3
2
3
32
1
4
4
4
16
6
1
7
6
1
4
30
6
6
2
6
2
3
3
37
9
1
1
65
2
6
1
10
2
3
2
33
1
7
3
6
5
7
4
10
15
5
2
61
2
5
1
47
1
3
3
53
5
1
3
45
4
1
4
68
16
7
2
60
2
1
3
67
19
2
2
8
1
5
1
67
3
4
1
42
1
5
4
6
31
5
2
71
1
7
3
7
4
7
2
42
1
5
1
26
3
7
2
23
3
5
4
38
1
2
3
28
2
7
3
42
2
6
4
25
5
5
2
63
1
7
3
52
2
5
4
33
4
2
3
7
2
5
4
49
1
3
3
66
7
6
1
15
4
5
3
33
14
6
2
8
2
7
1
49
2
2
4
13
15
5
1
4
1
3
4
53
11
1
3
10
8
1
1
28
3
1
4
2
7
1
2
4
2
3
2
34
1
2
2
16
1
6
1
10
8
2
4
34
5
6
3
47
10
4
1
67
2
5
2
18
1
7
3
65
13
6
4
26
2
6
4
28
9
4
2
33
2
6
1
25
2
4
3
52
7
3
4
35
1
5
1
37
1
2
2
12
3
4
1
32
1
5
1
13
7
1
4
4
23
5
3
11
13
6
1
30
7
3
3
28
16
2
2
67
1
6
3
43
4
1
2
28
1
5
2
38
1
4
2
49
1
1
2
44
3
6
2
6
3
5
2
23
1
6
3
25
5
5
1
38
1
2
4
40
3
7
4
17
23
1
2
17
1
7
