4
55
4
5
2
34
2
5
3
10
24
5
2
60
3
7
1
49
1
4
2
2
1
6
2
7
1
4
3
63
5
3
3
16
8
5
4
38
3
2
1
28
1
7
3
23
16
1
1
32
1
3
3
36
1
7
3
1
1
3
1
18
5
7
1
44
2
4
3
49
5
1
3
65
7
5
2
35
3
6
1
61
3
2
3
67
4
5
2
27
1
2
3
44
9
2
4
16
4
3
2
29
2
1
4
67
23
2
4
66
5
7
4
49
3
4
3
26
12
4
4
36
7
6
2
41
3
4
3
55
16
7
1
17
8
1
3
61
8
4
2
68
4
4
4
41
2
7
4
23
19
3
1
5
2
7
1
65
1
6
3
29
7
3
3
30
20
6
2
17
2
4
1
35
4
7
4
17
11
4
4
54
9
7
2
67
1
1
4
41
1
1
2
32
2
5
4
39
8
7
1
35
3
1
1
13
2
7
1
68
1
6
2
55
3
2
1
25
1
4
2
9
2
2
3
15
4
5
3
14
18
5
3
54
1
6
1
39
3
3
3
53
8
3
1
53
2
1
4
67
39
6
1
10
3
1
1
4
4
7
3
49
8
5
4
26
11
1
1
54
3
2
1
8
16
2
2
4
1
2
4
16
6
5
1
9
6
3
4
10
22
5
1
12
12
4
1
11
6
3
2
18
4
7
4
44
12
4
4
27
7
7
2
61
2
4
4
60
6
1
2
37
4
7
4
3
5
2
4
33
6
4
3
23
12
2
3
66
3
5
2
65
3
6
1
37
2
1
2
40
4
1
3
28
4
5
1
31
15
3
4
28
12
4
1
54
2
3
2
6
1
2
2
4
2
3
3
6
1
1
4
52
20
4
3
55
2
2
3
9
22
2
2
8
3
2
3
71
3
3
2
13
3
1
3
6
2
4
2
36
3
7
4
39
9
6
2
26
4
5
4
52
6
4
4
65
11
2
4
13
13
4
2
31
4
7
1
66
3
6
4
68
7
5
2
17
3
6
1
14
14
5
1
27
3
4
1
52
2
2
2
49
2
6
1
42
1
1
3
22
5
1
1
45
1
4
3
43
8
7
1
47
1
2
1
47
3
3
2
12
3
4
2
11
3
3
2
7
3
4
1
68
2
3
3
47
8
5
1
16
4
2
2
5
1
6
2
15
1
2
2
54
2
3
2
30
5
1
4
6
2
5
2
41
2
6
4
18
14
1
3
8
1
1
4
49
6
7
2
44
1
7
3
61
7
5
4
34
1
6
3
31
23
1
4
12
2
6
4
71
6
3
3
12
2
6
4
47
5
1
2
32
1
6
3
22
11
1
4
13
2
7
4
53
10
1
1
34
3
4
1
13
4
4
2
40
1
6
3
1
2
5
3
30
24
3
2
31
5
5
2
14
3
5
4
23
1
2
3
13
5
7
2
37
2
6
3
33
18
3
4
35
5
1
4
6
25
1
4
4
1
1
1
60
1
7
4
3
15
7
1
43
3
4
4
71
4
5
2
49
3
4
4
63
12
6
3
60
11
2
4
11
19
7
1
28
2
3
2
23
3
1
1
12
7
2
4
30
6
6
4
29
8
4
3
52
1
1
3
25
6
3
1
40
2
1
2
10
3
2
4
22
6
7
1
44
1
7
3
2
10
4
4
54
6
7
1
15
2
5
2
33
1
2
3
63
12
4
4
55
6
1
2
44
5
7
4
28
5
7
4
1
4
1
1
34
5
3
3
4
24
4
1
53
1
6
3
2
5
1
2
65
2
5
4
10
6
5
3
40
3
4
1
71
2
2
1
67
3
3
1
16
7
6
1
1
1
3
4
9
4
2
2
29
3
3
1
41
2
7
3
25
1
5
4
44
7
1
1
60
2
2
1
45
2
6
2
22
3
4
3
9
32
5
2
36
4
1
3
39
6
1
1
4
6
3
4
37
10
6
1
67
1
6
3
8
20
1
4
15
21
1
2
47
2
5
2
45
3
4
2
39
4
2
1
55
2
7
3
67
1
4
4
27
11
6
1
26
1
7
1
55
1
4
2
53
3
2
2
14
2
6
2
9
1
5
3
34
3
3
1
26
2
5
3
43
2
4
2
2
3
1
2
1
1
1
4
65
10
4
4
40
2
3
4
7
3
5
3
31
10
6
1
65
2
3
2
52
7
3
2
3
1
3
1
63
2
7
2
54
1
3
2
53
1
3
1
22
3
4
4
32
1
2
4
14
23
4
3
3
5
1
1
38
2
2
4
68
2
7
3
41
2
5
4
31
16
5
2
16
1
2
3
39
2
2
3
35
4
5
3
42
4
1
3
16
6
7
1
38
3
7
1
23
2
1
2
71
1
4
3
26
9
3
3
12
1
3
2
30
4
7
1
30
7
3
2
5
2
6
3
27
3
6
2
25
2
6
2
52
2
5
1
3
1
4
2
47
1
3
1
37
1
6
4
36
3
7
4
37
3
6
3
44
10
4
1
33
1
3
1
29
3
1
1
9
9
5
1
3
6
1
1
18
2
7
2
61
1
5
3
18
25
1
3
35
6
7
1
7
11
4
3
4
5
5
1
17
3
6
1
31
16
3
4
53
13
7
2
12
2
2
3
29
5
1
3
18
11
4
2
3
3
5
4
43
4
4
4
63
9
4
3
54
2
1
4
17
7
6
2
8
1
4
3
41
3
4
2
15
3
4
1
11
9
7
1
71
3
7
1
43
2
3
4
42
1
4
3
65
15
6
2
43
5
2
3
5
5
6
2
68
2
4
4
31
23
4
3
32
12
5
3
32
8
4
1
10
6
6
1
2
5
4
2
23
2
7
4
38
1
6
1
25
2
3
2
55
2
5
4
60
9
6
2
38
2
7
1
1
2
6
3
45
7
7
2
63
1
6
3
15
16
2
1
15
4
3
4
22
20
4
4
26
5
5
2
11
1
6
4
1
6
2
3
33
23
4
3
36
12
6
1
36
3
4
2
35
2
3
1
30
13
6
2
38
5
1
3
11
2
5
4
34
8
1
1
29
2
7
4
47
7
2
2
63
2
3
4
45
5
5
3
17
8
2
2
66
1
7
4
45
11
2
3
27
13
2
4
2
9
7
4
9
27
3
3
28
13
7
3
45
6
7
1
6
2
3
3
68
14
5
1
42
2
7
2
34
3
5
3
68
11
6
3
11
11
4
2
33
3
7
3
52
18
6
1
41
3
4
4
4
10
2
2
39
3
4
2
60
4
3
4
2
5
2
2
67
2
7
2
16
2
7
4
25
3
2
3
5
2
5
2
43
2
2
4
30
4
6
3
47
1
6
4
8
9
6
4
18
26
6
1
27
2
4
4
40
8
6
4
5
27
7
3
38
10
3
3
34
7
6
3
13
2
7
3
71
4
6
3
42
3
1
1
23
3
3
4
66
6
3
3
40
5
3
4
42
2
7
1
14
19
5
4
32
8
4
2
10
1
6
3
14
5
5
1
61
1
2
3
17
2
3
4
8
14
7
3
3
10
5
1
6
1
4
3
10
20
2
1
36
1
7
2
26
2
7
4
33
4
3
1
52
3
7
1
8
5
4
3
66
4
4
2
18
3
4
2
66
2
5
2
42
4
6
2
45
4
3
4
35
1
5
4
7
9
3
1
32
2
4
2
25
3
5
2
28
2
6
2
71
3
3
1
49
2
7
2
6
3
1
1
63
1
7
4
14
32
6
4
5
3
3
3
60
3
2
3
38
8
5
2
27
3
5
4
25
4
1
2
1
3
3
1
2
7
2
4
43
7
4
1
66
2
3
4
12
4
6
3
53
4
4
1
40
3
3
4
11
29
5
2
28
3
3
3
7
1
7
4
61
9
2
3
37
9
1
1
5
1
7
1
22
1
7
2
22
2
5
4
61
11
7
4
15
24
6
1
33
4
5
3
37
7
3
1
7
3
3
4
29
6
4
2
42
3
6
3
7
5
2
1
39
2
4
2
13
2
2
