1
37
2
2
4
29
1
7
1
41
3
6
2
45
2
2
3
32
3
2
2
37
2
5
2
29
3
2
1
18
10
4
2
68
2
3
1
53
1
6
1
35
3
2
4
13
3
5
4
22
18
7
1
40
1
5
4
27
2
1
4
67
37
6
1
53
2
6
3
44
2
1
2
28
2
3
2
25
2
3
2
45
1
7
4
47
17
7
2
2
3
4
4
18
22
5
2
2
1
4
1
68
3
6
1
16
3
4
3
55
7
1
3
27
3
3
2
15
2
1
4
16
4
4
1
61
1
3
2
17
3
7
3
12
1
7
4
33
1
6
3
40
2
4
1
38
3
4
3
7
2
4
3
33
19
6
1
37
1
7
3
29
19
3
1
29
1
6
1
71
3
5
4
61
8
2
4
18
9
1
4
22
1
7
1
27
3
1
2
63
1
1
3
34
4
4
4
3
7
2
3
9
4
5
2
11
2
6
1
63
2
7
4
33
6
7
1
16
1
1
1
43
1
6
3
67
23
5
4
68
5
1
1
1
3
6
3
2
5
4
3
36
5
4
2
41
5
6
1
66
3
7
3
14
4
3
1
34
10
3
3
49
4
3
4
63
5
5
3
68
15
2
4
71
2
2
4
12
8
4
1
3
3
2
1
2
7
1
3
13
4
7
4
10
6
3
1
11
5
2
4
38
4
1
2
60
2
7
1
28
2
5
4
9
4
1
2
34
3
4
4
32
2
5
1
15
5
5
4
39
3
1
1
4
8
3
1
1
1
5
3
22
4
1
2
41
1
4
3
25
2
7
3
1
4
4
1
5
2
7
2
55
2
7
1
18
12
3
3
53
2
7
1
55
1
6
4
29
3
5
1
25
1
6
3
41
1
1
2
31
3
3
2
31
1
5
3
15
3
2
3
71
3
5
1
67
3
5
1
26
2
3
4
36
7
5
4
28
11
7
4
27
4
7
3
17
15
1
1
9
11
5
2
71
3
6
3
49
5
5
3
66
7
2
2
55
1
6
2
42
2
2
1
49
1
6
1
42
1
4
1
61
2
1
4
30
5
5
2
61
1
3
2
15
3
2
4
15
10
3
4
41
3
5
3
34
10
3
2
40
2
4
4
68
12
1
4
6
29
4
1
30
18
4
4
28
9
2
4
49
7
4
4
54
12
4
3
39
5
1
2
35
1
2
1
10
8
6
3
15
11
6
3
53
5
4
2
12
3
5
2
5
3
1
3
4
22
5
3
37
11
5
1
32
5
5
2
1
2
3
4
35
2
2
1
8
8
6
1
71
1
1
4
23
5
6
2
22
3
4
1
7
5
4
3
23
13
3
3
60
17
3
3
6
2
7
1
47
1
1
3
18
15
5
4
40
3
6
4
16
9
4
2
29
1
6
2
14
3
6
4
15
18
6
3
18
17
6
1
14
19
1
3
28
7
7
4
31
28
1
2
52
5
5
3
12
7
1
3
47
7
5
2
22
1
6
4
10
18
2
3
32
6
7
4
12
2
1
2
8
3
5
4
3
6
2
2
6
2
5
2
9
2
7
3
17
7
1
2
49
4
2
3
31
26
1
2
47
2
3
4
53
14
5
2
26
1
7
1
35
1
1
2
10
2
2
1
27
2
1
1
14
14
6
3
8
14
3
4
2
12
2
1
23
1
1
2
13
3
4
2
47
1
4
4
37
8
1
3
8
13
7
2
28
1
4
2
39
3
2
2
53
3
5
2
13
1
4
2
7
1
6
2
10
3
6
4
63
6
4
1
4
3
4
4
1
14
3
1
38
2
6
4
17
17
6
3
3
10
6
4
52
4
1
1
43
3
3
2
12
1
4
3
33
17
1
1
40
2
1
2
67
2
4
3
26
11
7
4
17
15
4
2
49
3
1
3
61
10
5
1
8
14
4
1
68
2
7
3
63
4
6
3
52
2
3
3
10
3
4
4
14
13
4
1
22
3
3
2
17
2
4
2
38
3
6
4
34
6
2
3
38
2
7
2
18
3
4
2
54
2
4
4
8
18
2
2
65
3
2
4
11
8
1
4
65
8
6
4
30
4
3
3
63
8
1
1
30
9
2
3
5
2
4
2
11
1
6
1
33
8
1
3
41
4
2
4
11
7
1
3
54
2
3
4
55
4
7
1
9
2
3
4
47
7
4
2
26
4
1
2
38
4
4
3
13
5
1
1
34
1
3
3
6
3
2
3
5
5
5
3
31
15
3
2
53
1
5
2
32
4
5
1
39
2
2
4
52
6
5
1
12
4
3
2
18
4
4
2
66
1
3
3
29
16
1
2
16
1
5
2
37
1
5
2
66
2
3
3
44
3
2
1
7
8
4
1
25
2
3
4
35
1
4
4
7
3
1
2
4
3
7
1
54
1
3
2
8
1
6
1
26
1
2
3
9
25
3
4
38
9
3
4
2
6
5
2
33
1
2
2
52
6
7
3
66
3
6
1
13
4
1
3
30
23
1
2
3
3
6
1
11
10
2
4
26
1
7
3
35
2
7
3
28
5
6
2
39
4
7
4
9
7
1
3
67
37
5
4
8
12
5
2
4
1
4
1
13
1
1
4
42
1
1
3
35
8
5
3
11
20
5
4
5
8
3
1
66
2
1
1
2
1
2
3
65
12
4
1
60
2
3
4
31
20
1
3
14
20
5
1
45
1
6
3
23
16
3
3
42
4
6
2
36
4
2
1
45
2
3
1
36
1
7
4
7
1
5
4
37
10
2
2
40
4
3
3
71
1
5
2
44
3
3
3
42
1
5
2
1
3
5
4
45
2
5
1
6
1
1
2
63
3
5
2
30
1
1
2
30
2
1
3
37
12
7
1
36
3
1
3
40
1
1
1
28
1
7
2
67
1
5
4
43
12
1
2
35
3
3
4
45
5
2
1
60
1
7
3
16
4
6
4
66
5
2
3
11
26
7
1
55
2
5
3
61
2
7
3
45
2
7
4
6
11
2
3
2
3
7
1
49
2
7
1
12
5
1
4
13
13
5
1
22
1
7
3
3
2
4
3
10
13
4
3
38
12
7
2
71
2
2
2
42
3
7
2
43
2
7
3
26
3
1
1
63
1
7
2
23
2
6
3
39
4
1
4
25
7
6
1
54
2
4
4
60
2
4
1
23
2
6
4
14
16
4
3
25
7
4
1
47
3
1
1
31
13
5
3
47
6
7
2
32
2
6
4
65
13
3
2
68
4
4
4
55
8
2
1
10
2
5
4
41
4
2
4
34
5
2
1
31
1
3
3
16
6
4
4
67
11
2
2
34
1
4
4
43
3
7
3
43
6
2
2
43
3
3
4
71
6
6
1
67
1
7
4
26
4
4
3
45
3
4
2
27
2
2
4
44
6
1
1
6
2
5
2
23
3
2
3
22
9
3
2
44
1
3
3
1
8
7
4
61
1
1
2
61
2
6
1
5
1
2
4
53
1
3
1
3
9
2
4
25
9
6
2
16
2
7
4
5
22
3
3
36
13
7
2
65
1
4
4
23
22
5
1
32
2
7
1
41
1
2
1
65
2
7
2
33
3
5
1
33
4
3
3
54
1
1
2
14
2
5
3
43
2
7
3
60
30
5
2
60
3
7
3
55
17
7
2
7
2
3
3
7
3
2
1
29
2
1
4
39
8
2
4
36
1
4
1
17
14
1
1
44
2
6
4
1
13
5
1
17
9
2
4
4
5
5
2
25
1
1
1
52
2
2
2
27
3
2
4
42
3
1
2
9
1
4
2
36
2
6
3
30
17
3
3
68
12
3
3
4
23
1
3
27
2
6
4
32
12
6
4
66
1
4
3
65
13
7
4
4
25
5
3
52
14
4
2
5
1
6
2
6
3
4
1
52
1
3
4
49
3
5
1
15
4
6
1
44
3
2
2
3
1
4
1
65
1
4
4
44
15
5
1
39
4
7
4
54
4
2
2
54
1
6
1
42
2
6
4
60
5
6
4
40
1
2
