2
43
2
5
3
67
32
6
3
29
5
2
1
34
10
1
1
45
2
5
3
61
3
3
3
29
15
4
4
3
17
3
3
3
10
7
4
53
6
7
3
5
1
2
4
22
12
3
2
52
7
6
4
49
5
7
3
38
6
4
4
40
7
1
1
3
9
6
3
43
4
4
2
32
2
4
3
14
25
2
4
55
4
5
2
6
1
6
1
9
8
7
1
11
9
2
1
38
1
5
3
35
6
4
1
6
2
1
4
28
8
2
2
17
1
7
1
71
2
3
1
11
7
7
3
9
24
2
4
45
12
4
4
8
13
4
2
43
3
4
4
39
2
5
4
3
2
6
3
16
6
7
1
35
4
2
1
5
2
6
1
26
3
7
2
18
1
1
4
43
1
4
1
23
2
6
4
7
3
5
1
12
12
1
1
44
3
3
3
23
14
4
1
30
14
1
4
66
3
4
1
29
1
4
4
37
10
5
4
10
17
2
2
23
2
1
1
37
1
6
4
61
1
7
4
60
5
4
4
11
3
4
3
44
4
6
4
6
20
2
2
1
2
3
2
44
5
4
4
13
6
1
4
68
14
2
2
32
1
1
4
33
3
6
4
25
2
5
2
12
3
7
1
63
1
6
2
66
3
5
3
40
3
6
1
68
1
2
2
8
3
1
2
61
1
7
2
13
1
3
2
1
3
2
1
67
1
6
3
52
11
2
4
71
2
5
2
25
3
3
1
22
2
3
4
39
8
2
4
38
8
2
3
11
10
3
3
12
7
5
4
34
4
5
2
55
2
7
2
47
2
1
1
42
2
1
4
55
9
5
3
36
5
3
2
12
1
2
2
49
1
1
4
29
15
5
1
71
3
5
3
60
8
3
1
67
2
7
4
49
7
4
3
2
10
5
4
16
6
2
1
53
2
7
1
55
1
6
3
53
8
7
1
2
1
7
4
63
6
4
2
2
2
3
2
36
2
6
2
29
2
7
1
6
1
2
2
71
2
3
3
4
7
6
3
65
11
7
1
54
2
5
3
49
7
4
2
26
1
7
3
47
4
1
4
29
10
2
2
42
2
6
3
25
8
5
1
18
15
3
4
45
6
6
2
5
1
7
1
49
1
7
4
9
11
6
3
54
2
2
1
1
3
5
1
53
1
1
4
5
7
3
1
32
4
7
3
16
2
1
1
32
5
1
4
41
1
1
3
30
7
6
1
15
5
1
2
6
2
4
3
17
9
7
3
42
3
3
4
2
13
4
4
32
7
5
4
12
9
5
4
63
11
6
3
9
9
3
2
16
3
5
3
44
3
3
1
41
1
4
3
8
3
7
3
2
8
4
1
52
3
7
3
23
8
5
4
4
10
5
4
4
23
7
2
31
5
2
2
39
3
2
1
33
8
1
2
11
1
6
3
49
1
5
2
23
3
2
2
34
1
5
4
52
16
1
2
63
2
6
2
60
3
1
1
13
7
1
1
12
1
6
1
14
18
5
2
3
1
2
3
45
2
1
3
1
5
3
4
36
6
3
4
23
16
3
2
66
1
5
1
31
4
2
2
68
1
4
4
10
24
1
4
15
17
6
3
63
1
1
3
26
3
3
2
2
1
6
4
67
31
3
3
15
14
3
4
42
5
6
4
30
2
4
1
10
2
5
3
39
5
3
1
36
3
2
1
1
2
1
2
68
2
1
3
28
15
4
2
31
3
4
3
18
20
6
2
39
1
1
4
7
6
4
1
29
2
2
3
43
7
6
1
22
1
4
4
6
16
6
2
26
2
4
4
54
12
2
4
38
3
7
4
37
9
2
4
5
12
5
2
3
2
7
2
52
2
1
2
27
2
4
2
47
3
1
3
60
7
6
1
52
2
4
2
7
2
5
1
41
3
2
3
33
12
7
2
37
3
2
3
38
4
3
1
44
1
7
3
31
11
4
3
34
9
4
4
2
2
1
4
68
11
5
1
43
3
6
2
10
2
7
1
34
1
2
1
65
2
1
4
17
10
1
2
71
3
6
3
53
4
6
1
23
3
1
2
45
1
7
1
45
1
7
1
15
1
2
2
65
1
1
1
43
2
2
4
12
7
6
2
45
4
5
3
30
12
6
2
40
3
1
2
36
1
3
3
67
27
5
2
14
2
4
4
14
25
2
2
15
2
6
2
53
1
3
1
30
12
1
1
60
2
2
3
33
7
6
2
67
1
4
1
39
1
4
4
26
8
1
2
54
2
5
2
5
2
5
3
55
17
5
3
31
14
3
2
60
1
4
2
67
2
3
4
41
3
1
4
66
5
6
4
36
12
6
4
33
7
5
4
53
2
5
1
27
1
2
1
63
2
4
3
41
1
4
2
27
1
6
1
13
5
2
4
60
9
1
3
42
4
4
1
10
1
6
1
47
2
3
4
31
9
2
2
28
3
1
3
7
2
2
1
28
3
7
4
40
3
6
1
33
6
4
4
18
23
1
3
4
8
1
4
25
5
4
1
7
2
7
3
37
12
5
3
61
2
7
3
68
5
3
3
22
5
3
3
37
9
6
4
35
4
5
1
4
2
3
1
66
3
2
4
54
7
7
1
61
2
6
3
18
16
7
3
13
8
5
4
11
29
3
3
15
15
7
1
40
3
5
1
25
3
4
1
37
2
6
4
35
3
2
4
15
11
4
4
26
9
1
2
9
2
2
3
5
5
2
2
7
3
5
1
26
2
5
3
6
6
6
1
18
8
1
3
10
18
4
3
68
8
3
3
41
4
6
4
18
21
3
2
35
3
7
2
18
4
6
3
13
3
7
3
17
3
1
1
65
1
6
1
2
5
5
4
42
2
1
3
22
1
7
1
7
11
5
2
9
1
2
1
39
3
3
3
55
4
4
2
54
1
5
2
49
2
7
4
30
7
4
1
42
1
2
2
38
2
6
3
7
3
3
1
60
1
2
4
1
2
6
2
4
1
3
3
1
7
1
2
53
2
3
4
1
13
1
2
14
1
5
4
65
10
7
4
16
10
5
3
6
3
7
3
71
2
7
4
31
18
2
4
22
14
5
1
17
16
6
3
26
1
4
2
22
3
4
1
16
5
7
4
8
9
3
2
25
2
6
2
16
1
2
3
8
15
7
4
47
9
6
3
28
10
7
3
52
3
3
4
43
11
4
4
52
14
7
3
35
1
1
1
47
1
2
1
8
8
4
3
66
9
7
3
54
1
5
2
29
1
4
4
28
12
6
2
22
2
6
3
25
7
4
4
71
4
4
3
11
5
4
1
17
14
4
3
34
5
1
2
40
2
6
4
32
9
1
2
10
3
3
4
23
8
2
3
63
13
6
3
65
17
6
3
36
1
2
1
66
1
6
4
27
5
1
3
66
2
3
2
33
1
4
1
27
3
4
1
3
4
2
1
5
1
7
1
14
14
2
1
9
12
5
1
25
1
6
4
44
11
5
3
14
1
4
4
27
6
4
1
38
3
5
2
55
1
7
2
28
1
5
2
41
4
1
1
36
2
3
2
30
3
1
1
31
6
2
4
47
10
5
4
34
2
5
1
40
1
5
2
63
1
5
1
16
7
4
2
35
2
1
1
54
1
6
4
13
5
2
4
14
33
2
3
32
1
3
1
8
2
5
3
27
5
6
1
61
3
2
1
49
2
4
2
61
2
4
3
40
1
3
4
65
12
3
2
4
2
4
4
17
1
2
2
8
2
7
4
61
10
3
4
9
33
3
3
45
3
2
3
12
6
6
1
55
2
6
3
39
6
6
2
37
2
1
2
13
3
5
3
47
5
2
4
44
14
6
2
11
2
4
3
27
11
5
3
10
25
3
2
44
3
3
2
34
3
3
1
35
3
2
3
3
7
7
2
65
4
4
2
38
3
1
3
32
12
2
2
17
3
2
2
42
4
2
1
68
2
2
2
41
5
4
3
71
4
5
4
67
14
3
2
30
1
7
1
4
5
4
1
28
2
5
2
15
1
4
2
33
2
7
