2
22
3
6
2
38
2
4
4
41
1
6
3
10
25
6
3
41
4
4
4
33
9
1
3
16
8
5
4
43
10
7
2
65
1
5
2
36
1
4
4
1
2
7
4
66
5
2
3
36
12
2
4
22
9
3
1
40
1
6
1
63
2
5
1
54
1
5
4
12
9
7
4
68
25
2
1
43
1
7
2
45
4
2
1
4
4
5
1
49
1
6
1
26
1
1
2
49
1
3
3
7
5
5
1
53
1
4
1
53
2
7
1
38
1
3
3
23
14
6
1
23
3
3
3
6
3
4
1
34
9
5
2
38
5
1
4
2
4
7
2
25
1
1
2
7
2
5
1
36
2
3
4
53
2
4
2
54
2
6
2
61
2
3
1
14
7
1
1
52
1
2
4
6
1
3
4
37
2
6
2
9
3
7
3
42
4
5
2
17
1
2
4
55
10
2
1
1
2
6
4
2
3
6
2
71
1
2
1
7
8
5
3
32
5
4
3
68
6
6
3
17
8
1
4
40
3
2
1
36
1
6
2
26
2
3
2
14
2
5
4
27
10
1
2
7
3
4
4
35
2
5
3
43
5
7
3
52
17
5
3
45
7
4
1
31
16
3
4
52
12
6
2
60
2
7
2
12
2
1
2
10
1
3
3
38
7
1
3
61
4
6
4
12
3
4
4
68
16
4
4
7
1
1
4
60
4
1
1
1
1
5
3
55
11
6
2
32
1
4
3
49
6
5
4
10
29
3
1
49
2
1
1
4
2
4
1
15
1
1
3
4
8
5
4
45
5
3
4
17
16
4
3
15
4
5
2
16
3
5
2
53
3
6
4
41
3
2
2
25
2
5
3
23
16
1
4
9
27
4
4
42
5
1
4
44
1
7
2
18
4
2
4
11
6
4
2
13
2
5
1
40
2
4
3
33
7
5
3
66
2
5
4
44
15
6
1
44
3
3
1
16
6
2
1
33
1
7
4
34
12
5
1
68
3
1
1
28
2
6
1
63
1
7
2
29
1
6
4
26
5
4
4
53
12
3
4
45
2
6
1
67
2
5
2
66
2
7
1
18
4
7
1
30
18
2
3
8
16
6
3
33
6
5
1
27
1
5
4
11
10
2
4
28
4
1
1
65
1
2
2
34
1
1
3
40
3
7
4
18
9
7
4
17
23
7
4
36
14
1
3
1
8
1
2
11
3
6
3
38
12
4
3
47
2
5
2
42
2
1
4
33
11
2
4
71
1
4
2
33
1
2
3
3
2
4
3
28
2
7
4
32
3
4
4
61
12
4
3
9
27
3
2
10
3
3
1
15
4
3
3
52
1
6
3
41
1
5
4
31
15
3
4
22
1
6
3
26
11
6
1
2
5
4
1
43
3
4
1
67
1
2
1
35
3
1
3
28
1
4
4
35
3
3
2
65
2
6
4
1
9
5
1
6
1
4
2
68
2
5
2
43
4
5
1
41
2
2
4
5
18
7
4
38
3
4
3
2
7
7
1
25
2
3
4
25
8
2
1
31
4
4
1
35
1
3
1
55
1
2
3
3
4
2
4
9
13
7
3
60
1
1
3
71
3
1
4
16
9
7
3
39
4
7
3
5
3
4
1
14
6
7
3
54
1
7
4
27
6
4
2
15
2
6
3
55
4
5
3
34
9
2
1
30
15
5
1
22
3
3
3
53
7
4
3
49
4
5
1
3
8
6
2
41
1
4
1
9
1
2
4
40
5
7
2
60
4
6
2
63
2
2
1
8
16
7
4
6
5
3
2
41
3
1
3
68
7
6
2
34
2
3
2
9
2
7
1
12
2
4
4
32
8
6
2
63
3
5
3
8
19
7
3
44
6
6
1
37
2
4
2
13
3
4
1
17
2
5
4
29
15
3
2
55
3
6
3
13
8
1
3
35
5
1
2
45
1
6
2
18
2
4
2
55
2
2
2
31
5
2
4
47
7
6
2
68
3
6
3
17
5
6
1
13
3
7
4
23
7
2
3
5
4
2
2
40
3
6
4
43
9
4
2
1
2
3
4
3
2
4
4
65
9
6
1
18
11
3
4
26
4
2
4
66
2
2
1
11
10
5
2
32
3
7
3
37
7
5
1
71
3
1
4
37
13
5
4
63
4
4
3
27
14
1
4
4
5
2
3
65
10
7
2
3
2
6
4
61
6
2
2
6
2
6
2
3
3
5
1
32
2
6
3
60
15
6
2
66
1
4
1
26
3
5
1
66
2
4
1
47
2
7
1
39
2
7
4
60
6
2
2
26
3
6
2
71
2
1
3
30
19
4
3
15
10
5
2
67
1
5
3
12
5
3
3
31
15
3
3
13
6
4
1
29
1
6
2
39
2
2
2
4
2
5
2
35
1
7
3
67
32
6
2
23
1
6
1
61
3
6
4
67
15
3
3
11
3
5
2
16
2
7
1
42
2
2
3
67
38
2
4
29
10
2
2
4
1
1
4
36
6
7
1
47
1
6
2
52
1
7
3
37
4
2
2
33
3
4
4
7
9
2
3
45
1
6
1
11
2
7
4
16
12
3
2
35
2
3
4
54
8
5
1
5
2
1
2
53
1
2
4
30
1
6
3
12
2
3
2
39
1
1
3
9
26
1
3
31
13
1
4
18
13
7
4
55
2
4
2
36
3
2
3
35
8
2
1
45
2
3
3
10
14
6
4
23
21
1
1
38
2
7
3
27
7
5
3
2
9
7
2
47
1
4
3
14
2
4
4
39
7
3
1
2
1
3
4
13
7
3
3
29
12
5
2
37
2
7
3
65
20
4
1
7
6
5
2
44
4
1
1
9
2
4
2
44
5
3
1
25
3
6
1
13
4
6
3
22
3
2
4
13
2
7
1
42
1
5
2
5
2
1
4
14
19
5
1
23
1
6
2
43
3
3
1
32
3
3
1
33
6
7
2
12
3
3
2
22
1
3
1
71
1
3
1
66
3
4
2
42
4
3
4
38
9
1
3
36
15
7
3
11
11
6
2
2
1
7
4
28
7
1
1
41
1
3
1
28
3
6
4
54
9
1
1
60
2
5
3
22
4
6
4
8
1
6
3
63
4
3
2
28
3
1
4
65
14
1
4
25
5
4
2
29
2
5
4
52
19
7
2
52
4
7
3
30
8
2
1
27
3
1
2
54
1
2
1
34
1
1
3
39
7
7
3
14
3
1
4
3
11
4
2
17
2
6
2
30
4
1
4
30
8
2
4
31
2
1
2
11
2
2
4
39
10
1
1
8
10
2
2
27
3
6
4
42
3
5
4
10
22
5
2
47
3
2
3
42
2
7
4
47
10
2
2
15
3
1
3
4
11
6
1
12
14
5
4
67
26
7
3
6
4
4
2
30
3
1
3
54
2
6
3
25
9
7
3
47
6
1
4
71
5
4
3
7
2
2
2
31
2
7
3
53
5
7
2
5
1
5
1
37
1
2
1
10
8
3
3
40
6
1
4
63
12
4
1
61
1
4
3
66
3
4
3
34
2
5
2
49
3
6
2
1
3
2
2
8
3
3
1
55
2
5
3
16
4
2
2
28
1
1
4
15
25
1
2
40
4
3
1
44
1
5
2
8
2
1
3
25
1
2
3
32
3
7
2
14
3
4
3
18
4
5
4
49
5
4
4
14
7
7
3
71
1
5
3
29
9
4
1
39
3
2
1
10
1
1
3
63
3
3
1
22
2
6
2
27
1
7
3
1
4
7
1
3
5
1
1
52
3
6
2
37
1
1
3
26
5
1
1
16
5
7
2
67
2
6
1
17
14
2
4
15
23
7
3
18
7
2
4
8
14
6
3
44
9
1
4
5
8
1
4
49
2
6
1
68
2
5
2
61
1
4
4
4
11
1
3
61
8
5
1
6
2
5
1
45
1
2
1
5
1
2
2
6
3
3
4
34
4
2
1
54
2
3
2
2
2
4
1
60
1
6
2
23
3
1
3
43
3
2
1
65
2
6
1
29
2
4
