4
32
10
5
2
17
1
1
4
67
22
6
1
32
1
5
4
42
2
7
4
63
10
6
4
26
9
3
3
71
1
4
2
42
3
7
1
35
3
7
3
17
7
7
1
39
2
1
3
37
2
2
4
45
14
3
1
3
11
3
1
16
5
6
2
15
3
5
2
3
3
6
3
25
7
1
2
54
1
2
3
32
8
2
2
60
3
4
4
18
23
2
1
30
17
5
3
26
1
7
3
42
4
2
1
18
7
2
2
36
4
6
3
12
2
4
2
3
1
3
4
67
15
5
1
63
2
6
3
23
13
4
3
30
4
7
4
25
6
1
4
29
6
3
2
12
2
4
2
34
1
2
4
28
9
2
3
37
9
3
2
45
3
2
1
49
1
4
1
41
3
5
3
65
10
6
4
65
8
7
1
2
7
7
3
22
11
4
4
2
12
7
4
5
12
3
4
22
18
7
2
53
1
2
1
9
1
6
2
60
4
2
1
23
2
1
1
35
1
1
3
49
8
5
3
14
10
3
1
40
2
2
1
18
11
5
2
7
1
5
4
43
10
4
2
66
2
6
3
12
7
3
3
55
12
5
4
33
10
2
3
68
2
5
3
5
4
7
1
22
1
3
3
30
24
4
1
71
1
7
1
53
1
5
2
67
1
7
1
55
2
5
2
54
2
1
2
22
1
6
1
45
1
2
2
52
5
6
1
8
7
6
4
55
5
3
2
23
3
4
3
27
7
7
2
40
4
2
2
23
1
7
2
8
3
6
3
10
18
6
2
44
4
1
1
16
2
5
3
67
6
1
4
22
3
4
3
25
2
5
1
44
2
2
4
61
6
2
1
14
15
1
4
31
6
5
3
47
4
2
1
66
1
6
1
15
2
6
2
18
2
5
2
9
2
4
2
5
1
4
1
55
1
7
3
38
7
2
1
1
1
4
1
23
3
3
1
34
2
5
1
61
1
2
2
63
1
1
1
66
2
6
1
4
1
5
3
32
5
7
4
9
6
6
1
40
1
1
3
8
17
1
3
45
2
1
3
61
2
7
2
22
3
1
3
43
5
4
4
52
5
3
2
29
3
2
3
7
5
1
4
37
10
1
2
16
1
1
3
54
1
3
4
42
4
6
4
49
5
1
3
63
5
3
3
66
4
6
1
27
1
1
2
49
3
3
1
49
2
4
3
31
29
3
1
14
11
3
3
15
1
1
3
18
22
4
1
26
3
4
1
37
2
6
4
33
2
4
3
39
9
5
3
10
12
3
2
37
4
4
1
61
2
7
2
1
2
4
2
37
3
2
2
45
1
7
2
33
1
4
2
1
3
7
2
65
1
4
4
12
8
1
2
6
1
2
2
30
5
6
1
67
3
3
3
29
9
1
4
13
8
7
4
68
25
6
2
33
2
5
3
35
5
7
4
34
9
5
3
33
10
7
4
39
6
2
4
15
16
6
4
66
4
5
3
15
7
4
1
31
9
7
3
6
4
5
2
25
3
7
3
67
13
7
3
60
13
1
2
55
3
1
4
10
30
2
1
32
2
6
1
8
2
1
2
17
3
3
4
55
8
4
2
47
1
6
1
41
1
5
3
68
17
5
4
28
13
3
2
41
1
6
1
13
6
1
1
27
3
4
4
25
3
3
1
53
2
7
4
30
3
4
2
31
3
7
1
29
2
4
3
44
4
7
3
35
2
7
1
52
1
4
3
29
17
2
2
28
1
5
1
34
10
2
1
42
1
5
3
45
4
5
1
11
7
4
4
3
12
5
3
36
6
6
1
47
1
6
2
7
2
3
3
63
8
7
3
7
1
1
2
30
3
4
1
5
2
2
3
36
3
7
4
53
2
5
4
71
2
3
1
38
2
2
1
33
7
5
2
65
2
2
4
13
15
2
4
31
14
3
4
63
9
1
4
9
7
5
1
45
2
7
4
52
2
5
4
16
10
5
3
54
2
3
3
3
9
6
1
22
3
5
2
35
1
5
3
8
8
1
1
43
3
3
4
60
1
4
1
11
8
2
2
14
1
3
2
43
5
1
2
55
1
3
3
44
2
4
4
27
10
4
3
3
5
5
4
32
12
6
4
4
21
7
1
28
1
6
3
40
5
4
1
7
4
7
1
6
2
3
3
11
17
2
2
9
3
4
3
9
6
7
2
11
2
6
4
23
7
4
3
66
8
1
2
14
3
4
3
71
5
5
4
5
5
3
2
16
2
4
3
13
5
3
3
17
1
7
3
60
29
4
4
6
2
2
3
52
11
7
4
43
3
5
2
13
2
4
4
4
10
3
2
43
4
7
3
43
2
5
4
61
5
2
1
17
1
1
1
54
3
4
4
37
11
4
3
16
2
2
4
68
18
2
2
4
3
2
1
2
4
4
1
52
2
5
2
47
3
6
1
5
1
5
2
8
2
2
3
41
4
3
3
27
15
7
4
41
1
1
4
47
2
5
4
23
21
4
4
1
5
2
3
22
10
1
4
8
15
1
2
34
3
6
4
45
5
2
2
10
3
5
4
41
3
6
4
38
8
6
2
32
3
5
3
1
5
5
2
38
1
1
2
35
3
4
3
39
3
6
1
12
3
3
2
41
3
5
2
44
3
2
3
14
5
3
1
42
2
1
3
61
11
6
4
66
1
2
4
47
1
6
1
3
8
4
1
26
2
6
2
10
2
2
2
68
3
5
1
67
2
1
4
17
12
5
3
4
3
2
1
63
1
3
3
11
10
5
4
14
34
5
4
53
10
5
1
17
16
2
1
39
3
6
2
68
2
7
3
28
9
5
1
29
1
6
4
15
9
2
4
54
1
4
3
16
7
7
1
15
4
5
1
31
11
4
1
9
13
1
2
32
2
5
3
38
4
4
4
10
18
2
4
44
19
4
4
11
29
2
1
36
1
1
2
63
2
1
1
44
3
6
2
2
2
6
2
42
4
4
4
36
13
6
3
53
6
1
2
38
4
2
2
71
2
2
1
71
2
3
2
18
4
1
1
13
4
5
4
49
7
7
3
28
11
7
2
39
3
2
4
60
6
3
3
18
24
4
2
12
3
1
4
2
5
7
1
36
2
3
4
14
14
1
2
53
3
7
2
5
3
5
1
60
2
1
4
30
6
7
3
41
3
3
4
35
1
6
4
35
4
7
4
6
14
3
4
12
6
7
4
11
10
7
4
8
14
5
2
15
1
3
1
30
15
6
3
2
11
7
1
25
3
7
1
60
1
1
1
4
8
6
2
31
2
7
1
38
3
5
3
40
1
2
4
40
8
2
2
40
3
4
4
36
4
2
2
4
1
6
2
6
2
1
4
17
23
2
3
9
8
7
2
67
2
3
3
52
1
6
3
2
8
3
2
27
2
2
2
28
3
5
4
29
12
4
1
12
17
7
1
10
5
6
1
37
1
2
1
65
1
5
3
26
12
3
1
1
2
4
2
52
2
4
4
18
12
5
3
33
12
2
2
26
4
2
3
13
2
7
1
68
2
5
4
39
7
5
3
4
26
2
3
47
2
5
4
1
1
5
4
40
7
5
3
49
6
5
1
25
2
2
4
27
1
3
3
34
2
7
4
71
6
5
1
43
1
4
4
34
8
1
4
38
4
2
2
11
3
7
3
42
2
3
2
13
1
2
3
23
14
3
1
10
1
5
1
28
3
4
1
68
3
2
2
36
5
5
4
16
9
3
4
44
18
1
3
55
15
1
4
54
7
4
1
7
2
7
3
53
7
6
1
54
2
6
1
47
2
1
2
66
1
2
3
1
3
7
2
2
1
7
1
33
1
5
2
49
1
1
1
65
2
7
2
29
1
6
3
6
6
5
2
26
2
6
2
61
3
3
1
6
1
2
2
71
1
3
3
65
12
6
4
3
13
3
2
61
1
5
2
39
4
5
2
25
1
1
4
65
14
2
3
34
8
1
2
27
1
5
4
7
3
2
4
26
7
2
3
31
14
1
4
7
1
5
3
5
2
4
