2
7
2
9
1
15
2
12
1
61
2
9
3
22
11
6
3
3
3
4
3
63
11
2
2
65
3
12
3
66
9
4
1
40
1
10
1
35
1
5
3
65
12
1
2
65
1
1
1
44
1
5
1
55
2
6
2
4
1
7
2
28
2
9
1
26
2
1
3
15
13
3
3
12
4
10
1
36
3
10
2
8
2
12
2
7
3
9
3
45
4
5
3
32
11
2
3
43
6
2
3
7
5
3
1
71
1
8
2
60
2
10
1
33
6
3
2
37
2
1
2
63
3
1
3
1
9
1
3
55
14
1
1
9
7
5
1
52
2
6
3
38
1
9
2
30
1
6
1
33
1
10
3
18
11
4
3
25
2
6
2
33
1
3
3
31
13
3
2
6
2
4
3
67
38
11
2
3
1
8
3
41
3
7
2
42
1
11
2
27
2
6
1
54
1
12
3
71
5
12
3
10
17
8
3
42
2
7
1
40
3
5
2
54
1
8
2
2
1
6
1
65
2
3
1
66
1
2
3
34
5
11
2
29
3
10
2
13
1
5
3
38
2
1
1
23
2
9
2
47
2
3
2
45
2
9
3
43
3
8
3
68
8
5
1
18
5
6
1
68
1
11
1
28
3
12
3
31
11
10
1
67
3
10
3
29
7
11
3
61
11
8
3
65
1
5
1
22
1
8
2
55
2
2
3
49
6
3
2
41
3
8
1
31
7
6
1
47
3
6
2
68
4
6
3
6
6
9
1
45
2
11
2
60
4
7
1
17
3
4
3
54
1
12
3
60
18
8
1
27
2
8
3
66
4
2
3
49
2
2
3
4
8
3
2
71
2
6
3
16
3
10
2
10
3
7
3
8
19
1
1
8
13
9
1
26
3
7
1
49
1
1
2
15
2
3
1
35
4
3
1
16
5
9
2
35
1
11
2
14
2
5
2
26
4
2
3
10
19
1
1
1
1
11
2
63
2
6
2
52
2
3
3
63
2
7
3
37
6
5
2
32
2
6
2
42
2
2
3
2
10
6
1
29
1
9
2
61
2
12
3
27
8
2
1
55
1
5
3
44
3
9
1
30
14
9
2
67
1
4
1
28
1
6
1
38
1
9
1
8
15
9
1
63
2
6
1
71
2
4
3
45
2
4
2
61
3
8
2
44
2
12
1
14
17
3
3
8
7
11
3
23
15
7
1
31
8
3
2
18
3
9
2
12
2
7
3
30
11
1
2
36
4
11
3
47
3
9
1
42
2
2
2
22
1
4
3
13
3
11
3
9
2
6
1
2
5
10
2
68
2
8
2
32
1
2
1
41
2
5
2
12
3
12
1
45
1
6
1
22
3
8
3
13
9
4
3
25
7
8
1
60
2
10
1
43
2
4
3
60
22
8
2
41
2
6
2
39
2
10
1
7
9
11
2
55
1
2
1
66
2
1
2
34
2
3
3
9
31
10
3
67
5
4
1
16
6
6
3
26
6
7
2
35
2
9
1
14
6
5
1
67
2
8
3
1
6
7
1
34
6
1
2
1
1
7
3
39
8
10
1
2
6
7
2
49
2
7
2
31
4
11
2
33
2
4
2
71
1
9
2
66
1
8
1
36
1
12
2
40
4
9
1
11
8
7
3
6
4
8
3
17
15
12
2
66
3
5
3
7
3
9
2
30
4
7
3
15
6
2
3
47
10
5
1
63
1
10
2
53
1
2
3
40
4
2
3
23
4
5
2
5
1
1
3
33
15
10
1
25
2
8
1
32
6
10
1
60
1
6
2
16
3
8
1
47
1
1
2
37
4
1
1
32
7
11
2
11
2
12
1
34
11
8
2
54
2
3
3
36
1
1
1
53
2
10
2
14
1
11
2
34
3
9
1
6
1
1
3
33
13
8
1
49
2
1
3
26
9
1
3
12
2
3
2
18
4
5
2
29
2
6
1
23
3
1
1
9
10
5
1
39
4
8
3
17
13
6
1
39
2
4
3
52
15
3
1
30
8
11
2
23
2
3
1
4
6
5
2
52
4
9
3
16
5
12
1
41
3
5
1
11
12
10
3
61
3
8
2
40
1
11
2
43
5
9
1
5
1
8
1
42
1
10
2
9
2
6
2
6
3
8
3
53
2
9
2
43
4
12
1
12
7
8
2
31
2
12
2
28
3
2
3
32
10
1
1
15
1
12
1
12
6
2
1
6
2
12
3
36
4
12
1
61
1
7
2
23
1
5
1
4
8
1
2
25
1
1
3
30
21
9
2
22
3
3
3
5
2
3
2
49
1
10
2
2
3
7
3
35
8
5
2
1
2
10
2
3
3
2
3
11
10
1
3
4
12
8
1
13
8
12
1
25
3
8
3
71
3
9
1
3
10
1
3
3
4
7
2
67
2
8
2
11
3
3
2
44
5
4
1
1
2
9
3
53
5
2
1
44
2
3
3
39
5
2
2
16
2
3
1
17
1
4
2
17
2
5
1
13
7
12
1
38
3
2
2
13
3
3
2
15
3
3
2
8
3
9
1
3
3
10
2
4
3
9
3
35
4
12
3
34
8
3
1
18
9
6
2
25
3
9
2
17
1
8
1
37
1
10
3
5
5
2
2
38
4
4
3
42
4
11
2
53
3
10
1
29
3
11
3
40
5
3
3
18
6
6
2
5
2
1
2
47
1
9
1
54
3
2
2
10
1
10
1
5
2
10
2
36
5
11
2
27
1
12
1
7
11
7
1
53
1
1
1
27
3
10
3
29
13
5
2
26
1
8
1
68
3
5
3
22
9
8
3
52
11
6
2
38
5
5
1
65
1
9
1
37
2
3
1
10
2
9
1
52
3
7
2
9
1
12
3
2
11
9
3
14
22
10
3
54
2
10
2
45
3
3
3
44
1
8
3
41
2
1
3
55
3
10
3
28
7
2
1
43
1
7
3
68
3
12
3
27
11
4
3
28
4
11
3
37
12
8
3
14
9
12
2
39
3
5
3
11
1
6
1
10
1
12
