2
14
3
11
3
25
2
8
2
10
2
2
3
68
1
4
2
55
1
11
1
1
3
9
1
68
1
12
2
23
1
9
1
34
2
5
3
9
23
7
3
27
17
4
3
32
2
7
2
61
1
7
2
22
1
8
3
6
1
12
1
5
2
6
2
38
3
7
2
31
1
5
1
26
3
3
2
33
2
1
2
43
1
8
3
15
9
2
1
32
5
9
2
54
1
4
2
49
3
5
3
37
6
9
1
52
1
3
3
60
1
12
2
63
2
2
2
4
3
3
2
30
5
2
2
42
4
10
1
33
6
7
2
40
1
11
3
52
17
8
2
31
5
9
3
8
9
10
2
17
2
7
1
53
1
6
3
28
6
3
2
5
2
12
1
36
1
11
1
39
3
4
3
33
5
3
1
30
5
7
3
34
7
4
2
7
2
10
1
25
1
9
3
22
8
5
1
68
3
11
2
14
2
11
3
45
1
7
1
7
11
4
2
34
1
5
3
71
2
7
1
11
1
12
3
66
2
2
3
7
3
7
1
65
2
11
3
23
13
1
2
16
3
12
2
68
4
4
1
49
1
3
2
37
2
6
2
67
2
4
3
47
8
4
1
47
2
2
2
26
2
12
1
29
2
11
1
41
1
8
3
68
4
4
3
27
2
5
3
34
10
9
2
35
2
12
1
55
2
8
1
37
1
9
2
35
1
11
1
29
1
7
3
42
4
2
3
41
3
9
1
49
2
3
2
68
2
7
1
6
2
3
2
2
1
2
1
25
3
11
2
30
1
12
2
44
3
8
1
35
1
4
3
9
32
10
1
42
2
1
2
65
4
11
2
3
3
6
3
60
22
2
1
66
2
9
2
18
2
9
3
42
2
6
3
36
14
12
2
60
4
10
2
44
4
8
1
18
13
5
1
63
2
12
2
12
3
5
3
45
3
12
1
4
3
4
1
11
10
5
3
6
2
2
2
66
1
9
1
17
6
4
1
6
1
1
2
17
1
10
2
55
3
10
2
18
3
4
3
2
1
2
2
54
2
11
2
41
1
3
2
9
1
1
3
17
1
11
1
44
3
9
2
41
2
6
1
10
4
4
1
67
1
11
3
31
21
4
2
3
1
5
2
6
3
7
1
47
1
7
1
53
2
4
1
23
1
8
3
11
20
10
3
39
5
5
3
5
1
9
1
39
1
10
1
26
2
8
1
16
4
7
2
39
3
2
3
54
1
2
3
10
26
8
2
71
3
6
2
32
3
12
2
8
3
6
2
49
1
10
1
33
2
6
3
55
8
2
3
53
2
8
1
42
1
6
3
25
4
2
2
16
2
5
3
3
5
1
2
2
2
11
1
55
1
8
1
1
1
9
1
71
1
9
3
29
14
12
3
65
19
1
3
61
7
11
1
9
7
7
3
1
3
7
2
23
3
11
3
2
5
3
3
47
7
1
1
14
4
3
3
10
22
1
3
8
5
12
2
13
2
1
2
71
2
3
3
32
3
12
3
30
9
11
1
34
3
5
1
54
2
1
1
3
4
12
3
30
17
2
3
63
4
8
1
16
2
5
1
36
2
12
3
23
8
6
1
7
10
5
3
38
4
2
2
36
1
10
1
63
1
7
1
61
1
5
1
44
2
5
1
30
13
6
1
15
1
4
1
52
3
5
1
14
11
8
2
7
1
10
3
18
12
11
3
52
5
11
2
37
4
7
1
45
2
12
3
18
8
11
3
54
2
7
2
61
3
1
1
17
12
5
2
47
1
10
2
65
1
2
3
35
2
8
1
40
2
11
3
13
5
10
3
35
5
8
1
31
16
10
3
44
10
1
2
29
3
11
2
4
1
8
1
61
3
3
3
16
4
4
2
66
3
4
1
22
2
12
1
2
2
1
3
43
6
1
3
43
1
8
3
4
26
1
2
5
1
2
1
12
8
4
2
36
2
3
1
71
3
6
3
37
8
5
3
71
4
11
3
12
7
8
3
11
26
6
1
23
2
11
2
10
3
9
3
66
1
5
1
3
7
1
2
26
3
1
2
34
2
2
3
33
12
3
1
15
5
11
2
25
1
5
3
38
9
9
1
9
11
6
3
4
2
3
1
43
2
3
3
61
5
7
3
44
3
6
3
29
16
7
3
7
2
11
3
67
35
11
1
37
2
7
1
43
3
9
3
13
1
1
3
40
1
12
1
41
2
4
1
66
1
4
2
27
3
3
2
11
3
8
3
5
4
6
3
49
1
6
2
27
2
1
3
53
6
3
1
45
1
1
2
39
4
6
2
22
3
2
3
55
3
1
3
26
4
1
3
26
6
12
1
28
1
3
3
22
7
4
3
67
19
12
1
60
1
7
1
65
1
8
2
8
2
10
1
13
3
12
2
28
3
10
2
53
2
12
3
17
12
3
1
10
8
7
1
12
12
7
2
38
5
2
1
60
2
12
1
28
2
4
1
38
1
12
1
54
3
12
1
13
4
6
2
9
2
5
2
33
1
4
1
31
10
10
2
12
1
1
3
39
10
2
2
25
3
9
3
12
3
5
3
31
27
7
2
32
4
4
3
40
2
11
1
22
1
12
3
14
4
9
2
67
1
10
2
1
3
10
1
27
1
6
2
45
2
4
2
52
6
12
3
3
7
4
2
43
4
11
2
15
3
5
1
8
13
10
3
28
3
6
1
18
5
6
2
63
1
7
2
40
3
10
3
41
2
5
3
14
24
3
3
63
3
11
2
52
7
9
2
28
1
2
1
40
3
4
1
5
1
12
2
42
2
2
2
53
3
11
2
60
3
1
3
49
7
8
3
65
14
2
2
29
1
2
2
1
2
2
1
32
1
12
1
8
17
7
1
27
3
7
2
6
2
11
1
35
4
7
2
45
3
8
1
4
4
6
1
67
2
3
1
2
6
3
3
15
14
11
2
47
4
6
2
13
1
6
1
38
3
1
3
1
6
2
2
15
2
6
3
36
8
12
2
11
1
12
3
16
5
10
