1
9
14
1
3
6
1
4
1
3
4
8
1
7
4
9
2
3
1
4
1
25
2
5
3
34
4
11
2
6
1
3
1
11
1
3
2
17
3
3
2
35
2
10
3
40
3
11
1
4
4
10
2
32
3
12
1
34
4
4
2
67
2
4
1
30
5
3
2
60
1
10
1
12
5
11
3
16
3
1
3
49
8
9
2
40
2
11
2
31
1
8
1
66
1
10
1
10
5
4
1
26
1
12
2
45
3
6
1
53
2
12
3
7
2
10
2
36
1
10
2
49
4
7
2
41
5
5
3
33
23
12
1
16
6
7
2
45
1
10
1
54
2
2
2
35
1
10
1
28
1
4
1
40
2
11
1
22
2
10
2
68
4
7
3
52
1
3
1
44
3
11
3
6
2
11
1
61
1
9
3
16
5
10
2
29
1
8
3
4
18
11
2
41
4
2
2
63
3
3
2
10
1
11
3
37
11
10
2
39
4
5
2
4
1
1
1
60
1
4
1
8
3
3
2
61
2
5
3
30
15
8
1
33
3
4
1
4
6
2
3
17
11
8
2
16
1
2
1
32
3
10
2
30
4
9
3
47
4
9
2
37
3
10
1
11
5
2
1
52
3
4
1
55
1
8
3
28
14
4
1
38
2
8
2
12
1
10
2
61
3
3
3
8
6
1
3
63
9
7
2
52
5
8
3
44
9
4
1
2
5
1
1
71
1
1
3
4
17
8
3
29
9
8
1
2
4
12
1
54
3
7
3
14
15
5
1
68
3
6
2
7
1
9
2
54
2
7
1
63
1
1
3
13
9
4
3
68
14
4
1
5
1
11
3
36
5
10
2
5
2
9
1
18
11
4
1
14
15
10
2
25
2
12
1
1
3
9
2
71
2
2
1
17
15
5
3
33
24
5
1
36
3
4
3
12
1
5
3
38
6
7
3
3
8
6
3
63
5
4
1
45
1
7
1
47
1
3
2
3
2
5
2
32
4
10
1
23
1
5
1
35
4
10
3
31
5
5
1
65
2
1
3
43
5
2
1
68
2
1
1
53
1
12
2
22
3
9
2
1
1
5
1
47
2
11
3
17
5
2
1
28
3
6
3
66
1
5
3
47
5
2
3
11
13
7
2
14
1
2
1
63
2
9
1
42
1
9
1
18
10
2
1
17
3
6
2
1
3
11
3
14
25
11
2
22
1
5
2
36
4
12
1
43
3
7
1
37
2
5
3
60
3
4
2
37
4
1
3
42
3
4
2
65
2
12
2
47
4
2
2
13
3
7
3
32
1
4
2
14
3
5
1
49
2
9
1
52
2
5
1
55
2
10
2
29
3
10
3
68
12
5
2
71
1
4
2
55
2
11
3
34
1
10
1
5
2
9
1
30
8
5
2
65
4
4
3
45
2
3
1
10
2
10
3
26
5
10
2
18
4
4
1
12
2
8
2
16
2
11
1
22
1
6
1
67
1
10
3
71
4
12
3
49
1
5
3
39
4
8
2
38
3
11
3
35
3
4
2
6
3
12
2
23
1
4
2
23
3
4
2
33
3
10
3
27
1
2
1
31
9
7
1
33
5
7
2
9
1
4
3
10
26
3
3
41
4
7
3
9
9
6
1
44
4
9
1
66
2
10
2
34
1
2
2
30
3
8
3
41
2
4
2
34
3
6
2
4
3
9
1
13
1
9
1
60
2
12
1
27
1
12
2
67
1
1
2
60
2
5
2
27
3
10
1
1
2
5
3
54
1
12
2
11
2
7
1
39
3
8
1
7
3
2
1
42
2
9
2
44
2
10
2
2
1
8
2
47
3
5
3
9
32
10
3
13
4
11
1
14
11
8
1
38
1
4
3
45
1
12
1
61
2
10
2
66
3
9
1
67
3
9
3
65
2
7
3
55
17
9
2
68
1
12
1
41
2
10
3
61
9
12
1
43
1
5
3
55
8
11
2
17
1
8
1
16
5
2
3
67
20
4
3
38
11
9
3
8
2
10
3
29
13
8
2
55
3
9
1
36
1
5
2
38
2
4
3
39
7
11
3
65
21
9
1
15
4
8
3
7
3
9
3
32
7
6
3
1
2
9
1
23
3
3
2
18
3
2
1
35
2
11
2
25
3
9
1
49
1
11
1
15
1
10
1
26
2
1
2
7
3
7
2
33
1
2
3
5
3
10
2
11
3
2
2
42
2
4
3
53
5
2
3
71
3
7
2
31
4
10
3
18
20
11
2
43
1
7
3
5
1
11
1
37
1
7
2
66
1
6
3
3
4
6
3
40
4
2
3
52
3
6
1
41
3
8
1
29
1
11
2
27
1
10
2
52
1
10
1
29
3
8
2
8
1
2
2
44
5
6
3
28
9
5
2
53
2
8
2
49
3
1
2
28
1
12
3
2
9
1
3
37
12
4
3
26
10
12
1
27
2
8
3
2
8
4
2
39
1
11
1
31
8
5
3
35
8
4
3
67
13
6
2
2
3
7
1
40
3
7
2
63
1
11
3
43
6
3
3
10
22
2
2
12
2
12
2
10
3
6
1
25
3
4
3
18
18
10
2
53
3
1
1
39
4
6
2
13
1
5
3
11
23
6
1
32
4
3
1
65
1
3
3
54
2
9
3
12
5
3
1
34
7
10
1
8
7
5
3
61
11
10
2
8
3
6
3
31
24
7
1
6
1
7
1
71
3
11
3
15
4
2
3
36
8
10
3
15
7
11
3
1
5
9
2
5
3
7
2
26
2
7
3
22
7
8
1
6
2
10
2
9
3
8
2
42
3
1
3
44
4
6
2
15
3
7
2
54
1
12
3
42
4
5
1
9
10
7
3
60
9
8
1
13
5
11
3
53
7
10
3
23
10
7
2
28
3
1
2
26
3
7
1
45
2
1
2
43
4
7
3
23
13
5
2
15
2
7
3
30
7
10
3
25
8
3
3
27
3
7
3
22
6
6
1
3
8
6
3
25
4
9
2
40
1
7
3
66
5
3
