1
43
3
6
3
16
1
2
3
31
26
5
1
40
1
4
1
71
2
1
1
12
10
7
3
12
4
9
3
36
11
4
3
13
7
4
1
1
3
2
1
11
10
11
1
30
3
6
2
34
2
12
3
6
4
5
3
66
2
1
3
65
10
7
1
67
3
11
2
18
4
5
2
54
2
5
1
5
1
6
1
33
5
4
3
7
5
1
2
53
1
7
2
40
4
2
1
16
2
9
2
33
3
11
2
61
1
4
3
23
5
12
3
31
9
10
3
67
26
4
2
23
1
5
3
40
3
6
1
60
1
2
2
13
3
10
3
41
2
1
2
71
2
10
1
55
1
12
3
22
7
11
3
38
6
6
1
54
3
8
1
47
1
11
3
43
8
11
1
37
1
2
2
8
2
12
2
4
3
5
1
28
2
4
2
14
2
7
3
49
7
3
2
63
3
1
1
41
2
5
3
11
19
3
1
12
1
10
2
60
2
12
1
13
2
10
2
27
3
4
2
66
3
1
1
52
3
2
3
23
6
5
3
71
2
7
3
47
5
6
3
9
28
8
1
27
2
6
1
25
2
6
3
14
6
5
1
35
1
4
3
35
8
2
3
12
5
3
2
16
1
7
2
18
2
5
1
66
1
4
2
17
1
4
1
9
5
4
3
16
3
7
1
39
2
1
2
9
3
3
1
30
6
5
3
68
10
11
2
60
1
1
2
68
4
10
2
65
3
1
3
28
13
12
3
3
4
10
1
22
3
1
3
42
4
10
1
37
2
8
1
65
1
9
3
39
4
5
2
38
2
1
1
68
2
3
1
28
1
7
3
15
16
11
1
31
7
8
3
63
13
11
2
47
4
2
2
32
2
4
3
1
6
4
2
29
3
4
2
28
1
10
2
49
2
7
2
37
3
9
2
42
2
12
3
32
1
12
2
65
4
4
3
25
1
1
2
35
2
7
1
4
2
1
3
4
2
8
3
26
2
11
1
10
3
4
3
8
9
1
1
38
3
2
2
53
3
1
3
60
29
12
2
25
3
10
1
6
1
11
3
29
9
12
2
17
3
8
3
1
4
8
3
45
4
12
1
1
2
10
2
13
1
5
2
44
2
7
3
25
2
8
3
65
4
7
2
1
2
7
1
63
1
7
1
16
1
1
2
41
4
8
3
52
17
10
2
22
1
3
1
49
2
2
3
6
6
8
2
31
4
9
3
55
14
4
3
53
1
1
2
31
5
3
3
11
15
8
2
55
3
10
3
30
20
7
1
43
1
2
2
66
2
2
1
40
2
9
3
42
2
5
1
54
1
9
2
52
5
2
1
32
7
6
2
67
2
12
1
39
3
7
2
61
2
12
2
36
1
11
1
8
13
8
3
47
7
2
1
26
1
4
1
49
1
8
1
31
16
5
1
29
2
8
1
27
3
11
1
7
3
7
2
10
3
6
2
40
2
6
2
32
1
3
3
41
1
7
1
17
14
5
3
45
3
1
1
22
2
2
3
9
10
9
1
23
3
7
1
15
4
10
2
12
1
11
3
40
1
9
3
5
5
12
2
49
4
12
1
5
2
10
3
53
7
10
2
45
3
6
3
4
14
7
1
34
7
4
1
23
2
8
1
68
3
3
2
26
2
2
3
13
8
1
1
36
1
7
3
63
10
12
2
11
3
2
2
9
2
2
2
10
1
10
1
55
2
1
1
53
2
6
1
67
2
10
3
67
18
11
1
3
7
11
3
33
8
4
2
12
2
11
1
53
1
3
2
39
1
9
2
67
1
4
1
15
5
8
1
42
2
9
2
2
3
8
1
61
1
12
1
3
4
7
3
17
7
1
3
34
6
4
2
5
1
2
3
5
1
3
2
16
2
6
1
60
2
8
2
71
3
6
2
11
2
1
3
54
2
12
3
49
8
4
1
8
4
5
2
3
1
4
3
34
7
12
2
8
1
8
1
47
2
11
2
5
3
4
1
45
1
6
3
8
16
6
2
37
1
5
3
71
5
6
2
15
1
5
2
35
3
3
2
54
1
5
3
54
1
11
1
2
4
4
1
9
9
8
3
17
13
10
2
68
3
6
3
61
6
4
2
44
1
11
1
42
1
9
3
29
11
11
2
22
3
2
2
34
3
11
3
44
3
4
3
27
16
2
1
26
3
7
2
26
1
6
1
29
1
4
2
45
4
7
2
30
5
12
3
66
9
5
3
35
6
5
1
65
2
3
2
41
3
1
2
7
1
2
1
66
2
4
2
38
5
9
1
13
5
7
1
32
6
12
2
3
3
9
1
7
2
3
3
10
18
5
1
35
2
11
3
2
5
10
3
32
12
8
2
43
5
1
2
30
1
9
1
36
2
3
3
44
9
11
1
34
5
2
3
39
1
10
3
22
8
5
3
18
20
11
2
1
3
11
1
17
10
12
2
27
2
2
3
7
1
11
2
29
2
8
3
28
2
7
1
71
1
7
2
25
1
1
1
18
4
4
3
30
27
8
3
60
28
6
2
55
2
2
3
43
6
3
1
52
2
4
3
38
8
8
2
14
3
2
2
47
1
8
2
36
3
2
1
38
2
9
2
28
2
2
1
4
4
8
1
45
2
9
3
18
25
3
1
11
12
7
3
26
7
7
2
63
1
9
2
7
3
3
1
61
2
8
3
36
14
12
3
52
6
5
1
2
7
3
2
6
2
3
1
33
1
2
1
41
1
10
1
14
5
3
2
42
3
9
3
55
6
11
3
2
9
8
1
14
20
12
3
33
1
2
1
18
2
4
3
27
2
3
2
15
3
6
3
37
7
8
2
4
1
1
2
6
1
8
1
6
2
12
2
52
7
7
3
14
23
7
1
44
4
3
2
2
1
5
2
33
2
9
2
23
3
8
1
44
1
11
3
10
8
9
1
63
2
2
1
10
8
7
3
61
8
8
3
68
11
7
2
39
3
10
2
43
2
3
3
15
5
6
1
25
3
3
3
37
6
7
3
3
6
8
