3
31
18
7
3
67
9
5
2
10
1
12
2
12
3
12
2
54
2
9
1
32
4
4
3
17
15
12
1
27
3
3
2
25
3
11
1
43
3
8
1
8
10
8
1
25
3
1
2
33
3
4
2
5
3
3
3
39
9
6
2
60
4
6
3
71
3
5
3
6
2
9
2
11
3
11
3
49
2
8
2
47
4
11
2
55
2
4
3
23
12
3
3
35
6
8
2
4
3
2
3
15
9
3
1
16
5
11
3
67
2
6
2
42
1
10
2
61
3
6
2
13
1
2
3
7
5
1
3
43
6
9
1
4
7
9
2
18
2
5
1
44
4
8
2
22
1
7
2
53
3
7
3
65
15
6
2
52
6
5
1
38
3
4
3
36
2
3
1
47
3
12
3
10
15
4
3
1
4
10
1
25
2
11
3
36
15
2
1
66
1
2
1
45
2
8
1
40
1
8
2
28
3
7
3
45
7
3
2
6
3
5
2
14
3
12
3
29
6
1
1
32
7
6
1
65
2
5
3
4
18
12
2
45
1
1
2
71
3
12
1
67
2
7
2
13
2
7
2
43
1
5
3
43
2
6
1
5
2
6
1
54
2
6
3
3
1
5
3
16
4
8
3
44
10
7
3
18
21
8
2
68
4
8
2
52
4
9
1
54
1
10
2
9
2
8
1
68
3
6
3
26
12
12
1
61
2
7
3
31
7
8
3
34
9
8
3
23
5
2
1
41
3
1
3
15
12
8
1
36
1
7
1
14
6
3
2
16
3
1
2
65
3
6
2
7
2
7
3
52
9
11
1
18
3
2
1
1
1
9
2
29
3
4
1
10
6
12
2
31
3
1
1
12
11
5
1
63
2
6
2
49
1
4
3
38
3
6
3
45
4
1
1
17
2
7
2
28
1
2
2
18
3
1
3
66
1
3
2
16
1
12
2
3
2
9
2
34
3
1
2
12
1
9
2
6
2
4
1
15
1
11
3
2
10
2
2
14
1
9
3
5
2
4
1
36
3
3
1
66
3
10
2
67
1
8
2
44
2
5
2
71
2
2
3
8
13
6
1
30
2
2
3
9
1
5
3
66
4
6
2
17
2
8
3
53
5
9
1
52
1
1
3
1
8
7
2
17
1
8
2
30
3
5
2
36
1
12
1
31
12
12
1
49
1
12
3
12
7
4
3
37
12
9
3
4
6
1
1
7
5
5
3
42
2
11
1
60
2
9
2
2
1
3
2
15
3
12
1
67
1
5
3
32
7
11
3
38
9
11
2
23
2
1
2
27
1
3
2
11
2
2
1
33
3
1
3
6
6
10
3
47
5
10
1
43
1
9
3
39
8
4
2
29
2
9
1
28
2
6
3
14
14
8
1
44
1
10
3
9
23
10
1
55
2
3
1
26
3
1
3
10
26
1
2
30
5
11
3
61
6
5
3
63
6
6
1
71
3
8
2
40
2
8
2
26
4
10
1
23
1
12
1
63
1
12
3
54
2
10
1
11
1
2
1
23
3
6
1
39
2
12
3
32
3
6
3
33
6
10
3
28
12
6
1
28
1
9
3
34
3
7
2
39
3
4
1
53
2
10
3
40
2
5
3
17
13
10
3
7
2
7
2
63
2
6
1
65
1
12
2
4
1
5
3
33
1
5
1
35
2
5
3
13
2
7
3
47
7
8
3
26
2
1
1
3
5
5
3
18
23
3
3
54
1
1
3
14
13
12
2
41
4
1
1
47
2
6
1
27
1
4
3
55
10
6
2
42
4
11
1
15
2
5
3
60
16
10
1
16
6
2
3
49
5
9
2
5
2
3
1
37
2
2
1
7
1
7
2
32
1
12
1
45
1
6
2
44
5
2
1
13
7
1
1
60
1
7
1
39
1
5
2
8
3
1
3
12
1
11
3
30
11
6
2
32
2
1
1
34
5
10
2
37
1
4
3
29
13
11
2
9
3
6
1
8
13
10
1
9
1
12
2
65
4
6
1
71
1
8
3
68
8
1
1
55
1
4
1
22
1
3
3
35
2
12
1
30
19
5
3
52
17
1
1
53
1
9
2
36
3
2
2
38
4
11
1
9
5
8
3
25
1
12
2
38
1
11
3
55
6
4
3
25
3
4
2
2
3
9
2
33
2
4
1
29
2
1
2
47
3
6
1
29
1
6
2
22
2
6
3
40
5
2
2
15
1
2
1
1
2
8
3
5
3
7
3
27
7
6
2
23
1
8
2
40
1
2
1
41
1
10
1
35
3
2
2
41
1
5
1
5
1
1
2
26
1
11
1
22
2
8
1
11
4
11
3
61
11
1
2
7
3
3
2
39
2
5
2
3
1
5
1
42
2
12
1
42
1
1
1
12
8
1
3
60
4
4
2
1
3
12
2
45
3
1
2
53
2
7
3
53
1
12
3
41
3
5
1
52
3
7
1
6
1
5
3
30
4
7
1
10
2
9
3
41
2
4
1
2
7
12
1
37
1
12
2
63
1
10
3
37
11
11
1
2
5
10
2
55
3
7
2
35
1
10
1
14
5
12
3
68
14
11
2
66
2
6
1
26
1
2
3
27
1
7
3
44
5
9
3
22
2
1
2
1
1
5
2
31
2
6
2
37
2
6
1
13
3
3
1
49
2
11
2
68
2
2
2
67
2
6
1
17
5
8
2
61
2
6
2
49
2
11
3
63
9
10
1
31
6
9
2
10
3
8
1
33
2
9
1
18
8
8
1
40
3
8
3
11
1
2
2
8
1
8
2
25
2
3
3
22
3
5
2
43
2
5
3
2
8
5
2
27
2
5
2
60
3
6
3
16
8
3
1
6
2
9
1
61
1
12
1
4
8
4
2
35
2
8
1
3
10
9
3
8
16
6
3
11
8
6
3
71
4
5
1
68
1
11
2
34
2
2
1
34
2
3
2
66
1
5
1
38
1
1
2
54
1
5
3
42
3
9
3
3
8
7
3
13
9
4
3
28
3
11
3
65
16
11
