1
36
1
5
1
34
1
9
1
8
1
2
1
38
3
7
2
25
2
10
2
17
2
7
2
6
1
1
3
15
9
4
1
44
2
1
1
17
13
4
3
29
15
11
2
36
4
8
3
2
8
11
2
12
2
12
3
63
1
12
2
49
4
2
3
32
8
12
3
25
1
9
3
3
5
12
1
22
1
10
1
35
3
11
3
61
5
5
2
25
3
8
3
31
29
7
2
55
1
3
2
16
2
5
2
6
3
10
2
31
4
9
2
66
2
8
1
49
1
2
2
42
1
6
3
52
17
10
1
55
1
12
3
18
11
2
3
36
1
3
2
34
2
10
2
14
3
9
1
32
5
3
2
52
4
8
1
13
8
5
1
5
1
8
3
39
3
9
3
33
16
7
3
9
2
4
1
40
2
12
2
35
3
5
1
26
3
12
2
63
3
11
1
15
4
11
3
13
9
1
1
41
3
11
2
23
2
4
1
53
1
9
1
7
6
9
1
11
4
12
1
41
2
7
2
66
3
11
1
17
9
8
1
28
1
5
1
40
1
9
3
22
6
1
2
32
3
1
2
15
3
9
1
22
2
5
1
7
4
6
1
33
7
11
1
27
1
3
3
60
3
4
2
13
3
9
3
66
3
1
2
23
3
4
3
29
3
8
2
11
2
6
3
27
4
2
3
65
12
2
2
42
4
9
1
3
9
9
1
63
2
4
2
3
1
3
1
34
5
5
1
45
2
1
1
12
15
6
2
1
1
6
1
16
6
7
2
27
3
3
3
13
1
9
1
33
2
1
2
5
1
8
2
61
3
10
2
37
2
4
1
4
2
2
3
5
4
7
3
47
5
3
2
13
2
8
2
41
5
8
1
71
3
2
2
27
2
7
1
18
3
3
1
54
3
5
2
53
1
9
2
39
3
5
3
12
6
3
3
17
12
10
3
42
1
6
1
67
2
10
3
7
1
9
1
28
2
3
2
44
3
11
3
26
11
10
2
2
2
6
1
13
2
8
3
37
8
12
3
4
5
12
3
14
26
6
1
49
2
3
1
8
5
3
2
26
2
1
1
25
3
7
2
71
2
6
3
41
4
8
3
34
9
2
2
15
2
12
1
66
3
5
1
14
22
11
3
26
5
9
3
49
8
11
2
16
1
5
3
60
30
1
2
61
1
8
2
67
2
12
2
9
2
3
1
54
1
9
1
30
20
12
1
65
1
4
1
32
4
7
3
45
1
6
3
43
5
6
3
43
6
10
1
9
6
8
3
6
5
12
3
6
1
10
1
9
7
5
2
44
2
4
2
29
1
1
3
55
17
1
3
54
1
1
3
71
2
1
1
31
8
1
3
12
7
2
1
42
2
3
3
15
8
8
1
23
1
4
2
12
1
9
3
44
8
3
2
4
1
7
3
22
7
1
1
63
1
10
1
65
2
4
1
31
3
7
1
14
3
11
1
29
3
2
2
38
5
3
1
39
3
6
2
30
3
5
3
68
6
11
2
54
2
8
2
68
4
2
2
28
1
8
3
63
5
6
1
26
1
10
2
14
1
10
2
43
1
12
2
47
1
11
3
67
13
8
2
63
1
9
1
43
2
9
1
27
3
8
3
10
7
11
3
23
17
6
1
3
11
3
2
3
2
7
1
61
3
4
3
54
2
2
2
9
1
12
3
47
8
6
2
37
3
2
3
4
22
3
3
55
3
6
2
8
3
4
2
33
2
5
3
7
5
11
1
68
3
5
1
15
3
12
2
7
1
9
3
67
31
3
3
8
14
3
2
18
1
12
1
11
3
10
1
35
4
7
2
22
2
10
3
40
1
10
2
22
3
11
3
44
1
6
2
4
3
5
3
38
4
10
3
9
13
2
2
60
1
8
3
5
5
7
1
25
1
1
3
35
6
10
3
39
10
9
2
36
1
2
2
39
4
5
1
47
1
9
1
67
3
12
1
12
4
9
2
35
2
3
1
1
3
2
2
52
7
10
3
68
1
5
3
66
8
5
1
61
2
6
1
16
1
10
3
28
9
5
2
11
1
12
3
53
5
6
2
26
1
12
3
14
23
11
1
1
2
7
1
42
1
6
2
45
2
6
1
36
2
2
2
65
4
1
3
23
12
4
3
31
19
8
3
49
5
4
2
33
3
6
2
60
2
2
1
55
2
4
1
5
2
12
3
53
1
9
3
32
7
4
1
52
3
1
2
30
2
4
1
53
2
10
1
10
1
9
2
53
2
3
2
45
3
1
3
16
2
12
3
65
7
2
3
11
12
8
3
1
9
12
1
38
2
12
1
29
2
7
1
60
2
11
3
61
3
3
1
6
2
5
3
52
1
12
1
60
1
8
3
1
7
2
1
52
2
9
3
30
7
12
3
27
15
6
1
18
15
3
2
10
1
1
1
45
1
12
1
39
1
5
1
37
1
9
3
38
3
10
2
65
2
5
2
18
3
1
1
30
21
1
3
35
5
10
2
1
3
8
3
42
3
12
3
34
1
11
1
66
2
5
3
30
22
9
3
18
23
12
2
32
4
9
3
25
9
7
1
2
5
7
3
36
2
6
2
40
1
7
1
47
2
12
3
71
4
10
3
11
1
10
3
45
2
4
1
44
4
3
2
17
1
8
1
71
1
10
3
2
1
4
2
5
2
4
1
43
3
4
2
8
2
12
2
28
2
12
3
41
1
1
1
10
4
4
2
34
1
11
3
16
7
12
1
23
2
5
2
41
4
5
3
37
2
1
2
67
1
6
3
17
5
11
2
31
3
4
1
6
1
7
2
55
2
7
3
33
18
4
2
2
1
2
2
43
5
7
1
37
2
5
2
38
3
8
2
71
3
6
1
68
1
2
3
28
5
8
1
2
6
10
1
4
5
9
2
47
4
4
2
7
2
6
3
3
3
1
3
40
2
7
2
68
3
6
3
8
18
10
2
29
2
1
2
10
3
2
2
54
1
2
3
10
5
9
2
49
1
12
2
40
2
10
