3
27
17
11
2
28
2
9
2
44
1
4
2
12
2
4
3
68
12
1
2
33
2
7
3
10
16
5
3
34
8
11
2
27
1
1
2
1
2
12
2
55
1
5
2
60
4
4
3
61
9
2
2
41
2
1
1
55
1
4
1
52
2
8
3
11
19
2
3
30
5
6
3
23
13
5
2
39
3
6
1
67
2
11
3
38
1
10
2
61
1
6
3
39
6
1
3
12
2
5
1
11
5
1
1
27
2
6
3
42
1
6
2
9
2
2
1
66
1
10
3
29
18
8
2
26
1
7
3
30
3
3
3
39
4
6
3
45
3
12
1
34
8
9
3
60
10
5
1
16
6
2
3
8
2
7
2
14
3
3
1
28
2
8
1
66
3
12
2
54
1
1
2
34
2
10
2
11
3
7
2
14
2
7
1
36
1
6
2
54
2
3
1
54
3
11
2
45
3
5
1
5
2
12
2
43
5
5
1
40
1
1
1
6
1
11
2
23
3
7
2
55
3
7
3
27
5
12
1
31
11
11
3
63
11
1
2
22
1
11
3
31
1
3
3
44
9
2
1
32
5
12
3
53
7
9
1
35
4
10
2
61
2
8
3
10
20
12
2
49
1
6
2
9
3
11
3
28
14
3
3
14
16
6
1
16
2
1
1
6
2
12
3
66
5
8
2
47
2
12
2
3
3
12
3
65
1
4
1
49
1
8
2
68
4
11
3
17
11
2
1
37
1
10
1
41
2
5
2
2
1
2
3
33
21
3
1
3
3
10
1
25
3
1
1
25
1
5
1
17
9
5
3
55
11
9
2
29
2
12
3
14
25
10
1
10
1
8
3
35
5
7
1
39
4
5
2
33
3
8
2
71
1
10
3
18
5
9
2
29
1
10
2
17
2
9
3
1
6
5
2
10
3
9
3
16
6
11
2
30
3
9
3
60
6
1
3
33
14
4
1
45
1
10
1
26
3
12
1
38
3
3
1
8
12
2
2
67
1
10
3
52
14
1
3
63
5
3
3
22
9
10
3
53
8
9
2
66
2
12
2
5
1
4
2
3
2
9
2
60
3
11
2
31
1
7
3
55
10
10
2
11
1
12
2
42
4
3
3
45
7
4
3
5
4
11
2
53
1
6
3
18
22
8
2
65
2
11
1
35
3
8
3
54
2
8
2
63
3
2
2
18
3
9
1
37
2
10
3
29
19
8
1
65
1
7
1
55
2
9
1
61
2
2
3
6
1
6
1
13
8
11
1
2
7
2
1
29
1
4
1
12
13
11
3
5
3
10
3
23
15
9
3
54
1
3
2
25
3
5
1
15
3
7
1
15
1
7
1
43
1
11
1
42
1
3
3
36
12
10
2
43
3
1
2
63
1
6
1
18
1
8
2
36
3
10
1
63
1
12
3
4
15
10
1
45
2
12
3
11
13
1
3
8
17
11
2
47
1
6
2
32
4
6
1
3
6
1
2
37
3
4
3
9
15
2
3
65
6
5
1
49
2
10
1
63
2
2
3
40
3
3
3
28
6
11
1
9
3
12
3
37
5
4
2
52
3
12
2
42
1
7
1
31
5
12
3
16
3
9
2
16
3
9
3
15
12
11
2
40
3
7
2
41
3
1
1
34
4
1
2
39
4
12
2
2
2
10
3
66
6
8
1
52
3
9
2
52
1
4
1
67
3
3
3
6
4
7
3
32
12
5
2
17
3
1
2
49
2
9
3
2
8
10
2
31
4
1
1
26
2
10
2
5
2
2
2
53
3
12
1
71
3
11
1
39
3
6
3
52
13
11
3
12
4
4
2
44
5
8
3
35
3
5
2
4
3
5
2
8
1
10
1
71
2
4
3
41
3
1
3
4
28
6
3
71
3
4
1
30
14
6
2
6
3
7
1
12
1
4
2
13
1
1
1
1
1
10
3
37
3
5
2
12
1
7
2
45
1
4
1
22
1
1
2
34
3
3
2
1
3
5
1
7
10
8
3
15
4
6
1
38
2
5
1
17
4
12
3
31
3
12
1
44
4
9
3
41
2
5
1
53
2
10
3
7
3
2
1
47
3
7
1
8
4
9
2
15
1
8
2
66
3
6
1
32
4
4
2
32
3
2
2
8
3
1
1
33
3
7
3
49
1
12
1
61
3
7
3
42
3
1
1
4
1
3
3
43
2
8
1
2
2
11
3
17
17
9
3
61
6
10
3
34
7
11
1
33
4
2
2
22
2
3
2
6
2
9
1
43
3
9
1
42
2
3
3
2
7
5
2
13
3
3
1
7
7
3
2
38
3
5
2
35
3
3
1
36
2
5
1
10
8
3
1
23
2
10
1
68
3
3
3
26
4
12
2
7
2
12
3
67
33
7
2
23
2
9
1
22
2
3
3
25
3
7
3
3
4
6
3
9
16
6
2
27
2
10
3
32
10
2
1
13
7
4
1
54
1
11
2
15
3
2
1
30
1
8
3
43
7
6
2
30
2
4
3
49
3
10
3
47
6
6
3
36
11
7
3
44
8
12
2
67
2
9
2
71
3
7
1
44
2
1
2
28
1
3
1
41
3
7
3
47
4
11
2
36
5
9
1
40
3
2
1
18
6
7
1
4
5
3
1
11
1
9
1
53
1
5
3
26
12
6
2
40
2
6
2
38
4
5
2
65
4
7
1
28
1
8
3
38
7
9
1
60
1
2
3
1
10
2
2
10
1
1
1
68
2
7
3
40
2
8
2
35
1
8
1
9
8
12
1
27
1
7
1
23
1
1
2
4
2
5
1
60
2
5
3
67
4
10
3
68
8
11
2
7
1
12
3
3
9
11
3
13
3
4
1
65
2
11
1
5
1
3
2
26
3
6
2
37
4
8
3
13
1
12
2
25
2
7
1
47
1
12
1
14
16
8
3
22
10
4
1
1
3
7
1
29
3
3
2
16
2
3
1
14
2
1
2
18
1
10
3
7
5
9
3
71
5
2
2
68
1
11
3
25
4
1
