1
65
2
11
3
44
6
4
3
4
26
12
3
8
12
2
2
17
1
5
1
39
2
12
2
6
3
7
2
14
2
11
1
37
2
3
2
41
3
12
1
1
1
9
3
40
6
3
1
3
2
7
1
42
1
3
2
13
3
11
3
65
14
4
1
23
3
8
3
10
15
8
3
15
11
9
3
71
2
10
2
16
2
1
3
11
18
1
3
37
4
9
3
1
6
10
1
31
11
2
2
26
1
10
3
38
9
11
1
12
10
10
2
6
1
3
1
5
1
11
3
52
5
4
3
44
9
3
3
39
3
8
1
25
1
11
1
5
2
7
1
22
2
7
2
52
3
8
1
34
7
2
3
60
21
11
1
33
2
10
3
25
6
6
2
25
3
2
1
37
1
8
2
39
4
11
1
10
4
4
1
23
1
4
1
71
1
9
2
37
4
4
1
7
9
1
1
22
3
3
3
40
4
2
2
55
1
2
3
35
5
3
1
13
3
9
2
2
1
11
1
18
11
12
3
9
3
8
2
37
1
4
2
13
2
11
2
68
4
3
2
54
1
2
2
26
4
8
3
67
5
4
2
55
3
7
3
16
6
9
2
5
1
8
3
5
5
8
3
17
3
1
2
32
2
12
1
14
17
10
3
10
9
11
1
8
3
8
1
45
2
3
1
55
2
7
3
27
15
11
2
43
5
9
2
30
5
10
3
29
2
1
3
32
3
8
2
14
1
11
2
12
3
12
1
30
2
10
1
54
1
1
1
60
2
12
2
11
2
12
1
11
7
9
3
42
3
11
3
29
17
6
2
31
5
8
1
27
3
8
1
8
13
5
2
16
3
6
1
49
1
11
2
1
1
7
3
36
10
7
3
60
8
4
2
11
3
9
3
67
36
9
3
68
7
8
3
43
4
12
1
43
1
11
2
3
3
3
1
32
7
8
2
28
1
8
2
44
4
10
2
65
2
12
1
38
2
11
3
9
15
8
1
17
3
4
2
3
1
4
2
5
3
4
2
61
1
11
1
29
1
12
3
43
1
4
2
7
2
9
1
2
1
8
3
30
2
2
1
6
2
4
3
15
4
8
2
42
4
8
2
35
1
5
3
68
4
4
2
9
2
4
1
33
4
12
3
6
1
9
1
65
1
6
1
47
1
5
2
45
3
1
1
41
2
6
2
39
2
8
2
53
3
10
3
28
15
12
2
10
3
1
1
61
1
3
2
43
2
7
2
54
2
5
3
13
1
12
2
34
3
4
2
40
3
2
3
3
4
6
2
31
1
5
1
31
16
1
2
49
3
12
1
40
3
4
1
4
8
12
3
12
5
6
3
6
6
12
1
63
2
3
2
22
1
10
2
17
3
8
3
38
5
10
2
63
1
7
3
18
9
10
1
68
1
12
3
55
15
1
3
14
21
7
2
38
5
1
2
4
1
7
2
29
2
11
3
54
2
3
3
26
12
9
2
35
2
6
3
13
3
3
1
49
2
8
2
9
1
5
1
9
7
1
3
45
3
8
2
7
1
3
1
41
1
5
3
22
10
12
1
35
3
1
3
7
3
10
1
26
1
4
1
25
3
8
1
15
1
3
3
16
4
2
2
45
2
2
1
10
5
7
2
10
1
9
2
15
1
6
1
2
7
7
1
44
1
10
1
11
8
2
2
63
2
7
1
16
6
3
2
40
1
3
1
9
4
4
2
49
1
12
3
37
6
3
2
33
1
9
2
36
2
9
3
49
1
6
2
8
1
9
3
7
1
5
1
3
6
6
3
65
12
4
1
7
2
7
2
44
5
9
2
47
1
5
1
42
2
8
1
45
1
5
2
42
2
9
2
32
1
2
2
25
1
10
2
12
1
5
1
17
5
9
2
66
2
7
1
40
1
8
1
26
2
7
1
66
2
4
2
4
2
1
1
52
1
1
3
17
2
2
1
61
3
11
1
13
2
5
3
49
5
1
2
71
3
4
3
27
1
3
3
4
21
5
3
18
1
10
1
28
1
10
1
54
3
4
3
42
4
1
1
27
1
8
2
27
3
3
1
53
1
11
2
53
1
4
3
61
7
7
2
60
4
9
3
47
5
10
2
61
2
3
3
31
17
6
2
1
2
3
1
68
3
7
2
65
1
8
3
30
18
8
2
22
3
6
2
2
2
9
2
18
2
10
1
44
3
7
3
61
4
6
3
23
5
5
1
60
1
10
1
34
5
12
1
52
3
10
2
60
1
5
3
39
5
10
1
16
7
7
1
14
14
4
2
52
1
11
3
54
1
2
3
33
24
4
1
67
1
1
3
33
21
7
1
38
3
7
2
15
2
5
1
71
2
5
3
22
4
4
1
35
2
2
3
53
4
10
2
34
1
11
1
1
3
8
3
28
10
11
3
34
1
10
2
68
3
8
3
11
16
5
2
8
2
6
3
63
7
7
3
14
25
5
1
32
5
1
1
39
4
8
3
12
2
11
3
32
4
10
3
63
9
7
1
67
3
12
2
33
3
6
2
41
5
6
3
45
7
9
1
43
2
2
1
55
1
12
1
28
3
12
3
34
8
4
2
23
3
7
3
1
10
5
3
47
4
12
2
71
2
2
3
2
2
1
3
2
4
6
1
47
3
2
2
47
2
6
3
41
4
9
3
8
7
7
2
67
2
7
3
55
3
1
3
36
3
8
2
23
2
12
3
35
6
1
1
36
1
11
2
36
1
4
3
25
7
10
3
71
1
11
3
31
27
11
3
66
2
8
3
5
1
7
1
53
2
10
2
28
3
2
1
30
5
3
1
6
1
10
1
29
2
11
2
27
2
1
3
52
1
7
2
67
1
8
1
12
16
10
3
23
16
8
1
66
1
6
3
26
4
1
3
3
8
11
2
18
1
5
1
63
1
2
3
66
9
11
2
66
3
11
1
15
4
3
2
38
3
1
1
18
9
2
2
29
1
12
3
41
2
10
2
30
4
5
1
36
2
6
1
4
2
5
3
53
3
8
