2
1
1
2
3
68
15
9
3
8
16
11
3
37
5
12
2
17
3
4
3
49
1
11
3
44
10
6
1
1
2
6
3
33
14
8
3
34
2
12
1
34
7
5
2
67
2
4
2
32
4
9
2
65
3
7
2
60
2
7
1
39
3
2
2
41
3
8
2
38
3
5
2
22
1
9
3
49
3
12
1
63
1
1
1
44
1
6
1
30
12
11
1
28
1
3
1
67
3
5
2
7
2
7
1
39
2
10
1
33
3
12
1
53
2
9
1
23
3
2
2
18
2
7
3
39
2
2
2
3
3
2
2
43
3
2
2
10
2
12
2
71
1
1
2
61
3
12
2
9
3
7
1
2
5
12
2
68
4
6
2
36
5
9
3
6
6
5
2
39
4
4
2
37
4
6
1
32
3
1
1
40
1
12
3
12
7
12
1
38
2
6
3
60
3
3
2
3
1
7
1
36
2
6
1
12
5
5
2
9
2
6
2
17
2
12
1
11
11
3
1
66
3
10
1
68
3
12
3
17
4
2
1
4
4
2
1
18
7
8
2
34
1
9
3
14
22
10
2
40
3
7
1
40
2
10
3
36
13
11
2
6
1
2
2
28
2
12
1
63
2
12
2
54
2
2
1
15
2
12
2
42
1
4
3
54
1
4
3
22
4
12
2
12
3
5
1
31
7
11
2
53
2
4
1
71
1
2
1
13
9
9
3
15
6
2
2
25
2
9
2
14
3
4
3
32
4
3
2
5
3
9
2
55
3
4
2
66
3
11
3
28
9
12
3
67
9
1
2
27
3
7
3
35
4
9
3
47
9
9
3
1
10
12
3
63
4
12
1
1
1
3
3
3
5
5
3
67
30
9
3
71
5
6
2
43
1
3
1
71
2
2
1
27
2
6
3
29
3
12
1
33
4
7
3
22
12
2
2
15
1
3
2
16
1
2
2
8
2
7
3
38
10
10
2
47
2
4
2
33
1
7
1
34
10
10
1
11
7
8
3
23
18
6
1
49
2
11
1
65
2
8
1
13
7
12
3
53
2
1
1
6
2
4
1
28
2
4
3
35
8
9
3
32
2
8
3
33
5
9
1
44
3
3
2
2
3
2
3
63
2
11
2
37
2
10
2
25
1
5
1
27
3
7
1
30
7
8
3
7
1
4
2
54
1
12
2
52
3
5
1
18
3
3
1
66
2
10
2
26
2
7
1
54
3
2
3
16
3
7
1
32
6
9
3
45
3
5
1
9
13
1
1
41
3
10
3
17
11
1
1
37
2
11
1
43
2
9
2
44
2
7
2
16
3
8
3
40
1
2
3
8
20
8
1
38
1
1
2
23
3
12
3
26
5
10
3
13
8
6
2
35
2
7
3
55
14
5
3
39
6
9
3
60
29
5
2
26
4
11
1
6
1
2
1
42
2
10
2
60
1
5
1
47
1
6
1
22
2
6
2
13
3
7
2
53
1
8
3
42
3
9
1
26
1
3
3
55
2
2
3
26
9
6
1
29
3
1
2
55
1
11
2
15
2
1
1
53
1
2
3
27
7
12
2
1
3
9
2
68
2
5
2
67
1
10
3
37
12
4
1
43
1
12
3
25
8
12
3
36
9
6
1
36
1
3
1
35
3
12
3
41
3
9
1
31
18
4
2
4
3
9
2
63
1
12
3
31
11
5
2
4
2
7
2
31
1
3
3
6
3
4
3
2
9
3
3
14
4
4
1
3
9
6
1
52
1
2
3
18
1
1
3
52
3
8
3
66
7
12
3
54
2
8
2
10
3
6
1
16
5
3
1
55
2
7
3
3
7
11
3
42
4
3
3
10
21
3
2
63
3
12
2
8
1
8
3
29
17
11
2
32
2
12
1
17
11
10
3
47
3
2
2
12
2
1
1
41
1
6
2
65
4
2
3
5
4
10
2
5
1
1
1
25
2
7
1
2
6
7
3
38
1
10
1
26
3
1
2
18
3
9
3
52
6
12
2
22
3
6
1
5
1
11
1
37
1
1
2
29
2
7
2
61
1
5
3
12
6
5
3
5
2
2
1
52
3
8
1
45
1
8
3
18
24
8
3
44
8
3
1
42
1
12
1
5
2
7
1
29
1
12
1
8
6
7
1
47
3
2
2
27
1
6
2
11
1
10
1
17
6
11
2
38
4
4
1
10
7
7
3
23
3
10
2
11
3
9
1
54
1
6
3
30
22
12
2
31
2
1
1
67
2
8
2
41
4
1
2
33
3
4
1
22
1
6
2
44
3
1
2
45
4
6
3
28
10
5
1
60
1
2
1
7
4
4
3
10
25
12
3
43
1
1
2
47
4
5
3
66
1
6
2
13
2
2
3
65
1
12
1
68
2
11
2
14
1
12
1
9
11
9
3
11
2
1
3
16
5
5
1
35
4
2
2
35
1
5
3
71
2
7
1
25
1
1
3
61
2
4
2
30
1
11
1
14
15
1
2
36
1
3
3
9
24
11
1
15
3
11
1
16
4
11
1
10
8
12
3
27
2
3
2
2
1
9
3
25
6
10
2
30
5
6
1
65
1
6
1
8
12
12
3
34
11
5
2
40
2
6
1
12
4
8
2
42
2
2
1
45
2
7
1
14
19
8
2
29
1
5
3
61
4
2
1
4
6
9
2
49
1
11
2
23
2
11
2
45
3
8
3
4
27
12
1
61
3
9
3
11
12
2
3
31
4
6
2
66
1
9
2
6
3
6
1
7
11
3
1
49
1
4
3
13
3
4
3
45
5
12
3
9
32
8
2
39
3
6
3
41
2
6
3
53
3
9
2
71
2
9
1
23
2
9
2
7
3
9
3
40
5
12
1
3
8
12
3
4
13
12
1
60
2
9
3
1
5
10
3
15
5
12
3
65
3
10
3
30
1
7
2
52
4
12
2
28
1
9
2
49
4
5
1
61
2
11
2
34
2
1
3
2
6
3
3
68
2
2
3
43
7
10
1
55
1
12
3
7
2
9
