3
45
1
5
1
4
3
3
1
26
2
6
2
68
1
1
1
61
3
12
2
35
3
5
1
37
1
7
1
44
1
6
1
38
3
3
1
27
1
5
3
44
1
12
2
35
2
2
3
33
15
7
1
22
3
7
3
66
7
11
2
55
3
12
1
38
2
3
3
68
12
2
3
67
8
8
3
16
4
12
2
25
2
1
2
54
1
1
2
13
1
9
2
25
1
1
1
40
2
9
1
53
2
5
3
14
12
4
3
35
1
8
1
6
2
9
1
12
1
11
2
37
4
4
1
6
1
3
2
39
1
6
2
9
3
1
2
32
4
2
1
5
2
9
2
68
4
5
1
30
6
5
2
71
2
10
2
63
2
1
1
2
1
8
1
44
3
11
3
54
2
6
1
16
2
8
3
38
1
9
2
12
3
10
3
30
11
10
2
38
5
10
3
66
8
3
2
14
2
5
1
22
2
8
3
13
3
5
3
47
1
9
1
16
4
5
1
66
2
5
2
26
4
11
1
65
1
1
2
1
2
4
2
5
1
10
2
22
2
4
2
39
4
1
2
32
3
7
3
18
11
9
2
71
1
11
2
36
5
9
1
5
1
11
2
42
3
4
3
32
5
6
2
66
2
4
1
52
1
9
1
35
1
3
3
4
3
3
2
43
4
3
3
32
1
4
3
43
1
10
1
23
2
1
3
31
2
11
3
10
18
11
1
49
2
5
3
9
16
12
2
17
2
10
3
68
3
2
3
10
16
8
3
36
1
5
2
10
3
11
1
54
1
4
3
63
6
12
2
26
3
8
2
44
1
1
3
27
16
5
3
28
6
9
3
17
3
6
1
71
1
5
3
33
6
8
2
27
1
5
3
22
9
11
1
42
1
9
1
1
3
11
3
42
3
8
1
11
12
9
1
47
1
10
1
3
8
8
3
40
6
10
2
31
4
7
2
30
1
12
1
34
10
8
1
17
12
10
2
41
2
2
2
10
1
11
2
53
2
5
3
16
8
2
3
6
4
6
2
12
1
12
1
35
4
6
1
60
1
6
1
45
2
7
1
31
7
7
1
33
2
6
2
15
2
11
2
47
1
2
1
34
8
2
3
27
1
10
3
34
6
11
2
63
1
4
2
29
2
9
3
61
3
3
3
3
7
1
2
29
1
9
3
44
3
12
1
13
7
3
2
67
2
9
3
2
3
6
1
60
2
10
2
67
1
3
2
9
2
1
3
31
20
12
1
40
3
11
2
16
1
11
2
6
1
8
3
55
1
5
3
52
2
2
2
11
1
1
2
45
2
11
1
10
7
10
3
49
7
1
3
28
2
8
1
3
1
2
1
65
2
11
2
3
1
12
3
55
2
12
2
42
4
5
2
23
3
7
3
13
5
7
3
43
6
4
1
61
2
12
1
63
2
8
3
18
9
2
3
1
9
5
2
16
3
1
2
34
2
9
2
40
3
2
3
49
2
11
3
12
4
10
2
28
2
11
3
3
5
8
3
2
6
12
2
23
1
12
1
36
3
3
1
68
1
4
2
8
1
2
2
61
1
4
2
60
3
4
3
29
3
3
2
3
2
7
3
40
3
6
2
27
2
7
1
18
5
12
2
28
1
6
3
63
1
11
2
2
1
11
2
14
1
5
2
52
3
10
2
37
1
2
1
41
2
9
3
1
8
5
3
12
7
10
1
11
9
3
2
34
3
6
2
4
1
1
1
2
2
12
3
17
5
11
3
45
3
6
1
1
1
1
3
53
3
5
3
39
1
3
3
71
2
11
2
36
1
11
1
66
1
4
3
14
24
2
3
29
19
3
1
42
2
7
1
7
2
8
1
67
2
11
1
27
2
2
1
15
5
11
1
37
2
2
2
33
3
5
3
22
5
6
1
39
1
10
1
68
2
6
1
28
1
3
1
28
3
10
1
63
1
5
3
23
11
4
2
47
2
1
2
54
2
10
1
71
2
11
2
52
6
6
3
42
1
5
2
55
1
2
2
15
1
3
1
32
3
2
2
7
2
2
1
29
1
6
2
4
3
6
2
66
3
9
2
2
2
7
3
5
4
2
3
11
8
4
2
1
3
3
3
6
5
4
1
39
3
7
3
23
4
8
3
7
5
8
2
17
1
5
1
10
6
6
3
47
9
1
3
25
2
5
3
36
13
10
1
8
12
10
3
4
26
6
1
9
12
4
3
65
15
1
2
40
1
3
1
32
1
2
1
15
4
5
3
5
1
10
3
71
3
10
1
52
3
7
3
8
17
8
1
26
1
3
2
22
1
7
1
43
1
5
3
26
4
12
2
60
4
3
3
8
2
5
1
49
1
4
3
41
2
7
3
65
5
6
1
9
2
9
1
7
10
3
2
18
2
1
3
34
9
1
1
14
21
11
3
25
7
4
1
25
3
3
3
52
12
6
1
47
2
10
2
41
4
7
2
43
3
5
2
18
1
11
2
65
4
7
3
61
8
1
2
65
2
7
2
49
4
6
1
33
6
5
2
5
2
5
3
15
3
1
3
7
3
10
3
39
3
5
3
11
14
3
3
54
1
10
1
17
3
7
2
38
4
3
3
30
23
5
1
30
21
12
3
60
30
6
3
53
4
7
1
55
1
2
3
41
1
1
1
31
6
6
3
38
10
1
2
13
2
4
1
18
14
3
3
35
4
9
1
53
1
9
1
55
2
1
1
45
1
8
2
6
3
3
2
30
3
11
3
37
7
6
1
4
8
10
3
15
10
9
2
7
1
11
2
11
2
7
2
31
1
6
2
33
2
3
2
8
3
10
1
23
1
11
1
14
18
12
3
60
22
12
3
67
33
1
1
36
1
10
1
41
1
1
1
29
3
8
2
45
1
7
2
44
5
7
1
25
2
10
3
9
4
7
1
8
8
10
2
49
3
1
1
54
2
11
1
12
10
5
2
61
3
11
2
53
1
12
1
67
1
6
1
43
2
7
3
37
5
4
3
26
5
2
1
13
9
9
