2
33
2
5
3
42
2
6
3
44
10
3
3
22
4
7
1
10
3
8
3
68
5
10
3
22
7
6
1
52
3
1
3
18
4
6
1
32
2
1
3
15
9
12
2
61
2
9
1
37
2
12
3
7
2
7
2
11
2
11
2
71
3
11
2
31
1
8
1
23
3
3
1
38
2
2
3
66
3
7
3
41
3
1
3
63
5
8
1
37
1
6
3
28
16
7
1
2
2
3
2
31
4
7
2
27
3
4
3
9
32
11
1
5
2
9
3
67
5
3
1
9
13
10
1
12
16
7
2
13
2
3
2
18
2
3
1
43
1
7
3
52
14
11
1
16
2
3
1
5
1
6
2
30
2
6
3
11
18
12
2
44
1
3
2
22
2
7
3
40
3
8
2
45
2
6
1
26
2
10
1
63
2
1
2
23
2
2
3
67
24
4
2
54
1
4
3
9
10
8
3
39
4
10
1
6
2
1
2
63
3
3
3
32
8
7
2
3
3
3
1
30
19
6
3
12
2
1
3
14
20
11
2
4
3
7
2
26
3
4
2
32
2
7
1
47
1
12
3
61
5
10
2
67
2
12
1
63
1
1
2
37
1
1
2
2
3
8
3
65
9
2
2
47
4
3
2
12
2
11
2
42
1
7
2
65
1
7
1
45
1
6
3
60
30
5
3
36
8
12
3
34
11
8
1
54
1
3
1
44
1
4
3
25
2
4
1
68
2
1
2
60
4
11
3
23
9
3
2
28
1
6
3
55
8
1
3
32
10
6
2
61
1
2
1
61
3
2
2
5
3
9
2
18
3
1
3
65
10
11
2
36
1
9
2
4
2
8
3
27
13
12
1
67
2
10
1
34
1
6
2
22
1
2
1
3
5
5
2
39
1
1
2
54
2
5
3
35
5
8
3
54
2
9
2
40
4
5
1
43
3
6
3
13
7
12
2
67
1
8
2
28
2
4
3
6
5
2
3
63
9
11
2
11
3
8
3
2
1
9
2
66
3
5
2
14
3
3
1
27
3
4
3
52
12
11
3
1
1
3
2
25
3
4
3
31
23
7
1
39
2
8
2
35
2
8
1
9
5
2
1
18
9
9
3
71
1
8
1
16
6
2
2
43
1
2
3
5
5
4
3
27
10
5
3
5
4
8
2
25
1
5
1
32
6
12
1
61
2
7
1
55
2
3
2
45
1
5
1
60
2
6
2
15
2
4
3
40
5
4
2
27
1
7
3
41
1
2
1
28
2
3
1
34
10
8
1
22
3
10
1
65
2
7
3
4
15
4
2
34
3
2
3
26
4
2
1
39
1
9
1
12
4
2
3
14
14
5
3
60
8
7
3
23
5
3
3
10
3
4
2
3
2
11
3
31
29
8
1
66
3
3
3
3
7
9
2
17
2
11
3
39
10
8
2
32
1
5
1
11
7
1
1
13
2
7
2
26
1
2
1
31
14
10
3
26
12
3
2
8
3
7
3
61
2
4
1
49
1
8
3
54
1
4
3
35
2
12
2
49
4
3
2
53
2
7
2
53
3
3
3
53
3
6
1
4
7
6
2
29
3
8
2
65
4
4
1
41
1
11
1
33
1
2
2
41
3
5
3
44
4
12
1
1
1
12
1
6
1
2
1
17
7
8
3
29
3
6
1
7
1
5
2
52
6
3
3
33
21
9
2
41
1
5
2
42
2
10
3
33
24
1
2
66
2
12
3
8
17
7
1
47
2
5
1
55
1
1
1
30
6
11
2
34
2
5
3
37
12
3
1
36
3
5
3
7
3
3
1
25
3
6
2
47
1
3
2
55
3
9
1
7
6
3
2
68
2
2
1
35
1
6
2
33
1
3
1
71
1
8
3
12
4
6
1
36
2
10
2
6
3
6
1
53
2
5
2
9
3
4
1
40
1
11
2
1
1
11
1
26
1
12
3
53
1
4
1
52
1
12
1
40
3
9
1
25
1
9
2
1
3
10
3
30
8
1
2
35
1
9
2
43
3
3
2
7
2
2
1
71
3
1
1
33
8
1
3
45
5
9
2
44
5
3
3
18
1
8
3
38
1
8
2
8
2
1
3
37
4
7
2
63
2
11
2
2
1
9
3
55
13
3
2
10
3
6
3
10
18
11
1
49
2
12
2
30
3
12
1
22
1
4
3
11
23
2
2
36
5
9
1
3
10
6
3
71
4
11
2
13
1
12
2
15
3
10
2
40
1
9
3
25
7
10
1
53
1
1
1
1
2
3
3
13
9
3
3
47
8
3
2
16
2
4
2
7
1
11
3
8
9
1
2
23
3
11
2
38
1
9
3
43
3
9
3
17
14
5
3
34
1
7
1
23
2
8
1
18
14
8
3
68
12
3
3
15
16
11
1
28
3
4
1
44
2
4
1
41
2
9
2
39
3
3
2
60
1
10
1
35
4
1
2
49
2
10
1
42
1
3
1
27
1
2
3
1
7
2
3
28
9
6
1
11
4
9
1
29
1
4
3
6
4
4
1
8
1
6
1
60
1
10
3
36
11
11
3
4
3
6
2
37
3
12
3
45
7
3
2
52
7
4
3
29
18
12
1
10
4
1
3
47
1
10
3
3
10
7
3
38
6
3
2
29
2
10
1
66
1
2
1
65
1
8
2
14
2
11
3
49
1
5
1
4
3
7
2
16
3
1
1
14
12
3
1
14
14
9
3
16
2
4
3
2
4
7
1
17
1
12
3
42
1
2
3
49
7
10
2
6
2
10
2
55
2
6
1
38
3
7
2
17
1
12
1
45
2
1
1
8
3
1
2
5
2
4
3
17
5
4
3
43
5
3
1
15
1
6
1
68
1
9
1
29
3
9
3
66
6
11
1
13
1
2
2
68
3
6
2
9
1
5
1
67
3
3
1
15
3
4
1
54
2
8
2
10
1
8
1
2
4
5
2
38
4
4
3
16
5
11
1
31
4
11
2
12
3
1
2
71
2
11
1
42
2
9
3
30
22
4
