2
65
3
8
3
44
7
8
3
6
1
8
2
34
3
10
3
26
1
1
2
36
1
4
2
10
1
10
1
41
1
3
3
60
3
6
1
31
11
7
3
47
7
12
3
32
9
12
3
41
2
3
3
12
3
2
2
55
2
1
1
38
3
7
3
71
2
10
3
43
7
5
1
23
1
11
3
40
3
4
3
27
4
5
2
27
3
7
2
18
2
7
3
23
15
8
2
42
3
1
3
60
22
4
3
38
4
6
2
60
4
10
3
11
1
4
1
7
11
9
2
12
2
10
2
68
4
8
3
67
31
12
2
38
3
3
3
14
15
5
2
6
2
4
3
65
19
9
3
2
8
12
1
34
2
11
2
7
2
9
1
7
5
7
2
37
2
4
1
33
7
12
1
54
1
4
1
25
3
11
2
66
1
4
1
3
3
9
2
53
2
11
2
45
1
9
2
54
2
6
1
71
1
8
1
13
4
5
2
32
3
2
2
8
3
2
2
67
2
9
3
61
2
1
1
30
6
11
1
31
16
12
3
34
4
5
3
7
2
2
1
53
1
3
1
55
1
7
3
68
14
10
3
39
5
4
3
45
3
11
1
5
2
7
1
44
2
12
1
2
7
11
2
23
1
2
3
8
6
5
3
45
6
3
2
11
3
1
1
8
8
5
1
23
2
9
3
22
8
11
2
31
4
12
2
23
3
10
2
16
3
8
3
37
10
12
1
44
4
10
1
42
2
3
3
29
7
4
3
52
9
12
2
8
1
4
3
16
3
5
1
41
2
9
3
7
1
12
1
14
4
8
2
1
3
8
2
16
1
5
3
40
1
1
1
43
1
8
3
68
13
7
2
61
3
7
2
9
2
8
1
47
1
5
3
5
2
1
3
36
15
12
3
42
1
11
2
61
1
5
3
13
1
5
3
53
6
5
2
37
1
2
3
31
10
9
3
9
8
12
1
68
1
5
3
1
10
7
3
18
22
12
3
14
24
1
1
17
6
5
1
26
1
6
1
39
3
12
3
27
6
2
1
35
2
7
2
11
1
10
1
66
2
6
1
29
2
5
2
34
1
2
1
45
2
3
1
40
2
11
1
13
5
4
1
29
3
4
1
1
2
10
2
43
2
4
3
54
1
7
3
23
10
3
1
15
4
12
1
15
3
12
3
52
8
7
2
6
3
10
1
11
8
4
1
11
2
1
2
10
3
3
2
5
3
12
2
42
2
11
1
43
3
5
1
8
10
1
1
32
7
4
2
9
1
4
3
63
12
1
1
16
2
10
2
63
2
1
3
10
4
12
2
67
1
4
2
44
4
7
3
71
5
5
3
39
6
7
3
4
16
1
2
25
3
9
2
13
1
5
1
28
1
5
3
12
6
10
2
71
2
7
3
67
1
5
1
27
2
2
1
68
2
3
1
17
16
4
1
47
2
5
3
42
2
10
3
3
3
2
3
11
11
4
2
7
1
11
3
13
8
2
2
49
3
8
1
18
7
1
3
17
8
1
2
54
1
12
2
52
4
11
1
54
3
2
1
4
4
2
3
33
20
11
3
30
22
2
1
65
1
1
3
10
19
10
1
32
4
1
3
34
1
10
2
14
2
1
1
9
8
12
2
47
1
9
2
66
2
10
1
67
2
4
3
6
5
7
2
3
2
6
2
33
2
4
1
16
6
3
1
4
1
3
3
63
7
6
2
28
1
9
1
61
3
1
1
30
15
12
1
12
1
11
1
37
2
12
3
49
2
6
3
5
1
8
2
14
1
3
3
35
4
1
2
4
3
1
1
2
6
1
2
33
3
2
2
39
4
10
2
40
3
6
3
38
2
8
2
29
1
10
3
30
14
12
2
12
1
6
1
36
2
11
3
43
5
2
1
12
18
10
2
38
2
11
3
55
16
2
2
15
2
12
2
28
2
5
2
2
2
3
1
38
2
7
1
33
3
11
3
33
14
11
2
35
3
6
1
3
2
12
1
34
7
10
2
5
2
3
3
49
6
9
3
54
2
11
3
32
8
6
2
29
2
12
2
13
3
6
1
22
2
1
2
22
2
12
1
40
3
10
1
10
2
9
3
41
3
9
2
40
4
2
2
53
3
1
2
63
1
12
3
55
3
4
1
65
2
4
1
42
1
11
1
28
2
4
3
26
7
4
1
25
1
9
2
32
1
8
1
45
1
9
1
60
2
9
3
28
7
11
2
27
1
4
1
27
1
3
1
63
1
1
1
63
2
2
2
31
1
4
1
61
2
4
1
71
3
11
2
18
1
6
1
14
10
1
3
66
8
2
1
49
2
12
2
45
2
12
3
1
3
12
3
66
7
4
1
10
3
6
1
36
1
4
1
52
2
6
3
18
12
9
1
67
3
12
3
36
13
12
2
49
1
2
1
49
1
4
2
22
1
8
1
22
1
3
2
68
2
10
1
18
10
6
1
5
1
10
3
8
18
8
2
39
1
4
3
25
4
9
2
17
2
10
2
52
1
3
3
28
3
9
3
44
5
3
2
44
2
3
1
6
2
11
3
16
4
9
3
61
9
8
2
65
4
1
3
9
7
12
2
30
4
4
1
9
13
3
1
39
2
2
3
17
14
4
2
60
3
10
1
6
1
5
1
60
1
11
3
65
16
3
2
43
3
1
3
4
5
1
3
47
9
3
3
37
1
12
2
30
2
10
2
36
5
2
3
15
5
10
2
41
3
10
3
29
6
3
2
4
2
7
2
25
2
12
2
47
3
11
1
26
2
8
3
53
3
8
2
35
1
3
1
1
1
8
2
41
4
4
3
22
4
2
1
35
3
7
2
2
3
3
2
26
4
7
1
66
3
4
3
35
3
4
2
17
3
11
1
55
2
10
3
25
6
3
2
15
3
6
3
31
11
12
3
3
7
4
2
55
3
4
3
2
7
11
2
26
1
8
2
1
2
7
1
37
1
3
2
71
3
5
2
3
3
1
3
15
4
3
1
52
3
2
1
53
2
12
