3
28
11
5
3
11
23
1
3
42
1
7
1
16
5
12
1
29
3
8
2
18
1
5
3
12
4
10
1
40
1
12
2
68
1
7
1
3
8
11
1
37
1
1
3
43
5
11
2
16
2
10
2
15
1
8
3
68
5
8
3
27
13
7
2
54
1
1
1
14
11
11
3
33
7
10
3
13
6
11
3
66
8
12
2
43
4
8
2
39
4
9
1
12
5
9
1
10
7
7
2
38
4
2
3
60
9
7
2
5
2
6
2
17
3
7
2
22
2
3
1
30
4
7
3
14
17
12
2
4
3
7
1
45
2
2
2
25
2
8
1
38
3
9
2
44
5
5
2
5
3
5
1
47
1
8
2
71
1
4
3
22
9
11
2
39
1
9
2
60
2
2
3
63
8
11
2
53
2
12
1
54
1
12
2
54
2
7
2
16
3
1
2
3
3
7
2
29
2
9
1
2
7
9
1
4
5
4
2
8
1
9
1
26
1
9
3
31
16
1
1
60
1
4
1
61
3
11
3
45
3
9
3
61
1
12
3
68
3
9
1
47
3
9
3
26
12
2
1
18
11
7
1
35
1
4
1
36
1
11
2
42
3
4
2
53
3
7
1
63
2
2
2
23
2
10
1
43
2
2
2
71
3
3
3
54
1
4
3
36
4
3
1
42
1
4
2
33
1
12
1
37
2
5
1
11
1
12
1
4
8
6
3
27
7
3
2
44
1
2
2
55
3
11
1
2
3
1
2
36
4
6
3
11
18
1
1
43
1
10
2
14
2
11
3
55
4
9
2
33
3
4
3
1
10
10
1
1
2
1
1
26
2
7
3
4
24
8
2
49
2
7
3
41
3
7
1
29
1
3
3
17
9
7
3
8
1
2
3
15
15
9
2
23
1
3
3
37
8
5
1
53
1
5
2
35
2
7
1
27
3
10
3
7
4
7
1
16
3
6
1
41
2
5
1
11
10
7
1
5
2
6
2
9
1
11
3
49
5
2
3
35
2
12
3
16
3
6
2
68
4
2
3
65
7
1
3
63
1
5
2
1
1
8
1
65
2
7
1
7
10
12
3
10
4
2
2
37
2
1
1
67
2
5
3
71
2
4
2
55
1
12
3
29
11
12
1
17
2
6
3
4
3
6
1
25
2
6
1
32
5
11
1
33
8
5
1
53
2
1
1
10
4
9
1
34
7
2
1
17
4
2
1
30
7
4
3
2
9
11
2
32
1
12
3
42
3
9
1
54
3
6
2
31
3
7
1
49
2
6
1
68
3
6
3
23
11
7
2
66
3
2
1
39
1
8
2
41
5
4
1
39
2
10
2
63
3
6
3
15
16
12
3
32
10
12
2
10
2
4
2
17
2
9
2
40
4
10
2
63
2
2
3
18
13
2
3
55
9
7
1
28
2
9
1
42
2
8
1
22
2
12
3
37
9
9
1
13
4
7
2
36
1
2
1
32
1
12
3
67
3
6
3
67
38
11
3
36
9
2
2
11
2
11
2
61
1
7
3
66
9
8
2
34
2
12
3
2
11
10
1
23
1
8
1
63
1
6
1
22
1
1
3
5
3
7
2
8
2
3
1
28
3
3
3
47
6
5
1
66
1
4
2
47
3
11
1
34
3
10
1
44
3
5
1
44
1
12
3
60
5
2
1
1
3
12
2
27
3
3
3
54
2
3
2
10
3
9
2
13
3
2
3
53
1
6
3
28
8
4
3
1
7
1
1
18
13
11
1
14
9
1
2
6
2
9
2
18
2
12
2
34
1
9
1
61
1
6
2
47
4
2
2
14
3
9
2
61
3
3
1
52
1
8
2
12
2
9
2
22
1
9
3
5
4
1
2
66
2
12
2
65
4
11
3
40
3
1
2
27
2
6
3
52
16
10
1
71
2
6
2
45
1
11
1
71
1
11
2
13
2
3
2
30
3
4
1
13
6
6
1
8
17
9
2
11
3
1
3
31
12
5
2
9
2
2
3
30
23
2
2
12
1
9
2
26
4
3
3
25
5
9
1
35
2
11
1
31
8
10
3
43
8
2
3
23
8
6
2
4
2
7
1
36
2
1
3
25
9
4
2
28
3
9
2
7
1
8
3
9
2
7
1
31
10
2
3
39
5
2
3
47
2
5
3
13
7
2
1
66
2
10
3
38
1
7
2
32
4
1
3
52
14
5
1
52
3
3
2
41
1
1
3
45
1
11
2
2
1
8
1
6
1
4
1
49
1
2
2
3
2
6
2
35
1
12
1
55
2
10
2
67
1
2
3
6
2
1
3
71
3
6
2
15
3
2
2
65
3
8
1
55
1
11
1
3
5
11
2
30
1
3
3
8
18
4
2
6
1
7
2
37
4
9
3
6
5
4
1
33
6
5
2
40
1
6
3
34
4
8
1
38
2
7
3
9
8
6
2
52
3
12
2
38
5
4
3
10
22
6
2
45
2
2
2
1
2
12
2
60
4
9
3
12
1
10
2
25
1
4
2
31
1
6
1
15
1
7
3
49
3
3
3
38
6
6
1
6
2
2
2
52
1
10
3
29
3
1
3
3
2
1
3
35
1
6
2
49
3
1
3
61
7
4
3
18
23
4
1
68
1
2
1
40
3
2
1
7
7
6
2
2
3
4
1
5
1
12
1
9
2
9
2
29
3
4
3
32
7
9
1
15
5
9
2
67
2
3
3
44
10
10
3
53
6
8
3
30
17
12
3
39
7
3
1
27
2
4
3
33
8
3
1
12
11
1
3
7
5
6
1
67
1
9
3
26
1
3
1
25
3
9
3
22
3
11
2
28
2
5
3
44
5
12
1
23
2
6
2
42
4
11
1
60
2
5
3
40
5
1
3
3
7
5
3
41
2
10
3
16
7
10
1
9
6
9
1
65
1
10
3
65
10
2
2
26
2
6
1
8
15
12
2
43
2
9
3
17
7
2
3
14
23
10
1
45
1
1
1
41
1
8
3
34
5
5
2
7
3
1
