1
68
1
12
2
41
4
7
1
23
1
2
1
11
4
10
1
37
2
8
1
7
7
8
3
5
3
12
2
26
4
2
1
7
1
2
3
54
2
11
1
63
1
5
3
32
11
5
2
1
2
1
3
8
20
5
2
25
3
8
3
30
19
5
2
67
2
2
2
68
1
5
2
18
2
7
1
2
4
12
3
53
6
8
1
23
3
4
2
39
1
6
1
68
3
9
3
17
11
9
3
47
9
8
1
5
2
9
2
18
1
11
2
30
5
4
1
36
1
5
3
7
2
10
2
36
1
8
2
55
3
2
1
22
1
2
1
65
2
1
2
7
2
11
2
12
3
8
3
52
13
12
3
38
2
5
2
26
2
8
3
15
5
6
1
8
4
4
2
54
2
7
3
54
1
6
2
28
2
7
1
49
1
3
3
66
6
7
1
41
1
11
1
42
1
5
3
11
10
1
1
27
1
10
2
35
2
2
3
7
5
2
1
28
2
5
3
4
22
1
2
1
3
1
1
67
3
9
3
33
10
11
2
65
3
12
2
47
3
3
1
17
10
9
1
3
2
7
2
49
1
2
3
14
16
10
2
63
2
4
1
44
4
3
2
36
2
9
2
63
3
9
2
42
1
10
2
61
1
11
1
32
5
6
3
26
5
5
3
65
5
9
1
40
3
3
3
36
1
2
3
10
18
9
2
5
1
10
2
32
2
3
2
37
3
8
1
39
1
8
1
47
2
7
3
39
6
10
3
33
13
6
2
40
3
12
1
15
2
5
3
34
9
1
1
35
4
5
1
45
1
11
2
27
1
6
2
34
3
5
3
34
11
6
1
65
1
7
1
2
1
8
3
39
1
6
1
34
2
12
2
65
2
7
3
60
28
11
3
3
10
5
3
67
20
4
1
10
6
4
1
1
2
5
2
31
1
10
3
44
4
7
2
8
2
1
2
15
1
2
3
28
16
3
1
30
5
4
3
15
17
11
1
35
3
3
3
4
16
2
2
55
2
4
3
28
5
1
2
40
2
2
3
60
31
7
3
53
3
6
3
25
7
9
2
9
3
4
2
66
1
2
3
16
7
1
3
40
2
4
1
55
1
6
1
1
1
11
1
3
8
4
1
4
3
5
1
49
2
11
2
11
3
7
1
29
3
5
1
11
11
11
1
67
2
10
1
38
2
10
3
31
8
7
1
30
11
3
2
3
2
4
3
3
5
5
1
52
2
6
1
12
18
8
2
47
4
10
3
63
6
3
3
18
22
9
1
9
9
8
3
16
2
8
2
25
2
5
1
63
2
9
1
39
4
10
3
55
10
11
2
68
4
3
3
35
3
11
2
22
2
6
2
38
3
10
3
68
7
2
3
1
1
1
2
45
3
2
3
1
6
6
2
53
1
1
3
61
6
5
2
52
4
1
3
2
7
12
1
8
12
10
1
27
3
6
1
33
4
1
2
13
3
12
3
6
5
3
2
14
3
12
1
60
1
9
3
22
5
4
1
38
3
12
1
71
2
7
1
43
1
12
3
12
3
3
1
41
3
5
3
37
5
4
1
44
3
7
2
35
1
1
1
5
1
6
2
15
2
9
1
6
2
12
2
44
2
7
1
18
10
10
2
13
2
5
3
6
4
4
2
42
2
11
3
32
1
10
3
47
10
2
2
30
3
5
2
6
1
4
2
14
2
10
3
26
11
10
1
47
1
6
2
29
2
2
3
10
24
10
3
22
10
10
2
60
3
7
3
52
12
12
2
45
1
5
1
26
3
1
1
53
2
12
3
45
1
8
2
16
3
2
1
37
1
3
2
29
3
4
2
61
2
6
2
49
2
9
3
9
32
9
1
71
1
10
3
68
1
11
3
13
2
4
3
41
3
2
1
28
1
5
2
5
2
11
3
25
6
10
3
27
17
4
3
8
19
11
1
9
6
11
2
33
3
10
1
66
2
10
1
55
2
9
3
31
18
9
1
61
3
6
3
12
5
10
3
13
8
3
1
17
16
3
3
2
2
8
1
34
3
1
2
9
2
4
2
12
2
3
3
71
5
4
3
23
16
7
3
45
7
12
3
38
5
3
2
52
5
6
1
14
22
9
1
26
1
9
1
53
1
12
3
49
4
12
3
65
20
1
2
7
1
4
3
55
1
1
2
60
2
7
3
42
2
8
2
27
2
10
3
27
4
8
3
66
3
11
1
10
2
4
3
11
22
9
2
4
3
10
3
5
4
10
3
42
4
9
1
52
3
2
1
40
2
4
2
4
2
6
1
13
1
2
3
40
4
8
2
38
5
7
2
28
1
8
2
71
2
11
3
61
8
10
2
33
2
2
3
23
8
1
2
3
3
8
2
23
3
2
3
43
7
10
3
43
8
6
3
67
7
12
2
17
1
10
3
71
1
2
3
30
28
2
1
14
7
9
2
2
2
7
1
61
2
10
2
31
4
4
1
60
2
8
1
31
15
8
2
53
2
6
1
16
6
6
1
22
3
7
2
2
3
5
2
10
1
10
2
11
1
3
1
16
3
3
1
29
1
8
2
71
1
9
1
54
2
7
2
41
5
4
2
6
3
1
3
49
1
3
3
17
4
11
1
25
2
8
3
36
9
5
2
10
2
1
1
42
2
11
2
43
2
9
2
37
1
1
1
31
9
7
2
67
1
7
1
15
1
1
3
29
18
8
1
13
7
3
2
23
1
4
2
32
1
5
1
33
1
11
1
45
2
9
2
8
1
10
1
18
5
3
3
14
18
9
3
41
2
7
2
39
3
1
3
44
10
3
1
4
6
11
2
34
2
6
2
22
3
1
1
32
1
10
1
12
11
5
2
66
2
1
1
6
1
10
1
43
2
2
2
44
5
6
3
29
19
1
2
43
5
9
3
9
25
1
1
25
3
4
3
35
8
8
1
66
3
5
1
54
1
10
1
36
3
6
3
37
1
9
2
54
1
6
2
17
2
12
2
16
2
11
3
63
12
3
3
18
2
5
