3
44
8
1
1
66
3
3
3
33
5
2
2
12
2
2
1
32
7
10
3
5
4
7
3
13
1
12
3
4
5
10
2
16
2
12
2
45
4
3
1
42
2
1
3
53
1
9
2
27
1
3
3
60
13
1
2
66
2
7
2
55
2
3
2
18
3
7
1
23
2
2
3
11
23
6
2
47
4
9
2
43
4
7
1
63
1
6
3
31
5
6
3
60
14
5
1
11
10
7
3
14
20
3
1
44
1
12
1
17
12
3
3
52
8
3
2
29
2
4
3
43
5
7
1
52
3
4
2
54
1
6
1
11
11
10
2
32
3
10
3
23
10
2
2
31
4
9
3
35
6
12
1
26
2
7
3
39
4
11
3
40
4
4
1
25
2
7
1
29
2
3
2
35
3
4
3
36
8
7
2
71
1
11
2
3
2
5
3
65
9
3
3
2
1
10
3
18
15
8
2
22
3
8
1
36
1
11
3
28
2
1
1
15
2
6
1
34
10
7
3
41
4
11
3
8
9
9
2
42
1
7
3
37
6
4
2
47
1
3
1
29
3
5
1
8
1
2
3
3
7
7
1
3
11
9
3
49
1
8
3
27
4
3
2
13
1
11
1
1
1
4
2
10
3
5
3
32
2
3
3
6
6
11
2
30
1
12
1
37
2
9
2
2
3
10
1
35
4
11
2
14
2
1
2
61
1
2
2
17
3
2
1
12
10
5
1
5
1
10
3
8
19
4
1
47
1
2
3
33
14
9
3
54
2
11
3
22
5
12
1
38
3
11
3
16
4
10
3
71
3
7
3
17
7
6
3
7
4
5
2
12
3
4
1
17
16
7
2
17
1
6
1
49
1
8
2
8
2
6
1
28
1
11
2
42
2
2
3
52
18
9
1
55
2
12
3
14
7
8
3
68
4
10
1
41
2
5
1
68
2
6
1
27
2
6
3
71
4
6
1
53
2
8
2
18
4
10
1
38
1
5
3
12
6
8
2
61
2
12
2
40
2
1
2
29
1
8
2
66
3
7
1
61
2
3
3
26
12
3
1
5
2
4
2
52
7
7
2
39
4
6
3
1
7
8
2
41
1
3
3
47
1
10
1
22
3
6
3
32
12
5
2
5
2
6
1
30
5
4
3
55
12
12
1
18
3
11
2
36
4
8
2
11
3
3
2
38
5
9
3
9
20
9
1
61
1
5
2
4
1
6
2
34
1
12
2
4
3
6
3
38
2
8
2
30
5
9
1
27
3
5
1
10
7
5
2
5
1
9
3
15
7
12
3
39
2
12
2
33
3
7
3
10
8
4
3
45
6
8
1
7
2
12
3
68
2
1
2
40
1
12
2
13
3
1
2
60
2
8
2
10
1
8
1
18
6
4
1
8
12
3
1
4
3
6
2
65
3
12
2
44
1
3
2
68
2
3
3
47
4
7
1
43
2
4
3
23
7
5
1
35
2
3
2
28
3
12
1
43
3
6
1
54
2
10
2
43
1
1
1
26
1
5
2
37
3
4
2
26
2
7
3
11
10
5
3
7
1
2
1
6
2
3
2
68
4
12
3
65
10
4
1
40
3
7
2
25
1
9
2
16
3
6
1
15
3
2
3
42
4
9
3
26
9
12
1
3
9
1
3
6
1
5
3
67
18
1
3
53
7
9
1
67
1
6
1
14
13
11
1
13
5
12
2
36
5
11
2
1
3
2
2
7
1
3
3
34
5
12
1
31
16
9
1
60
2
2
2
9
3
4
1
2
6
8
1
41
1
3
1
49
2
5
2
32
4
8
1
22
1
2
2
44
5
6
2
67
1
8
3
45
3
2
1
53
1
10
3
22
6
10
1
36
3
9
2
3
3
4
2
22
1
2
1
39
2
4
2
54
2
6
3
31
15
9
2
6
1
5
2
15
3
6
1
40
1
8
3
66
6
6
2
2
2
12
2
23
3
10
3
41
1
11
2
9
2
11
1
39
1
10
1
10
6
6
3
55
8
6
2
71
2
5
1
54
1
8
2
55
3
6
3
27
6
8
2
60
3
12
1
45
2
5
3
18
22
3
1
47
2
4
3
54
1
9
2
7
2
9
1
13
3
10
2
14
1
8
2
27
2
9
2
39
3
6
1
28
3
11
2
26
4
11
1
31
1
9
1
32
2
7
3
36
14
10
1
66
1
8
1
9
14
10
1
65
1
9
1
45
1
11
2
35
1
7
3
34
3
10
3
9
19
12
3
17
3
9
1
30
3
6
3
25
6
1
2
45
3
8
2
15
2
6
2
63
2
2
2
53
2
11
1
4
1
5
2
6
3
2
3
63
13
4
1
16
4
7
1
33
3
12
1
7
10
3
3
30
8
8
3
30
20
8
3
42
2
4
1
71
2
2
2
37
1
9
3
3
1
10
2
63
3
8
3
2
6
10
3
29
1
1
2
11
1
1
3
1
4
11
2
8
1
5
2
25
2
11
1
34
9
3
1
33
6
11
2
49
4
11
3
29
3
10
1
71
1
4
1
16
2
7
1
25
1
11
1
52
1
5
2
67
2
10
1
6
1
12
2
28
2
3
2
23
1
2
3
15
6
7
3
61
2
3
3
49
8
3
2
49
2
10
3
61
3
9
1
65
2
11
3
28
13
12
3
4
20
5
1
68
3
12
3
63
5
7
3
25
8
10
2
34
2
11
1
37
1
1
3
13
3
9
2
38
3
4
3
66
7
5
1
42
1
1
3
43
2
4
1
44
4
3
1
63
2
9
3
16
1
12
2
53
1
7
3
40
3
8
1
12
16
12
3
10
14
7
3
67
20
7
1
1
3
9
2
1
1
3
1
14
21
3
3
35
2
12
1
2
7
6
3
12
5
2
1
9
7
11
2
65
4
10
3
5
5
1
2
31
2
5
2
41
2
4
3
38
1
4
3
44
6
2
2
52
6
10
1
67
3
3
3
37
2
5
2
33
1
1
1
60
1
5
1
55
1
10
1
23
3
4
