3
41
1
10
2
65
3
2
1
41
1
12
3
53
5
7
2
4
3
7
3
30
19
12
3
54
1
7
1
13
6
5
3
27
10
8
3
36
5
4
2
43
4
3
2
29
3
10
3
14
16
11
3
38
7
11
3
52
17
9
1
8
5
9
2
22
3
9
2
40
1
2
2
34
2
4
2
25
3
9
1
18
6
7
1
22
1
5
2
14
2
7
1
15
1
11
3
4
5
11
3
52
15
4
1
47
2
2
3
28
7
8
3
5
3
5
2
17
2
7
1
10
5
10
1
41
3
9
1
42
2
8
3
22
3
12
2
67
1
9
2
25
2
5
2
63
3
4
3
2
12
10
1
49
2
7
2
18
4
5
3
10
12
11
3
43
7
6
1
37
2
1
2
37
4
12
3
63
9
3
2
15
1
2
1
28
2
8
1
55
2
6
1
16
1
5
1
52
2
6
1
29
2
3
1
71
1
4
1
54
2
8
1
65
2
1
1
27
1
2
2
14
3
12
3
63
1
3
2
71
1
1
2
6
1
3
1
9
7
7
3
26
6
12
1
31
8
6
2
31
5
8
1
6
2
8
1
61
2
10
3
30
21
6
3
44
4
8
2
71
3
10
3
44
1
4
3
13
8
10
1
23
1
8
3
49
6
4
2
26
3
12
2
27
1
9
3
11
21
8
3
47
8
5
3
32
5
6
3
15
5
8
3
18
18
2
2
52
1
8
3
18
23
12
2
8
2
7
1
5
2
11
3
13
1
3
3
29
15
12
1
44
3
1
3
33
20
1
2
44
4
9
1
5
1
7
2
37
3
2
1
30
18
9
1
6
1
11
3
67
22
1
3
68
17
3
3
35
8
3
1
1
2
12
2
61
3
7
1
30
7
6
3
12
4
12
2
47
3
1
2
13
2
6
3
65
10
11
1
71
2
4
3
31
11
11
2
3
1
10
2
60
2
10
1
17
13
10
1
42
1
7
1
12
17
2
3
1
1
2
3
40
5
1
2
54
1
2
1
4
3
12
2
49
3
8
2
9
2
4
1
12
11
10
1
32
6
12
3
42
1
8
1
39
3
1
1
35
3
10
2
27
3
12
2
18
2
3
2
40
4
2
3
25
7
4
3
54
2
3
3
9
4
5
2
49
1
6
2
60
4
11
3
53
1
12
3
47
5
3
1
11
5
12
2
39
3
1
3
26
7
7
3
37
3
12
3
12
6
2
3
14
4
7
1
39
2
10
1
22
3
1
1
52
3
10
3
4
27
1
3
34
5
7
2
32
3
5
2
34
1
4
3
2
9
1
2
42
3
3
2
23
2
4
1
7
1
9
2
31
3
9
3
45
4
7
1
66
2
4
2
38
2
2
2
17
3
2
2
23
3
4
2
26
4
8
1
53
1
10
2
10
2
2
3
29
5
8
3
17
14
10
2
1
3
5
3
55
13
2
1
10
1
2
1
33
7
4
3
9
29
6
2
52
7
9
2
65
1
12
2
36
4
11
3
71
5
3
2
66
2
4
2
16
2
1
3
28
15
3
3
8
14
2
2
6
2
7
3
6
6
2
3
61
2
11
3
23
17
8
2
44
5
5
3
65
21
4
3
3
5
11
2
5
3
3
3
60
6
1
1
18
2
4
3
36
7
10
1
26
2
11
2
63
1
8
3
27
16
7
1
34
10
11
2
28
3
8
2
8
3
2
2
2
2
7
2
38
4
10
2
4
2
10
1
63
1
2
3
66
7
10
1
37
1
1
1
33
1
3
1
31
1
2
2
67
2
3
3
71
1
6
3
17
3
4
2
13
1
6
1
66
3
9
1
2
1
10
1
44
1
5
1
60
2
9
3
7
4
5
3
25
4
11
2
39
4
5
1
28
1
3
1
14
15
3
2
61
2
6
1
35
2
6
1
47
3
5
1
25
3
4
3
66
4
10
2
42
2
11
1
11
7
5
3
39
9
2
3
68
15
12
1
45
2
10
3
38
12
10
1
29
1
2
2
43
5
5
2
41
5
8
2
68
3
11
1
54
3
3
1
43
1
12
2
35
1
4
2
47
2
5
2
45
1
6
2
11
2
5
2
15
2
5
2
2
3
1
3
16
1
11
2
45
4
11
1
36
1
2
1
67
2
10
2
29
2
3
3
61
7
8
2
55
3
8
2
33
2
3
1
26
3
12
3
42
3
9
1
63
2
11
2
11
3
8
1
32
5
12
3
23
12
3
1
4
5
6
2
35
3
9
2
54
2
3
3
49
8
11
1
13
9
12
1
27
3
6
3
35
7
4
2
33
3
12
2
30
1
1
2
22
1
11
1
53
2
12
3
33
16
4
2
5
1
11
3
15
3
7
3
39
4
9
1
67
1
12
3
1
2
1
1
2
4
1
1
38
2
3
3
16
4
8
1
1
3
11
2
30
2
2
1
14
18
12
3
43
4
6
1
68
1
1
1
17
3
5
1
3
8
11
3
10
6
1
2
16
1
8
2
53
1
8
3
32
6
2
2
55
2
8
1
16
5
9
2
32
1
10
3
34
9
5
1
7
6
8
1
8
17
11
1
65
1
8
3
7
1
4
2
53
3
9
2
3
2
10
2
12
1
10
1
60
1
4
2
12
3
3
1
49
1
6
3
11
2
5
2
68
2
6
2
1
2
4
2
7
3
8
2
7
2
11
1
40
1
2
1
43
3
3
2
10
1
7
3
55
10
7
1
36
3
4
3
5
2
7
1
40
3
10
2
41
4
4
1
45
1
5
1
61
1
12
1
25
1
3
1
15
2
12
1
3
11
1
1
38
1
4
3
37
11
10
3
40
1
1
1
23
3
3
1
55
1
4
1
68
3
5
2
28
2
7
2
66
1
8
3
8
11
2
1
34
6
6
2
36
5
7
2
9
1
10
3
6
5
3
3
67
15
8
3
45
5
11
3
31
22
4
3
22
2
4
3
41
3
2
1
9
9
5
3
60
18
11
3
3
9
12
