2
60
3
5
1
33
4
12
2
16
3
12
2
10
2
7
2
52
2
1
3
42
2
4
2
26
3
2
2
65
3
10
2
27
3
11
3
22
1
1
1
26
1
9
2
68
3
11
2
36
5
12
2
11
1
2
1
18
1
9
1
13
7
1
2
28
2
12
3
6
2
12
3
1
5
11
3
29
19
1
1
1
1
6
1
34
1
11
1
30
16
8
2
39
4
2
2
33
2
12
3
35
7
2
1
4
8
10
3
11
19
12
3
37
10
11
3
40
1
7
3
37
1
5
2
55
1
1
3
23
15
3
2
30
1
9
3
8
20
4
1
67
3
11
1
12
8
9
1
23
2
9
1
61
3
9
1
38
3
2
2
1
1
3
3
2
4
6
1
71
1
1
1
63
1
7
2
17
3
10
1
32
3
1
2
37
2
3
1
32
1
2
3
55
6
12
2
38
2
3
3
34
2
7
1
4
2
11
3
22
3
2
1
14
17
6
1
52
3
6
3
45
7
11
1
43
2
11
2
3
1
9
2
15
2
9
3
5
1
4
2
22
2
2
1
37
2
9
1
25
1
5
1
3
4
1
1
53
1
12
3
18
9
3
1
49
2
7
3
4
5
5
1
39
4
10
2
67
1
3
3
26
3
5
3
13
6
1
3
68
17
7
2
40
3
1
1
35
1
3
1
5
1
3
1
8
16
1
3
66
1
10
2
6
3
4
2
30
4
6
2
4
2
5
3
43
7
9
2
43
2
3
3
28
13
12
2
36
3
10
2
37
1
5
3
16
3
3
1
40
2
7
2
6
2
10
3
71
2
6
3
9
21
2
2
35
2
12
1
6
2
4
1
9
1
5
1
66
1
8
1
18
8
10
2
12
3
7
2
10
3
3
3
31
26
5
1
71
3
5
2
15
1
2
1
27
1
4
2
29
1
4
2
41
3
8
3
3
6
5
1
10
4
5
1
34
5
1
2
2
2
12
3
10
23
1
1
65
2
6
1
53
2
10
1
29
2
9
2
55
3
6
1
7
5
12
1
67
1
1
3
7
5
11
3
63
1
2
1
49
1
10
1
31
10
3
3
30
27
5
1
55
2
2
1
60
1
2
3
39
1
2
3
45
5
11
2
53
1
11
1
3
7
10
2
23
1
3
2
44
1
6
2
45
4
6
3
4
4
6
1
36
1
11
3
27
9
5
2
32
4
7
2
31
1
10
1
61
1
2
2
54
1
5
3
67
7
5
3
36
11
4
3
7
3
1
2
25
1
8
1
54
2
3
2
33
1
10
2
49
4
11
2
71
1
8
3
44
1
6
2
16
2
4
1
42
2
8
2
8
2
12
2
1
2
11
1
16
4
4
2
42
2
4
3
67
1
10
2
67
2
3
3
10
9
2
1
65
1
2
3
17
13
9
1
13
3
8
3
63
3
10
2
12
1
8
3
53
6
4
2
63
2
6
2
40
2
5
1
45
2
8
3
32
3
4
2
3
3
8
3
15
16
6
3
25
6
1
2
71
2
9
2
61
1
5
2
34
1
7
3
6
5
5
3
23
10
4
2
65
2
5
3
41
1
7
3
12
7
12
2
63
1
10
2
18
4
3
3
26
5
10
2
9
3
1
3
14
4
7
1
10
5
3
1
30
6
8
3
49
2
2
2
4
1
9
2
8
1
8
3
30
21
4
1
11
2
12
1
22
2
10
3
25
5
7
2
11
2
10
1
15
5
8
3
14
14
3
2
31
2
6
1
35
2
5
2
13
3
5
2
13
1
9
1
28
2
2
3
49
8
1
3
54
2
6
3
54
1
6
2
66
3
3
2
14
2
2
1
43
1
10
1
36
2
10
3
43
4
6
2
26
4
9
2
61
2
7
3
1
3
4
1
60
2
6
3
39
4
7
2
5
1
2
3
53
2
10
3
40
2
12
1
17
5
8
1
8
14
2
3
61
3
12
1
42
1
8
3
71
5
12
1
2
2
9
1
25
3
10
1
9
14
5
3
65
2
3
1
47
1
1
1
66
2
1
1
22
1
9
1
14
2
5
3
55
7
2
3
44
3
11
1
17
6
9
2
7
1
11
3
12
2
12
1
33
5
5
1
1
2
3
3
17
14
4
1
16
1
11
1
29
3
4
3
28
7
4
3
13
8
10
2
66
2
10
3
29
8
6
3
41
3
12
2
35
3
4
2
18
3
12
2
32
2
11
2
34
2
12
3
18
25
8
2
47
1
1
2
9
2
3
3
27
1
6
2
39
3
8
3
33
16
9
2
60
4
10
3
9
22
9
3
47
1
1
2
45
3
12
3
33
7
7
1
12
2
3
3
31
21
4
3
2
5
5
3
42
1
4
1
40
3
1
3
38
11
9
3
11
17
7
1
27
3
11
1
52
2
11
1
11
11
5
3
47
3
9
2
28
1
3
2
17
2
10
1
55
1
7
1
47
3
10
2
22
3
10
3
65
19
8
1
23
3
9
2
25
2
9
3
68
15
12
3
34
5
12
3
5
2
9
3
60
12
11
1
6
1
4
1
41
3
6
2
43
4
9
3
35
4
5
2
53
2
12
1
26
2
6
3
32
4
1
1
28
3
11
2
42
1
11
1
63
2
4
1
37
1
9
2
38
3
11
3
36
3
4
3
60
9
5
2
68
2
2
2
44
3
4
3
3
1
9
3
52
3
6
3
52
6
1
2
47
4
7
3
61
2
9
2
54
2
9
2
27
1
9
1
39
3
5
2
29
2
11
2
2
3
7
1
44
4
10
1
44
1
7
1
38
2
1
1
68
2
12
3
8
19
7
2
23
3
11
1
2
4
12
3
66
2
12
3
15
1
8
1
15
1
4
2
41
2
1
1
5
2
2
1
45
1
2
1
7
6
9
2
14
3
4
3
16
7
6
3
38
6
1
2
49
2
8
1
54
3
7
1
41
1
8
1
31
4
3
1
68
1
2
2
7
3
8
2
5
2
12
2
52
3
7
