1
39
2
1
3
3
10
2
2
66
2
9
3
22
2
12
2
8
2
2
2
49
3
12
3
6
4
9
2
49
4
8
3
32
7
7
3
8
14
3
1
28
2
8
1
4
6
6
1
68
2
12
2
33
2
6
2
5
1
8
3
29
8
12
3
1
1
11
2
61
1
3
3
38
8
1
2
52
6
11
3
7
1
10
3
34
2
7
3
15
9
2
3
3
1
10
1
35
3
12
1
15
2
11
2
71
2
6
3
40
4
12
3
16
2
5
3
10
9
5
2
63
2
9
3
5
2
2
2
66
1
3
1
22
1
12
3
1
3
11
2
27
3
1
3
17
3
10
3
31
14
10
2
37
3
2
3
30
23
2
1
1
1
11
1
12
15
3
2
6
2
9
2
60
3
10
2
36
4
3
2
12
2
10
2
18
4
11
1
7
11
8
2
41
1
4
3
52
8
3
1
2
7
6
3
65
20
9
2
54
1
1
1
44
3
5
2
32
4
7
2
43
4
7
3
23
12
4
2
8
3
10
3
67
35
5
1
23
1
2
2
6
3
5
2
28
1
9
1
40
3
12
1
11
6
11
1
32
3
11
3
44
9
5
2
11
1
9
3
18
1
8
2
65
4
9
2
39
4
7
2
13
2
12
1
13
2
12
3
40
1
7
2
13
3
11
1
18
5
5
3
44
8
11
1
68
1
11
3
29
12
6
3
38
7
11
3
53
7
10
2
28
2
2
1
54
2
12
1
29
2
8
2
15
3
8
3
63
12
2
2
55
3
11
2
5
2
8
1
5
1
8
3
28
4
6
3
47
10
11
2
71
3
6
1
27
2
7
3
54
2
1
1
27
1
9
3
26
10
2
3
49
8
10
3
13
7
11
3
7
5
6
2
67
1
2
2
60
4
12
1
60
2
7
1
33
2
2
1
11
7
5
1
30
3
12
1
61
1
6
3
23
2
5
1
23
3
9
1
30
14
8
2
39
2
1
2
31
4
1
1
26
3
4
1
38
1
6
3
4
8
9
1
31
11
8
2
7
2
9
1
37
1
6
1
26
2
1
3
27
12
4
2
30
4
2
2
18
3
10
3
30
17
12
1
55
2
10
2
53
1
3
2
15
2
6
3
8
10
5
1
10
7
4
1
63
2
4
2
35
1
2
1
18
8
5
3
66
6
11
3
54
1
3
3
11
11
6
3
39
1
5
3
14
25
8
1
29
1
6
3
41
1
5
2
47
1
5
2
7
3
3
3
9
10
6
3
39
10
5
1
54
1
2
1
25
3
9
1
32
2
10
2
9
3
1
3
13
6
3
2
61
2
10
2
38
5
8
2
42
4
4
2
53
3
11
3
17
6
10
2
4
1
11
3
2
7
7
3
49
4
3
1
16
4
8
3
31
7
11
1
16
3
3
2
38
3
4
2
30
3
12
1
44
1
8
1
38
3
2
3
14
1
6
2
34
2
11
1
43
1
4
3
60
29
12
1
34
5
5
2
67
2
11
2
4
2
6
2
17
2
2
3
43
6
12
2
44
4
11
3
66
9
10
1
9
6
10
3
33
11
4
2
32
3
9
3
25
1
11
1
71
2
9
2
31
1
4
1
60
1
5
1
15
1
1
2
36
2
12
1
67
1
3
2
27
2
7
3
41
3
5
1
17
8
4
1
45
1
12
1
5
2
2
1
6
2
1
1
31
12
11
2
25
3
1
2
65
2
2
2
16
1
10
3
26
2
6
3
12
4
12
2
25
2
4
3
61
2
1
2
29
1
7
2
34
1
4
2
10
2
5
3
34
1
10
3
6
3
11
3
68
9
11
2
14
2
12
2
3
3
9
1
41
3
4
3
5
5
3
2
12
3
7
3
47
2
5
1
39
4
4
2
40
4
2
2
29
2
8
2
23
2
6
2
54
2
4
1
8
15
5
1
35
1
9
1
13
6
4
1
52
1
1
1
71
1
9
1
2
2
1
2
43
5
3
3
71
2
2
2
22
1
12
2
45
2
5
3
53
3
8
1
53
1
9
3
68
12
12
1
53
2
10
3
37
5
2
1
8
12
6
1
9
14
2
3
67
14
10
1
3
11
9
3
36
5
10
3
9
18
2
3
28
7
5
3
2
10
4
3
15
8
11
1
34
9
7
1
10
2
12
3
10
18
4
1
12
9
5
1
36
1
5
1
41
2
6
2
52
1
7
3
65
17
7
3
45
5
5
3
42
3
11
1
42
1
8
3
55
3
8
1
67
2
12
2
22
3
11
2
40
1
12
2
1
2
8
1
14
2
10
1
43
3
3
1
45
2
4
1
33
6
4
1
61
2
5
1
49
2
4
3
43
1
7
1
47
3
1
1
1
3
5
3
16
8
10
3
25
4
1
3
4
5
7
2
14
1
10
2
9
1
7
2
55
1
6
2
23
3
6
3
35
8
3
1
55
1
9
2
17
1
10
1
47
1
4
3
37
2
8
2
26
4
5
2
44
2
11
1
63
1
9
2
2
1
11
2
47
3
10
2
33
3
4
3
61
7
4
2
42
3
1
1
66
2
6
1
49
1
7
2
10
1
1
3
11
9
3
3
27
15
9
3
32
10
7
2
3
1
3
1
37
2
7
2
37
4
7
1
36
3
11
3
55
6
12
3
22
7
4
1
40
2
3
1
14
11
11
1
52
3
2
3
36
11
12
1
7
10
4
1
65
2
9
3
45
1
8
2
16
3
12
3
18
2
9
1
4
4
12
1
6
1
2
1
65
1
1
3
60
3
5
1
42
2
6
2
35
2
11
3
12
3
8
1
17
11
3
2
68
1
11
1
66
1
3
1
28
3
10
2
11
3
1
2
1
1
4
3
35
2
9
2
63
3
4
1
25
2
10
2
68
2
12
2
45
4
3
2
41
4
1
3
42
4
11
1
22
2
10
3
63
13
9
2
26
1
7
3
33
4
10
1
3
3
2
3
71
1
2
2
2
3
11
3
52
6
3
