1
39
2
1
1
47
2
12
1
67
3
9
1
44
4
9
3
42
1
9
2
60
4
2
1
13
2
4
1
41
1
7
3
34
4
5
3
40
2
3
3
66
7
2
2
26
1
8
1
53
1
4
2
60
2
2
3
39
4
3
1
30
2
10
2
63
3
1
1
43
1
8
1
49
2
1
2
15
2
7
3
41
2
10
2
31
5
6
3
61
11
9
2
8
2
3
2
47
2
6
3
65
12
2
3
8
9
11
3
60
18
7
2
34
2
4
1
9
7
9
2
14
3
1
2
27
1
11
2
10
3
2
3
54
1
12
1
5
1
12
1
44
1
6
3
38
2
11
2
39
3
10
1
38
1
7
3
44
1
2
3
33
3
12
3
34
2
8
3
52
4
2
3
6
2
6
1
16
7
4
3
67
37
2
2
28
3
5
2
49
1
12
3
45
7
11
3
18
19
1
1
40
2
1
2
7
3
10
2
55
2
10
2
54
1
3
1
27
1
11
3
68
4
1
1
66
1
7
3
10
21
11
1
45
2
10
1
18
12
8
2
49
3
10
3
63
1
4
3
6
1
4
1
15
3
2
1
17
14
1
3
71
4
11
3
17
10
7
2
8
1
3
3
3
5
1
2
53
2
11
1
63
1
3
1
37
1
4
3
32
11
2
3
40
6
7
2
3
3
3
2
18
2
10
2
30
1
11
1
26
1
3
2
4
2
4
2
30
2
1
3
49
2
12
2
31
1
9
2
52
2
11
2
36
4
2
1
63
2
4
1
2
3
7
1
68
2
8
1
17
5
12
3
22
1
1
2
63
1
4
1
7
5
5
3
7
5
3
2
43
3
11
2
54
2
2
1
28
2
3
3
1
10
4
3
67
30
3
2
67
2
7
2
2
2
6
2
22
1
4
3
10
3
12
3
18
15
8
1
36
3
12
1
53
2
8
3
63
5
4
3
5
5
1
1
27
3
12
3
23
2
1
3
55
9
3
2
14
1
6
1
55
2
1
3
5
4
1
1
11
6
12
3
2
9
11
3
38
4
9
3
25
4
12
3
15
14
3
2
16
3
1
2
23
1
10
1
49
1
4
1
68
1
7
1
14
13
9
1
6
2
2
3
45
5
9
3
66
4
8
2
53
3
1
1
37
2
6
1
29
3
10
3
22
7
6
1
43
3
12
2
25
3
9
2
16
2
3
1
71
2
9
2
15
1
9
1
45
1
6
3
35
1
1
2
36
1
8
1
6
1
1
3
41
4
6
1
22
2
6
3
16
6
2
1
65
2
5
2
61
1
9
3
29
19
3
3
11
16
7
3
33
21
12
1
31
11
7
1
39
1
1
2
2
3
12
2
65
3
10
1
31
5
12
2
32
1
2
3
30
19
4
1
10
8
9
3
30
28
3
2
11
1
10
1
71
1
3
1
14
5
6
3
68
16
8
3
43
5
4
2
17
3
4
2
35
1
3
1
60
2
1
3
7
4
6
3
26
9
8
1
33
2
5
3
39
2
7
2
9
2
9
3
54
2
7
1
36
1
1
2
43
2
10
3
36
1
12
1
30
5
9
2
28
2
7
1
54
2
4
1
8
13
4
3
29
5
6
2
13
3
3
3
17
15
1
1
10
4
1
2
5
1
2
1
29
2
8
3
42
3
5
2
34
3
4
2
44
4
6
1
5
2
12
2
38
3
1
3
13
9
8
1
34
5
3
1
12
13
6
1
13
4
5
1
35
3
2
2
11
2
8
1
42
1
1
3
61
8
11
1
52
2
11
1
4
2
10
2
6
1
3
1
25
2
4
2
52
7
2
2
32
2
8
3
47
6
1
3
55
17
7
3
37
10
1
2
26
3
4
2
33
2
1
1
35
4
9
1
60
1
11
1
23
3
8
3
37
2
1
1
1
2
2
2
5
3
3
2
45
3
4
2
27
3
3
3
4
24
10
2
29
1
11
3
8
4
6
2
67
1
4
2
65
1
7
3
11
10
5
2
55
3
1
3
4
27
9
3
28
5
6
3
65
11
10
2
12
1
7
3
13
6
6
3
44
6
1
3
12
1
9
2
22
2
8
1
25
3
11
3
32
4
7
3
31
4
2
2
9
1
8
2
6
2
4
3
35
3
11
3
12
2
4
1
23
2
9
1
9
13
10
2
68
1
3
3
14
2
12
3
60
8
8
3
14
6
9
1
11
3
4
2
29
3
5
3
16
8
3
3
26
1
12
3
25
7
2
2
61
3
12
1
41
2
8
3
9
11
5
2
66
2
12
2
71
2
5
2
68
2
9
2
71
1
11
2
18
4
9
1
61
3
1
2
39
2
2
3
47
2
3
1
2
1
8
2
41
4
9
2
45
2
7
3
3
1
11
3
53
6
9
1
61
1
4
3
9
4
2
1
4
3
8
3
31
13
5
1
1
3
3
1
42
2
3
1
40
1
2
2
35
3
12
2
23
3
10
1
32
6
5
1
16
4
1
1
52
1
5
1
38
2
4
1
54
3
2
3
27
3
12
3
15
13
2
2
1
1
2
2
3
2
7
1
7
10
8
1
22
3
4
3
23
12
5
2
25
2
3
1
15
4
1
2
40
1
2
2
42
1
1
3
2
3
2
1
12
7
1
3
1
3
1
1
26
2
2
1
32
5
8
2
37
4
7
1
3
5
3
2
1
3
12
2
10
2
6
2
4
1
8
3
43
2
9
2
41
2
9
1
55
1
6
1
67
1
3
1
8
11
8
3
71
5
1
1
33
8
8
2
42
2
9
2
44
1
4
2
17
1
12
1
65
1
11
1
66
3
3
3
53
5
9
2
13
2
12
3
49
8
9
1
3
6
12
1
34
1
7
2
38
4
1
3
27
6
3
2
37
1
1
2
47
4
10
1
28
1
9
3
52
10
6
2
12
3
1
2
40
3
1
2
33
3
1
2
66
3
2
1
18
5
10
3
36
2
10
1
47
3
4
3
28
9
6
2
7
1
9
