3
35
3
6
3
12
5
5
1
55
1
3
1
45
2
12
2
5
1
8
1
63
1
6
2
67
2
9
2
3
2
9
1
4
3
5
3
7
2
4
1
15
4
4
2
52
5
9
3
43
1
2
1
65
1
5
1
32
2
1
3
53
5
3
1
1
3
12
1
29
1
9
3
16
6
2
2
25
2
8
2
1
2
5
2
65
3
9
2
27
3
2
1
14
13
5
3
28
14
7
3
6
1
3
2
30
5
12
2
44
1
5
3
2
11
4
3
37
7
5
3
1
1
2
3
37
8
12
3
41
3
5
2
33
3
4
2
71
2
3
3
5
5
7
3
61
4
12
2
3
1
6
2
34
2
3
2
54
2
2
2
32
3
1
2
42
2
8
1
7
2
1
1
34
6
8
3
63
5
9
1
4
2
6
1
39
2
10
1
9
12
7
3
12
1
6
1
63
2
3
2
25
3
3
1
11
5
4
3
11
2
5
2
7
3
4
1
22
2
7
1
61
1
10
3
41
1
11
1
32
6
9
2
18
3
5
2
40
4
6
1
29
3
6
1
18
15
2
1
13
5
12
2
68
2
4
2
67
1
1
2
45
3
6
3
38
9
9
2
23
1
11
2
41
3
3
3
25
4
11
3
55
10
8
1
53
2
12
2
28
3
8
2
38
3
12
1
8
16
6
3
17
13
7
1
68
3
10
3
44
4
8
2
13
3
6
3
34
4
3
3
17
6
11
1
36
3
10
2
47
2
8
2
60
1
8
2
63
3
7
2
39
3
12
2
40
1
8
3
29
4
10
2
16
1
5
1
5
1
8
3
39
6
9
2
37
4
11
2
60
2
10
2
18
1
3
2
4
1
7
2
65
4
11
2
4
2
8
3
53
7
9
1
11
10
7
2
61
2
5
2
71
1
5
1
8
2
5
3
43
6
12
3
16
8
10
2
30
2
5
1
23
3
9
1
33
4
4
3
22
10
3
3
34
6
8
2
16
2
7
3
67
5
9
3
27
1
2
1
28
3
2
1
31
12
6
1
17
10
9
3
26
8
1
3
18
3
2
1
47
2
5
2
63
1
10
1
28
1
5
2
26
4
3
1
2
4
1
3
33
17
8
2
17
1
2
2
12
1
9
1
47
3
7
3
18
5
10
3
55
5
10
1
26
3
11
1
71
1
9
3
4
17
11
1
60
1
8
1
38
2
5
3
4
6
7
3
13
7
6
1
66
1
2
2
6
2
12
1
52
2
2
1
9
10
11
2
2
1
1
1
27
1
10
2
36
1
11
3
63
1
10
3
23
9
6
2
44
2
12
2
9
2
11
1
66
3
1
3
27
5
1
2
5
2
2
1
34
8
1
1
18
13
5
1
40
3
6
1
14
7
3
1
53
1
5
3
42
4
7
1
6
2
1
3
30
8
10
1
16
3
10
1
26
2
5
3
45
5
6
2
39
2
4
2
26
1
8
2
27
2
4
1
49
2
4
3
47
2
11
1
1
1
7
3
6
6
12
3
31
6
10
3
49
2
2
3
44
10
7
1
40
2
7
1
30
10
1
3
60
8
3
1
23
2
10
2
10
2
8
3
31
1
9
1
37
2
9
3
40
2
6
1
68
2
8
3
54
1
2
1
37
1
8
1
43
2
4
3
67
8
4
3
7
1
4
1
7
1
4
1
67
1
1
1
30
3
9
3
5
2
5
3
42
1
3
1
42
2
7
3
65
2
1
3
8
4
6
1
54
3
5
2
42
1
3
3
26
1
5
1
12
7
12
1
55
2
7
2
10
1
1
3
9
12
11
3
10
23
11
3
13
3
2
1
13
8
10
2
32
2
9
3
38
1
7
2
52
7
2
2
17
3
7
3
36
3
1
1
10
2
10
1
6
1
10
1
61
2
12
2
28
1
8
1
54
1
11
3
3
2
5
1
15
2
7
3
22
2
1
2
54
1
9
3
36
2
2
1
2
7
8
3
71
1
4
2
9
3
6
1
33
7
1
3
28
16
8
2
36
5
12
3
40
6
10
1
49
1
2
2
15
2
4
2
43
4
10
1
39
4
5
1
3
10
6
3
29
15
5
2
13
1
9
3
3
9
6
2
6
1
6
1
41
3
10
3
14
15
1
1
10
4
4
1
42
1
8
2
15
3
12
1
35
3
1
2
34
3
6
3
10
2
7
3
9
6
4
2
35
2
2
2
53
2
7
2
8
2
6
2
1
3
8
2
43
2
3
1
71
3
7
3
66
6
1
2
68
3
3
3
60
3
5
3
68
10
10
1
41
1
4
3
33
1
12
2
14
2
11
2
53
3
3
3
49
5
7
2
38
4
4
1
16
6
3
3
54
2
3
3
25
2
5
1
44
3
9
3
65
11
10
1
3
3
3
3
8
2
9
3
15
5
12
2
7
1
5
3
15
1
7
2
66
3
8
2
11
3
5
3
71
5
2
2
8
3
7
3
14
4
5
2
33
1
12
2
61
3
1
3
68
13
4
1
44
4
10
2
29
2
5
2
66
1
9
3
32
3
1
1
52
3
6
2
49
1
11
2
55
2
12
1
17
13
8
1
12
9
11
3
32
11
12
1
31
2
2
3
1
6
10
2
2
2
7
2
12
3
4
1
25
1
6
2
29
3
9
3
11
15
2
3
45
4
3
3
52
10
8
1
38
3
9
3
35
5
1
2
45
2
9
3
61
3
1
1
35
2
6
1
5
2
2
2
47
4
3
3
23
8
7
2
35
3
6
2
22
3
12
3
30
5
11
3
66
9
8
3
2
12
7
2
31
5
8
2
14
1
6
1
65
2
1
1
27
2
6
2
37
2
7
3
52
15
7
3
39
1
3
2
41
4
10
2
55
3
10
3
47
4
12
2
22
2
6
1
43
1
12
1
67
3
7
2
11
2
1
1
22
1
10
2
23
2
4
1
60
2
7
1
36
1
8
1
25
2
5
2
49
3
7
1
45
1
7
2
31
1
10
