3
40
4
12
3
32
12
3
2
32
2
10
2
25
3
2
3
41
3
6
3
8
9
10
2
36
3
12
2
38
3
7
2
22
2
1
3
65
1
10
3
4
19
6
2
13
1
4
1
9
1
4
1
68
3
5
2
14
1
12
2
4
1
8
2
52
3
4
3
28
11
1
2
13
3
6
3
34
7
10
2
55
2
5
2
7
2
9
1
35
1
4
2
39
2
11
3
22
2
1
2
32
4
5
2
61
1
10
3
47
2
12
1
4
5
4
2
40
1
4
3
66
4
11
2
38
4
2
3
29
15
9
1
23
1
9
3
23
9
9
3
7
3
11
1
71
3
11
2
28
1
3
2
35
3
3
2
4
3
7
3
60
28
4
3
49
5
3
1
44
4
5
3
31
24
7
1
43
1
5
1
2
7
10
2
9
1
11
2
28
3
4
3
43
1
11
3
10
19
9
1
7
1
5
2
67
2
12
3
42
2
1
3
1
9
10
1
30
4
6
2
26
2
12
3
71
2
3
3
15
2
5
3
5
5
2
3
25
5
12
1
61
3
4
3
9
31
4
1
5
1
5
3
53
2
7
2
53
1
10
3
68
6
7
2
68
3
6
2
55
1
5
1
63
1
9
1
34
3
11
1
17
4
9
2
17
1
1
1
33
3
2
2
27
2
5
1
15
5
8
2
36
4
8
2
6
2
11
2
61
3
7
1
13
9
4
3
66
2
11
3
63
7
4
2
18
1
3
3
33
17
6
1
47
3
11
3
34
1
11
1
33
6
5
3
2
5
4
3
5
3
12
1
25
3
9
1
29
1
2
2
40
3
8
1
55
1
4
2
15
2
9
2
1
1
11
2
10
2
2
3
23
2
12
2
54
1
4
1
49
1
9
2
34
3
2
1
22
2
1
2
12
3
8
1
63
2
5
3
8
15
5
1
66
3
3
2
42
3
1
2
10
3
8
1
60
1
4
3
44
1
4
2
23
2
1
3
67
29
5
2
3
2
5
3
53
6
11
1
35
4
10
3
30
9
2
2
45
1
3
2
3
3
10
2
35
1
8
1
10
4
4
2
41
4
12
3
17
15
10
3
32
8
9
1
9
11
12
1
22
1
6
3
63
6
11
1
2
5
7
1
32
7
12
1
11
1
2
1
40
2
10
2
31
5
10
3
28
4
2
2
65
3
5
2
1
2
12
3
67
2
2
2
52
5
12
3
16
5
7
2
54
2
2
2
47
3
12
3
35
4
9
1
28
3
1
2
60
3
1
3
12
3
1
2
5
2
1
3
25
4
12
1
68
2
6
3
15
4
12
1
25
2
11
3
55
12
9
1
67
3
3
1
29
2
8
1
17
14
2
3
11
8
6
3
41
2
4
3
40
3
9
1
6
2
1
1
52
3
3
1
41
2
10
3
30
21
12
2
8
1
5
3
13
4
2
3
61
8
3
2
16
3
12
3
45
6
4
1
12
18
9
2
25
1
9
1
60
2
8
2
30
3
8
1
37
1
11
3
33
21
1
2
49
4
2
1
3
5
2
3
3
1
12
3
60
10
2
1
53
1
4
3
7
5
7
1
61
2
6
2
44
2
5
2
27
3
5
1
54
1
10
2
15
1
11
1
12
6
1
3
52
6
10
1
31
9
12
1
65
1
10
1
8
6
5
3
71
4
10
1
27
3
9
3
27
2
11
1
1
2
4
3
1
3
11
3
26
6
1
3
36
15
7
2
63
2
6
3
68
15
2
1
39
4
2
2
29
2
8
2
49
1
6
3
36
4
2
2
33
1
5
2
26
1
8
3
52
18
1
3
3
4
6
1
10
1
3
1
6
1
11
2
2
2
11
3
18
4
5
2
71
3
4
1
40
1
8
2
37
4
10
1
26
1
6
1
37
2
8
1
16
2
2
1
13
3
7
3
6
4
2
3
18
5
4
1
32
2
8
1
65
2
8
2
42
2
3
1
45
2
1
1
4
1
1
2
39
1
8
2
31
4
10
3
17
3
11
3
45
7
11
3
39
5
1
2
12
2
9
3
35
8
6
1
14
20
10
2
11
1
4
2
29
3
5
1
55
2
3
2
47
4
12
3
44
6
10
3
2
3
6
2
41
1
9
1
7
5
3
2
2
3
10
1
23
2
6
3
65
13
9
1
49
2
7
1
44
2
5
2
43
3
4
2
7
1
6
3
6
3
8
1
26
2
5
3
38
2
1
1
18
13
2
2
5
3
2
1
16
7
10
3
38
4
7
1
53
2
10
2
45
4
9
3
55
17
7
1
36
3
4
1
5
2
9
3
16
2
3
1
42
2
3
2
34
2
2
2
14
2
9
3
37
2
9
2
66
3
4
1
39
1
2
3
47
1
9
1
14
12
3
1
31
14
11
3
31
11
4
1
47
1
8
3
54
2
6
1
27
2
1
1
30
6
10
3
54
1
11
2
33
2
1
2
67
1
2
3
27
4
8
2
66
2
4
2
9
3
5
1
67
1
12
2
43
2
1
3
14
11
7
1
71
1
12
2
11
2
4
1
11
11
7
1
36
1
5
2
6
1
11
2
53
2
4
3
10
5
8
2
65
1
1
2
37
1
10
3
29
5
5
2
17
2
11
2
16
2
7
3
13
7
1
3
14
22
9
1
15
4
11
3
12
5
8
3
11
9
8
2
68
1
9
1
41
3
9
1
8
14
5
2
30
1
1
3
22
8
6
1
66
1
10
1
54
2
9
1
38
2
2
2
18
4
5
2
63
1
8
1
18
11
12
3
43
5
2
3
9
19
10
2
44
3
12
3
26
2
10
3
37
5
9
2
23
3
1
1
3
9
8
3
4
4
9
1
1
3
9
2
22
1
7
2
8
2
9
1
52
1
9
1
42
1
2
3
42
3
2
2
71
2
8
1
34
7
3
3
39
10
2
1
43
3
11
1
38
3
4
1
45
1
11
3
49
6
1
3
61
6
11
2
60
1
10
1
28
1
5
