3
45
4
9
3
38
5
11
3
3
1
4
2
49
2
11
2
37
4
6
1
9
11
9
3
47
8
5
1
17
11
9
2
34
3
12
1
43
3
9
1
29
1
3
1
63
1
12
3
31
18
12
2
7
1
9
2
67
1
11
2
30
1
4
2
66
2
10
2
36
5
3
2
33
2
3
3
68
1
6
1
15
5
10
3
26
6
9
2
42
4
6
1
6
2
9
3
28
2
3
3
29
1
11
1
60
1
1
1
42
2
7
3
60
6
7
2
28
1
12
3
33
2
1
2
2
2
5
1
68
2
10
1
15
3
9
2
41
3
12
2
55
3
1
3
66
6
10
1
38
2
8
1
27
1
10
3
23
14
7
1
53
1
9
1
16
7
4
2
11
3
4
3
34
10
9
1
7
7
2
3
13
6
12
1
25
1
12
2
26
1
12
2
37
3
5
2
44
3
4
2
31
3
4
2
53
3
1
1
63
2
4
2
45
4
2
3
61
4
3
2
38
2
3
3
43
8
2
2
25
1
10
1
32
5
2
1
66
2
12
1
22
3
1
3
29
6
12
1
16
3
10
1
13
7
4
1
34
11
12
1
54
2
7
3
66
8
8
2
5
1
1
2
60
4
1
1
39
3
8
2
39
2
1
2
10
3
1
1
68
3
11
3
10
15
11
3
36
1
4
2
31
1
4
1
11
10
12
2
47
2
4
2
27
2
4
2
15
1
4
1
23
2
6
2
27
3
3
2
8
2
9
1
14
6
11
3
16
7
12
3
27
4
8
2
16
2
6
2
54
1
6
1
30
12
9
2
71
2
11
3
42
3
9
1
39
1
1
3
4
15
11
1
11
11
2
2
71
3
1
2
63
1
12
3
22
9
2
2
36
4
1
1
26
1
12
3
65
7
2
1
18
8
5
2
42
1
11
3
4
13
12
3
5
4
6
3
32
3
1
3
6
3
12
1
33
2
12
3
40
5
8
1
65
2
5
1
54
3
4
3
2
8
12
1
55
1
5
1
2
1
5
3
71
2
11
3
63
6
9
3
26
5
6
2
35
1
3
1
32
7
1
2
1
3
12
2
33
3
11
1
71
2
8
3
8
3
1
3
23
13
11
3
44
10
12
2
4
2
2
3
17
9
9
2
65
1
4
1
67
3
4
1
8
12
10
1
34
7
6
3
52
17
12
1
35
3
12
2
65
2
9
1
45
1
7
3
40
1
11
3
63
9
10
3
55
14
1
2
4
3
11
1
3
1
3
1
52
2
12
3
35
5
8
2
17
2
1
1
65
1
5
3
61
7
1
2
9
2
6
2
23
2
3
1
5
1
10
3
12
5
8
2
15
2
12
2
28
2
8
3
27
1
1
3
53
3
6
3
30
3
11
2
29
1
12
3
53
8
5
3
9
26
3
1
6
1
11
3
35
2
9
3
49
1
3
2
47
3
9
2
38
1
10
2
68
1
1
1
29
3
10
3
41
4
5
3
30
17
12
1
66
3
3
1
61
1
3
1
35
4
7
3
36
13
4
1
71
3
6
3
13
9
11
1
42
1
2
1
31
16
4
2
22
2
8
3
43
7
9
1
36
3
11
2
9
1
3
2
49
3
1
3
1
6
6
2
25
3
6
3
54
1
8
3
22
2
3
2
40
1
1
2
53
2
2
1
52
3
8
1
47
3
12
3
68
9
12
1
41
2
1
2
3
1
4
3
67
37
12
1
12
9
7
2
45
1
2
3
44
4
12
2
13
1
2
3
47
10
7
2
10
1
5
2
12
2
5
1
3
3
8
3
39
3
1
2
22
1
7
3
60
28
8
2
43
2
1
2
52
2
11
3
55
3
7
1
67
1
1
2
13
2
8
1
1
1
2
3
18
9
5
1
43
1
2
3
33
11
12
1
7
8
6
1
8
9
10
2
14
1
3
1
5
2
2
1
33
5
2
2
52
7
1
1
55
2
10
3
18
2
1
3
37
1
11
2
7
2
7
2
68
4
3
2
39
1
1
3
38
4
3
3
54
2
9
2
6
3
11
3
28
8
11
1
47
2
12
3
9
11
1
3
17
8
2
1
18
4
1
1
38
1
1
2
3
3
10
3
2
12
3
1
49
2
12
1
4
1
9
1
26
3
8
1
17
4
8
2
17
1
11
3
7
5
8
3
12
7
2
3
45
6
3
3
3
3
6
1
27
2
5
3
49
3
5
2
67
2
7
2
34
2
12
2
11
2
5
1
28
1
7
1
10
6
12
2
29
3
4
2
30
4
6
1
4
8
10
3
14
5
10
2
5
3
8
3
34
3
4
1
28
2
4
1
61
3
6
1
40
1
2
3
39
5
5
3
11
23
7
1
44
1
2
1
2
2
7
3
1
5
7
2
26
2
11
3
14
18
11
3
32
9
2
1
44
4
2
2
40
2
1
2
32
4
12
2
2
1
12
1
60
2
8
3
15
8
4
1
53
2
4
1
1
2
1
3
16
1
1
2
44
4
9
1
49
1
7
2
18
3
10
1
36
2
7
1
13
5
9
2
23
3
4
2
12
1
3
1
12
10
5
1
25
3
1
3
11
15
6
2
54
2
2
1
45
2
5
3
67
3
1
3
71
4
8
1
22
1
6
2
61
2
1
3
8
2
10
2
66
3
9
1
9
1
1
1
31
17
12
3
25
8
1
2
32
3
6
1
37
1
4
2
16
1
12
2
6
1
9
1
30
1
4
2
63
2
6
3
41
1
2
3
52
4
8
3
6
6
9
3
31
26
11
1
14
18
12
3
42
1
11
1
23
1
3
2
1
1
5
3
15
13
11
1
40
2
7
3
37
3
5
2
14
2
8
2
41
5
5
2
43
5
9
3
25
4
6
2
55
1
3
2
8
3
10
3
7
4
10
1
41
1
3
2
35
2
5
3
10
26
8
2
60
3
10
3
5
5
11
3
65
1
4
2
18
1
1
1
37
2
11
1
10
3
7
2
61
3
10
