3
53
1
7
1
30
11
9
1
4
8
11
3
53
3
9
1
68
3
2
1
27
3
12
3
31
13
1
2
29
2
10
2
65
4
8
3
45
2
6
2
22
3
4
3
40
2
9
3
8
6
9
2
22
2
1
1
65
1
10
2
25
1
3
2
53
3
5
3
40
5
8
1
22
2
10
1
18
1
7
3
33
20
4
3
16
5
3
3
27
7
6
3
38
9
1
2
8
3
1
3
8
3
6
3
38
5
3
2
23
2
3
2
44
2
11
1
3
7
7
2
12
3
7
1
41
2
11
1
42
1
12
2
12
1
1
1
53
1
12
3
9
17
4
2
49
2
4
1
7
11
1
3
49
2
4
3
9
25
9
1
5
2
11
3
35
7
7
3
26
3
9
1
2
4
8
3
4
18
10
2
1
3
9
3
27
8
4
2
38
5
4
2
8
2
1
3
54
2
11
2
68
1
6
3
60
15
2
1
36
2
12
2
31
2
3
3
10
12
5
2
18
4
8
2
17
2
12
2
26
3
5
2
66
1
7
2
15
3
10
2
10
3
12
3
34
7
5
2
28
3
2
3
28
7
4
1
42
2
12
3
47
3
4
1
29
2
12
2
34
2
1
1
43
3
8
3
28
6
6
2
2
3
9
3
39
3
3
3
36
1
3
2
14
3
7
1
32
1
10
1
30
17
2
3
6
4
6
1
29
1
12
1
60
1
7
3
15
6
3
2
35
3
2
3
13
7
11
1
61
3
6
2
35
2
8
1
71
3
5
1
35
4
9
1
54
1
12
1
27
2
4
3
60
16
5
1
26
1
7
2
1
2
7
2
61
3
10
2
31
3
5
2
15
2
3
3
2
6
11
2
13
2
8
1
15
4
8
1
36
1
10
2
38
2
10
2
39
4
10
3
41
2
9
2
17
1
2
2
47
1
3
1
38
3
10
3
25
9
7
3
52
10
7
3
25
8
1
1
31
4
8
2
61
2
8
3
7
1
10
2
42
1
5
1
14
6
5
3
44
4
1
2
10
1
7
3
34
3
5
1
8
6
11
1
31
6
4
1
55
1
9
1
11
8
5
2
54
1
4
2
52
7
3
3
11
13
6
2
28
1
3
1
26
3
10
2
3
1
4
3
71
5
11
1
3
8
12
3
45
4
3
2
65
2
3
3
3
9
7
1
52
3
6
1
17
9
3
1
13
2
8
2
55
3
10
3
42
4
9
2
3
3
2
2
47
3
7
3
41
4
12
2
43
2
8
2
40
4
3
1
34
5
11
1
68
2
6
2
13
1
5
1
55
2
6
2
6
1
11
1
44
2
2
2
41
1
1
3
26
4
10
1
11
10
11
2
7
3
4
3
47
5
12
1
28
1
12
2
9
1
11
1
12
2
2
3
52
1
9
2
5
3
3
2
4
1
5
3
2
12
1
2
68
4
7
3
18
22
9
2
16
1
9
3
55
1
3
2
54
2
2
2
6
3
8
3
65
19
4
1
12
8
8
3
43
8
10
2
45
3
1
2
37
3
7
1
34
2
6
2
36
3
4
3
17
1
4
1
18
12
3
3
65
2
6
2
43
1
5
1
53
2
10
2
30
4
1
1
13
4
2
3
32
7
6
2
71
2
2
2
40
2
12
1
22
1
9
1
66
3
5
2
18
1
4
2
9
3
6
3
39
5
7
3
6
6
1
1
23
2
9
1
32
2
10
1
39
1
3
3
12
6
6
2
11
3
5
1
60
2
5
3
43
4
11
2
33
1
9
2
60
4
10
1
2
7
5
3
35
5
2
3
31
7
1
1
47
3
2
2
7
1
3
3
14
18
7
2
29
3
5
3
30
22
5
3
1
9
6
1
28
3
6
2
39
3
8
2
60
2
11
1
65
2
6
1
16
2
8
1
10
3
7
3
68
15
8
1
37
1
8
1
41
3
5
2
26
1
5
3
67
13
4
3
7
3
3
3
54
1
6
3
61
11
3
2
33
2
7
1
33
8
4
2
49
4
3
1
71
1
2
1
43
1
1
1
7
10
5
3
14
26
6
2
27
2
10
3
44
7
5
1
40
2
12
3
29
6
12
2
63
1
12
2
4
2
2
2
27
3
11
3
23
12
7
3
22
1
1
1
45
1
8
1
33
7
3
1
47
2
12
2
44
1
11
2
37
2
9
3
67
8
4
1
23
3
5
1
8
12
1
3
63
9
10
3
33
3
9
3
18
5
5
3
30
23
9
1
5
1
11
3
61
8
7
3
42
2
9
1
67
1
8
2
41
2
4
2
42
3
12
2
67
2
10
3
71
4
9
3
29
5
8
3
4
7
9
1
25
3
3
1
49
2
1
3
23
3
3
3
12
4
1
2
55
1
4
1
54
2
1
3
5
3
5
3
66
7
5
1
15
3
11
3
16
3
3
3
49
7
11
2
16
2
11
1
61
1
1
1
52
1
12
2
71
3
6
1
9
9
3
2
30
2
5
2
53
1
10
1
35
3
5
1
66
2
9
3
15
13
10
1
25
2
9
1
40
3
11
2
32
2
9
1
63
1
1
1
49
1
12
2
5
1
6
3
1
1
3
2
11
2
9
3
63
4
1
3
17
7
12
2
45
1
6
1
1
3
11
1
45
2
1
3
3
2
3
2
67
1
10
1
4
2
12
3
68
14
3
2
2
2
10
3
55
3
3
1
10
8
5
3
37
3
9
2
63
2
3
1
38
2
2
1
44
3
6
3
66
3
8
1
9
13
11
1
67
2
4
1
17
10
12
3
13
5
7
3
36
15
2
3
11
23
11
2
52
3
2
1
37
2
5
3
32
3
5
3
22
11
12
1
14
2
1
1
6
1
12
1
39
4
1
2
66
2
3
1
16
6
6
2
14
2
10
3
5
2
8
1
1
2
1
2
25
2
11
2
32
3
12
3
37
7
1
1
6
2
9
3
10
24
5
1
63
2
4
2
23
3
6
2
36
5
5
2
34
1
2
