3
4
19
2
1
17
2
1
2
8
2
11
1
65
2
11
2
47
3
7
1
5
1
7
1
54
1
5
1
8
13
8
1
61
2
4
2
8
1
7
3
39
6
1
2
22
2
5
1
49
2
8
2
65
2
12
3
43
4
4
2
60
1
9
3
67
7
1
3
35
1
2
1
33
7
2
1
5
2
10
1
3
5
10
2
52
5
9
1
52
2
6
2
53
1
9
2
12
2
11
3
40
6
10
2
11
3
12
3
40
1
9
1
14
8
4
2
55
3
8
1
37
2
12
1
10
1
12
1
17
14
8
3
31
9
9
2
28
1
12
1
10
7
5
3
2
9
2
1
63
1
6
3
41
1
1
2
11
1
11
2
30
1
1
3
36
11
10
3
63
1
10
2
47
4
12
2
1
3
9
1
4
8
2
1
42
2
6
2
60
2
1
2
36
2
2
1
26
1
9
1
27
3
5
3
49
3
8
1
32
2
10
1
45
1
4
3
22
1
10
1
44
2
12
1
55
1
1
1
13
2
12
1
38
2
8
1
35
4
9
1
47
1
5
1
8
10
4
1
16
6
8
2
34
3
2
2
33
3
3
3
44
9
5
3
5
5
10
2
41
1
12
2
38
3
9
2
67
1
4
3
71
1
12
2
36
5
9
2
5
1
11
3
13
4
11
2
53
3
5
1
67
3
2
2
38
5
9
2
37
1
5
2
49
3
9
2
40
4
3
3
1
4
10
3
55
6
7
1
14
1
6
2
13
2
5
3
3
8
9
1
30
15
12
3
18
11
4
3
38
12
12
2
33
1
7
2
7
3
3
3
4
21
4
3
37
3
6
1
54
3
6
2
10
3
11
1
9
10
10
3
12
3
3
1
37
1
1
2
7
2
6
1
63
2
7
1
4
6
7
1
12
2
1
3
15
16
10
3
37
6
1
1
1
2
9
2
66
1
10
2
4
3
7
2
6
1
6
2
37
3
5
2
9
1
7
1
36
3
6
1
35
1
8
2
25
3
6
1
65
1
12
3
45
6
2
2
55
1
10
2
54
1
7
1
44
3
2
2
67
2
8
2
9
3
9
1
9
8
4
1
43
2
7
3
14
17
10
1
53
1
4
1
60
2
3
3
6
1
1
3
38
6
9
2
29
1
1
2
17
1
9
2
44
1
2
3
33
6
3
3
33
7
11
2
41
5
12
2
44
4
3
3
34
1
11
3
29
8
12
1
26
2
9
3
68
10
11
1
2
4
2
1
25
3
5
3
18
10
5
1
7
11
12
2
71
1
5
3
28
16
8
1
39
2
6
2
3
1
1
3
42
3
8
2
22
1
3
2
54
2
1
1
55
2
3
3
30
8
10
2
49
2
5
3
34
11
10
2
16
3
11
3
47
3
4
3
16
1
3
2
68
4
1
2
45
2
9
3
47
5
6
2
16
1
3
3
7
1
12
2
14
2
12
3
61
1
11
1
29
3
9
1
71
1
10
1
34
7
2
3
25
4
4
2
27
3
2
3
41
3
5
1
66
3
4
2
32
4
9
3
32
7
7
3
66
5
3
3
11
12
11
1
15
1
12
2
13
3
1
3
45
1
2
2
39
4
10
2
3
2
5
1
28
3
12
3
61
11
2
1
11
9
1
3
11
7
12
2
18
1
9
3
12
5
9
2
40
1
12
3
16
3
4
3
63
10
3
3
23
18
12
3
23
12
3
2
23
1
5
2
30
5
3
2
42
3
1
3
65
18
6
2
42
2
12
1
6
2
5
2
43
4
1
2
68
2
2
1
25
2
2
2
61
2
3
1
52
3
11
1
1
3
4
1
47
3
12
1
23
3
7
1
16
7
11
2
17
2
2
2
23
3
8
2
1
1
12
1
7
6
7
2
2
2
1
1
41
2
7
3
30
5
9
1
67
2
11
1
22
3
1
3
2
11
8
2
29
2
1
3
27
6
3
3
10
4
8
2
4
1
9
1
42
1
4
3
31
3
11
2
63
3
1
1
3
1
5
3
52
17
1
3
8
5
4
1
32
7
12
3
49
8
1
3
9
30
4
3
28
1
2
3
14
13
10
1
29
1
7
3
5
2
4
1
6
1
10
1
12
12
6
3
53
7
9
2
35
3
6
1
71
2
3
2
32
2
8
3
65
8
5
1
40
1
3
1
38
3
12
1
31
9
8
2
65
3
6
2
15
3
3
2
2
3
1
3
55
4
9
2
43
1
10
1
36
2
7
3
42
4
12
3
67
5
10
2
28
3
2
2
26
4
8
3
44
5
2
2
71
3
10
3
53
3
8
2
15
1
2
2
34
2
7
1
66
1
9
3
22
2
8
2
25
1
6
2
39
2
11
2
63
1
1
1
22
1
5
3
7
4
5
2
12
1
2
3
3
1
8
3
15
2
11
1
18
5
11
3
52
5
7
3
35
6
6
3
1
5
8
1
39
3
9
1
13
8
5
3
66
8
8
2
66
2
4
1
33
2
8
1
15
4
8
3
17
6
3
3
6
3
4
2
61
3
11
3
17
1
9
2
18
2
6
3
68
6
4
3
13
9
10
3
60
9
9
1
18
3
3
1
68
2
9
3
26
10
12
3
36
4
3
2
35
1
8
3
54
1
3
2
26
3
7
1
34
10
6
3
54
2
12
2
31
5
11
3
26
12
8
1
23
1
9
3
39
10
12
3
10
5
2
2
14
3
2
3
9
19
4
3
71
4
3
1
53
2
2
3
32
10
9
1
2
5
8
1
41
1
1
2
27
2
12
1
43
1
2
2
5
3
7
3
25
6
8
3
29
12
7
2
10
1
11
2
52
6
8
3
8
14
2
2
31
4
7
1
27
2
9
3
27
8
11
1
28
2
7
1
45
2
10
3
43
7
12
1
61
3
1
2
45
3
11
2
6
2
6
1
11
6
12
1
49
1
6
1
30
1
3
1
68
1
12
1
40
2
11
1
60
1
4
3
60
3
11
1
31
11
1
