2
37
3
12
1
1
3
10
1
43
3
11
2
15
2
4
1
4
2
11
1
52
2
6
1
63
2
11
3
31
13
2
1
31
6
2
1
13
8
10
3
41
2
7
2
53
1
2
2
16
1
4
3
29
2
4
3
9
3
7
3
67
37
1
3
14
10
2
3
53
5
2
1
52
3
10
3
3
10
7
2
2
1
5
3
52
15
1
2
7
1
10
2
71
2
12
2
10
3
3
1
38
2
5
2
22
2
8
1
43
1
12
3
17
13
3
1
3
5
3
2
3
1
6
1
12
4
9
3
12
6
10
1
38
3
11
3
8
8
12
2
29
3
7
2
12
1
1
2
52
6
11
2
66
3
4
2
41
1
10
1
2
7
6
1
30
21
6
3
49
7
5
3
45
7
12
1
12
6
4
2
42
1
5
2
23
2
6
1
60
1
5
1
29
2
2
3
61
11
2
1
36
1
8
3
54
1
6
1
55
1
10
3
5
2
2
1
65
1
6
2
30
4
5
2
2
2
10
3
47
7
2
1
10
7
7
1
5
1
2
1
61
1
8
3
16
3
12
2
37
1
4
1
45
1
8
1
27
3
3
2
33
1
9
2
17
3
12
1
33
7
10
3
63
4
7
3
37
12
2
2
34
2
3
3
22
12
5
2
65
1
1
1
35
3
2
3
71
2
2
3
2
2
10
1
68
3
3
1
17
15
6
2
13
3
10
1
11
8
11
2
26
2
12
3
16
6
4
1
23
2
10
2
17
1
7
3
36
3
3
2
12
2
8
3
27
6
3
1
4
3
12
1
10
6
11
1
44
4
7
2
11
3
6
2
44
3
1
3
42
3
2
2
68
4
12
3
11
19
6
3
14
16
8
1
32
6
3
2
28
2
4
2
1
3
12
1
25
1
2
1
30
5
12
2
28
1
11
3
40
5
6
3
67
33
8
2
47
4
10
3
25
3
12
1
66
3
7
2
49
2
6
2
60
2
4
2
53
3
7
2
5
1
2
2
63
1
10
3
37
4
6
2
60
1
4
1
47
1
6
2
9
1
2
3
55
12
12
2
45
4
4
2
9
3
6
3
38
1
10
1
16
3
6
3
15
8
1
2
8
3
8
1
25
2
8
3
32
8
12
3
13
9
2
1
55
2
6
3
65
1
3
1
44
3
3
3
10
16
12
3
68
15
2
1
34
8
3
1
49
2
11
1
28
3
7
1
54
3
12
3
35
2
10
3
6
3
11
3
26
11
9
3
33
17
11
1
60
2
11
3
31
20
2
3
52
18
4
2
31
2
7
1
71
2
6
1
63
1
5
2
40
3
7
2
23
3
9
2
41
4
7
3
4
4
6
1
31
10
10
1
26
3
10
2
67
2
10
1
54
1
5
1
22
3
4
2
65
4
7
3
40
6
11
2
68
1
4
3
65
18
11
3
5
4
1
1
7
10
8
2
30
1
7
1
45
2
11
1
42
2
11
1
53
1
2
3
68
9
3
2
66
2
5
3
10
11
10
3
27
11
1
1
6
1
1
2
36
3
4
1
37
1
4
3
18
17
6
1
3
7
1
2
31
4
3
1
14
2
10
2
11
1
3
1
29
1
11
3
49
5
8
1
13
6
6
3
11
1
8
2
61
1
3
3
39
9
3
2
16
3
2
1
18
10
10
3
30
8
3
3
54
2
12
1
9
13
12
1
71
1
5
2
44
2
6
1
27
2
1
2
5
2
9
3
1
8
4
3
34
7
6
2
33
2
12
2
14
1
1
1
5
2
1
3
55
1
4
2
4
2
12
3
17
8
1
3
35
6
10
3
33
13
8
1
49
1
7
3
23
1
12
1
9
6
12
3
13
8
4
2
52
1
3
2
55
1
3
3
60
21
4
3
8
2
10
1
8
16
6
2
6
2
6
1
61
2
3
2
15
1
10
3
18
12
11
1
32
4
5
3
60
16
12
2
8
1
12
1
34
2
10
2
10
1
7
2
13
2
2
3
45
5
4
2
39
2
12
2
43
1
6
2
38
5
12
2
38
1
11
2
71
3
3
2
67
1
7
3
12
3
8
3
39
4
10
2
36
4
3
2
18
4
5
1
14
7
8
2
47
3
7
1
67
3
2
1
22
2
11
2
32
1
9
1
11
9
3
3
28
16
4
1
47
3
3
2
27
2
10
2
35
3
7
3
4
28
2
2
14
3
6
3
53
2
12
2
22
1
12
3
1
6
2
2
55
3
9
1
28
1
5
2
26
4
6
3
38
2
5
1
23
1
9
3
44
3
12
3
6
1
9
3
43
4
5
1
8
10
9
2
27
3
5
2
18
2
2
3
43
1
5
3
7
4
9
1
35
1
6
2
6
3
9
1
39
3
3
2
35
1
8
3
22
7
1
2
63
2
10
3
2
12
3
1
33
1
4
2
42
3
4
2
45
2
9
3
44
10
8
3
42
2
10
3
7
5
9
3
66
5
4
3
32
9
5
1
40
1
5
3
47
4
5
2
1
2
9
1
36
2
12
1
26
2
5
3
29
14
7
3
30
10
2
2
29
1
10
3
63
7
7
1
65
2
9
3
25
2
8
2
61
3
7
3
36
5
2
1
67
1
2
3
66
1
6
2
39
4
2
2
32
4
3
1
17
7
4
2
49
3
4
2
40
2
1
1
15
3
6
1
37
2
8
1
68
2
4
2
43
2
4
3
15
1
5
3
28
4
1
1
7
6
5
1
16
6
9
1
66
2
7
1
42
1
5
1
53
2
3
3
61
6
9
1
40
3
6
1
1
2
7
2
7
3
9
3
23
14
9
2
4
1
9
3
9
12
2
3
34
1
12
3
41
3
6
2
3
3
7
3
3
4
2
1
15
4
12
2
34
1
10
1
2
2
7
1
6
2
10
2
25
1
4
1
18
14
8
2
54
1
3
1
41
1
6
3
26
2
3
1
41
2
6
2
54
2
4
1
39
2
2
3
71
5
6
2
25
3
3
