3
26
2
6
3
32
5
6
1
12
2
12
2
67
2
5
1
38
3
7
3
14
13
1
1
36
1
3
3
18
9
7
3
44
4
12
1
43
2
2
1
23
2
10
2
38
5
11
1
11
8
9
3
68
1
7
3
65
13
1
2
7
3
1
3
60
7
10
3
30
14
11
3
3
4
11
3
23
2
9
3
66
9
3
1
49
1
9
2
54
1
9
2
44
4
2
3
12
5
6
3
43
6
3
1
68
3
11
2
35
2
4
3
15
13
12
3
54
1
12
2
28
1
2
1
11
2
11
1
22
2
12
2
8
3
5
3
33
14
5
2
9
2
12
2
31
3
2
2
27
3
3
3
28
9
7
2
63
3
6
2
18
1
11
3
16
1
11
3
61
7
5
1
2
7
4
2
33
2
6
1
13
7
8
1
27
3
9
3
22
9
9
1
27
2
5
1
36
3
6
1
5
1
11
3
55
11
4
1
14
21
1
3
35
5
1
1
52
3
10
2
5
1
10
1
35
2
6
1
26
1
10
1
33
1
7
3
42
2
5
2
12
1
9
1
49
2
1
3
33
23
7
2
13
2
10
2
60
3
9
3
16
5
9
1
44
1
10
1
40
3
5
3
17
7
8
1
17
13
8
2
16
1
3
2
35
1
8
1
71
1
11
1
4
6
9
1
40
1
3
2
71
1
4
3
6
2
4
3
31
6
9
3
42
4
5
3
45
2
6
3
66
3
4
2
29
2
6
3
36
12
8
1
16
4
5
2
63
1
12
2
41
3
5
1
55
2
8
3
41
2
3
1
28
3
6
2
40
2
1
2
32
4
5
2
55
3
9
2
31
2
10
1
55
1
8
1
34
2
3
1
35
1
12
3
18
23
5
3
68
12
8
3
27
9
3
3
25
8
4
2
65
4
12
2
6
2
2
1
18
11
5
1
63
1
1
2
71
3
4
1
23
1
11
2
68
4
1
2
3
3
9
1
54
1
10
1
53
1
4
1
9
2
4
2
3
2
8
3
47
10
1
1
2
6
10
2
10
3
6
1
66
2
10
3
26
8
1
1
6
1
11
2
4
1
1
1
47
1
12
1
6
2
5
1
15
4
11
2
54
2
2
3
28
7
10
3
60
13
1
3
53
1
8
3
65
15
4
2
33
3
10
3
71
2
9
2
14
3
4
1
41
2
11
2
53
2
8
3
40
6
7
3
32
1
1
3
39
2
4
2
67
1
5
2
25
3
2
2
15
1
1
1
34
8
8
2
29
1
11
3
4
14
5
2
12
2
10
2
60
2
1
2
26
4
12
3
17
2
1
1
32
6
3
3
10
8
8
3
35
2
11
3
13
2
9
1
26
2
10
1
7
4
3
2
37
4
2
2
30
2
7
3
5
1
2
3
54
2
4
3
5
5
4
2
41
1
4
3
47
8
4
2
26
1
8
2
43
1
8
1
28
2
7
3
39
1
11
3
2
9
12
1
39
2
8
3
40
5
11
1
3
8
3
2
25
1
12
1
15
3
8
2
1
1
4
1
3
4
9
3
67
20
10
2
38
4
7
3
6
1
9
2
68
2
8
1
60
2
9
2
52
7
10
2
65
1
12
1
5
2
10
1
60
1
1
3
36
2
11
2
52
3
7
1
52
2
4
2
10
2
6
2
18
4
4
2
34
3
2
3
63
2
3
1
17
4
5
1
30
3
7
1
14
6
2
2
22
1
3
1
29
1
12
1
12
18
8
1
61
2
3
1
63
2
5
2
53
3
10
1
61
1
3
1
45
1
10
3
49
7
1
1
1
1
2
1
32
7
11
1
16
3
7
2
36
5
7
3
37
7
10
2
39
1
2
3
29
18
8
3
49
3
4
2
15
3
5
2
66
1
8
3
43
7
10
3
67
14
10
2
61
1
11
2
4
3
11
3
53
7
1
3
31
15
2
1
71
3
4
2
43
2
8
1
43
3
11
2
42
2
9
2
16
3
7
1
10
3
7
2
45
2
4
1
9
7
10
2
49
2
8
1
54
3
12
3
7
1
6
2
61
2
1
2
47
3
7
2
17
3
12
2
28
2
1
2
7
2
12
3
1
3
2
1
25
2
7
1
42
2
8
2
13
3
3
3
44
2
11
1
45
2
6
1
37
2
3
3
9
19
2
3
8
12
2
1
1
3
8
3
9
11
11
1
65
1
9
2
30
3
6
1
47
2
5
1
31
13
5
2
1
2
11
1
18
9
9
2
37
1
9
2
9
1
6
1
22
3
2
1
68
2
9
3
7
4
11
3
34
8
3
3
29
5
11
3
14
14
9
3
1
6
4
2
17
1
10
1
66
1
10
1
8
15
10
1
8
11
2
2
23
2
1
3
61
9
2
2
6
1
5
1
30
12
11
2
32
1
9
1
7
11
6
1
67
2
5
3
11
10
12
2
8
1
4
2
49
1
4
2
36
1
1
3
34
10
3
3
25
7
4
3
38
5
5
1
13
3
12
3
22
4
12
3
41
3
1
2
45
4
6
1
53
2
5
1
67
3
10
3
23
3
6
1
42
1
2
1
10
7
8
2
44
2
9
3
38
2
5
3
11
7
3
3
71
1
2
3
15
1
6
2
27
1
12
2
40
4
1
3
63
4
1
3
2
1
7
3
45
1
12
1
44
3
6
1
31
3
9
1
37
1
9
1
41
1
3
3
4
5
6
2
14
1
4
1
29
2
6
3
52
5
8
3
12
4
1
2
66
2
5
2
42
3
2
2
5
3
2
3
10
9
11
1
65
2
2
3
37
12
4
3
30
24
6
2
39
2
9
1
38
1
2
1
39
3
7
2
22
2
3
1
4
5
6
2
11
1
9
2
47
4
5
2
2
1
1
3
13
9
2
3
3
6
4
1
25
3
6
2
11
2
4
3
55
7
11
3
27
1
8
2
55
1
9
2
2
2
2
2
34
1
9
2
23
1
6
3
52
16
10
1
33
6
7
3
8
10
12
