3
23
9
7
1
29
2
4
2
41
1
2
1
13
2
3
1
44
2
8
2
9
2
11
1
25
3
11
3
65
10
12
2
29
2
1
1
36
3
1
2
61
3
12
2
44
2
8
1
65
1
8
1
71
1
3
1
4
6
9
3
16
5
9
2
54
1
1
2
67
1
2
2
17
1
10
2
27
1
6
2
12
3
12
1
5
1
1
1
53
2
3
1
52
1
2
1
32
1
8
1
33
2
12
1
11
1
3
1
29
1
6
3
38
8
1
1
55
2
3
3
31
22
11
3
45
3
5
2
71
1
7
3
22
8
10
2
13
2
12
3
6
1
10
3
15
12
12
2
25
2
8
2
44
5
6
3
54
1
8
3
14
8
5
1
6
1
4
2
55
3
1
2
49
1
7
1
3
8
10
3
47
5
6
3
14
21
8
2
66
3
8
1
41
3
4
3
29
9
5
3
4
4
9
3
44
2
2
3
27
5
12
1
35
4
12
3
12
2
11
3
61
1
8
3
40
1
10
3
33
4
10
2
16
1
1
2
68
3
4
3
41
4
3
2
33
1
8
2
35
3
1
1
66
1
12
1
60
2
11
1
68
3
6
2
4
2
2
2
42
4
4
2
39
1
11
1
28
1
6
3
32
8
7
2
13
3
5
1
8
13
11
2
1
1
7
2
6
2
2
2
14
2
10
2
22
1
9
2
26
2
2
1
35
3
8
1
23
2
2
3
36
15
6
2
28
2
10
2
28
3
12
3
34
9
7
3
4
5
4
2
11
2
11
3
68
7
4
3
10
20
5
3
67
28
5
3
6
5
1
2
45
3
12
1
15
3
11
2
43
2
9
1
26
3
8
1
5
2
3
1
31
13
1
3
31
17
3
2
23
3
11
2
55
2
3
1
63
1
8
1
1
2
4
2
10
1
2
3
61
4
11
3
26
12
1
1
68
2
9
1
45
1
4
2
7
2
7
2
37
1
8
1
7
8
11
1
10
3
11
1
38
1
7
2
8
3
6
3
66
1
1
2
9
1
11
3
36
8
10
2
15
3
4
3
68
2
10
2
18
3
8
1
34
10
10
3
25
7
12
2
36
5
12
3
43
1
7
3
15
5
4
2
41
3
5
1
33
7
8
1
4
2
7
1
60
1
5
2
3
1
7
3
2
1
12
3
52
13
1
1
45
2
4
3
67
32
10
1
40
3
5
3
11
15
1
2
1
3
10
1
9
14
11
1
8
11
4
2
43
4
4
3
16
8
7
1
43
3
8
2
8
1
7
1
13
9
7
1
44
1
12
1
42
1
6
1
49
1
12
1
63
2
2
3
54
2
5
3
11
18
1
3
63
7
5
3
35
2
4
1
16
2
4
2
6
3
4
3
13
9
11
3
65
7
9
3
30
18
10
1
17
5
3
3
18
1
9
2
60
3
5
3
3
6
2
1
7
5
4
1
10
5
2
1
16
4
12
2
38
2
2
2
52
3
4
1
15
5
5
2
36
4
4
3
27
8
7
1
14
14
11
3
5
2
7
2
4
3
12
1
67
1
1
3
41
1
12
2
33
3
3
3
34
4
3
2
68
4
6
1
9
12
2
1
36
2
6
1
41
2
9
2
37
2
8
1
47
2
8
2
54
2
4
1
66
3
3
1
32
5
12
2
30
2
11
1
14
18
4
3
25
2
2
1
40
1
1
3
28
2
10
1
27
3
4
2
31
5
3
1
25
2
9
1
30
5
2
3
13
1
8
3
45
5
12
3
17
7
8
1
38
2
11
3
1
2
3
3
5
4
12
1
6
2
4
3
49
6
8
3
60
31
1
2
18
1
12
2
22
2
8
2
27
3
3
2
42
2
4
2
53
3
9
2
2
2
5
1
67
3
8
1
12
16
2
3
53
6
2
2
47
4
6
2
40
3
7
3
12
4
3
3
9
30
9
3
18
7
1
2
63
1
6
1
3
11
12
2
10
3
9
2
7
1
4
3
23
14
7
1
1
1
11
1
65
2
8
2
65
4
6
1
39
3
5
1
27
2
4
2
40
1
8
3
47
8
12
3
66
9
9
2
34
3
2
1
2
3
7
2
35
1
9
1
53
1
7
1
30
14
3
3
43
8
1
3
8
3
1
3
8
18
8
3
52
10
10
3
7
4
9
1
49
2
3
3
30
13
4
3
39
7
12
3
28
1
9
2
32
3
5
2
23
2
12
2
16
3
8
3
32
3
11
3
1
4
11
2
30
5
5
3
9
31
8
1
22
2
1
2
5
2
3
1
37
2
8
2
53
1
11
2
34
1
12
3
71
3
9
3
2
6
1
3
40
4
10
2
15
1
5
2
25
1
8
1
11
7
5
2
71
2
11
3
42
4
12
1
55
1
6
2
45
4
10
2
60
4
4
3
3
1
12
1
37
1
1
2
2
1
8
1
12
18
2
3
53
2
4
3
38
10
9
1
47
1
5
3
39
9
10
1
43
2
6
3
55
2
3
3
33
8
4
2
5
1
12
3
71
5
11
1
23
3
12
3
44
5
8
1
18
1
8
2
11
1
3
2
67
2
9
2
17
3
4
3
7
5
3
1
61
1
9
2
61
1
9
2
31
3
8
2
3
2
2
2
63
3
4
2
26
3
5
1
34
4
1
2
14
1
9
2
12
1
10
2
47
1
1
2
49
3
6
1
26
1
12
3
49
5
7
3
10
9
12
3
60
4
12
2
52
5
6
1
71
2
4
2
38
1
5
3
29
10
10
1
2
2
8
3
22
4
4
3
35
1
4
1
17
12
10
2
65
1
12
2
29
1
5
1
42
2
10
2
66
2
3
1
22
1
7
1
18
15
11
1
54
1
8
3
42
3
2
1
39
1
6
3
37
7
4
1
28
3
5
3
37
6
5
2
32
2
12
1
54
3
11
3
55
12
3
3
17
3
3
1
61
3
3
2
39
3
3
3
26
9
4
3
63
3
7
1
52
3
5
1
31
12
11
