1
8
16
3
3
66
2
2
3
10
19
11
2
42
3
6
2
26
4
1
3
39
4
8
1
47
3
3
2
18
2
6
3
6
6
10
1
43
1
5
3
60
6
4
3
25
1
11
2
4
1
10
1
37
1
3
3
7
2
7
1
41
3
5
3
3
5
2
3
40
1
9
3
52
3
11
1
33
6
12
2
52
3
4
3
41
2
3
3
5
4
6
1
27
1
4
3
35
1
2
3
47
2
2
3
4
23
10
1
29
1
3
1
60
1
3
1
34
4
7
3
25
7
7
1
52
2
10
2
44
4
5
2
27
3
9
3
6
4
8
1
29
2
3
2
34
1
12
2
67
1
5
3
8
1
2
1
31
1
6
2
35
3
9
3
29
5
1
3
23
14
10
1
71
3
2
1
12
11
6
3
55
11
4
3
18
3
4
1
36
2
7
2
16
1
9
2
67
2
5
2
18
4
12
2
11
1
10
3
14
11
6
1
33
1
5
2
35
1
5
2
5
2
12
2
23
2
1
1
11
11
8
3
43
6
1
1
36
1
11
1
1
2
7
3
5
1
7
1
47
2
3
2
60
1
3
1
14
2
9
1
66
3
1
3
29
2
3
1
18
4
12
1
6
2
2
2
38
2
4
3
71
1
9
3
38
12
1
2
1
3
10
1
15
4
6
3
27
1
4
2
68
3
4
2
36
5
8
1
10
3
8
3
54
2
10
1
4
4
1
2
10
3
8
2
63
2
10
2
71
1
4
3
17
14
11
3
55
4
11
3
33
5
10
1
66
1
3
1
65
1
7
1
26
1
1
1
3
7
6
1
41
1
9
2
38
5
1
3
12
1
11
3
42
3
12
2
14
3
3
1
18
3
7
2
49
3
1
3
32
8
7
2
15
3
6
1
13
5
11
1
42
1
2
1
52
3
4
1
17
13
9
2
2
2
10
1
63
2
6
3
15
14
12
2
30
5
10
3
3
1
10
3
61
5
8
3
68
17
11
1
40
3
12
1
49
1
12
1
53
1
1
3
31
29
9
2
66
2
1
2
5
1
3
3
11
19
4
3
45
7
8
3
1
3
5
2
31
2
5
2
65
1
12
1
5
1
2
3
63
2
10
3
2
4
3
3
9
17
9
2
55
3
7
2
25
1
9
3
9
4
6
1
34
10
12
2
54
1
11
2
40
1
5
2
28
3
2
3
28
14
9
3
22
3
8
1
5
2
11
1
22
3
6
1
16
3
7
1
4
5
7
1
28
1
1
2
63
1
11
1
15
5
6
2
27
2
6
2
32
3
9
2
28
2
10
2
32
4
12
1
39
2
12
1
9
5
2
3
53
2
7
2
39
3
1
2
40
4
8
1
6
1
5
1
3
10
5
3
17
16
2
2
12
3
8
2
41
3
9
2
54
2
11
3
63
6
12
1
14
1
8
1
68
3
6
1
67
2
1
3
45
5
11
3
52
6
7
2
55
2
3
2
12
2
2
2
47
3
2
2
45
3
2
2
37
4
9
2
8
1
6
2
3
1
10
3
65
10
10
3
12
2
3
2
49
4
1
1
28
2
10
1
37
2
12
1
68
1
11
3
39
2
10
2
61
3
11
1
22
2
2
3
26
4
6
3
67
11
4
1
25
1
9
2
47
1
4
3
61
3
6
1
16
6
2
2
71
3
3
1
11
4
10
2
13
1
4
2
22
2
7
1
17
4
9
1
54
2
6
1
65
2
3
3
14
14
12
3
28
13
10
2
33
3
12
3
42
2
4
3
8
9
11
2
7
1
11
3
66
3
3
3
40
2
5
3
15
10
11
1
35
1
1
2
6
2
11
3
33
15
12
1
54
1
12
2
43
1
7
1
8
10
3
1
2
2
10
2
6
3
2
3
44
6
7
2
36
2
6
3
7
3
2
2
43
4
5
3
41
3
4
2
37
3
2
1
27
2
10
2
17
2
6
1
30
11
2
2
9
3
7
2
17
1
4
3
67
22
11
2
22
3
11
1
7
4
2
2
41
4
7
1
63
1
7
3
30
27
6
2
29
1
12
2
53
2
10
1
32
6
6
3
47
7
10
3
4
4
4
2
44
5
9
1
55
1
2
3
13
2
8
2
53
1
4
3
71
3
4
1
23
2
8
2
45
1
1
3
37
5
6
3
27
3
2
1
30
17
4
3
23
8
4
3
44
8
12
3
36
5
1
1
61
3
11
2
16
2
4
3
30
22
3
1
43
2
4
1
12
6
5
1
42
2
1
1
71
2
1
2
60
2
10
1
13
6
11
3
37
2
4
2
3
3
6
3
1
9
5
1
9
2
3
1
26
2
9
3
68
3
4
3
16
8
12
1
67
1
1
1
38
3
11
2
10
2
1
3
22
1
10
2
7
2
7
3
35
3
11
3
2
6
6
3
60
9
6
1
38
1
3
2
11
2
4
1
44
3
9
2
39
1
9
3
38
1
5
2
26
3
11
3
16
3
2
3
32
6
1
1
40
1
2
1
45
1
3
3
34
3
2
1
49
2
3
3
11
14
4
1
31
10
4
2
9
1
4
2
23
3
12
2
2
1
10
3
49
1
8
2
30
4
1
2
68
2
3
3
13
5
1
2
14
2
3
1
44
1
9
2
34
3
4
1
53
2
2
1
60
2
11
3
10
12
9
2
1
1
5
1
1
1
1
2
65
3
12
2
8
3
10
3
26
9
12
2
15
2
1
2
25
3
3
3
31
21
9
1
55
2
6
2
13
3
7
2
33
2
2
2
29
3
9
1
23
1
9
2
61
1
10
1
10
6
9
1
2
6
6
1
25
2
10
2
4
2
2
2
52
1
12
1
7
6
2
3
53
3
1
3
54
1
6
2
31
1
8
3
49
5
10
1
32
7
9
3
34
8
1
2
42
2
4
2
66
3
2
3
18
21
8
1
61
1
6
3
36
14
2
3
43
8
3
1
35
2
10
1
45
2
10
1
39
1
5
3
65
20
11
