3
42
2
12
1
7
2
4
2
31
4
10
1
32
4
3
3
43
1
7
2
32
2
3
1
1
3
6
3
11
17
4
3
12
4
3
2
53
1
7
3
37
8
5
1
71
1
3
3
26
12
4
2
32
4
12
3
54
2
9
1
3
5
9
3
17
7
8
1
61
1
8
3
36
7
6
1
23
3
1
3
28
7
9
3
49
8
1
3
66
5
8
1
3
9
2
1
34
11
3
2
29
3
2
1
16
3
1
2
61
2
9
2
30
5
1
1
66
2
5
1
65
1
7
2
29
2
9
2
17
1
4
1
17
12
12
2
9
3
5
1
13
2
7
1
36
1
6
1
39
2
6
2
18
2
3
2
13
1
1
1
18
4
1
3
3
1
7
2
25
2
2
2
14
1
8
2
44
1
8
3
14
5
8
2
1
2
11
1
15
1
9
1
11
9
12
3
55
6
6
2
10
1
3
3
67
8
8
2
28
3
5
2
68
4
11
2
33
1
7
1
66
3
11
3
44
5
9
3
27
16
3
1
4
6
10
1
38
2
1
2
60
4
11
1
61
3
10
2
10
3
3
3
5
4
7
3
9
4
3
1
65
2
2
2
39
2
8
1
52
3
7
3
14
22
10
1
5
2
11
1
17
2
5
1
45
1
3
3
4
21
2
2
67
1
1
2
71
2
6
1
54
2
12
2
65
3
11
2
63
3
10
1
7
3
12
1
44
3
8
2
67
2
7
3
25
8
3
1
53
1
1
3
71
1
5
3
23
2
2
2
28
1
10
2
35
1
1
3
32
7
9
3
53
7
11
3
2
9
9
3
40
2
12
3
33
22
11
2
34
3
5
1
40
2
9
3
33
6
4
2
22
2
8
2
7
3
3
3
45
1
12
1
31
12
3
3
22
6
4
3
35
2
6
1
45
2
8
3
15
7
5
3
17
16
2
3
30
6
11
2
35
3
4
3
13
5
5
2
17
3
7
1
1
2
12
3
13
4
2
3
37
9
9
2
65
4
11
2
8
2
9
1
2
2
6
3
47
4
5
3
5
5
5
2
37
3
8
2
43
4
7
1
35
1
9
2
7
1
7
2
25
3
12
2
9
1
11
1
28
3
1
3
67
33
8
2
4
3
7
3
6
4
8
2
3
2
6
2
6
2
9
3
8
16
9
1
68
2
2
2
23
1
11
2
47
1
4
1
67
2
5
3
52
11
4
2
15
3
8
1
41
1
10
3
8
4
6
2
27
2
10
3
38
9
10
2
2
3
8
1
37
2
8
1
12
10
10
2
42
3
6
2
16
3
3
1
40
1
11
2
45
3
3
3
52
14
11
3
66
6
9
1
49
2
5
3
45
5
2
2
54
2
11
1
43
2
7
1
42
2
10
2
41
5
3
1
14
21
3
1
27
3
7
2
41
3
1
3
1
5
5
1
8
13
2
2
26
3
11
2
68
1
12
1
4
8
3
1
25
2
8
3
30
2
12
2
40
3
11
3
42
4
7
1
47
2
2
2
12
2
8
3
54
1
5
1
16
4
12
2
49
4
12
1
33
8
12
1
22
1
5
3
35
5
1
2
26
4
5
3
68
16
1
3
68
1
9
3
9
28
2
1
5
1
4
3
44
8
12
1
9
9
2
1
37
1
4
1
32
7
6
2
3
1
9
3
32
4
8
3
10
7
10
3
6
2
1
1
36
2
11
2
27
3
2
1
8
12
9
1
68
3
3
1
10
8
5
3
55
4
8
1
26
3
8
1
23
2
10
1
53
2
10
3
61
11
5
2
22
1
7
2
34
1
1
3
34
9
5
3
15
10
7
2
16
2
5
1
11
12
7
3
29
19
8
1
63
2
12
1
55
2
3
1
18
14
3
3
26
5
11
1
41
2
11
1
6
2
9
1
71
2
4
3
38
1
4
3
53
3
11
1
29
2
3
3
71
3
10
3
41
3
4
2
1
1
3
3
3
5
11
1
33
4
3
2
4
1
1
3
43
5
5
3
40
3
1
2
31
5
12
3
61
2
9
2
60
1
5
3
65
4
5
1
30
15
5
3
63
12
10
3
29
3
6
2
11
3
4
1
2
6
7
2
14
3
12
1
10
1
9
3
63
2
11
1
63
1
12
2
40
1
8
2
13
2
6
3
7
4
2
2
55
1
4
1
47
1
12
2
47
3
4
3
23
10
3
2
44
2
7
2
15
2
10
2
63
2
11
2
55
3
8
1
22
2
12
2
39
3
5
3
28
5
4
3
34
10
3
1
12
4
7
3
18
19
3
2
66
3
6
2
38
3
8
3
65
14
6
2
30
2
5
3
18
6
1
1
31
8
3
2
8
3
5
1
27
1
10
2
42
4
7
3
2
7
5
1
25
3
3
2
5
1
11
1
28
2
12
2
66
1
5
1
60
1
10
2
5
3
11
2
49
2
11
2
43
3
1
3
11
26
2
1
43
1
3
1
35
3
4
2
52
2
4
1
55
1
7
2
33
3
5
2
11
2
9
3
27
1
7
2
45
2
12
1
14
14
5
1
15
2
7
1
67
3
4
3
49
3
8
2
52
4
10
1
44
1
2
1
38
1
7
2
71
3
8
1
39
3
10
1
13
7
1
3
16
5
10
2
23
3
5
3
25
4
12
2
2
1
12
3
4
19
3
3
1
4
3
1
49
1
7
3
7
2
9
2
53
3
4
3
60
19
11
2
54
1
4
2
38
2
3
1
34
5
11
2
36
2
6
1
54
3
7
2
61
1
11
3
31
3
10
1
6
1
2
3
39
7
6
3
10
10
6
2
37
2
12
3
16
8
9
3
12
7
8
1
52
2
9
2
12
1
7
1
26
1
2
3
39
6
7
1
30
21
4
1
9
7
12
2
6
1
9
3
41
1
4
1
42
1
6
1
60
2
11
3
47
9
7
2
18
4
5
1
29
3
1
2
36
3
12
3
36
10
9
3
60
8
6
3
31
30
6
3
22
5
9
