1
55
2
2
2
14
2
5
1
32
1
11
2
35
3
5
3
71
5
8
1
40
2
1
1
47
2
6
3
28
3
10
3
47
5
3
3
63
1
10
1
10
2
2
1
47
1
2
2
3
2
11
1
5
1
8
3
52
13
8
1
71
2
5
1
11
4
8
1
45
1
3
1
31
6
8
1
41
1
3
2
61
3
10
1
71
1
2
3
65
2
5
3
35
1
11
1
44
2
2
3
54
2
9
3
53
5
6
2
4
1
12
1
66
1
6
2
16
3
2
3
65
7
1
2
4
2
11
3
14
12
12
2
6
2
9
1
16
2
10
1
35
3
7
2
54
2
1
1
2
6
5
1
9
11
4
2
67
2
6
1
15
3
5
3
17
15
7
2
68
4
9
1
4
6
9
2
1
3
5
2
30
1
10
3
60
30
11
1
25
2
12
2
47
4
12
1
37
2
2
1
13
2
4
2
27
1
8
1
4
8
1
3
61
1
5
2
11
3
1
3
40
3
6
2
23
2
6
3
26
11
10
2
42
2
11
3
18
25
5
1
42
2
8
1
67
3
1
3
36
1
9
2
29
3
8
1
61
3
3
1
8
16
4
1
49
2
12
1
14
19
11
1
45
2
2
3
41
1
9
1
10
1
3
1
52
1
5
2
33
3
1
2
22
2
7
3
44
8
10
1
12
6
1
2
28
3
9
2
63
2
3
1
9
14
6
1
15
4
4
2
11
2
6
3
38
11
7
3
33
14
12
1
54
1
10
1
22
3
11
3
37
12
5
2
3
3
6
3
67
27
12
2
42
3
10
1
16
1
9
2
39
4
2
3
45
7
7
3
1
3
5
2
25
2
12
2
37
2
9
1
65
2
12
1
40
1
11
3
31
9
7
2
66
1
5
1
35
4
2
3
31
27
7
1
54
3
9
2
12
2
1
2
47
1
12
1
11
6
4
3
55
11
7
1
38
3
7
3
39
6
8
2
49
2
2
2
12
3
11
2
26
4
6
2
43
4
8
2
16
1
3
1
34
10
9
2
18
3
3
2
17
1
7
1
6
1
5
1
63
2
2
3
25
5
1
2
26
1
5
3
9
10
9
1
29
1
11
1
42
1
5
2
36
3
9
3
66
2
5
1
28
3
6
3
36
8
3
2
29
1
7
2
14
3
3
2
8
1
11
2
5
1
4
1
55
1
5
3
16
1
8
3
23
17
8
2
25
3
12
1
29
3
6
1
39
4
3
2
40
3
11
1
6
2
2
3
27
3
10
3
43
6
10
1
17
2
3
2
39
1
7
2
8
2
5
3
9
31
3
2
5
3
3
1
3
9
11
2
63
1
3
3
30
3
9
1
67
1
8
2
6
1
10
1
28
2
8
2
44
5
11
3
35
4
12
3
42
4
12
1
65
1
6
2
52
1
9
1
5
2
1
2
41
2
1
1
60
2
12
3
7
3
2
2
61
2
6
3
68
10
10
1
27
2
10
2
40
1
3
2
32
4
2
1
18
6
12
1
30
18
4
2
2
1
9
1
7
4
10
3
23
9
12
1
31
17
9
2
65
2
8
3
32
6
5
2
2
2
4
3
6
6
12
2
35
2
7
1
33
2
1
2
31
5
2
3
43
3
1
3
30
13
1
3
26
7
10
1
27
3
4
2
37
3
11
3
42
2
11
2
13
3
2
2
15
1
7
1
1
2
9
2
68
2
10
1
25
1
12
1
12
11
12
3
25
4
2
1
22
2
2
2
33
1
6
1
43
1
12
2
66
3
5
2
55
3
11
3
13
9
11
1
52
2
10
3
41
3
6
2
49
3
12
1
43
3
6
3
37
1
2
3
32
3
2
3
27
10
5
3
49
8
5
3
10
18
7
1
68
3
8
2
30
2
1
3
47
7
1
2
10
3
2
1
23
3
7
1
1
3
5
3
44
4
5
2
7
2
9
2
31
4
3
2
9
1
5
1
68
1
7
3
45
2
5
2
23
3
1
2
38
1
3
1
23
2
8
3
5
2
10
1
18
2
12
2
18
1
11
3
3
8
5
2
22
3
5
3
40
2
11
2
36
1
12
2
54
1
7
3
38
2
5
2
41
4
4
3
12
4
1
3
12
5
5
3
60
11
5
1
66
2
1
1
53
2
7
2
27
2
11
3
49
3
2
1
7
3
4
2
34
1
12
1
53
1
9
3
52
18
1
3
54
1
12
1
3
10
7
2
32
2
4
3
13
4
10
3
39
4
10
3
11
15
9
2
71
3
4
1
17
10
4
1
44
1
5
3
29
1
11
2
38
2
10
2
7
1
5
3
1
10
8
2
34
3
11
3
67
26
1
1
36
3
7
2
60
2
12
2
52
5
5
2
45
3
5
3
68
16
2
1
13
4
10
3
55
5
8
3
7
1
7
2
45
4
12
2
15
3
1
1
36
1
2
2
10
2
4
3
8
3
2
3
3
10
6
2
53
1
9
2
17
3
4
3
29
5
5
1
14
6
12
1
39
3
5
1
33
8
5
2
60
3
5
3
34
7
5
3
63
2
6
3
11
21
2
2
13
1
8
1
37
1
9
3
2
5
3
1
32
6
12
3
4
11
4
2
43
5
1
3
22
5
5
3
18
10
7
1
30
17
1
2
1
2
12
1
26
2
8
2
65
4
1
2
9
3
9
3
14
9
9
3
28
16
5
2
44
2
7
3
4
23
6
3
10
4
10
3
33
3
10
3
15
13
1
1
2
4
2
1
34
11
2
2
71
2
6
3
2
1
8
2
28
2
4
3
6
3
10
2
53
3
8
1
61
1
3
1
38
2
9
3
61
8
5
3
5
4
7
1
63
1
12
3
16
3
6
3
34
9
8
3
22
1
7
1
60
1
4
1
26
1
5
3
8
10
11
3
53
6
10
1
49
1
5
2
55
2
9
1
8
14
8
3
17
6
4
1
41
3
6
3
15
15
5
3
66
1
7
2
67
1
7
3
71
4
8
