3
41
3
1
3
13
6
10
3
15
6
7
3
65
7
6
3
14
23
4
1
43
2
2
2
33
2
9
1
33
8
2
1
30
3
3
2
38
4
1
3
30
13
10
2
39
3
7
2
55
1
3
1
10
7
6
1
38
3
10
2
25
1
11
2
13
3
7
3
61
2
3
1
29
3
12
2
16
1
2
1
25
3
12
3
10
3
2
3
47
10
8
2
53
1
2
1
22
2
3
1
49
1
1
2
41
5
2
2
26
2
11
2
29
3
12
3
13
7
7
1
61
1
10
1
35
1
3
3
42
2
2
1
39
1
4
1
9
13
2
2
61
3
12
1
12
4
7
3
36
3
6
3
7
3
3
1
28
2
2
2
10
3
4
1
8
8
8
2
17
2
6
2
10
2
1
1
2
4
7
1
53
1
5
3
11
14
9
3
27
4
4
3
11
6
10
2
63
1
6
3
33
1
4
3
6
4
9
2
11
1
4
2
30
1
12
1
61
3
1
3
31
29
12
3
2
5
8
3
17
6
6
3
43
3
6
3
53
4
10
2
3
3
10
2
43
5
3
1
60
2
1
2
22
2
3
2
12
1
4
1
55
1
8
2
65
2
4
2
47
3
3
3
9
30
8
2
42
1
2
2
55
2
10
1
11
8
6
1
23
3
3
1
18
2
7
1
45
1
3
3
38
8
4
2
43
1
6
2
15
3
6
1
52
2
11
3
32
7
4
2
34
3
4
2
61
1
1
1
11
10
8
3
54
1
12
1
66
2
5
1
63
2
11
3
66
8
6
2
68
3
12
3
5
1
12
3
34
7
8
2
12
3
6
1
71
2
5
3
45
6
5
2
39
4
1
3
35
2
1
3
27
14
4
3
31
1
3
2
25
2
7
3
55
1
1
3
52
1
11
1
68
3
6
3
71
4
5
1
42
1
5
3
37
8
11
1
71
3
8
1
6
1
12
1
28
1
2
1
63
1
9
3
40
1
5
3
22
7
3
1
41
2
3
2
23
3
7
3
39
3
5
2
68
2
9
3
68
11
8
1
14
14
10
1
22
1
6
3
63
3
1
2
44
3
6
2
49
4
2
1
38
2
4
1
54
3
5
3
26
9
3
2
36
3
8
1
52
3
6
1
65
1
5
2
4
2
6
3
18
25
3
1
17
16
9
2
18
2
12
1
13
5
5
2
30
4
6
3
49
5
1
3
8
8
7
1
15
3
7
1
27
1
11
2
31
3
12
3
26
8
11
1
15
2
10
3
30
2
9
2
63
2
6
3
38
4
5
1
7
11
8
2
15
2
5
1
26
3
10
3
49
1
9
2
52
1
12
2
23
2
8
1
13
4
7
1
4
5
12
2
34
1
4
3
39
5
7
2
2
1
8
2
26
3
3
2
13
1
11
3
43
8
9
2
54
2
1
3
25
8
2
1
23
2
5
1
36
3
10
3
3
6
4
3
4
2
6
3
16
8
9
3
2
11
11
1
43
3
5
1
42
2
6
2
42
2
3
1
55
2
12
3
61
11
11
2
8
2
12
1
3
10
9
1
67
3
9
2
35
1
6
3
36
8
9
2
54
1
11
2
5
3
6
3
22
8
1
3
35
1
4
1
39
2
4
3
23
8
4
1
27
3
5
2
33
3
3
2
9
2
10
3
8
11
7
3
60
25
5
1
7
6
7
2
2
3
10
2
27
2
6
2
32
2
5
1
34
1
6
2
11
3
7
3
16
3
8
1
68
1
12
1
41
1
1
1
36
1
12
1
6
2
12
3
68
12
12
2
22
3
8
1
18
9
11
2
18
3
6
1
29
1
3
1
31
6
4
1
12
7
12
3
7
5
5
3
42
4
10
2
6
2
1
2
45
4
8
2
60
3
1
1
40
3
4
3
33
6
5
3
41
1
11
3
25
4
6
2
45
3
2
2
17
3
9
1
60
1
2
1
31
10
8
3
52
4
6
1
35
4
11
2
65
3
3
2
4
1
6
3
63
2
3
2
31
5
11
3
1
2
12
3
34
3
1
3
1
10
4
1
45
2
3
2
60
4
11
3
12
5
10
1
34
3
5
3
29
4
5
1
3
1
4
2
16
2
4
1
47
1
11
1
25
2
12
3
5
5
1
1
1
2
7
2
27
3
7
2
5
2
11
3
45
5
10
3
10
24
11
3
6
5
10
2
67
1
6
3
28
7
3
3
60
11
12
1
9
7
11
2
29
2
1
1
14
22
6
2
1
1
3
3
71
3
9
2
14
1
5
2
8
1
2
2
7
2
12
1
5
2
5
1
66
3
10
1
5
1
10
1
40
2
8
1
17
1
2
3
15
12
1
1
53
2
8
3
40
4
6
1
30
19
2
1
65
2
10
2
28
2
4
1
32
3
1
2
40
3
2
1
16
6
11
2
52
3
5
1
4
4
2
2
6
3
6
3
18
10
5
1
26
1
1
2
36
5
5
1
67
2
10
3
9
29
11
3
67
37
8
2
28
1
9
1
32
2
7
3
23
12
11
3
12
1
1
3
44
10
6
2
71
1
9
1
44
1
2
2
67
2
2
1
44
2
6
1
47
3
4
2
41
4
1
2
3
1
5
3
47
1
1
1
54
1
4
2
37
3
3
2
1
2
12
3
65
16
11
1
37
1
6
3
28
10
6
2
40
1
10
3
55
14
12
3
37
5
10
2
44
2
6
2
37
1
2
3
4
20
8
2
53
2
11
1
10
6
2
1
49
2
8
2
35
3
7
2
47
1
2
3
54
2
12
2
66
2
10
3
44
9
6
3
3
3
7
2
49
3
11
3
32
4
7
2
38
1
5
2
66
3
5
3
14
3
11
1
2
3
3
1
33
7
7
3
53
3
12
2
9
3
6
1
16
7
5
3
17
12
11
1
1
1
2
1
8
3
5
2
32
4
2
3
66
2
6
3
67
3
7
2
14
2
9
2
71
2
1
3
29
13
6
1
37
2
1
2
7
3
1
