1
31
11
11
1
18
5
6
1
45
1
1
3
39
2
3
1
4
3
7
3
47
9
11
2
49
3
6
3
44
2
3
3
61
1
2
2
15
2
2
1
7
5
10
2
3
1
8
2
65
3
1
3
49
6
8
1
71
3
9
1
41
2
8
3
1
3
5
1
61
1
5
2
53
2
8
2
34
3
11
1
16
7
2
1
44
3
7
2
9
2
11
3
18
13
4
3
65
17
3
1
36
3
1
2
23
1
9
3
71
4
8
1
34
4
12
3
18
7
5
1
67
2
10
1
8
15
3
1
38
1
11
2
27
3
11
3
44
5
3
1
18
13
6
3
8
14
12
1
17
2
4
2
8
3
7
3
6
2
4
3
35
3
5
2
68
1
12
1
35
3
12
2
38
3
8
3
29
19
7
1
33
1
1
3
13
9
5
2
29
2
3
3
1
1
4
3
3
1
4
2
1
2
5
2
68
3
11
2
60
1
8
1
36
1
11
3
41
2
5
1
12
15
7
3
45
3
8
1
40
1
4
2
15
1
8
1
29
1
8
2
28
3
5
2
2
1
2
2
55
1
7
2
3
2
11
1
3
9
6
1
27
2
12
2
37
1
6
1
1
2
1
3
15
9
7
1
30
4
7
3
9
12
2
3
38
2
4
1
11
11
2
3
45
2
2
1
34
8
2
1
65
1
9
3
55
5
12
2
66
1
2
3
11
25
9
2
36
3
9
1
2
1
6
2
43
1
7
2
36
1
1
3
40
4
6
3
26
11
5
2
71
2
6
3
67
2
1
2
25
1
10
3
61
6
1
2
4
1
6
2
53
3
6
3
22
5
4
3
25
9
6
2
4
2
9
1
28
1
8
2
41
3
2
1
65
2
11
2
10
1
4
1
43
2
2
2
14
2
7
3
39
6
9
1
39
2
7
1
15
4
1
2
52
5
6
3
29
15
8
3
38
4
3
1
13
2
7
3
55
11
7
2
42
1
5
2
45
4
2
2
11
2
11
1
52
2
6
1
14
21
2
3
31
21
1
1
14
13
1
1
47
3
1
1
54
3
3
2
22
3
6
3
26
9
11
1
66
3
12
2
47
2
2
2
14
3
6
3
53
8
2
2
39
3
10
1
53
1
8
2
17
2
3
2
63
2
2
2
34
2
6
2
32
3
8
1
4
8
2
3
23
17
11
2
44
3
12
2
41
4
1
2
7
3
6
1
25
1
8
2
60
3
8
3
27
10
6
3
60
12
1
1
66
1
2
1
29
3
6
1
5
1
2
2
17
1
8
1
23
1
2
3
14
26
9
2
49
1
11
2
39
4
10
1
60
2
8
1
49
1
10
2
16
2
4
3
3
9
5
2
22
2
6
3
65
21
1
1
49
2
7
3
16
6
8
1
68
1
7
2
67
1
7
3
66
8
4
2
5
3
5
2
5
2
5
2
18
1
6
1
37
1
7
2
37
4
5
2
25
3
4
3
31
9
6
1
12
3
11
3
10
18
4
3
15
10
7
2
6
1
6
2
7
2
8
2
67
2
10
3
47
3
10
1
9
5
6
2
71
3
1
3
10
7
10
3
32
8
9
1
5
2
4
2
8
2
7
2
47
1
4
2
30
5
7
1
10
4
3
2
55
2
9
3
60
14
10
3
7
4
10
2
33
2
10
1
41
1
11
3
34
11
4
2
40
2
11
2
13
2
7
1
43
3
5
2
45
1
3
1
27
1
12
1
61
2
8
3
42
2
2
3
28
13
6
2
63
3
6
3
41
3
3
3
36
8
1
1
11
10
1
3
30
19
1
1
33
5
6
1
71
1
9
3
43
4
5
3
67
37
3
2
38
4
6
1
40
2
1
2
11
3
11
1
16
6
8
1
28
2
10
3
2
1
1
3
33
18
8
3
33
17
12
1
22
2
2
1
6
2
4
1
30
14
5
3
22
12
10
3
9
19
11
2
12
3
3
2
10
2
4
2
6
2
9
3
49
8
2
2
44
1
3
3
71
5
10
2
30
3
2
3
13
8
1
3
17
3
2
1
17
4
4
3
8
19
2
3
54
1
4
3
28
5
4
1
23
3
7
1
54
2
7
1
26
1
2
3
16
7
8
3
7
2
10
3
30
15
11
1
42
2
11
2
31
2
12
1
55
1
4
1
37
2
7
1
22
1
9
3
32
10
1
3
36
13
2
1
26
2
1
1
6
1
7
1
7
11
3
3
52
9
12
3
66
6
11
3
17
13
8
1
63
2
4
2
18
4
12
3
42
1
9
1
8
11
4
3
4
14
2
1
55
2
6
1
42
1
9
1
63
1
6
1
35
1
5
3
63
12
12
3
6
3
5
3
37
9
10
3
12
5
9
1
9
11
12
2
29
3
3
1
3
8
9
3
43
3
1
2
12
1
2
3
11
15
6
2
2
2
8
2
13
3
4
3
5
4
5
3
4
1
5
1
39
1
8
2
35
3
4
3
63
5
1
1
47
1
3
2
54
1
9
2
66
3
3
2
42
4
8
3
54
2
12
2
61
1
8
2
54
2
3
2
27
2
12
1
10
6
12
3
68
4
8
2
26
2
5
3
27
13
12
1
68
2
4
3
53
6
9
2
16
3
10
2
33
3
12
3
52
12
1
1
52
3
9
3
23
12
9
2
28
1
10
2
31
5
6
1
2
4
1
1
38
2
12
3
37
11
2
1
32
7
2
2
43
3
11
1
32
5
5
1
53
2
1
2
32
2
1
3
40
2
7
3
14
25
4
3
68
1
5
3
34
4
3
2
65
4
6
2
23
2
9
3
5
5
1
1
31
17
8
1
15
5
12
1
67
1
9
1
60
1
8
3
2
3
11
3
35
2
10
2
26
1
10
2
52
7
7
1
13
9
9
1
25
2
10
2
35
1
6
2
61
3
11
1
45
2
3
2
40
3
12
2
1
3
3
1
1
1
12
2
9
1
10
3
12
7
5
1
44
4
1
3
25
2
5
