3
10
11
5
3
27
3
3
3
42
3
7
3
16
8
8
1
68
3
11
2
37
3
3
2
4
3
7
2
11
3
4
1
67
3
10
3
7
3
12
2
25
3
11
3
53
1
12
1
45
2
8
3
12
2
6
1
42
2
10
1
31
1
10
3
16
1
12
1
15
1
4
3
36
6
8
2
61
3
4
1
60
2
2
1
37
2
1
2
10
1
4
1
23
3
9
2
43
3
2
3
49
3
4
2
33
2
10
3
34
11
11
2
44
2
10
1
53
2
11
2
60
3
5
1
35
2
8
2
39
1
5
2
13
3
3
2
55
1
9
1
25
2
4
1
10
4
4
2
68
1
11
2
34
3
7
1
66
3
3
1
26
3
10
3
32
4
5
1
9
1
12
1
22
1
4
2
65
1
9
1
63
2
9
1
34
6
8
3
60
32
7
1
63
1
10
3
15
10
12
3
41
2
1
3
15
15
11
1
5
2
3
3
29
4
1
2
15
3
9
3
41
1
8
1
39
3
10
3
66
4
7
3
4
19
8
1
22
3
2
2
63
1
2
3
10
24
11
3
2
2
3
3
44
3
6
1
43
2
3
2
14
3
7
2
49
1
11
3
40
3
10
1
49
1
3
3
23
17
12
3
26
5
9
1
31
18
6
2
1
1
3
3
43
8
5
2
44
5
8
3
68
2
11
1
30
9
6
3
67
7
7
2
16
2
8
2
13
2
4
3
52
9
11
1
33
6
12
3
71
2
8
3
17
10
3
2
7
2
9
2
55
3
5
2
6
2
6
2
2
2
6
1
29
1
6
3
25
2
7
3
2
4
12
2
5
3
6
1
47
3
6
1
11
5
3
3
7
2
1
1
3
7
7
2
38
2
12
1
42
1
9
2
8
3
7
2
66
1
11
1
14
10
4
3
39
5
7
2
27
3
12
2
47
4
5
2
10
3
3
3
27
15
3
3
33
7
5
1
67
2
12
3
4
1
6
2
31
3
2
2
42
1
12
3
8
2
1
1
38
1
11
1
41
3
1
1
52
1
8
2
17
3
12
2
12
3
3
3
61
3
11
1
2
6
3
2
28
2
1
3
63
12
3
1
54
1
7
2
41
4
7
2
71
1
1
2
61
2
5
1
4
2
7
3
9
28
5
3
54
1
7
2
65
3
11
2
49
2
11
2
42
3
3
1
39
2
2
1
61
2
10
2
28
3
10
3
8
16
6
2
31
4
8
3
29
11
12
2
26
3
10
3
66
9
5
1
7
9
1
2
36
5
12
3
31
25
11
2
22
3
1
3
18
18
6
2
37
2
4
2
67
1
10
3
22
9
2
2
16
1
10
1
6
2
3
2
45
2
2
2
35
1
9
1
27
2
7
2
4
2
6
2
33
3
2
1
66
2
12
1
11
7
11
2
27
1
11
3
35
6
9
1
9
14
2
2
71
3
2
3
6
6
2
3
61
9
10
1
14
21
1
3
63
3
12
2
63
3
8
2
30
3
8
1
28
2
9
1
52
2
10
1
13
4
8
2
67
2
12
1
36
2
2
2
45
4
5
3
40
5
10
1
32
4
4
3
28
7
10
3
60
29
11
1
71
3
3
3
36
7
5
2
47
3
12
2
1
3
6
2
15
2
9
3
47
3
4
3
11
11
6
2
36
3
6
3
34
2
6
2
18
4
8
3
5
5
1
1
12
14
5
1
65
2
10
3
67
24
8
2
34
2
3
3
30
3
12
3
17
3
8
3
28
13
6
2
6
1
4
1
38
2
4
3
14
15
1
1
40
1
1
3
39
4
7
3
43
1
5
2
60
2
9
1
13
9
12
1
71
1
6
2
8
2
4
3
38
7
4
3
23
1
5
3
45
5
6
2
53
1
5
3
68
8
1
3
1
9
7
1
7
10
4
1
4
8
5
2
12
1
1
1
47
1
5
2
23
2
7
1
55
1
3
1
37
1
9
2
9
2
5
3
11
1
6
2
3
2
3
3
42
4
5
3
3
4
4
2
7
3
5
1
33
5
8
3
33
17
3
1
1
1
6
2
66
3
10
2
32
1
6
2
23
3
1
1
3
1
5
1
25
1
5
2
22
2
4
2
3
1
3
1
18
15
6
1
18
13
4
2
25
1
1
1
17
3
10
1
23
2
3
3
37
4
6
1
36
3
7
2
2
3
7
2
18
2
6
1
2
3
7
1
45
1
5
2
52
7
7
3
18
23
9
2
5
2
4
1
35
4
1
1
55
2
3
3
31
13
2
1
28
3
7
1
54
3
1
1
41
2
8
2
29
1
8
1
65
1
8
2
54
2
3
2
17
1
4
1
29
2
4
3
52
4
11
1
6
1
5
1
43
1
11
2
38
1
3
3
38
11
8
1
40
3
10
3
12
4
8
3
26
9
11
3
71
4
5
2
40
1
8
1
16
6
2
1
49
2
9
3
54
2
7
3
22
3
4
3
1
3
12
3
14
6
1
3
45
7
8
2
41
5
1
1
44
3
4
3
13
5
3
2
32
2
7
1
1
2
11
3
13
9
6
1
12
6
4
2
68
3
2
3
44
2
8
1
44
2
2
1
8
11
6
1
16
4
5
2
40
2
2
1
15
2
12
2
9
1
4
2
11
1
2
3
30
9
6
2
54
1
11
2
26
1
3
2
29
2
12
2
35
2
10
3
5
1
6
1
53
1
2
2
14
1
4
2
43
4
11
1
10
7
2
3
65
10
10
1
61
1
6
3
25
7
7
2
39
3
2
2
53
3
4
3
49
6
3
2
30
5
7
3
55
12
7
1
27
3
12
3
65
8
2
3
47
2
3
3
3
3
2
1
17
4
6
2
52
4
7
3
37
6
2
3
53
7
12
1
8
2
1
1
34
8
2
1
5
1
5
3
55
4
1
3
6
1
10
1
32
3
5
1
68
2
3
3
35
3
5
1
30
10
8
3
9
23
3
1
60
1
2
3
32
8
7
1
26
1
9
