1
5
2
11
2
3
3
5
2
36
1
10
3
27
8
8
1
32
2
7
3
31
27
4
1
1
2
6
3
36
15
3
1
26
1
5
1
38
2
8
2
65
2
6
3
71
4
11
3
65
19
9
3
36
1
3
1
7
4
2
2
44
3
2
3
29
4
1
2
53
2
4
3
30
8
10
1
43
1
11
1
1
3
6
3
27
13
1
3
52
18
5
1
30
5
8
3
54
2
8
2
7
1
4
3
32
11
9
3
7
1
11
3
10
7
1
2
4
1
7
3
47
10
10
2
1
1
7
2
45
2
2
1
13
4
4
3
10
10
12
2
14
3
5
1
53
1
9
2
44
2
6
3
5
5
5
2
66
3
12
2
27
3
1
1
36
1
4
1
67
2
2
2
9
2
1
3
15
10
12
3
55
5
7
1
29
1
3
1
27
1
8
1
3
7
12
3
63
6
11
1
5
1
9
2
68
2
12
3
54
1
2
1
63
1
12
3
35
7
6
2
52
2
9
2
41
3
12
2
17
2
7
2
3
2
5
3
55
7
2
1
39
3
1
2
10
2
8
3
26
6
2
2
43
4
8
1
63
2
1
2
42
2
11
3
44
5
11
2
16
2
8
1
8
9
3
2
35
1
11
1
31
1
7
2
55
3
6
2
15
3
2
3
53
4
10
2
22
2
6
3
35
4
11
3
66
3
9
1
10
1
8
2
25
1
9
1
25
1
10
1
47
2
12
1
34
8
12
1
45
2
6
1
36
2
12
2
29
1
12
3
60
2
4
2
47
4
11
3
13
2
11
1
43
2
9
2
38
1
9
2
29
2
5
3
6
3
9
3
42
1
10
3
68
13
2
1
41
2
8
1
16
7
12
1
55
2
3
2
47
3
12
2
54
2
12
1
18
12
5
3
6
2
9
2
6
1
3
2
8
1
6
2
5
3
10
3
22
9
10
2
2
2
8
1
28
2
5
3
1
1
12
3
42
2
3
2
63
2
10
2
4
2
6
2
55
2
5
3
40
6
8
2
35
3
1
2
45
4
6
3
1
2
1
2
1
3
10
3
34
5
9
1
6
1
8
3
12
2
10
3
41
4
5
3
17
14
5
2
33
1
4
1
32
1
9
1
11
5
12
3
39
1
5
3
8
14
3
2
37
4
1
2
71
2
3
2
67
2
10
3
25
3
10
2
42
1
7
1
10
6
2
3
43
7
9
2
68
4
1
1
44
1
8
2
25
3
3
1
42
1
5
1
29
2
11
3
38
8
3
3
5
4
9
1
22
3
11
1
53
2
8
2
8
2
2
3
8
3
11
3
67
2
7
3
44
2
4
1
9
12
2
1
4
5
12
1
31
7
3
2
61
2
5
3
2
6
8
2
26
1
6
1
15
3
11
3
29
1
4
1
60
1
2
1
40
3
8
1
45
1
9
2
71
3
12
2
36
5
2
1
49
2
8
3
37
12
3
1
23
1
7
1
52
2
3
2
23
1
8
1
66
1
1
1
22
2
7
3
31
28
7
3
30
22
1
1
16
4
1
1
37
2
5
2
28
1
10
1
35
3
2
3
14
18
10
1
52
3
12
3
45
6
9
1
23
3
10
3
18
19
8
1
54
3
7
3
3
9
4
1
28
1
12
2
34
1
8
1
25
2
1
2
53
1
5
1
15
4
3
2
67
1
1
3
4
22
10
3
28
15
2
2
34
2
5
1
44
4
2
3
7
2
4
1
6
2
5
1
67
1
3
1
49
1
8
2
28
3
9
2
37
1
7
3
11
10
7
3
22
12
11
2
43
2
3
3
60
10
1
3
40
2
9
3
18
14
9
2
54
1
7
2
18
3
11
3
2
7
6
1
68
1
3
2
49
4
11
2
61
1
1
2
11
2
1
3
68
7
10
3
25
2
7
2
7
3
8
1
55
1
5
1
13
7
11
3
71
2
5
3
23
4
3
1
38
1
10
1
71
3
9
2
31
3
6
2
18
2
4
1
14
6
11
1
54
1
4
1
71
1
10
2
32
3
5
1
42
2
5
1
26
2
2
2
16
1
10
1
17
5
7
1
27
2
2
3
38
1
4
1
35
4
12
3
67
1
4
2
65
1
6
2
41
2
2
1
33
1
4
3
16
7
3
1
61
3
12
2
5
1
12
2
60
2
4
2
38
4
4
2
9
3
10
1
12
9
3
2
12
3
3
3
9
31
12
3
45
2
10
1
14
4
6
1
66
2
4
3
13
9
3
3
9
4
4
1
33
2
10
3
53
8
1
1
4
7
3
2
60
4
10
1
18
15
9
3
47
6
9
3
32
9
4
3
15
12
11
1
3
9
12
2
15
1
2
3
14
20
7
2
12
1
1
3
16
1
3
2
33
2
12
3
49
3
12
3
65
7
5
2
63
3
3
3
41
1
8
2
13
3
3
3
39
9
1
2
30
1
4
1
61
1
7
2
39
2
8
2
40
2
11
1
8
6
6
3
61
10
4
3
52
5
6
2
11
3
11
3
17
4
8
1
37
1
10
3
4
11
2
3
28
4
9
2
10
1
3
2
30
2
1
1
68
3
5
1
7
7
4
3
3
10
3
3
61
1
10
3
49
8
4
1
30
17
5
2
49
2
5
2
31
5
9
3
66
9
11
1
12
18
7
1
39
2
8
1
60
2
3
1
34
3
6
3
63
9
7
1
47
1
3
2
22
1
2
1
2
2
5
1
17
16
12
2
52
1
3
3
12
7
7
3
34
3
12
3
23
3
7
3
26
7
9
1
65
1
5
1
11
12
1
3
43
4
11
2
14
2
5
2
26
2
2
2
32
2
8
1
9
14
7
3
37
5
6
1
2
4
2
2
66
1
1
2
13
1
9
1
41
1
5
3
33
11
7
2
39
3
2
3
11
7
1
1
65
2
2
2
17
3
1
2
6
2
11
2
2
1
4
3
33
17
3
1
40
2
1
2
23
3
10
2
40
3
9
2
27
1
10
