3
63
11
2
2
68
4
3
2
60
3
11
1
30
1
3
1
41
3
4
2
8
1
12
2
23
2
11
1
54
2
5
3
26
5
1
3
5
5
10
2
18
3
8
1
37
2
9
3
7
5
5
3
23
17
10
3
33
19
4
1
5
1
4
2
28
3
5
3
35
7
1
2
14
2
10
2
10
3
1
1
52
2
11
1
71
3
1
1
55
1
7
2
63
3
6
1
47
1
8
3
42
4
11
3
11
5
4
3
45
2
2
2
27
3
1
1
11
4
3
2
27
2
8
3
63
9
10
3
38
10
9
2
71
1
9
1
71
1
1
1
38
3
12
1
61
3
10
2
22
3
7
1
16
3
2
3
17
1
12
3
54
1
6
3
36
6
10
2
1
1
6
3
14
10
10
2
47
2
7
3
66
5
9
2
44
4
1
3
8
8
9
3
43
5
3
2
40
4
12
2
49
3
1
2
7
2
10
1
13
3
10
2
7
1
10
2
4
1
6
3
4
19
3
1
1
3
3
2
61
1
11
3
36
10
2
1
33
1
5
2
43
1
3
1
52
3
10
1
11
1
9
2
9
3
7
2
65
4
8
2
55
1
8
3
71
3
3
1
26
2
12
3
60
3
8
2
29
2
9
3
25
8
8
2
49
4
3
3
25
7
11
3
40
6
6
3
31
12
10
2
41
2
1
1
65
1
6
2
12
1
11
1
65
2
11
1
7
2
11
1
36
3
11
1
28
3
12
3
10
18
12
2
55
2
3
2
41
3
9
3
7
3
12
1
14
12
6
1
39
4
7
3
37
2
9
3
23
6
4
2
60
1
4
3
12
3
2
1
54
3
1
1
31
1
8
3
65
21
3
2
2
1
2
2
3
2
4
2
18
2
11
3
6
5
1
1
32
6
7
3
49
1
4
1
33
3
1
2
39
1
5
2
43
3
9
3
68
6
12
3
3
4
1
1
55
2
12
3
42
3
1
3
29
6
8
1
29
2
12
1
15
3
7
2
53
2
11
2
11
2
12
3
26
1
7
3
55
12
1
3
33
14
2
1
44
4
10
2
35
2
11
2
25
1
6
3
28
3
4
2
66
3
5
3
1
7
10
3
15
10
11
3
30
18
4
3
53
2
7
3
9
2
1
2
31
4
8
2
4
3
9
3
16
5
1
1
38
2
2
3
47
2
5
1
25
3
6
1
37
1
1
2
14
3
1
3
31
15
11
3
43
1
6
1
39
2
8
3
40
2
4
1
6
1
9
1
31
5
12
2
66
2
11
2
16
1
1
3
55
3
5
3
6
4
7
1
2
4
12
1
16
2
3
1
7
11
8
3
61
10
3
2
54
1
12
2
40
2
5
3
14
23
11
1
68
2
1
1
8
14
9
1
60
2
8
1
61
1
4
2
34
1
4
3
53
1
10
3
41
3
7
1
22
2
6
2
17
2
6
3
44
9
9
2
67
2
10
2
28
2
5
2
63
1
4
3
3
9
6
1
68
1
4
1
9
12
7
1
35
4
1
1
32
1
1
2
9
2
10
1
1
2
4
3
10
4
3
3
30
13
11
3
8
14
8
2
15
3
3
1
60
1
9
2
68
1
10
3
28
4
1
3
32
7
8
1
43
1
5
3
1
10
4
2
22
1
12
3
13
7
4
3
65
5
3
3
27
2
9
2
36
3
12
2
15
1
5
1
27
1
6
3
41
1
2
1
14
20
2
1
47
2
8
3
68
12
1
2
37
4
4
1
13
6
11
1
10
7
9
1
42
1
11
2
52
3
4
2
42
3
6
3
4
4
2
1
4
3
7
3
52
13
10
3
52
15
8
2
12
3
10
1
15
1
9
1
3
6
5
1
23
1
1
2
6
3
9
2
39
3
8
2
33
1
6
1
42
2
12
1
34
10
11
3
18
24
4
1
45
1
6
1
45
2
4
3
35
4
1
3
34
11
10
1
25
1
10
1
40
1
4
2
13
1
8
3
67
3
2
3
22
3
10
1
22
1
4
3
11
3
3
1
44
2
12
3
71
5
6
2
30
4
5
2
44
3
11
2
8
2
8
2
42
2
7
2
38
2
6
1
9
1
5
1
8
7
2
2
34
2
12
2
53
3
5
2
3
3
12
2
16
3
2
2
29
1
3
1
30
18
7
1
40
2
12
1
66
1
3
3
16
7
12
1
2
1
5
3
61
6
10
3
2
1
12
2
45
3
6
2
54
2
9
3
17
2
3
1
5
2
4
1
66
3
12
2
45
1
6
3
37
8
5
2
13
3
11
2
17
1
9
1
63
1
9
2
1
2
4
1
49
1
7
2
26
2
5
2
32
3
11
3
13
5
2
1
34
11
2
2
5
2
12
3
32
6
7
2
47
3
12
3
39
1
7
2
65
2
6
3
18
8
11
2
35
1
1
3
22
10
7
2
11
1
11
2
25
3
7
3
38
3
1
1
18
11
9
1
26
3
10
2
6
1
11
1
17
8
12
1
53
1
3
1
12
7
8
2
36
1
10
1
17
9
12
2
5
1
12
2
31
2
12
3
44
8
12
3
60
1
3
1
27
2
3
1
41
1
7
2
2
3
2
3
12
5
11
2
67
1
5
3
34
3
3
1
28
1
6
1
4
6
10
1
12
12
8
1
18
2
8
3
27
11
4
1
29
1
11
2
52
1
3
1
10
6
12
3
29
18
11
3
45
7
1
1
43
3
8
2
32
1
9
1
6
2
6
1
36
1
10
3
49
5
3
1
67
3
9
2
61
2
2
1
67
1
6
2
38
1
11
2
37
3
9
3
67
10
7
3
47
3
2
1
53
2
6
2
30
1
4
3
54
2
9
3
2
7
3
2
26
3
3
1
49
2
4
2
10
2
5
3
5
1
10
2
33
3
7
3
66
6
2
3
9
16
5
3
39
8
4
1
3
9
12
2
71
3
1
2
23
3
4
1
35
1
7
3
15
16
2
1
63
2
2
1
23
3
12
