3
43
3
8
1
41
1
8
2
8
1
5
1
63
1
12
2
38
2
7
1
42
2
6
2
13
3
5
3
67
5
1
1
2
2
3
2
18
3
1
3
32
10
11
3
39
1
9
2
68
1
4
3
1
3
2
1
9
6
1
3
16
4
5
2
29
3
9
1
36
1
3
2
66
3
10
2
41
1
9
1
16
4
12
1
7
10
4
2
11
1
1
3
23
2
2
1
10
2
11
1
23
1
12
3
31
5
11
2
37
3
2
1
18
3
7
2
8
2
11
1
68
1
2
3
22
11
2
2
67
1
3
2
4
2
9
3
35
2
10
2
17
3
3
2
10
2
9
2
2
2
7
2
55
1
3
2
16
1
4
3
6
5
7
3
38
9
5
1
14
10
7
3
67
20
1
3
66
8
10
3
31
3
2
3
44
6
12
3
54
1
1
2
7
3
3
3
49
6
9
3
2
5
11
2
23
2
9
1
30
1
5
1
13
8
2
3
35
5
3
2
28
3
4
2
49
4
7
2
35
1
3
3
8
2
9
2
30
5
10
3
60
5
4
1
18
10
11
1
5
2
3
3
40
3
10
3
66
3
12
3
18
23
11
1
3
1
9
1
1
3
2
3
63
11
10
2
25
2
12
1
6
2
9
3
49
7
4
1
4
8
1
2
60
1
8
1
31
5
12
1
11
12
10
2
16
3
9
1
28
2
11
3
36
6
12
1
28
1
1
2
40
1
10
3
7
1
8
3
13
5
5
3
29
17
11
2
65
3
11
1
3
4
12
2
44
5
12
2
55
3
11
3
27
6
8
2
26
1
11
1
34
5
8
1
67
2
6
2
3
3
11
2
34
1
4
1
12
2
12
2
10
3
9
3
65
17
2
2
15
1
3
1
43
3
10
2
42
2
7
2
14
1
10
1
26
1
6
3
1
7
11
3
44
5
3
2
71
2
1
1
65
2
8
2
52
6
3
1
54
1
11
3
34
11
9
3
52
9
4
2
12
3
11
3
25
6
1
1
45
1
10
3
13
9
10
1
53
1
12
3
39
8
2
1
14
3
9
2
13
1
4
1
36
3
9
2
53
2
6
1
17
2
5
2
63
3
6
2
34
3
1
3
8
7
10
2
63
2
11
3
34
2
11
1
66
2
11
3
9
31
4
2
14
2
2
1
9
13
2
1
49
2
1
2
47
3
7
3
41
1
8
3
38
2
4
3
60
27
6
3
28
8
12
2
6
3
10
3
12
2
8
3
17
10
7
2
9
1
4
3
65
13
11
3
5
2
12
1
53
2
11
2
39
1
8
1
60
2
4
1
63
2
12
3
10
11
9
3
4
1
8
2
41
4
10
3
3
9
2
1
55
1
2
1
13
9
12
3
47
6
6
2
40
2
8
3
71
1
4
1
41
2
1
1
6
1
12
2
6
1
5
1
1
2
5
3
68
8
2
1
52
2
6
1
61
1
12
1
71
1
12
1
7
4
9
3
53
8
4
1
33
6
2
2
33
3
8
2
45
3
11
2
22
2
8
1
35
3
3
1
40
3
3
3
22
9
3
1
27
3
11
1
43
2
10
2
60
2
5
2
2
1
2
1
22
2
1
1
71
3
4
3
63
3
12
2
31
5
6
1
40
2
2
1
17
6
9
2
15
2
1
2
32
4
12
1
47
3
12
2
61
1
1
2
66
1
1
1
44
2
4
1
16
2
1
2
36
1
3
2
31
2
10
3
61
7
5
3
68
6
11
3
47
8
12
1
25
1
10
3
28
14
3
3
41
2
11
2
39
3
2
1
33
5
12
1
60
1
6
1
38
1
10
2
18
1
6
3
52
17
3
2
67
2
10
3
26
10
5
3
55
16
9
2
25
1
4
2
9
3
2
1
22
3
3
3
27
13
2
2
27
1
10
3
10
5
6
3
17
9
5
1
32
3
5
3
40
5
6
1
61
2
4
3
23
13
4
2
1
1
6
3
42
2
6
2
4
1
9
2
5
3
4
2
68
3
3
1
42
1
7
1
25
2
9
1
55
2
12
3
12
6
2
2
23
1
9
1
11
1
9
1
10
3
10
1
31
9
6
1
37
2
3
2
3
1
7
2
53
1
5
1
30
15
3
1
5
1
10
2
37
4
10
3
55
4
9
2
54
2
7
2
47
2
1
1
8
3
5
1
12
12
12
2
28
1
8
1
37
1
12
3
11
11
5
1
66
1
10
2
54
1
6
3
36
13
4
3
33
15
8
3
29
1
3
3
14
22
12
1
67
1
9
3
33
21
9
1
2
3
3
1
52
3
7
2
26
3
2
3
43
6
10
3
30
25
12
2
30
4
9
2
38
1
4
2
22
1
1
2
49
2
6
3
45
3
4
2
35
2
9
3
18
7
6
3
14
12
8
3
30
16
12
1
27
1
8
1
65
1
8
2
12
2
2
3
2
3
6
1
39
3
2
2
45
4
4
3
37
5
5
3
15
5
10
3
7
4
4
2
29
2
9
3
16
3
1
3
61
3
9
2
43
2
10
1
38
2
1
1
15
3
5
2
42
3
3
2
27
2
10
1
34
9
8
2
43
1
6
1
8
5
12
1
15
1
5
2
11
2
8
1
47
1
9
2
32
3
12
2
52
4
4
2
33
1
5
3
6
4
6
3
26
12
7
1
44
3
6
1
49
1
1
3
25
2
9
1
4
7
3
2
1
3
3
1
45
2
10
3
4
2
7
3
45
4
12
2
44
2
7
1
68
3
5
3
32
5
9
2
71
1
4
2
5
1
8
2
61
2
1
2
36
3
5
2
65
4
6
3
3
1
1
1
39
4
5
1
54
3
3
3
53
3
10
3
5
5
6
1
32
7
6
3
54
2
8
3
71
2
10
1
29
1
3
3
11
18
11
2
17
1
3
1
26
3
7
1
29
3
2
1
23
2
1
3
9
9
5
3
42
3
12
2
7
2
9
1
35
2
8
3
15
2
1
3
37
2
12
