3
13
2
2
3
55
6
9
3
35
3
6
3
16
1
11
2
6
1
4
2
41
4
3
2
61
2
6
1
45
1
3
2
47
2
7
3
17
13
12
3
37
12
3
3
25
6
6
1
61
2
9
1
27
2
8
1
7
10
8
3
15
10
6
1
10
3
5
1
6
2
9
1
43
3
5
3
26
12
6
2
63
3
7
2
49
1
4
1
66
2
3
2
5
1
10
3
34
3
8
1
44
1
11
2
10
1
11
3
61
7
10
2
53
1
10
3
54
1
1
2
1
3
2
3
53
3
5
3
49
5
7
2
23
2
8
2
68
2
11
1
6
1
2
1
68
3
12
3
27
6
1
3
29
11
8
3
66
2
10
3
29
5
9
2
27
3
6
3
22
11
1
3
28
14
8
3
33
21
9
1
45
2
12
3
18
1
6
2
25
1
12
2
22
1
12
3
61
4
5
2
30
3
12
3
47
5
9
2
35
1
1
2
37
2
4
3
26
1
3
3
41
4
10
2
63
1
2
1
54
3
3
3
3
5
7
2
41
5
11
1
36
3
8
2
26
1
6
1
33
4
1
2
8
2
2
3
35
4
7
1
49
2
2
2
33
3
6
1
26
3
12
3
63
7
12
3
12
7
1
1
38
2
1
3
31
12
5
3
65
11
5
1
31
3
8
2
45
1
8
2
26
4
10
1
2
6
2
1
63
1
8
1
8
11
11
2
18
3
11
2
53
2
12
3
6
2
5
3
15
7
3
2
32
2
9
2
39
2
11
1
18
1
11
2
65
3
1
3
36
5
2
2
68
3
2
1
22
3
8
2
31
5
12
2
8
1
2
2
47
4
9
1
38
1
2
3
13
8
12
3
54
2
7
1
1
3
4
2
28
2
2
1
18
12
10
1
35
4
4
1
9
4
1
2
9
3
8
3
71
4
9
2
3
1
12
3
49
6
6
1
41
1
4
3
44
7
8
1
25
3
12
3
7
5
4
1
14
16
6
2
17
2
12
1
25
1
1
2
3
3
1
2
66
1
1
2
38
2
8
2
36
1
10
1
68
2
3
1
34
9
3
1
65
1
12
1
47
3
11
3
11
10
3
3
67
30
2
1
49
1
6
3
14
14
8
1
37
1
4
2
17
1
3
1
60
2
1
3
43
8
8
1
34
2
3
1
29
1
10
1
13
8
3
1
33
6
1
3
30
27
5
2
4
1
2
2
2
1
12
2
6
2
11
2
7
1
2
2
12
3
8
2
44
5
4
1
14
2
1
2
67
1
9
2
66
3
10
1
52
1
7
1
66
3
12
2
29
1
5
2
27
2
11
3
12
5
4
3
27
10
3
2
71
3
3
1
1
2
7
1
67
2
12
2
42
2
6
1
8
14
2
2
28
1
5
3
28
4
4
3
5
2
1
2
52
3
6
2
23
1
7
1
53
1
6
3
65
7
12
2
43
3
9
1
52
3
11
1
40
1
8
3
14
13
1
1
65
2
8
3
40
5
9
1
67
1
8
3
42
1
8
3
37
3
1
2
71
2
7
1
28
1
9
2
37
1
4
1
3
6
8
3
18
17
5
2
49
3
6
2
42
1
10
2
35
2
2
1
17
13
1
2
45
4
2
3
40
2
4
2
29
3
10
3
32
2
12
3
25
7
3
1
41
3
1
2
11
1
11
1
31
18
10
3
66
5
5
1
60
1
10
3
39
4
12
2
33
2
4
2
13
3
4
1
12
14
12
3
8
14
7
3
33
23
12
2
44
1
1
1
26
2
1
2
14
2
8
1
11
9
12
2
43
2
3
2
55
3
7
3
9
8
3
3
2
6
10
3
38
4
3
1
5
2
7
1
53
2
7
3
68
6
11
3
4
24
8
1
36
1
4
2
40
4
3
3
53
2
11
2
52
7
8
1
42
1
4
3
55
1
7
1
2
3
3
3
43
5
3
2
4
2
2
2
15
1
3
3
45
6
1
3
36
7
9
1
4
7
7
2
12
1
3
1
32
3
8
2
36
2
9
3
60
24
5
1
30
14
11
3
41
3
8
1
35
1
6
3
22
4
12
3
38
10
1
3
71
2
4
1
15
4
12
1
37
2
8
1
44
4
12
3
16
3
10
1
4
6
3
2
67
2
3
1
28
2
3
3
42
2
7
2
55
1
7
3
7
3
4
1
54
2
1
3
11
26
8
2
38
1
5
1
15
5
12
2
31
3
7
2
15
2
11
2
13
2
7
3
34
6
7
2
54
1
5
3
10
22
7
2
22
2
10
2
9
1
10
2
11
3
1
1
17
3
7
3
6
6
7
1
27
1
1
1
39
1
12
1
32
2
12
3
67
8
1
3
68
11
6
2
1
1
2
2
60
1
2
2
32
3
12
1
16
3
1
3
39
9
1
2
25
2
9
1
13
4
8
1
55
2
9
3
3
1
5
2
39
4
10
3
1
1
9
1
22
1
8
2
18
1
7
2
16
1
6
1
42
2
5
1
61
1
7
1
29
3
1
2
34
2
8
2
60
4
1
3
4
9
1
1
23
2
6
1
39
3
5
1
71
1
6
3
47
7
3
3
60
19
11
2
54
2
12
2
30
4
5
3
31
11
7
2
14
3
12
3
8
4
9
1
47
2
9
3
5
1
5
3
9
13
4
3
30
25
2
2
5
3
11
1
16
7
4
3
63
8
2
2
34
1
7
1
3
8
5
1
30
10
10
1
12
16
10
3
23
13
9
1
11
6
4
2
2
2
4
1
71
3
8
2
40
1
12
1
40
3
1
2
16
3
12
3
45
2
4
1
7
3
1
1
9
6
8
2
7
2
11
1
23
3
8
2
61
1
2
3
17
9
7
1
5
1
11
3
52
2
2
1
43
2
3
2
10
3
10
1
10
4
9
3
44
5
12
2
65
1
12
1
63
2
11
3
23
2
5
3
52
15
3
3
2
1
4
1
55
1
4
3
32
4
3
3
10
20
5
3
1
5
7
