3
37
4
3
2
18
1
10
1
30
3
10
3
23
1
10
3
47
6
10
1
66
2
4
1
61
3
4
3
25
4
3
1
36
3
12
2
38
1
4
3
35
8
4
3
3
3
7
2
40
4
10
2
7
3
9
3
36
15
8
3
67
28
1
1
35
1
7
2
52
4
11
1
43
3
7
1
45
2
10
3
65
20
5
2
71
1
4
1
68
1
3
3
40
5
3
3
5
3
10
1
47
2
7
1
9
10
4
3
10
16
4
3
11
10
10
3
40
3
5
1
1
1
10
3
18
19
1
1
44
4
6
1
26
1
5
1
12
10
1
1
8
6
10
3
53
6
5
3
22
5
4
2
31
5
6
2
52
3
11
3
31
4
11
1
2
2
11
2
6
2
9
2
45
1
2
2
47
1
5
3
55
6
6
1
31
2
9
1
65
1
10
3
31
6
9
2
33
1
11
2
1
2
3
3
39
10
4
2
49
4
8
1
33
1
8
3
30
1
10
2
1
1
12
3
11
13
5
3
66
9
6
2
55
2
3
3
65
9
3
3
37
6
2
1
41
2
2
3
54
1
12
1
15
3
7
3
35
6
9
3
53
1
7
2
65
1
9
1
63
2
5
2
34
1
2
3
61
7
11
3
63
13
12
1
11
6
6
1
38
1
12
2
60
2
7
2
27
2
3
2
32
4
12
2
28
3
6
3
2
10
10
3
32
8
7
3
43
3
3
2
13
2
11
3
22
3
4
3
1
7
6
3
13
5
7
1
22
3
11
1
67
2
6
2
36
3
2
1
1
2
10
3
45
3
5
1
25
3
1
1
61
1
6
2
16
2
1
3
4
15
11
3
28
6
11
3
55
4
2
2
10
2
2
3
44
3
12
1
34
4
10
2
49
1
10
2
16
1
10
3
60
27
7
3
45
5
7
1
32
5
11
2
61
2
6
3
33
2
6
2
37
4
11
2
6
3
4
2
9
1
5
3
12
4
12
2
39
3
3
1
11
12
12
1
34
3
6
1
9
6
5
2
15
1
3
2
17
1
11
1
38
3
11
2
9
3
8
2
7
2
4
3
33
11
5
2
54
1
6
2
34
2
7
3
5
1
1
1
42
1
7
1
7
3
10
3
52
14
4
1
16
6
8
2
5
2
9
1
13
8
7
3
27
15
1
2
39
1
1
3
9
25
8
3
67
30
2
1
15
1
5
2
29
1
7
3
17
11
7
3
26
7
9
2
25
2
2
1
36
2
10
2
44
4
2
2
53
2
1
1
32
4
7
2
71
3
7
3
71
3
12
3
14
2
9
3
42
1
3
2
4
3
1
1
5
2
2
3
1
1
11
2
55
1
5
3
32
3
4
1
45
1
6
1
37
1
10
3
36
7
4
1
35
3
1
1
63
1
5
2
5
3
1
2
41
5
9
3
16
3
1
1
71
2
3
2
31
2
5
1
40
3
3
1
14
20
2
2
2
2
8
1
44
1
9
2
53
1
3
1
10
6
5
1
65
2
1
2
13
1
12
2
68
3
3
1
33
8
10
1
30
13
12
3
18
11
11
2
67
1
12
3
60
21
6
2
63
2
1
2
54
2
6
3
12
1
3
1
3
1
11
1
67
3
8
1
27
3
3
2
32
3
7
1
27
2
10
1
52
3
12
2
40
1
11
3
16
1
12
1
25
2
9
1
5
1
10
1
22
1
3
1
43
1
1
1
23
3
1
3
29
15
8
1
68
3
6
3
3
1
12
1
49
2
7
1
53
2
3
2
12
1
4
2
35
3
9
2
36
1
12
1
41
1
5
1
53
1
12
2
61
3
12
1
71
1
12
3
6
1
9
1
60
2
2
2
42
2
2
2
26
4
7
2
18
2
9
3
15
2
3
1
17
2
3
3
7
2
2
3
49
1
1
2
11
3
1
3
13
8
4
1
10
4
4
2
3
2
11
3
34
5
12
2
30
5
7
1
29
3
9
1
54
2
3
3
43
1
1
3
6
3
3
2
65
4
2
1
28
2
6
3
17
9
10
3
15
13
3
3
41
1
2
3
44
1
7
3
27
8
7
3
10
17
10
3
54
2
7
2
10
3
9
1
7
6
4
2
14
1
11
1
26
2
2
2
33
2
7
2
68
4
8
3
23
16
1
3
7
4
9
1
54
3
7
1
37
2
11
1
6
1
4
1
16
7
9
1
60
1
4
3
68
1
2
3
63
7
2
2
12
3
8
3
8
3
9
1
47
1
4
2
14
2
5
3
25
9
5
3
68
14
1
3
47
10
4
1
13
5
1
3
61
10
9
2
44
5
2
1
55
2
5
2
47
3
9
1
39
2
11
1
49
1
2
2
66
1
7
1
4
2
11
1
17
1
9
3
26
3
12
1
40
2
12
1
39
3
3
3
34
2
8
3
8
2
8
3
49
6
8
3
29
1
5
2
8
1
5
2
38
3
1
2
37
1
2
1
8
14
6
3
41
2
12
2
43
4
8
1
14
12
8
2
26
3
4
3
30
23
3
1
28
3
8
2
60
1
10
1
23
2
1
2
23
2
7
3
38
10
11
2
41
2
7
1
42
2
8
2
35
1
2
3
39
1
5
2
4
1
8
3
71
5
2
1
52
2
4
2
23
1
8
2
63
3
4
2
2
1
1
2
22
3
6
1
12
14
2
1
18
9
4
2
29
3
9
3
38
1
10
2
28
1
9
1
66
3
10
2
25
3
12
1
6
2
6
1
2
3
11
3
14
17
8
3
52
2
10
1
29
2
6
2
45
4
7
2
66
2
6
2
27
1
1
2
42
3
12
1
18
8
10
3
4
21
5
2
11
1
8
2
22
1
12
2
67
2
9
2
17
3
11
3
28
2
4
1
31
14
2
1
3
5
5
2
15
3
10
3
42
3
5
2
30
2
10
3
66
1
2
3
2
5
11
2
3
3
6
3
9
2
12
1
4
5
3
2
43
1
6
1
55
1
2
2
8
3
3
