3
30
11
12
1
15
3
2
3
52
14
3
3
42
1
4
1
39
3
2
3
55
2
4
1
35
1
9
2
60
3
12
2
1
1
8
3
22
9
7
1
14
11
4
3
39
9
10
1
10
6
9
2
9
2
9
2
32
1
5
2
28
2
9
3
37
9
3
2
26
4
5
3
7
4
1
2
37
1
10
2
41
4
8
1
4
1
5
3
49
8
6
1
47
3
7
1
44
1
1
3
34
11
3
3
27
17
3
2
68
1
3
3
25
9
11
3
17
15
12
3
23
16
8
2
38
5
1
3
63
8
2
3
39
5
3
2
7
1
1
2
65
4
12
2
10
3
8
1
14
12
10
3
52
7
11
1
7
8
4
2
15
2
2
3
36
10
3
1
43
3
3
1
1
2
6
2
28
1
9
1
25
3
3
1
28
3
10
3
65
17
11
1
23
1
11
1
42
1
11
3
67
26
6
2
4
1
10
3
16
8
8
3
53
3
4
1
18
5
10
1
13
2
2
1
26
1
7
3
60
20
11
3
33
8
11
1
17
3
11
2
45
1
2
1
37
2
10
3
9
6
4
1
45
2
8
1
12
15
5
3
9
10
6
2
11
1
6
1
44
4
11
3
23
15
1
1
63
2
9
3
14
11
1
1
39
4
12
3
10
2
8
1
61
2
7
2
5
1
5
3
38
4
6
3
40
3
1
1
60
2
1
1
2
6
5
3
41
4
4
3
66
2
2
2
9
3
4
2
43
5
4
1
47
2
3
1
12
10
9
1
6
2
5
1
32
6
9
2
16
3
11
1
3
6
9
3
49
2
6
2
41
5
9
1
52
3
6
1
49
1
12
3
15
6
12
2
8
2
1
3
36
15
10
3
34
9
7
3
61
10
12
1
22
2
10
2
13
2
12
2
42
2
11
2
14
3
12
3
11
18
7
1
42
2
1
3
8
14
8
3
25
1
7
1
31
18
3
2
7
3
6
1
18
2
3
2
5
3
4
2
10
1
10
2
30
5
2
3
31
25
2
3
18
13
6
1
17
7
1
3
7
2
11
2
55
3
1
2
22
2
3
2
35
3
3
3
28
10
9
1
2
7
12
2
47
4
8
3
10
13
7
1
16
6
2
3
5
2
5
3
14
3
3
2
36
3
5
1
27
3
11
3
33
4
7
3
26
3
4
1
26
3
5
1
9
12
2
3
1
8
11
2
33
2
3
3
66
3
10
3
5
5
12
1
37
1
11
2
66
3
10
3
45
4
4
1
38
2
9
1
36
3
10
2
68
3
4
1
66
1
11
3
29
6
4
3
6
2
8
3
13
7
1
2
40
4
1
3
8
16
5
2
32
2
11
1
68
2
3
2
18
2
5
2
44
3
7
1
13
6
11
1
65
1
3
2
61
2
1
1
16
4
12
2
40
2
9
3
12
2
7
1
30
20
11
2
54
2
11
3
32
11
12
3
42
3
7
3
43
8
8
1
41
2
4
3
47
4
7
2
61
3
2
3
55
5
9
1
9
13
1
2
15
3
9
2
65
3
9
2
33
3
6
2
53
2
3
2
47
2
7
1
40
1
7
2
11
3
3
2
14
1
1
3
1
10
6
3
26
12
11
2
3
1
10
1
71
2
6
1
55
1
7
1
34
4
5
2
12
1
6
3
29
11
3
2
8
3
2
2
34
1
9
2
63
1
3
2
49
2
9
3
38
9
1
2
31
1
9
2
29
2
1
3
6
5
6
1
71
1
3
3
65
2
10
1
45
1
10
2
23
3
8
1
5
1
4
2
2
2
1
2
12
3
12
1
53
2
6
1
41
1
2
1
43
2
6
2
60
1
4
3
31
10
9
2
39
1
11
1
31
3
12
2
52
6
9
1
33
8
9
2
1
2
5
2
23
1
11
3
54
1
5
1
29
3
10
1
33
4
8
1
30
8
1
1
29
2
2
2
31
2
6
1
65
2
6
3
4
9
8
1
36
1
3
1
5
2
12
2
42
1
1
3
30
24
12
2
55
2
11
1
63
1
6
2
18
4
5
3
37
12
3
3
45
7
8
1
15
5
1
2
54
1
7
3
43
1
7
2
27
1
9
3
54
2
6
3
3
7
3
1
32
5
4
2
52
7
4
1
25
1
5
1
54
1
2
2
67
2
4
3
22
3
7
3
68
2
6
2
67
1
9
3
12
5
7
2
13
3
5
1
52
2
11
3
71
5
9
1
55
2
10
1
6
1
9
2
49
3
11
3
3
10
2
2
45
4
12
2
27
2
6
1
23
3
6
1
1
1
9
3
53
4
12
2
3
2
12
2
30
2
5
3
2
9
1
1
28
1
10
3
41
1
4
1
10
2
9
3
71
3
7
3
13
2
10
2
35
2
10
2
66
1
2
2
63
2
12
3
47
9
3
2
26
1
7
3
27
2
3
2
25
1
12
2
38
2
3
3
61
5
7
2
17
3
3
1
8
15
9
3
40
1
9
2
71
3
4
1
68
3
6
3
35
8
6
1
67
1
11
3
63
1
6
3
60
23
7
1
61
3
1
1
67
2
4
2
39
2
11
1
49
2
3
2
71
2
3
1
7
11
6
3
18
23
3
1
34
9
9
1
38
1
3
3
16
1
5
3
44
3
6
1
27
2
11
1
53
1
10
2
17
1
1
2
4
3
6
2
37
3
9
1
3
11
1
3
68
6
8
2
22
1
12
2
2
3
9
2
44
5
4
3
35
1
11
1
22
1
10
2
6
3
10
1
60
1
9
3
17
8
2
3
67
29
10
3
4
5
11
3
28
4
10
2
43
2
10
3
44
9
10
3
32
3
4
3
2
5
2
3
15
2
1
1
8
3
2
2
6
2
4
2
53
1
2
1
40
3
12
1
66
2
1
2
25
2
7
2
16
2
7
3
11
23
7
1
35
4
11
2
34
3
12
1
11
10
5
1
54
3
8
1
4
6
6
2
29
3
4
2
36
4
1
1
11
7
2
