3
9
31
4
1
71
2
12
3
39
9
2
1
45
1
6
2
1
2
6
3
67
17
4
2
34
1
10
2
2
2
1
2
9
1
8
2
2
1
8
2
29
2
11
2
15
1
6
3
1
5
3
2
44
3
7
2
29
1
3
1
37
2
6
1
60
2
12
3
65
15
10
3
2
12
12
1
28
1
9
1
33
6
2
2
35
3
11
1
36
2
4
1
13
4
11
1
55
1
9
2
14
1
5
2
17
3
12
2
7
3
7
3
25
6
3
2
30
2
12
3
53
5
3
2
23
2
5
2
39
4
7
1
12
3
11
3
67
28
12
1
32
7
11
2
42
2
1
1
3
3
12
2
9
2
11
3
16
6
3
1
67
2
5
2
33
3
11
3
15
11
10
2
18
1
6
3
27
17
9
3
14
19
1
3
60
14
6
3
40
6
12
3
47
2
9
1
35
2
5
3
6
5
2
1
27
2
2
3
8
10
10
2
16
1
2
2
35
2
7
2
55
2
9
3
42
2
1
2
67
1
10
3
8
5
3
2
5
2
7
1
10
1
9
1
30
8
10
1
14
1
9
1
2
3
12
3
35
5
12
3
16
7
2
2
63
1
8
3
9
26
9
2
66
2
10
3
4
8
10
2
53
2
6
1
60
1
9
2
26
3
6
3
6
4
12
1
40
1
11
2
16
2
2
3
68
3
2
2
32
2
5
1
43
1
3
2
32
3
5
1
1
3
1
2
38
1
2
3
5
1
11
3
44
7
11
1
4
7
5
2
52
6
10
2
4
3
6
1
9
14
1
1
34
9
4
3
38
1
6
3
66
3
7
3
33
13
6
3
49
5
10
2
36
2
8
2
14
2
5
3
23
13
5
3
5
4
10
3
12
3
9
3
30
24
5
3
45
5
10
2
31
5
2
2
60
2
3
2
37
1
2
2
3
3
10
3
53
2
11
2
65
1
9
2
53
3
2
1
15
2
12
1
8
3
6
3
14
18
5
2
7
2
5
3
42
3
1
3
41
2
6
3
35
6
3
3
22
11
9
3
11
13
1
2
8
2
11
1
31
15
8
2
25
3
1
1
39
1
3
3
34
3
8
2
10
2
10
3
1
7
5
1
22
1
1
2
55
3
10
2
27
2
11
3
32
9
5
3
28
6
1
1
18
7
5
3
7
4
5
3
63
12
7
1
35
3
12
2
31
3
12
2
17
1
2
3
40
3
8
2
5
3
10
1
39
2
3
1
16
2
10
2
42
3
2
1
44
4
11
3
54
1
7
3
55
5
6
1
42
2
9
3
36
10
1
2
60
3
5
1
49
1
9
2
27
3
5
2
1
1
5
1
45
2
12
3
37
2
11
1
15
5
10
3
25
4
9
3
4
28
6
3
31
13
12
1
65
2
5
2
6
2
4
2
40
3
2
2
38
5
8
3
15
16
7
2
25
2
7
2
43
1
5
1
23
1
7
3
36
11
3
2
8
1
10
2
66
3
5
1
67
3
7
1
47
3
9
3
44
10
5
3
18
24
8
3
65
9
10
2
65
2
2
3
63
2
2
2
4
1
10
2
15
3
11
1
49
2
10
2
6
1
10
3
13
2
11
1
17
5
1
1
53
1
10
2
67
2
1
3
30
8
8
2
28
2
10
1
18
15
12
1
41
3
6
1
12
1
7
3
33
22
10
2
68
3
10
2
52
4
7
2
44
4
12
1
30
15
10
3
71
4
4
2
12
2
4
3
3
7
5
1
22
3
8
3
10
15
9
2
61
3
6
3
31
9
7
3
17
3
1
2
54
2
2
2
11
1
10
2
63
3
6
3
2
5
11
3
43
1
4
1
29
2
1
1
63
2
5
1
29
3
10
1
38
2
2
1
26
3
4
2
12
3
3
3
22
5
5
3
3
1
5
1
33
1
2
1
34
7
8
2
45
4
5
1
32
4
11
1
52
2
3
2
71
3
2
1
1
1
6
3
10
19
2
3
47
7
10
1
61
2
2
3
68
10
9
1
53
2
8
2
22
1
3
3
39
3
4
1
61
1
2
3
54
2
4
2
22
3
5
3
52
3
7
1
63
1
4
1
28
3
1
1
17
1
8
3
61
5
7
3
12
5
4
2
71
1
1
3
60
5
9
2
18
3
12
1
54
1
7
1
16
6
11
1
26
1
2
2
33
2
1
1
4
3
2
3
55
7
2
1
7
8
11
2
54
1
9
2
45
1
9
2
10
3
3
1
27
1
8
3
29
7
3
1
5
1
2
1
9
4
4
2
13
1
11
1
3
10
10
2
43
2
5
3
49
3
4
1
14
2
11
2
47
4
2
3
43
8
8
1
5
2
2
3
45
2
7
3
37
7
6
2
26
2
6
3
52
15
7
1
68
3
5
1
10
5
7
3
26
3
8
2
37
2
8
3
17
9
12
1
41
1
11
1
13
3
5
1
66
3
7
2
3
2
6
2
41
4
6
3
61
1
3
3
32
7
7
1
55
2
4
1
47
2
9
3
28
1
11
1
68
2
1
1
25
3
7
2
23
1
10
1
40
3
7
2
11
3
12
3
29
4
12
2
41
2
6
3
71
2
6
2
68
4
5
1
36
3
3
1
54
3
10
2
40
4
6
3
27
9
6
1
38
3
4
3
23
6
10
1
6
2
1
1
8
17
11
2
61
2
11
2
49
2
10
1
31
10
2
3
13
7
6
2
30
1
8
2
39
2
9
1
2
6
5
3
41
1
3
1
66
2
9
1
52
1
1
2
36
1
7
3
38
12
8
2
47
3
5
1
43
2
1
1
71
3
7
1
42
1
9
3
66
5
2
1
6
1
7
2
13
3
1
1
11
9
9
1
25
2
8
3
34
11
5
3
11
25
8
2
28
1
9
1
37
1
10
1
65
1
12
3
7
3
8
2
49
3
6
1
7
2
7
1
23
2
6
3
18
6
11
2
34
3
2
1
11
7
12
1
44
3
9
3
26
6
5
