3
25
2
8
3
36
15
1
3
45
6
9
2
37
4
11
3
68
12
4
1
8
12
3
2
27
2
12
2
9
1
10
2
13
3
7
1
22
3
4
3
30
14
10
3
43
4
9
1
13
8
6
2
1
3
2
2
23
2
12
2
36
3
1
2
30
2
4
3
3
9
12
2
27
1
2
1
34
3
6
1
54
2
2
3
49
8
10
3
35
2
1
3
68
8
1
2
16
2
1
2
22
1
4
3
13
4
6
3
32
1
1
1
27
3
8
2
11
2
9
3
6
4
5
1
35
2
1
2
49
3
3
1
26
2
1
1
49
2
1
3
28
15
9
2
25
3
8
2
29
1
3
3
14
23
2
2
67
1
8
1
26
3
5
2
68
2
11
3
52
14
2
3
47
2
12
2
34
3
2
2
31
3
5
3
17
11
12
3
40
5
10
2
43
2
10
3
31
16
3
3
2
6
8
2
36
1
8
1
65
1
2
3
40
1
2
2
55
2
5
2
7
2
7
3
27
7
11
1
67
2
2
1
61
1
2
2
37
2
9
3
22
7
10
3
5
5
7
3
22
3
5
3
71
4
8
3
60
15
8
3
10
5
3
1
31
16
7
2
42
2
11
3
12
3
2
3
65
3
2
1
40
1
10
1
22
1
5
1
31
5
9
2
31
2
2
3
7
5
2
1
7
4
9
1
37
2
3
1
28
3
7
3
14
10
5
1
13
2
1
2
40
3
1
3
11
26
8
1
35
1
8
1
63
1
8
2
10
1
4
2
65
4
3
1
18
13
12
1
36
3
3
2
13
1
3
2
60
1
1
1
42
2
6
3
18
13
1
3
1
10
3
2
2
3
12
2
65
2
10
1
17
9
3
2
12
3
12
3
41
1
3
2
32
3
7
1
47
2
10
2
25
2
4
1
61
2
10
1
5
1
10
2
53
2
4
3
41
3
9
1
4
1
12
3
26
9
3
1
32
3
10
3
30
8
6
1
66
2
4
1
52
1
9
1
9
8
1
3
34
7
4
1
44
2
6
1
66
1
7
3
45
4
9
1
67
3
6
2
3
2
3
1
10
6
10
3
9
30
9
3
61
11
8
1
28
2
11
2
61
2
1
2
28
1
4
3
63
10
10
2
6
1
9
1
12
18
12
3
15
2
6
3
27
3
8
1
1
3
7
1
10
8
7
3
63
7
6
1
38
1
12
1
3
2
8
2
71
3
8
1
47
3
5
1
53
1
10
3
25
6
3
1
3
10
7
2
18
3
10
1
65
2
5
3
33
20
11
2
35
1
2
3
54
1
8
2
35
2
1
2
63
2
7
3
3
2
7
2
45
4
12
3
61
10
3
3
55
7
9
2
8
1
11
1
25
2
6
2
7
1
6
1
11
12
5
1
29
1
11
2
2
2
8
1
45
2
2
3
60
19
6
1
15
2
4
2
12
1
12
3
43
3
10
1
33
2
8
2
26
1
10
2
47
3
3
2
43
5
11
1
1
1
9
1
6
1
4
2
5
1
3
3
54
2
9
1
15
5
8
2
17
3
12
1
14
7
9
1
54
3
4
1
38
2
9
1
8
4
9
1
52
2
3
2
39
3
5
3
10
14
5
1
71
2
8
1
2
2
5
1
60
1
12
2
22
2
10
1
41
1
11
2
54
1
6
1
36
1
5
2
45
1
3
2
66
2
7
3
65
14
9
1
68
3
9
3
17
9
1
1
23
3
7
1
39
1
10
3
23
18
6
3
15
17
4
3
16
3
4
1
71
1
8
3
67
3
11
3
42
1
1
1
68
1
1
3
71
3
9
2
15
1
7
2
23
1
1
3
4
21
8
3
49
2
1
1
29
3
11
1
12
8
5
2
5
2
6
2
44
2
3
1
7
11
4
2
10
3
11
3
66
4
1
2
39
1
12
1
16
3
5
3
4
9
4
2
55
1
9
1
41
3
6
1
55
1
11
3
36
3
2
2
8
3
1
2
14
2
6
2
68
1
5
1
30
13
8
2
61
1
8
1
5
2
10
3
9
22
12
2
1
2
5
3
67
22
8
3
26
8
4
3
31
20
3
2
52
1
11
3
13
6
3
3
5
4
4
3
33
14
2
1
37
1
12
2
52
3
2
3
32
6
8
3
42
2
2
3
47
4
12
1
23
1
2
3
44
4
3
1
14
4
1
1
27
1
3
2
3
1
10
2
44
3
1
2
9
2
5
3
55
10
9
1
4
3
2
3
7
2
2
2
67
2
9
2
41
4
1
2
53
3
4
2
14
3
3
3
37
12
9
1
63
2
4
1
49
1
4
3
38
8
12
1
43
1
9
3
18
8
8
1
33
6
6
3
12
2
1
2
33
1
3
1
40
3
5
1
17
6
2
3
39
8
4
1
45
1
7
2
32
2
5
3
53
2
8
2
49
2
9
2
6
2
12
2
16
3
5
3
1
7
12
3
23
8
11
1
55
2
10
2
60
3
4
3
28
10
9
2
42
4
6
2
47
2
9
3
53
6
1
2
30
5
9
3
37
7
7
1
30
19
3
2
41
2
9
1
18
6
11
2
71
2
4
2
29
2
11
3
52
16
12
1
43
3
9
3
6
3
12
2
17
2
9
2
11
1
10
1
2
6
8
1
34
6
8
2
54
2
6
3
34
10
6
2
26
3
2
1
44
1
6
1
6
2
7
3
44
1
7
3
29
1
8
2
34
2
7
2
38
3
1
1
32
2
8
2
18
4
7
1
39
3
3
3
29
9
6
1
25
1
1
2
63
1
8
1
60
2
3
3
16
5
11
2
38
4
4
2
4
1
8
3
39
10
10
1
16
1
3
2
28
2
6
1
9
9
1
2
40
2
10
3
38
9
4
2
15
2
8
3
35
8
10
2
66
3
10
3
8
6
11
1
53
2
8
2
4
3
3
3
11
13
11
1
11
3
9
2
33
2
1
3
66
3
2
3
8
16
2
3
2
4
1
1
42
1
9
