3
49
5
12
3
10
14
6
1
30
9
6
2
35
2
10
2
9
1
5
3
25
9
12
1
68
1
3
3
63
7
10
1
40
1
8
2
26
4
3
3
47
10
12
2
17
1
5
1
42
2
6
3
53
2
10
1
29
2
1
1
33
2
2
1
12
3
5
3
30
17
1
3
2
5
6
3
39
3
6
2
66
2
8
1
55
2
8
3
33
7
2
2
2
3
4
3
60
26
5
2
42
3
2
2
63
1
10
3
14
21
1
1
23
3
8
1
2
7
3
3
55
12
5
2
29
3
12
1
66
2
9
1
15
3
10
3
18
14
6
1
54
1
11
1
9
1
10
2
1
1
4
1
61
2
10
3
6
1
1
3
18
4
2
1
5
1
9
2
54
1
9
2
41
3
9
2
55
2
1
3
52
16
5
2
5
2
4
3
3
10
3
1
71
2
5
3
17
12
1
2
6
2
9
3
9
16
3
3
5
1
4
3
42
3
11
3
22
2
1
1
49
2
5
1
4
7
11
3
34
3
7
3
52
13
2
2
36
1
5
1
9
2
5
1
47
3
10
3
60
13
1
1
44
4
9
2
6
3
11
1
6
1
11
3
38
3
10
1
17
13
5
1
37
2
7
2
31
5
12
1
18
5
3
1
36
1
2
2
45
2
1
1
23
2
1
2
12
3
8
1
34
5
9
2
61
3
8
1
33
3
12
1
15
5
4
2
22
3
11
2
23
1
6
2
3
1
8
3
47
7
1
3
66
1
4
1
16
6
6
2
44
4
10
1
45
2
11
3
55
8
11
1
67
3
6
1
16
7
1
3
71
3
6
2
16
1
3
3
41
1
7
2
55
3
1
3
42
1
7
2
45
3
7
2
10
2
12
1
1
3
9
2
27
2
10
3
54
1
11
1
32
4
6
3
43
1
12
2
26
2
8
1
22
3
10
1
34
8
8
1
66
1
11
1
7
6
5
3
5
2
7
2
30
4
5
2
33
1
2
3
25
3
7
1
28
1
5
2
60
1
10
3
29
6
9
2
68
2
1
1
42
1
7
2
49
1
9
1
8
11
2
2
43
1
5
1
63
1
7
2
28
1
10
3
27
14
8
2
23
3
8
1
10
6
4
2
52
7
11
1
63
2
1
1
38
2
9
2
13
2
9
2
67
1
6
3
36
15
4
3
61
3
11
3
61
1
8
2
35
3
5
1
32
3
1
3
15
16
2
2
43
3
10
3
7
5
7
1
49
1
11
3
34
5
12
2
65
1
11
1
37
1
1
2
14
1
10
2
37
4
6
1
71
1
10
3
37
12
5
3
30
9
2
1
4
6
12
2
8
3
6
1
41
3
8
3
31
29
2
2
67
2
8
1
31
10
4
3
3
2
11
1
13
1
1
1
14
20
6
3
54
2
4
3
39
5
3
1
35
3
9
2
30
5
10
3
31
26
10
3
45
3
4
1
6
2
3
2
27
3
3
3
49
4
4
2
11
2
12
2
39
2
8
1
52
3
3
3
33
17
3
3
68
6
9
2
13
1
5
1
43
1
2
3
26
4
9
3
28
11
5
2
4
1
1
2
22
2
11
3
11
7
3
1
35
2
5
2
10
3
10
3
67
38
1
3
27
10
2
2
7
3
6
1
26
2
11
1
68
3
10
3
38
1
9
1
40
2
9
2
32
3
5
1
65
1
4
2
18
1
10
3
13
9
12
1
12
12
1
1
7
2
11
2
65
3
2
1
38
1
7
2
4
2
4
3
29
8
11
2
18
3
6
3
12
3
1
2
60
2
2
3
16
4
4
2
71
1
4
2
25
2
12
1
27
2
11
3
35
5
1
1
53
1
9
3
12
6
10
2
34
2
4
1
8
6
4
2
17
2
10
2
7
1
1
2
15
2
10
1
11
11
9
3
40
6
7
3
37
1
8
1
14
5
2
3
8
3
10
1
17
15
9
1
60
1
3
2
68
4
6
1
53
2
4
1
10
1
11
1
36
3
9
2
32
1
12
1
18
6
10
2
1
3
10
1
1
2
12
1
3
9
7
3
68
14
7
2
25
1
1
1
39
4
7
3
44
9
3
2
34
3
5
1
2
5
10
3
35
2
8
3
43
6
9
2
38
4
2
3
32
7
7
3
9
21
8
1
41
1
3
2
54
2
10
2
28
3
6
3
63
13
3
3
16
3
5
1
30
13
3
1
29
1
7
1
22
2
6
2
40
4
3
1
28
3
11
3
2
11
5
3
13
4
1
2
2
1
5
2
41
1
7
2
8
2
6
2
38
5
10
2
36
5
1
3
4
18
2
1
39
2
7
3
32
1
7
1
60
2
1
3
65
12
12
3
26
7
7
2
63
3
2
2
29
1
12
3
1
9
1
2
40
1
2
2
44
2
7
2
3
3
4
3
22
11
6
1
47
1
5
2
11
3
3
3
67
18
11
2
33
3
6
2
15
3
7
3
44
2
10
2
12
2
8
2
31
2
8
2
71
2
6
2
66
3
6
3
8
17
2
3
53
5
6
3
41
3
4
1
44
1
11
1
27
1
8
2
53
1
3
1
43
2
7
2
47
2
4
3
4
13
11
2
49
2
4
1
13
7
8
1
45
1
12
3
45
6
1
3
17
16
12
1
5
2
12
2
53
3
8
2
37
3
9
3
65
5
6
3
11
25
9
3
7
2
12
3
15
7
9
3
71
4
8
3
28
13
8
1
25
2
11
2
52
3
8
1
31
11
1
1
26
1
10
1
54
2
11
1
3
7
5
2
39
4
5
3
6
4
4
1
11
5
6
3
10
10
6
2
16
3
12
3
40
3
5
2
47
3
3
1
61
1
8
1
55
1
3
2
14
3
8
3
23
15
12
3
14
6
10
1
52
1
11
1
67
2
11
3
66
6
7
2
61
2
8
3
36
13
6
3
1
1
4
3
23
5
9
2
42
2
4
1
25
1
7
2
9
2
2
2
5
1
3
1
65
2
1
