1
3
2
2
2
1
3
3
1
11
4
1
2
63
2
3
1
8
17
6
3
30
2
5
2
13
3
1
1
32
4
1
3
6
2
3
1
27
2
2
1
40
3
1
3
13
6
5
1
23
1
6
3
4
3
6
3
38
12
1
2
68
3
3
1
31
4
9
3
49
5
11
1
9
7
7
3
3
7
4
1
29
1
11
2
18
3
8
3
23
19
1
2
35
1
12
1
45
2
3
3
67
7
3
3
14
11
7
2
13
1
8
2
33
3
1
1
47
3
11
2
15
1
2
3
71
5
12
2
47
3
3
1
27
1
5
1
32
5
11
1
10
2
4
3
14
10
8
3
43
5
5
3
15
11
8
2
43
1
3
2
45
4
6
1
33
7
4
2
9
3
7
3
47
2
4
3
25
4
2
3
60
18
9
3
25
5
12
3
63
4
5
1
1
2
5
2
33
1
5
1
2
1
1
2
65
2
4
3
55
12
9
3
54
1
9
3
30
7
1
2
1
2
7
2
4
3
11
3
13
5
11
1
6
1
10
1
65
2
10
3
7
2
8
2
60
1
1
2
34
3
9
2
39
2
4
1
12
1
12
3
47
1
11
1
26
2
9
1
25
3
4
3
54
2
2
2
55
3
7
3
53
7
5
1
6
2
5
2
4
2
6
1
67
1
10
2
40
2
4
3
31
2
10
2
37
1
4
3
29
17
12
3
45
5
7
3
26
6
6
2
30
4
1
3
37
1
7
3
71
4
5
2
52
5
12
3
10
4
11
2
53
3
1
1
54
1
8
3
33
4
12
3
36
10
12
1
22
1
12
1
15
1
5
3
65
6
1
2
3
3
9
2
40
3
1
1
23
2
4
1
36
3
6
3
40
2
2
1
53
2
12
3
10
13
3
2
52
1
2
2
66
2
1
2
28
1
10
2
44
1
11
1
54
2
12
2
54
1
1
1
41
3
5
2
54
2
2
3
39
1
6
3
38
3
1
3
15
5
12
3
22
2
1
3
5
4
12
2
22
2
4
3
28
11
7
1
68
3
12
3
12
5
2
2
39
3
12
3
16
7
7
3
5
1
11
3
28
7
11
1
14
13
12
1
39
2
7
1
13
4
6
3
49
6
6
1
43
1
1
2
35
2
2
2
42
4
4
2
29
1
7
3
42
3
2
2
31
5
3
2
8
2
5
3
16
3
7
1
44
3
6
1
60
1
4
1
17
4
4
2
12
1
8
2
27
3
5
2
22
1
12
3
8
11
10
3
68
10
8
2
23
2
12
3
61
5
1
1
55
2
5
2
63
3
12
2
31
3
1
2
10
2
5
1
40
1
8
2
37
3
8
2
6
3
5
3
12
6
10
2
11
3
11
1
68
1
9
3
35
5
11
2
61
1
4
2
30
5
1
1
67
3
8
2
16
3
9
1
63
1
6
1
25
2
3
2
61
2
6
1
18
12
1
3
9
11
5
1
61
2
7
1
52
2
4
3
1
6
11
3
36
4
5
1
38
3
12
2
67
2
11
1
60
2
5
1
4
6
2
1
12
4
2
2
43
4
10
2
25
3
10
3
63
10
12
2
49
4
1
2
36
5
11
1
5
2
3
1
61
1
10
1
66
1
2
1
30
7
5
2
36
3
9
2
5
3
9
2
45
2
9
1
45
1
12
3
42
1
2
1
31
14
12
3
32
6
10
1
49
1
11
3
65
12
11
2
29
3
4
2
67
1
7
3
11
13
3
1
7
9
8
1
53
1
9
1
49
2
2
1
34
11
10
2
68
4
6
1
34
1
11
2
26
1
9
3
43
8
3
1
37
2
10
3
41
3
10
2
12
2
4
1
9
8
12
3
32
2
7
1
10
1
8
1
22
2
3
3
3
3
1
3
55
2
3
1
65
1
1
2
2
2
10
2
71
2
10
1
37
1
5
3
60
16
9
1
42
1
7
2
14
3
12
1
47
2
10
2
41
4
4
1
41
1
8
2
3
1
10
3
6
6
3
2
32
2
8
3
26
7
6
1
28
3
4
1
18
1
2
2
14
1
12
1
71
1
3
2
71
1
12
1
26
1
7
2
49
1
6
1
28
1
1
2
16
1
3
3
17
4
6
3
18
23
10
2
9
1
7
2
11
1
4
1
1
1
1
2
47
1
2
1
63
2
1
3
2
7
2
1
30
21
5
2
53
2
7
3
66
8
8
1
55
1
3
2
44
4
7
3
11
25
8
1
29
2
7
2
26
4
4
3
66
1
5
2
17
1
2
3
67
23
10
2
55
1
3
2
8
3
11
3
1
2
3
3
44
4
11
3
8
15
9
1
7
5
11
2
42
3
12
1
2
7
4
2
41
2
2
2
10
3
2
1
42
2
4
1
35
3
12
3
7
3
12
1
16
5
11
1
5
1
1
3
41
1
11
1
66
3
5
2
28
3
2
1
35
2
4
1
14
16
5
3
39
10
1
1
11
9
5
2
15
2
5
1
3
7
11
1
43
3
4
3
40
1
4
2
7
1
5
3
37
12
12
2
32
4
12
3
61
8
10
2
66
1
1
1
16
1
11
1
39
3
2
2
17
3
10
1
33
4
7
2
23
3
9
2
38
5
12
1
15
3
10
2
5
2
9
3
4
28
1
3
52
17
1
2
25
1
8
3
22
9
4
3
45
3
7
2
18
4
3
3
33
2
12
1
17
13
3
2
34
1
10
3
27
13
1
2
65
1
12
3
29
18
10
3
34
7
2
1
36
2
9
3
18
18
11
3
68
4
10
2
27
1
1
2
38
3
3
1
52
1
12
1
71
3
6
3
17
1
8
1
13
3
2
2
60
4
9
3
2
2
6
1
4
4
5
3
27
10
9
3
34
4
11
1
44
4
6
3
53
1
12
1
38
1
7
3
23
8
5
3
35
6
9
2
7
3
9
2
6
1
6
3
31
17
2
2
2
3
6
1
8
3
9
3
52
2
9
3
44
1
10
3
9
9
8
