3
16
7
10
3
60
9
5
3
31
21
11
2
35
1
10
1
16
6
6
1
1
2
1
3
9
21
9
3
26
2
5
2
47
3
1
3
47
2
11
1
30
6
7
1
42
1
5
1
9
1
12
3
27
6
7
2
43
2
11
3
32
11
5
3
47
9
3
2
68
4
5
3
30
23
8
3
41
4
9
2
40
2
3
3
10
6
10
2
28
1
1
3
32
5
7
1
41
1
1
2
45
3
1
2
23
2
8
2
31
2
6
3
43
1
8
3
2
5
8
3
18
19
3
1
34
9
6
2
60
2
10
2
15
3
5
3
28
16
1
3
54
1
3
1
18
14
9
3
38
5
12
1
41
2
7
2
27
1
12
1
42
2
3
1
49
1
5
3
34
11
10
2
30
5
4
3
60
23
7
2
61
3
7
1
5
1
12
2
43
3
3
2
5
2
12
1
4
2
5
1
68
2
12
1
43
2
11
3
39
9
2
3
9
20
2
1
66
2
12
2
16
2
4
2
6
2
8
3
36
8
4
3
27
7
3
2
1
2
11
1
32
7
2
3
33
2
6
2
25
2
11
3
63
1
9
3
2
10
8
3
35
8
2
1
35
3
11
1
38
3
9
2
8
1
3
2
66
3
12
2
28
2
9
2
53
3
9
1
52
1
5
2
66
1
10
3
7
4
10
1
40
2
3
3
6
6
12
2
68
3
2
2
31
5
1
3
61
4
12
1
7
5
8
3
31
24
1
3
12
6
6
2
13
3
9
2
45
4
12
3
61
8
5
1
17
4
11
3
43
8
10
3
37
1
10
1
14
2
3
2
65
2
5
2
29
3
1
1
7
10
12
3
7
2
1
1
54
1
9
1
4
1
5
3
23
13
5
2
14
2
3
2
15
1
7
1
53
2
4
1
65
2
1
2
4
2
11
1
30
4
11
1
23
1
2
2
33
3
3
3
22
10
10
1
15
4
7
2
49
4
5
1
61
1
9
1
60
2
3
3
29
15
10
1
31
5
6
3
55
3
10
3
44
3
9
3
28
3
11
2
17
1
6
1
13
8
11
3
49
8
9
1
34
1
1
2
2
2
1
2
17
3
4
2
11
1
1
3
42
2
3
2
71
2
12
3
66
6
8
3
12
1
9
2
37
4
9
2
53
1
7
2
41
1
1
1
53
1
10
2
35
2
9
2
25
3
1
1
25
1
3
3
49
1
2
2
63
1
1
2
18
2
4
1
9
7
4
3
15
12
3
1
32
5
2
3
5
5
12
1
23
3
3
3
45
2
8
1
8
9
8
3
1
9
1
1
22
3
9
1
22
1
3
3
4
11
1
1
28
1
9
1
63
2
10
1
26
3
4
3
16
1
3
3
68
12
8
1
18
12
11
3
41
2
11
1
39
3
9
3
23
15
8
1
36
2
8
1
15
5
10
3
67
22
3
3
40
2
5
3
13
9
10
2
13
1
8
3
53
7
6
1
67
1
3
1
45
2
1
2
39
3
5
1
60
1
7
3
29
1
3
3
63
8
9
3
30
1
5
1
17
2
8
3
67
5
1
3
8
4
7
1
52
2
11
1
40
1
5
2
11
2
2
2
34
3
5
1
36
3
12
2
47
2
8
3
65
1
2
1
11
9
12
2
34
1
11
2
26
3
2
2
52
4
7
2
14
3
10
1
37
2
10
1
29
2
1
1
13
5
9
2
63
3
3
1
35
1
8
2
38
5
10
3
14
18
3
2
4
3
7
3
71
1
3
2
32
1
10
2
67
2
1
1
6
2
10
2
23
1
2
3
52
12
3
1
3
7
8
3
1
3
12
2
40
1
4
1
67
2
8
2
54
1
9
1
71
3
7
3
55
5
6
2
9
2
6
1
10
3
10
1
3
3
3
1
47
3
12
2
55
1
1
1
2
7
8
3
36
4
11
1
45
1
6
2
42
3
3
2
22
2
2
1
27
1
5
2
5
1
2
1
61
3
4
3
6
3
7
2
32
3
1
3
25
9
5
1
37
1
3
1
11
7
12
1
47
1
12
1
6
1
9
1
1
3
9
2
29
1
1
3
17
4
10
2
7
3
12
2
1
3
7
1
10
7
8
1
33
3
10
1
29
1
4
3
52
9
11
2
10
1
7
3
71
3
11
3
17
7
12
3
26
1
5
3
44
7
5
1
55
1
11
1
38
2
1
3
22
5
10
3
66
9
6
2
49
2
7
3
14
7
7
2
52
1
12
2
67
1
4
3
39
6
2
3
18
4
9
3
4
14
10
3
3
4
12
1
44
3
3
1
31
3
1
2
60
3
10
1
16
1
6
3
15
15
3
2
42
1
7
2
54
2
4
1
27
3
11
2
2
1
7
2
10
2
5
2
37
1
4
2
6
3
4
1
63
1
11
3
3
10
6
1
71
1
6
2
12
2
1
1
26
1
9
1
12
4
12
2
16
3
1
3
65
8
1
1
8
13
10
1
55
2
6
3
38
9
2
2
38
1
11
2
65
4
8
1
5
2
4
3
11
19
5
1
25
2
3
3
35
1
9
2
22
3
8
2
27
2
11
1
65
1
7
1
39
4
12
1
44
1
5
1
54
2
8
1
43
1
9
3
25
7
9
2
61
1
7
1
28
2
7
3
37
6
6
2
44
4
7
3
53
4
6
2
39
4
4
3
13
4
9
1
49
2
9
2
30
1
3
3
42
1
8
2
44
5
10
3
34
9
5
1
2
1
11
1
12
11
3
2
3
1
6
2
9
3
6
2
36
1
9
2
8
2
10
2
41
4
7
2
7
1
12
3
11
12
4
3
45
4
1
2
33
1
5
2
55
3
5
2
26
2
7
2
12
3
12
3
40
6
11
3
68
9
7
1
33
4
1
3
10
17
6
3
5
3
8
1
68
1
4
1
66
1
2
2
3
2
6
2
71
1
11
3
33
5
11
1
14
20
11
2
36
4
11
2
18
4
10
3
8
3
12
3
54
2
8
