2
12
3
6
1
10
7
1
1
18
14
7
3
9
18
4
1
44
1
2
1
26
1
4
1
65
1
8
1
68
2
1
3
28
12
8
3
8
7
9
2
36
5
5
1
29
3
6
2
31
3
5
2
10
2
7
2
34
2
2
3
42
1
3
3
18
13
10
1
28
1
8
2
45
4
12
2
4
1
4
2
8
3
7
1
53
2
11
1
5
1
12
2
53
2
11
3
45
5
4
1
40
2
2
1
6
1
10
2
11
1
9
1
54
1
5
2
5
3
9
3
26
4
6
2
47
1
6
3
36
14
7
2
38
5
2
1
41
2
5
3
10
4
12
1
34
10
6
3
44
2
2
2
35
3
1
2
7
2
10
2
66
1
8
1
42
1
4
2
2
1
4
2
36
2
6
3
12
1
1
2
35
1
3
1
12
18
8
2
53
3
12
3
27
5
1
2
10
1
8
2
42
1
8
1
71
3
5
2
18
1
1
3
67
27
9
3
53
7
9
1
45
2
4
1
66
3
7
2
68
1
4
1
49
1
11
2
25
2
9
1
28
2
9
1
55
1
5
1
11
9
4
3
23
8
7
3
71
2
5
3
55
14
9
1
52
3
2
3
66
4
12
3
32
9
2
3
29
17
10
3
49
1
7
2
55
3
5
2
28
2
2
2
44
5
9
1
39
1
1
1
4
1
8
3
65
19
5
3
15
8
4
3
40
5
9
3
65
8
12
2
63
1
4
1
53
1
9
3
1
3
7
1
1
2
10
1
35
2
5
3
16
1
10
3
37
12
9
3
35
4
2
3
63
1
1
2
9
3
1
2
16
1
1
3
47
6
6
3
54
2
4
2
23
2
9
2
65
3
3
2
1
3
4
3
23
6
11
2
16
3
1
3
11
16
6
1
54
3
7
2
32
1
2
1
43
1
12
2
14
1
6
2
44
4
9
3
35
8
5
1
40
1
6
3
8
17
4
2
71
1
3
3
66
8
9
3
30
8
5
2
47
3
2
2
37
4
5
1
43
2
7
3
15
15
10
3
4
17
2
1
27
2
9
2
40
4
1
1
41
3
5
1
14
16
7
1
60
1
10
2
38
3
12
3
54
1
1
1
67
2
9
3
29
9
12
2
2
3
8
2
34
3
7
1
4
4
12
1
33
6
12
2
8
1
12
3
28
5
1
1
61
1
9
3
39
10
6
1
67
1
12
1
9
6
7
1
37
1
9
3
43
8
3
1
17
1
8
3
34
6
9
3
17
10
4
3
5
5
6
3
30
16
6
1
35
4
2
3
2
8
5
1
12
3
8
2
60
3
10
1
36
3
11
3
26
11
4
3
10
1
12
1
16
2
8
3
14
19
12
2
61
3
9
1
37
2
2
2
32
2
5
3
37
9
1
1
52
2
3
1
66
1
2
2
23
1
2
3
61
1
5
2
39
3
11
1
68
1
10
2
15
2
8
2
43
2
2
3
25
2
11
1
25
3
5
1
47
2
3
1
11
7
4
3
43
2
5
3
18
11
12
1
44
4
6
3
52
12
10
1
71
2
10
1
61
3
8
1
3
6
3
2
17
1
8
1
8
16
8
3
32
6
10
1
45
1
7
1
55
2
9
2
15
3
12
1
5
2
10
3
45
2
6
3
33
6
5
1
16
5
5
2
12
2
1
3
38
4
11
2
31
1
6
2
61
1
8
1
6
2
11
1
25
2
8
2
3
2
6
3
61
7
6
1
26
3
8
3
41
1
8
1
7
2
7
3
25
5
1
3
11
25
3
2
18
3
10
2
13
1
1
1
18
5
6
2
22
2
12
1
33
3
10
2
52
7
3
1
31
1
5
1
36
2
10
3
55
9
2
2
11
3
11
2
33
2
5
3
33
22
1
3
40
3
1
1
17
15
3
2
30
3
9
1
23
3
4
2
49
2
7
3
68
8
3
3
12
4
7
3
7
5
4
2
52
3
2
1
30
17
2
3
16
5
2
1
60
2
5
1
22
3
3
2
42
2
11
3
22
9
3
2
49
4
11
1
32
2
11
2
5
1
4
1
49
2
7
2
67
1
1
2
71
3
1
2
6
1
11
2
29
1
7
1
32
3
3
1
39
3
9
1
15
5
9
1
7
4
9
3
4
12
8
2
63
3
11
2
28
1
8
3
31
10
9
3
47
8
6
1
2
7
4
2
17
2
7
2
6
2
7
2
30
1
5
3
14
1
12
1
63
1
4
2
66
3
3
2
40
3
4
1
8
8
10
1
29
2
4
3
42
3
12
1
13
2
10
1
13
4
5
2
7
3
10
2
4
3
1
2
27
1
7
3
39
2
4
1
9
12
10
3
36
15
1
1
30
12
5
1
1
1
9
1
38
2
3
2
55
1
9
3
53
5
7
2
27
3
12
2
60
1
1
3
27
1
7
3
71
5
2
3
3
8
2
2
45
1
12
2
26
2
10
2
39
4
2
3
13
2
9
1
47
3
10
3
49
8
8
1
38
1
6
3
13
8
2
2
25
3
6
2
14
2
8
3
63
10
4
3
22
5
11
3
3
3
12
2
54
1
4
2
33
3
11
2
26
3
6
1
31
15
10
3
6
3
4
1
65
2
4
2
41
3
10
3
52
16
11
2
68
4
1
3
31
6
4
1
42
2
10
3
1
1
2
1
15
3
10
1
10
5
9
3
5
1
2
2
22
1
9
2
9
1
9
2
65
1
11
1
34
11
12
2
29
2
1
3
7
2
11
1
3
3
11
3
38
12
12
1
22
2
12
2
41
4
12
2
3
1
5
3
41
4
5
3
44
10
8
2
54
2
11
2
13
3
9
1
14
1
9
3
17
5
12
3
60
21
4
3
60
8
11
2
1
1
2
2
37
2
5
1
63
2
3
3
6
1
7
2
67
2
4
1
27
1
12
1
2
6
11
3
9
12
7
3
67
32
10
3
34
4
1
3
2
2
7
3
68
6
3
2
43
4
1
1
23
2
3
