1
31
1
1
3
31
27
1
3
55
13
11
1
35
3
4
3
41
3
12
2
10
1
1
1
66
3
4
2
43
2
6
1
38
3
9
2
22
1
3
2
15
2
1
1
60
1
6
2
45
3
3
3
32
3
4
3
71
4
3
3
2
2
12
1
22
2
10
3
27
11
12
3
36
5
12
3
26
8
12
1
4
4
6
3
17
10
4
3
28
12
5
1
29
3
4
1
44
4
12
3
47
10
5
2
60
4
8
2
28
3
7
1
11
3
7
2
35
1
1
3
16
3
8
2
7
2
1
3
54
2
10
1
18
11
5
2
7
3
11
3
31
17
1
3
61
11
4
1
27
1
7
2
31
5
4
3
27
8
1
2
4
1
3
3
16
5
11
1
9
12
3
1
17
10
8
2
38
1
4
2
40
2
7
1
29
1
1
1
33
5
1
2
44
3
7
2
12
3
9
1
16
7
2
2
1
2
8
3
39
7
9
3
53
7
6
2
32
4
11
2
33
3
11
3
7
5
4
2
6
1
10
2
42
1
4
2
43
1
6
3
35
5
9
3
49
3
8
1
43
1
2
2
26
2
11
1
17
9
8
1
6
2
6
1
66
1
11
1
41
2
4
2
47
3
5
1
13
1
1
2
18
2
10
3
33
14
8
2
52
7
6
2
55
3
10
2
17
2
9
1
2
2
1
3
34
2
2
2
10
2
3
2
27
1
1
1
47
1
4
2
15
3
4
3
37
5
11
1
18
14
5
2
23
3
3
3
10
4
8
3
29
17
3
2
6
2
9
3
9
9
4
2
8
3
2
2
40
4
12
3
66
5
9
2
68
2
10
3
32
11
4
1
53
2
6
1
5
1
6
1
68
3
6
1
25
3
3
2
33
2
6
1
53
1
5
1
25
1
7
3
42
2
12
3
22
6
3
1
54
2
1
2
11
2
2
2
36
5
4
1
12
8
12
1
8
15
2
3
35
6
2
2
65
2
2
1
2
6
4
1
13
3
3
1
10
5
8
1
32
3
5
2
67
2
1
1
31
9
3
2
1
3
11
2
41
1
7
3
49
4
2
2
37
1
2
2
67
1
4
3
5
1
9
3
44
2
6
1
6
1
4
3
38
2
5
2
5
1
10
1
39
4
4
1
11
10
7
1
52
3
2
2
47
4
7
2
39
1
7
1
36
2
11
3
18
19
4
1
71
2
12
1
41
3
8
3
12
7
11
3
28
13
2
3
3
8
6
2
30
2
5
3
53
6
5
3
30
6
3
2
66
1
7
2
45
1
4
1
42
2
1
2
32
1
12
2
53
2
12
1
49
2
2
1
28
3
9
1
34
1
3
1
1
1
5
3
1
6
6
1
14
6
4
3
12
3
10
1
22
1
3
2
38
4
9
3
42
3
6
3
67
13
1
3
10
1
9
2
16
2
11
2
3
2
8
3
34
11
2
1
26
3
11
3
4
12
5
3
17
6
3
1
61
3
8
1
27
2
1
2
39
3
1
3
11
18
9
2
16
3
3
1
30
1
7
2
63
1
7
3
61
9
4
2
61
3
3
3
22
3
8
1
30
10
8
1
67
2
3
1
37
2
7
2
23
2
4
3
45
2
9
1
3
7
5
2
31
2
4
3
66
8
7
3
25
1
5
3
60
14
12
3
41
2
2
1
68
1
6
2
13
2
10
3
11
25
10
1
15
2
6
1
38
1
11
3
60
32
2
2
4
2
12
2
71
2
2
2
28
1
6
2
42
3
12
1
10
3
8
2
34
3
4
1
7
8
4
3
15
3
7
3
3
5
2
2
63
2
6
2
53
1
11
2
11
3
12
2
9
3
3
3
23
18
5
3
52
3
6
1
14
11
10
3
40
2
2
1
65
2
3
1
16
5
2
3
47
1
8
3
67
26
6
1
28
2
6
3
14
18
4
1
63
2
11
1
3
5
8
1
49
1
8
1
63
1
8
2
9
1
11
1
15
5
1
1
55
1
8
2
25
2
12
3
15
16
5
3
40
1
1
1
45
2
5
1
26
2
2
3
68
1
6
1
39
2
10
2
18
4
1
3
65
18
3
3
68
14
9
3
63
5
6
2
52
6
10
3
39
2
4
3
54
1
9
1
7
4
2
3
13
2
4
2
54
2
7
3
6
4
7
1
42
1
2
1
12
11
9
2
12
1
5
1
40
1
10
1
4
2
10
3
14
16
8
1
71
1
2
3
71
3
4
2
14
3
6
3
7
3
12
2
66
3
12
2
34
1
7
1
55
2
9
3
29
18
2
3
23
3
6
2
37
2
1
2
30
3
3
3
65
1
5
1
37
1
4
2
49
1
11
3
36
12
12
3
4
8
11
2
29
3
4
2
8
2
10
1
40
2
5
2
22
3
2
2
27
3
6
1
52
1
3
2
65
4
5
2
13
1
2
3
18
16
3
2
49
3
10
1
45
1
8
3
37
2
12
1
60
2
8
1
47
2
1
2
29
1
9
3
25
7
11
1
9
6
3
3
9
28
9
1
54
1
4
3
43
1
5
2
71
1
12
3
63
12
3
2
68
3
9
3
2
11
5
2
2
3
9
1
23
1
9
3
44
8
6
2
36
4
10
1
32
5
10
1
33
2
2
1
61
1
4
2
60
2
10
2
41
2
8
3
45
1
12
3
26
11
7
3
52
4
1
3
1
5
5
2
55
2
12
2
3
3
5
3
8
9
10
3
43
6
10
2
2
2
9
2
14
2
8
3
33
9
1
3
38
1
8
3
5
5
6
2
61
2
5
2
44
4
10
1
23
3
11
2
17
1
2
1
35
1
3
1
5
2
4
1
8
17
12
2
26
4
6
2
35
3
5
2
25
3
12
3
30
16
3
1
65
1
2
1
44
3
11
2
54
1
7
3
8
20
1
2
5
2
11
1
67
1
3
3
55
5
3
1
34
5
8
1
1
2
12
1
36
1
10
1
43
2
2
3
13
4
2
3
6
6
6
