1
34
10
3
2
12
2
10
3
27
12
4
3
11
21
8
3
9
5
12
1
1
2
8
1
29
3
6
3
7
5
2
1
12
12
8
2
7
2
1
2
30
3
4
1
7
5
2
1
5
1
2
3
53
5
7
1
49
2
9
2
23
3
6
3
29
10
5
3
1
7
6
2
61
1
2
2
47
4
4
1
22
2
5
1
23
2
8
1
63
2
2
1
6
1
4
1
28
3
10
3
35
1
3
3
41
2
10
3
4
27
2
3
43
6
1
2
11
2
6
2
49
3
10
3
9
16
2
1
32
6
1
3
17
11
12
1
41
3
10
1
45
2
11
2
38
5
11
1
10
3
5
1
54
3
4
2
28
1
10
3
38
8
3
2
13
1
2
2
71
2
3
2
18
2
2
1
61
3
8
3
15
13
7
3
45
2
7
1
65
2
8
2
43
4
4
3
71
1
10
3
67
4
6
2
17
3
10
1
31
6
5
1
12
2
11
2
5
2
1
2
52
2
10
1
25
1
3
1
52
3
3
1
18
3
10
2
34
3
2
3
22
3
4
1
28
2
8
3
28
6
1
3
40
5
11
1
43
2
5
3
63
5
5
2
33
3
8
2
32
4
3
3
4
13
4
2
28
2
1
1
11
8
2
3
67
14
5
2
29
2
9
2
29
3
3
2
53
2
2
1
13
4
3
2
18
3
11
1
3
1
2
1
47
2
5
2
37
3
1
3
11
6
6
1
33
5
1
3
7
2
9
2
22
1
2
1
67
2
2
1
55
2
2
3
17
16
12
3
37
10
9
3
49
6
4
3
63
8
1
1
16
2
9
2
55
3
10
2
67
1
10
2
15
3
6
1
9
11
3
2
31
2
10
3
36
2
12
3
30
8
11
3
35
5
11
2
63
1
3
1
22
1
3
3
16
5
3
2
53
3
5
3
33
13
2
2
33
1
5
1
35
4
3
1
25
3
5
2
27
1
1
3
6
2
1
1
11
2
3
2
36
4
10
3
34
5
12
2
25
2
3
2
39
4
7
2
54
1
6
3
18
18
8
2
61
3
10
2
67
2
10
3
61
8
5
2
10
1
10
1
55
1
4
3
43
3
11
1
53
1
2
3
53
1
2
3
68
5
9
3
44
8
8
1
15
2
4
3
49
7
1
1
17
8
1
2
14
3
2
3
36
8
11
2
4
1
8
3
14
6
8
2
65
1
11
1
16
4
6
1
26
3
1
3
16
2
6
1
3
10
5
2
23
1
7
1
30
19
10
1
2
5
11
3
2
3
1
1
37
1
5
1
32
5
4
2
4
3
12
2
60
3
6
1
34
2
12
1
61
2
12
3
60
15
1
3
54
2
11
3
10
13
2
2
6
1
12
3
12
7
1
2
9
1
8
1
29
1
6
1
49
1
11
3
31
15
5
2
25
1
1
3
8
9
9
2
42
2
1
3
26
4
10
3
2
10
6
2
41
1
8
1
26
2
3
3
22
7
7
3
10
15
4
2
43
3
11
2
65
4
8
3
33
10
7
2
2
1
3
2
26
1
5
1
44
1
12
2
2
3
1
1
47
1
9
2
35
1
11
1
37
2
8
2
22
3
9
2
16
1
3
2
11
1
6
3
40
2
2
1
27
3
5
1
36
3
8
1
17
2
11
2
14
1
8
3
68
7
3
3
66
5
12
1
14
3
1
2
15
1
11
1
68
1
11
1
63
1
4
1
39
1
6
2
10
3
2
1
38
2
9
3
41
3
1
2
5
1
1
3
31
16
12
1
40
2
10
3
14
8
9
2
30
5
3
1
4
2
10
3
26
9
1
3
23
13
10
3
25
7
2
3
52
7
3
2
47
1
1
1
60
1
9
1
54
1
9
2
34
2
12
3
71
3
8
3
34
2
4
2
37
2
2
1
8
17
1
3
6
5
1
3
29
15
6
1
41
2
10
3
39
5
7
3
61
6
4
1
27
2
2
3
23
6
12
2
9
2
7
2
17
2
4
2
45
4
5
2
8
1
10
2
6
2
8
3
1
6
8
2
12
1
5
2
45
3
4
3
65
14
12
2
35
2
1
2
66
2
9
1
45
1
3
1
13
6
3
2
71
3
1
1
60
2
8
3
52
8
1
1
52
1
4
3
42
4
4
1
65
1
8
2
3
1
8
1
40
1
9
2
36
1
10
1
67
3
12
3
54
1
3
2
3
3
2
1
44
3
5
2
68
2
9
1
1
3
8
3
32
7
10
1
23
1
9
2
8
3
5
2
41
2
4
3
32
5
7
1
10
5
11
1
31
15
11
2
39
2
7
1
66
3
8
3
60
32
5
3
30
22
3
3
37
9
1
2
66
1
7
2
68
1
10
1
14
6
9
2
13
2
4
3
18
23
5
1
15
1
8
3
65
3
11
2
38
1
5
1
36
2
6
3
28
7
9
1
43
1
12
1
42
1
10
3
13
6
12
2
1
1
4
2
54
2
7
1
39
2
9
1
68
2
5
1
30
21
1
3
39
6
3
3
5
2
6
1
7
4
1
3
13
8
1
1
33
3
11
1
71
3
5
3
8
3
8
2
60
1
5
3
47
3
8
1
2
6
8
3
45
3
6
2
32
3
7
3
47
8
11
3
42
1
10
3
55
15
1
3
55
14
11
2
49
1
8
2
42
1
8
1
4
1
1
3
3
4
6
1
53
2
5
2
63
2
10
2
1
3
5
3
3
6
10
3
25
3
8
3
38
1
5
3
12
5
6
2
7
1
1
1
6
2
9
1
35
3
2
2
44
5
7
1
38
3
2
2
26
4
8
2
44
2
3
3
5
1
1
2
52
7
2
1
66
2
4
1
71
1
3
1
9
2
9
3
15
7
12
1
42
2
3
2
40
3
8
2
16
3
4
3
44
7
8
2
31
3
5
2
55
2
4
3
66
1
10
3
27
6
11
1
18
12
10
1
5
2
3
2
27
3
5
2
40
4
6
1
8
11
11
