2
54
2
5
1
12
16
7
1
14
14
7
1
10
4
12
1
43
3
3
3
47
10
12
2
16
3
4
3
52
5
8
1
36
2
6
2
8
3
3
3
1
5
9
2
11
3
6
3
22
5
4
1
40
1
4
2
39
3
1
1
34
8
11
2
63
1
4
3
33
23
2
2
42
1
1
3
18
15
9
1
2
6
5
2
68
3
10
3
49
7
11
1
32
6
9
3
63
9
6
1
60
1
7
1
36
3
4
1
22
3
1
3
68
17
6
3
41
3
9
2
53
2
2
1
33
5
8
3
5
3
11
2
60
3
6
3
5
5
1
3
53
8
1
1
49
1
11
1
45
1
10
2
67
1
1
3
32
4
9
1
16
7
9
1
35
2
6
3
25
5
3
1
39
1
6
2
1
2
8
3
40
3
5
3
8
1
5
3
9
11
5
3
45
2
3
2
63
2
12
2
27
2
9
2
35
1
8
2
30
4
4
3
3
2
6
1
13
2
4
3
30
16
3
3
38
8
12
2
33
3
10
3
4
23
4
3
38
11
9
2
44
4
9
2
25
3
4
3
7
3
7
3
27
8
11
3
4
20
8
2
38
3
8
3
26
12
3
3
15
6
4
3
43
3
10
2
5
2
7
2
12
2
1
1
27
3
10
3
40
2
1
3
55
16
9
1
35
4
5
2
61
3
7
1
65
1
8
2
34
2
10
1
37
1
4
1
43
1
12
2
8
1
4
2
26
3
11
2
25
2
1
1
11
4
6
1
41
3
12
3
31
5
3
2
23
1
4
1
29
3
2
3
11
24
2
2
49
1
8
3
35
4
11
3
16
2
11
3
16
3
1
1
71
3
9
1
47
1
7
2
23
2
2
2
22
2
9
3
52
18
7
3
11
21
12
3
28
16
7
2
37
1
6
1
68
1
7
2
47
3
7
3
67
35
2
3
23
19
5
1
40
2
4
3
47
5
5
1
47
3
8
2
31
1
12
2
71
2
6
1
71
1
2
2
26
2
6
3
44
4
12
3
42
3
6
2
54
1
3
1
18
5
5
1
61
1
7
1
18
3
7
1
25
1
10
2
10
2
8
2
71
1
4
2
4
1
12
2
16
2
8
2
11
2
2
3
63
10
5
3
37
5
7
1
33
2
12
1
53
1
5
1
30
11
6
1
11
2
2
3
22
2
5
2
38
5
3
3
29
18
10
3
30
3
10
1
22
2
2
3
29
4
12
1
16
6
8
2
43
5
6
1
8
9
1
3
31
9
4
1
37
2
7
2
40
1
9
2
6
3
10
3
49
8
10
1
38
2
9
1
4
8
7
2
65
3
12
1
17
3
1
1
7
5
11
1
27
1
6
1
15
1
7
2
52
2
6
2
15
2
12
2
65
2
10
1
54
1
8
2
3
3
9
3
45
5
7
2
14
1
2
1
14
12
5
3
66
5
1
2
18
1
4
1
67
3
12
3
54
2
8
2
2
1
11
3
60
32
9
3
55
15
6
3
68
9
3
1
52
1
1
2
4
2
11
3
61
11
6
3
2
7
4
2
45
2
4
2
22
1
12
1
31
11
7
2
33
2
11
1
9
13
3
2
66
1
8
2
15
3
9
2
32
2
8
3
54
1
7
3
17
5
1
3
61
4
11
1
63
1
6
2
55
1
9
1
39
4
7
2
45
1
6
3
8
9
12
1
10
8
12
1
25
3
2
2
13
2
1
2
67
2
8
3
6
2
9
3
65
9
11
3
2
1
11
3
42
1
12
3
10
14
4
1
34
4
11
1
49
2
12
3
1
4
5
3
71
4
7
2
37
2
7
1
38
3
2
1
5
2
2
2
49
3
10
2
2
3
12
3
41
1
10
1
54
2
12
3
3
5
8
2
28
3
7
1
26
1
1
2
35
2
2
2
17
2
10
2
68
1
5
1
42
1
4
3
67
30
1
1
8
17
6
1
41
2
9
1
67
2
1
3
66
1
2
2
9
1
6
1
1
3
12
2
17
1
1
2
12
1
7
2
42
2
12
1
1
1
3
1
23
2
3
1
7
4
4
1
6
2
7
1
66
1
6
2
43
3
5
2
9
2
4
1
44
2
2
1
2
7
1
3
26
9
10
1
31
6
10
2
10
1
9
2
41
2
2
1
6
1
5
3
60
24
9
1
45
2
6
3
12
4
7
2
5
1
11
3
28
13
10
2
7
3
10
1
28
2
6
3
14
17
8
2
52
1
1
3
10
25
11
2
29
2
3
1
26
3
11
3
39
5
1
1
29
1
9
2
32
1
12
2
1
3
12
1
44
4
8
3
15
5
11
1
66
3
5
2
31
5
3
2
34
3
7
3
27
1
1
1
32
4
5
2
53
3
4
2
28
2
1
3
34
4
8
1
13
1
9
3
44
9
11
2
36
4
10
3
7
1
11
1
52
3
9
3
25
1
6
1
30
3
4
2
13
1
6
3
34
10
10
3
12
1
6
1
55
1
12
2
29
3
7
3
32
11
1
3
71
1
4
2
44
2
10
3
65
12
12
3
43
8
4
3
13
2
8
2
27
1
11
1
61
2
1
2
61
1
11
1
53
2
9
3
23
1
10
1
65
2
3
1
5
1
3
2
55
3
10
1
3
9
7
2
36
5
3
3
36
9
3
2
30
3
3
2
41
3
10
1
23
3
12
3
35
7
10
1
17
2
7
3
36
1
8
2
6
2
5
1
3
5
10
1
42
2
4
2
7
2
4
2
39
2
3
2
60
4
11
1
68
3
8
1
55
2
2
1
60
2
2
3
9
18
7
3
14
9
6
2
14
3
10
3
18
21
9
2
66
3
3
3
33
20
4
1
28
3
3
1
15
3
11
2
3
2
12
3
17
9
9
1
9
8
1
2
18
4
9
1
4
4
12
3
39
2
12
3
37
7
12
2
47
2
11
3
6
5
2
3
53
7
8
2
40
2
10
1
12
18
11
1
63
2
7
3
13
4
1
