2
63
1
2
2
37
4
12
3
63
9
9
1
42
1
7
3
10
14
9
2
36
3
3
3
37
3
12
3
23
18
9
1
6
2
2
2
10
1
3
3
28
2
10
2
60
2
9
3
43
8
9
3
12
2
9
2
3
2
2
2
52
1
1
3
60
20
4
1
15
4
10
3
71
3
3
2
32
3
12
1
31
10
1
1
68
1
10
2
9
2
1
2
44
1
12
2
25
2
12
1
26
1
12
3
44
7
11
3
31
4
9
2
65
3
2
3
71
5
1
3
42
2
10
2
40
3
10
3
18
9
2
3
55
3
6
1
49
1
4
2
47
1
5
3
22
8
8
3
11
12
4
1
49
2
1
1
35
4
1
1
34
2
11
2
23
1
6
3
53
2
2
2
61
1
9
3
26
6
3
1
43
1
9
3
25
4
11
3
7
4
2
3
66
9
10
2
44
4
6
1
30
2
10
2
5
1
6
1
25
1
10
2
39
4
10
1
39
4
7
3
4
16
3
1
55
1
5
3
49
5
1
3
16
6
11
3
3
5
3
3
28
7
2
1
18
6
12
1
18
12
3
2
1
2
10
2
41
4
4
2
4
2
11
1
26
2
6
1
42
2
9
2
25
1
8
1
40
1
10
2
39
2
6
2
26
2
7
2
67
1
11
2
12
1
7
1
41
1
10
2
6
3
4
2
7
2
6
3
3
2
9
1
13
2
12
1
9
13
1
2
13
3
2
1
22
1
1
1
36
3
7
2
61
2
8
2
11
2
12
1
36
2
5
2
16
2
8
3
42
1
11
2
66
1
12
3
35
1
8
1
30
13
12
2
18
4
8
3
6
4
4
1
7
10
8
3
44
1
10
2
36
2
6
1
12
18
10
3
63
2
1
1
10
1
7
3
13
1
3
3
5
4
5
1
47
2
4
1
45
1
6
1
4
8
6
3
39
10
1
2
49
2
12
1
37
1
10
3
66
1
9
2
45
1
7
1
39
3
12
1
71
2
9
1
47
1
6
3
23
5
4
1
22
3
9
2
22
3
2
2
6
2
1
2
22
2
12
3
2
1
9
2
38
2
4
3
68
7
5
1
16
6
7
3
67
23
7
3
17
7
8
2
38
5
10
1
32
7
12
3
6
1
11
3
47
4
11
2
41
3
5
2
7
3
4
3
68
5
4
3
14
5
9
3
34
2
1
1
53
1
2
3
37
7
11
3
15
15
12
2
18
3
2
1
31
7
2
1
37
2
7
2
53
2
7
3
47
7
7
3
16
1
4
3
67
12
5
1
25
3
2
1
35
1
11
1
17
9
3
1
13
6
12
2
30
3
1
1
27
3
2
1
61
3
1
3
1
5
9
1
16
3
8
3
13
2
12
2
8
2
6
3
9
17
7
3
22
11
6
2
10
3
12
1
32
2
12
2
1
1
2
1
67
2
8
1
23
1
10
2
9
3
10
2
52
5
6
2
71
2
4
1
60
2
10
3
30
11
10
3
54
2
8
3
25
5
2
1
29
3
8
2
40
4
5
1
14
20
2
3
52
12
5
2
29
2
3
1
4
5
8
1
38
2
3
1
63
2
12
1
3
10
1
3
61
9
1
1
66
3
9
3
31
24
10
3
34
11
8
2
11
1
3
2
23
3
4
2
71
3
7
3
33
8
7
1
71
3
4
2
15
1
10
2
17
1
4
3
15
8
1
1
28
2
12
1
5
2
2
3
54
1
6
1
44
3
7
2
35
1
6
2
68
2
12
3
61
6
5
1
23
2
12
2
34
2
10
3
33
15
5
1
17
16
9
3
18
13
3
3
5
1
5
3
60
31
5
2
31
2
12
3
17
14
11
1
55
2
5
1
53
2
1
1
29
1
5
2
53
1
9
2
28
3
8
2
3
3
7
2
35
2
8
3
45
1
3
3
8
8
10
2
63
2
1
2
29
1
12
1
44
2
5
2
49
3
5
3
29
3
11
3
36
14
8
1
45
2
8
2
12
2
4
1
11
5
3
1
52
1
12
3
11
9
5
1
12
4
2
3
36
2
6
3
53
7
8
2
27
2
10
1
1
2
3
3
8
20
12
3
40
2
1
1
14
4
11
3
27
11
9
1
65
1
9
2
16
3
10
2
2
1
5
2
47
3
7
1
9
4
1
2
28
2
6
2
30
4
8
1
33
4
11
2
45
3
10
2
14
1
5
3
14
7
12
3
4
8
1
3
10
11
1
3
12
4
6
3
38
11
6
2
26
1
5
2
34
1
9
2
67
2
8
3
65
9
9
1
28
3
7
2
55
1
1
3
9
26
2
3
32
8
8
1
11
6
4
3
29
2
3
1
2
6
10
1
54
1
5
1
40
3
3
2
54
1
1
1
7
6
11
3
1
3
9
3
39
3
7
2
2
3
4
2
32
4
1
1
60
1
10
2
37
2
1
1
61
1
10
1
43
3
8
3
32
11
6
1
27
1
2
1
63
1
1
1
41
2
7
3
55
9
5
2
42
1
2
2
43
1
1
2
33
1
3
2
14
3
10
1
8
13
8
3
35
7
6
1
6
1
10
2
17
3
2
2
13
2
4
1
3
2
4
2
33
2
12
3
65
6
2
1
68
2
6
2
54
2
4
3
41
3
1
1
66
2
3
1
34
11
5
1
54
3
6
2
65
2
3
3
27
7
4
2
43
3
1
1
15
1
2
3
7
3
2
1
65
2
7
3
45
6
9
3
41
1
6
2
60
3
2
2
42
2
7
3
30
14
4
1
2
5
2
2
5
2
6
3
43
4
11
1
5
1
12
2
31
5
10
3
38
4
8
2
4
1
11
2
27
1
1
2
68
1
11
1
1
1
12
2
55
3
9
1
38
1
1
1
33
8
8
3
2
12
5
1
52
3
4
3
40
5
6
3
52
15
11
2
15
3
7
2
8
1
12
2
66
2
3
1
8
6
2
3
49
4
6
1
10
5
3
3
26
5
7
1
67
1
8
