3
27
5
4
1
52
2
4
3
17
6
1
1
18
13
2
2
5
1
9
2
66
2
6
2
54
2
2
3
26
11
5
3
45
4
7
1
33
4
11
3
42
1
1
2
1
2
1
2
2
3
1
2
42
3
6
1
66
3
7
1
54
1
1
2
61
1
6
1
47
2
5
3
3
7
1
1
4
2
10
1
39
1
9
3
45
1
4
1
36
1
6
3
14
19
12
3
38
1
3
2
7
2
6
1
11
3
8
1
12
6
4
1
37
2
4
2
14
3
6
2
63
1
3
2
63
3
9
2
67
2
12
2
39
4
12
2
2
2
3
2
33
2
5
1
30
11
1
1
33
5
7
2
32
2
10
2
44
1
12
1
11
2
2
1
44
1
11
1
47
3
2
1
17
2
12
1
2
3
11
2
38
3
7
1
32
2
9
1
9
5
1
2
17
1
5
2
15
1
6
3
18
21
8
1
34
6
6
2
54
1
12
1
14
20
5
1
7
8
1
3
39
4
1
2
47
3
6
3
30
16
11
2
40
1
12
2
9
1
3
1
55
2
9
3
31
30
10
2
28
1
9
2
13
1
11
3
11
1
1
3
67
15
11
2
6
3
11
1
23
1
1
1
9
1
10
2
39
1
7
2
6
2
5
3
14
25
2
3
63
2
7
1
16
2
12
2
18
4
3
2
29
3
2
2
36
5
8
1
43
2
1
3
22
12
7
3
4
11
11
1
12
13
6
3
13
6
2
1
67
2
8
2
5
2
2
1
39
3
7
2
53
1
6
2
30
4
7
3
9
16
2
3
38
11
8
1
49
2
2
1
71
3
9
2
8
3
12
3
4
1
8
1
68
3
11
3
60
13
2
1
8
4
8
1
28
1
12
1
16
5
7
2
33
3
6
3
43
6
8
2
31
3
3
1
10
6
7
2
26
1
6
3
8
14
8
1
49
1
5
1
22
1
5
3
37
9
10
3
54
2
3
3
33
20
12
1
26
1
2
1
38
3
12
3
53
8
10
3
2
11
7
3
34
3
5
3
44
9
3
1
6
2
12
3
34
10
7
2
7
1
11
3
12
5
10
3
53
4
11
1
32
5
7
3
2
12
3
3
26
7
5
1
52
1
1
3
71
2
2
1
13
2
8
2
53
3
9
2
44
5
11
2
61
3
4
1
2
2
1
3
8
12
5
1
28
3
9
2
16
3
8
2
32
1
10
1
14
8
2
2
49
1
11
3
1
1
12
2
13
3
2
2
3
1
2
2
29
2
6
1
44
2
5
1
66
2
6
2
49
3
8
3
29
10
5
1
23
2
4
1
8
6
10
3
18
10
5
3
10
14
3
2
36
3
1
3
63
7
6
3
15
13
1
2
68
2
11
2
11
2
11
3
28
16
2
1
37
1
8
2
27
2
9
2
35
3
9
2
35
1
1
1
5
1
7
3
35
7
6
2
45
3
8
2
28
3
11
3
7
3
9
2
26
3
7
2
22
3
10
2
15
2
11
1
5
2
4
3
6
5
5
2
31
4
6
2
60
1
9
2
1
3
2
1
22
2
2
2
60
4
6
3
68
17
4
3
29
14
1
2
4
1
9
3
47
8
7
2
18
3
8
2
55
2
3
1
63
1
7
3
41
1
4
1
60
1
6
2
37
3
3
2
9
2
6
2
43
2
5
2
55
1
12
2
67
1
6
2
4
3
5
1
67
3
6
3
71
4
7
3
40
1
11
1
27
3
10
3
16
5
2
1
27
2
7
2
14
2
11
3
25
4
10
1
6
1
5
2
41
4
8
3
5
3
3
3
7
5
7
1
35
4
11
3
3
2
3
3
52
12
5
2
37
1
3
1
40
1
8
1
42
2
3
2
8
2
1
1
42
1
4
2
43
3
5
3
41
4
2
1
15
5
3
3
27
1
1
3
5
2
8
3
22
7
7
3
49
2
12
3
6
1
6
1
40
2
6
2
52
4
3
1
29
3
8
1
65
2
2
1
45
1
8
1
41
3
8
2
27
1
7
3
35
2
11
1
4
4
8
3
23
3
3
2
65
3
4
3
17
7
1
1
43
1
5
1
61
2
9
3
10
24
4
1
31
8
10
3
12
2
7
2
34
2
11
1
1
2
5
3
28
5
6
2
25
2
12
1
3
9
2
1
71
2
7
3
44
10
10
2
38
5
2
1
25
3
2
2
68
4
11
3
32
5
1
2
3
2
11
1
65
1
12
3
1
8
8
1
53
1
7
1
63
2
1
3
66
8
2
3
9
23
4
1
25
2
12
3
23
15
10
1
61
1
8
3
39
3
5
1
55
1
6
2
11
3
12
1
53
2
5
3
66
9
5
1
17
6
8
1
68
1
7
2
65
4
10
3
40
4
12
3
25
8
7
1
54
2
10
1
41
2
2
2
10
2
12
3
37
11
7
1
34
3
10
2
12
1
3
2
45
2
7
1
7
10
7
3
33
4
5
3
47
9
7
3
36
12
4
3
43
1
8
1
35
3
5
2
17
2
10
1
36
3
5
3
54
1
9
3
13
2
3
1
29
1
1
2
66
1
5
1
18
11
10
3
15
10
1
2
22
2
2
3
68
14
5
2
10
1
5
3
42
2
5
1
13
7
6
3
61
3
11
1
45
2
7
3
36
11
3
3
55
17
1
2
12
3
12
2
71
3
4
3
55
6
5
2
34
3
2
1
15
3
3
3
52
13
12
2
41
5
8
2
71
1
4
3
61
1
7
3
16
8
10
1
30
21
8
2
23
3
3
2
25
1
2
1
38
2
7
2
47
1
3
1
26
3
12
2
52
7
5
1
1
3
12
3
65
5
12
3
60
22
8
1
60
2
10
2
30
5
9
1
3
2
7
2
40
3
6
1
31
9
7
3
11
5
11
2
23
1
8
3
49
8
7
2
42
2
10
3
32
7
7
3
65
10
7
1
10
8
7
3
67
6
6
2
16
2
5
3
30
11
2
3
31
18
1
