1
16
1
7
2
7
1
10
1
6
2
3
1
63
1
5
1
66
1
6
3
35
4
4
2
17
3
2
1
43
3
12
2
30
2
8
1
68
3
4
1
13
8
3
1
66
2
8
2
44
3
5
1
26
2
3
3
37
7
2
2
14
1
3
2
17
2
4
1
40
3
12
3
29
11
4
1
33
1
4
3
4
8
12
1
52
2
11
3
9
7
3
1
30
5
11
3
5
2
8
3
42
2
12
1
22
1
8
2
65
1
4
3
49
5
10
3
55
8
11
1
39
3
11
1
53
1
1
2
32
3
10
2
67
1
2
3
47
7
10
3
67
15
10
2
5
3
10
1
4
4
9
1
38
3
5
3
66
7
12
3
12
4
11
3
52
3
7
1
28
1
6
2
8
2
3
2
31
1
1
3
10
14
11
1
44
3
11
3
2
7
7
1
18
4
3
1
14
1
2
1
61
2
12
2
27
2
4
2
4
1
12
2
42
4
8
1
30
18
6
1
26
1
7
1
33
8
5
3
33
22
11
2
38
3
2
3
11
18
5
2
28
1
3
2
34
3
12
1
16
5
2
2
41
2
4
3
15
9
3
3
7
5
2
3
11
5
2
1
45
2
7
2
44
1
6
1
60
2
9
3
3
7
12
1
61
3
7
3
71
5
1
2
47
4
10
3
35
5
5
2
43
4
2
3
7
3
11
2
65
3
5
2
54
2
7
3
63
6
4
1
25
3
5
3
31
17
11
2
54
1
3
1
9
3
2
3
6
4
11
1
37
2
9
2
13
1
4
3
61
1
7
3
53
8
11
1
47
2
4
1
32
5
3
1
41
1
11
1
42
2
5
2
1
2
11
3
2
8
6
2
16
3
7
3
65
9
5
3
54
1
3
3
67
32
12
2
61
1
9
3
54
2
11
3
8
14
7
1
23
1
3
1
11
12
3
3
25
9
10
3
22
7
10
1
15
3
2
2
33
3
7
2
14
3
7
1
32
3
12
2
52
3
9
3
27
9
9
3
49
3
8
2
47
2
7
2
60
4
8
1
29
3
2
3
1
1
11
1
10
4
1
2
55
2
10
1
11
6
7
2
30
1
11
3
41
4
8
2
23
2
12
1
49
2
4
2
33
1
12
3
1
8
4
3
5
1
6
1
28
2
11
2
45
2
6
2
49
1
7
3
10
3
7
1
4
1
4
1
38
1
12
3
4
15
10
3
43
4
6
3
16
4
10
1
5
2
5
1
71
1
9
3
38
4
5
1
12
4
6
2
15
2
10
3
34
5
8
3
39
9
2
2
18
3
5
2
22
1
8
3
3
5
9
3
71
3
1
2
53
1
9
1
42
1
2
1
15
1
5
3
29
9
1
1
31
11
7
1
39
1
1
2
67
2
5
3
43
3
3
2
40
2
4
3
65
11
9
2
12
3
3
2
37
2
5
1
55
2
2
2
35
1
7
2
68
4
12
3
18
14
10
3
31
1
7
1
40
1
10
1
31
10
4
2
11
3
10
2
32
4
7
1
37
1
3
2
28
2
4
2
6
2
11
3
14
21
6
1
13
4
10
1
60
1
5
2
1
1
3
2
71
3
10
3
42
3
9
1
41
3
12
3
68
1
9
1
67
3
7
2
39
1
6
1
18
15
3
3
14
17
10
2
66
1
10
1
2
3
7
1
71
3
2
1
47
3
7
1
1
3
5
1
8
15
7
3
40
1
12
2
45
1
9
2
22
2
9
2
43
1
9
1
27
2
10
3
26
4
3
2
10
3
10
2
60
1
8
3
53
7
8
1
34
3
10
3
32
9
3
3
23
11
2
3
33
8
10
1
5
1
5
3
44
5
2
1
68
1
3
1
53
2
6
2
7
2
8
1
34
11
5
2
34
2
12
2
41
5
2
2
25
2
5
1
67
1
2
1
9
8
10
3
40
4
2
3
52
10
11
2
6
3
6
2
36
2
1
1
63
2
10
3
55
4
9
3
68
2
10
2
2
1
12
2
52
4
8
2
71
2
9
1
36
3
4
2
61
2
6
1
54
1
3
1
29
1
6
3
34
4
6
2
49
4
11
2
8
1
8
3
8
20
4
3
45
1
3
3
45
6
9
3
30
18
1
1
3
1
1
3
39
3
5
1
27
3
7
3
38
7
3
2
3
2
10
1
43
1
7
2
66
3
6
1
65
1
7
3
36
6
1
2
26
3
9
3
44
3
4
3
22
8
11
1
52
1
11
3
18
11
12
2
13
2
11
3
41
2
2
3
61
7
3
3
47
3
11
2
40
3
1
1
45
1
4
2
26
4
6
3
13
2
7
2
9
1
12
2
55
3
2
1
10
8
4
2
53
2
8
2
68
3
3
1
17
9
4
2
38
1
10
2
29
2
2
2
5
1
6
3
27
1
2
2
16
2
7
2
15
3
9
1
1
2
9
1
49
1
2
2
23
1
5
3
17
7
1
3
13
7
8
1
14
2
7
2
63
2
5
2
9
2
4
2
18
1
11
1
44
4
6
1
12
11
9
2
63
3
8
1
36
1
1
1
17
5
1
3
28
7
3
2
36
1
9
2
37
4
9
1
8
13
1
3
25
4
7
1
7
5
6
3
26
7
3
1
35
2
12
3
66
8
5
3
12
5
5
2
3
1
6
1
7
7
2
2
2
2
2
3
36
8
3
1
6
1
9
3
60
8
12
1
54
2
11
1
35
3
7
2
39
3
11
3
60
15
11
1
55
1
1
2
29
1
2
3
28
3
11
3
37
5
10
3
23
8
2
1
25
2
5
3
16
1
8
2
42
3
4
2
27
3
4
1
65
2
9
2
35
3
3
2
12
2
11
1
22
2
2
2
4
3
3
3
9
14
11
3
15
2
5
1
23
3
7
3
17
2
9
3
32
3
12
2
10
1
2
3
63
5
7
1
2
4
8
3
30
25
7
2
11
2
3
1
3
7
5
3
6
5
7
2
31
2
11
2
25
3
1
