2
45
4
6
2
16
2
8
1
10
2
1
1
39
4
8
1
11
1
2
2
34
1
11
3
26
7
5
1
6
2
7
1
10
4
9
1
1
2
5
2
26
3
11
1
71
3
4
1
44
3
7
1
7
9
7
2
53
2
3
3
36
6
7
3
2
11
9
1
17
6
5
1
65
1
12
2
34
3
4
3
22
6
8
3
55
3
1
1
36
2
8
2
60
4
3
2
15
2
9
2
66
1
11
1
41
3
8
3
4
19
3
2
43
2
5
2
35
3
12
3
8
1
10
2
28
1
5
2
31
3
7
3
12
6
4
2
17
1
4
2
52
3
2
3
43
5
5
2
16
3
2
3
45
6
8
1
17
3
6
3
6
3
7
3
4
26
3
2
38
1
11
3
5
1
6
3
31
11
4
1
71
2
7
1
68
3
9
3
17
15
6
1
38
2
3
1
28
3
11
3
52
1
1
1
61
1
9
3
39
10
11
3
47
7
1
2
10
1
11
1
31
18
12
2
13
2
6
3
13
9
6
3
28
10
7
3
40
2
6
2
39
2
12
3
33
13
11
3
10
12
1
2
63
2
3
3
66
3
4
3
7
2
8
3
25
2
1
1
52
2
1
1
6
1
3
2
52
7
9
3
67
36
3
1
49
1
3
3
45
1
12
3
38
7
3
3
2
8
12
1
31
4
8
1
67
3
3
3
61
5
3
3
41
4
8
1
53
2
3
3
49
1
9
2
7
3
10
3
41
3
4
2
11
1
11
3
29
5
11
1
13
7
10
2
1
1
10
2
45
1
12
2
4
2
4
3
18
23
12
3
54
2
6
1
26
2
8
2
43
5
6
2
15
1
11
1
39
1
5
1
44
1
2
2
22
3
8
3
6
5
11
2
25
2
7
3
32
10
8
2
8
3
2
2
44
1
7
1
42
2
5
1
32
2
1
3
13
2
7
3
26
11
1
3
47
9
1
1
33
8
10
1
54
1
12
3
18
5
2
3
65
21
3
1
65
2
10
1
3
9
2
3
53
2
3
1
40
1
12
2
6
2
8
1
34
10
8
2
31
4
7
3
17
1
5
1
37
1
6
1
35
1
3
3
25
4
1
3
3
1
5
1
4
4
1
2
35
1
7
1
43
2
11
1
55
2
5
1
28
2
12
2
49
4
2
3
43
8
1
3
35
8
11
2
9
3
4
2
11
2
4
3
9
2
1
1
25
1
2
1
60
1
2
3
66
1
7
2
42
4
10
1
34
1
3
1
2
4
1
1
36
1
9
1
22
3
4
1
14
15
5
2
39
4
7
1
1
3
2
3
1
7
8
2
28
3
2
1
53
1
11
2
9
2
11
3
42
2
10
1
63
2
2
1
23
1
5
3
30
3
10
3
23
6
8
3
15
13
5
1
52
3
9
2
29
1
5
3
71
2
2
3
31
22
10
1
40
3
10
3
9
9
8
3
33
6
2
1
27
3
12
2
68
1
1
3
3
4
4
1
8
4
10
2
32
2
9
3
37
3
12
2
41
1
10
2
14
3
6
1
42
1
11
3
11
13
11
1
8
3
10
3
63
1
7
1
41
1
9
3
34
3
11
1
25
2
9
3
5
4
4
2
71
3
1
1
32
4
12
2
30
2
1
1
4
8
1
1
67
2
5
2
29
2
9
1
45
1
12
1
37
2
3
1
15
3
7
2
37
2
6
1
18
1
3
2
49
1
7
3
63
7
11
3
12
3
5
2
71
1
2
3
60
25
10
3
11
6
5
1
27
1
10
3
52
6
5
2
40
3
8
2
3
1
7
2
10
3
2
3
71
1
8
1
49
2
10
1
47
3
10
2
37
3
2
3
65
13
10
3
68
3
3
2
14
2
1
3
37
10
9
1
13
4
6
2
32
3
4
2
40
4
10
3
16
5
3
1
26
3
11
2
41
2
1
2
23
3
7
2
61
1
6
2
23
2
9
2
17
3
1
2
42
3
8
1
54
3
4
3
42
3
1
2
60
2
5
2
47
1
6
3
38
9
12
1
63
1
8
2
5
3
9
3
68
6
11
2
5
2
11
1
61
3
12
1
23
3
9
1
29
2
7
3
67
20
11
3
28
8
9
3
54
1
6
2
13
3
10
3
10
15
1
2
61
3
12
2
22
1
1
3
27
14
9
2
6
3
3
1
22
2
8
3
55
8
10
3
32
3
7
2
7
2
5
3
16
2
1
1
16
3
11
3
7
4
4
1
38
1
3
2
26
4
8
1
33
3
9
3
34
8
1
2
54
1
11
1
7
5
7
1
30
1
2
1
3
7
8
2
65
1
2
2
66
3
7
3
8
17
4
1
2
1
2
3
14
25
5
2
44
4
10
2
47
2
3
2
38
4
8
3
30
27
3
3
23
16
9
1
43
1
11
3
1
2
8
2
67
2
1
2
33
1
9
1
9
10
8
1
5
2
9
3
27
13
2
1
29
1
10
3
44
9
4
1
15
5
4
1
12
6
4
1
60
2
6
2
3
2
3
2
65
3
7
2
27
2
2
1
18
9
7
1
9
8
2
3
36
11
2
3
60
9
5
2
63
3
1
2
53
3
8
2
30
4
2
2
55
1
9
3
29
6
10
2
67
1
5
1
47
2
12
1
5
1
1
1
45
2
7
1
12
7
10
1
14
5
5
2
2
2
11
3
49
4
7
3
35
3
9
3
40
5
3
2
27
3
10
3
44
8
1
1
66
3
2
2
2
1
6
1
35
2
8
2
18
3
1
1
11
11
8
2
8
1
12
1
30
7
1
3
61
4
5
1
68
2
10
3
39
6
3
2
36
4
11
2
4
1
9
1
66
2
10
2
33
3
3
2
1
2
7
3
22
10
5
1
16
1
5
2
54
2
5
3
53
7
6
3
15
14
4
3
14
10
9
2
68
3
5
1
55
1
5
2
36
1
4
2
12
2
12
2
25
3
9
2
55
2
3
2
18
2
6
2
12
1
5
