2
43
5
9
3
45
1
6
1
2
1
2
2
67
1
6
2
15
2
1
3
68
5
5
3
28
1
4
3
40
2
1
2
4
2
3
1
4
6
8
3
12
5
4
1
41
3
8
2
40
1
9
3
12
1
12
1
3
2
12
3
41
3
8
3
61
1
3
3
35
6
1
3
71
4
2
1
54
2
7
3
66
3
11
2
42
2
9
3
34
9
10
2
12
3
10
2
30
4
4
3
10
19
2
1
1
1
6
2
71
3
4
2
52
1
1
3
28
8
9
2
13
1
6
3
26
11
12
1
61
3
8
3
9
6
12
3
10
24
7
1
68
1
7
2
10
1
11
1
29
2
11
2
15
3
2
2
63
2
8
1
29
3
7
1
60
2
7
1
49
2
8
2
18
3
12
1
18
5
3
3
47
4
12
3
39
4
5
3
71
2
8
2
27
2
4
3
29
18
2
2
44
4
1
3
15
17
5
3
5
4
7
1
38
1
11
1
34
8
6
2
3
3
11
3
65
4
10
1
25
3
11
2
61
1
10
1
26
3
6
3
53
8
12
3
47
9
1
1
54
3
5
3
60
26
1
3
43
3
5
1
44
2
10
2
11
3
11
2
36
1
8
2
16
3
12
3
26
5
7
2
7
1
6
3
36
5
3
2
39
2
1
3
63
1
11
3
27
6
6
1
17
2
8
2
35
2
4
2
31
2
6
1
47
3
9
1
63
2
1
3
18
4
4
1
43
1
8
3
16
6
5
1
34
1
3
1
53
1
4
1
68
2
12
3
5
3
3
2
23
3
2
2
8
1
11
3
11
20
11
2
18
1
3
2
26
2
3
1
55
1
1
3
66
4
5
1
15
2
5
2
53
1
7
2
10
3
10
3
4
21
6
2
34
1
6
2
37
3
6
1
8
11
4
1
18
15
10
2
5
3
5
2
60
4
12
2
38
1
6
3
40
1
8
1
23
1
10
2
6
1
1
1
14
6
5
2
41
3
2
3
49
8
7
1
28
3
5
1
42
2
6
2
7
3
7
2
55
3
3
2
63
3
12
2
1
1
4
1
39
2
10
1
9
3
5
3
49
4
12
2
29
1
7
2
17
1
7
2
47
1
2
1
7
6
9
2
34
3
7
1
67
1
9
1
26
2
1
3
32
2
2
2
17
2
12
3
36
6
3
3
25
2
5
2
55
2
11
2
36
4
9
1
11
3
1
2
2
3
6
3
31
12
8
2
32
4
4
2
65
2
10
3
1
2
9
3
38
4
12
3
68
9
7
2
45
1
1
2
45
2
8
1
40
3
5
3
44
4
2
3
22
3
9
2
25
1
11
2
39
4
6
3
33
9
9
2
26
3
11
1
5
2
11
3
63
10
3
1
9
9
12
2
12
2
10
3
8
4
6
1
27
2
4
2
33
2
4
1
15
4
6
3
14
21
6
3
42
2
8
2
43
4
1
1
7
1
1
1
60
1
8
3
67
36
6
3
25
9
12
3
34
1
6
3
3
1
5
3
7
4
7
3
4
16
1
3
15
12
9
2
33
3
10
2
31
1
4
1
43
2
6
2
49
4
11
1
1
3
9
3
33
7
1
1
71
2
4
3
52
10
11
2
11
2
1
1
11
7
7
3
54
2
1
1
6
1
8
3
37
12
10
2
61
2
12
2
30
2
2
1
13
2
9
2
22
1
11
3
53
5
10
2
44
1
10
3
3
7
11
2
54
1
2
2
4
1
5
3
17
17
9
1
37
1
1
2
16
2
4
3
65
8
6
3
35
1
4
3
23
7
3
3
14
14
1
3
23
1
3
1
30
6
9
1
14
16
7
1
39
1
3
1
17
9
4
1
71
3
6
3
55
16
2
3
32
3
1
1
65
1
12
1
23
3
6
3
67
37
12
2
66
1
4
3
18
3
5
2
41
2
6
3
2
1
3
1
33
5
1
3
6
4
8
3
45
7
5
2
1
2
2
2
42
1
8
3
52
16
1
1
45
2
8
1
12
18
2
2
6
2
4
1
66
2
9
3
13
3
9
1
55
2
11
2
71
1
10
3
43
4
6
1
35
4
10
2
27
1
6
2
40
4
3
1
66
1
7
1
27
1
11
1
61
2
9
2
37
2
6
1
25
2
3
3
7
1
3
3
39
6
6
1
47
1
4
1
10
7
5
2
5
2
12
2
32
2
11
3
27
15
9
1
65
2
11
1
36
2
9
2
54
2
5
2
35
1
8
2
9
1
1
3
30
6
5
1
32
2
4
3
55
9
12
3
9
22
2
2
23
1
9
2
38
4
10
2
52
5
7
3
42
4
6
1
45
1
12
2
8
3
10
2
68
4
1
1
28
1
5
1
52
1
7
3
16
2
3
3
61
11
8
3
44
10
11
3
1
3
9
1
31
16
11
1
4
2
2
2
49
3
7
2
29
2
5
1
10
5
6
1
13
5
1
2
66
3
2
3
29
14
2
1
22
2
12
2
28
3
9
2
65
1
7
1
42
1
1
1
41
2
10
2
47
2
10
1
16
6
11
2
14
1
3
3
13
1
1
2
53
2
12
1
44
3
10
1
30
20
5
3
2
3
7
2
67
2
5
3
8
5
5
1
38
2
9
3
31
25
11
2
9
2
3
3
30
25
10
3
11
1
11
1
12
8
1
1
52
3
12
1
22
3
5
1
40
2
1
1
63
1
9
1
6
2
9
3
17
12
5
3
6
3
7
3
37
1
3
3
60
1
7
1
67
2
6
2
60
3
5
1
3
3
9
1
33
8
8
2
22
3
6
1
2
4
5
1
8
4
6
1
49
1
4
3
22
6
7
2
28
2
4
2
14
3
7
1
32
5
1
1
5
1
6
2
3
2
7
2
68
1
6
1
37
2
2
2
13
3
4
3
41
2
3
1
35
3
11
1
36
1
4
2
25
2
1
3
54
1
8
1
16
4
10
1
53
2
1
3
38
9
2
2
2
2
8
1
31
17
9
