3
68
2
6
1
17
4
2
2
8
3
9
2
13
2
9
3
11
12
5
1
49
2
8
1
27
3
1
2
55
2
9
2
66
1
3
3
30
15
3
3
31
11
4
3
38
9
12
3
35
5
8
2
67
1
11
3
36
2
8
1
8
1
5
3
28
6
12
2
40
1
6
1
23
1
7
2
39
2
1
3
45
3
3
2
30
4
6
1
35
3
10
3
26
1
12
1
36
3
7
2
54
1
1
3
41
1
9
2
36
2
6
3
12
2
3
1
41
3
11
1
44
4
4
1
25
2
3
1
52
3
9
2
23
1
1
1
66
1
11
3
54
2
7
3
3
10
8
2
43
5
7
1
29
2
9
1
54
2
6
2
12
1
4
1
40
1
10
1
18
7
6
2
3
3
8
3
2
2
4
1
71
2
11
1
8
15
11
2
17
3
10
2
14
3
3
3
15
4
10
1
47
1
3
3
9
5
3
1
68
3
3
2
41
2
1
1
13
3
9
1
37
2
6
2
52
7
12
3
53
5
4
3
36
9
10
3
63
9
9
3
32
11
8
3
4
21
11
3
9
24
1
2
66
3
3
1
36
2
9
2
16
2
2
1
3
9
1
1
6
2
5
3
47
5
12
2
34
1
2
1
14
11
11
2
18
3
5
3
55
8
8
3
67
18
6
2
2
2
5
3
7
5
4
1
45
2
11
2
42
2
9
3
37
11
7
3
37
5
10
1
22
2
5
2
1
3
8
3
3
5
3
1
63
2
10
1
11
1
12
1
1
3
6
1
27
2
6
2
47
2
9
1
6
1
1
3
5
4
1
2
33
1
7
2
49
2
6
3
47
9
7
3
14
17
6
3
65
17
11
3
44
4
11
2
41
5
7
2
61
1
6
1
33
4
8
2
22
1
10
1
52
1
6
3
29
13
7
2
9
3
4
3
67
1
8
3
52
14
4
2
29
1
11
1
23
2
1
2
18
4
11
3
18
3
1
1
15
1
8
1
45
1
10
1
65
2
4
2
36
1
2
1
31
12
2
2
52
4
5
2
29
2
10
3
27
13
1
2
32
1
6
1
26
1
8
2
53
3
9
2
32
4
5
3
61
11
1
1
47
3
6
2
60
1
6
1
10
1
7
3
15
5
7
2
26
4
11
3
12
7
11
2
60
2
5
1
63
1
7
1
39
3
4
3
61
9
9
1
67
3
8
1
28
3
6
2
65
1
4
1
7
11
3
1
39
4
6
3
23
7
4
3
41
3
9
3
1
2
5
1
55
1
10
1
2
1
6
1
34
3
11
3
4
27
2
2
8
2
1
3
68
9
4
1
12
1
5
3
6
3
4
3
23
14
5
3
39
3
12
2
3
2
1
3
22
2
4
3
54
1
3
1
60
2
1
2
55
3
4
2
54
2
8
3
35
2
5
2
38
1
8
2
1
1
11
1
31
3
12
2
23
2
1
3
66
8
2
2
7
3
11
2
40
2
9
2
7
1
12
3
10
1
9
3
44
1
4
1
38
3
1
1
53
2
11
2
42
3
7
1
32
4
9
3
39
4
1
3
16
4
3
1
26
3
9
2
49
3
11
2
27
3
10
3
33
19
6
3
60
32
11
2
4
2
1
2
63
2
8
3
71
1
8
1
38
1
1
3
55
6
6
1
9
3
5
3
38
7
3
1
1
1
11
2
34
2
11
1
12
18
1
1
42
2
6
2
25
2
5
1
60
1
8
2
47
1
6
1
9
14
1
3
34
5
2
2
22
2
11
1
4
4
9
1
35
2
9
3
10
25
10
1
18
11
4
2
45
2
3
2
11
2
6
2
15
3
8
2
43
4
4
3
33
5
7
1
5
1
8
1
11
2
10
3
28
4
4
2
44
2
12
3
45
5
11
1
61
1
9
2
37
4
10
2
6
2
7
2
30
2
2
1
67
2
12
1
16
6
10
3
60
18
10
3
34
4
7
1
7
7
5
3
11
17
8
2
11
1
1
3
71
3
6
1
10
4
2
2
14
2
4
2
68
3
2
1
34
6
5
3
7
4
2
1
28
1
5
1
71
1
1
3
17
5
1
3
32
5
8
2
44
5
9
1
14
7
11
2
6
3
9
1
43
1
5
1
30
12
9
3
40
3
8
1
68
2
1
2
67
2
6
1
32
1
7
1
2
6
2
2
4
3
9
1
13
5
4
3
2
11
4
2
5
1
3
2
28
3
11
1
3
3
11
3
6
6
5
1
37
1
9
3
8
7
5
3
25
5
2
2
13
3
4
3
16
7
12
1
4
5
3
2
10
3
1
3
29
9
3
2
68
2
8
1
17
8
8
1
33
7
3
2
27
2
10
2
17
2
7
3
49
3
7
2
31
5
1
3
14
5
6
2
35
2
10
1
5
2
10
3
42
3
3
2
71
2
4
1
29
3
3
2
35
1
10
2
63
1
2
2
9
1
7
2
38
5
11
1
49
1
2
1
61
3
11
3
63
1
9
1
40
2
3
1
16
4
7
2
45
1
11
2
16
1
11
3
18
6
10
3
13
8
6
3
30
5
11
3
65
21
2
2
15
2
11
3
53
2
3
3
49
6
4
3
40
6
12
2
5
2
4
1
22
1
12
1
42
1
12
1
30
11
5
2
39
1
2
2
28
2
12
3
25
8
11
3
66
6
7
3
8
13
10
1
65
1
4
2
53
1
7
1
25
1
4
2
2
1
7
1
66
3
9
3
43
2
11
3
5
1
2
1
43
2
10
1
15
4
7
2
37
3
12
1
53
1
10
2
10
1
12
3
52
5
7
3
17
1
11
1
54
3
4
2
33
3
10
3
42
2
10
1
55
2
12
3
26
3
1
1
44
2
5
2
61
3
9
3
1
7
6
3
22
7
8
2
25
1
7
3
27
4
1
1
41
1
11
2
65
2
4
3
13
4
7
3
43
8
3
2
12
3
3
3
31
5
3
2
31
1
3
2
26
3
10
2
71
1
1
