3
11
2
3
3
63
11
5
1
49
2
3
3
9
17
12
3
67
26
6
2
4
2
8
3
66
3
9
2
36
1
5
3
32
8
9
2
39
1
7
1
38
1
6
2
43
4
10
3
28
1
7
3
16
3
6
2
7
3
9
1
31
17
4
3
23
16
10
2
63
2
7
2
33
1
4
3
53
8
3
1
17
2
7
2
10
1
3
2
32
1
7
2
30
3
7
2
54
1
9
2
54
2
5
2
3
2
5
3
65
16
1
2
65
2
9
1
18
15
3
1
30
19
11
1
28
2
4
2
60
4
12
1
71
1
10
3
29
16
5
3
36
10
9
3
60
14
6
1
9
10
12
3
10
16
4
2
66
1
6
3
27
3
3
3
49
7
8
3
42
4
5
2
22
2
8
1
12
11
8
3
22
4
6
1
4
2
9
2
2
2
8
3
6
5
3
2
28
2
10
3
5
1
2
2
44
1
7
1
44
3
12
2
18
4
11
1
47
1
2
1
2
5
3
1
61
2
11
1
28
1
10
3
12
4
9
1
54
1
5
3
12
7
2
1
66
2
1
1
13
1
5
3
29
4
10
2
2
1
9
1
37
1
9
2
68
4
9
3
41
2
8
3
40
4
1
2
42
4
10
2
29
2
9
3
8
15
5
3
40
6
3
1
12
18
8
3
30
23
4
3
52
18
12
1
47
2
10
3
52
2
5
3
5
2
2
2
53
2
4
1
68
1
3
1
7
1
12
1
9
12
8
2
42
1
9
3
15
6
3
3
18
9
3
2
9
3
8
2
60
3
3
1
43
2
5
1
36
1
7
3
1
1
4
1
25
2
3
2
31
4
7
2
25
3
5
3
71
4
5
1
30
5
10
2
25
1
2
2
41
1
7
1
33
4
1
2
36
4
9
1
29
3
3
1
14
13
6
3
36
4
8
1
43
1
1
1
11
8
11
3
55
16
4
2
41
2
5
2
31
1
11
2
1
2
10
3
14
18
6
1
34
8
12
3
25
4
8
3
35
8
6
1
3
4
12
3
44
10
6
2
45
1
6
1
67
3
10
1
63
1
9
1
35
2
12
2
52
2
12
1
36
2
1
1
25
1
8
1
40
1
6
1
26
2
1
2
23
2
9
1
41
2
12
1
52
3
12
1
53
2
7
2
44
4
3
2
7
2
1
1
45
1
5
3
45
5
9
3
15
15
8
1
60
2
12
3
2
5
8
2
8
2
12
1
63
2
6
1
1
3
8
3
61
8
9
1
66
3
10
1
65
2
2
1
16
4
11
2
35
3
9
3
41
1
6
3
26
12
12
2
29
1
3
1
23
2
9
1
55
2
5
2
52
4
8
3
55
3
7
2
14
3
11
3
43
6
5
3
32
5
1
3
4
12
2
1
34
11
7
1
39
2
6
3
28
10
12
3
10
19
9
3
9
26
11
2
5
1
12
3
42
2
7
1
3
10
10
2
28
1
10
2
32
2
4
2
67
1
6
3
39
6
8
1
54
3
11
2
6
3
5
2
55
1
3
2
40
3
5
3
16
7
9
3
23
10
5
1
33
2
3
3
31
21
10
2
63
3
10
3
67
7
4
1
17
13
8
1
2
4
11
1
32
6
11
2
49
3
10
1
61
3
4
2
8
3
4
3
14
11
9
2
16
2
2
2
13
3
9
3
35
6
8
3
34
8
2
1
49
1
1
2
71
3
4
2
14
2
12
1
41
1
11
3
34
2
9
1
39
3
5
1
35
4
11
1
60
1
5
1
6
1
6
3
27
12
2
2
27
3
6
3
7
2
8
3
13
3
7
3
63
1
11
2
37
3
3
2
5
2
8
3
66
4
9
1
55
1
10
2
66
2
9
2
12
2
6
2
15
3
4
1
38
2
1
2
9
1
3
3
22
9
12
3
3
4
1
2
33
2
6
1
31
7
7
1
14
15
10
3
33
11
10
3
65
7
10
1
15
5
8
1
26
3
2
3
44
3
11
2
13
2
1
3
39
10
5
2
45
2
10
1
10
5
1
3
37
11
10
3
6
1
3
2
17
3
7
3
17
13
8
1
22
1
5
3
61
10
10
3
31
18
6
2
11
1
4
2
3
3
10
2
67
2
11
1
40
2
1
1
4
3
11
2
26
1
4
3
33
13
2
2
38
2
10
1
44
4
7
2
17
2
6
2
53
1
2
2
55
2
3
2
18
1
11
2
61
2
1
2
49
1
7
3
25
6
3
2
38
5
5
2
34
2
4
2
6
1
2
2
61
3
9
1
27
3
10
3
13
4
9
2
1
1
11
2
26
2
1
1
7
5
1
3
45
4
8
1
16
3
1
1
37
2
6
2
23
1
3
3
1
3
3
3
47
1
7
3
11
16
2
3
2
1
2
1
29
2
1
1
42
2
8
2
47
2
5
2
27
1
1
1
10
3
3
3
37
2
9
3
3
5
12
2
65
1
9
2
35
2
9
1
23
1
4
2
12
3
4
2
16
1
4
3
53
6
1
3
68
17
11
1
71
3
9
2
39
3
11
3
30
2
10
2
4
3
2
3
4
6
9
1
11
7
8
1
5
1
1
3
26
3
3
2
47
1
3
1
45
2
2
2
22
1
12
1
52
1
12
1
65
1
8
3
71
5
5
1
5
2
6
2
68
1
2
2
10
3
2
2
71
2
7
1
68
2
9
1
1
2
4
3
49
5
4
1
42
1
9
2
40
4
1
1
53
1
3
1
18
10
6
2
15
1
12
1
67
2
9
2
37
2
11
3
54
1
12
1
8
16
12
1
15
4
7
1
22
2
7
3
43
5
9
1
27
1
5
3
68
16
9
3
47
8
4
1
8
7
6
2
43
3
10
1
32
4
3
2
34
3
10
3
7
5
8
3
17
10
5
2
30
1
4
1
13
3
4
3
54
2
11
3
18
12
1
3
38
12
4
3
38
1
10
3
60
16
11
1
6
2
3
2
11
2
7
3
8
13
6
