1
68
2
4
1
4
7
4
3
45
7
7
3
13
3
12
2
43
2
2
3
55
16
4
2
17
3
9
2
60
1
7
3
66
6
12
3
10
24
1
1
71
2
1
1
36
2
2
3
7
4
2
2
61
1
12
3
8
19
7
1
22
3
6
3
28
6
3
2
23
1
3
1
6
1
2
2
68
4
9
3
7
5
7
3
22
7
5
2
4
2
4
2
22
1
12
3
9
30
6
2
71
1
3
1
31
3
7
3
47
6
4
3
61
4
6
2
65
4
12
3
29
9
8
3
36
12
2
3
5
5
8
3
49
8
4
1
10
6
3
2
22
3
3
2
38
4
7
1
25
3
8
2
54
1
3
2
2
1
3
2
52
3
11
2
35
2
4
2
47
1
3
1
17
7
6
1
1
2
11
1
27
3
12
2
26
3
2
2
18
4
2
2
31
3
2
3
29
5
1
3
65
21
10
3
2
3
2
2
15
1
4
2
45
4
1
2
16
1
8
1
67
3
3
2
60
2
11
2
2
3
4
1
65
2
6
2
49
1
6
1
26
2
4
1
13
3
8
2
55
3
4
3
39
9
8
1
43
3
9
3
23
11
12
2
10
2
6
1
18
14
10
3
40
4
6
1
33
7
5
2
14
3
10
1
37
1
7
1
23
2
4
2
44
5
6
3
43
1
1
1
63
1
4
1
5
1
11
2
28
2
4
1
14
19
9
2
23
3
1
1
39
2
5
1
2
4
5
1
28
2
11
2
3
2
4
3
18
25
3
2
47
4
5
2
1
1
4
3
34
8
2
2
10
3
10
2
36
2
4
1
8
1
4
1
32
3
7
1
71
3
9
1
68
1
11
3
67
4
2
3
30
16
3
3
63
11
5
1
42
2
7
3
27
11
9
2
3
1
11
2
25
3
2
3
2
5
3
1
25
2
1
1
33
6
9
2
53
1
8
1
44
1
6
1
49
1
12
2
33
2
10
2
66
3
2
1
9
7
11
3
12
4
1
1
60
1
8
1
18
8
7
2
40
1
11
1
11
1
4
3
12
1
4
2
37
1
3
3
60
13
1
3
25
6
10
1
45
1
10
1
27
2
6
1
4
4
3
3
71
2
6
2
38
2
3
2
39
4
9
1
47
1
9
3
28
7
1
3
41
2
6
3
68
3
10
2
39
1
12
2
43
4
6
1
15
4
2
3
36
10
11
1
7
7
12
2
34
2
7
3
6
3
5
2
14
2
1
3
11
25
3
3
9
3
6
1
11
7
11
3
52
17
12
2
17
1
8
2
13
3
11
3
1
7
4
2
1
3
12
3
15
17
7
1
16
3
6
3
35
8
8
3
67
22
5
2
55
2
9
2
54
2
5
1
47
2
7
3
41
3
11
3
42
4
5
1
9
5
5
1
41
2
7
1
52
3
3
3
31
7
7
2
40
4
10
2
52
1
4
2
5
3
8
1
44
3
8
3
43
3
10
3
25
9
2
1
55
1
10
1
10
8
3
2
31
1
9
3
17
14
8
2
33
3
9
2
18
2
10
1
61
3
3
3
14
12
3
1
38
1
11
3
33
18
11
1
66
3
12
3
39
3
1
3
13
1
12
3
31
23
7
2
30
3
3
2
16
3
6
1
61
2
11
2
29
2
11
1
1
3
5
2
63
3
11
1
35
3
5
3
44
8
3
1
32
2
7
3
35
5
9
1
34
1
2
2
35
3
7
3
65
5
11
2
41
1
5
1
7
5
3
1
16
5
5
1
23
3
6
2
28
3
9
2
53
3
4
3
71
3
8
2
68
3
5
2
67
1
2
1
26
1
1
2
71
2
2
2
9
1
4
3
16
2
8
1
36
1
3
3
3
5
1
1
35
1
4
3
55
17
2
1
40
2
7
1
12
18
12
3
18
14
2
3
26
5
4
3
32
5
4
3
33
22
7
1
6
2
6
1
13
9
2
1
15
1
8
3
53
6
4
3
37
4
2
2
65
2
11
2
63
2
3
3
38
6
6
2
32
3
10
3
45
3
12
1
52
1
9
1
8
11
6
2
7
3
7
1
3
7
3
3
44
10
7
1
63
2
8
2
61
3
7
2
30
2
12
3
63
4
1
1
39
1
1
3
38
1
8
2
67
2
8
3
23
13
4
3
17
9
10
2
8
1
11
3
34
4
5
3
15
4
8
2
7
1
4
3
22
4
3
3
37
2
2
3
4
15
4
2
42
3
12
2
37
3
7
2
36
5
1
3
10
9
12
2
26
4
4
3
54
1
10
1
41
3
12
2
49
2
10
1
67
1
10
1
53
1
5
1
38
2
1
1
54
2
2
1
22
1
10
1
60
2
11
2
6
2
11
2
27
1
1
1
65
1
5
1
28
3
10
1
31
5
12
2
25
2
12
2
11
2
4
2
44
4
9
1
66
2
6
1
30
7
12
1
55
2
11
1
42
1
8
2
8
2
1
3
27
14
12
3
1
10
12
2
12
1
5
2
32
4
5
3
14
22
9
3
3
4
10
1
43
1
1
1
49
2
6
3
60
28
10
2
27
3
3
3
66
2
11
2
15
2
7
2
5
2
3
1
14
12
12
1
29
1
11
1
34
7
4
2
42
1
2
2
4
1
10
1
37
2
5
1
40
1
6
1
12
14
5
3
30
15
6
2
29
1
2
3
5
1
12
3
16
7
11
3
52
15
8
2
12
3
6
1
30
13
5
3
11
17
11
3
54
2
5
2
41
3
12
3
32
1
2
3
4
16
5
3
47
3
11
1
53
2
3
1
5
2
11
3
6
5
11
3
42
2
9
2
6
1
6
2
34
1
7
3
53
2
9
2
45
3
7
3
26
11
11
1
3
10
5
1
45
2
3
1
2
5
6
1
17
8
10
3
40
3
8
2
11
1
6
2
9
3
5
3
49
2
7
2
66
2
4
3
68
5
11
3
61
3
9
2
13
2
7
1
29
2
7
1
54
1
7
3
8
13
7
