2
13
1
3
3
8
11
9
3
60
11
6
2
8
2
4
2
11
3
6
2
31
3
12
2
42
4
11
2
55
1
1
3
41
4
8
3
28
15
4
1
31
16
7
2
3
2
8
3
11
24
6
2
65
1
3
1
71
3
7
3
9
14
8
3
47
2
8
1
37
2
4
2
32
3
11
2
5
1
2
2
30
1
2
2
16
1
5
2
11
2
2
2
10
3
1
1
66
2
12
2
18
1
9
3
66
8
7
3
34
7
6
1
30
12
6
1
5
2
3
1
43
1
6
2
12
3
1
1
38
3
7
3
52
10
9
1
22
2
10
1
37
1
4
2
28
2
4
3
17
14
10
2
9
3
9
3
13
9
7
1
2
1
1
2
54
2
12
2
67
2
6
3
52
11
8
2
29
2
2
1
55
1
3
3
23
5
8
1
3
1
1
3
68
6
5
2
18
4
11
3
49
2
8
2
36
3
11
2
37
1
8
1
13
3
10
1
63
2
8
2
9
2
7
1
44
3
5
2
1
2
11
1
15
4
3
3
65
20
8
2
63
1
4
3
65
2
11
2
35
1
3
1
7
6
5
1
11
4
3
1
47
3
10
1
12
3
5
1
65
1
5
1
14
15
12
2
54
1
10
2
17
3
2
2
68
1
1
3
37
12
10
1
68
1
3
2
45
1
5
1
35
3
2
3
35
8
8
3
38
3
10
1
71
2
7
1
5
1
8
3
67
34
2
1
28
1
8
1
26
2
11
1
60
2
6
3
30
16
9
1
43
2
12
1
17
11
9
2
37
2
11
1
23
1
10
1
29
1
8
1
47
2
9
1
30
14
1
3
32
8
2
3
9
1
8
3
34
6
10
1
66
3
11
3
45
1
7
1
25
2
7
1
1
1
7
1
26
1
11
3
16
1
1
2
49
2
10
3
6
1
5
3
47
7
2
2
67
1
10
2
4
3
11
1
32
1
8
2
3
3
1
2
2
2
12
2
17
1
4
3
5
3
11
3
55
1
3
3
6
6
5
3
15
17
2
1
6
1
9
2
2
3
1
2
53
1
3
2
52
4
10
2
61
1
10
3
2
12
5
1
18
7
4
3
13
6
7
2
31
1
1
3
61
2
12
3
27
8
4
2
39
1
1
1
42
2
10
2
8
3
6
2
38
1
7
2
25
3
3
3
37
7
12
3
38
7
12
1
41
1
8
3
60
29
9
3
1
9
11
1
39
1
6
2
42
2
12
1
49
1
11
2
35
2
6
3
31
27
11
3
53
5
5
1
6
2
9
2
66
1
12
2
71
1
3
1
53
2
11
2
27
1
2
2
5
3
9
1
18
11
9
1
55
2
4
1
54
1
9
1
23
2
6
2
13
2
11
3
43
7
6
1
27
3
10
2
68
3
10
1
9
13
3
2
7
3
11
2
41
4
11
1
3
3
11
1
67
2
3
3
10
6
3
3
33
7
5
3
29
14
4
3
25
8
6
2
33
3
12
3
36
13
11
1
10
2
5
2
49
1
12
2
30
3
12
1
34
2
1
2
6
3
9
1
44
2
2
1
29
3
7
3
42
4
5
2
43
5
1
2
27
3
3
2
40
4
12
3
11
10
7
1
34
11
7
1
2
3
9
2
6
1
1
2
22
3
6
2
47
3
4
2
16
3
8
3
39
3
7
1
42
1
8
2
60
3
3
1
36
3
5
2
60
2
4
3
54
2
2
1
61
1
1
1
9
10
6
2
34
3
8
2
28
1
6
3
7
2
10
1
67
1
3
3
27
14
8
3
15
13
9
1
61
2
4
3
25
1
5
1
14
21
8
1
33
6
5
3
66
2
2
3
40
1
6
1
33
8
8
1
41
3
5
2
26
2
2
1
10
3
11
1
4
4
8
3
68
11
10
3
35
2
4
2
33
1
8
3
42
1
4
3
26
7
4
1
39
2
7
3
44
3
9
3
44
6
2
3
4
19
3
3
32
6
7
1
32
5
4
3
63
7
6
3
26
6
4
1
65
2
6
2
15
2
6
1
49
2
2
3
18
8
6
3
1
5
9
2
14
2
9
1
25
1
11
2
39
2
9
3
41
2
1
3
61
9
4
1
16
7
5
1
28
2
2
3
43
1
11
1
1
2
12
2
29
1
11
2
7
2
1
3
2
9
7
1
8
5
10
2
40
1
8
2
4
1
5
1
54
2
6
3
14
21
2
3
22
5
2
1
15
5
5
3
53
1
6
3
8
12
3
1
12
7
9
1
45
2
9
2
36
5
3
3
17
2
9
2
47
1
2
1
13
9
4
2
41
2
6
1
22
3
2
2
23
1
6
3
67
20
12
1
16
6
10
1
40
3
8
1
52
1
7
1
36
2
6
3
14
25
9
3
18
11
10
3
45
5
9
3
16
7
11
1
45
1
7
3
49
3
6
2
55
3
8
1
53
1
1
2
34
1
11
3
3
4
12
2
14
1
9
3
40
3
2
3
4
20
5
3
28
6
7
2
15
1
12
1
52
2
4
3
22
4
12
1
63
1
8
1
17
5
2
2
12
1
12
1
68
3
3
1
40
2
4
2
25
1
10
3
29
2
10
1
8
12
11
3
3
10
8
2
38
4
11
3
10
17
7
3
71
4
5
2
43
3
5
2
52
6
4
3
30
4
2
2
63
2
7
1
31
11
7
3
23
8
10
2
22
1
9
2
10
1
4
1
60
1
6
2
71
2
12
1
38
1
4
3
39
4
9
3
7
1
7
2
32
2
9
2
61
2
7
1
4
8
12
3
55
12
1
3
12
7
11
2
44
3
8
2
26
3
10
3
12
2
10
1
11
6
10
2
66
2
5
3
5
5
1
3
33
1
4
1
27
1
5
3
71
5
8
2
45
3
1
3
63
2
6
1
35
4
3
3
36
14
10
3
31
30
5
2
1
1
4
2
44
5
7
2
65
3
1
2
23
3
2
1
7
5
5
3
54
1
11
2
53
3
7
