3
8
2
2
3
35
6
1
2
66
2
1
3
71
5
7
1
67
2
11
3
4
9
3
3
40
1
8
2
26
2
4
1
16
4
8
1
4
2
8
2
29
1
2
1
68
2
7
2
9
1
2
3
30
5
11
2
36
5
6
3
53
3
4
1
41
2
2
3
42
1
1
3
11
19
7
2
71
2
7
1
37
2
9
1
5
2
4
2
16
2
1
1
28
1
9
1
68
3
1
2
1
3
9
2
47
4
5
1
4
3
1
2
31
1
12
1
12
2
4
2
39
4
4
2
40
3
8
1
7
7
7
2
8
1
8
3
32
7
8
1
40
2
5
2
5
3
6
1
1
2
7
1
13
1
5
1
47
2
7
1
27
1
10
3
6
4
9
3
25
7
8
2
29
3
3
2
17
3
8
3
31
10
9
3
33
11
11
2
11
2
6
2
37
4
8
2
32
2
9
1
26
1
4
3
13
1
5
1
7
3
10
3
37
3
7
2
33
1
1
1
53
1
11
1
25
3
8
2
6
3
11
3
9
23
12
3
37
1
4
1
28
2
3
3
35
2
1
2
67
1
4
2
38
1
4
1
43
1
5
2
68
2
8
1
14
21
1
3
43
1
7
3
12
4
2
2
17
2
3
3
54
2
5
1
45
1
5
2
13
3
6
1
13
6
12
2
7
3
1
1
55
2
10
2
23
3
8
1
3
10
8
3
42
2
3
2
54
2
8
1
18
2
4
3
32
11
6
2
41
1
9
2
49
2
10
2
22
3
8
3
36
10
7
3
14
8
1
3
18
4
5
3
45
3
11
3
28
12
7
2
28
3
6
2
13
1
9
2
2
1
10
1
35
3
6
1
37
1
4
3
47
1
5
3
49
2
12
1
41
1
6
3
65
6
7
1
66
3
5
1
44
2
6
2
33
2
3
3
4
12
11
1
49
2
1
3
44
7
11
3
45
4
10
1
2
2
8
1
16
1
2
2
14
1
8
1
6
2
9
3
11
2
12
3
25
6
1
1
38
1
6
2
52
1
8
1
71
2
12
2
31
2
4
3
1
6
8
3
34
7
12
3
55
6
6
3
36
13
2
1
10
8
1
3
63
11
1
3
10
13
2
2
43
2
7
2
52
3
1
2
35
2
3
1
29
2
4
3
22
9
9
3
68
17
5
3
13
5
7
2
40
4
10
2
55
1
1
1
30
12
4
1
34
7
12
3
26
5
1
3
68
11
7
1
61
1
7
3
3
3
10
3
41
1
12
1
44
1
2
3
60
2
4
1
30
1
5
1
67
3
2
2
47
3
8
2
61
2
4
3
39
10
11
2
54
1
7
3
52
8
4
3
43
6
5
3
44
2
9
3
71
1
6
2
67
2
5
3
8
16
3
2
32
1
8
2
34
3
7
3
9
29
6
2
53
1
4
1
17
8
5
1
32
3
5
3
30
20
9
1
47
3
7
1
60
2
8
2
25
1
10
2
8
3
4
2
15
2
5
3
27
17
8
1
9
12
1
2
3
2
3
2
23
2
11
2
55
2
11
3
60
18
2
1
29
1
4
3
66
2
8
2
27
3
7
3
5
1
9
1
55
1
1
2
10
1
1
1
8
5
12
1
42
1
7
3
29
8
3
3
67
22
12
1
35
4
10
3
1
7
12
1
22
3
7
1
65
2
3
1
9
3
5
1
8
3
5
2
60
2
9
2
2
3
3
1
26
2
10
2
12
1
10
3
23
9
9
2
14
2
5
3
31
6
6
2
27
2
10
1
61
2
2
3
66
3
11
2
26
3
5
1
22
2
4
2
60
3
1
1
52
3
11
2
66
1
6
1
36
3
11
3
26
4
2
2
63
2
8
1
3
9
3
2
22
1
10
1
31
2
11
2
11
1
9
1
54
1
11
3
16
4
2
3
3
9
5
1
5
1
6
2
42
1
4
1
23
2
3
3
40
3
3
2
4
3
11
1
33
7
7
3
7
3
1
3
15
7
12
1
18
4
5
3
6
2
4
3
63
12
7
1
63
2
12
2
18
4
11
2
45
4
3
2
34
1
2
3
52
10
3
2
18
3
2
1
39
1
10
3
38
10
7
2
10
2
6
3
2
6
12
2
41
3
4
3
17
14
7
3
41
2
1
3
15
5
4
1
40
3
11
1
71
3
3
1
11
1
11
2
45
2
9
1
27
3
8
3
65
20
9
2
63
1
2
1
66
1
6
2
42
4
12
3
55
4
8
2
53
2
11
2
44
3
8
2
35
1
7
1
34
1
2
2
30
5
9
2
61
1
10
1
15
4
2
2
37
2
8
3
10
1
1
3
34
8
9
2
1
2
2
1
23
3
5
3
16
2
4
1
2
3
6
1
43
2
7
3
14
17
10
1
1
1
12
2
7
2
8
1
52
2
9
2
3
3
9
1
33
6
12
1
60
1
8
1
45
2
5
2
30
3
6
2
39
1
9
2
43
1
3
3
38
6
12
2
38
4
5
2
15
1
3
3
27
1
2
1
36
2
5
3
18
21
8
1
63
1
10
3
54
1
1
1
17
10
8
2
16
1
1
2
4
2
11
3
47
5
11
1
10
5
6
2
36
3
9
1
49
1
3
1
14
11
3
1
65
1
10
3
39
7
5
3
53
6
1
3
12
6
3
1
15
1
7
3
23
19
8
2
65
4
7
2
6
2
6
1
54
3
9
1
53
2
3
3
22
4
1
3
49
8
4
2
9
3
1
3
28
7
4
3
29
1
8
2
5
1
11
3
67
34
9
1
11
11
1
2
12
2
10
2
49
3
1
3
17
15
1
1
32
6
7
1
12
10
1
2
65
1
3
1
39
3
11
3
61
11
4
1
38
3
6
1
6
1
5
1
31
5
9
2
68
4
10
1
42
2
2
2
28
2
7
2
25
3
12
2
44
2
8
2
71
1
2
3
33
6
4
3
7
1
12
3
2
3
9
1
25
2
11
3
5
5
6
3
61
2
8
