2
10
1
3
1
60
2
1
3
2
8
10
2
49
1
9
1
66
2
3
2
5
2
1
3
60
20
10
2
43
5
5
1
49
1
3
2
40
4
8
2
32
2
7
1
5
1
11
2
31
2
7
2
45
4
9
3
37
10
7
1
27
3
11
3
8
1
7
3
49
1
10
3
54
1
4
1
15
5
4
3
67
7
11
2
8
2
4
1
26
2
1
2
41
5
9
1
31
17
5
3
63
6
2
3
9
14
8
3
38
6
9
1
12
15
8
3
52
17
4
3
61
5
9
3
43
6
1
1
30
8
4
3
5
1
6
3
42
1
7
3
7
5
3
3
9
15
9
2
27
1
7
2
54
2
1
1
38
1
11
1
61
2
1
2
32
1
8
2
49
3
8
3
41
3
6
1
40
3
5
2
12
2
8
1
4
8
2
2
15
1
1
2
28
3
8
2
71
1
10
2
53
2
2
2
7
2
11
3
60
13
6
2
25
1
5
2
14
2
12
2
68
3
11
2
13
1
6
1
41
3
11
1
49
2
11
3
11
19
9
2
3
3
10
3
2
1
1
3
38
9
7
2
11
2
6
3
37
2
2
3
29
3
3
2
2
2
1
1
8
9
8
3
18
22
3
1
18
12
7
1
28
2
1
2
52
4
4
2
30
5
10
1
25
1
12
1
54
3
4
3
30
17
11
1
12
18
5
3
43
1
2
1
71
3
4
3
66
1
11
1
42
2
11
1
13
3
6
2
3
1
7
3
68
13
3
3
22
3
10
3
65
8
1
1
14
16
12
2
67
1
10
1
22
1
5
1
1
3
6
2
10
2
10
2
16
1
11
1
11
8
12
3
67
21
1
1
3
9
11
1
33
8
5
1
71
2
11
1
43
3
5
2
47
2
1
3
27
13
2
3
34
11
7
1
47
3
4
1
9
12
9
3
33
24
12
2
34
1
1
3
71
3
8
2
16
3
1
1
17
1
3
3
42
3
7
3
30
24
5
2
5
1
11
2
68
2
10
2
8
3
7
2
39
1
6
2
7
1
12
3
13
4
3
1
43
1
12
3
10
20
1
1
30
7
11
2
23
2
1
3
32
9
7
3
15
13
1
2
42
4
4
1
52
1
7
1
27
1
8
1
2
1
2
2
38
2
3
3
16
8
9
1
39
1
12
1
53
2
11
3
47
9
11
3
8
19
4
1
29
2
4
2
22
2
6
3
15
4
12
1
9
9
2
1
67
2
8
1
2
6
12
2
35
1
8
1
25
3
6
2
65
1
3
1
52
3
6
3
17
7
6
2
28
2
4
3
16
6
8
3
22
9
2
2
6
1
12
2
13
3
7
1
35
2
2
3
1
7
2
1
28
3
10
3
4
5
10
3
4
13
12
1
47
1
9
1
63
2
8
1
34
7
9
3
53
6
7
2
61
3
6
3
14
7
4
2
40
3
6
2
37
4
6
2
11
1
5
3
17
11
8
1
66
3
5
1
3
6
1
3
53
7
9
3
3
6
12
2
1
1
12
3
65
16
7
1
44
4
9
2
53
1
1
1
63
1
9
3
12
4
5
3
28
14
3
3
5
5
4
3
45
6
6
3
23
12
5
1
38
2
3
2
55
1
10
3
36
9
6
2
47
1
10
2
71
2
7
2
9
3
11
2
55
2
5
3
71
1
1
2
27
2
11
2
22
3
11
1
26
3
4
3
29
18
12
1
18
5
3
2
63
2
7
3
10
9
7
3
55
16
9
2
37
3
1
3
12
7
10
2
39
2
7
2
26
4
10
1
8
12
2
3
47
6
12
2
60
3
11
3
13
8
5
3
32
2
1
2
38
3
6
3
34
5
11
1
29
3
6
3
39
9
5
1
16
2
7
2
34
3
9
2
29
3
3
1
40
1
5
3
35
5
2
2
44
2
2
1
14
17
9
2
17
1
9
1
53
1
9
1
39
4
5
1
6
1
1
2
45
1
2
2
33
1
2
3
41
4
9
1
1
1
6
3
39
6
1
3
40
2
7
3
25
2
1
3
61
8
4
2
6
2
4
1
37
1
5
2
66
2
4
3
55
9
6
3
26
3
10
1
41
2
6
1
68
2
6
2
60
2
6
1
68
1
6
1
33
2
9
3
11
4
12
3
23
17
8
2
33
3
6
2
43
4
1
1
65
1
1
1
54
1
5
2
63
1
1
2
2
3
10
3
25
3
3
2
17
2
9
3
49
2
12
1
7
7
10
2
25
3
11
2
36
5
4
2
14
1
3
2
65
4
8
2
42
1
4
1
11
12
11
1
32
2
4
2
35
2
5
1
55
2
7
3
14
24
9
1
17
6
12
3
31
5
9
3
3
5
5
1
10
7
6
1
7
9
12
1
5
2
5
3
31
10
5
2
18
1
9
3
66
7
3
3
18
1
2
1
10
6
8
2
52
3
9
1
67
1
3
3
27
10
3
3
26
9
2
1
16
1
4
1
32
5
11
1
61
1
5
2
66
3
10
2
4
3
7
2
31
5
2
1
35
3
4
3
33
22
9
2
67
2
9
1
65
2
2
2
30
2
10
3
6
3
9
1
22
2
2
3
54
2
11
2
36
1
2
1
31
2
4
2
23
3
4
1
15
1
10
2
26
2
9
1
23
2
3
2
4
2
10
1
42
1
3
1
36
1
3
1
6
2
7
1
60
1
1
2
54
1
3
3
36
15
8
1
45
2
9
2
18
2
12
2
29
1
3
1
37
2
8
1
45
1
7
2
12
3
12
1
44
3
10
3
40
4
6
2
1
2
6
3
1
8
4
2
61
2
6
2
15
2
7
3
52
18
4
2
9
1
7
1
36
2
2
1
13
2
12
2
41
4
7
1
23
3
3
3
44
3
7
3
6
2
9
1
34
6
12
3
45
7
1
3
7
2
1
3
44
2
7
2
44
3
6
3
63
2
4
3
28
11
4
3
68
7
7
1
4
2
1
3
35
1
1
1
55
1
9
