2
3
2
7
3
32
7
1
3
36
5
11
3
30
22
3
1
8
8
3
2
38
2
10
1
71
3
3
2
16
3
10
1
13
4
5
3
22
10
10
2
53
1
8
1
33
1
6
3
14
1
6
2
55
2
3
1
45
2
12
3
35
7
7
3
11
5
7
2
25
2
8
3
55
4
1
3
45
4
4
1
14
14
12
1
16
6
5
2
65
2
4
2
18
3
5
3
47
2
9
3
1
8
11
3
68
16
8
3
49
6
9
2
7
1
10
2
45
1
5
1
6
2
7
1
32
3
12
1
55
2
10
3
71
4
2
3
27
15
5
2
6
1
1
3
6
5
12
1
6
1
8
3
7
3
12
3
16
7
1
3
68
17
8
1
32
2
2
1
60
2
10
3
66
7
2
1
39
1
12
1
53
1
12
2
65
1
6
3
8
15
4
2
38
4
1
2
10
2
11
2
5
1
9
2
63
1
12
1
45
1
9
1
34
8
11
2
17
3
4
1
41
3
1
2
31
5
8
3
33
7
3
3
61
10
7
3
63
8
4
2
68
4
11
3
17
17
8
2
66
2
12
1
61
2
7
2
47
1
5
3
10
8
7
3
67
34
5
2
1
2
12
1
27
2
8
3
3
8
8
3
5
5
6
1
30
19
12
2
14
1
2
2
14
2
10
2
41
4
4
3
14
2
1
3
44
3
8
1
15
3
5
3
8
9
6
1
61
1
3
2
63
2
2
1
14
21
12
1
66
3
2
2
54
1
12
3
22
2
12
2
28
1
3
2
23
3
4
2
8
3
2
1
10
6
9
3
27
10
5
3
2
5
9
2
4
2
4
1
67
1
10
2
44
1
10
1
25
2
9
1
5
2
1
2
41
3
5
3
9
2
9
2
2
3
11
3
9
22
8
2
1
1
6
1
42
1
8
2
12
1
9
2
30
3
12
1
39
4
11
1
15
1
6
3
71
2
12
1
63
2
1
3
28
3
3
1
1
3
10
2
53
3
12
1
17
8
11
3
39
7
3
1
12
16
1
2
13
2
4
3
41
4
5
1
63
1
9
2
45
3
12
2
11
1
7
3
37
3
12
3
54
1
5
3
45
2
3
1
30
21
8
3
6
4
2
1
26
3
6
3
42
3
9
3
44
9
9
2
43
1
10
1
3
10
9
1
1
2
6
1
43
1
4
1
7
11
1
1
26
1
5
1
67
3
3
1
10
2
7
3
61
2
4
1
47
2
8
2
71
3
12
2
37
3
7
2
26
2
1
1
23
3
10
3
5
4
3
3
52
1
3
2
36
4
3
3
12
4
12
2
33
3
2
1
2
4
5
1
53
2
11
2
52
7
9
2
13
1
2
2
36
3
11
2
66
3
2
3
65
20
10
1
55
1
1
2
47
2
9
2
61
3
11
2
67
1
9
1
60
1
2
1
3
6
9
3
41
2
7
2
40
4
1
2
39
4
6
1
7
2
10
3
60
19
8
2
31
3
3
2
7
2
2
2
49
1
11
1
71
1
8
3
29
14
11
1
29
3
8
1
49
1
1
1
42
2
12
2
5
2
7
3
25
6
3
1
23
1
5
3
10
4
5
3
63
1
10
1
27
3
8
3
43
1
11
2
61
1
9
3
2
1
4
3
13
7
6
3
17
2
11
3
40
5
4
3
15
4
5
1
41
1
2
2
29
2
3
2
16
2
2
3
53
1
1
2
68
1
9
2
27
2
10
2
55
3
2
1
38
3
2
2
42
3
8
3
34
11
12
2
22
2
1
2
9
2
11
3
37
1
2
2
39
1
4
3
38
2
1
1
35
2
6
1
37
1
11
3
12
6
1
1
28
3
12
3
23
5
12
3
52
2
3
1
25
3
9
2
6
2
2
3
39
10
4
1
52
1
3
2
60
1
5
2
43
5
4
1
37
2
1
2
34
2
6
3
26
9
11
2
35
2
9
1
66
2
3
1
35
1
9
3
65
6
6
3
54
2
4
1
4
6
7
1
68
2
8
3
13
1
8
2
32
4
10
1
18
3
8
3
34
8
9
3
35
8
6
2
23
1
11
2
44
5
6
2
29
3
2
2
27
1
11
1
52
2
9
3
3
7
2
2
40
2
11
2
17
2
2
2
67
2
1
2
15
3
9
1
40
1
1
3
42
2
4
1
13
6
12
1
9
7
10
3
4
27
6
2
9
1
10
2
2
2
3
3
47
7
11
1
31
9
12
1
4
7
8
1
49
2
1
3
30
7
6
1
65
2
7
1
2
2
11
2
37
2
11
2
18
2
3
3
4
3
3
3
15
16
11
2
22
3
9
3
53
6
1
2
35
1
5
2
33
1
10
3
40
2
2
2
26
4
11
2
15
1
12
3
31
12
1
1
9
3
7
2
10
3
10
3
18
12
6
3
32
6
1
1
54
1
12
2
25
1
6
3
49
5
1
1
31
16
1
3
33
8
4
1
18
12
11
1
33
5
10
2
60
3
12
3
18
21
5
3
25
3
1
1
11
11
9
1
16
3
9
1
36
1
10
3
36
14
2
1
36
3
3
3
26
1
5
2
3
1
12
2
4
3
4
3
23
11
6
2
54
2
5
3
7
4
4
3
43
5
5
3
38
8
3
1
43
3
1
3
1
1
2
3
11
20
11
3
60
3
8
1
68
3
8
1
8
16
3
1
65
1
3
2
32
2
4
1
28
2
8
1
29
1
1
1
40
3
5
2
34
3
9
3
31
18
3
1
22
3
7
2
28
3
9
1
44
2
4
2
30
5
7
2
52
5
9
2
42
4
9
2
49
3
6
3
55
12
5
1
12
10
11
1
17
4
6
1
38
2
3
1
5
1
3
1
44
1
11
3
29
4
12
1
22
1
5
2
12
3
10
2
71
1
2
3
28
8
5
1
34
7
2
3
67
17
10
2
8
1
11
1
54
2
11
2
11
2
12
3
16
8
5
1
11
5
2
1
47
1
3
3
66
4
7
