2
41
5
11
2
67
1
4
2
39
1
2
2
3
1
6
1
68
2
2
1
5
1
10
2
29
2
1
2
36
4
10
2
6
3
12
1
34
7
7
3
29
11
5
1
47
1
12
3
16
7
7
2
67
2
4
1
12
5
5
2
5
3
4
2
42
1
4
2
49
1
5
3
28
4
3
1
41
1
12
3
31
15
10
2
8
3
12
1
43
1
4
3
61
9
6
3
37
11
4
1
9
9
9
2
49
4
1
3
17
6
8
1
13
1
6
1
6
2
11
1
43
3
2
3
27
11
5
2
13
1
9
1
2
4
7
3
25
6
5
1
63
1
3
2
29
1
12
3
55
11
12
2
8
2
6
1
25
3
10
1
28
3
1
2
53
1
11
2
38
1
4
1
25
1
6
1
60
1
1
2
45
4
1
2
41
2
2
2
26
4
5
3
61
10
8
3
32
9
10
3
37
6
2
2
38
5
6
1
27
2
8
3
44
3
10
2
17
2
5
3
35
3
11
1
9
2
5
3
54
1
9
2
25
3
2
1
37
2
4
3
6
1
8
2
15
1
9
2
16
3
2
3
28
5
9
3
67
36
10
2
22
3
10
2
47
3
4
3
38
8
4
1
37
1
2
1
6
1
3
2
35
2
6
1
7
5
3
3
3
2
5
2
60
3
2
1
22
2
5
3
26
3
12
3
14
24
2
2
37
2
4
2
33
2
11
2
27
3
6
1
55
2
10
2
35
3
12
3
13
6
10
1
1
3
7
1
45
1
3
3
9
15
2
2
26
1
4
3
12
5
8
1
10
1
9
2
14
3
11
1
45
2
2
1
55
1
9
1
52
2
9
2
28
3
3
3
40
1
3
2
1
2
8
2
44
3
11
1
47
3
6
2
11
2
3
3
43
7
10
3
63
13
8
3
2
12
1
2
4
2
3
3
42
3
8
3
66
4
4
3
35
8
2
1
63
2
9
1
66
3
9
1
60
2
10
2
28
1
7
1
65
1
8
2
2
2
9
2
30
2
5
2
54
1
3
1
16
4
9
1
3
10
3
2
18
4
7
3
15
11
1
3
60
13
8
2
31
4
12
1
32
1
1
1
42
1
10
2
55
1
2
1
18
5
1
1
54
2
1
1
10
2
9
3
7
2
8
1
31
14
7
1
11
11
7
1
8
1
3
2
45
3
11
1
66
1
10
2
63
2
11
2
52
1
8
1
39
2
5
2
12
1
4
3
49
1
7
1
40
2
9
3
42
2
12
1
8
14
6
2
33
1
11
1
11
1
5
3
44
1
10
3
65
9
4
2
36
3
7
2
39
4
5
2
10
1
9
1
31
2
1
1
12
10
1
1
68
3
7
2
2
3
2
1
7
2
9
2
43
4
4
2
15
2
8
2
63
1
12
3
68
10
7
2
10
3
9
2
44
2
11
2
1
1
7
2
31
1
1
2
22
2
7
3
52
4
3
1
29
1
8
3
41
4
7
1
15
4
4
2
66
2
3
1
71
3
1
1
39
4
2
2
4
1
8
3
1
9
4
3
23
12
6
2
65
1
3
1
23
3
2
1
54
1
10
2
11
3
9
3
22
6
6
1
17
15
10
3
55
9
2
3
3
7
6
1
18
4
6
3
11
1
6
3
60
20
3
1
38
2
5
2
61
2
5
2
16
2
6
1
17
8
12
2
43
5
11
2
27
1
12
2
61
1
2
1
26
1
2
3
36
5
3
1
71
2
1
3
63
8
6
3
5
3
7
1
49
1
4
3
12
3
12
3
49
4
1
3
40
6
1
2
32
4
11
3
18
5
7
1
27
3
7
1
32
4
5
2
42
4
8
1
3
2
5
1
61
3
9
3
7
5
10
2
32
1
2
1
53
1
2
1
35
2
3
3
26
5
3
2
52
2
5
3
8
2
10
3
66
2
12
3
18
15
7
3
68
1
11
1
36
2
4
2
40
4
8
3
29
14
1
3
36
4
5
3
13
2
1
1
34
6
3
3
52
7
3
2
71
3
6
2
71
2
4
1
30
17
12
1
15
1
2
3
6
4
4
3
8
19
9
3
67
25
12
1
5
2
3
1
16
7
1
3
39
10
1
3
1
1
3
3
27
1
2
1
4
6
12
3
32
3
12
2
5
2
1
3
65
12
6
3
47
8
7
3
25
9
8
2
68
4
1
3
17
14
7
1
4
2
7
3
39
3
2
3
53
8
1
1
44
3
12
2
65
4
3
3
30
2
7
2
47
4
5
3
33
24
6
1
40
1
5
3
34
10
8
1
35
1
2
1
38
1
6
3
10
2
5
3
43
3
5
3
23
19
8
3
45
1
8
3
14
3
2
1
41
3
3
2
14
1
5
1
23
1
6
3
11
19
11
3
4
14
10
3
34
9
7
1
49
2
6
1
13
5
6
3
30
18
10
1
33
4
3
2
6
2
8
3
4
24
10
3
54
2
4
3
31
1
2
3
45
4
12
1
28
1
10
1
61
1
10
3
5
2
8
2
53
2
6
3
33
21
12
2
55
3
2
3
2
10
2
1
36
3
3
2
54
2
1
2
18
3
4
2
12
3
3
3
71
3
2
2
68
3
4
1
26
2
11
2
34
3
11
3
22
1
3
2
25
2
4
1
14
7
7
2
23
2
6
1
33
6
12
1
67
3
4
3
41
2
1
3
9
6
1
1
2
3
3
3
53
6
1
1
29
2
2
2
23
3
5
3
10
17
1
2
40
3
4
2
7
3
9
1
42
2
10
1
22
1
12
1
30
16
1
3
47
6
8
2
66
1
10
2
30
5
11
1
65
2
9
3
16
5
3
2
13
2
3
3
38
6
9
3
71
5
12
1
14
2
10
3
15
16
9
2
37
4
1
2
9
1
12
1
44
4
1
2
3
3
5
1
1
1
7
1
53
2
10
2
60
4
11
2
7
2
9
1
52
1
8
1
67
2
9
2
17
1
6
2
9
2
8
2
34
2
1
