3
2
8
9
3
41
2
9
1
27
3
6
2
18
1
4
3
42
3
1
2
32
4
8
1
61
1
3
3
40
2
5
3
66
8
5
2
63
1
2
1
14
17
3
3
30
25
11
3
49
3
6
3
54
2
9
2
43
2
1
1
33
2
4
3
31
6
5
1
41
3
2
3
36
3
8
3
55
6
6
1
68
3
8
1
38
1
9
2
41
1
10
3
47
4
11
1
45
2
1
2
3
2
12
3
6
5
12
1
22
3
3
3
52
11
2
1
29
1
10
2
17
2
5
1
26
2
7
2
67
1
2
2
11
2
2
3
53
4
2
3
60
28
7
1
36
2
8
1
25
1
4
2
41
5
4
3
27
12
9
2
7
3
3
2
49
1
2
1
4
3
2
2
29
3
7
2
29
2
11
1
35
4
2
3
45
1
12
1
60
1
2
3
29
19
1
1
3
1
5
3
38
8
7
1
37
1
1
2
15
1
2
1
2
1
6
3
66
2
1
3
7
2
9
1
26
1
1
1
28
2
4
2
9
2
8
2
22
2
12
2
53
3
2
2
40
2
3
2
25
2
9
1
23
1
8
1
5
2
6
1
11
1
3
2
37
1
11
3
49
8
12
3
23
10
10
2
8
3
2
3
32
7
12
3
26
6
9
3
22
10
10
3
68
13
11
3
42
2
8
3
63
3
7
2
16
2
5
3
8
6
9
1
2
2
12
3
1
10
5
3
43
2
3
2
26
4
9
2
17
1
12
1
42
2
7
1
4
5
6
1
16
3
12
1
65
1
9
1
63
1
9
3
30
8
4
2
55
1
2
1
32
5
12
3
23
14
9
3
37
3
7
2
67
2
11
1
13
2
10
3
55
7
8
2
36
1
3
2
71
1
7
1
15
2
12
1
17
6
6
2
6
2
12
1
52
2
12
1
36
3
12
1
31
3
10
1
18
10
12
1
66
2
11
3
17
3
6
3
5
5
9
3
41
1
7
3
12
6
11
1
9
5
1
3
35
3
9
1
41
1
12
3
12
3
1
2
23
1
1
2
71
3
5
1
7
11
6
1
39
1
10
2
68
4
6
1
10
4
12
3
25
6
10
2
38
4
12
2
13
3
4
2
35
1
8
2
49
2
8
3
63
9
1
2
65
1
12
2
65
2
5
2
14
2
10
1
49
2
10
2
10
3
8
3
44
9
10
1
53
2
6
3
52
14
9
2
4
2
3
1
28
3
2
1
16
4
3
1
68
1
8
3
5
2
9
2
60
2
9
1
5
1
10
2
32
2
7
1
17
7
4
3
67
30
9
2
33
2
10
1
67
2
5
3
11
15
4
1
47
1
9
1
34
7
8
2
18
2
7
2
61
2
8
3
67
2
8
2
66
1
12
2
39
3
10
3
47
10
11
2
25
3
4
1
42
1
9
2
14
1
2
2
40
3
6
2
53
2
7
3
18
11
3
1
14
22
10
2
13
2
7
3
22
3
5
2
5
1
3
2
28
2
8
1
6
1
4
1
31
4
6
1
43
1
8
3
3
10
3
3
25
7
7
3
11
9
2
1
65
2
12
3
39
4
1
3
9
15
12
1
13
4
12
2
6
1
4
3
43
7
9
2
60
4
4
3
1
3
12
2
36
5
12
3
44
4
11
1
37
2
10
3
16
3
5
1
71
3
1
3
10
24
6
2
34
2
8
3
61
11
12
1
71
2
3
1
8
17
9
2
9
3
10
1
23
2
2
3
35
6
10
2
1
3
2
3
33
24
5
3
45
7
8
1
38
2
7
3
33
2
4
2
23
2
1
2
30
1
5
1
12
13
12
3
28
1
9
3
6
1
10
1
30
1
1
1
43
3
8
3
29
10
3
3
13
2
2
3
9
4
9
2
10
2
3
2
26
2
5
2
43
4
7
2
5
3
6
1
54
3
3
3
15
10
5
2
37
3
10
3
3
6
10
1
40
3
2
2
2
3
2
2
44
5
12
3
7
1
5
1
18
1
6
2
54
1
12
3
18
3
2
2
16
1
1
1
3
7
5
1
47
2
3
2
47
1
4
2
27
3
7
3
65
21
11
1
53
1
5
2
2
2
12
3
71
1
5
3
34
10
7
3
32
11
5
3
61
7
10
3
68
17
6
1
40
2
7
1
67
3
9
2
12
1
2
1
10
6
4
2
12
3
1
3
39
1
5
2
52
5
8
2
63
2
11
3
40
4
10
3
8
10
4
2
30
2
3
1
66
1
7
2
15
2
1
1
33
3
9
2
38
3
8
1
52
3
11
3
15
14
2
2
55
2
2
1
30
21
8
2
31
3
7
1
44
4
7
3
65
10
4
1
49
1
6
1
44
2
11
3
60
17
9
2
31
4
4
1
12
17
9
1
55
1
12
2
47
4
8
2
44
4
9
1
61
3
7
1
54
2
7
1
32
3
12
3
28
4
4
1
15
3
1
2
7
2
8
2
61
3
12
3
26
9
3
3
38
12
12
3
37
12
10
1
11
4
11
2
8
1
1
2
52
2
1
1
45
1
12
3
54
1
9
2
22
3
1
3
4
10
12
1
22
2
1
2
66
2
2
3
10
4
5
3
27
9
8
2
1
1
11
3
17
16
6
3
14
15
6
3
36
11
5
2
45
3
3
2
27
2
9
1
27
2
5
1
35
1
7
1
1
1
2
2
34
3
9
2
28
3
2
3
31
20
7
3
34
9
4
1
55
2
3
1
1
2
9
3
13
8
12
1
60
2
6
3
53
3
8
3
71
5
3
3
16
7
2
1
6
2
4
2
4
1
11
2
42
4
12
2
3
1
12
2
45
1
4
2
33
1
11
1
39
2
9
2
35
3
1
1
34
5
8
1
25
2
5
3
4
7
11
3
14
23
3
2
54
2
6
1
63
2
12
1
29
3
10
3
2
9
8
2
39
4
2
1
8
4
2
2
42
3
7
1
7
10
2
1
9
10
11
2
11
3
8
2
68
3
4
