1
15
4
10
1
36
1
7
2
22
1
2
3
55
12
8
2
4
1
6
3
66
6
1
1
40
2
10
2
47
2
5
3
40
5
10
1
23
1
1
1
33
6
11
1
38
3
4
3
41
4
6
3
33
8
5
2
37
4
3
1
33
3
3
1
13
4
6
1
22
1
2
3
67
3
1
2
68
4
8
2
14
1
9
2
32
4
2
1
38
1
7
2
23
2
1
2
33
2
4
2
6
3
10
3
8
14
4
3
67
38
1
3
65
3
10
1
61
3
12
2
61
1
12
1
6
2
6
3
18
22
5
1
60
2
6
2
63
2
12
1
11
1
12
2
22
3
3
3
42
2
10
2
2
3
7
2
36
3
5
2
16
1
6
3
5
4
5
1
8
5
3
1
67
3
8
2
14
3
1
2
18
1
10
3
8
20
11
1
9
3
2
2
33
3
9
2
26
4
9
1
67
2
6
2
52
1
12
1
18
4
8
3
4
21
7
2
65
3
6
1
5
2
1
1
63
2
6
3
34
10
2
3
49
4
8
1
53
2
3
1
3
4
7
3
45
5
3
1
26
1
12
3
4
13
8
1
14
14
10
2
1
2
5
3
61
10
10
2
39
2
6
1
17
15
8
1
27
1
7
1
32
2
8
2
23
1
6
3
52
17
1
3
37
5
3
2
44
4
10
2
13
3
3
3
44
7
11
1
47
2
10
1
41
2
8
2
1
1
11
2
41
1
4
2
53
1
10
1
45
1
7
3
16
2
11
1
11
3
10
1
9
4
10
1
55
2
4
2
44
3
6
2
31
3
6
3
17
6
12
3
66
9
1
1
42
1
2
3
29
3
1
3
32
6
1
2
8
1
10
1
10
6
11
2
12
2
3
2
15
1
2
1
54
3
8
3
36
14
1
3
3
2
4
2
45
3
9
3
30
3
6
3
71
4
7
1
63
1
7
3
38
8
1
3
42
3
11
3
39
6
4
3
2
9
10
2
9
3
11
3
15
5
2
3
54
1
2
3
61
1
1
3
14
12
3
2
35
1
9
1
40
3
1
1
66
1
11
3
52
5
8
3
47
3
2
2
29
2
9
1
17
3
7
1
23
2
4
1
47
3
12
1
71
3
5
2
43
3
3
1
53
1
7
3
23
6
11
2
9
1
7
3
49
2
11
2
18
2
10
2
28
3
12
2
6
2
1
1
68
1
9
3
53
5
11
2
7
1
7
3
25
6
6
1
7
8
1
2
10
2
2
3
2
10
3
1
7
6
3
2
42
1
11
1
16
3
8
2
31
2
1
3
35
3
7
1
66
3
10
1
4
8
8
1
25
3
3
1
44
3
1
3
39
9
8
2
55
2
7
1
10
7
1
2
11
3
7
3
16
7
8
1
49
2
8
3
27
12
1
1
1
2
1
3
45
3
2
3
1
8
1
1
42
2
6
3
31
25
8
2
5
1
3
3
34
2
6
2
15
3
12
2
3
1
12
1
29
2
7
1
28
3
12
3
65
1
2
1
22
2
12
3
7
1
4
3
30
15
2
1
30
6
2
1
37
2
1
3
6
3
10
1
61
2
8
2
17
1
11
2
4
2
1
2
28
1
7
2
43
2
1
1
1
1
9
2
27
1
3
3
44
2
6
3
1
3
5
1
65
2
11
1
68
3
2
3
10
25
2
1
32
6
5
1
52
1
8
3
23
18
2
2
40
1
12
2
34
1
3
2
55
3
4
2
60
1
5
1
14
6
7
1
4
4
11
2
54
2
8
1
36
3
12
2
16
3
3
2
11
2
12
3
63
2
4
2
36
5
9
1
8
11
10
2
30
4
7
1
54
1
11
2
61
3
6
3
54
2
10
3
29
19
3
3
53
8
2
3
31
20
12
3
55
16
3
1
45
2
10
2
41
4
3
3
71
2
1
3
36
3
4
2
35
3
4
2
60
3
2
2
63
3
2
3
37
10
1
2
26
1
9
2
25
1
9
2
71
1
10
3
25
1
12
1
28
2
12
3
12
2
4
3
28
8
10
1
60
1
2
1
3
7
6
1
29
1
4
2
45
1
5
1
41
1
6
2
47
1
6
2
34
3
1
3
41
3
8
3
26
7
7
2
49
4
8
1
65
1
3
2
54
1
11
1
18
12
5
1
37
1
11
3
43
8
9
2
65
1
9
1
26
3
12
2
53
3
3
3
9
13
4
1
27
2
11
2
32
3
1
1
44
1
2
2
52
4
10
1
52
2
10
2
37
2
5
3
9
9
2
1
55
1
4
1
30
5
4
3
43
1
4
2
5
3
3
3
18
17
4
2
68
3
4
2
66
3
6
2
13
1
8
3
17
11
12
1
2
5
3
1
5
1
7
1
31
14
10
2
7
3
6
3
32
1
12
3
3
4
9
2
67
2
4
3
15
3
7
2
2
2
9
2
42
3
10
1
71
1
6
1
13
9
5
3
5
3
12
2
71
3
6
3
11
2
3
3
13
5
9
1
2
3
1
3
40
4
1
2
40
4
6
3
6
6
6
1
15
5
3
2
30
1
12
1
39
1
2
3
10
5
2
3
35
1
4
3
22
10
6
1
16
5
5
2
8
2
1
3
13
9
1
3
63
11
8
1
43
1
2
2
38
5
6
1
12
12
4
3
60
26
6
2
39
4
12
3
22
7
1
3
38
1
10
1
34
3
6
2
17
2
11
2
25
3
8
3
14
26
11
3
68
14
11
3
47
9
3
3
26
6
6
1
12
2
8
2
38
4
7
3
28
14
9
2
66
2
12
2
3
3
3
1
43
2
8
2
10
1
1
2
67
1
12
1
49
1
6
3
27
1
4
3
7
2
12
1
31
1
9
2
29
1
8
3
60
29
7
3
12
4
5
1
25
2
8
1
39
4
2
3
11
12
4
1
6
1
10
3
68
9
8
2
27
2
2
1
35
4
9
2
49
2
8
2
12
3
9
1
34
10
2
1
35
2
6
3
33
5
8
