2
41
5
9
1
14
16
9
1
71
2
10
1
33
7
3
2
10
3
12
3
14
24
5
2
36
1
8
1
15
1
2
1
42
2
10
1
45
2
9
3
11
5
10
1
53
2
10
3
55
13
12
1
40
1
8
1
28
1
4
1
32
2
1
3
39
3
11
1
10
7
7
3
61
4
2
2
30
4
2
3
65
9
11
2
11
1
1
3
33
6
4
2
9
1
9
1
42
1
4
3
43
6
8
1
38
1
8
2
6
3
11
1
22
1
7
3
63
5
10
2
27
1
1
3
17
5
8
3
3
9
11
2
18
1
1
3
22
8
8
2
54
1
9
2
39
2
12
1
17
16
11
3
39
7
12
3
2
7
12
3
41
4
11
2
16
1
6
2
55
3
9
3
55
3
12
1
32
3
10
3
61
2
9
3
1
8
2
1
39
2
6
3
71
5
11
2
4
1
12
1
3
5
3
2
23
2
11
2
31
2
10
2
16
3
12
2
15
3
1
2
26
3
7
2
26
2
11
3
34
4
6
2
12
3
11
1
38
2
1
2
28
1
1
3
1
9
7
3
54
2
10
2
33
1
4
1
40
2
7
3
38
1
7
3
16
4
12
1
52
2
2
1
27
3
3
3
9
15
12
2
17
1
3
3
23
11
5
3
45
3
5
2
44
3
7
3
13
6
11
3
32
11
8
2
41
2
12
2
65
3
11
2
2
1
3
2
12
1
9
3
71
2
12
3
27
13
4
2
29
3
10
3
49
3
11
1
31
8
10
2
63
2
11
2
66
2
3
2
3
1
4
1
18
11
2
3
47
6
10
1
9
6
11
3
68
17
8
2
35
1
4
2
45
1
10
2
10
1
10
2
34
3
6
3
5
5
5
3
44
5
10
1
26
3
11
1
60
1
6
3
6
3
5
3
49
5
6
2
60
4
3
2
7
2
5
3
12
3
4
3
18
16
1
3
53
7
1
1
33
6
2
3
35
1
5
3
35
4
12
2
5
1
10
2
28
3
4
3
13
8
7
1
6
2
3
1
14
8
12
1
35
1
10
2
55
2
2
3
15
6
11
3
3
2
7
3
34
11
8
3
60
14
9
1
27
2
9
1
10
4
9
3
30
13
7
1
11
4
11
2
49
3
11
2
35
3
5
2
7
3
5
3
10
11
2
2
36
5
1
3
29
15
2
1
60
2
1
3
8
8
10
3
67
1
9
2
63
1
4
1
12
15
5
2
49
1
1
3
9
31
2
1
43
2
11
1
61
2
11
2
5
2
4
3
30
19
6
2
18
2
5
2
32
1
2
1
67
3
8
1
63
2
7
3
10
20
4
2
47
3
10
1
63
1
7
1
65
2
4
1
49
2
10
1
44
4
12
1
52
3
3
1
39
3
8
3
41
1
4
1
34
8
1
3
25
5
10
1
47
2
5
1
29
1
1
3
66
2
5
2
2
3
2
1
53
1
12
2
14
2
3
1
2
6
9
1
12
16
7
1
18
3
7
2
37
1
12
2
67
2
5
1
30
20
6
2
11
2
10
3
33
15
7
3
16
3
2
3
28
14
6
3
65
8
3
3
42
1
4
2
67
1
7
1
30
9
3
2
25
1
8
2
34
1
7
1
6
1
6
3
32
2
3
2
32
3
11
2
40
4
12
2
23
3
5
2
43
1
3
2
42
2
12
2
44
4
12
1
43
1
9
3
2
10
7
2
39
3
9
2
8
3
4
3
7
5
4
2
45
3
6
2
22
2
12
3
12
7
4
1
65
1
5
1
36
1
11
2
31
3
5
2
60
1
10
3
29
1
7
2
61
2
8
3
26
7
3
2
15
2
6
1
47
1
6
1
66
3
6
1
7
1
3
1
28
2
10
2
71
2
5
3
8
3
8
2
68
3
4
2
14
3
11
2
52
6
7
3
31
2
8
2
6
1
1
2
54
2
9
3
4
10
6
3
17
17
3
3
53
4
2
1
61
1
2
1
36
2
1
2
68
2
1
1
25
2
7
1
54
2
8
3
38
9
11
1
25
1
12
3
11
8
10
1
66
2
6
2
52
5
3
3
37
2
6
2
33
2
12
1
68
2
5
3
40
3
1
1
29
2
5
1
5
2
9
2
71
3
5
1
37
2
9
2
25
3
4
2
9
3
4
3
45
4
10
1
1
3
4
3
52
10
6
1
41
3
10
2
3
3
4
2
53
2
11
3
6
5
3
1
67
1
3
1
35
3
6
1
55
2
3
2
65
4
8
1
13
1
5
3
52
16
6
1
16
4
1
1
31
3
12
1
8
14
9
3
36
12
2
3
40
5
4
3
18
25
8
2
1
3
2
1
44
1
11
1
15
4
4
2
38
2
7
3
22
4
10
3
42
3
3
2
13
1
5
2
17
2
10
3
23
1
10
3
27
1
4
1
11
3
6
2
61
1
7
3
66
1
12
3
15
1
5
1
22
3
9
1
23
2
4
1
17
14
5
1
26
1
11
3
28
12
12
1
8
17
9
1
54
3
7
1
23
3
5
2
43
2
7
1
9
11
2
2
66
3
2
1
4
8
7
1
34
5
6
1
68
3
2
2
37
2
5
1
49
1
7
2
4
3
10
2
53
3
7
1
41
2
5
3
14
17
6
1
3
11
4
1
16
3
7
2
38
3
11
3
43
1
2
2
13
3
11
1
4
6
2
3
67
31
10
1
7
6
1
3
63
10
12
3
5
4
4
2
8
2
9
3
31
14
5
2
42
4
11
2
30
2
12
3
36
15
11
2
40
2
12
2
29
2
10
1
45
1
10
1
5
1
8
3
25
9
12
1
13
2
8
2
27
2
10
3
37
11
6
3
44
10
7
1
37
1
8
1
71
1
4
3
26
6
6
1
1
1
8
2
1
2
12
3
54
1
6
2
22
1
6
1
2
7
8
3
4
25
7
2
47
1
11
1
55
1
2
3
68
12
6
3
47
4
6
3
7
3
5
3
60
12
8
