2
27
3
4
2
31
2
9
1
22
2
10
3
2
1
7
2
5
3
4
1
68
1
12
3
7
5
7
1
33
1
6
3
15
12
6
2
5
2
2
3
34
8
6
3
16
6
3
3
2
9
11
2
26
3
9
3
39
9
6
2
44
4
9
1
16
4
8
3
3
1
11
3
67
8
11
2
39
3
1
3
3
8
11
1
27
1
3
2
23
3
7
3
54
2
6
2
26
4
3
3
53
4
4
1
37
2
12
2
6
3
9
1
41
2
12
1
49
2
6
1
40
3
10
3
32
12
12
2
33
1
4
1
42
2
8
2
2
1
8
2
33
3
6
3
43
3
7
1
71
3
10
1
3
6
1
3
27
13
1
3
40
4
4
1
60
1
9
3
22
11
2
3
66
1
9
2
30
2
7
2
11
2
2
1
39
1
12
1
61
3
9
1
44
2
8
2
34
3
3
1
30
3
3
2
1
1
6
3
63
13
11
1
65
2
11
2
38
3
12
3
65
6
7
2
40
3
6
3
34
4
7
3
25
7
3
3
5
5
1
1
5
1
6
1
7
1
12
1
41
3
7
1
6
1
5
1
71
2
1
1
13
8
1
3
1
8
10
1
25
3
8
3
18
9
9
1
52
2
6
2
68
4
7
2
47
3
10
2
27
2
3
1
43
1
1
3
37
6
3
1
3
2
6
3
6
6
8
3
42
3
6
2
71
2
6
1
30
11
10
1
9
14
12
3
17
1
5
3
13
4
5
2
13
1
9
1
34
7
10
1
17
1
7
2
17
2
8
2
13
2
11
2
37
4
7
2
22
3
4
2
71
1
8
1
55
2
3
2
54
1
5
3
6
5
5
1
12
7
1
2
14
3
3
2
67
2
5
1
55
1
4
1
14
4
12
2
32
4
11
2
53
2
3
1
65
1
10
1
66
3
12
2
29
2
4
3
15
17
5
3
52
5
1
3
28
14
1
3
29
16
8
2
65
2
7
2
28
1
2
3
68
2
12
1
22
1
11
3
54
1
3
3
1
4
11
1
53
2
9
2
28
2
9
2
17
3
2
2
42
3
4
1
32
3
3
1
2
7
10
1
31
13
10
2
42
2
4
3
16
7
5
1
1
3
12
3
8
8
2
2
49
3
3
2
53
1
9
2
38
1
6
3
61
1
7
1
4
3
4
1
8
3
6
1
5
2
7
3
55
12
8
3
68
9
7
1
34
11
7
2
54
2
3
2
68
2
4
1
12
18
8
3
4
23
3
2
55
1
1
3
38
5
7
1
36
3
1
1
60
2
12
2
15
2
12
3
8
12
3
1
44
1
8
2
14
1
3
3
30
10
4
3
29
13
9
3
71
4
9
3
31
11
7
2
35
1
7
1
47
2
11
3
26
7
8
1
49
1
10
2
49
2
3
3
11
5
6
3
32
9
9
3
49
2
3
1
29
2
7
3
61
9
7
3
4
6
10
3
44
5
8
3
26
3
11
3
5
3
6
1
54
3
9
3
41
4
8
2
29
1
2
3
63
6
4
1
67
2
1
1
43
3
10
2
1
3
5
1
18
15
10
1
47
3
1
3
36
5
6
3
65
16
10
3
35
4
9
3
33
17
7
3
27
14
7
1
31
5
8
2
25
2
1
1
2
6
3
1
16
3
3
2
66
3
4
2
41
4
2
3
35
6
1
2
34
2
1
2
35
3
8
2
61
1
4
3
13
9
2
1
4
7
8
3
45
6
4
1
7
10
12
2
4
1
1
3
22
1
5
1
52
1
9
1
28
2
11
3
66
6
9
3
67
35
2
2
6
2
5
1
25
2
9
2
65
4
11
1
15
3
7
1
13
4
12
2
37
1
10
1
45
1
3
1
29
3
12
1
23
1
1
1
10
8
3
1
67
1
5
1
15
5
7
2
18
2
8
2
2
3
2
2
52
5
9
3
30
26
6
3
47
9
9
1
66
2
6
2
16
3
1
2
30
5
5
1
36
1
8
3
18
16
10
2
23
1
3
2
25
1
11
2
10
2
3
3
47
8
12
2
40
2
11
3
52
16
5
3
53
8
7
1
17
5
1
2
44
2
1
1
27
2
4
1
26
3
4
2
52
2
4
2
43
3
9
3
14
4
3
2
3
3
12
2
63
3
7
2
18
3
3
1
35
4
8
2
10
3
11
3
45
5
5
3
9
1
11
2
61
3
10
2
60
1
2
1
54
2
9
2
67
1
6
2
55
3
8
3
60
24
9
1
28
1
9
3
43
8
8
3
11
15
9
3
71
3
6
1
11
1
9
3
14
21
3
2
12
3
6
3
12
7
4
2
47
1
11
2
8
3
7
3
40
5
9
2
45
3
4
2
16
1
4
2
7
3
7
1
40
2
9
3
36
8
5
2
11
1
6
1
35
3
12
3
25
6
12
2
60
2
4
2
36
3
4
1
18
11
5
1
53
1
10
3
7
2
9
1
61
2
8
2
32
1
10
1
45
2
4
1
6
2
12
1
1
1
10
3
23
2
10
1
37
1
9
2
15
3
3
1
11
7
8
1
14
10
7
1
63
2
9
2
3
1
3
1
26
2
10
3
41
2
6
2
63
2
12
2
22
2
1
3
39
2
12
2
43
1
8
3
10
17
1
2
8
1
5
1
10
7
12
3
12
5
12
2
39
1
11
3
42
2
1
2
41
3
9
1
68
2
10
1
8
9
4
2
31
5
6
3
33
21
7
1
38
2
8
2
7
1
12
2
4
3
2
2
9
1
6
3
28
3
1
3
55
7
1
2
36
5
5
2
12
1
4
1
63
1
4
1
39
3
6
2
45
1
12
1
33
5
9
3
9
30
12
3
17
11
8
3
49
8
8
1
38
3
4
1
23
3
5
3
23
16
7
1
9
8
5
3
37
7
8
2
9
2
6
3
38
10
1
3
31
8
5
1
32
5
12
3
44
2
10
3
60
21
3
2
66
1
7
1
42
1
11
3
10
7
10
