2
9
2
11
2
71
2
10
3
55
14
1
3
60
2
9
1
25
3
3
2
54
2
8
3
8
17
11
1
14
6
1
1
2
2
11
1
23
3
4
1
11
1
3
2
7
3
5
2
55
2
8
2
67
1
3
1
35
4
9
1
22
1
10
1
63
1
7
1
49
1
10
3
33
20
3
1
34
6
12
1
10
2
9
1
53
2
10
2
17
3
9
1
31
14
7
1
16
3
9
2
33
2
6
2
52
4
6
2
27
1
10
3
39
5
6
2
25
3
11
1
6
2
3
1
3
1
12
2
28
1
8
1
41
1
11
2
45
4
1
3
34
7
6
2
68
4
2
3
16
3
2
3
15
16
8
2
37
4
12
3
37
12
4
1
37
1
12
3
54
2
10
2
36
4
1
2
38
1
12
1
42
1
7
2
40
2
4
2
34
2
9
3
3
10
12
3
17
8
2
3
42
1
2
3
28
12
1
2
52
2
6
3
32
10
2
1
45
2
5
1
15
1
11
1
42
2
9
2
23
2
5
3
13
9
5
2
31
2
7
1
15
3
4
2
17
1
3
2
12
2
9
3
11
19
8
2
43
1
11
3
66
5
10
1
68
3
12
3
47
10
8
1
47
3
11
1
55
1
3
1
38
3
1
3
5
4
7
3
38
8
3
3
18
18
11
1
9
9
12
2
49
4
10
1
2
5
7
1
7
7
9
1
28
3
2
2
5
2
12
3
71
5
6
1
54
1
1
2
2
2
12
2
61
1
2
3
12
3
4
1
16
2
5
2
16
3
12
1
41
2
8
1
13
2
10
2
47
2
9
1
66
2
2
1
5
1
5
3
26
7
7
1
52
3
9
2
53
1
9
3
30
8
1
3
4
16
10
3
27
17
5
3
14
11
10
2
41
2
1
3
22
2
10
2
15
1
7
1
4
8
10
2
4
2
12
3
52
5
7
2
40
4
8
3
45
5
8
1
53
1
12
3
41
2
1
3
2
9
7
3
40
4
5
3
29
10
9
3
67
11
12
1
34
9
7
1
61
2
4
2
42
1
12
1
30
11
8
3
4
10
5
1
47
1
6
3
9
27
9
2
13
2
10
3
23
7
3
2
33
1
8
2
1
2
2
2
47
1
10
3
65
8
11
2
67
2
9
1
54
3
8
2
39
2
2
1
31
12
11
3
63
4
7
1
9
14
8
2
22
3
1
3
26
1
7
2
38
2
5
1
60
2
12
3
41
4
12
3
38
7
9
2
63
1
11
2
4
3
5
1
32
4
10
2
44
3
10
3
53
6
2
3
66
9
2
1
11
10
6
1
27
1
4
3
45
6
10
2
6
1
4
3
49
1
1
3
28
5
2
3
29
5
6
3
3
3
10
2
35
1
2
2
32
1
8
3
36
11
8
3
63
9
3
2
68
2
10
3
15
1
9
2
53
3
8
2
16
1
4
2
66
1
7
2
13
3
9
3
25
4
2
2
30
3
11
1
25
2
5
2
8
1
1
1
38
2
11
3
14
12
7
3
9
25
9
1
29
2
10
2
8
2
10
3
68
13
5
2
10
3
12
1
12
17
6
1
66
1
10
2
31
3
3
2
15
3
10
3
43
3
6
1
4
1
5
1
13
4
2
3
1
5
1
1
26
2
5
3
43
4
10
2
11
3
12
1
68
1
4
2
34
3
12
3
67
21
3
2
35
3
3
1
8
4
3
1
55
2
12
2
45
3
10
3
55
15
7
2
14
1
11
2
30
1
9
2
60
4
8
1
32
2
10
3
44
1
12
3
17
12
1
1
29
1
11
3
7
2
11
2
28
3
5
2
65
1
6
3
5
5
9
2
18
3
5
2
22
2
10
2
26
1
7
1
10
7
4
3
32
5
10
2
36
1
6
1
33
3
9
3
44
2
7
3
13
7
8
3
47
2
8
1
44
1
5
3
1
8
9
2
14
2
10
3
71
2
1
3
10
10
4
3
68
4
4
1
71
3
9
1
63
2
2
1
14
4
6
1
49
2
12
2
41
3
10
1
43
2
5
1
6
1
10
2
66
3
3
1
40
3
12
3
61
10
12
3
35
3
3
1
40
1
9
1
52
2
6
1
71
2
8
1
17
9
9
1
18
5
6
1
44
2
1
3
37
6
3
3
25
3
7
3
35
5
10
2
6
2
1
2
32
4
3
1
39
1
5
1
12
12
2
1
37
2
10
2
2
3
3
1
33
2
8
3
60
12
8
2
11
2
10
1
26
1
2
2
61
3
5
3
2
8
2
2
42
2
6
3
40
2
10
1
23
2
2
3
12
5
12
2
27
3
1
3
22
5
2
3
23
2
11
2
37
2
3
3
27
16
5
1
36
3
9
3
49
7
4
2
12
1
10
1
36
2
5
2
3
3
12
1
43
1
1
3
36
9
1
1
18
4
2
3
10
19
4
2
3
1
9
2
39
3
1
3
31
26
1
2
71
3
11
1
30
10
9
1
67
1
6
3
39
4
3
2
18
1
10
1
60
1
5
1
3
11
7
1
1
2
4
1
17
13
1
1
61
3
5
3
6
5
1
3
65
13
2
2
5
1
6
3
54
1
12
2
44
5
5
3
31
5
10
2
10
1
10
2
54
1
8
3
53
1
5
2
23
3
1
2
9
1
7
2
63
2
2
2
25
1
4
1
67
3
5
3
6
1
5
1
65
2
8
3
34
8
11
3
42
3
6
3
18
4
5
2
55
1
11
1
8
6
5
3
8
9
8
1
1
1
2
1
7
10
2
1
5
2
6
1
45
1
2
3
11
16
9
2
43
2
5
1
65
1
9
2
29
3
11
1
35
2
10
2
1
3
3
2
7
1
5
1
27
2
7
1
22
3
7
1
39
4
11
2
29
2
3
3
30
21
1
3
33
12
8
3
16
2
11
2
26
4
12
3
7
5
12
1
28
1
6
3
61
8
2
2
49
2
12
2
65
2
6
2
60
2
10
3
52
7
9
