1
5
1
12
1
15
1
4
1
11
1
12
2
2
1
11
3
17
5
3
3
39
1
12
2
43
2
12
1
37
1
9
2
37
1
10
1
49
1
10
2
3
3
5
1
53
1
2
1
61
3
6
1
31
15
9
2
47
2
12
1
10
6
4
2
25
1
2
3
23
2
9
1
18
5
2
2
1
2
3
2
42
4
5
3
1
3
2
2
18
4
2
1
28
2
2
3
42
4
10
3
13
3
1
2
65
4
7
1
12
8
8
1
34
5
12
3
61
6
9
2
38
1
2
3
52
1
11
1
63
2
3
3
47
6
6
3
67
12
1
3
2
1
1
1
12
18
9
1
22
3
9
2
34
1
6
1
16
5
1
1
55
1
9
1
1
3
4
3
4
23
9
3
63
3
2
3
6
6
5
2
63
2
12
1
30
14
1
1
67
3
3
2
40
1
10
1
32
6
8
2
9
2
5
2
7
3
5
3
42
1
10
2
53
1
9
2
15
3
4
2
54
1
1
2
60
2
11
1
55
2
5
2
29
1
3
3
18
18
2
3
25
7
10
2
17
3
2
2
65
1
9
2
27
2
2
2
17
2
1
2
36
4
11
3
65
11
4
1
71
1
8
3
10
22
7
2
68
4
7
2
67
2
6
3
16
6
9
2
14
1
5
3
68
16
8
2
44
3
10
1
2
2
9
1
45
2
11
3
60
30
6
3
8
5
9
2
49
1
10
2
61
1
2
3
44
10
4
1
36
1
8
3
5
1
1
3
33
14
3
2
53
3
8
3
3
8
12
2
30
2
1
2
8
1
6
2
9
1
11
3
4
22
8
3
71
5
4
1
49
2
2
3
1
5
1
3
30
17
11
2
38
2
12
1
40
3
5
2
12
2
12
1
33
2
8
1
52
2
10
2
34
3
5
2
18
1
12
2
63
3
12
1
66
3
9
2
52
4
4
3
27
10
12
2
32
1
8
2
41
1
12
2
45
3
9
1
26
3
2
3
12
1
6
2
30
4
1
2
22
2
11
3
27
15
2
3
55
3
1
2
13
1
2
2
1
3
3
3
68
4
1
1
66
2
1
3
2
12
9
2
41
4
2
3
31
13
7
2
23
2
8
3
63
12
3
3
54
2
10
2
4
2
8
1
11
2
6
3
15
14
5
1
38
2
5
3
14
19
11
3
22
9
5
2
14
2
2
2
61
3
4
1
41
1
7
1
15
2
9
1
17
10
10
2
23
3
12
1
18
12
4
1
38
1
10
2
33
2
9
1
54
2
12
3
40
6
4
1
47
1
12
3
29
11
10
1
2
3
11
1
7
11
6
2
2
2
7
1
68
3
1
1
25
2
9
1
65
2
2
3
66
9
9
1
14
13
8
1
7
2
2
3
6
2
2
3
8
8
9
2
28
2
4
3
41
2
11
2
4
1
11
3
54
1
5
1
54
3
11
1
61
2
8
3
65
18
8
1
68
1
1
3
26
10
12
2
31
3
10
3
34
11
2
3
40
5
11
1
34
4
6
2
26
4
10
1
8
7
10
2
29
3
5
1
71
3
9
2
36
2
12
1
40
1
7
3
25
6
9
3
37
10
3
3
14
1
8
2
66
2
10
2
43
1
2
1
35
4
7
2
31
5
11
2
42
3
5
1
6
2
12
2
44
2
1
3
28
16
2
2
27
3
3
3
13
6
3
3
35
3
11
3
47
5
2
3
9
9
4
2
5
2
3
1
27
2
2
3
53
5
6
3
44
1
2
1
10
8
9
3
66
1
9
1
60
2
9
3
52
3
6
3
55
17
2
1
29
1
2
3
41
1
9
3
7
4
12
2
28
3
4
1
23
2
11
3
34
9
12
2
6
2
3
2
8
3
6
1
31
17
6
3
31
16
4
3
43
7
9
1
53
2
7
2
66
3
2
3
61
1
11
2
15
2
6
2
45
1
4
1
63
1
8
3
39
8
11
1
4
6
4
1
9
9
5
1
43
2
2
2
10
3
10
2
32
4
9
2
71
1
7
3
45
4
9
3
5
5
3
1
32
1
9
2
68
1
8
1
43
1
9
3
36
13
11
3
30
23
8
1
44
1
12
3
3
5
3
1
65
1
4
3
32
8
8
3
60
8
12
1
8
3
10
1
16
7
12
2
54
2
3
1
47
2
7
1
27
1
2
1
13
5
2
2
67
1
12
3
15
5
8
3
9
6
8
1
30
17
12
3
29
6
11
1
42
1
12
1
45
1
10
1
52
3
2
2
11
3
10
3
12
4
12
3
22
10
12
1
60
1
4
1
1
1
7
3
7
2
9
2
7
1
8
3
26
6
5
1
36
2
10
2
26
1
10
3
10
26
2
3
49
2
12
2
60
1
4
2
49
2
8
2
47
1
9
1
44
3
3
2
39
1
11
3
32
1
11
1
29
3
3
1
28
1
4
1
17
3
2
2
10
2
4
1
5
2
9
3
36
11
3
1
26
1
5
2
25
3
6
2
37
2
9
3
71
1
1
1
22
1
12
2
13
2
10
3
43
6
9
1
13
8
12
2
33
3
12
1
42
2
8
2
12
3
6
3
45
2
2
1
23
3
6
1
39
4
11
1
33
4
10
3
67
28
7
2
11
1
5
3
35
8
3
2
35
3
11
2
3
1
1
1
67
2
11
3
33
18
11
3
23
3
12
3
17
4
1
3
37
11
3
3
53
8
2
1
35
2
3
3
38
7
10
1
3
4
1
2
16
3
12
3
38
1
12
2
22
3
4
1
6
1
3
2
39
2
6
3
11
19
5
3
28
13
11
3
18
8
1
3
49
5
2
2
71
2
10
3
11
20
2
1
37
2
7
2
16
2
9
2
40
4
3
1
4
4
12
1
25
1
2
1
14
18
2
3
16
7
6
2
55
3
7
2
35
1
1
2
52
6
6
1
41
3
3
2
55
2
2
1
3
7
4
2
5
1
8
1
39
3
1
1
9
3
12
2
6
1
9
