1
39
1
4
3
3
6
1
1
16
6
12
3
35
8
12
1
54
3
12
1
49
2
10
3
41
3
4
2
33
1
9
1
14
4
5
3
35
4
4
3
9
9
5
2
53
3
12
3
60
9
8
2
1
1
8
2
4
2
12
2
55
2
10
1
17
7
12
3
66
6
3
2
68
4
3
3
53
2
4
2
26
4
8
2
66
3
6
1
1
3
6
2
38
5
2
3
14
4
6
3
36
7
6
1
54
2
9
2
61
1
11
1
52
2
2
3
1
9
10
2
47
1
1
1
12
8
12
3
63
6
11
2
30
5
6
3
61
9
3
2
53
1
6
1
26
3
11
2
8
2
5
1
29
3
7
2
49
4
10
2
52
5
12
3
37
7
7
2
18
4
2
1
65
1
5
2
17
1
9
2
6
1
5
1
29
2
9
1
63
1
12
2
25
1
2
2
29
1
5
2
34
2
5
3
71
4
3
2
8
3
9
2
41
5
3
1
38
3
5
1
63
2
12
1
30
6
7
3
53
6
11
2
71
2
7
3
7
4
11
3
43
7
1
2
28
2
3
1
37
2
5
3
28
5
11
3
27
9
5
1
9
5
7
1
30
20
8
1
44
3
9
3
17
9
11
1
37
1
10
2
5
3
1
3
68
4
5
1
14
10
8
1
28
1
6
1
42
1
1
2
33
3
10
3
4
3
1
2
13
1
5
1
36
1
10
2
2
1
4
2
25
2
1
3
49
8
9
1
2
3
5
2
37
4
11
3
42
2
9
1
47
3
6
3
34
3
1
3
44
2
3
1
4
8
3
2
1
3
9
1
44
2
2
2
41
1
2
2
67
1
7
3
42
3
10
1
8
3
12
3
8
1
7
2
39
2
9
3
2
7
4
3
61
2
7
1
49
1
6
2
38
4
11
3
54
2
11
2
45
4
3
2
36
1
10
1
7
11
7
3
60
11
2
3
39
2
4
3
22
8
2
1
17
4
9
3
40
2
3
1
55
2
8
2
9
3
9
2
40
2
10
3
2
11
11
2
11
1
10
3
16
8
1
3
18
11
10
3
11
11
4
2
26
2
12
2
15
3
2
1
7
8
4
2
66
2
5
2
44
1
5
2
28
1
5
3
34
8
2
3
38
7
7
3
32
12
10
3
22
2
12
2
15
2
4
1
9
6
11
3
26
4
8
1
40
3
3
2
32
4
12
1
27
1
12
3
26
5
1
2
7
2
9
3
52
15
8
3
5
5
7
3
28
4
12
3
39
8
7
1
66
2
6
2
61
3
3
1
25
1
7
3
38
11
12
1
4
2
2
2
23
3
7
2
5
2
9
1
3
6
4
2
23
2
12
1
3
4
12
3
31
26
8
1
39
2
6
1
53
1
7
3
45
1
11
3
27
5
5
2
67
2
4
1
11
5
10
1
40
2
7
3
66
3
1
2
9
1
1
3
16
4
4
2
43
5
5
2
22
2
10
2
54
1
5
3
17
7
7
2
31
2
11
3
65
6
8
2
71
1
8
1
27
3
8
1
6
1
10
3
13
5
3
2
60
2
8
3
6
6
6
1
31
17
6
2
39
4
1
1
22
3
3
2
12
1
6
2
27
3
11
3
71
1
3
1
34
1
2
1
35
2
11
1
32
3
1
3
30
16
10
1
12
7
2
3
25
9
8
1
13
3
10
3
12
3
1
3
41
2
1
2
65
4
12
1
10
8
4
1
68
3
4
2
14
2
9
1
5
2
1
1
31
6
4
2
65
3
2
3
10
25
12
3
1
4
2
1
1
2
10
1
68
2
9
1
41
2
2
1
8
10
6
3
4
2
2
3
65
15
10
2
43
2
8
2
42
3
5
2
30
3
6
2
10
1
5
1
42
2
4
1
33
7
6
1
45
1
12
3
33
13
7
2
12
3
12
3
32
4
2
3
54
1
11
3
55
16
2
1
25
3
6
2
2
3
6
2
52
1
9
3
30
24
11
1
22
2
1
1
32
5
11
1
11
4
11
2
4
3
3
3
67
20
12
3
44
9
5
1
60
1
7
3
8
17
12
1
52
1
9
1
66
1
5
1
71
2
10
3
49
6
11
3
40
3
4
1
26
1
3
3
47
5
6
1
67
3
10
2
42
4
7
1
67
2
10
2
32
2
8
1
43
2
8
3
31
16
7
3
12
4
6
2
29
3
5
2
45
3
4
1
23
3
6
1
10
1
1
2
31
5
2
1
36
2
12
2
44
4
10
2
36
4
2
2
54
2
12
1
38
2
10
1
34
5
3
1
55
1
4
1
35
3
3
2
35
3
1
1
47
2
11
3
55
12
4
1
16
4
7
3
9
12
1
3
25
6
9
3
43
5
11
3
67
3
5
3
7
3
4
2
3
2
7
2
37
1
11
1
28
2
4
3
13
9
5
2
27
1
3
3
3
2
6
3
11
19
12
2
3
1
6
2
13
3
12
2
16
1
2
2
60
1
6
2
7
3
4
2
35
2
2
1
53
2
5
1
15
5
2
1
23
1
11
2
18
2
10
3
18
9
6
3
47
8
7
1
41
3
7
2
34
3
8
3
36
11
3
2
14
1
1
2
49
1
6
3
15
3
6
3
23
11
2
2
63
3
3
3
68
15
3
2
63
2
12
3
14
12
1
1
61
1
6
1
2
2
10
1
61
3
12
2
17
3
2
1
5
1
4
1
43
3
1
1
71
3
7
1
18
10
1
2
55
3
7
3
6
3
8
3
37
2
5
3
29
9
8
2
6
2
12
2
47
3
3
1
45
2
1
1
6
2
4
2
40
1
10
3
45
2
1
2
22
1
7
3
29
19
7
3
5
2
7
2
68
2
9
3
10
10
3
2
10
3
3
3
33
18
11
1
65
2
10
1
33
4
12
3
63
12
2
3
15
11
6
1
60
2
12
3
23
4
8
3
52
4
1
2
11
2
2
1
13
8
12
1
18
14
7
1
15
3
1
2
16
3
10
