1
1
2
12
2
9
1
4
2
2
2
8
1
68
1
4
2
34
1
5
1
44
1
12
2
23
2
11
1
35
1
7
1
31
12
12
2
33
2
8
1
42
1
11
2
68
3
12
3
9
11
11
3
43
5
8
3
34
7
12
3
3
6
2
3
35
6
7
3
23
19
8
1
3
10
9
1
11
3
4
1
68
3
5
2
39
4
11
3
32
5
4
1
4
4
5
3
4
18
11
1
65
1
12
1
40
3
2
3
27
11
6
1
40
2
12
2
65
3
1
1
47
1
8
3
44
4
8
2
10
3
3
2
27
3
2
2
11
3
1
1
9
5
6
2
31
5
1
3
5
1
12
2
65
2
5
2
54
2
2
3
60
29
11
1
16
4
11
3
53
6
9
2
68
2
12
2
15
2
2
3
13
6
2
3
26
11
6
3
10
7
7
3
12
6
9
1
49
2
10
1
3
5
4
2
13
3
12
2
41
2
12
1
2
2
10
3
36
6
11
1
10
8
3
2
53
2
5
2
25
1
4
2
71
3
1
1
7
4
7
1
63
1
3
2
6
1
12
2
5
2
11
2
42
4
10
3
41
2
4
1
65
2
8
1
52
2
7
3
33
21
5
1
15
2
8
2
12
3
6
1
35
3
11
2
16
2
2
1
28
1
12
3
67
16
11
2
55
2
1
1
60
2
2
3
30
5
1
3
55
16
10
1
41
1
7
3
33
17
4
3
55
9
12
1
12
4
6
1
43
3
8
1
29
2
4
3
40
6
7
3
45
4
9
1
38
1
4
2
3
1
4
1
41
3
3
2
66
2
7
2
6
2
7
3
29
15
1
3
14
3
8
3
6
4
11
1
23
2
4
2
52
5
3
1
31
18
6
2
49
1
1
1
13
5
12
2
8
2
1
3
14
4
2
1
43
1
4
2
23
1
1
2
26
4
7
1
39
3
10
2
28
2
1
2
38
2
5
3
34
2
12
2
2
1
7
3
37
2
10
1
27
2
4
2
13
2
9
2
12
2
9
2
67
2
11
2
54
1
10
1
54
2
11
3
8
2
4
1
38
3
1
3
66
9
10
1
16
6
11
2
22
1
2
3
4
15
6
1
55
2
8
3
39
1
8
1
42
2
3
1
5
1
5
2
37
4
4
1
18
7
6
2
1
2
2
2
40
3
9
3
1
2
1
3
17
5
5
3
2
1
8
2
7
2
6
2
22
3
10
3
11
14
1
1
55
1
1
3
49
8
5
3
41
3
8
3
35
2
9
3
28
14
7
1
71
2
4
3
42
3
10
1
11
1
1
2
33
1
8
3
37
5
9
2
47
1
12
2
44
4
4
2
52
3
11
2
37
2
4
3
9
1
2
1
49
1
5
1
22
3
3
3
66
8
11
1
29
1
11
2
29
3
5
1
30
20
8
3
63
2
1
3
47
3
3
1
63
2
1
3
16
7
12
1
22
2
2
2
49
4
8
1
7
10
1
2
32
1
1
1
66
1
4
3
32
6
2
2
11
1
8
3
42
4
12
2
63
3
4
1
17
5
5
3
11
12
6
2
34
3
3
3
3
3
11
1
13
4
8
1
8
16
2
1
14
10
6
2
30
1
8
1
71
3
10
3
38
7
8
3
17
7
9
1
25
2
8
2
63
2
5
1
44
3
8
2
27
1
10
3
71
1
1
3
39
3
9
3
18
22
12
2
17
3
6
1
32
5
2
3
54
1
2
1
52
3
5
2
29
1
8
1
26
2
3
2
4
3
9
2
31
2
11
1
53
2
9
3
65
13
8
3
60
26
8
3
15
14
2
3
53
4
12
1
17
8
1
1
61
2
10
3
6
5
2
3
13
4
10
2
71
2
5
1
54
1
2
2
28
3
11
2
60
2
2
1
15
4
12
1
37
1
3
2
10
1
11
2
36
2
11
2
18
3
6
2
47
2
12
1
37
2
12
2
15
3
3
2
45
3
5
2
45
4
4
1
39
2
7
1
4
1
5
3
68
14
12
2
30
2
5
3
18
20
12
2
39
3
5
2
53
1
5
2
43
5
9
3
15
11
4
2
3
2
9
3
25
2
10
3
8
4
2
2
36
4
8
1
1
1
12
2
26
2
9
3
43
1
2
2
1
1
9
3
49
4
9
1
10
7
6
2
61
3
2
3
44
9
3
3
22
4
12
2
35
1
10
2
9
3
7
1
28
3
10
1
60
1
2
3
31
15
6
3
22
5
3
2
8
3
3
1
67
2
5
3
54
2
11
1
47
3
5
3
52
7
1
1
8
9
3
3
67
31
12
1
30
3
6
3
7
1
8
1
6
2
6
2
17
1
11
3
1
4
3
3
63
12
3
3
61
5
7
1
2
1
5
3
30
23
5
1
26
1
5
3
23
14
7
3
25
9
3
2
18
2
3
1
45
2
2
3
52
17
10
1
61
1
4
1
67
3
1
1
34
11
1
3
7
4
11
3
28
13
4
2
61
2
11
2
55
1
3
2
25
3
12
1
5
2
11
1
9
3
11
1
36
3
3
2
4
1
3
3
36
12
4
2
60
3
5
2
41
5
12
3
10
17
11
3
40
5
8
2
14
2
5
2
44
1
6
3
16
8
9
3
29
5
10
1
18
15
4
3
68
15
4
2
16
3
4
3
12
4
3
3
61
11
2
2
5
1
11
2
7
3
1
1
27
1
8
3
47
2
6
1
33
1
3
2
66
1
11
1
23
3
12
3
27
7
4
3
2
3
3
2
38
4
10
1
6
1
4
2
67
1
8
3
65
9
2
2
32
2
6
3
38
5
1
2
14
1
5
2
40
1
12
1
36
2
12
2
35
3
10
3
31
24
3
2
42
3
4
2
43
3
4
3
71
4
4
1
45
1
4
3
45
7
9
3
26
2
3
1
66
3
7
1
25
1
9
1
14
3
7
1
34
5
1
1
12
2
10
1
53
1
7
1
33
5
10
1
32
4
9
3
5
2
7
