1
49
1
10
1
36
2
6
3
1
9
12
3
41
4
4
3
2
6
6
2
27
2
9
1
49
2
10
2
12
2
5
3
12
1
7
1
37
2
5
3
25
6
2
3
27
5
7
2
26
4
12
3
17
2
3
3
54
2
4
3
23
4
7
3
8
10
1
1
40
1
3
1
65
1
4
3
42
3
6
1
61
2
8
3
31
12
6
3
9
18
5
2
5
2
11
1
26
2
8
3
9
15
3
1
8
15
8
1
4
5
6
2
40
4
1
2
6
3
11
2
28
1
12
2
39
3
9
1
31
11
11
1
10
1
3
3
44
6
12
1
18
8
8
2
31
5
1
1
23
2
8
2
44
3
8
1
35
3
7
1
16
2
10
1
31
16
10
2
10
1
3
3
33
14
3
1
29
1
3
1
27
3
11
1
53
1
12
3
43
6
10
3
30
14
7
2
68
2
8
2
44
2
12
3
63
1
5
2
37
3
3
3
5
1
4
2
9
1
11
1
36
3
8
1
44
4
3
2
42
1
12
3
45
6
1
3
28
9
3
3
67
37
11
1
12
12
7
3
30
1
9
2
12
1
1
3
3
2
10
3
18
20
6
1
11
10
11
2
52
6
7
1
55
1
4
1
43
3
8
2
71
3
10
3
25
3
9
1
37
1
2
2
47
2
2
2
53
3
2
3
54
1
12
2
68
3
9
1
67
2
11
3
29
5
10
3
34
1
7
3
40
3
7
2
52
5
1
1
55
2
7
2
30
2
2
2
55
2
11
3
36
13
3
2
41
2
3
3
7
3
3
1
38
3
1
3
39
5
12
3
13
1
12
2
18
1
5
1
63
2
4
1
13
7
4
2
17
3
5
3
55
3
2
1
60
2
11
2
17
2
11
2
61
3
2
1
15
4
10
3
61
5
4
2
8
2
5
1
28
1
8
3
40
5
7
2
67
2
1
3
39
7
7
2
1
1
8
3
52
17
4
3
2
9
4
2
43
1
8
1
9
12
7
1
54
3
7
1
10
5
3
3
43
1
5
3
67
8
9
1
41
3
12
1
35
1
6
2
32
2
4
3
60
12
2
2
36
2
8
1
18
13
8
1
41
2
4
1
14
3
12
3
65
1
8
1
4
4
8
1
32
6
10
1
25
3
7
2
47
4
10
1
29
2
6
1
28
3
1
3
68
11
2
3
17
3
1
3
37
12
11
3
68
15
5
2
11
2
8
1
30
17
5
1
52
3
3
1
65
2
4
3
14
7
6
2
38
4
12
1
52
1
7
3
60
29
6
3
18
23
2
2
15
1
5
2
38
3
5
1
66
1
2
2
26
1
5
2
45
3
5
3
65
16
4
2
27
1
2
1
40
2
8
2
65
2
8
3
10
6
6
2
40
2
11
3
6
3
9
1
39
4
5
1
7
10
8
3
45
2
6
1
12
4
1
3
35
1
5
2
60
3
7
2
36
4
8
1
47
3
12
2
41
4
9
3
29
7
7
1
7
1
4
2
42
3
4
3
35
7
7
3
61
2
4
1
22
1
8
2
25
2
8
2
61
2
2
2
23
3
9
3
32
6
1
2
16
1
9
3
8
4
1
1
5
2
8
1
26
3
3
3
5
2
4
2
3
3
6
1
68
1
4
3
1
4
2
2
63
2
8
3
38
6
9
1
42
2
3
3
41
3
7
3
4
24
1
2
33
2
10
1
45
2
9
3
16
5
2
3
26
12
2
3
44
5
3
1
3
9
3
1
43
1
9
1
15
2
10
3
36
11
2
2
11
1
3
1
38
1
8
2
14
1
1
3
11
20
10
1
30
2
9
3
3
8
10
1
45
1
3
2
54
2
10
1
23
3
7
3
31
7
6
1
71
3
3
3
11
1
1
2
8
1
11
1
22
3
3
1
3
8
10
1
8
2
1
2
66
1
12
1
39
2
10
3
71
5
12
2
22
2
12
1
6
1
9
2
49
4
7
1
34
2
9
2
7
2
2
1
17
10
7
1
6
2
11
1
27
1
2
3
12
4
9
2
71
1
7
2
10
3
8
2
13
3
8
3
22
11
1
2
35
2
7
2
29
1
4
3
38
3
8
2
23
2
5
2
35
1
3
2
33
1
8
2
60
1
5
2
15
3
4
2
4
3
1
2
7
3
4
1
2
4
10
3
15
7
6
3
27
17
2
3
66
5
1
2
39
2
10
2
3
2
3
3
71
4
5
3
47
10
8
2
4
2
2
2
29
3
10
1
17
16
10
1
16
6
5
3
37
11
1
3
22
12
11
2
30
5
1
2
1
2
7
1
61
3
2
3
26
10
9
1
68
3
4
1
67
1
4
3
13
9
7
3
6
5
9
1
63
1
4
1
33
5
9
3
49
5
7
2
5
1
10
2
13
2
7
3
63
4
12
2
66
2
1
1
53
2
3
2
45
2
9
1
9
8
4
1
33
2
9
1
66
3
5
2
37
2
10
3
14
17
10
3
55
15
3
2
28
3
12
2
49
2
7
1
13
2
10
2
63
1
12
3
16
4
12
3
33
4
3
3
15
10
4
2
32
3
7
2
34
2
4
3
28
11
2
3
42
2
2
1
14
8
7
1
54
1
11
1
25
2
4
2
18
2
12
1
47
1
12
2
31
2
10
3
49
6
6
2
14
3
9
2
65
3
9
1
5
1
10
2
6
1
10
3
10
23
9
1
32
2
2
2
22
1
1
2
2
1
7
2
25
3
5
2
67
1
6
1
60
1
3
1
1
2
8
3
66
9
1
2
34
3
4
2
16
3
11
3
53
4
2
3
34
4
11
3
32
7
1
3
53
8
1
1
2
3
5
3
23
10
10
3
4
1
8
1
34
1
11
1
11
8
12
2
43
3
3
2
53
1
12
2
55
3
3
2
2
3
6
1
1
3
8
2
9
2
11
3
52
10
8
1
71
1
5
3
7
1
1
3
47
5
11
2
54
1
5
1
44
3
2
1
42
1
6
