1
16
7
4
2
6
3
4
3
22
10
3
2
4
1
8
2
14
1
5
3
14
26
3
3
31
18
3
3
54
2
12
1
38
3
3
1
66
1
12
2
30
3
6
2
22
2
7
1
40
2
1
1
25
2
10
2
39
2
12
1
61
3
2
3
27
16
7
3
23
18
8
2
28
3
10
1
28
2
3
1
31
1
7
3
37
8
10
2
14
3
5
1
35
2
1
1
66
3
11
1
2
4
11
1
52
3
2
2
13
3
9
3
17
8
5
2
65
4
6
2
9
2
8
3
4
22
6
2
55
2
11
2
31
2
8
1
31
12
6
2
67
1
7
3
44
10
7
1
9
12
8
3
34
3
11
3
23
8
11
2
61
3
4
1
29
2
11
1
14
9
11
2
10
1
7
1
39
1
12
1
63
2
7
1
22
1
4
2
40
4
12
3
29
6
2
1
23
1
3
2
8
1
2
2
32
3
10
1
28
1
3
1
13
8
3
3
26
7
7
3
35
4
5
3
42
1
4
1
45
1
7
3
49
3
11
1
38
2
2
2
44
3
6
2
49
1
9
2
34
2
12
3
12
3
12
3
7
3
12
2
53
3
2
1
33
1
2
2
45
4
9
1
29
1
6
3
52
12
4
3
55
2
4
1
5
2
3
1
6
2
6
2
12
1
11
1
11
2
12
3
16
3
7
1
35
3
8
1
7
1
1
2
36
1
8
1
40
1
2
1
33
6
10
3
43
7
1
2
66
1
5
3
5
3
5
1
65
1
7
1
55
2
11
2
31
4
8
2
29
1
4
1
27
2
6
2
26
4
3
1
39
4
4
1
3
7
2
3
39
4
3
2
67
2
6
3
11
2
3
2
17
2
3
2
11
1
7
2
9
3
11
1
27
3
6
2
33
1
10
3
16
5
8
3
44
6
1
3
63
11
1
3
3
4
2
2
68
3
9
1
42
2
9
2
5
1
3
1
60
1
7
3
9
4
6
3
18
23
11
1
30
2
2
1
15
5
9
3
35
2
12
1
63
1
5
3
61
8
8
1
44
4
3
3
65
15
8
3
36
9
10
2
39
1
2
1
36
3
12
2
27
2
7
2
2
2
9
1
60
2
6
2
1
1
12
3
15
13
10
2
35
3
9
3
10
10
7
3
2
1
6
1
26
2
7
2
2
1
3
1
52
1
12
3
8
16
2
1
49
2
6
2
43
2
6
3
67
25
5
3
18
13
8
3
43
1
9
1
32
5
1
1
36
1
5
1
3
3
8
2
29
2
9
3
63
9
7
2
18
3
12
2
44
5
3
3
41
4
4
2
38
2
11
1
1
2
2
2
55
3
11
3
31
5
3
2
12
3
4
1
22
3
11
3
38
8
6
2
23
1
4
2
49
4
8
3
42
2
8
3
36
7
10
2
11
3
3
2
30
1
11
2
23
2
8
3
1
2
11
3
11
22
8
1
34
8
4
2
45
2
6
1
5
1
4
2
41
2
12
1
30
14
2
3
38
2
7
3
32
2
11
1
26
3
2
3
49
4
12
2
13
1
6
1
67
3
8
3
4
3
1
3
68
14
7
3
55
7
3
1
25
1
7
2
6
1
4
2
63
3
9
2
61
1
6
1
47
1
4
2
3
2
10
2
1
3
10
3
10
24
9
1
47
2
9
2
43
5
7
1
4
6
4
3
33
18
10
2
18
2
6
2
15
2
6
3
27
8
11
3
28
2
6
1
61
1
3
2
10
2
9
2
36
5
5
2
54
2
12
1
55
1
11
2
53
1
8
3
13
2
7
3
66
3
6
3
25
8
4
1
54
2
3
1
16
3
10
3
12
5
9
3
29
12
10
2
42
4
10
3
54
1
12
1
8
11
1
2
16
2
10
1
11
3
6
2
7
1
3
2
41
3
11
2
68
4
2
1
34
1
6
2
52
5
12
1
1
3
10
2
8
3
9
2
42
2
8
3
65
19
10
3
61
11
8
2
47
2
8
2
38
5
10
3
14
18
1
3
3
3
2
3
6
4
8
3
32
7
10
3
52
10
3
3
40
1
8
3
13
8
12
3
47
9
12
2
34
3
8
2
65
3
1
3
33
14
5
2
15
3
6
1
32
4
12
3
17
16
7
3
1
8
12
3
7
4
3
3
28
14
4
2
7
2
11
3
37
3
9
1
23
3
6
1
8
13
8
2
37
1
12
3
6
3
1
2
33
3
1
1
12
14
5
2
71
3
7
1
45
2
10
3
53
7
10
1
2
3
10
1
71
3
10
3
71
4
5
3
47
1
9
3
2
11
3
2
40
3
2
3
68
13
1
1
41
2
5
2
60
2
7
2
16
1
3
3
40
4
12
3
15
2
1
1
53
2
10
1
7
8
3
2
27
3
5
1
17
11
8
1
44
2
10
1
54
1
10
3
60
29
12
3
60
1
9
2
37
2
8
2
32
2
8
3
25
3
12
2
5
2
7
2
35
1
3
3
41
1
7
3
34
5
10
3
26
11
8
2
54
1
5
3
53
2
11
3
8
1
1
2
25
3
3
1
10
6
12
1
43
1
5
2
4
2
1
2
25
2
11
2
28
1
2
1
10
5
6
1
13
6
9
3
30
19
4
2
17
3
9
3
66
1
2
1
49
1
12
1
68
3
8
3
71
5
5
2
22
1
2
3
39
6
12
1
6
1
8
2
60
4
9
1
68
2
3
1
14
22
1
3
45
3
12
1
53
1
10
2
66
3
11
1
42
1
12
3
5
4
12
1
71
2
10
3
22
7
7
1
18
12
6
3
67
29
2
3
30
20
8
1
9
13
1
2
26
2
10
1
4
3
10
1
15
2
9
1
43
2
10
2
3
1
1
1
37
1
2
1
37
2
7
3
9
32
2
2
63
1
7
1
18
2
9
2
52
1
7
2
71
1
6
1
17
5
1
1
41
1
4
3
45
6
4
1
65
2
11
1
12
16
12
2
47
3
1
1
67
1
4
