2
7
3
11
2
17
3
11
2
36
4
2
2
28
1
12
3
4
25
1
1
44
1
6
1
22
1
11
3
11
14
3
3
26
8
6
1
71
2
9
1
13
4
5
1
45
2
11
2
52
2
8
1
12
14
2
1
35
2
6
1
23
1
11
2
71
1
3
3
68
6
5
2
45
4
1
1
60
2
6
1
68
3
12
1
10
2
2
3
16
4
4
2
41
1
6
2
55
1
6
2
10
1
9
3
15
12
5
1
29
3
9
1
53
1
1
1
38
1
8
1
52
2
10
1
1
2
1
3
14
20
5
3
3
5
5
2
22
3
10
2
68
4
11
1
38
2
7
3
7
2
11
3
31
6
8
2
16
2
6
1
8
8
7
2
33
2
1
3
38
6
7
2
5
3
9
3
71
5
11
1
13
2
5
2
12
2
8
2
7
1
6
3
65
21
5
3
55
10
2
1
53
2
6
2
8
3
7
1
49
1
6
1
14
4
3
3
41
3
4
3
60
14
5
1
7
4
12
1
67
1
11
2
29
3
12
3
25
8
2
1
27
1
8
1
31
15
2
2
38
2
4
3
36
1
5
2
47
2
11
2
42
1
8
3
54
2
7
1
15
2
9
1
34
5
8
2
66
2
10
3
25
9
1
1
40
3
3
1
12
3
10
2
54
2
8
3
35
7
12
1
55
2
11
1
1
1
9
2
15
2
5
3
10
17
12
2
6
2
5
2
10
3
3
1
52
1
12
1
32
2
10
1
18
5
2
3
40
5
8
1
8
12
2
2
43
5
4
3
30
4
11
3
7
1
10
2
42
4
12
2
54
1
8
3
52
6
5
2
14
2
10
1
27
3
1
1
28
3
8
3
8
14
7
1
60
1
5
3
6
2
5
2
16
1
8
3
31
18
11
3
5
3
8
1
16
5
6
3
15
3
6
2
18
3
5
1
37
1
12
2
27
2
1
2
1
3
3
2
37
4
5
1
54
1
6
3
9
28
6
3
39
6
3
2
25
1
4
2
38
3
1
1
33
4
1
2
66
1
8
2
43
4
10
2
22
2
12
3
61
10
7
3
33
2
4
3
30
16
11
2
52
3
1
1
2
2
3
1
35
1
5
2
40
3
4
1
61
3
1
2
18
4
7
3
44
3
10
2
9
2
3
3
55
14
9
2
4
1
4
2
9
1
11
1
4
7
10
2
33
3
5
3
42
3
6
1
43
1
4
1
28
2
10
2
2
2
12
1
6
1
9
3
6
1
12
2
31
1
1
3
2
4
4
2
67
1
2
1
31
9
2
3
54
1
5
3
17
1
8
2
53
1
1
1
36
3
5
2
49
4
2
1
25
3
6
2
39
1
6
1
47
3
8
2
32
3
6
3
26
5
8
1
65
1
7
2
60
1
9
3
37
2
7
1
17
8
7
1
4
1
3
1
49
2
6
3
45
3
2
3
9
5
2
2
3
3
7
2
65
2
9
3
61
5
6
1
39
4
9
3
29
15
10
2
34
3
2
1
30
9
8
3
22
8
11
3
14
3
2
1
30
16
1
3
28
15
12
3
18
18
6
2
13
3
10
3
13
2
9
1
44
4
1
1
25
2
10
1
36
1
9
2
25
3
5
2
29
1
10
3
63
6
3
2
23
2
9
3
47
3
4
3
4
7
1
2
28
3
6
1
68
1
8
1
26
3
8
1
18
14
12
2
71
3
10
1
15
1
5
2
2
3
7
2
63
2
4
2
49
1
1
3
43
3
11
3
11
23
3
1
65
2
5
1
26
1
8
3
34
4
5
3
16
2
10
3
36
3
10
1
5
1
11
1
47
1
3
1
40
1
11
3
8
4
1
2
53
3
11
3
63
4
9
1
66
1
7
1
41
2
8
3
32
4
9
2
35
3
1
1
11
12
6
2
31
5
10
1
43
2
11
3
49
5
2
1
39
1
9
1
45
1
4
3
12
3
4
3
27
13
6
2
26
4
8
2
60
3
7
2
36
1
6
1
7
5
12
3
39
1
1
2
26
1
4
3
45
4
11
1
11
6
10
2
11
2
11
2
17
1
9
2
45
2
11
3
47
5
4
1
16
3
6
2
37
3
12
1
5
2
9
3
29
18
8
3
2
10
1
1
42
2
12
3
65
6
9
2
55
3
9
1
37
2
1
1
3
4
2
3
41
1
7
2
1
1
10
3
53
6
9
1
66
3
7
3
67
4
8
1
61
1
3
1
9
9
6
3
67
30
3
3
43
2
3
1
42
1
6
3
66
7
12
3
34
8
7
2
30
2
3
2
12
1
4
1
63
1
1
3
40
2
4
3
10
23
7
1
32
4
5
1
2
7
10
3
33
3
2
3
66
6
1
2
32
2
5
3
28
9
12
1
71
3
1
1
10
7
8
2
44
1
5
1
33
2
10
3
22
7
12
3
35
4
6
2
68
1
4
1
9
7
3
2
14
1
6
1
41
1
6
3
38
12
3
2
4
3
7
2
23
3
9
1
3
9
1
1
6
2
7
2
8
1
2
3
5
4
3
1
34
7
3
1
17
12
8
2
11
1
1
3
17
8
6
1
63
2
9
3
3
8
5
1
14
2
3
2
34
1
3
1
55
1
9
3
52
9
9
2
30
5
10
3
23
18
1
3
53
5
6
3
12
7
6
3
71
4
4
2
61
3
7
3
32
10
8
3
23
14
3
2
67
2
9
2
41
4
12
2
15
1
4
2
65
4
5
3
44
6
8
2
40
1
7
2
27
1
3
2
39
2
10
1
67
3
10
3
1
2
4
3
68
11
3
2
63
1
2
1
29
1
4
2
47
4
6
1
23
3
1
3
37
7
3
2
61
2
11
2
5
2
5
3
13
1
1
2
44
2
4
3
1
8
3
3
60
6
1
3
42
1
4
2
35
2
2
1
22
2
12
1
54
3
9
3
49
1
1
3
27
10
2
2
13
2
4
3
18
9
11
2
6
1
2
2
3
2
11
