1
44
1
2
3
44
8
10
2
3
2
5
3
29
16
11
1
1
3
5
2
53
1
7
2
7
1
12
1
22
3
2
3
23
8
9
3
30
14
3
1
63
1
2
2
22
2
2
3
53
7
1
3
60
28
3
1
35
1
3
1
38
3
6
2
55
2
6
1
11
10
7
2
42
3
9
2
61
3
3
1
29
3
7
3
47
7
5
1
39
1
5
1
18
13
2
3
41
3
6
3
27
5
12
3
16
3
7
2
23
2
3
2
30
5
10
3
33
18
2
2
45
1
6
3
67
8
12
1
68
1
9
3
49
8
10
2
4
1
1
3
61
6
6
1
55
2
5
3
66
7
7
3
61
1
12
2
8
2
9
1
29
2
2
1
36
2
11
2
15
3
1
1
61
1
3
1
10
1
6
3
17
1
5
2
22
1
5
3
4
12
1
3
36
10
7
1
27
2
3
3
26
4
12
1
13
2
8
2
1
2
10
2
41
1
12
2
12
2
11
3
26
6
4
1
28
3
11
2
36
1
7
3
14
26
3
2
12
1
5
2
43
4
10
1
9
9
10
2
29
1
10
2
31
2
7
2
44
5
7
2
37
2
6
2
45
3
1
3
16
1
12
1
3
7
10
1
5
1
5
2
28
1
7
1
11
9
6
1
65
2
8
3
38
9
2
2
67
2
7
2
60
2
6
2
9
2
4
1
33
3
10
1
2
4
10
1
16
7
11
2
47
4
7
2
67
1
5
1
30
4
10
1
37
2
2
3
2
7
6
1
5
2
10
1
43
1
8
2
13
1
7
3
7
1
8
2
61
1
10
3
32
10
6
2
37
1
11
1
45
1
6
3
42
3
7
1
53
1
9
1
49
2
6
2
6
2
8
2
10
2
7
1
33
1
7
1
1
1
9
2
15
2
6
3
15
10
9
2
44
3
2
3
1
7
6
1
39
3
12
3
37
5
5
3
29
1
10
3
68
2
3
1
7
8
9
2
47
2
4
1
15
3
4
1
12
5
6
1
66
3
8
3
1
10
9
1
31
14
9
2
13
3
2
3
9
19
6
2
11
1
10
1
27
3
6
2
68
4
9
3
10
6
8
2
25
1
9
2
10
1
6
3
35
1
9
3
54
2
3
1
4
8
3
1
36
3
5
3
47
9
7
3
8
17
5
2
9
1
7
3
41
4
6
3
39
10
10
1
31
2
10
3
18
3
1
3
6
5
1
1
25
3
11
1
34
7
2
2
25
3
8
2
1
1
10
1
13
7
12
3
34
4
1
3
27
6
8
1
60
2
3
3
67
1
1
2
26
3
8
3
3
4
6
1
23
2
11
1
38
2
10
1
42
1
2
3
52
9
11
1
12
2
3
3
13
1
12
3
11
13
11
3
23
5
6
1
26
2
1
2
26
4
1
2
2
3
1
2
39
3
5
1
6
2
10
2
16
2
9
3
65
11
3
3
28
10
8
2
40
2
1
1
25
2
9
3
10
14
6
2
27
2
11
1
47
1
6
3
35
3
10
1
49
1
10
1
37
1
12
2
7
3
11
2
54
1
7
1
8
2
4
2
35
3
1
2
34
2
9
1
2
1
11
3
22
5
1
2
38
1
3
1
54
3
8
2
41
2
11
2
40
3
11
1
40
2
1
2
65
2
1
3
65
17
9
2
55
1
5
1
47
3
5
1
42
2
8
3
38
3
11
3
25
8
8
1
16
2
5
2
66
3
8
1
60
1
6
1
67
2
5
1
67
3
9
1
52
3
8
2
36
5
9
3
71
5
10
2
38
5
6
3
14
7
9
2
60
3
7
2
16
1
6
1
23
1
11
3
2
11
3
3
60
27
2
3
31
28
8
1
22
1
3
3
54
1
4
2
29
3
8
3
32
12
6
1
6
1
4
1
3
9
4
1
41
2
11
2
3
1
2
1
14
17
10
3
30
2
2
3
37
10
10
3
53
8
4
3
33
5
3
1
34
6
9
3
15
17
12
2
32
3
12
1
30
21
11
2
42
4
9
2
63
2
9
3
40
1
8
2
28
2
5
3
49
4
8
1
63
2
5
3
5
3
5
2
31
3
10
3
71
2
5
3
9
13
4
3
8
5
12
2
71
1
11
3
31
16
1
3
5
4
10
2
5
3
6
3
42
1
8
1
43
3
3
3
6
3
8
3
40
5
5
1
71
3
8
3
28
13
10
3
52
16
11
1
17
9
11
2
65
4
10
3
36
11
1
3
22
1
4
3
43
7
5
2
17
2
2
1
52
2
5
1
68
3
12
2
33
3
5
3
12
6
10
1
61
3
9
2
52
1
1
2
23
3
2
3
34
3
1
1
55
1
7
3
45
3
6
1
54
2
2
3
13
7
3
3
25
2
1
1
14
5
12
1
65
1
1
2
32
2
10
1
4
3
3
2
33
1
2
1
8
15
12
2
4
3
8
1
9
10
12
1
45
2
7
2
18
3
3
2
52
3
3
3
39
2
1
2
49
2
12
2
2
2
9
3
63
5
7
1
53
2
4
1
28
1
4
3
11
8
6
1
40
1
9
2
68
3
11
2
27
1
11
3
45
6
1
1
7
11
5
2
14
3
3
2
66
1
4
1
35
2
11
3
44
3
12
2
39
2
10
1
44
4
8
2
18
4
5
2
71
2
11
2
43
1
10
1
10
6
11
2
34
3
4
2
17
1
5
3
43
6
3
2
35
1
9
2
49
4
11
3
55
14
5
2
63
3
9
1
32
3
5
3
12
1
3
1
26
1
3
2
11
3
7
1
41
1
1
1
15
1
9
2
6
1
6
3
7
3
1
3
18
8
11
2
5
1
7
1
71
1
7
3
66
1
3
3
63
11
11
1
66
1
1
1
18
12
2
2
54
2
4
3
17
13
9
2
14
2
11
1
17
2
1
1
32
7
6
2
30
1
5
2
53
2
3
3
4
26
3
3
55
17
6
3
3
9
3
2
8
1
11
3
68
16
5
