2
5
3
11
3
4
12
3
1
8
17
1
2
55
1
6
2
12
1
2
3
67
13
5
2
25
2
4
2
17
3
8
2
49
2
10
1
47
3
11
1
71
3
3
1
9
1
1
2
12
2
7
3
26
1
10
2
52
7
7
2
68
1
3
1
33
4
6
3
31
30
12
1
15
1
3
3
44
7
8
2
68
4
10
1
67
2
1
2
34
2
7
1
9
10
4
1
41
1
11
1
11
6
9
2
61
3
8
2
9
3
8
1
43
1
9
1
47
2
10
1
25
2
10
1
49
1
5
1
45
1
3
3
68
12
5
3
22
5
10
3
39
9
10
3
16
7
12
2
63
1
6
3
14
10
3
3
13
4
8
1
32
2
10
1
44
4
1
3
6
5
2
3
68
4
4
2
43
1
9
1
3
9
11
3
28
12
3
3
28
9
6
3
25
2
8
2
27
2
3
2
27
3
9
2
47
3
9
1
66
1
9
1
38
3
11
2
53
2
5
3
7
2
10
3
37
4
5
2
13
2
6
1
45
2
1
3
45
6
10
3
2
10
10
3
60
28
4
1
2
4
2
2
3
3
1
2
52
4
3
2
54
2
2
1
1
3
8
2
39
1
10
1
15
5
1
2
18
4
1
1
55
2
4
3
35
8
4
1
53
1
6
1
25
1
8
3
34
11
11
1
34
11
3
2
9
1
6
1
60
1
6
2
63
3
6
2
13
1
4
2
26
2
10
2
53
3
5
1
36
2
4
1
54
3
10
2
31
2
9
1
13
8
2
3
6
6
4
2
38
1
3
1
36
1
11
2
33
3
12
1
71
2
1
1
39
1
11
3
36
14
5
2
47
1
5
1
35
3
7
2
16
2
6
1
10
3
1
2
2
2
3
2
42
1
6
3
1
10
9
2
31
4
11
2
71
1
3
1
23
3
12
3
36
9
7
3
17
16
12
3
60
16
3
1
28
1
1
3
30
28
3
1
8
14
11
3
41
4
7
3
23
6
8
2
35
1
1
2
66
1
12
2
65
4
5
1
32
7
8
3
38
8
2
1
68
1
3
2
10
3
5
1
52
3
4
3
39
1
9
2
37
2
6
2
7
3
4
3
14
8
7
3
42
2
2
1
27
2
6
1
41
2
1
3
66
3
11
2
40
1
7
1
31
5
9
2
22
3
5
1
12
6
9
2
42
2
12
3
38
2
9
1
26
1
5
3
17
11
5
2
8
3
7
3
53
3
7
1
33
8
1
2
30
3
8
3
45
4
2
3
63
9
11
2
61
1
9
3
33
15
1
3
18
25
5
3
65
7
8
3
12
4
3
3
35
3
5
2
66
3
11
3
55
10
4
1
26
2
11
1
39
4
10
1
55
1
6
3
52
11
10
3
43
7
1
3
66
5
11
2
36
5
5
1
61
2
2
3
1
3
8
2
30
4
3
3
42
4
10
1
34
7
2
3
8
4
7
1
61
3
5
3
8
8
11
1
29
1
5
3
49
4
5
2
11
2
2
1
30
9
9
1
16
4
5
3
15
15
5
1
42
1
7
1
30
5
6
3
40
3
4
1
38
1
3
1
22
1
10
2
71
3
3
2
17
1
11
3
52
7
10
2
26
1
9
3
31
20
7
3
32
3
2
1
16
5
1
2
44
3
9
1
37
2
8
1
49
2
10
3
30
22
9
2
41
4
3
2
22
2
3
1
68
3
6
2
67
2
11
1
22
3
12
3
4
5
3
3
47
9
5
3
7
3
4
1
53
2
5
2
34
3
12
1
10
7
12
3
43
6
8
1
63
1
3
3
71
2
10
2
29
2
6
2
7
1
5
2
23
2
12
2
4
3
6
2
28
1
3
3
54
1
3
3
33
4
10
2
43
4
2
2
15
3
4
1
54
1
3
2
55
3
9
3
63
2
10
1
65
1
8
3
37
10
11
2
15
1
12
2
49
4
12
2
54
1
7
1
6
2
5
2
8
1
10
2
11
3
1
2
39
4
2
2
14
3
5
1
3
3
7
2
45
2
12
3
41
2
10
3
27
12
3
1
44
1
9
1
31
15
3
3
27
9
4
1
18
11
6
3
10
19
7
2
25
3
11
3
2
5
6
1
1
1
11
3
55
9
8
2
40
2
8
1
5
1
5
2
6
2
3
2
60
4
4
2
36
2
2
2
65
1
7
1
42
2
4
1
7
5
3
3
9
7
4
1
52
2
6
3
18
9
6
1
23
2
6
3
40
1
1
2
41
1
7
1
60
2
7
3
3
10
7
2
28
2
2
2
1
3
4
3
61
9
6
3
5
4
5
3
16
4
3
1
4
7
4
1
14
4
3
3
32
5
9
3
54
2
12
3
47
2
10
3
26
9
2
3
11
12
3
2
35
3
10
2
23
3
2
2
1
1
11
1
67
1
5
3
9
9
3
1
5
2
2
1
6
1
8
3
11
20
2
1
28
2
5
2
3
2
2
2
4
1
11
2
14
2
11
3
34
7
9
1
65
2
6
1
40
3
8
2
2
1
1
3
71
1
10
3
67
19
6
2
32
2
3
1
17
10
4
1
12
2
10
3
61
5
8
1
35
2
1
2
60
2
7
1
4
4
5
3
5
3
7
2
6
1
7
2
67
1
12
1
17
13
1
3
12
1
9
1
40
1
4
2
29
1
3
1
66
3
6
2
10
2
11
3
13
8
2
3
3
6
6
2
18
2
3
3
65
6
8
1
43
3
11
1
14
21
3
3
15
1
4
1
11
8
12
2
33
1
9
2
44
2
3
3
53
8
3
1
2
1
9
2
16
3
7
2
37
3
11
1
18
15
8
1
63
2
3
3
29
19
1
1
13
5
6
3
49
1
9
2
5
1
12
3
29
6
2
1
37
1
4
3
25
7
4
1
29
2
7
1
7
7
2
3
23
15
4
3
22
1
6
3
44
10
5
1
27
3
6
2
45
4
6
2
38
5
2
3
10
11
11
2
32
1
12
