2
45
1
6
2
36
3
8
3
10
20
5
1
43
3
4
1
30
11
1
1
15
2
7
3
2
4
7
1
29
3
5
2
16
1
1
3
45
1
4
3
40
4
11
3
53
4
8
2
27
1
1
2
6
1
5
1
35
3
6
1
18
2
2
2
15
1
11
1
41
2
11
3
39
7
1
1
65
2
11
2
35
3
5
3
45
7
3
1
49
1
11
3
2
7
4
3
33
15
12
3
40
1
7
2
17
2
10
3
54
2
12
1
49
2
2
3
12
7
10
2
39
3
8
2
11
3
9
2
61
1
12
1
13
2
3
2
9
2
9
2
14
1
10
1
41
1
1
2
27
3
9
1
39
3
12
2
14
2
12
2
16
3
12
1
6
2
1
2
7
1
11
3
22
3
9
2
42
1
4
1
27
3
11
1
35
4
2
2
10
2
10
1
25
2
7
2
31
4
5
2
26
2
11
2
33
1
2
3
65
3
7
3
63
12
12
3
31
29
1
3
53
3
7
2
68
4
11
1
37
2
6
1
25
1
11
1
17
7
3
1
39
4
5
3
32
10
2
3
15
16
8
1
42
1
2
2
54
1
2
1
53
1
11
3
55
5
6
2
22
2
12
2
35
1
8
3
49
5
2
1
71
1
2
2
2
3
5
2
2
2
3
1
17
15
4
3
54
1
12
1
65
1
12
1
68
3
1
3
6
4
3
1
29
1
2
1
9
4
1
3
29
15
10
1
16
3
4
1
10
3
9
2
38
5
1
2
43
1
7
2
67
2
8
3
41
2
9
1
11
5
1
3
12
4
4
2
38
3
1
1
36
2
9
1
33
1
11
2
12
1
9
2
40
1
5
2
61
2
3
3
52
3
6
3
5
1
7
2
22
1
3
1
37
1
1
1
33
5
10
2
23
2
4
2
55
2
3
2
45
3
8
1
45
2
9
1
10
6
9
2
4
2
2
1
52
3
5
3
36
5
4
1
55
2
1
2
63
3
1
2
63
1
10
3
43
5
10
3
11
15
10
1
7
5
1
1
30
9
9
2
49
3
4
3
28
11
2
1
23
1
11
2
13
3
12
1
44
4
1
1
53
2
7
1
67
1
2
3
16
2
7
1
9
8
8
1
61
1
6
1
38
1
12
1
47
3
2
2
29
3
10
3
23
7
11
3
66
5
6
3
65
12
9
1
66
2
8
2
71
3
6
2
55
1
5
3
27
9
6
2
43
5
8
3
37
12
12
3
44
10
8
2
44
5
4
1
16
7
3
1
36
1
7
1
4
1
12
2
60
2
3
1
42
2
1
3
43
4
9
3
3
6
10
1
2
3
2
1
55
1
8
2
32
2
3
1
31
7
10
1
4
5
12
3
63
11
4
1
38
2
4
1
32
1
6
2
8
3
1
2
65
1
6
2
29
2
5
1
60
1
4
3
18
23
6
3
39
6
1
1
14
14
5
3
61
6
1
2
32
3
1
3
47
4
7
2
60
4
12
3
60
30
11
3
60
27
6
3
23
8
3
1
14
19
12
2
13
2
11
2
71
2
6
3
8
12
12
3
66
6
9
3
4
3
12
2
3
1
7
1
11
12
12
2
9
1
8
1
34
11
1
3
68
11
1
2
30
1
4
2
67
1
9
1
3
11
11
2
6
2
1
1
22
2
10
1
15
3
8
2
28
1
1
3
16
3
7
1
26
3
12
1
2
2
12
1
8
3
8
1
63
1
10
3
30
20
1
3
26
9
6
1
28
1
9
2
65
4
2
3
41
4
9
2
4
3
7
1
67
2
11
3
7
3
11
2
34
3
5
3
38
1
11
1
31
10
3
1
60
2
3
3
17
14
1
3
15
11
3
3
42
3
12
2
34
1
2
3
61
8
1
2
33
3
9
3
34
10
11
1
45
1
4
3
4
19
8
2
10
1
2
1
22
1
7
3
67
22
7
1
54
2
6
1
18
4
3
3
30
28
12
2
41
2
6
3
14
8
7
1
8
6
9
1
6
1
8
2
7
3
10
3
31
19
5
1
44
3
6
2
25
3
7
3
18
9
11
1
27
2
5
3
71
3
9
3
28
3
10
3
1
6
6
3
11
21
1
1
28
3
7
1
63
2
12
3
13
1
3
2
53
2
2
3
44
4
10
3
7
4
10
2
49
1
3
3
27
7
8
1
13
7
10
2
15
2
2
1
61
2
4
1
71
3
2
3
25
1
1
3
1
4
8
1
32
2
3
2
53
1
6
3
32
9
1
2
68
3
5
1
34
4
12
1
7
2
10
3
55
7
8
2
47
3
7
1
12
17
10
2
12
2
11
3
13
6
8
1
47
1
12
1
1
1
7
1
23
2
11
3
35
3
6
3
25
5
4
3
47
8
4
2
23
3
2
3
35
4
12
3
22
8
8
3
34
1
8
2
31
3
12
2
18
1
2
1
40
2
12
1
5
2
1
2
52
4
10
2
8
2
10
2
1
3
9
3
17
4
6
3
8
20
5
2
66
1
9
1
26
1
5
2
39
2
4
2
42
3
10
2
36
2
5
1
52
1
5
3
26
11
11
3
6
6
3
2
1
1
5
1
54
3
12
2
3
2
3
3
36
6
11
2
26
3
6
2
54
2
3
1
66
1
4
2
5
3
8
3
71
1
10
2
25
2
6
1
1
3
2
2
17
1
7
2
44
2
7
2
52
7
9
3
5
2
11
2
37
4
1
3
33
9
9
3
3
8
11
3
38
6
7
1
3
2
8
1
40
3
8
2
30
5
9
3
14
22
12
2
18
2
12
3
67
32
9
2
47
1
4
3
29
10
11
1
12
15
6
1
43
1
3
3
68
16
1
3
52
6
7
3
42
4
11
2
66
3
6
3
49
2
8
2
41
3
5
2
28
2
1
3
9
13
3
1
68
1
3
3
9
23
1
3
10
16
4
2
37
3
4
2
5
1
1
3
37
1
4
2
11
2
12
2
40
3
10
1
5
1
2
