1
18
11
5
2
3
3
10
3
10
18
10
3
49
6
10
3
22
7
4
2
27
2
10
3
52
10
7
3
29
12
11
1
68
1
12
1
27
2
12
2
53
1
10
1
22
2
7
1
14
10
4
3
67
33
4
2
1
1
9
2
61
1
1
2
54
2
2
1
30
13
9
1
28
2
7
3
11
25
11
1
65
1
12
2
55
1
9
3
36
5
12
1
66
2
7
2
63
2
11
1
32
1
12
3
41
4
10
2
43
3
1
2
12
2
9
1
40
1
10
3
14
14
9
2
39
4
4
3
27
15
11
2
34
1
10
3
1
2
12
2
30
5
10
1
67
2
8
1
3
5
6
1
12
16
12
1
4
5
12
3
1
6
7
1
6
2
9
2
35
2
10
3
71
3
2
2
14
3
10
2
28
2
9
1
54
1
5
3
34
8
6
1
32
3
12
2
28
3
9
1
63
2
2
3
55
6
9
3
53
1
1
2
42
3
7
3
40
4
10
1
38
2
2
1
14
7
10
2
37
4
11
1
40
3
10
3
8
14
7
2
43
5
10
3
27
2
5
3
15
5
3
1
17
9
12
3
14
24
8
3
34
11
2
3
44
2
7
2
53
3
5
2
3
2
9
2
32
3
12
2
33
2
9
3
6
1
1
1
49
2
5
2
26
3
8
1
66
3
4
3
10
7
8
3
33
3
2
1
45
2
3
2
15
2
4
3
67
9
5
1
67
1
8
1
39
4
5
3
4
19
3
2
68
4
2
3
61
11
8
3
8
12
3
2
45
3
3
3
28
14
2
3
7
5
7
1
11
3
7
1
53
2
3
3
32
9
3
2
49
2
2
3
65
4
9
2
55
3
12
2
31
3
6
3
15
3
10
3
29
17
12
1
7
5
3
1
37
1
1
3
25
2
8
2
23
1
7
3
31
12
2
3
30
15
12
3
28
5
10
1
28
3
11
1
26
2
1
3
52
3
12
3
43
4
7
2
25
1
12
1
43
1
2
1
2
2
3
3
25
9
7
2
36
1
1
3
60
7
9
3
26
9
2
2
13
3
1
3
66
2
9
2
40
2
7
1
18
2
9
2
45
2
6
1
33
6
8
1
13
2
4
3
66
4
2
2
47
1
3
1
36
3
5
1
16
1
1
2
15
3
9
2
5
1
2
3
33
21
5
3
55
10
1
2
32
1
6
2
37
3
8
2
38
5
10
2
31
1
5
2
41
5
4
3
61
3
9
3
68
8
12
2
41
4
2
3
13
5
10
3
65
18
6
2
44
4
7
3
45
1
5
2
14
1
11
2
2
3
12
2
6
1
7
2
13
2
12
2
60
1
12
3
16
4
1
2
36
4
6
3
12
3
8
2
44
3
6
3
11
15
8
2
17
1
7
3
2
9
12
3
7
3
1
3
35
3
11
3
60
4
8
1
10
3
8
3
5
4
8
1
53
1
11
2
26
1
10
1
25
3
1
1
29
1
9
3
2
2
4
3
44
1
4
1
11
6
7
3
47
9
8
2
29
1
10
3
39
3
11
2
65
3
1
3
36
9
9
1
8
12
5
3
53
8
3
3
47
7
11
2
60
2
2
2
71
1
4
2
42
1
12
1
26
1
1
2
18
4
3
3
32
10
3
3
37
3
1
3
40
5
7
1
31
7
7
2
10
1
5
2
22
3
6
1
44
2
1
2
9
2
5
2
61
2
7
1
60
1
10
3
16
6
1
2
23
3
4
1
7
2
7
2
25
3
5
1
41
1
11
3
41
2
2
2
22
2
5
1
55
1
9
1
15
1
1
3
38
3
3
1
42
1
8
3
49
4
11
3
38
1
5
2
38
1
11
1
43
3
4
1
45
1
6
3
17
2
2
3
42
1
8
2
7
3
6
2
4
3
9
2
18
1
12
1
34
11
11
3
5
1
4
2
40
1
5
1
31
1
7
2
66
3
12
2
9
3
7
2
30
1
5
1
29
3
8
3
31
20
8
3
35
8
10
3
9
30
12
3
43
8
11
2
6
2
7
1
8
1
7
2
8
3
12
1
6
1
1
1
2
6
8
1
49
1
2
1
9
2
4
1
35
2
8
1
5
1
8
3
13
9
4
3
54
2
2
3
9
20
3
1
61
2
7
3
3
4
6
3
3
10
1
3
18
20
5
1
36
2
2
1
15
2
1
1
33
4
1
1
22
1
2
1
27
3
7
1
42
2
2
2
65
4
1
3
30
28
9
3
18
25
12
2
71
3
4
1
65
2
7
1
34
1
10
3
71
5
11
1
55
2
11
1
60
2
6
2
67
2
9
2
68
1
4
1
68
2
12
2
16
2
9
2
49
3
6
2
16
3
8
2
1
3
8
2
17
3
2
1
30
3
9
2
11
1
11
1
47
3
12
1
3
9
12
2
12
1
4
1
71
3
10
2
52
6
6
3
22
1
9
2
7
1
3
1
9
5
7
1
1
2
5
1
4
3
9
1
54
3
9
2
34
3
7
2
10
2
9
2
5
2
2
3
68
11
10
1
52
2
5
1
38
3
7
3
54
1
1
1
17
10
12
1
41
2
9
1
1
1
6
1
71
2
10
1
23
2
7
1
63
1
3
1
47
2
2
1
39
3
10
1
23
1
11
2
2
2
8
3
17
1
10
3
45
2
1
2
35
1
12
2
33
3
7
3
23
13
3
1
37
2
11
2
63
3
1
2
39
3
7
3
6
2
12
2
66
2
5
2
4
2
10
3
37
4
1
2
29
2
10
1
10
8
2
2
47
4
4
1
13
7
4
2
67
1
8
2
8
2
2
3
63
3
12
1
61
3
4
1
25
1
3
2
27
1
4
2
11
2
10
3
42
3
11
3
12
7
1
1
12
7
1
3
63
4
10
3
26
10
2
1
16
3
2
3
4
16
7
3
39
5
10
1
5
2
7
1
44
1
8
1
52
1
3
2
54
1
10
3
23
11
5
1
35
3
5
2
52
4
1
