1
1
1
9
3
14
14
8
1
44
3
5
3
27
4
12
1
9
4
1
2
3
1
3
1
8
15
8
1
17
11
6
2
34
3
2
3
68
6
6
3
49
8
12
3
29
2
4
1
68
1
5
3
68
5
1
3
63
1
4
2
12
2
2
2
28
3
8
2
17
2
6
2
8
3
7
3
53
2
12
2
65
2
11
3
4
3
12
3
18
8
8
1
68
3
12
1
38
1
5
3
55
11
6
1
61
2
5
1
7
7
4
3
5
2
6
2
63
1
12
3
35
2
3
1
3
4
3
2
1
3
6
2
36
2
1
2
54
1
2
3
36
13
5
2
47
3
11
2
49
2
10
1
4
2
11
3
1
8
12
3
14
1
12
1
13
8
12
3
1
7
6
1
31
13
11
3
42
1
12
2
38
5
8
3
16
7
7
1
66
2
6
2
11
3
4
1
40
2
4
1
47
2
1
2
2
3
9
2
5
1
6
2
54
2
2
2
7
3
11
3
26
8
5
2
11
1
6
1
49
1
11
2
61
3
10
1
67
3
5
2
37
1
5
3
54
2
12
2
22
3
12
1
65
2
12
2
52
2
7
3
30
12
5
1
52
1
9
1
53
1
2
3
61
5
7
1
55
1
10
1
25
3
4
1
29
1
2
1
30
18
8
3
53
5
4
2
67
2
10
3
42
2
2
2
2
2
2
1
71
1
8
3
37
8
4
3
13
3
3
1
38
2
1
2
52
6
4
3
67
1
4
3
25
1
11
3
32
9
3
2
10
1
12
1
28
1
7
1
11
4
2
1
17
14
1
2
40
2
1
2
39
1
1
1
6
2
10
1
12
16
1
3
44
9
9
1
22
3
8
2
13
3
4
3
36
2
12
1
41
2
8
2
29
3
9
1
41
1
5
2
53
3
11
3
7
1
8
3
22
7
3
2
27
3
9
3
47
4
2
2
55
3
8
3
44
6
1
3
39
5
3
1
34
7
6
2
67
1
2
1
45
2
2
1
27
3
11
1
2
1
10
1
4
5
1
2
61
1
10
1
13
2
5
2
34
1
7
3
41
3
10
2
16
1
9
2
45
2
3
2
44
4
9
2
32
1
6
3
40
4
12
3
3
7
1
3
33
4
1
2
42
3
5
3
41
2
8
3
32
1
5
2
43
2
1
3
52
15
4
2
65
3
8
3
27
12
12
2
37
2
10
1
16
6
9
2
12
3
7
1
40
1
2
1
31
15
12
2
63
3
10
3
43
4
3
1
35
3
4
3
61
3
2
1
11
1
4
1
5
2
12
1
66
3
11
1
33
1
3
2
25
1
1
1
60
1
1
3
22
10
2
1
25
1
9
2
5
3
8
2
55
1
1
3
40
1
11
2
18
1
6
2
14
1
6
1
1
2
10
3
34
3
6
2
41
5
2
2
44
1
6
2
32
4
9
3
49
1
6
2
3
2
2
3
12
7
6
1
37
2
5
1
49
2
9
1
43
3
7
2
60
2
4
1
10
4
2
1
45
1
8
1
32
2
10
2
6
3
5
1
63
2
9
2
40
3
12
3
6
1
1
2
66
2
12
2
42
4
2
1
36
3
5
3
15
2
12
3
54
1
8
3
18
18
3
2
4
2
3
2
47
1
2
3
60
7
10
2
17
1
1
3
15
12
3
3
38
1
7
3
2
1
6
3
71
3
3
2
28
2
8
1
54
1
1
1
55
2
10
3
11
6
11
1
60
2
8
1
39
1
3
1
32
7
1
3
43
7
2
2
1
1
2
3
23
3
8
3
30
21
7
2
22
1
5
3
33
16
4
1
42
1
11
1
9
11
10
2
36
4
6
1
44
1
7
2
60
1
5
2
45
3
1
1
12
8
5
3
35
7
10
3
5
1
4
1
15
4
11
3
9
8
12
1
22
2
6
2
71
1
8
2
33
2
8
3
47
6
4
1
53
2
3
3
52
17
11
2
66
3
3
1
42
2
5
3
28
12
11
1
15
2
3
2
68
4
1
2
7
1
9
1
33
8
10
3
4
23
7
1
47
3
10
3
13
2
2
3
55
16
1
1
7
6
7
1
6
1
4
3
39
9
12
3
45
7
8
1
23
3
9
2
14
2
6
2
23
1
5
3
65
12
11
3
66
9
5
2
49
1
3
3
8
2
1
3
28
2
3
2
9
1
9
2
38
1
11
1
34
8
10
1
18
5
9
3
7
5
5
1
54
3
3
1
16
5
1
3
63
6
1
3
6
3
1
3
25
3
11
3
66
3
1
2
41
1
1
2
35
3
7
2
4
1
5
1
65
1
9
3
37
4
10
2
43
1
3
1
10
1
5
2
6
1
10
1
52
2
7
2
26
3
6
3
8
11
3
1
37
1
6
1
71
3
3
1
3
9
1
1
27
1
1
2
25
2
5
1
5
1
8
3
26
10
3
3
65
20
4
3
71
4
1
1
14
19
5
2
18
4
10
2
23
2
4
2
10
2
4
3
9
26
1
2
15
2
2
3
16
4
11
2
31
3
3
1
23
2
12
2
26
2
4
3
10
15
7
3
10
1
3
2
27
1
10
1
36
2
4
1
67
1
5
2
9
2
12
1
18
12
6
2
71
3
8
1
28
2
2
2
15
1
11
3
31
16
6
3
17
9
6
3
23
1
8
2
16
3
4
1
2
6
7
1
8
13
1
2
13
1
9
3
67
6
4
1
63
1
12
2
31
2
2
1
35
2
4
3
12
3
5
2
39
3
7
3
3
5
3
1
39
3
7
2
30
4
11
3
34
4
12
2
30
1
2
2
29
1
6
2
33
3
7
1
14
18
2
2
8
1
12
1
29
2
4
3
60
5
2
2
35
1
3
1
43
1
11
1
61
3
11
3
29
15
3
3
45
3
9
1
26
1
8
2
53
2
1
1
26
2
3
3
11
2
7
3
17
17
12
3
2
9
10
3
31
12
7
3
38
10
5
1
30
2
5
2
68
1
4
