3
68
14
6
3
63
1
3
1
66
3
6
1
29
2
11
2
68
1
12
1
28
2
3
3
32
11
5
1
41
1
11
3
63
9
9
1
5
1
12
2
11
3
2
3
2
4
6
2
6
2
7
1
65
2
2
2
67
1
6
2
10
3
2
1
13
4
9
3
3
4
4
3
10
4
5
2
60
1
7
3
35
1
8
3
37
5
11
1
4
7
2
2
38
1
9
3
7
2
12
2
37
2
5
1
43
1
6
3
67
31
11
2
52
1
10
3
32
3
3
1
33
7
9
2
71
3
9
1
14
13
10
3
54
1
12
3
14
6
7
1
68
3
5
1
55
2
5
2
36
2
7
1
8
2
11
1
47
1
7
3
25
8
11
2
54
2
12
2
13
1
1
2
54
1
4
2
30
3
5
2
42
2
7
3
55
10
8
3
44
2
9
2
55
3
1
1
14
11
2
1
40
2
11
1
6
1
4
3
11
20
1
2
66
1
5
3
36
6
8
1
54
2
7
3
44
8
10
3
17
17
11
2
45
3
10
3
67
23
9
1
18
2
10
3
47
7
7
1
13
9
5
2
60
2
7
2
28
1
5
3
15
10
5
3
42
1
12
2
8
3
9
1
7
3
9
2
29
3
9
2
2
1
1
1
42
1
7
3
27
17
3
2
25
1
9
3
43
3
3
2
68
4
8
2
44
2
11
3
45
4
1
1
11
4
11
3
31
19
7
2
42
4
4
1
9
14
10
1
35
4
7
2
18
2
11
2
17
1
5
3
6
6
1
3
29
12
12
3
5
4
7
3
28
15
4
2
9
2
3
3
52
17
6
2
63
2
10
2
8
2
6
2
17
3
12
1
10
4
5
2
27
3
12
2
12
1
11
1
47
2
1
1
35
2
8
1
65
1
3
2
15
3
5
2
63
3
8
2
26
1
7
3
65
5
7
2
22
3
3
3
43
2
5
1
30
6
4
1
2
3
9
1
9
8
7
1
17
4
3
1
1
3
8
1
15
4
7
3
47
4
3
3
9
18
12
1
8
5
1
3
29
11
3
2
31
4
3
2
11
1
10
1
26
1
1
2
43
4
3
1
60
1
10
2
35
3
4
3
61
1
6
1
22
3
5
2
16
3
12
1
25
1
5
3
42
4
4
1
49
1
12
2
52
2
6
3
16
2
4
1
40
3
8
3
45
1
3
1
27
3
8
1
29
1
7
1
37
1
6
2
5
3
6
3
10
8
3
2
40
2
6
1
43
3
3
3
66
3
9
3
1
6
9
1
63
1
10
1
22
1
9
2
53
1
6
1
17
8
4
1
2
2
8
3
14
22
4
1
44
2
11
2
27
2
10
1
60
2
11
1
45
2
11
1
23
3
2
2
65
4
9
3
4
22
6
3
6
1
5
2
32
1
11
2
12
3
6
1
61
1
5
3
34
5
4
2
28
2
10
2
10
1
5
2
49
2
12
3
22
8
12
1
34
2
11
1
30
2
11
2
32
4
8
2
38
3
4
2
4
3
2
3
38
4
9
2
37
4
10
2
43
1
2
2
9
1
11
2
47
1
1
1
34
10
9
3
53
5
8
3
37
12
1
3
28
3
12
3
12
4
8
3
22
5
6
3
7
1
11
2
36
5
11
1
39
4
5
3
23
17
5
3
8
17
2
1
49
2
5
1
16
1
11
2
6
1
4
1
63
2
8
1
12
3
1
2
44
3
9
3
35
2
11
2
47
4
9
3
30
18
5
2
31
1
3
3
18
25
4
1
26
2
12
2
29
2
8
1
23
2
10
2
53
2
8
3
68
2
3
3
3
1
11
1
32
5
10
3
4
14
4
2
35
1
4
2
39
4
7
2
61
3
12
2
3
3
11
1
71
1
9
3
60
28
1
2
14
3
9
1
18
5
6
1
6
2
8
2
34
3
10
2
23
3
7
1
52
2
12
1
15
2
4
1
36
2
1
2
1
2
10
1
67
2
10
2
41
3
1
1
33
2
9
3
36
11
2
1
32
3
2
2
7
3
1
2
41
2
4
1
39
3
5
2
39
1
11
1
61
2
6
2
55
2
3
3
1
3
2
3
34
2
12
1
3
10
10
3
40
2
5
2
23
1
2
3
41
3
11
2
5
2
7
3
25
5
1
3
15
12
9
2
61
2
12
1
38
2
11
1
54
3
12
3
41
1
1
3
5
5
8
3
66
9
10
3
26
3
1
1
5
2
5
3
38
9
1
3
60
10
9
1
36
3
11
2
25
3
7
1
38
1
1
2
4
1
3
3
16
5
7
2
7
1
2
3
31
7
6
2
2
3
2
2
40
4
3
1
53
1
4
1
41
3
7
1
28
1
11
3
33
9
9
2
22
1
11
1
52
1
9
3
26
2
12
3
65
16
5
1
3
7
4
1
66
2
10
1
53
2
1
3
17
8
6
1
1
1
2
2
71
2
1
2
33
2
7
3
13
8
10
1
7
11
2
3
55
4
3
3
49
2
11
1
55
1
10
2
26
3
7
3
8
2
11
3
71
3
10
3
11
2
11
3
52
9
5
3
39
9
10
1
16
4
12
3
13
6
4
2
16
1
2
1
45
1
2
3
49
8
4
1
10
3
1
3
12
3
9
2
15
2
12
1
71
3
5
2
49
1
8
3
40
4
10
2
65
1
9
2
33
1
8
3
53
1
7
2
3
2
4
2
67
2
4
3
33
24
6
1
44
3
3
1
27
2
9
1
67
3
12
3
27
9
1
3
39
8
9
2
14
1
7
3
18
24
11
1
31
3
5
3
71
2
12
2
66
2
2
2
30
1
12
1
31
13
5
3
54
2
7
1
11
12
7
3
9
10
11
2
1
1
12
2
45
2
6
2
13
3
4
1
68
1
11
2
18
3
12
3
61
6
2
1
12
15
8
3
2
10
5
1
42
2
4
3
23
12
6
2
34
1
2
3
30
19
1
1
37
2
5
1
25
3
6
1
4
5
12
