2
25
2
6
1
65
2
2
1
15
3
5
2
8
3
5
1
44
2
11
3
33
15
2
3
6
2
1
3
65
10
2
1
42
2
3
1
52
3
1
3
40
2
6
1
7
9
1
2
47
3
6
3
29
16
10
2
32
1
10
3
60
13
4
3
30
21
12
2
12
3
12
2
55
1
1
2
43
5
4
3
55
8
11
3
15
10
12
1
25
1
2
2
29
1
12
3
13
6
6
3
36
8
2
3
36
2
11
2
66
1
7
1
25
3
12
1
16
7
12
1
39
2
6
3
35
3
9
3
67
6
11
3
8
15
12
2
17
3
12
1
34
9
4
1
26
1
7
3
49
1
7
2
31
1
4
2
17
1
1
3
30
2
1
2
63
1
10
2
15
2
5
1
15
2
3
3
31
23
3
3
3
10
4
2
53
1
1
2
45
2
8
3
2
1
1
1
53
2
1
3
17
8
5
1
39
3
11
1
18
13
9
2
12
2
1
1
6
1
2
2
27
2
7
3
71
4
3
1
11
2
1
1
35
2
10
2
9
2
10
2
5
3
5
3
55
4
5
3
63
4
6
3
26
11
5
1
38
3
11
3
2
3
1
3
31
25
6
1
53
1
12
3
68
15
6
1
67
3
9
3
53
8
1
3
38
4
1
2
29
3
9
2
33
1
8
3
32
1
11
2
22
1
3
1
47
2
12
1
7
10
8
3
23
13
11
1
3
8
1
3
11
21
2
2
71
1
12
3
54
1
2
1
42
1
4
1
68
3
2
2
63
3
8
1
61
1
9
1
27
2
6
2
22
2
1
3
9
14
3
1
22
1
6
2
7
2
2
3
65
16
9
3
4
19
3
2
16
2
11
2
65
2
10
1
38
2
11
2
49
1
2
2
60
1
12
1
35
3
11
3
7
1
6
2
3
2
4
2
36
2
9
3
12
7
1
2
10
3
7
1
49
2
9
1
10
4
1
3
33
21
5
1
23
2
11
3
10
14
3
1
29
3
10
1
45
1
3
2
34
3
5
1
63
2
2
1
8
10
7
2
28
1
10
2
23
3
12
2
39
1
10
3
68
8
11
2
54
1
3
3
18
25
5
3
45
1
1
2
33
3
12
2
18
2
3
2
11
2
8
1
8
8
5
2
55
2
3
2
52
3
2
3
40
4
4
1
1
3
7
1
13
1
5
1
14
19
4
1
17
14
11
3
41
4
10
2
47
4
3
3
27
16
11
2
44
4
2
3
71
5
10
2
35
1
4
3
22
10
10
2
11
1
7
2
34
1
6
3
61
10
7
2
10
2
8
2
40
1
11
3
14
8
4
2
61
2
5
3
25
5
3
3
29
2
9
3
5
4
12
1
17
7
5
3
66
8
12
2
37
4
12
3
43
2
4
2
61
1
4
3
45
5
11
1
37
1
12
2
6
2
11
3
25
2
8
2
71
3
9
3
16
6
6
3
5
5
2
3
44
4
9
1
1
2
2
1
36
3
10
3
37
4
2
3
7
3
4
1
67
2
12
1
71
2
4
2
40
4
12
2
18
3
2
2
38
5
2
2
65
1
6
1
37
2
9
3
15
14
4
3
32
2
9
1
27
3
5
1
23
3
5
3
41
1
3
3
63
1
2
1
29
1
9
1
40
2
6
3
16
1
5
1
16
6
7
2
25
1
5
2
26
4
7
1
63
1
5
2
32
2
1
1
44
1
7
3
52
17
3
1
5
1
4
2
27
1
3
2
13
2
10
2
49
2
8
3
49
3
7
3
22
6
11
2
30
5
11
1
49
1
8
3
14
22
2
1
33
7
9
3
54
2
6
2
36
4
5
2
16
1
1
3
38
7
5
1
5
2
1
1
13
2
2
2
1
1
5
2
41
5
5
1
71
1
11
3
4
24
3
1
43
3
11
1
3
9
4
2
2
3
12
1
33
6
11
2
14
3
10
1
22
3
5
3
35
4
4
2
54
2
12
2
23
1
12
3
27
17
2
2
3
1
6
2
38
2
9
2
43
4
2
3
37
12
9
2
5
1
5
3
60
20
8
3
28
12
9
2
42
4
5
1
4
7
6
2
68
2
5
1
60
2
10
3
42
4
1
1
12
2
7
3
67
37
5
2
9
3
9
1
12
15
10
1
2
5
2
1
47
3
6
3
13
3
10
1
2
7
5
1
34
10
5
3
9
22
2
1
52
2
5
3
42
3
8
2
15
1
12
2
14
2
10
1
66
1
9
2
31
5
2
2
7
1
5
1
4
1
1
3
39
3
12
3
12
2
12
2
52
5
8
3
44
8
7
1
54
2
8
1
11
11
12
3
11
10
3
1
31
8
9
1
60
1
3
1
55
1
1
3
17
14
5
2
13
3
6
1
28
3
3
1
55
2
1
3
52
6
2
1
31
14
2
3
23
1
9
1
54
1
10
1
66
3
11
2
67
2
3
3
53
4
6
3
47
4
1
2
68
4
1
1
9
8
12
3
61
2
11
1
45
2
5
2
8
1
12
1
18
10
2
1
6
2
7
2
45
3
9
1
36
1
8
1
41
2
8
2
42
2
6
3
1
6
1
3
26
6
11
3
10
24
12
3
28
4
1
1
32
1
2
1
32
4
1
1
68
2
12
3
47
9
10
2
67
1
6
1
41
1
6
1
65
1
6
2
39
3
5
2
30
2
3
2
60
2
9
2
2
2
12
1
26
3
11
1
14
3
1
1
28
1
6
1
61
3
8
2
4
2
7
3
3
7
8
1
9
1
6
2
26
3
11
3
6
1
11
3
34
2
7
3
1
10
10
3
18
14
8
3
66
2
6
3
34
8
12
3
43
5
1
3
8
3
10
2
4
3
8
1
43
1
9
2
37
3
12
2
6
1
10
1
30
10
10
2
35
2
7
1
40
1
3
2
66
2
1
2
1
3
10
2
41
2
12
2
28
3
2
1
30
11
2
2
44
2
3
3
39
4
9
2
53
3
1
1
10
2
11
