1
37
2
1
3
68
2
12
3
35
3
11
1
30
16
2
1
27
1
3
1
9
14
3
1
44
3
5
2
25
3
12
1
25
1
10
2
4
2
8
1
49
2
12
1
26
3
7
2
38
1
8
3
68
14
6
1
3
9
10
2
17
3
9
1
15
4
7
2
8
3
1
3
45
7
12
1
43
3
10
1
10
7
2
3
52
4
4
3
7
3
12
3
15
1
6
2
37
4
12
1
47
2
5
3
15
8
5
2
13
1
8
1
42
2
3
2
61
2
8
2
36
2
8
1
68
3
6
1
14
8
5
3
41
2
5
1
35
4
5
3
40
3
8
2
54
2
7
2
12
3
2
2
33
2
3
1
61
3
9
3
16
8
6
3
18
22
5
3
2
5
8
1
52
3
1
1
31
15
10
2
54
1
7
1
13
4
8
3
38
1
1
2
23
2
3
1
13
2
2
2
27
2
5
2
36
4
10
2
38
2
4
1
52
1
5
3
3
8
12
2
4
1
1
2
30
5
2
1
28
1
8
3
54
2
9
3
30
24
11
3
36
7
8
3
28
6
11
2
14
3
3
2
45
2
4
3
53
3
1
3
6
5
11
1
71
2
5
3
4
25
8
2
5
3
12
1
29
1
10
2
52
1
8
2
61
1
4
2
15
2
5
2
29
3
1
3
18
17
4
1
16
5
4
2
43
1
5
3
7
1
11
2
25
1
3
1
18
1
2
3
26
5
12
3
8
14
4
2
33
1
9
1
66
1
6
2
9
3
12
2
66
1
2
3
43
3
11
2
43
3
4
1
54
2
7
3
26
9
11
1
6
2
9
3
32
5
3
1
29
3
10
2
10
1
3
3
52
5
3
1
39
2
11
2
53
1
3
3
27
3
11
3
39
4
10
1
12
17
2
1
63
2
9
2
55
3
9
2
42
4
10
3
2
9
2
3
13
5
3
3
44
1
1
1
65
2
3
2
6
3
2
3
29
10
12
1
9
2
8
2
40
3
7
2
44
3
11
1
30
1
6
1
38
1
1
1
49
1
3
2
52
3
8
3
11
12
9
1
40
2
12
1
32
7
9
2
71
3
3
1
60
2
10
2
55
1
11
2
39
3
12
1
7
1
3
3
49
4
12
1
43
2
3
3
44
4
9
2
42
1
5
2
44
2
11
2
18
2
12
2
26
3
3
3
47
10
12
3
67
10
7
1
2
2
4
3
38
7
7
1
3
1
3
2
40
4
5
1
39
4
1
1
68
1
7
2
18
1
6
2
22
3
11
2
53
2
1
3
53
8
7
1
55
1
6
1
15
3
9
2
26
2
11
3
4
24
11
2
31
2
11
2
28
3
4
3
29
19
12
2
47
4
8
2
34
1
11
2
29
1
4
3
71
3
5
1
36
1
4
3
9
23
5
1
37
1
11
2
71
1
10
1
27
3
6
1
4
2
8
3
43
8
12
1
10
8
7
1
33
8
1
1
16
3
5
2
65
1
5
3
41
1
12
3
55
16
3
1
45
1
5
2
47
1
6
3
55
2
8
3
12
2
1
3
67
31
8
2
34
2
10
1
23
2
10
3
49
7
12
2
7
3
5
3
22
1
3
1
66
3
10
3
36
11
3
3
6
4
2
3
37
3
12
1
53
2
3
2
67
2
9
2
17
2
7
1
40
3
9
2
15
3
5
1
6
1
6
3
16
1
7
1
14
22
9
2
30
4
9
1
47
1
2
3
3
5
8
1
53
1
6
1
5
1
11
3
23
17
3
2
3
2
11
3
47
7
8
3
45
3
5
3
5
2
3
2
28
2
1
2
2
1
7
3
12
7
8
3
17
8
6
2
63
2
11
2
27
1
2
3
13
2
5
1
8
7
9
2
45
4
8
3
25
5
12
2
35
1
5
3
35
2
11
1
65
1
8
1
1
2
12
2
41
2
1
1
4
5
11
1
25
3
1
3
63
12
4
1
55
2
9
3
30
19
9
2
16
1
10
2
67
1
12
2
68
4
6
1
1
3
8
3
17
15
8
2
12
1
5
2
6
2
10
3
66
8
10
3
10
20
4
3
14
6
8
1
36
3
4
1
42
1
6
3
61
1
8
3
54
1
11
3
71
1
12
1
34
3
12
3
63
3
1
1
67
2
11
1
22
1
11
1
41
1
9
3
66
5
7
3
27
16
7
1
41
2
12
3
1
9
2
2
2
2
4
2
13
2
11
1
2
3
8
2
68
2
11
2
60
4
2
2
1
3
9
2
37
1
7
2
32
2
1
2
32
1
7
3
9
32
2
1
5
2
8
1
44
4
4
2
11
3
5
2
11
1
1
3
32
4
5
3
60
30
4
3
10
12
3
2
16
3
4
3
65
9
8
2
49
1
2
1
32
1
6
2
41
1
2
1
38
3
12
2
35
3
2
1
60
1
12
3
42
2
4
3
33
15
8
2
9
2
1
1
7
11
10
1
35
1
4
1
23
3
11
3
23
2
10
3
40
1
1
3
42
1
8
3
8
9
5
3
11
17
5
2
60
2
2
1
71
1
7
2
66
2
3
2
63
1
6
1
63
1
11
3
1
5
8
2
31
4
4
2
65
2
11
3
31
26
9
3
34
9
8
1
31
8
10
3
65
10
8
1
17
7
11
1
18
4
9
1
45
2
2
2
49
2
7
1
67
3
4
3
28
7
5
1
34
1
11
1
22
3
7
1
11
4
1
3
34
8
4
2
8
2
9
3
33
1
4
1
54
3
8
3
31
29
11
2
23
3
6
2
1
2
8
3
22
3
8
1
61
2
12
3
25
6
12
2
22
1
11
3
5
4
9
3
37
11
3
1
26
1
7
2
10
3
3
2
5
1
9
1
28
3
4
2
3
1
7
1
17
6
2
3
39
5
11
2
39
1
2
3
60
7
4
2
7
1
9
2
14
2
8
1
11
12
6
1
33
2
2
3
14
10
3
1
8
2
9
1
12
18
3
3
61
4
6
