3
11
12
3
3
5
5
3
2
6
1
8
1
68
1
11
1
41
1
3
2
3
1
4
1
63
2
12
3
30
21
5
3
35
1
9
2
40
4
11
3
38
4
8
3
33
20
10
3
3
5
3
2
32
3
1
2
30
3
8
2
10
1
8
3
23
15
8
2
66
1
12
1
43
3
7
1
38
2
6
1
32
3
8
1
67
1
2
1
42
1
12
1
34
5
2
2
41
4
11
1
18
3
2
3
26
3
5
1
6
2
7
2
52
1
4
3
32
2
3
1
23
3
8
1
35
4
8
3
12
4
7
3
16
8
12
1
39
2
6
1
6
1
1
2
49
2
8
1
1
2
4
2
9
2
6
3
10
7
12
2
65
1
10
1
26
3
6
2
47
1
7
2
49
3
6
3
2
12
5
1
23
1
2
3
6
6
3
1
13
8
10
1
12
9
6
2
54
2
6
3
30
16
3
1
22
2
7
2
15
2
7
1
45
2
6
3
27
16
5
1
17
9
8
2
14
2
10
3
53
3
10
2
28
2
5
2
7
1
9
1
38
3
5
1
47
2
6
2
27
3
2
2
68
2
8
1
31
11
7
2
10
2
7
3
17
13
11
1
29
3
8
3
15
10
5
2
13
2
3
2
22
2
8
3
25
5
2
1
54
3
5
2
11
3
10
1
5
1
10
3
18
7
6
1
14
15
9
1
18
11
10
2
41
2
9
2
5
2
7
3
45
2
7
3
22
1
1
2
12
2
11
3
65
1
7
3
6
5
3
1
10
3
7
3
66
9
8
3
71
5
2
3
42
2
6
2
11
2
8
3
54
1
4
2
7
3
11
3
55
9
10
3
71
3
7
2
40
3
6
3
15
8
12
2
37
1
1
3
32
5
11
1
60
2
2
1
33
1
1
3
17
16
4
1
31
10
5
1
55
1
6
2
28
1
8
3
31
3
10
1
22
3
10
2
60
3
12
1
15
3
10
1
39
3
8
1
66
1
2
3
49
5
11
1
37
2
4
1
40
2
1
3
36
6
12
2
53
1
2
3
39
1
1
3
11
20
12
1
10
5
5
2
22
3
7
2
63
2
11
1
7
7
6
3
43
4
7
1
2
3
3
3
4
7
4
2
53
2
1
2
27
2
1
3
1
1
10
3
68
17
1
1
11
2
5
1
36
1
7
3
37
8
6
2
23
2
5
1
30
15
11
1
29
1
1
3
61
7
9
3
43
7
4
2
16
3
12
2
13
3
4
3
14
17
10
3
53
6
10
2
2
1
2
3
60
28
12
1
65
1
8
1
33
5
5
3
9
1
8
3
7
2
1
2
65
3
10
2
67
2
9
1
49
1
1
1
41
2
11
1
8
10
9
2
42
1
3
2
18
4
1
2
39
2
9
3
31
7
7
1
47
1
12
1
71
1
11
2
15
1
8
3
9
2
5
2
18
1
2
2
31
1
12
1
26
2
5
1
9
12
8
3
68
16
12
1
53
2
12
1
49
2
1
2
4
2
11
3
4
21
1
2
38
4
10
3
29
8
5
1
3
7
7
1
13
6
3
1
27
1
10
2
6
2
8
2
36
4
4
3
5
1
3
2
44
5
1
1
34
3
3
1
63
1
9
1
40
3
1
2
43
4
6
3
61
4
4
1
1
3
8
2
31
3
8
2
26
3
12
1
4
7
7
1
32
4
3
1
28
2
4
1
36
2
2
3
41
2
4
2
3
3
12
1
25
3
7
2
35
2
8
3
16
7
1
2
8
1
7
3
14
16
12
1
45
1
10
3
35
7
3
3
25
2
9
3
28
11
9
2
2
2
10
2
34
1
7
3
49
3
9
1
53
1
7
2
17
2
7
1
55
2
10
3
60
6
10
1
42
2
12
2
66
2
8
3
34
2
10
2
23
3
1
1
28
1
2
3
37
4
10
3
28
9
1
3
40
4
6
2
45
2
11
1
12
5
11
2
60
2
12
1
44
3
9
2
29
1
11
1
60
1
5
2
16
1
8
1
71
2
4
3
67
18
8
2
38
5
1
2
26
2
11
1
7
5
6
1
61
3
2
2
4
3
10
1
52
3
6
3
65
9
11
3
34
9
12
1
65
2
8
1
8
3
9
1
5
2
1
2
33
1
6
1
4
5
7
2
55
2
5
3
8
16
12
3
38
8
9
1
68
3
9
2
45
4
10
2
55
3
10
1
17
3
8
3
47
10
3
3
67
35
2
2
5
1
9
1
54
2
8
2
61
1
9
3
33
18
9
3
36
7
4
3
41
1
6
1
27
3
10
2
71
1
9
3
55
11
11
3
7
4
3
1
11
10
2
2
54
1
8
3
23
13
3
1
37
1
4
2
33
3
3
3
47
6
11
1
16
4
4
2
42
2
10
3
13
6
8
1
67
3
10
2
37
2
7
2
1
2
4
3
52
7
12
2
30
5
6
3
18
13
8
2
43
2
11
2
9
3
9
3
63
6
2
2
47
4
10
3
10
26
9
1
15
2
10
2
1
3
5
3
3
7
3
1
25
1
10
3
1
10
10
3
27
5
12
3
2
9
7
1
35
2
7
1
2
1
10
2
52
3
10
3
63
4
8
3
44
2
2
2
39
1
5
2
32
4
2
2
61
2
9
1
44
2
11
2
17
1
2
3
22
8
10
1
3
10
10
3
45
7
11
3
26
12
3
3
29
13
9
2
35
3
8
2
8
2
8
2
34
2
11
2
36
3
5
1
61
2
4
2
67
1
3
2
14
3
2
3
66
2
4
3
8
2
8
2
44
4
4
1
14
5
5
3
13
7
11
2
71
3
2
1
16
7
4
3
44
8
2
2
12
3
7
1
43
2
2
1
52
2
7
2
63
1
7
3
42
4
1
1
9
6
12
2
29
2
6
1
30
12
12
3
39
5
11
1
66
3
7
2
25
3
11
3
40
3
4
3
52
10
6
2
25
1
10
2
68
3
7
3
54
2
3
3
12
3
10
