2
67
2
9
2
6
2
3
3
38
10
10
1
16
2
4
3
47
5
10
1
35
3
6
2
18
2
2
2
4
1
7
2
10
3
12
3
67
4
1
2
65
1
12
2
37
2
1
3
22
8
10
3
61
6
7
2
26
3
2
2
36
4
2
1
40
1
12
2
35
3
10
3
25
5
8
3
15
17
9
1
54
3
2
2
66
2
5
3
28
13
10
1
53
1
2
2
14
3
11
3
23
19
12
1
43
3
10
1
49
1
2
2
65
2
8
3
2
6
1
3
30
19
11
3
71
3
4
2
11
1
7
1
9
7
11
2
32
4
7
1
63
2
4
2
42
1
12
2
63
3
1
1
8
13
7
1
25
3
10
3
16
2
8
3
44
3
11
3
15
12
7
3
27
4
6
1
7
5
3
1
71
1
5
3
17
2
9
2
49
2
3
3
14
7
12
3
43
3
3
2
29
2
2
3
63
6
4
1
61
3
1
3
18
19
12
1
17
5
3
2
68
2
8
3
49
1
3
2
15
2
3
3
1
9
10
1
34
7
6
2
25
1
12
1
44
1
11
3
32
8
1
1
63
1
9
3
34
2
1
3
55
3
7
2
31
2
11
1
12
18
3
2
2
1
5
2
26
4
9
3
22
4
11
2
25
2
7
1
54
1
11
2
27
2
7
1
16
4
3
2
9
1
5
2
31
1
10
1
25
1
2
3
25
9
6
3
35
8
10
2
43
3
5
1
1
2
5
3
16
7
9
3
27
6
8
3
4
21
1
2
7
1
9
2
40
3
2
1
27
2
8
1
33
3
8
1
15
1
8
1
27
1
8
1
39
1
1
1
5
2
4
2
2
2
1
2
40
4
6
3
41
2
10
2
10
2
8
2
43
5
6
3
41
3
9
1
8
5
5
2
71
2
8
1
23
1
8
3
68
12
10
3
40
5
2
2
55
1
3
3
34
4
5
2
27
1
11
2
22
3
11
3
67
7
10
3
37
7
4
1
40
3
6
3
5
2
11
3
54
2
3
1
33
7
1
2
30
3
4
3
6
3
3
3
53
2
11
1
26
2
5
2
16
1
2
3
9
12
3
1
18
10
12
3
65
14
5
1
22
1
12
2
67
1
7
1
13
1
10
2
52
4
8
1
30
11
7
2
54
1
12
1
29
1
11
2
53
1
11
3
55
16
1
1
23
3
2
2
34
3
4
1
2
4
10
3
11
22
4
1
3
10
8
1
42
1
8
2
17
1
12
3
60
2
2
3
26
5
11
1
53
2
2
1
67
2
12
2
17
3
5
1
52
1
11
1
11
6
2
3
14
18
12
2
28
1
3
3
52
10
12
3
28
15
3
2
23
2
4
3
37
10
3
2
41
2
4
2
49
4
8
2
44
2
1
3
38
1
4
2
23
1
7
2
8
2
5
1
66
3
2
1
26
3
1
1
44
3
8
3
2
12
7
2
13
2
4
1
60
2
5
1
66
2
10
3
10
10
6
2
53
2
8
3
45
6
4
2
55
2
12
2
41
1
8
3
33
12
9
3
32
5
2
1
38
2
8
1
47
1
9
2
13
1
1
1
6
2
12
3
26
11
6
3
36
15
6
1
31
11
3
2
47
2
6
3
42
4
1
1
37
2
10
1
9
4
7
3
6
2
6
2
14
2
7
3
7
4
10
3
31
2
2
3
66
5
3
1
2
3
4
3
35
2
4
3
8
7
7
3
9
6
10
2
22
1
3
3
52
5
4
1
60
1
4
3
31
23
2
1
68
1
12
2
37
3
3
2
68
4
2
3
29
8
9
2
38
1
9
1
14
6
7
1
34
10
2
3
49
8
11
2
38
3
1
2
61
2
2
1
28
2
2
2
9
2
7
2
29
3
11
3
43
6
1
3
66
2
7
1
15
4
12
3
23
3
7
2
35
1
5
1
55
1
1
2
42
4
5
3
18
8
8
2
16
2
6
2
39
3
11
2
1
3
6
2
11
3
10
1
6
1
8
2
18
3
9
1
45
1
2
1
22
2
11
2
45
1
1
3
39
1
6
1
12
9
11
1
55
2
12
2
33
3
4
3
3
10
6
1
4
4
10
3
4
4
10
1
1
3
10
1
43
2
10
3
61
5
12
3
1
8
11
1
68
2
12
1
41
3
4
2
47
3
8
3
11
6
8
3
39
3
12
3
29
12
11
2
7
2
11
1
30
19
5
3
12
7
5
1
36
1
8
3
63
5
12
1
37
1
12
3
42
3
12
2
8
3
11
2
36
5
3
1
39
2
8
1
36
3
6
1
32
2
8
1
31
16
3
2
60
3
6
3
7
1
5
1
14
8
11
2
1
2
1
3
17
3
2
3
3
7
4
2
28
2
10
3
45
7
1
1
35
4
4
1
49
2
9
1
47
2
12
1
28
1
9
2
5
1
12
3
60
21
11
3
44
8
5
3
10
8
6
2
15
1
10
2
3
2
5
2
45
4
8
2
12
1
7
2
33
1
6
1
18
14
7
1
11
1
4
1
29
3
1
2
66
3
1
3
47
10
5
1
45
2
10
1
5
1
8
1
3
9
10
3
36
4
10
1
13
8
10
2
52
2
2
3
68
10
12
2
32
2
2
2
3
1
7
2
44
3
12
1
52
3
2
3
5
1
6
2
34
2
12
3
53
6
8
2
30
4
2
1
10
5
3
3
71
2
11
1
4
7
1
1
17
12
2
2
61
1
3
1
42
2
8
2
4
2
5
3
33
10
6
2
12
2
9
1
32
7
5
2
39
4
5
3
54
1
12
1
65
1
1
3
30
11
6
2
60
2
8
1
41
2
10
2
54
2
6
2
6
1
2
3
12
1
8
1
38
3
8
3
65
21
5
2
63
2
4
3
8
8
10
1
7
1
10
2
71
3
5
1
61
1
4
3
13
5
12
3
13
1
1
1
10
4
5
1
67
3
12
2
5
2
9
1
71
2
5
1
65
2
3
3
40
1
4
