1
12
16
9
1
10
3
2
1
37
1
9
2
22
3
2
3
35
4
8
2
67
2
2
2
4
2
12
2
15
1
9
1
60
1
3
2
3
3
11
2
43
3
11
2
18
4
3
1
12
11
10
3
6
4
6
3
47
4
7
3
61
1
11
1
65
2
6
3
32
11
5
3
47
3
7
3
5
1
1
1
49
2
7
1
49
1
2
3
8
19
11
3
7
2
5
1
38
2
9
2
63
1
12
2
43
2
4
1
66
3
4
1
3
1
10
2
23
3
1
2
32
3
5
3
17
10
12
3
11
20
12
3
37
1
8
1
17
14
6
1
55
1
6
1
41
2
1
1
41
1
3
1
40
2
3
1
66
2
5
1
27
3
6
2
41
3
1
3
68
4
8
1
6
2
2
3
54
2
5
3
42
3
3
3
52
1
2
3
23
4
8
2
9
2
12
2
7
2
11
2
65
4
11
2
53
2
10
3
3
5
3
1
13
1
9
3
54
1
1
1
39
1
2
2
53
3
9
3
65
12
12
3
29
4
9
2
34
1
3
2
61
1
9
3
61
11
8
2
16
3
3
2
4
1
9
2
28
1
7
1
15
2
8
2
23
2
6
2
40
2
11
2
54
2
10
3
63
12
8
2
16
2
12
2
26
1
2
2
2
3
10
3
36
10
11
2
29
3
12
2
67
1
8
2
38
5
12
3
11
23
5
3
8
14
11
2
9
3
5
2
52
3
10
2
15
2
6
1
63
1
8
3
53
6
10
1
32
6
12
2
14
1
6
2
30
5
11
1
5
1
9
2
2
1
11
1
30
18
8
1
42
2
3
1
4
3
5
1
10
7
6
3
9
4
4
3
66
2
12
1
52
2
9
1
45
2
6
2
39
1
5
3
23
7
5
2
12
1
5
3
37
9
6
1
39
4
1
1
16
7
7
1
17
13
3
1
37
2
3
2
13
1
10
1
43
3
3
3
14
3
7
3
40
3
4
1
22
2
5
2
35
2
2
1
23
2
10
3
17
14
12
2
52
1
10
3
16
7
4
1
9
1
7
1
2
6
7
1
14
15
7
1
33
7
11
2
25
1
6
1
14
8
4
1
68
1
8
3
49
2
1
2
18
3
3
2
1
3
11
1
34
1
8
3
25
8
6
3
40
1
7
2
33
3
1
1
15
3
5
2
37
4
11
2
47
2
11
3
33
6
3
1
31
11
12
1
9
8
10
3
29
7
4
1
26
3
7
3
16
8
4
2
55
1
2
1
52
1
9
3
12
4
1
3
14
21
6
2
17
1
6
3
71
1
9
2
8
3
1
3
55
5
6
3
38
8
12
1
28
1
6
3
52
6
9
2
44
3
5
1
61
1
5
1
36
2
3
3
18
12
10
3
30
6
4
2
32
1
10
1
33
1
10
2
45
4
7
1
53
2
1
3
39
8
7
1
54
2
5
1
63
2
10
3
60
28
3
2
29
2
12
3
22
3
8
2
13
2
1
2
17
2
10
2
55
3
11
2
5
2
2
1
60
2
9
1
36
3
4
3
15
7
7
3
35
1
1
3
38
12
10
1
31
18
7
2
14
2
5
2
8
1
8
2
6
3
12
2
27
2
7
1
38
3
4
1
11
8
3
1
3
6
4
3
28
12
1
3
32
10
7
3
55
11
6
1
22
3
5
1
29
1
2
2
30
3
9
1
11
3
12
1
25
1
3
3
60
4
5
3
1
9
6
2
42
2
11
3
13
3
1
2
26
3
1
2
28
3
7
3
45
1
7
2
61
2
10
2
63
3
11
3
9
11
6
2
11
3
4
2
36
4
7
1
44
1
7
3
18
3
3
2
49
4
3
1
1
1
7
2
47
3
10
1
42
1
8
3
31
24
12
2
40
3
7
3
42
2
12
3
43
1
5
3
26
10
3
2
27
3
6
3
67
8
1
2
7
1
12
2
12
3
10
3
44
7
11
2
10
2
9
1
1
3
3
2
66
2
4
3
49
5
1
1
47
1
12
1
55
2
4
3
22
5
1
1
6
1
9
1
45
1
10
2
31
3
5
3
27
12
12
3
39
3
4
1
29
2
4
1
13
3
3
2
35
3
1
2
42
4
3
1
8
5
2
2
65
1
4
2
34
3
2
3
41
3
3
1
16
3
6
2
1
1
10
2
60
3
5
1
23
1
5
1
35
1
4
3
3
3
11
1
8
14
10
2
60
4
3
3
68
11
8
3
63
3
5
1
4
7
6
3
71
3
7
2
71
3
5
3
7
3
3
1
27
1
11
1
5
2
11
2
45
2
6
2
54
1
12
1
61
3
7
3
30
11
7
3
33
20
11
1
35
3
6
3
5
5
2
1
26
2
6
2
37
2
2
1
43
1
12
1
18
11
11
3
6
3
12
3
34
9
4
1
34
6
8
3
25
2
7
1
54
1
1
3
45
3
1
2
31
4
12
1
44
4
1
3
15
16
2
1
18
6
2
2
39
4
9
1
67
2
2
3
2
4
4
2
3
1
5
1
47
3
5
3
27
7
6
3
4
26
8
2
66
3
2
3
4
18
11
3
28
8
10
1
28
2
11
1
68
3
1
1
67
1
2
3
31
3
4
3
41
2
4
2
38
3
1
3
26
2
2
2
33
1
2
3
10
3
1
2
25
3
5
2
5
1
3
3
13
9
2
2
71
1
7
3
66
4
1
3
2
9
6
1
2
3
7
1
30
5
5
3
1
3
9
3
53
4
7
2
10
3
1
3
34
4
9
2
6
2
4
2
68
3
7
1
40
1
8
2
36
1
1
1
25
2
6
3
65
17
8
3
10
23
3
1
7
9
4
3
67
28
8
3
36
4
1
2
41
5
9
1
32
1
9
3
44
9
7
3
12
6
1
2
68
4
2
3
43
8
8
1
71
2
4
1
7
5
2
2
49
2
5
1
53
1
10
1
65
1
10
2
22
1
3
1
71
1
7
2
44
5
5
2
11
1
10
