2
33
2
3
3
33
9
9
1
4
6
7
2
68
4
4
1
53
1
12
1
45
2
5
3
4
3
3
3
26
9
5
3
6
4
6
1
5
2
12
3
1
6
3
2
2
1
8
3
6
1
9
2
3
2
12
2
26
3
2
3
41
4
5
2
14
1
6
2
65
4
6
2
49
4
8
1
65
2
4
1
3
10
8
2
60
2
9
1
42
2
11
1
26
3
6
1
31
8
6
1
55
2
4
1
35
4
11
2
28
1
1
1
63
1
12
2
12
2
1
1
22
1
9
2
17
2
4
1
30
15
5
3
14
24
12
1
35
2
11
1
39
3
4
3
47
10
5
2
67
2
1
1
68
2
4
3
35
2
2
2
16
1
8
1
53
2
8
2
32
1
2
3
27
3
9
1
61
1
6
2
4
1
9
1
9
12
5
1
52
2
7
3
36
5
3
3
68
4
3
3
2
6
11
2
5
1
3
2
9
2
11
2
40
4
9
1
34
2
3
2
13
2
10
1
71
1
12
1
4
3
8
3
30
16
7
3
28
2
8
3
18
22
6
2
44
5
5
3
11
2
1
3
7
2
5
3
32
11
4
3
38
7
11
2
71
3
2
3
43
3
1
1
49
1
4
3
14
14
3
2
38
2
6
2
38
1
10
3
63
1
3
3
23
19
6
2
6
1
12
1
32
7
2
2
7
3
11
3
71
5
6
2
53
3
12
2
44
2
7
1
42
1
1
2
45
3
4
3
8
5
12
1
2
1
11
1
10
4
9
3
39
1
5
2
5
2
5
1
44
4
6
2
33
3
9
2
40
1
6
1
15
4
5
2
36
3
7
1
47
3
11
1
14
8
2
2
11
3
2
2
49
3
12
1
61
3
10
2
13
3
1
2
30
1
5
2
22
2
5
1
55
1
10
3
1
8
11
2
41
5
5
1
66
3
5
1
54
1
2
3
13
6
5
2
25
2
10
3
10
13
9
2
22
3
6
3
37
10
7
2
35
1
8
1
60
1
10
3
60
32
2
1
2
4
9
2
15
3
1
2
45
2
4
2
63
3
6
3
12
7
1
3
5
5
3
3
42
2
10
3
26
2
6
1
1
2
5
3
52
2
4
3
54
1
9
1
47
1
3
2
71
1
8
2
53
2
12
2
29
1
8
1
18
14
4
2
61
3
7
3
47
3
11
2
52
3
2
3
3
9
7
1
7
3
12
1
23
3
12
1
63
2
2
1
29
3
5
1
38
1
5
1
11
6
8
3
28
1
6
3
22
2
10
3
31
16
7
2
34
3
8
2
63
2
10
1
67
3
4
1
40
3
5
2
68
3
5
1
41
1
4
3
27
15
9
1
5
1
2
3
30
24
12
2
4
2
5
3
22
4
12
3
39
10
7
2
55
3
3
2
42
3
3
1
18
1
9
3
41
2
5
2
10
2
8
1
10
5
5
3
42
3
3
2
66
1
7
1
37
2
3
1
28
1
11
2
32
2
4
1
71
2
4
2
29
3
4
3
4
2
5
2
31
4
10
2
54
2
1
1
52
3
6
1
8
12
10
1
23
2
8
2
1
2
4
3
16
4
2
3
12
1
10
1
33
8
11
2
47
4
12
1
22
3
7
2
9
3
4
2
2
2
3
3
16
2
7
3
45
4
9
1
32
6
12
1
36
2
11
3
9
30
3
2
23
2
1
1
41
2
12
1
44
1
1
2
42
1
4
1
43
2
9
3
61
4
3
3
55
13
2
2
12
1
4
3
9
21
8
2
43
2
7
1
45
1
1
1
17
15
11
2
26
4
5
3
18
19
3
3
68
16
5
3
52
7
6
3
31
8
4
3
53
2
12
3
34
8
6
3
37
2
8
1
17
3
10
3
40
2
2
3
66
4
4
2
36
5
2
2
37
4
8
3
11
6
6
3
8
15
5
2
66
2
1
1
16
4
8
1
25
2
2
1
3
9
4
3
17
1
5
2
54
1
9
1
26
1
11
2
65
1
11
2
43
3
10
3
33
6
7
3
49
6
8
1
28
3
9
3
54
2
12
3
43
1
3
3
44
9
5
3
60
3
4
1
12
5
10
2
17
1
6
2
67
1
3
3
45
6
8
1
54
2
11
3
65
13
1
2
25
3
5
3
29
1
12
2
39
1
1
1
16
6
8
1
65
1
10
2
16
3
4
3
17
17
4
2
27
2
12
1
27
2
7
2
6
2
1
1
37
1
6
1
67
1
11
3
2
10
6
3
65
1
10
3
71
1
11
1
9
5
12
3
10
7
11
2
7
2
3
3
53
6
5
3
67
34
1
1
29
2
2
2
8
1
9
2
30
3
3
1
13
3
6
1
30
18
12
1
68
1
6
1
36
3
11
3
15
3
10
1
13
6
5
1
27
1
5
3
15
15
4
1
60
2
11
3
35
6
6
2
34
2
7
3
40
6
5
2
41
4
8
3
7
4
12
2
15
1
5
3
38
6
11
3
63
12
7
1
33
4
3
2
39
3
9
2
27
1
1
3
44
6
11
2
31
2
5
3
49
1
10
2
18
4
3
3
66
2
9
1
40
2
11
2
35
3
2
3
5
1
3
2
52
1
3
1
31
6
8
3
34
1
3
2
1
3
10
3
13
2
6
1
43
1
5
3
32
10
11
2
37
2
11
1
8
5
2
1
1
1
12
2
47
3
9
3
25
8
10
2
61
2
4
1
6
2
6
1
7
7
6
3
3
10
12
1
49
2
11
2
18
3
11
3
36
2
6
1
15
3
8
3
55
16
1
1
34
11
2
2
3
1
5
3
29
15
10
3
67
6
2
2
14
2
3
3
23
15
1
1
6
1
3
2
60
4
3
3
61
8
12
2
28
2
2
2
10
1
5
1
66
2
7
1
39
2
10
2
23
3
7
2
55
1
10
2
11
1
12
1
38
3
9
1
14
13
7
2
8
2
1
1
11
8
11
1
12
17
7
3
25
6
3
1
25
1
9
