1
28
3
12
3
42
2
2
3
30
9
12
2
14
2
6
3
14
21
9
1
67
3
5
1
66
3
5
3
35
2
10
1
54
2
8
3
37
1
6
2
25
3
2
2
13
2
1
3
17
6
5
2
43
3
1
2
1
3
8
1
47
3
1
3
71
1
6
2
28
3
12
3
15
6
7
3
12
1
1
1
6
2
12
1
65
1
11
3
47
3
4
3
13
1
3
3
66
9
7
1
63
2
5
2
9
1
3
1
3
11
6
1
33
5
9
1
11
10
10
3
5
3
5
2
65
4
5
3
55
14
10
3
17
17
12
2
32
4
7
2
7
1
8
1
53
2
2
3
27
10
5
3
6
4
8
2
31
3
11
1
33
3
6
3
33
12
6
3
37
3
10
3
67
31
2
1
41
1
10
3
61
1
3
3
44
4
4
2
39
3
4
1
10
1
7
3
67
29
8
1
8
3
1
1
32
4
8
1
41
2
2
3
32
3
10
3
31
18
7
2
52
6
8
3
54
1
3
3
33
9
8
1
9
2
4
2
9
3
6
2
23
1
4
3
53
3
3
3
6
3
9
2
71
2
2
2
40
2
1
1
28
2
6
2
61
2
3
2
17
3
7
3
3
2
8
1
68
2
12
3
11
10
5
3
23
17
5
1
66
1
3
2
33
3
10
1
12
15
9
1
11
8
11
1
6
1
3
1
38
3
8
3
65
11
10
1
30
2
2
1
26
2
4
2
3
1
1
2
2
1
8
1
44
1
8
3
34
8
2
2
26
4
5
2
53
3
9
1
7
5
4
2
22
1
2
3
14
1
1
1
40
1
12
3
10
9
4
3
16
2
2
2
68
2
8
3
3
4
5
2
49
4
3
3
35
5
10
2
30
2
11
1
43
2
5
2
34
3
3
3
52
1
2
2
38
5
8
2
67
2
4
3
7
3
8
1
14
21
10
1
15
2
1
1
4
7
1
3
1
10
11
2
60
4
8
1
2
7
7
2
44
1
4
3
8
9
5
1
4
8
6
2
41
5
8
3
40
5
10
3
42
3
10
2
63
2
4
2
44
2
11
2
7
3
9
3
25
2
2
2
16
3
12
3
55
13
2
1
29
2
9
2
30
3
11
3
36
10
7
1
5
1
1
3
25
3
7
3
52
18
3
1
71
1
4
2
1
1
6
1
16
5
10
2
55
1
4
1
17
16
2
2
42
1
7
1
55
1
3
1
60
2
1
1
26
3
4
2
12
1
4
3
18
10
4
3
43
6
12
2
54
2
10
2
67
1
10
3
9
27
6
3
2
1
12
3
38
6
7
2
47
1
3
2
11
3
10
2
63
1
7
1
9
11
5
1
53
1
7
3
61
11
3
2
33
2
7
1
10
2
5
1
27
2
6
2
32
1
7
2
29
2
6
1
37
2
2
2
3
2
3
2
38
4
12
1
29
3
9
2
28
1
7
3
27
11
2
1
43
3
12
3
9
11
9
3
28
8
5
1
49
1
2
3
44
1
4
1
45
2
7
1
39
3
7
1
37
1
3
1
65
2
1
2
45
3
8
1
45
1
5
1
67
1
2
1
42
2
6
2
5
2
12
2
6
1
5
1
54
3
5
3
32
9
10
3
13
2
8
3
16
7
8
2
5
3
2
1
7
10
1
3
26
8
5
2
35
2
10
1
35
1
12
2
18
1
11
3
4
11
2
1
34
2
10
1
52
3
2
1
17
5
3
1
68
1
7
1
13
1
12
2
41
2
8
3
22
5
2
1
14
8
9
2
68
1
1
2
52
3
11
1
35
4
5
3
29
10
3
3
71
5
2
2
27
2
11
3
11
22
3
3
68
8
3
1
42
1
12
3
38
8
12
1
30
10
10
2
37
4
1
2
60
2
7
2
29
3
7
2
15
1
2
2
66
1
3
2
42
3
5
2
35
1
5
3
63
6
6
3
39
3
3
2
31
4
12
2
71
1
3
3
47
9
9
1
39
1
6
1
34
4
1
3
30
23
11
3
4
20
8
3
40
4
3
3
2
8
6
2
25
2
9
3
5
1
11
2
36
4
8
2
61
1
12
1
18
3
1
3
63
2
2
2
37
3
12
3
29
4
12
2
40
1
2
3
45
3
1
1
8
5
3
2
18
4
1
2
8
1
10
1
31
1
6
2
34
1
11
3
60
12
5
1
36
1
5
1
52
2
9
2
15
3
8
1
23
1
2
2
2
2
6
2
39
1
6
1
2
2
8
3
34
11
4
2
65
2
11
2
12
3
6
2
36
5
10
2
13
3
11
3
36
14
11
2
10
3
10
3
49
5
2
1
60
1
4
2
4
2
7
1
12
14
9
3
53
2
5
2
55
3
7
1
38
1
11
1
3
10
8
3
45
1
6
2
49
2
3
3
41
1
5
3
65
15
1
2
27
1
1
2
14
1
3
3
8
15
7
2
17
1
4
3
12
3
7
2
10
1
10
1
36
3
12
3
41
4
3
2
23
2
8
1
22
3
5
1
44
3
9
3
66
1
2
1
15
4
10
1
49
2
2
3
43
4
12
3
10
22
1
3
15
15
8
2
54
1
8
3
1
6
9
1
18
11
1
2
45
2
2
1
63
1
2
3
18
6
5
3
26
11
2
2
6
2
5
1
61
3
11
3
7
4
9
1
55
2
1
1
47
2
12
1
13
8
8
2
8
2
10
3
54
2
3
1
1
1
10
3
60
21
5
1
61
2
9
3
28
11
3
3
23
14
6
3
68
11
9
2
26
2
7
1
32
1
8
2
16
1
11
1
27
3
12
3
39
6
1
1
25
1
5
1
5
2
3
2
43
5
4
1
22
2
9
2
66
3
9
3
49
2
7
1
25
3
7
2
11
1
9
1
71
2
11
1
31
11
4
1
23
2
12
3
22
4
9
1
1
3
2
3
31
22
1
2
22
3
9
2
4
1
5
1
16
3
5
1
40
2
8
2
47
3
4
2
53
1
5
