2
13
3
8
2
3
2
11
1
71
3
11
2
10
3
1
2
4
2
11
1
5
2
9
2
47
1
4
2
14
2
6
1
55
1
11
2
68
1
3
1
13
6
10
3
9
31
12
1
28
1
4
3
71
5
1
1
9
8
5
3
61
2
9
1
44
1
5
3
15
6
10
2
28
3
7
2
68
2
2
1
7
5
3
3
67
1
4
3
30
2
8
2
35
1
10
3
14
23
7
3
66
2
10
1
47
3
11
2
9
1
1
1
61
1
7
1
4
7
9
3
5
2
6
2
53
3
8
3
23
18
4
3
10
5
11
2
40
3
2
2
7
1
11
2
42
4
9
2
39
3
5
3
12
2
4
2
27
2
9
3
35
8
12
2
12
2
10
1
45
2
4
1
65
1
4
1
17
7
4
1
30
13
8
1
1
2
7
1
22
2
12
1
63
2
3
3
13
5
7
1
12
2
6
1
40
3
1
2
13
2
2
1
16
3
1
3
47
10
4
3
22
12
4
2
40
2
5
3
29
13
3
3
22
4
1
1
16
5
1
3
60
32
7
2
26
3
2
2
3
3
3
2
52
3
6
1
33
2
12
1
52
2
10
2
55
1
12
1
11
11
10
3
41
2
11
2
41
3
10
3
33
24
11
1
63
1
12
1
61
2
8
3
2
8
3
2
17
2
3
3
15
4
7
3
41
4
12
3
25
4
3
2
37
2
7
3
1
10
4
2
26
1
9
3
36
12
8
3
42
4
7
1
15
5
8
2
61
2
8
3
52
1
12
3
34
11
1
1
14
8
3
2
60
3
12
3
36
10
12
3
31
7
1
3
27
7
12
3
11
5
6
3
14
26
6
1
23
1
11
3
33
19
1
3
53
8
8
2
42
3
12
1
12
3
8
1
35
4
7
2
27
1
5
3
2
5
11
3
6
2
3
3
8
19
7
3
37
11
7
1
40
2
6
1
38
3
8
3
31
26
4
1
68
2
7
2
11
1
3
1
36
1
9
1
7
10
2
3
52
18
8
2
65
1
1
2
63
1
4
1
67
2
1
2
45
4
5
2
33
3
7
1
14
21
10
1
6
1
2
1
33
4
11
1
27
2
3
1
49
2
5
1
37
1
4
1
18
5
6
1
10
1
3
1
8
13
6
1
38
1
11
3
63
6
1
2
39
4
11
2
49
2
4
2
53
2
4
2
18
4
12
1
65
2
7
2
54
2
8
2
15
2
2
3
26
12
8
2
43
1
2
1
32
7
7
1
29
2
9
1
3
1
3
1
39
4
4
3
23
14
3
2
44
3
12
3
32
7
6
3
28
13
4
1
17
10
10
2
45
2
10
1
25
1
3
2
66
3
12
2
10
1
8
1
60
2
4
1
43
3
4
3
13
4
11
2
38
4
7
2
18
1
10
2
8
2
11
3
4
5
2
3
68
1
10
2
12
1
7
1
32
4
11
1
68
1
5
2
17
1
5
1
35
1
5
2
1
1
12
3
45
2
10
1
30
5
11
1
1
1
2
3
44
10
10
1
42
1
1
2
28
2
7
1
31
5
10
2
32
3
7
3
40
3
1
1
34
9
7
2
23
1
12
1
6
2
11
3
5
3
3
3
65
21
12
2
52
2
9
3
39
4
10
3
55
5
8
1
53
2
4
2
47
4
9
1
41
2
12
1
23
3
4
3
47
1
12
3
30
1
10
3
39
5
4
1
2
7
8
3
53
3
7
2
7
2
10
3
11
14
8
3
68
6
9
2
25
1
7
2
35
2
10
2
33
1
7
2
71
2
5
3
49
5
3
3
40
2
11
3
17
5
12
2
54
1
8
3
65
20
4
2
32
2
11
3
38
7
4
2
61
1
3
2
14
3
11
1
66
2
12
2
23
2
12
2
36
1
1
3
27
2
5
2
65
2
1
3
1
7
9
2
71
3
7
1
26
2
8
2
34
2
10
1
3
4
12
2
44
2
12
2
37
1
1
2
5
1
4
1
2
5
6
2
38
2
12
2
34
3
10
1
39
1
6
2
5
3
11
2
63
3
5
2
16
1
7
3
16
1
4
1
60
1
4
2
22
1
6
3
54
2
2
2
2
1
11
2
6
1
3
1
29
1
12
3
43
1
5
3
6
5
5
3
71
3
9
2
8
3
5
3
10
11
8
1
10
3
12
1
37
2
4
2
41
1
6
1
28
2
12
1
8
15
5
1
66
1
2
1
53
1
2
1
47
2
8
3
66
1
8
3
9
9
2
3
28
16
6
2
16
3
1
3
16
2
8
3
67
36
4
2
43
2
1
3
32
2
6
2
25
3
12
1
41
1
5
1
18
15
3
1
54
3
3
1
31
9
4
3
29
11
5
1
5
1
9
1
15
3
10
3
54
1
7
2
31
3
11
2
2
3
1
1
54
1
4
2
67
2
6
2
66
2
8
2
6
2
11
3
4
4
3
1
11
10
7
2
29
3
5
2
11
3
7
3
38
11
5
3
55
6
5
3
25
3
1
1
67
1
4
3
18
22
3
2
30
4
4
2
4
1
1
3
35
1
2
3
3
6
11
1
49
1
7
3
17
9
7
1
13
3
7
1
9
13
11
1
4
8
5
2
9
2
5
3
44
3
10
2
29
2
7
2
49
3
8
1
42
2
9
2
30
2
2
2
55
3
9
2
31
1
4
3
63
9
7
2
15
1
8
3
8
18
7
2
22
2
9
2
67
1
7
3
7
4
4
1
52
3
2
1
22
3
9
2
1
3
7
1
26
1
6
2
36
4
4
2
60
4
4
3
3
5
3
3
18
9
6
3
34
8
6
1
25
2
5
3
7
1
11
1
36
2
9
1
45
1
12
3
42
3
11
3
49
6
2
1
43
2
2
1
44
3
3
3
12
4
8
1
71
1
11
3
61
3
5
1
55
2
1
3
60
8
11
3
37
5
1
1
34
4
9
3
45
4
5
1
27
3
7
3
26
7
11
3
43
6
6
