1
12
6
3
1
2
2
8
2
4
1
5
1
3
4
2
2
68
1
3
2
30
4
7
2
5
3
10
1
33
1
8
3
55
12
9
3
33
22
5
2
23
1
4
1
43
2
3
3
30
9
10
1
12
5
12
2
43
4
5
1
47
1
2
3
60
31
11
2
35
1
9
2
54
1
5
1
16
7
6
1
9
5
2
1
52
3
5
1
3
3
9
2
2
1
5
1
31
2
1
3
41
1
11
1
15
4
7
3
63
8
11
2
41
5
9
1
65
1
3
1
4
8
1
3
35
6
12
3
45
2
7
2
43
1
12
2
1
3
3
2
25
2
7
2
63
1
7
3
12
7
7
3
18
15
8
3
47
1
1
2
14
1
4
2
53
2
2
2
14
3
6
3
10
24
3
1
60
2
12
2
42
1
4
2
6
2
8
2
3
1
7
2
39
1
9
2
33
1
8
2
7
3
5
3
36
11
9
3
10
22
7
2
63
2
10
3
71
4
10
1
4
1
12
2
36
1
3
1
9
3
4
3
6
4
10
2
16
2
11
3
54
1
8
3
52
14
6
1
23
1
3
1
10
2
8
1
30
12
12
1
26
2
8
1
41
3
10
1
11
9
11
3
42
1
7
3
26
11
2
3
27
4
7
3
16
2
4
3
54
2
9
3
9
21
12
2
29
1
7
3
32
11
3
2
38
3
6
1
22
3
11
1
29
3
8
2
15
2
6
1
36
2
9
2
9
2
8
2
45
1
7
1
17
12
10
1
25
2
4
1
28
3
12
3
66
7
4
1
30
3
4
2
22
3
11
2
6
1
7
2
13
2
1
3
5
2
11
2
11
2
9
2
38
2
3
3
13
2
7
3
13
1
4
3
47
6
6
3
1
8
10
2
34
1
4
2
23
3
2
2
49
4
11
2
40
2
7
1
60
1
4
2
16
1
5
1
32
4
5
2
68
3
9
1
66
1
10
3
7
3
12
3
67
26
3
3
38
5
6
2
35
2
8
2
17
1
2
3
12
5
1
2
2
3
1
3
53
5
7
3
65
11
5
2
60
1
1
2
49
2
10
1
23
3
8
1
68
3
6
1
39
2
12
2
52
1
11
2
42
4
2
1
7
7
7
2
1
1
9
3
1
1
10
2
4
2
5
2
71
3
12
3
15
9
4
2
54
2
4
2
29
2
5
1
53
1
6
1
29
2
7
2
12
1
12
1
52
1
6
1
38
3
11
3
29
5
5
1
61
1
5
3
8
18
11
2
55
1
10
2
8
2
7
2
61
3
4
1
55
2
2
3
60
13
5
3
68
13
6
3
43
8
7
3
6
1
11
3
27
5
2
1
6
2
11
2
25
1
4
2
3
2
3
3
39
3
12
3
53
1
4
1
38
2
11
1
15
2
2
1
14
22
7
3
68
17
1
2
28
3
5
1
1
2
6
2
10
1
12
3
2
11
7
1
49
2
5
3
23
17
1
3
30
27
11
1
32
5
4
1
16
3
2
1
13
8
7
1
54
1
7
3
38
12
4
1
5
2
12
1
27
1
4
1
67
2
9
1
2
3
9
1
71
3
11
3
18
6
1
1
5
1
7
1
8
10
4
2
61
2
8
3
16
7
2
3
29
15
6
1
1
3
3
1
11
1
10
3
14
15
12
3
63
13
2
2
28
2
9
2
67
2
6
3
14
8
8
3
49
6
5
3
2
5
1
1
33
2
12
2
36
2
2
1
47
3
3
3
44
6
7
3
71
1
7
3
11
7
9
3
23
9
7
2
32
2
3
3
25
3
2
1
65
2
7
3
22
3
11
2
60
3
6
3
34
2
11
3
3
1
10
2
18
1
8
2
27
3
1
3
4
2
10
3
49
7
8
1
35
4
10
1
45
1
8
1
67
1
4
1
14
17
2
3
34
1
7
3
22
12
3
1
34
6
2
2
44
5
3
3
44
9
6
3
52
12
7
2
65
3
5
3
36
13
9
3
11
19
3
2
39
3
7
2
33
3
8
3
61
6
6
3
55
7
2
3
31
17
3
2
66
2
7
2
10
2
10
3
33
9
10
3
40
1
9
3
15
17
7
2
15
1
1
3
61
10
3
1
43
1
11
3
67
2
12
2
34
2
12
1
44
1
10
1
42
1
11
2
44
1
12
1
36
3
5
3
42
2
9
3
39
8
1
1
22
2
6
3
26
4
7
3
37
8
4
1
63
1
1
1
53
2
4
1
71
2
11
2
12
3
12
2
30
1
7
1
31
16
10
2
27
2
11
1
55
1
2
3
40
2
11
1
49
1
2
3
28
6
11
2
26
2
2
3
3
5
8
2
9
3
9
2
5
1
8
1
42
2
1
1
39
1
12
2
7
1
7
2
55
3
3
1
8
8
11
1
35
3
7
3
65
16
1
1
7
9
10
2
31
4
3
3
17
7
7
1
37
1
1
2
71
1
4
1
41
2
6
2
18
3
4
2
52
5
11
3
43
3
9
1
66
2
4
3
9
2
10
2
47
3
2
2
22
1
10
2
45
3
6
2
11
3
7
3
5
4
11
3
32
1
11
1
40
2
9
2
67
1
7
1
28
2
5
3
17
13
10
3
31
20
11
2
32
1
5
1
26
3
6
3
4
15
8
1
25
1
5
3
8
16
11
1
18
1
5
1
63
2
12
1
18
3
10
2
37
4
7
2
47
2
8
2
53
1
2
3
35
5
12
3
28
3
9
1
37
2
11
1
13
6
6
1
61
2
7
2
37
2
6
2
31
2
10
2
65
1
5
3
45
3
5
2
66
3
10
2
40
3
10
2
13
3
1
3
37
10
8
2
8
1
10
1
6
1
8
3
7
5
3
1
40
3
8
2
41
1
5
1
27
2
6
1
54
2
7
1
44
3
6
3
41
2
10
1
45
2
4
1
10
8
3
1
34
8
11
2
17
3
12
3
66
6
6
1
68
1
8
2
26
3
4
1
17
2
8
3
25
9
11
