3
28
8
6
1
36
1
4
3
68
8
2
3
8
8
2
3
22
3
3
3
7
5
11
2
31
5
3
3
2
4
6
3
49
5
6
2
7
1
7
1
6
2
12
2
9
3
3
3
13
3
6
2
44
2
9
3
42
1
7
2
31
1
4
1
4
7
7
1
65
2
5
2
8
1
2
2
47
3
10
1
61
1
1
1
29
1
1
3
5
5
11
2
23
3
11
3
30
11
5
3
9
32
12
3
17
9
4
3
65
1
3
1
61
2
10
3
63
11
6
1
29
3
3
2
52
2
12
2
10
3
1
2
17
1
4
1
11
11
7
3
68
13
7
3
31
30
6
1
16
3
3
2
60
4
6
1
34
10
8
2
40
3
12
3
29
4
4
2
30
2
7
1
60
2
8
1
45
1
4
1
31
2
12
2
29
2
10
2
66
3
11
1
67
2
12
2
41
1
1
1
28
2
4
1
22
3
11
2
2
2
10
1
14
18
12
2
55
3
4
1
45
2
9
1
31
4
3
3
33
3
2
1
35
2
8
1
37
2
10
3
47
8
7
2
18
3
8
3
1
7
9
1
53
2
8
1
36
2
3
2
32
4
12
1
68
3
9
3
66
2
11
1
27
2
8
1
26
1
7
3
13
8
4
1
54
2
6
1
35
1
9
1
33
2
3
2
13
3
2
3
41
4
7
2
5
1
2
1
41
3
8
1
9
9
11
3
28
16
10
3
40
3
3
3
4
17
4
1
39
4
10
1
65
1
10
2
45
4
5
3
6
3
3
3
25
5
9
3
3
1
11
1
15
4
6
1
5
2
6
2
32
2
4
2
54
1
7
3
17
14
5
2
12
3
9
1
43
2
2
1
27
1
1
1
10
1
1
3
49
1
7
1
23
3
2
3
53
2
6
2
34
2
11
1
44
1
3
3
15
6
11
3
31
22
4
2
4
1
7
2
25
3
12
3
25
9
4
1
12
4
10
2
18
2
4
1
37
1
4
2
37
1
10
3
37
6
7
1
40
3
1
2
23
2
2
1
5
1
8
3
38
7
5
3
42
4
4
2
53
1
10
3
32
9
2
2
22
2
5
3
14
20
12
2
27
2
3
2
33
3
12
2
10
2
11
2
37
3
6
2
39
4
7
3
30
26
4
1
17
12
11
3
26
4
12
1
71
3
8
3
33
2
11
3
71
5
9
1
9
5
3
2
61
2
7
3
45
4
2
2
14
2
5
3
61
8
6
2
12
2
9
3
4
23
2
3
32
1
1
2
6
2
3
1
4
1
11
1
38
2
8
2
71
2
1
3
22
2
12
2
11
2
9
2
26
2
6
2
40
1
3
2
44
5
6
1
26
2
5
1
49
2
2
2
36
4
9
2
39
2
2
1
68
1
5
1
34
9
2
1
52
2
3
1
52
1
8
2
67
2
1
2
26
3
8
1
71
2
1
1
13
7
1
3
60
21
12
1
16
6
5
2
17
2
6
2
71
3
5
2
68
3
6
3
27
15
4
1
25
1
5
2
13
1
4
1
22
1
10
2
6
3
5
2
1
1
1
2
38
1
12
2
38
3
12
2
67
1
9
1
55
2
4
1
66
1
10
3
36
1
10
3
23
7
11
2
60
1
7
3
39
7
5
2
3
2
5
3
39
6
4
3
54
1
6
1
8
3
11
3
55
7
4
3
10
6
11
2
54
2
6
3
12
2
8
1
63
2
3
3
45
6
7
2
27
3
12
1
39
1
9
1
28
1
2
3
6
2
11
3
14
9
12
2
3
3
1
2
2
3
11
3
43
7
8
2
9
1
2
3
52
7
4
2
66
2
5
2
11
1
9
1
42
2
1
1
7
3
6
2
15
1
12
1
41
2
4
3
9
11
4
3
53
3
6
2
65
1
9
3
18
8
1
1
47
2
9
1
63
1
4
1
2
3
4
1
25
3
1
1
49
1
6
1
33
8
9
2
8
3
11
3
1
5
3
2
35
1
10
3
37
12
5
3
44
6
4
1
11
12
6
2
47
1
10
3
54
2
6
1
1
2
11
2
63
2
12
2
35
2
10
3
52
17
12
3
67
38
12
3
18
21
11
1
18
12
8
3
40
1
3
3
38
8
4
1
32
3
8
1
13
1
1
2
28
3
4
3
11
6
4
1
40
2
8
1
14
15
9
2
30
5
1
1
47
1
6
2
49
3
1
1
3
1
8
2
42
2
2
2
41
2
7
3
5
4
12
1
30
5
9
1
12
12
11
1
55
1
3
2
65
3
12
3
43
4
4
3
35
1
11
1
67
1
5
3
35
7
7
1
1
3
6
3
67
23
3
3
41
3
8
3
16
8
8
3
8
18
7
2
43
1
4
3
26
7
12
2
29
3
8
1
60
1
8
1
32
2
2
2
34
3
9
2
22
1
6
2
45
2
4
3
71
2
4
1
53
1
7
2
25
1
10
1
2
7
12
3
23
17
11
2
52
3
6
3
66
5
7
2
16
1
1
1
7
5
11
2
49
2
12
2
36
2
11
2
43
4
2
2
5
2
1
3
11
16
2
2
1
2
3
2
33
1
5
2
63
1
9
2
61
1
7
1
6
1
4
3
16
6
7
2
55
1
7
3
63
4
7
2
16
3
6
3
44
3
1
1
18
5
6
3
15
9
9
3
29
9
4
2
68
1
12
3
65
5
6
3
61
6
12
3
10
8
9
3
27
9
11
2
4
2
6
2
28
2
9
1
17
4
2
3
2
2
7
3
3
3
7
3
7
4
7
2
14
3
12
2
53
3
8
3
47
10
2
2
42
4
7
2
15
3
4
1
43
3
7
1
3
9
5
1
38
1
9
1
15
5
1
3
34
6
1
1
23
1
1
1
8
9
5
3
55
8
8
3
60
32
9
2
7
3
3
1
30
14
4
3
12
1
4
1
42
1
6
1
54
3
11
3
34
4
8
3
36
11
10
1
44
3
11
1
66
2
6
1
10
6
6
