1
11
8
6
1
7
4
8
2
60
1
8
1
65
1
11
2
14
3
4
2
39
2
8
2
3
2
6
3
8
19
4
1
6
2
2
1
71
3
3
1
16
5
4
3
12
7
4
1
49
2
12
1
10
8
3
2
37
1
6
2
12
2
7
2
52
1
8
3
37
1
1
2
61
2
7
2
36
3
11
1
40
1
10
1
53
2
9
2
34
2
7
2
44
5
5
2
71
3
4
3
27
14
6
1
66
1
6
1
8
17
12
2
2
1
4
2
55
3
10
1
25
2
7
1
23
3
7
1
11
3
11
3
34
8
4
3
2
4
3
2
16
3
1
1
30
20
12
3
41
3
5
1
39
3
4
1
32
6
3
1
5
1
4
2
53
1
10
2
68
3
11
1
60
2
12
1
10
3
5
3
26
10
12
1
32
1
10
1
71
1
7
3
23
4
6
1
17
12
11
3
68
11
2
2
40
4
3
1
66
3
10
3
10
26
9
3
60
7
7
3
26
12
10
3
39
9
5
3
17
6
12
2
4
1
8
1
38
1
7
2
14
1
8
3
6
1
6
2
9
3
12
3
13
1
3
1
44
3
6
2
17
2
11
1
68
2
8
1
3
11
12
2
67
2
11
2
42
2
6
2
37
4
4
2
38
4
1
3
37
9
11
1
31
4
9
3
36
14
6
1
43
1
1
1
9
12
10
1
14
5
2
3
61
3
9
2
67
1
8
1
61
2
11
2
54
1
4
2
40
2
3
3
53
4
7
3
18
14
4
3
35
4
11
1
37
2
6
2
45
1
12
1
4
5
4
3
28
7
2
3
65
10
8
2
4
2
12
3
14
24
3
2
13
2
11
2
22
1
7
3
10
3
11
3
3
7
3
1
45
1
12
2
26
1
10
1
13
5
9
1
63
2
10
1
43
2
9
2
65
2
7
3
16
5
2
3
1
6
1
3
12
6
10
3
44
2
2
1
1
1
8
2
5
2
10
2
10
2
6
3
7
4
6
2
23
3
6
2
22
3
7
2
11
3
10
3
30
19
11
2
53
3
5
1
36
3
3
2
28
1
6
3
38
9
1
2
6
1
1
2
26
2
12
1
47
2
11
2
10
3
4
1
17
2
12
3
54
1
2
3
22
12
5
1
15
1
10
3
33
7
12
3
54
2
11
1
23
2
5
3
4
5
2
3
43
2
9
3
36
11
2
2
28
2
10
1
12
7
3
2
1
1
10
1
60
1
9
1
37
1
2
1
7
2
6
2
41
2
2
3
42
4
8
1
34
1
10
3
40
1
9
2
13
3
11
1
4
1
10
2
44
2
9
1
67
1
9
3
45
4
9
2
52
4
11
3
39
1
11
2
45
4
9
3
71
5
2
3
45
6
1
1
35
2
4
3
61
5
9
1
6
1
1
3
32
9
8
2
18
4
12
3
66
8
7
2
38
5
3
3
27
11
5
1
15
4
8
3
49
3
7
1
49
1
9
2
68
2
9
1
3
8
11
1
41
2
2
3
18
16
11
3
53
2
6
2
36
1
6
3
34
3
12
2
63
3
9
1
30
19
11
2
61
1
6
1
26
3
12
3
25
7
7
3
29
10
7
2
7
3
4
2
42
4
10
2
33
1
11
3
33
2
8
3
8
16
7
1
13
2
5
3
60
26
7
3
9
10
4
3
7
5
7
1
52
2
5
2
8
2
12
3
47
7
11
3
32
5
2
1
39
1
7
3
14
1
8
2
71
1
8
3
52
18
10
3
49
7
9
1
54
3
11
3
63
9
1
2
66
1
9
2
18
2
2
1
61
1
1
1
18
12
4
1
42
2
5
1
25
3
9
2
23
2
7
2
12
3
9
3
6
2
6
1
33
8
8
3
65
4
11
3
23
17
1
3
40
3
7
3
31
23
2
2
65
1
8
1
47
1
9
2
5
3
5
2
66
3
1
2
47
2
3
1
29
3
9
3
55
8
10
3
13
8
2
1
54
2
11
3
66
1
11
2
31
4
8
2
43
5
9
1
22
1
4
1
53
1
3
1
55
1
8
3
1
9
10
1
9
2
3
2
8
3
7
1
45
2
5
1
2
1
8
1
22
2
12
2
3
3
3
1
68
3
10
2
25
3
8
3
35
3
9
2
63
1
1
3
38
8
6
1
38
2
3
3
2
3
7
3
43
6
2
2
34
1
7
1
27
1
8
2
35
1
4
3
71
2
10
1
33
3
9
3
11
12
6
3
44
6
2
3
30
11
9
2
2
3
9
1
1
2
12
3
63
11
9
1
14
6
6
2
15
2
1
2
47
4
1
3
11
23
7
3
4
3
2
1
35
3
4
1
16
1
7
2
32
1
5
3
16
3
6
2
1
3
5
1
2
4
8
3
22
11
5
3
15
6
2
2
33
3
7
1
28
1
6
3
25
5
12
3
67
14
6
2
15
3
1
3
9
29
8
1
44
1
11
1
27
2
8
1
63
1
5
1
12
9
1
1
55
2
8
1
8
10
1
2
31
1
1
3
5
2
4
3
17
15
5
2
49
4
12
1
5
2
10
3
15
8
3
1
40
2
12
3
67
13
1
2
39
4
12
2
60
4
6
1
28
2
3
2
27
2
12
1
67
2
11
1
41
3
1
2
43
1
6
3
41
4
6
2
32
4
3
1
31
15
7
3
55
15
2
2
41
4
1
2
30
1
5
1
42
1
9
2
16
1
5
3
28
13
3
1
29
1
4
2
9
2
6
1
52
1
12
1
34
10
5
3
42
1
4
3
52
3
9
3
47
10
3
2
27
3
3
2
11
1
10
2
29
3
12
1
36
2
7
2
29
1
8
2
54
2
11
3
5
1
2
2
6
3
11
1
26
2
12
2
49
1
12
2
25
2
5
2
35
3
7
3
29
18
6
2
30
3
10
2
17
3
12
1
65
2
12
3
3
3
1
3
68
7
4
1
18
4
3
3
31
28
11
2
55
2
4
2
7
1
1
