3
40
2
11
1
27
3
9
1
52
2
10
3
14
6
6
1
35
3
5
2
31
5
5
2
39
2
11
3
36
12
12
3
17
14
8
3
5
3
4
1
13
3
9
2
16
3
5
2
4
3
11
2
41
5
10
3
15
10
6
1
37
1
6
2
17
2
11
3
30
17
11
3
47
8
5
3
35
8
12
1
49
2
1
2
26
2
9
1
10
3
2
3
37
10
3
2
63
3
8
3
22
7
6
1
28
3
1
2
42
4
8
3
4
19
4
3
66
1
3
1
40
1
4
1
17
7
7
1
67
2
3
3
25
6
3
3
3
2
6
2
11
1
4
2
27
3
9
1
22
2
4
3
53
8
12
2
37
2
8
1
42
1
3
1
65
1
1
3
66
2
3
3
1
8
9
2
68
2
3
3
63
12
4
3
68
2
4
3
28
14
9
1
13
7
1
1
52
1
9
2
31
3
8
2
18
2
1
3
37
4
12
2
12
3
8
1
30
15
5
2
28
2
3
2
10
3
12
1
53
1
7
1
15
5
1
3
3
1
5
2
12
2
7
2
39
4
7
3
39
5
7
1
27
2
10
2
15
3
3
3
32
4
7
2
32
4
4
3
44
6
2
2
40
1
8
1
8
2
9
2
65
4
9
1
18
1
6
2
26
3
10
1
15
3
9
2
11
3
4
3
67
8
10
2
35
3
10
3
45
5
5
3
2
7
3
1
45
2
2
1
31
11
5
3
44
8
4
3
42
2
5
2
2
1
4
2
42
1
9
3
1
6
4
1
29
2
6
2
53
2
9
2
1
2
7
1
6
2
11
3
43
6
3
2
17
3
5
2
38
3
9
2
13
2
4
2
9
2
10
1
34
8
4
3
27
4
7
2
49
2
10
2
43
2
3
3
35
4
7
3
54
1
2
2
45
3
5
2
3
2
12
1
47
3
4
3
15
4
9
2
54
2
6
3
36
5
9
1
12
1
12
2
29
2
7
1
10
7
1
3
61
2
2
2
9
3
8
1
38
1
11
3
31
24
3
3
71
4
1
3
61
7
9
3
71
3
1
1
33
6
6
2
15
1
6
2
23
1
4
2
22
1
4
3
14
5
10
1
60
2
11
3
34
1
1
1
4
4
7
3
7
3
6
2
52
2
11
3
47
3
5
1
37
2
6
1
39
2
9
1
43
3
11
1
32
4
9
3
18
9
12
3
2
3
2
1
14
6
9
1
9
1
7
1
18
14
5
2
67
1
1
3
29
12
6
3
49
4
12
1
16
4
9
3
6
3
7
3
38
8
12
3
10
10
6
1
45
1
3
1
41
1
7
3
45
4
8
3
30
23
2
1
47
1
3
1
40
3
2
1
5
2
4
1
7
9
7
1
71
1
12
2
23
2
2
1
25
3
7
1
36
1
4
1
36
3
7
3
7
1
1
3
33
16
1
3
55
7
9
3
18
3
11
3
54
2
7
3
16
6
2
2
38
5
5
2
36
1
1
1
34
3
3
2
18
1
9
1
68
3
8
3
16
3
9
1
22
3
1
2
47
1
10
1
12
13
4
2
67
2
2
1
44
3
11
3
8
19
2
1
66
1
4
3
29
14
7
2
6
1
8
3
65
14
9
2
36
2
2
1
14
4
1
1
67
3
3
2
63
1
8
2
2
3
9
3
13
6
10
2
7
2
2
3
63
6
11
1
42
2
2
1
44
4
8
1
30
13
11
1
25
2
3
2
44
4
3
1
68
1
1
3
53
4
6
2
68
1
7
3
41
2
3
2
8
2
5
2
8
3
5
2
60
1
5
3
13
1
9
1
55
2
6
3
39
1
3
2
33
3
6
1
6
1
12
2
37
3
2
2
44
5
2
3
11
1
1
2
32
3
1
1
9
7
6
3
33
6
11
2
66
2
11
1
54
2
4
2
41
1
10
2
27
1
2
2
25
3
9
2
45
2
3
1
3
2
12
2
10
1
5
3
25
3
7
3
9
7
4
2
7
3
7
1
5
1
3
3
68
11
10
1
17
3
4
3
38
2
8
3
43
2
9
3
10
7
5
1
26
1
1
1
11
5
3
3
12
3
1
3
55
13
9
3
34
6
6
3
17
7
9
1
33
8
1
3
9
14
4
1
39
3
1
3
27
11
11
1
4
7
5
2
14
1
11
3
5
4
2
2
53
1
1
3
40
4
12
3
23
19
2
3
12
7
9
2
55
1
11
1
63
1
6
1
32
5
3
3
52
17
7
1
7
5
10
1
2
1
12
2
30
5
1
2
47
3
9
1
11
10
8
1
8
12
1
2
35
1
6
1
54
3
6
2
29
1
6
2
55
3
4
3
65
9
9
3
49
5
4
1
3
1
7
1
38
2
2
3
52
7
6
2
61
2
1
2
6
2
11
2
60
3
11
2
14
2
2
2
1
1
7
3
26
7
2
1
49
1
7
1
63
2
11
1
66
3
3
3
8
10
7
2
5
3
5
1
23
3
12
3
32
12
11
2
13
3
12
2
43
3
4
2
49
4
12
3
26
11
3
3
4
27
5
2
5
2
12
3
6
1
10
2
40
3
1
2
54
1
11
1
41
2
7
2
16
1
10
1
55
1
2
2
3
1
3
2
34
2
11
2
28
1
10
2
52
3
2
2
71
3
8
1
31
3
11
2
22
2
12
1
28
1
1
3
31
11
7
1
16
7
3
1
61
1
11
1
60
1
11
2
34
1
12
1
35
2
11
3
11
14
10
1
23
2
1
2
65
1
1
2
71
2
12
1
43
2
4
3
23
11
11
2
66
3
9
1
1
3
2
1
26
3
7
1
71
2
11
3
41
3
2
1
61
3
1
3
67
29
5
2
33
1
2
3
28
2
3
2
25
2
3
1
65
2
7
1
2
5
2
2
4
2
5
3
22
6
7
1
53
2
4
3
42
4
11
1
29
3
9
1
1
1
8
2
61
1
10
3
60
19
7
2
30
1
3
3
60
32
1
