2
41
2
8
3
42
4
1
2
67
1
11
1
26
2
5
1
47
1
10
2
41
1
6
3
47
7
3
1
1
1
5
3
25
1
4
1
61
2
2
3
11
3
4
3
66
3
3
2
60
3
11
3
54
2
9
3
3
1
1
3
42
3
6
1
38
2
5
2
25
3
6
2
37
1
8
3
13
5
11
2
53
1
3
3
40
3
8
3
67
36
4
1
55
1
7
1
38
1
11
3
45
6
10
2
28
1
12
2
44
2
9
2
68
4
9
1
68
3
12
3
22
7
9
1
55
2
4
2
45
4
2
2
7
3
10
2
63
1
7
1
36
1
6
2
49
2
7
1
44
4
10
1
13
8
6
3
22
3
4
2
4
2
3
1
10
2
1
2
1
2
4
1
44
2
8
3
13
4
2
2
7
1
2
2
40
2
3
2
18
2
11
1
3
4
2
2
8
2
6
1
12
11
1
1
39
3
1
3
65
21
10
2
6
2
2
1
31
2
11
1
17
14
6
1
33
6
3
1
18
12
9
1
23
1
4
2
27
2
3
1
5
1
2
1
42
2
3
1
65
2
4
1
3
11
5
2
33
3
2
1
1
3
11
2
49
3
1
1
67
1
10
3
66
9
1
3
18
25
11
3
16
5
3
3
63
12
6
3
12
5
3
1
9
3
4
2
31
2
2
3
32
7
2
3
9
6
11
2
25
2
10
1
29
3
6
2
42
3
6
3
61
1
4
1
7
5
12
3
45
2
3
3
7
5
7
2
10
2
11
1
10
5
9
2
61
3
6
3
43
7
8
2
39
3
3
1
16
3
4
2
42
1
3
1
66
2
10
3
23
13
10
1
65
1
8
2
33
2
3
3
38
4
3
2
2
3
3
2
22
3
4
3
33
22
1
1
11
3
10
2
45
1
1
1
9
12
10
3
52
2
12
3
23
9
7
3
17
13
12
2
54
2
10
2
66
1
10
2
26
3
11
3
41
3
3
2
47
3
6
1
49
2
2
1
22
3
11
1
12
8
12
2
27
1
2
2
13
2
3
3
60
26
12
1
8
3
9
2
12
1
10
3
4
7
7
3
34
11
2
3
27
13
1
2
43
3
10
3
9
20
5
3
1
8
9
3
15
4
7
3
30
2
8
1
49
1
6
1
35
3
7
2
65
4
1
1
36
3
6
3
25
8
12
1
6
2
1
2
15
1
11
1
18
4
5
3
32
10
4
2
39
1
11
2
1
1
1
3
29
1
6
2
55
2
6
1
13
1
2
2
17
1
11
1
60
1
6
3
52
11
11
3
38
3
7
1
66
1
5
3
61
3
11
2
71
3
10
2
52
6
10
2
26
2
11
1
29
1
3
1
63
1
1
1
71
1
3
1
60
2
10
3
41
4
4
2
34
1
12
2
61
2
3
3
43
3
6
1
26
1
7
3
3
7
11
3
2
12
9
1
39
4
2
3
10
16
11
1
40
2
9
2
13
1
9
2
35
3
3
2
68
1
8
1
32
7
12
3
71
4
3
1
7
1
10
1
23
2
10
2
44
5
5
1
14
17
6
1
30
20
10
2
5
3
12
2
6
3
11
3
37
10
12
1
41
1
12
1
52
1
6
3
36
1
12
3
31
4
4
3
10
11
5
3
4
17
1
2
38
1
9
3
26
4
9
2
3
1
3
1
15
3
2
2
14
2
7
3
39
8
2
3
40
5
5
2
22
2
12
3
18
4
8
1
34
3
9
2
43
4
5
1
6
1
2
3
33
11
1
2
11
2
1
1
2
1
8
1
4
4
12
2
23
3
7
3
35
6
10
1
11
1
8
1
5
2
4
2
31
3
7
2
71
1
6
3
55
17
6
2
3
2
4
2
47
2
10
2
12
2
10
1
37
1
5
3
16
1
3
3
44
3
4
3
63
6
9
3
65
18
4
1
27
1
9
2
34
2
3
3
71
2
6
2
14
3
3
1
14
8
9
3
8
11
5
3
17
10
1
2
2
1
11
3
6
3
6
3
68
6
7
1
35
1
6
1
4
1
5
1
52
3
8
2
30
1
10
1
53
2
3
1
28
3
6
2
36
4
10
1
25
1
10
3
36
11
8
2
15
3
12
1
8
5
8
2
54
1
4
3
6
6
7
3
2
7
12
2
65
1
4
1
2
5
6
3
30
14
10
2
28
2
11
3
7
3
6
2
55
3
8
1
31
3
2
3
8
10
7
1
54
3
5
2
30
2
2
2
10
3
8
2
16
2
5
3
54
1
11
3
35
1
12
2
17
3
11
2
37
3
10
2
38
2
4
3
47
6
6
3
68
12
5
1
63
2
12
3
67
38
9
1
25
3
11
3
14
23
2
3
14
14
7
3
53
5
2
3
34
8
2
1
43
3
12
1
30
17
12
2
8
1
8
3
39
4
6
2
11
3
2
3
5
3
1
1
27
3
6
1
28
2
4
3
49
5
6
1
43
1
5
1
54
1
12
2
4
1
10
3
15
7
9
3
49
3
3
2
53
2
2
2
23
2
5
3
31
12
3
1
47
2
6
2
67
2
12
1
68
2
10
3
60
11
5
2
29
3
9
2
5
2
2
3
29
8
9
3
1
1
11
1
40
1
1
1
67
2
2
1
45
1
6
1
37
2
10
3
12
4
2
1
71
3
2
2
60
4
5
3
26
10
9
1
61
1
11
2
40
1
4
2
36
5
7
2
66
3
5
2
35
2
3
1
53
1
6
2
52
5
7
3
37
3
1
3
55
8
4
3
27
5
7
1
15
1
4
1
22
1
11
1
16
4
4
1
41
3
11
3
11
2
1
1
45
2
6
2
18
3
1
3
28
16
10
3
44
9
7
2
9
3
5
2
29
2
3
2
9
1
6
1
42
1
8
1
17
2
11
2
16
1
11
2
32
4
12
2
32
3
2
1
32
1
1
3
5
4
8
1
33
3
3
3
53
3
2
2
63
3
7
1
34
7
9
3
28
11
10
