3
8
12
11
2
23
3
3
3
38
10
12
2
68
2
10
2
40
2
2
1
12
3
9
2
44
1
9
1
37
2
4
1
35
2
10
3
61
10
12
1
1
2
9
3
45
4
12
2
25
2
11
2
30
3
11
3
3
5
11
3
35
3
12
1
23
1
4
3
5
2
11
3
15
2
10
3
52
7
5
3
42
3
1
1
9
12
5
1
10
8
2
2
65
3
8
2
9
1
9
2
6
3
3
2
37
1
8
1
2
5
10
2
33
1
3
1
40
2
9
2
3
3
5
3
13
8
1
1
25
1
12
2
13
3
10
2
29
1
10
3
27
10
3
3
52
1
4
2
9
2
9
2
15
1
2
3
10
24
1
3
71
4
12
2
60
4
7
3
40
1
12
2
15
3
9
1
55
2
11
2
26
3
8
1
12
12
9
1
26
1
8
3
41
4
4
1
49
2
7
1
63
1
3
1
31
5
8
1
71
3
12
3
11
6
2
3
18
17
12
3
42
4
3
3
40
2
8
1
34
5
8
1
67
3
11
1
8
2
9
3
68
13
12
1
16
5
8
2
39
2
6
3
22
12
8
3
32
5
8
2
31
5
9
1
27
1
2
2
12
3
6
2
65
1
2
3
47
5
11
1
36
2
12
3
60
12
4
2
33
2
12
3
33
5
3
1
10
7
3
1
65
2
12
3
60
1
3
1
41
3
10
3
2
11
10
2
36
2
1
3
34
4
9
1
4
5
2
2
28
3
7
1
37
1
12
2
63
2
9
3
44
1
1
2
67
1
6
1
8
6
5
3
12
4
6
2
29
3
1
2
5
3
10
2
16
1
11
2
66
2
8
1
52
1
7
1
66
1
4
3
2
3
9
2
31
2
6
2
18
3
8
1
31
6
6
1
29
2
8
1
53
2
9
2
45
3
1
2
61
3
7
1
61
1
10
3
10
15
9
1
42
1
7
2
22
2
6
2
38
5
2
1
33
4
9
3
18
5
8
2
47
3
10
3
67
24
5
1
49
1
8
3
9
5
11
3
36
6
10
2
23
1
7
3
66
1
3
3
55
10
2
1
63
2
12
2
5
2
8
1
43
2
7
1
39
1
3
2
2
1
4
2
18
4
8
3
49
8
2
2
43
5
2
2
52
7
2
1
7
4
5
1
18
3
12
3
41
2
2
3
3
7
1
3
7
2
1
1
11
5
9
2
66
1
7
3
31
3
6
1
30
7
2
1
44
2
8
1
15
4
9
2
49
2
7
3
53
6
10
1
28
3
5
2
55
2
7
2
52
3
10
3
34
11
9
2
40
3
7
2
2
2
4
3
71
5
11
1
1
3
10
1
6
2
7
1
65
1
6
2
22
3
4
3
6
6
11
3
8
8
3
1
5
1
4
1
11
3
6
1
34
7
7
2
71
1
3
3
55
16
11
2
11
1
12
1
14
20
6
2
71
3
1
1
38
2
5
1
17
2
7
3
5
5
1
3
66
4
4
3
39
5
4
1
53
1
6
3
28
10
1
3
68
3
11
3
4
23
3
2
61
1
10
3
63
4
6
3
15
12
6
2
37
3
3
2
7
1
10
1
13
6
4
2
11
2
6
1
45
1
9
2
10
2
2
1
14
9
5
3
28
12
11
1
66
3
1
1
16
1
2
1
29
1
10
1
26
2
6
1
41
1
5
2
25
3
3
3
37
9
10
3
63
8
7
3
25
8
10
2
35
3
11
1
39
2
6
3
29
7
9
1
45
2
6
1
25
2
12
2
35
1
1
3
61
8
12
1
18
10
3
2
43
2
9
3
38
2
3
1
60
2
10
2
4
2
9
2
42
3
6
2
14
3
7
1
9
7
10
2
6
2
8
2
1
3
5
3
23
19
5
1
3
7
7
3
33
7
1
3
39
10
9
3
36
14
5
1
22
3
6
3
49
5
12
2
42
1
8
3
45
5
5
2
38
3
10
2
32
4
1
1
55
1
11
3
54
2
12
1
22
2
12
1
6
1
12
3
23
15
7
2
49
1
7
1
32
4
1
1
28
2
12
2
36
1
3
1
3
4
7
2
14
2
3
1
17
9
1
1
7
7
11
2
45
2
6
1
35
1
1
1
68
3
12
2
16
2
4
1
4
1
11
3
26
6
10
2
39
1
9
1
40
3
8
2
41
2
9
2
7
3
5
2
3
1
9
3
7
5
7
2
28
2
4
3
29
3
12
3
16
6
10
2
41
1
11
2
8
2
8
1
23
3
5
1
52
2
3
2
13
1
12
3
44
6
1
3
30
23
6
2
54
2
2
3
4
2
1
2
68
1
10
3
14
7
9
1
42
2
12
1
2
6
11
3
13
2
5
3
32
2
4
1
68
2
2
1
33
2
7
2
27
1
9
1
54
3
6
3
6
2
2
2
10
1
2
1
15
1
2
3
65
18
10
1
44
3
4
3
67
34
11
3
25
4
6
1
47
1
6
2
1
2
7
3
11
11
10
2
32
2
3
1
43
1
4
3
47
4
10
3
53
1
5
1
36
1
10
3
12
6
12
2
53
1
2
1
61
2
8
2
34
2
2
2
4
1
10
2
47
1
4
3
17
14
11
2
12
2
11
2
26
1
1
2
17
1
6
3
27
11
6
3
1
1
3
1
71
2
5
3
35
6
12
2
27
2
11
3
30
14
9
1
5
2
10
3
26
4
9
1
47
3
11
3
17
11
8
2
34
1
4
3
37
6
6
2
44
2
12
3
65
7
9
3
16
5
7
3
9
23
3
2
54
1
6
3
31
11
1
1
27
3
4
3
43
1
8
2
30
5
8
2
17
3
12
2
8
3
3
2
53
3
9
2
63
1
9
1
54
2
2
2
55
3
9
2
67
2
11
3
54
1
9
3
14
1
5
3
1
4
6
1
30
6
4
1
67
1
5
3
43
4
3
1
60
1
4
1
38
1
7
3
22
10
1
2
60
3
11
1
32
1
12
1
13
3
7
