1
71
1
4
3
38
3
12
3
44
5
8
3
39
8
3
3
61
2
6
3
37
6
1
3
9
1
8
2
63
1
9
1
49
1
8
2
60
3
7
2
39
2
10
3
45
6
2
3
2
10
1
2
12
2
12
3
4
2
8
1
36
2
2
2
40
2
1
2
42
2
7
3
47
2
6
1
6
1
12
2
11
1
6
1
52
3
7
3
7
3
2
2
52
6
7
2
71
3
6
1
53
2
7
1
8
14
6
1
8
12
12
2
35
3
5
2
30
3
10
2
67
1
5
2
26
3
6
3
47
1
9
1
28
1
6
2
42
1
7
3
67
37
7
1
32
7
3
3
26
1
5
2
37
1
3
2
45
1
3
2
44
1
3
1
60
1
12
1
1
2
6
2
4
3
6
2
10
1
10
3
38
5
7
2
22
3
3
3
71
1
7
1
41
2
4
3
31
24
9
3
61
8
1
1
65
2
1
2
14
1
6
1
27
1
2
3
6
5
2
2
45
3
7
2
27
1
1
3
36
1
4
2
32
2
12
3
44
3
10
1
17
2
3
2
38
2
6
1
32
5
10
1
2
6
6
1
29
2
11
2
22
2
5
2
65
2
11
3
65
4
1
3
30
23
5
2
9
3
5
3
15
6
5
3
16
8
11
1
7
5
9
3
63
13
7
2
27
2
4
1
44
2
4
1
47
3
2
2
18
3
4
3
6
1
6
3
17
3
4
2
8
3
11
1
29
1
11
3
23
11
9
3
40
5
3
2
68
1
5
3
41
1
5
1
33
7
5
2
1
2
10
1
31
6
12
2
34
2
7
2
43
1
1
3
22
8
12
2
39
3
5
3
25
2
4
1
10
3
6
2
11
2
12
3
68
15
1
2
54
1
1
1
49
2
10
1
35
3
12
3
49
8
10
1
68
2
3
2
44
3
8
1
25
1
1
1
4
3
3
1
67
1
7
3
32
6
7
2
41
5
10
2
38
3
6
2
55
1
1
2
52
5
12
2
33
3
9
2
31
5
10
2
28
2
12
1
28
2
2
3
18
22
6
1
30
15
10
2
17
3
10
2
63
3
11
3
1
2
1
1
43
1
10
2
3
2
1
1
26
1
5
2
71
1
9
1
63
1
12
2
28
3
10
3
12
1
7
3
13
7
5
3
66
4
12
3
26
4
9
1
26
3
3
2
25
2
3
3
43
6
10
2
10
3
1
3
55
3
10
3
12
7
1
1
1
3
12
2
26
1
7
2
15
2
11
2
13
2
4
1
27
2
6
3
5
5
3
3
2
2
8
2
4
2
4
1
7
1
5
3
5
2
3
1
23
2
4
3
23
8
10
1
61
2
10
2
55
3
11
3
17
5
9
1
38
1
8
3
45
5
12
1
60
2
2
3
15
8
11
1
63
2
12
3
66
8
11
2
41
4
8
3
53
8
11
1
39
3
11
3
16
2
11
1
38
2
2
3
7
2
2
1
2
5
4
3
8
4
5
1
10
8
7
1
35
1
12
2
34
3
4
3
67
22
8
3
25
7
12
2
1
3
2
1
68
1
3
1
55
2
6
2
35
1
5
1
47
2
10
3
18
15
8
2
2
1
9
2
66
1
11
3
3
4
6
2
43
4
2
2
12
1
5
1
14
2
12
1
25
2
3
2
60
1
3
1
37
2
12
3
1
8
4
1
22
1
4
3
27
3
1
1
9
12
4
3
39
10
1
2
8
2
8
1
66
2
2
2
31
2
1
3
27
17
4
1
34
9
6
3
42
1
12
1
15
2
3
2
7
2
3
2
36
5
3
3
35
2
12
2
16
3
10
1
52
1
1
2
33
2
9
3
34
8
12
3
54
1
4
2
5
3
9
3
8
20
4
3
4
21
9
1
23
3
7
3
28
2
12
3
10
7
11
1
18
11
5
2
67
2
8
3
53
7
2
2
3
1
9
3
22
6
7
3
11
22
7
1
40
3
9
3
71
2
4
1
45
1
9
3
28
1
12
3
14
19
11
3
29
14
11
1
41
1
1
1
11
9
1
1
67
3
9
2
53
1
7
2
6
2
12
1
5
1
7
1
9
7
5
3
49
7
2
3
65
20
6
1
44
4
10
3
52
16
11
2
66
2
11
3
68
2
5
1
17
6
6
2
65
4
4
1
66
1
4
1
22
2
7
1
42
1
12
1
3
2
4
1
33
2
6
1
61
3
10
3
42
2
12
1
34
5
10
2
5
2
10
2
47
1
3
2
30
1
2
2
54
2
11
2
49
2
6
2
18
4
9
2
6
1
8
1
40
1
2
1
16
1
12
1
65
1
10
3
34
1
5
1
5
2
5
1
4
4
7
3
35
3
6
1
39
1
10
1
16
5
6
2
13
3
11
3
11
14
8
3
33
4
8
1
42
2
3
1
13
5
10
3
40
4
8
1
53
1
3
1
31
3
1
3
29
19
7
1
71
2
5
1
6
2
7
2
61
2
2
1
36
1
3
2
40
4
2
1
11
4
12
2
9
2
4
2
23
1
10
3
55
7
1
3
3
1
11
2
47
3
12
2
32
4
12
3
54
2
3
1
37
1
3
3
10
21
7
3
32
10
11
3
14
25
3
3
13
5
10
1
55
1
6
2
25
1
2
3
33
13
4
1
54
1
8
3
60
1
8
2
17
1
1
3
60
8
6
3
43
7
12
3
31
8
1
1
43
3
12
2
23
3
8
3
63
7
8
1
12
5
4
3
52
1
4
2
61
1
2
1
15
4
3
2
14
2
1
2
2
3
4
1
45
2
8
2
49
1
3
2
36
3
11
2
29
2
7
2
15
3
2
1
14
22
5
1
13
7
11
3
37
10
7
3
9
31
9
2
37
4
2
2
68
4
11
3
36
8
8
1
18
14
4
2
16
1
9
2
7
3
4
2
53
3
11
1
3
9
4
1
54
2
5
1
12
9
1
1
30
13
5
3
41
3
8
3
30
1
2
2
29
1
5
