3
4
24
8
1
61
1
4
1
38
2
6
3
63
2
12
1
10
4
10
1
65
1
11
2
15
2
3
1
27
2
4
2
10
3
3
1
37
1
4
1
60
1
11
3
36
6
8
3
61
7
12
3
49
5
12
1
28
3
10
1
22
2
1
3
1
9
4
3
11
16
1
2
2
1
11
1
4
7
8
3
47
5
9
1
12
10
10
2
23
2
6
1
25
2
5
3
25
3
10
3
63
3
5
2
65
1
9
3
54
2
12
3
27
1
5
1
67
2
11
2
7
1
2
1
34
7
1
3
8
12
7
3
71
5
7
2
63
1
12
3
6
3
6
1
63
1
4
1
54
2
6
3
22
4
5
1
41
3
12
1
29
1
3
2
41
3
11
2
38
1
8
2
55
2
8
2
31
2
3
1
18
7
2
2
34
3
10
3
67
2
2
1
11
4
12
2
45
1
4
2
67
2
7
2
38
3
10
1
71
1
10
1
16
3
6
3
12
5
11
1
29
2
9
2
14
1
4
2
2
3
7
3
32
11
8
3
36
14
12
2
26
4
9
2
7
3
4
2
8
1
2
1
47
1
3
3
26
4
11
3
6
6
5
1
3
7
9
1
66
1
10
2
33
3
8
3
44
9
10
3
4
15
9
2
41
1
7
3
67
5
1
2
16
1
2
3
40
4
7
1
4
3
10
3
68
13
7
2
49
3
4
3
31
15
6
1
44
2
7
3
13
9
3
2
42
2
3
2
30
5
5
2
28
1
5
3
39
1
8
2
9
3
5
2
42
1
7
1
30
19
6
3
71
4
5
2
33
2
12
2
68
3
6
1
63
2
8
2
44
1
8
3
7
4
9
1
1
2
8
2
5
1
11
1
67
1
5
3
30
26
11
1
61
2
12
1
10
1
4
2
5
2
2
3
32
1
9
3
53
7
10
3
29
1
3
2
17
3
8
2
43
5
7
1
35
2
7
1
18
15
3
3
9
5
10
2
45
3
8
1
8
15
7
1
27
1
5
1
66
3
12
3
66
3
6
1
68
2
4
2
40
1
12
1
33
2
10
2
61
1
5
3
33
8
12
1
16
2
4
2
31
3
7
1
43
2
5
3
47
8
7
2
10
1
6
1
9
1
6
3
23
19
8
3
5
2
1
3
44
2
6
1
36
2
1
1
5
1
6
1
7
2
8
3
38
5
10
1
14
7
8
3
30
2
1
1
39
3
11
2
32
1
2
2
34
2
11
2
37
1
3
3
12
1
6
3
53
1
8
3
28
4
1
2
1
3
8
3
40
3
4
1
33
5
3
1
31
2
6
3
33
5
7
2
54
2
12
1
36
1
3
1
3
10
11
1
32
7
5
2
63
3
8
2
25
3
8
1
52
1
11
2
23
3
10
3
35
1
11
3
10
8
11
2
66
3
4
1
6
1
3
3
37
3
11
2
6
1
7
3
52
5
1
2
3
3
8
3
15
6
4
3
34
6
3
3
65
15
5
3
15
5
1
2
55
1
2
1
34
6
5
2
27
3
7
1
49
2
8
2
43
2
10
3
22
2
4
2
9
2
9
3
42
3
9
1
35
4
7
3
17
9
8
1
65
2
1
3
27
16
12
3
34
4
1
2
37
3
7
2
49
1
11
1
13
2
11
1
60
2
2
2
39
2
1
3
13
2
12
2
30
2
11
2
11
3
2
1
45
1
8
3
23
13
8
2
8
3
3
2
22
2
5
1
22
1
9
2
29
2
7
2
53
3
4
3
29
13
2
2
3
1
3
2
29
3
10
3
26
9
11
3
3
8
1
2
47
1
6
2
4
1
12
2
17
2
5
3
61
11
4
1
53
1
2
2
16
3
4
2
40
4
7
1
45
2
1
3
17
4
10
3
66
9
9
3
37
5
6
1
6
2
9
3
60
14
4
3
28
16
7
1
42
1
7
1
55
2
11
2
13
3
8
3
55
5
4
1
26
3
10
3
41
1
8
2
52
6
7
2
66
2
11
3
16
5
10
3
11
24
3
1
23
3
9
2
15
3
12
2
60
1
10
1
1
1
6
3
38
9
3
2
39
4
12
3
49
8
5
1
43
3
7
3
41
3
4
3
18
1
4
3
18
15
8
3
7
5
9
1
47
2
11
1
26
1
6
2
12
1
9
3
45
1
9
2
14
3
10
2
32
2
4
1
39
1
8
2
18
3
1
1
12
1
9
3
2
2
1
2
35
3
2
3
10
10
4
2
27
1
6
2
26
3
7
1
2
7
8
2
52
1
6
1
40
2
5
3
14
3
10
1
38
3
11
1
8
11
1
1
41
2
9
3
8
8
8
2
22
3
8
2
65
2
7
3
1
1
8
2
67
1
8
2
11
2
12
3
35
7
7
1
28
1
8
1
54
3
1
2
53
2
2
3
14
16
12
2
71
3
3
2
4
2
5
2
28
3
11
3
43
6
8
3
3
2
11
3
5
4
12
2
36
1
2
3
68
11
6
3
9
20
10
2
35
2
2
1
7
5
2
3
52
3
10
1
11
2
8
1
44
4
3
1
55
1
9
2
13
2
3
3
25
2
11
1
52
2
12
3
39
5
5
3
60
21
6
3
31
16
9
1
71
3
11
1
31
17
5
2
68
4
9
1
49
1
7
2
1
1
2
3
2
12
3
2
25
1
5
3
42
4
10
2
36
3
8
1
68
1
8
1
14
18
9
1
42
2
5
1
2
4
3
1
32
4
7
3
55
12
6
2
54
1
3
1
17
9
4
1
23
2
4
2
18
4
12
2
12
2
9
1
30
12
1
2
61
3
3
1
5
2
11
2
44
2
3
3
16
1
8
1
25
1
4
3
43
3
10
1
37
2
7
1
9
6
10
1
40
3
2
2
71
2
12
1
13
6
5
1
15
2
10
3
54
1
2
3
45
4
1
2
60
3
11
3
65
19
3
1
15
5
9
2
6
2
1
2
47
3
12
1
17
15
2
1
53
2
8
