2
42
2
9
3
52
14
4
1
26
2
6
1
7
3
7
3
36
7
12
2
40
1
7
2
18
1
3
2
31
5
4
1
3
1
3
3
2
6
2
2
39
2
10
3
30
17
9
3
67
35
6
3
39
4
2
2
60
3
4
1
54
1
12
1
33
5
6
2
63
3
5
3
17
3
12
1
22
3
12
3
6
6
2
1
63
1
10
2
41
5
4
2
55
1
3
3
29
4
10
3
26
11
2
1
68
3
5
3
49
8
12
2
32
1
8
1
38
1
6
1
37
2
4
3
4
7
6
1
25
3
8
1
44
1
7
1
5
2
7
1
53
2
3
3
27
6
4
2
17
3
4
2
8
1
2
3
42
1
2
3
43
5
1
2
17
2
2
1
41
1
1
3
1
6
8
2
30
1
7
1
71
2
7
2
34
1
12
2
39
1
8
1
4
2
6
2
10
3
11
2
37
1
6
3
7
4
10
3
63
5
5
1
55
2
8
2
63
2
5
1
43
1
12
3
12
1
6
2
54
2
6
3
3
5
11
3
2
8
2
2
43
5
3
1
2
1
1
2
7
1
10
3
61
10
6
3
1
3
3
2
2
1
10
2
41
2
9
2
5
3
9
3
18
22
12
3
3
10
9
2
9
1
5
2
33
1
11
2
52
6
4
1
1
2
1
1
32
2
2
1
28
2
12
1
8
17
3
1
42
1
5
1
18
7
9
2
38
2
7
1
17
14
8
3
34
7
7
1
14
12
2
3
53
5
12
1
23
1
9
2
37
3
11
3
18
9
1
3
41
1
5
1
40
1
6
1
30
15
7
2
1
3
3
2
45
1
12
1
15
5
4
3
36
8
7
2
15
3
4
2
49
1
1
3
12
5
8
3
23
15
9
2
14
1
5
1
27
1
2
1
4
6
4
3
66
3
11
3
39
6
8
1
27
3
1
1
41
2
3
2
5
2
10
2
68
3
9
1
67
3
12
3
55
10
3
2
14
2
1
3
41
4
11
1
36
1
5
3
10
4
3
3
9
26
7
2
44
2
1
2
25
2
1
1
55
1
6
3
25
9
9
2
6
1
4
1
45
1
2
1
43
2
10
1
9
12
9
3
65
18
10
2
55
3
11
2
32
2
7
3
13
2
9
1
32
6
3
2
65
1
1
1
44
4
7
2
31
1
2
1
38
3
12
3
68
6
6
2
53
2
12
3
5
3
4
2
34
3
12
3
22
5
11
1
14
4
5
1
22
2
3
2
68
2
12
3
54
2
8
2
66
3
12
3
66
2
6
2
54
1
11
2
15
2
3
2
22
2
11
1
52
3
1
1
35
1
10
3
40
6
3
2
45
4
6
2
23
1
9
3
42
2
4
2
67
1
8
3
32
5
6
1
16
7
3
1
23
3
4
2
4
3
5
1
34
2
2
1
11
2
8
1
29
3
7
3
10
10
12
3
52
9
8
2
61
1
11
1
11
3
9
2
4
2
6
1
18
5
9
2
23
2
12
2
10
2
8
2
27
3
9
2
42
1
11
1
25
1
10
3
16
6
5
2
28
2
2
2
44
3
7
1
63
2
8
1
12
3
3
3
11
14
1
1
71
3
12
1
30
2
3
2
43
3
4
1
60
1
5
1
1
3
7
1
47
3
6
1
31
11
7
3
34
6
3
2
22
1
12
3
33
18
9
2
11
1
3
1
10
1
6
2
2
3
12
3
14
5
1
1
39
2
2
1
2
7
7
3
71
1
9
1
49
1
2
1
3
11
3
2
71
2
3
2
25
1
2
3
37
11
10
2
26
3
3
3
31
17
5
2
53
3
7
1
54
3
11
3
44
3
3
3
47
5
3
3
71
5
1
3
16
1
5
2
40
4
1
1
39
4
1
3
14
7
10
2
28
3
8
1
8
12
9
2
29
2
12
3
61
11
7
1
53
1
11
2
26
4
5
3
4
22
7
2
6
2
8
3
35
5
12
3
27
8
5
2
61
3
2
1
34
5
2
3
13
7
2
2
65
3
7
3
17
1
6
1
65
1
8
1
9
6
8
1
42
2
10
2
3
3
4
3
60
18
4
2
27
1
8
2
30
5
10
2
36
5
2
2
60
2
5
1
28
1
6
1
61
1
9
1
17
16
2
1
35
2
10
2
52
5
7
3
26
7
5
3
37
8
7
2
66
2
1
3
67
25
4
1
13
4
11
2
38
4
3
2
67
2
3
3
68
3
9
3
8
15
9
1
65
2
4
1
16
5
5
3
25
2
11
2
9
2
9
3
65
10
12
2
47
4
7
3
30
2
4
2
11
2
7
1
10
4
5
3
32
10
8
2
7
3
9
1
66
2
4
3
28
6
12
2
29
1
6
3
55
15
12
1
33
8
7
3
54
1
8
1
61
3
8
3
45
4
7
1
6
2
2
3
38
3
7
1
66
1
6
1
45
2
9
3
44
4
5
1
67
1
12
3
15
1
7
2
47
2
6
3
47
3
10
3
8
13
3
3
22
9
12
3
33
10
6
3
23
12
7
1
12
12
10
3
6
2
6
3
35
3
9
1
49
2
5
1
5
1
8
2
12
1
9
3
28
1
2
2
36
3
8
3
49
3
6
3
15
2
12
2
18
2
9
1
37
1
1
1
60
2
11
3
38
11
6
1
31
7
9
3
7
2
5
3
60
26
7
1
15
3
12
3
63
8
4
2
3
1
8
2
35
1
8
3
29
10
10
3
31
23
9
1
13
5
8
2
13
1
5
3
43
2
10
3
40
2
1
1
26
3
12
1
52
1
3
1
7
9
1
2
8
3
3
1
68
2
12
3
45
6
12
2
49
4
2
2
35
3
2
3
53
1
3
3
11
4
12
1
47
2
9
1
29
1
1
1
40
3
5
2
1
1
11
3
9
19
5
2
16
3
11
2
16
2
2
3
5
5
10
2
71
3
2
1
6
1
11
1
36
3
2
2
12
3
10
2
33
2
3
2
13
2
2
