2
9
3
3
1
14
17
1
1
53
1
11
2
17
2
4
2
53
2
11
1
12
13
11
3
54
1
7
2
3
1
9
3
6
6
3
2
42
3
4
3
63
7
6
2
10
2
6
2
16
1
6
1
32
5
8
1
26
3
1
1
1
1
1
1
32
2
12
1
40
2
8
1
5
1
11
2
5
1
7
3
41
1
4
1
27
3
1
3
15
1
5
3
11
3
11
1
2
2
12
1
61
1
8
3
33
9
7
3
35
2
1
3
5
1
6
3
42
3
3
2
16
3
7
3
37
6
1
2
4
3
4
1
55
1
11
2
14
1
6
3
7
1
4
3
44
2
1
1
71
1
12
2
25
2
6
1
52
2
6
1
63
1
10
3
37
5
9
2
54
1
1
2
27
3
2
2
55
1
2
1
39
4
5
2
45
4
2
3
68
8
7
1
4
4
4
3
26
9
6
3
65
8
11
1
15
3
7
2
30
2
8
3
68
17
4
3
2
11
9
3
39
10
11
1
22
3
1
3
41
4
4
2
37
3
11
1
29
2
12
2
23
1
9
1
45
2
2
1
49
1
8
2
13
2
9
2
66
2
2
3
1
10
1
1
52
3
1
3
12
6
6
3
15
10
4
1
17
16
3
3
61
1
12
2
68
2
10
3
26
6
7
1
38
2
4
2
40
4
10
3
39
5
4
2
14
3
4
2
5
2
10
3
23
11
12
2
27
2
7
3
14
18
1
1
12
8
3
3
4
16
12
2
10
1
11
3
10
7
4
2
29
3
9
2
6
1
10
3
13
5
11
2
13
1
10
3
36
15
2
2
33
3
10
1
55
2
3
3
33
18
8
3
18
9
6
3
23
7
3
1
29
1
12
2
12
1
7
1
67
3
10
3
53
6
1
1
33
4
11
1
49
2
4
1
30
15
3
2
29
1
4
1
60
2
6
1
41
1
8
1
10
4
11
3
71
4
2
1
30
12
12
2
4
1
11
2
36
3
2
3
13
3
10
1
31
7
11
2
6
2
2
2
47
2
5
3
71
2
7
1
65
1
9
3
42
2
3
3
17
10
10
2
2
2
1
3
63
3
4
2
38
1
5
3
67
27
10
3
60
14
1
1
16
4
12
2
23
3
2
1
1
2
12
2
54
2
9
3
11
1
3
1
28
3
10
2
11
1
11
3
8
20
7
3
7
4
3
2
63
3
5
3
28
7
10
1
36
1
12
3
18
24
5
3
29
13
6
2
66
1
7
1
9
10
1
2
31
5
11
1
7
8
10
3
66
9
4
3
3
1
8
1
8
3
5
2
25
3
12
3
47
8
4
1
3
1
11
1
18
14
9
1
13
6
4
1
7
11
3
3
55
11
7
3
32
12
11
2
52
6
5
2
22
3
2
2
36
4
3
2
31
3
2
3
40
1
3
3
30
22
8
2
28
2
1
2
3
2
11
1
2
7
11
1
40
1
7
1
31
12
12
2
61
2
2
2
35
2
6
3
67
26
4
3
34
4
2
1
63
2
9
1
22
1
3
3
9
32
7
2
63
2
1
2
41
4
2
3
3
4
2
1
66
3
9
1
17
8
7
3
27
3
2
3
52
17
5
2
71
2
1
3
1
7
2
3
16
2
6
1
14
6
4
1
8
15
7
2
18
1
6
2
52
3
6
2
11
3
1
1
34
6
8
3
49
3
7
1
47
1
4
2
49
1
6
3
44
5
10
1
42
1
5
3
27
9
5
1
27
2
6
1
38
1
10
2
65
3
12
3
17
17
4
1
43
1
4
1
28
2
3
3
35
8
12
1
3
8
10
2
44
2
3
3
16
1
10
3
53
2
6
3
8
15
2
1
68
2
9
3
43
4
10
1
4
2
12
2
55
3
3
1
26
1
6
3
22
9
2
1
71
2
12
1
18
15
12
2
30
1
3
2
15
2
12
1
36
3
3
2
44
3
3
1
23
3
2
2
32
2
2
2
67
2
9
3
25
7
5
2
60
2
7
3
40
3
12
1
54
2
6
1
35
2
12
2
7
2
8
3
34
6
5
1
23
1
10
2
43
5
9
3
22
7
5
2
53
1
11
1
5
2
10
2
7
1
10
2
68
3
1
3
43
1
1
3
38
5
5
1
53
2
12
1
9
12
7
2
47
3
10
3
36
1
9
3
54
2
11
3
38
2
9
2
1
3
8
1
54
3
1
1
44
3
1
1
39
3
1
3
55
4
7
2
35
1
3
3
52
9
6
1
15
5
2
1
33
8
6
2
12
3
9
2
8
1
8
2
9
1
8
1
13
7
7
2
32
1
10
3
30
14
5
2
40
1
5
1
11
2
1
3
12
5
2
3
31
14
2
1
67
2
3
3
31
26
5
3
25
2
7
2
65
4
8
2
60
4
10
3
4
26
2
2
17
1
9
1
68
3
9
1
35
1
4
1
16
7
8
3
66
7
6
3
60
28
11
1
44
2
10
2
61
3
7
2
43
4
3
2
37
4
4
2
39
3
2
2
15
1
11
2
71
1
5
3
61
3
11
2
1
2
12
1
37
2
7
1
66
2
5
2
18
4
1
3
47
6
9
2
34
1
1
2
28
3
9
1
42
2
8
1
61
3
3
1
11
5
8
1
6
1
9
1
60
1
10
2
67
1
3
1
41
3
12
3
45
3
7
1
37
1
9
2
34
3
7
1
34
7
4
2
22
2
6
3
5
2
12
2
45
1
7
2
39
4
3
1
10
1
1
2
26
1
1
1
45
1
12
1
6
2
2
3
28
13
3
1
43
2
10
2
33
1
1
3
9
17
6
3
6
2
5
1
65
2
1
1
25
2
4
2
26
4
11
2
2
1
9
2
42
1
3
1
47
3
7
3
29
12
8
3
2
4
11
1
25
3
12
3
45
1
7
2
8
3
11
3
10
11
10
2
41
5
5
3
65
14
6
2
38
5
12
3
49
6
7
3
32
3
7
2
49
4
5
3
14
10
7
