3
61
7
1
2
5
3
5
3
26
12
12
3
65
19
4
3
12
5
10
3
14
19
6
3
13
7
6
2
36
5
9
1
65
1
7
1
16
7
9
2
14
2
4
2
40
1
9
1
22
1
1
3
71
2
3
2
29
3
6
2
8
3
1
2
53
2
7
1
27
1
3
1
17
8
4
2
63
1
4
3
15
16
11
3
2
6
10
2
27
1
6
3
3
1
9
2
23
2
6
1
52
3
9
1
71
1
4
2
34
3
6
2
45
2
5
3
2
3
5
3
27
12
4
3
1
5
3
3
33
1
2
1
10
3
12
3
34
11
2
2
67
1
5
1
42
1
5
1
40
3
10
3
14
11
8
2
9
1
11
3
43
2
9
3
18
9
8
3
28
10
1
1
38
2
10
1
63
1
5
2
63
3
1
1
61
2
5
1
8
14
10
1
47
2
6
1
1
1
2
3
32
12
3
3
37
10
5
2
27
2
2
3
9
13
12
2
31
3
4
2
16
2
2
2
44
1
9
1
13
5
7
1
55
1
11
1
45
1
7
3
18
6
7
3
34
4
10
2
42
4
8
3
52
12
12
3
15
17
4
1
18
14
3
1
65
2
11
2
14
1
12
1
43
1
4
1
18
3
4
3
39
2
12
2
39
1
11
2
2
1
8
3
25
6
12
3
30
18
11
2
16
1
9
3
1
10
12
3
54
1
10
1
10
4
5
2
15
2
8
2
55
2
9
3
49
4
2
1
23
2
1
3
38
5
3
1
15
4
12
1
60
1
4
3
40
6
7
3
63
1
10
1
32
4
2
3
54
2
9
3
11
26
5
2
22
2
9
1
39
4
7
2
55
3
4
1
37
1
7
2
13
1
2
2
61
3
7
3
36
1
12
3
29
9
1
2
54
1
4
1
40
2
12
2
30
4
12
1
5
1
5
3
66
3
4
2
45
1
4
1
22
3
6
2
49
2
2
3
29
14
11
1
68
2
5
3
35
1
3
2
32
2
12
3
53
2
11
3
4
13
6
1
11
5
1
3
25
5
8
1
35
3
2
2
7
1
4
2
52
1
11
2
32
1
1
3
45
1
3
1
27
2
4
2
71
1
8
1
44
4
11
3
23
6
2
1
45
2
6
3
41
2
3
2
11
2
5
1
13
7
8
1
49
1
4
2
5
1
12
3
12
3
5
3
44
10
4
3
13
4
1
3
36
8
2
1
9
13
11
2
61
2
6
2
10
2
12
2
23
3
9
2
52
2
5
3
16
6
4
1
54
1
11
3
4
23
8
3
27
16
8
1
25
1
9
3
33
6
8
1
66
3
12
3
8
2
5
1
15
2
2
3
53
5
1
2
10
3
12
1
39
1
5
3
35
4
5
2
71
2
9
2
6
3
5
1
41
3
3
1
30
15
1
1
6
1
2
3
6
4
3
1
14
8
3
2
60
1
11
1
2
5
4
1
54
2
2
2
4
2
12
1
23
3
8
3
28
4
11
2
3
1
1
1
49
2
7
2
44
4
5
3
67
15
7
1
6
2
9
2
47
1
10
2
9
2
12
1
26
1
2
3
32
7
12
1
60
2
11
2
18
3
10
3
49
3
6
2
35
2
12
3
68
12
2
1
34
2
8
2
12
2
4
3
52
11
8
2
8
2
10
3
11
5
1
2
36
4
4
2
65
2
10
1
33
2
6
1
29
1
11
2
33
2
6
1
29
3
6
1
1
3
9
2
38
3
2
3
3
8
1
3
5
3
11
1
25
3
1
2
43
1
10
2
47
4
3
2
41
3
4
3
31
14
10
1
9
7
5
3
39
7
7
1
61
1
6
2
11
1
10
1
3
5
9
3
61
10
9
1
7
10
6
2
28
3
5
2
42
3
5
2
28
1
7
3
17
6
10
2
1
3
12
3
6
1
3
1
53
1
12
1
38
1
12
2
15
3
6
1
30
8
12
2
12
3
12
1
8
5
6
3
22
11
9
3
7
4
10
1
47
3
5
1
35
1
12
1
28
3
6
1
28
1
8
2
30
2
7
3
38
10
7
1
34
11
10
3
8
8
5
2
37
4
3
2
66
3
2
3
60
5
5
1
4
6
5
3
5
2
11
2
41
1
3
3
41
3
10
1
52
1
7
2
17
3
1
2
43
4
5
2
31
2
3
1
36
2
4
2
25
3
2
3
37
8
3
2
3
3
5
3
9
19
11
1
71
2
4
1
31
2
12
1
12
16
1
2
26
3
5
2
7
2
2
3
63
12
8
1
17
9
1
3
10
15
6
1
63
2
8
3
23
17
1
1
11
10
6
1
7
8
6
1
16
3
9
3
17
4
6
1
44
1
12
2
66
2
3
2
13
2
4
2
49
3
11
2
38
2
8
2
34
1
4
3
47
2
6
3
43
6
12
2
40
3
4
2
1
2
7
2
18
2
11
1
33
8
2
1
5
2
12
1
67
1
2
2
35
3
9
1
55
2
8
3
68
17
12
1
68
3
2
2
68
4
2
1
31
17
7
3
31
10
12
2
2
2
9
3
55
15
5
2
67
2
4
1
2
4
10
3
60
2
2
1
12
14
7
1
43
2
5
3
67
2
10
3
66
7
9
1
42
2
4
2
4
3
10
2
53
3
5
1
37
2
12
2
39
3
2
1
32
7
11
2
25
1
11
1
67
3
6
3
26
7
8
3
44
1
3
3
65
11
8
1
14
16
1
3
42
2
4
3
47
7
12
3
16
2
5
2
37
3
5
3
42
4
2
2
65
3
8
1
66
2
4
1
4
4
5
2
60
3
5
3
10
6
8
3
40
1
8
1
36
3
9
1
53
2
9
2
33
1
6
3
30
5
12
3
71
5
7
2
22
3
8
2
68
3
11
2
26
2
2
3
55
13
8
2
6
1
5
3
45
5
2
1
41
1
9
1
3
6
3
3
22
7
6
2
17
1
6
2
29
2
6
3
7
5
1
2
54
2
10
1
26
3
9
