2
30
4
4
3
44
4
3
2
60
1
8
2
63
2
10
3
12
5
12
2
68
1
10
1
37
1
1
1
27
1
1
3
63
4
10
3
35
8
10
1
66
3
9
1
37
2
11
1
65
1
2
3
45
1
4
2
41
2
2
1
6
1
9
2
54
2
11
2
16
1
9
2
40
2
6
2
17
1
8
1
22
2
8
2
3
3
10
1
5
2
2
2
47
1
12
3
29
14
5
3
49
5
11
2
13
3
9
3
13
4
11
1
1
1
12
1
26
3
9
3
55
11
10
2
47
4
10
1
16
5
12
1
38
2
9
2
18
3
1
3
16
3
7
2
8
3
5
3
39
1
11
1
38
1
11
2
43
3
9
3
34
7
1
3
28
7
5
2
53
3
2
2
49
4
12
3
1
8
11
3
15
1
10
1
60
2
11
2
23
1
10
1
35
4
9
1
61
3
6
1
31
2
4
1
12
14
3
2
22
2
10
1
33
4
11
1
5
1
10
1
47
2
12
1
18
14
12
1
13
1
5
2
35
2
9
1
34
3
8
1
67
3
9
1
4
3
8
2
11
1
8
2
18
4
4
3
26
9
1
2
15
3
11
3
11
11
12
3
30
17
9
2
65
4
1
2
42
1
5
3
52
3
4
2
9
3
4
2
23
3
4
1
34
5
4
1
71
1
11
1
68
1
9
3
67
25
10
3
26
6
2
1
30
16
5
2
66
3
4
2
52
7
3
3
32
11
3
1
17
16
8
1
4
4
11
2
22
1
12
1
63
2
4
1
23
3
10
3
16
8
12
3
39
7
2
1
8
17
12
1
35
1
1
2
25
3
2
1
44
4
2
1
43
1
9
1
9
1
9
2
44
3
1
1
54
1
11
3
4
27
11
3
65
8
9
2
27
3
6
2
7
2
10
2
38
4
5
2
3
2
7
2
43
2
9
1
15
3
8
3
40
6
8
3
60
15
4
3
71
2
3
1
13
7
10
3
71
4
8
2
31
3
3
2
14
3
4
3
36
2
3
3
54
1
1
1
12
6
9
3
5
1
8
2
37
3
11
2
42
4
4
1
25
3
6
2
26
2
8
2
61
1
5
1
45
1
8
3
9
17
4
1
45
2
4
3
14
14
11
3
17
8
9
3
63
6
8
3
6
2
3
1
32
3
6
1
36
3
1
1
49
2
12
3
43
8
7
2
60
4
2
3
44
3
10
1
67
2
3
1
32
1
9
1
49
1
5
2
52
4
5
2
6
1
1
2
66
2
10
2
67
1
7
1
3
1
11
3
15
8
6
1
1
2
12
1
55
1
11
2
54
1
9
3
47
6
1
2
34
2
1
2
26
1
1
1
66
1
5
2
9
1
5
3
13
9
5
3
45
5
1
3
53
8
9
3
10
2
5
3
3
6
12
2
6
3
9
1
39
1
10
1
10
3
12
2
10
2
9
2
29
1
2
3
7
5
11
2
55
2
11
1
2
2
4
1
41
3
8
1
14
18
10
2
49
1
6
3
18
11
2
3
5
4
2
2
28
1
2
3
23
2
5
3
60
7
2
1
28
3
4
3
36
1
5
3
8
13
12
2
13
2
3
2
35
3
7
3
30
22
9
2
63
3
10
2
10
3
12
2
71
1
10
2
2
3
6
1
41
1
5
2
36
3
11
2
31
2
8
3
14
16
9
3
55
17
12
1
10
7
4
2
33
3
7
2
71
2
4
3
38
1
8
1
6
2
4
2
7
1
4
1
68
3
8
3
53
5
8
3
8
3
4
3
1
9
12
3
27
11
7
2
34
3
5
1
52
3
5
2
55
1
3
3
18
6
8
1
7
11
8
1
43
3
3
3
41
3
12
1
29
1
5
1
60
1
10
1
27
3
3
3
32
7
9
2
1
1
7
2
32
4
12
2
8
2
6
3
33
13
7
1
33
1
3
2
14
2
9
3
42
1
12
2
17
3
7
2
36
5
5
2
5
3
7
3
67
29
11
1
11
7
5
1
8
13
1
1
26
2
11
1
44
3
3
1
42
2
12
1
47
1
7
3
41
1
3
1
30
18
1
1
7
6
8
2
25
1
3
1
42
1
10
3
37
12
12
1
23
1
4
3
9
16
8
3
35
6
5
1
31
18
8
2
4
3
11
1
3
9
4
3
29
19
1
1
14
2
7
3
54
2
1
2
37
2
10
3
49
7
6
2
32
2
4
3
65
18
6
3
22
12
2
1
15
2
12
3
6
5
8
3
33
22
10
3
27
3
9
3
52
12
11
3
23
17
5
1
22
3
11
2
38
3
2
3
3
8
6
1
55
2
7
2
65
2
6
1
29
3
6
1
25
1
7
2
27
1
7
3
47
9
7
3
43
1
9
3
22
10
10
3
68
6
8
2
2
1
11
3
25
4
4
2
45
4
1
2
30
2
10
1
18
1
6
3
12
4
5
1
28
2
5
2
29
2
1
3
31
13
2
3
31
4
3
2
12
1
5
3
10
11
5
2
39
2
7
3
61
7
12
2
5
2
10
2
11
2
1
1
39
3
2
3
68
14
12
1
2
5
2
2
68
2
3
3
4
9
1
1
54
2
7
1
61
1
3
2
41
1
9
1
16
3
9
2
12
3
2
2
1
2
4
3
37
1
1
1
63
1
3
3
11
5
2
1
36
2
8
2
4
1
12
1
9
6
2
2
15
2
10
2
67
2
8
1
53
2
8
3
61
4
11
3
34
9
6
1
53
1
4
2
53
2
4
3
2
9
3
3
28
12
5
3
42
4
1
3
2
1
8
2
33
2
3
2
28
2
7
2
44
4
4
3
7
2
12
1
40
1
10
3
38
3
7
1
11
1
2
3
66
6
10
2
45
2
6
1
71
3
12
2
61
2
9
3
66
4
3
2
39
1
3
1
52
2
2
3
25
2
8
2
16
2
2
1
17
12
4
2
40
3
6
3
40
4
7
1
40
3
3
3
17
2
10
1
65
2
9
