1
2
7
7
3
10
4
3
3
2
7
7
1
35
4
12
1
29
3
12
3
30
22
8
3
67
22
9
2
68
1
8
2
5
2
2
3
31
10
7
3
14
22
5
2
44
5
11
1
29
1
4
3
38
4
11
1
38
3
4
3
33
1
8
1
7
4
5
1
32
5
4
2
43
4
9
1
55
1
1
3
28
2
10
2
36
4
10
2
66
1
2
2
31
3
6
2
22
2
5
2
34
2
4
2
28
1
5
3
71
4
11
2
1
3
5
2
53
1
3
3
3
8
2
3
38
12
2
3
63
6
11
2
11
3
6
3
28
7
2
2
60
1
5
1
10
5
9
1
23
2
3
3
16
8
12
2
47
3
6
1
42
1
3
3
33
10
12
3
52
16
6
3
11
3
8
3
12
1
10
1
30
16
11
1
8
6
6
1
71
1
4
2
28
3
9
3
6
5
9
2
25
1
12
3
7
3
6
1
6
2
2
1
37
2
7
1
7
8
3
3
49
8
5
2
9
3
10
1
34
9
5
1
55
2
5
1
41
1
8
3
14
6
11
2
7
3
7
1
17
13
3
1
41
3
4
2
17
1
8
2
18
4
4
3
35
5
11
2
52
5
5
2
27
3
6
1
45
1
6
2
27
2
6
3
15
2
1
3
25
4
4
2
71
3
9
1
13
2
1
1
67
3
4
2
40
3
9
1
26
1
7
2
37
1
4
1
5
2
7
3
23
19
7
2
32
1
6
2
13
3
11
1
13
7
8
1
3
1
11
2
29
2
8
2
2
3
7
3
36
6
9
3
13
2
9
3
54
1
4
1
60
2
6
3
30
7
2
3
12
5
9
3
53
2
1
2
49
3
12
3
32
3
12
3
40
4
6
1
8
11
12
3
22
3
12
2
36
3
12
1
25
2
12
2
35
3
3
2
6
2
4
3
39
7
9
3
55
8
11
2
34
3
12
2
17
2
9
2
15
3
7
3
49
1
7
1
4
2
6
1
42
2
1
2
8
2
5
3
45
6
2
3
47
9
6
3
32
12
6
3
5
5
12
2
5
1
11
2
41
4
5
2
67
1
10
2
18
1
11
3
25
2
8
2
68
2
7
1
43
3
12
1
2
4
2
2
10
3
9
1
54
3
7
3
1
7
3
3
9
16
10
3
43
2
2
1
40
3
1
2
33
3
7
3
65
21
9
3
17
7
6
3
65
12
2
1
67
1
2
1
22
2
6
3
35
3
1
1
49
1
5
2
25
2
6
2
65
4
6
2
55
3
6
1
18
12
9
3
9
26
12
2
7
1
11
1
27
3
6
2
16
1
8
2
3
3
12
3
27
10
10
3
66
3
12
3
17
8
12
2
43
3
9
3
44
8
9
3
26
5
11
2
2
2
9
3
61
11
6
1
31
10
5
1
12
3
8
3
18
11
11
3
4
21
10
1
26
2
7
3
43
1
2
3
41
3
12
1
63
2
5
3
52
4
9
2
45
1
12
1
1
3
10
2
33
1
4
2
31
1
1
2
32
3
1
1
17
12
9
3
4
6
8
3
37
3
9
2
12
1
3
2
3
2
7
3
47
3
3
3
5
4
1
2
63
1
11
2
38
5
5
1
68
3
8
1
52
3
5
3
27
9
8
2
39
4
5
3
29
11
7
2
6
3
8
2
29
3
5
2
14
1
4
1
25
3
7
2
44
4
10
2
67
2
12
2
35
2
1
2
15
1
7
1
71
2
12
1
38
2
7
3
18
23
4
2
4
2
8
1
15
4
7
3
55
2
2
1
32
3
4
2
9
1
8
3
16
3
11
1
28
1
8
2
30
2
10
2
23
2
8
1
34
4
12
1
39
1
1
2
12
3
12
2
16
2
11
1
1
1
5
2
71
2
3
1
23
3
3
3
34
2
9
2
65
2
7
2
23
1
4
2
47
2
4
3
53
8
7
1
43
1
11
1
68
1
9
1
60
1
12
2
61
2
7
1
44
1
3
1
15
3
5
3
31
1
1
3
26
1
11
2
60
4
1
2
10
1
9
3
37
4
9
3
7
2
9
3
11
1
9
3
2
9
5
3
42
2
3
1
61
3
1
3
40
3
8
1
3
2
8
1
39
2
2
1
33
7
10
1
31
13
1
1
22
1
4
2
13
2
10
2
42
3
12
3
34
7
3
1
6
1
12
1
16
1
3
1
66
3
10
3
45
5
1
1
53
1
9
1
11
4
10
1
47
2
9
1
49
2
6
3
15
4
4
3
66
1
3
1
10
7
10
3
29
3
11
1
65
1
12
1
9
13
12
1
28
3
10
2
61
3
10
3
10
5
1
3
39
2
11
1
36
1
12
3
68
15
9
3
71
2
10
1
36
3
6
3
3
10
4
1
33
5
10
2
42
4
3
3
23
9
2
3
44
4
12
1
37
1
2
2
30
3
1
1
61
1
4
3
8
8
12
3
68
17
11
1
35
2
8
3
61
3
11
1
11
12
9
2
22
3
7
1
14
7
6
1
30
18
10
1
45
2
11
3
60
12
12
2
53
3
3
1
18
3
10
1
54
1
7
2
52
4
3
3
8
16
11
2
14
3
8
2
54
2
11
1
66
1
7
3
67
15
4
1
16
3
5
3
1
6
3
2
54
1
12
2
26
4
2
1
63
1
11
3
22
9
8
2
66
3
7
3
6
2
5
1
12
12
3
2
39
2
6
1
5
1
10
1
44
3
9
2
63
2
6
1
52
2
11
2
49
4
5
2
37
2
4
3
13
4
2
1
27
1
12
3
54
2
7
3
42
3
2
1
40
2
12
2
45
4
7
2
4
3
4
2
41
1
10
3
36
9
9
3
63
5
5
3
60
14
9
1
14
6
10
1
53
2
1
2
26
3
5
1
65
2
10
2
38
1
3
3
41
4
1
2
40
2
2
1
9
2
10
1
4
1
11
2
1
2
4
2
55
2
7
1
47
3
2
2
8
3
4
2
11
1
2
