2
13
3
9
3
18
14
2
2
4
3
12
2
39
1
11
2
17
1
1
2
27
2
11
3
40
1
11
1
2
5
1
1
35
4
2
3
15
2
2
1
18
8
7
3
63
1
3
1
10
3
4
1
16
4
4
3
38
6
4
1
71
2
11
2
33
2
6
2
60
3
3
3
7
3
5
3
39
2
2
2
13
2
1
3
5
4
1
3
68
2
9
1
42
2
7
1
29
1
4
3
23
11
5
2
8
1
8
2
42
1
8
3
17
17
10
1
10
7
1
2
30
2
9
2
29
1
10
3
27
14
4
2
26
4
1
3
31
29
12
3
29
6
9
3
71
3
2
2
10
1
5
2
61
3
11
3
67
10
11
3
49
8
11
1
65
2
1
3
54
2
3
1
5
2
1
1
47
2
2
3
18
3
10
1
44
4
9
3
33
1
10
1
12
13
11
1
45
1
8
3
41
1
7
3
8
8
1
1
12
4
12
3
40
6
9
1
61
1
10
1
1
1
9
1
40
3
4
1
34
6
2
2
6
1
11
1
29
3
4
2
68
1
10
2
54
2
2
1
32
4
2
2
15
3
4
2
65
1
10
1
8
14
12
2
47
3
12
3
4
9
1
2
15
1
3
1
2
7
6
3
35
7
12
2
25
2
10
2
36
1
12
3
31
9
12
2
32
1
12
1
44
2
5
2
28
3
2
3
30
8
1
2
3
1
1
1
53
1
3
3
16
3
12
3
6
2
6
1
63
2
6
1
9
8
7
1
23
1
7
3
71
4
2
3
13
5
5
2
2
3
2
3
34
9
2
3
47
9
7
2
12
1
8
2
53
1
12
3
6
6
10
2
23
2
11
3
66
7
12
3
45
3
11
1
65
1
7
2
52
5
1
2
71
1
11
2
10
3
3
2
31
3
12
3
60
3
1
3
33
16
11
1
27
2
3
2
67
1
3
3
44
2
8
1
36
2
7
2
18
4
4
1
40
1
11
3
65
5
2
2
32
4
5
2
35
2
3
1
13
3
1
1
37
1
12
1
4
4
7
1
22
3
8
3
65
19
6
2
63
1
6
1
30
6
11
1
36
3
3
2
47
4
7
3
68
1
1
1
26
2
2
2
65
3
6
1
17
15
2
2
55
2
9
3
3
8
7
1
63
1
6
1
4
8
11
2
9
3
10
2
8
3
9
3
35
1
1
2
22
1
4
2
7
2
8
1
67
2
8
1
54
1
9
1
28
2
8
2
41
3
5
1
66
2
7
3
5
1
9
3
38
3
1
2
53
3
4
1
33
8
2
2
31
5
7
3
61
11
1
2
14
3
1
3
16
6
1
3
66
2
4
3
36
15
4
2
11
3
12
1
17
12
11
2
35
3
10
3
2
12
11
1
15
4
6
2
2
1
9
1
7
4
11
2
37
1
8
2
43
4
2
3
7
1
7
1
13
5
7
1
28
3
5
3
17
14
4
3
2
4
8
3
1
8
9
3
12
6
10
3
52
5
7
1
42
1
4
1
35
2
8
3
30
2
5
1
41
2
5
1
11
1
9
1
8
5
10
2
3
2
12
1
60
1
9
1
47
3
1
1
22
2
9
2
16
2
1
1
15
3
4
2
44
3
7
3
45
2
11
2
34
3
12
1
38
2
7
2
49
1
11
3
54
1
1
3
26
6
12
3
55
5
4
1
16
6
2
1
14
6
10
3
8
3
6
3
15
10
10
2
27
3
9
2
23
3
3
1
52
2
12
2
1
2
4
3
43
3
7
2
49
3
5
3
47
7
12
1
34
8
1
2
55
1
5
3
34
11
2
1
54
2
9
3
10
6
12
2
45
1
4
1
39
2
8
2
63
3
5
1
52
3
9
3
52
15
11
1
55
2
11
3
63
12
11
1
14
12
10
3
29
14
12
1
37
2
7
1
7
11
8
2
14
2
10
2
44
1
2
3
37
12
6
1
26
3
4
2
17
3
7
3
55
4
7
2
71
3
1
2
52
4
11
3
22
12
12
1
3
5
5
2
28
1
6
2
4
1
8
3
67
8
7
1
43
3
9
1
6
1
5
3
28
9
6
2
36
2
5
1
41
1
6
2
66
1
10
2
1
3
9
3
28
13
8
3
27
7
10
1
3
8
9
2
11
2
12
2
61
2
10
2
39
3
11
2
38
3
1
2
54
1
12
2
67
2
1
3
9
30
9
2
16
1
9
3
14
1
4
1
31
11
8
1
66
3
5
1
68
3
6
1
55
1
9
2
45
3
8
2
40
2
11
1
25
3
2
3
42
4
12
2
38
2
7
3
60
23
5
1
53
2
7
2
9
1
9
3
9
13
1
2
66
3
9
1
31
15
11
1
9
3
10
1
49
1
5
2
33
3
9
2
37
4
3
2
6
2
10
1
43
2
4
3
53
1
4
3
22
8
9
3
32
9
8
1
27
1
8
3
42
1
2
2
5
3
2
1
18
10
12
3
14
20
7
2
43
3
10
3
10
13
12
3
12
7
12
2
30
1
4
1
39
4
4
1
25
1
5
1
23
2
5
3
1
6
12
3
37
9
7
3
36
9
8
3
13
2
11
3
39
3
4
2
26
3
3
1
30
12
12
2
7
1
2
1
49
2
6
1
6
2
10
2
29
2
11
2
12
2
9
1
60
2
4
3
25
3
3
3
32
2
11
1
32
6
3
1
38
1
6
1
1
3
11
1
5
1
6
3
41
2
5
3
4
4
4
2
25
1
10
2
42
4
12
1
11
10
2
2
34
2
2
1
71
3
6
2
5
1
11
1
45
2
1
3
53
5
5
2
41
4
4
3
61
4
9
3
11
9
6
3
49
5
1
3
25
1
4
2
40
4
11
1
68
1
9
1
33
1
6
2
60
4
1
3
43
6
4
3
44
5
3
1
67
3
11
3
11
15
11
3
3
4
7
2
68
4
11
2
22
3
12
3
23
19
5
2
18
2
3
3
26
10
3
1
61
3
9
