1
33
3
5
1
12
1
4
3
53
8
4
1
18
12
1
3
16
4
5
2
12
2
6
3
11
8
10
3
67
11
10
1
23
3
11
3
28
2
12
3
61
8
11
3
26
3
3
1
44
1
12
1
13
3
3
1
4
2
8
3
30
16
8
2
29
1
9
1
42
1
8
3
9
13
12
1
10
3
6
3
66
8
6
2
16
3
7
2
23
3
5
1
43
1
9
2
11
1
10
2
31
1
10
1
60
1
9
1
47
1
7
3
52
9
5
3
40
1
4
2
15
3
3
3
14
18
9
1
49
1
6
2
68
2
4
2
8
1
11
2
33
2
12
2
18
3
5
1
37
2
12
2
7
2
10
2
67
1
3
3
61
11
8
2
3
2
4
2
30
1
10
3
18
3
8
2
65
1
2
3
12
4
10
2
25
1
4
3
1
10
12
2
3
1
10
1
31
18
5
2
9
3
4
2
28
3
12
2
47
2
1
1
40
2
4
1
1
1
3
1
17
5
6
2
52
4
1
1
66
2
1
3
25
7
3
3
63
11
4
1
29
3
1
3
42
4
8
3
37
12
7
2
52
2
11
1
43
3
1
2
11
2
10
1
4
6
7
1
5
2
9
3
71
3
2
1
18
15
9
1
41
3
12
3
10
19
6
1
45
1
11
3
45
6
5
1
25
1
1
2
53
3
9
3
71
1
5
1
71
3
9
2
18
2
11
2
17
1
4
3
54
2
7
1
14
17
2
3
60
20
8
1
14
4
5
3
54
1
6
3
43
4
11
1
68
1
5
2
43
1
3
1
65
1
1
3
23
6
9
1
38
1
10
3
63
5
6
3
36
9
11
2
49
2
3
2
61
1
5
1
30
2
4
1
60
2
9
1
39
3
3
1
15
5
9
3
13
6
8
3
44
8
7
1
25
2
6
3
5
3
4
2
37
2
10
2
31
4
7
2
71
2
11
2
14
3
7
1
6
2
4
1
26
2
5
3
18
22
2
3
36
14
5
1
27
1
6
3
35
5
7
3
38
6
12
1
23
1
2
3
68
1
3
3
7
1
12
3
55
8
8
2
6
3
11
1
49
2
3
3
55
13
3
2
41
5
3
1
53
2
10
1
8
15
5
3
10
11
2
1
35
2
9
3
44
3
2
2
22
3
2
3
33
10
11
1
67
2
6
1
38
3
2
3
25
2
12
2
39
2
6
2
32
3
11
1
66
1
6
2
36
4
6
3
22
11
5
1
9
3
6
2
45
2
5
3
8
1
5
1
39
4
4
2
35
1
5
1
1
3
9
3
68
17
8
2
9
2
3
3
39
3
2
2
13
3
9
1
55
2
8
3
16
7
1
3
6
3
9
2
15
1
12
3
29
11
2
2
34
1
6
1
11
10
11
1
44
2
10
1
29
1
4
2
41
1
4
2
60
4
1
1
3
9
6
1
16
1
7
2
67
2
11
3
35
8
5
3
28
5
12
1
27
2
3
2
26
4
6
1
22
1
8
1
26
3
6
2
30
2
5
1
40
1
4
1
52
1
9
3
30
7
6
2
2
2
5
3
27
5
4
3
9
18
7
3
4
23
4
2
43
2
5
1
2
1
6
2
13
1
10
1
41
2
10
2
5
3
10
3
34
1
3
1
63
2
6
2
34
2
11
2
60
3
10
3
5
4
9
3
53
6
10
1
42
2
11
2
4
1
6
3
65
16
4
1
45
2
2
2
54
2
4
1
6
1
6
2
28
2
2
1
32
3
10
2
63
2
8
1
7
6
6
3
13
1
9
3
3
3
5
3
17
17
9
3
23
11
2
2
17
3
12
3
4
26
8
2
8
3
8
1
61
1
6
3
32
4
5
2
32
2
2
2
55
1
10
2
10
2
12
2
14
1
11
1
28
1
10
2
25
2
5
1
9
11
10
2
27
2
10
2
10
3
9
2
1
3
1
3
34
3
7
1
5
1
12
1
34
1
12
1
54
3
4
3
12
5
9
3
67
22
12
2
5
1
9
3
3
9
5
1
22
2
3
2
22
2
9
2
40
2
2
2
53
2
8
3
66
6
12
3
38
2
2
3
49
3
11
1
8
4
8
2
1
2
9
3
14
20
7
3
47
2
5
1
55
1
7
3
60
6
4
2
23
1
5
2
61
3
10
2
39
1
3
1
68
2
6
2
37
3
6
2
29
3
8
3
17
12
12
3
41
2
11
1
28
3
9
2
49
3
10
3
2
3
9
3
31
3
2
1
54
2
12
3
45
1
12
1
17
2
11
1
16
6
12
1
63
1
8
3
11
24
2
3
43
2
6
1
61
2
6
3
15
6
7
1
53
1
5
1
67
3
2
2
68
4
5
1
30
21
11
2
54
1
7
3
39
1
10
2
47
4
10
1
47
2
12
2
42
1
6
1
2
7
6
3
31
1
7
1
33
7
7
3
22
2
8
1
3
8
12
2
45
3
11
2
2
1
5
3
29
3
7
2
6
2
2
2
7
3
5
3
49
6
1
3
27
2
9
1
36
2
4
3
8
14
9
3
6
6
7
1
34
7
9
2
66
3
3
3
26
7
6
2
63
1
4
1
10
7
4
2
4
3
12
1
32
7
9
3
2
6
8
3
52
7
7
3
15
14
4
1
31
13
6
3
33
3
12
3
65
11
7
2
44
1
10
1
15
1
12
2
27
1
4
2
66
1
3
1
71
2
2
2
42
2
10
1
65
2
9
1
35
4
3
2
44
4
12
1
13
2
12
1
11
4
2
2
16
2
8
2
12
1
11
2
38
4
6
1
37
1
12
1
36
1
7
2
71
1
11
1
12
17
6
1
52
3
8
3
42
2
10
3
32
11
3
3
37
3
6
2
55
3
1
2
65
3
12
2
40
1
7
2
38
5
4
2
36
5
11
2
26
1
5
3
47
1
5
3
1
3
9
2
33
3
2
2
35
2
5
3
40
4
11
3
41
3
4
3
7
5
10
1
7
11
9
