2
52
4
12
2
8
1
9
1
4
1
1
3
42
3
1
3
5
2
11
3
32
2
3
1
60
2
9
1
67
1
3
3
38
11
9
3
18
8
7
3
15
8
10
1
8
4
8
1
27
3
9
1
35
3
6
2
25
3
3
2
28
3
9
2
28
1
7
2
60
4
5
2
2
1
1
3
23
15
3
2
35
1
11
3
16
3
11
2
6
1
5
3
22
2
5
3
7
1
7
1
60
1
4
1
16
3
12
3
63
6
7
3
65
3
8
3
29
14
3
2
11
3
3
2
45
3
12
1
14
13
3
3
61
5
7
3
34
10
1
3
22
6
1
2
47
1
9
2
34
1
6
2
53
1
4
3
49
1
4
1
71
3
9
1
5
1
10
2
67
2
12
3
9
26
8
1
12
18
6
3
67
37
8
3
47
4
8
2
55
2
10
1
12
12
5
1
14
6
9
1
42
1
3
2
6
3
12
3
14
14
6
3
60
14
2
3
1
5
11
1
55
2
11
1
9
2
10
3
52
5
10
3
37
7
9
1
28
1
1
1
32
2
3
1
6
1
1
1
32
7
11
1
10
7
3
3
35
8
11
3
43
4
2
1
41
2
6
2
54
1
1
3
31
2
11
1
53
1
1
3
4
9
3
2
23
1
7
2
13
1
10
2
66
2
6
3
35
1
7
3
5
4
5
1
27
2
10
1
15
2
10
1
2
1
10
2
10
2
6
3
11
20
10
1
2
3
2
2
7
3
10
3
10
23
2
3
6
2
7
2
61
1
6
3
28
3
10
3
17
6
6
3
6
5
4
3
25
8
6
3
14
15
3
2
27
1
1
2
42
2
10
2
22
2
9
1
45
1
1
1
8
9
2
1
43
1
1
3
40
1
4
2
41
1
3
3
13
2
7
3
41
4
7
2
36
3
5
2
9
2
10
1
49
2
11
2
15
2
5
1
36
2
4
2
8
2
9
3
27
8
12
3
15
7
4
1
11
9
4
2
38
5
11
2
31
5
7
1
26
1
10
1
29
1
12
1
67
2
1
3
4
20
11
1
3
10
2
2
4
2
3
3
49
8
4
2
1
1
11
2
14
1
10
1
39
2
2
3
39
8
5
3
30
5
5
2
36
5
2
1
4
8
6
1
54
2
9
1
53
2
5
1
66
2
10
3
66
2
4
2
3
1
2
1
66
1
3
1
68
3
1
2
40
1
1
2
17
1
7
2
11
1
5
2
65
1
10
2
26
4
10
2
17
3
1
2
68
2
4
3
39
5
11
1
54
3
12
1
35
1
4
2
25
1
10
3
8
15
11
3
30
13
2
1
1
2
2
3
26
6
2
2
44
5
5
2
32
3
4
1
36
1
5
2
30
4
10
2
42
1
3
2
37
4
7
3
1
2
6
3
53
8
2
3
26
1
7
2
12
1
8
2
47
4
1
1
28
3
3
3
2
11
8
2
16
1
6
1
34
1
10
2
54
2
11
3
54
1
2
1
13
6
10
1
17
3
9
1
23
2
12
1
26
2
1
2
43
5
7
3
42
2
9
1
18
12
8
2
7
1
9
3
25
1
8
2
33
3
3
3
45
2
10
3
38
1
10
1
37
1
9
3
54
2
2
2
30
3
6
3
55
3
4
1
5
2
5
1
63
2
12
3
7
4
6
2
32
2
8
1
13
4
8
3
47
6
3
2
33
1
8
2
49
1
7
3
43
2
4
1
3
5
1
1
68
1
1
1
11
2
5
2
63
2
9
2
14
2
10
2
43
3
2
2
63
3
5
1
29
3
12
1
1
3
3
3
45
4
6
3
60
31
10
3
28
9
9
3
34
5
10
2
10
3
5
1
40
2
3
2
1
2
7
1
61
1
9
3
8
4
2
2
23
3
1
3
12
7
5
1
61
2
4
2
29
3
2
1
40
1
7
1
10
2
9
2
44
1
7
1
63
1
12
2
29
2
2
1
52
3
5
2
35
2
10
2
4
3
5
3
52
13
12
2
18
3
11
3
10
11
11
3
18
17
11
1
41
1
3
2
2
2
5
1
25
2
3
3
71
2
7
2
67
1
6
2
16
2
10
1
31
13
10
2
18
4
9
3
66
9
2
2
15
1
5
3
17
12
4
3
44
8
6
3
32
6
11
3
41
1
9
2
55
1
5
1
44
2
6
3
67
8
5
2
13
2
5
1
47
1
9
1
39
3
4
2
39
4
4
1
37
2
3
3
68
4
4
3
9
24
3
1
6
2
7
1
16
5
1
2
39
2
3
3
31
16
12
3
33
16
12
3
3
7
10
3
53
3
12
1
17
4
1
3
2
6
7
1
42
2
2
2
52
1
11
2
38
1
3
1
49
1
3
3
3
9
8
3
68
14
6
1
7
5
10
2
41
2
3
2
71
1
3
2
22
1
1
1
38
2
10
1
43
2
6
3
37
5
1
2
66
3
5
2
65
2
2
1
7
11
9
1
23
3
6
1
33
5
4
2
34
3
1
2
40
4
7
3
65
1
3
1
18
15
10
3
40
2
11
1
47
2
12
3
63
3
7
2
61
2
1
3
27
10
4
2
27
2
3
1
30
14
7
1
38
1
11
3
71
1
1
2
31
2
6
3
12
1
6
2
26
1
2
1
25
1
1
2
3
3
8
3
36
3
12
1
34
5
9
1
22
3
3
2
37
3
6
2
49
4
4
1
65
1
11
1
65
2
3
3
29
5
11
1
15
5
11
1
33
4
6
2
12
2
2
1
31
8
7
1
44
1
5
1
52
1
12
1
71
2
1
3
33
14
11
2
60
3
8
2
53
3
6
1
45
2
1
3
16
8
10
2
68
4
12
2
71
3
6
3
61
2
3
1
55
1
9
2
9
3
5
2
45
1
6
3
44
10
1
1
22
2
11
1
30
16
3
1
9
11
11
3
11
6
6
3
55
7
11
3
13
5
12
2
5
2
10
3
23
14
7
2
5
3
1
3
36
10
11
