1
49
2
2
2
26
1
12
1
18
12
7
1
13
7
11
2
47
2
3
2
22
3
5
1
6
1
8
2
26
3
1
1
61
3
2
2
30
5
3
2
33
1
12
3
6
2
12
1
22
1
3
3
36
1
3
1
37
1
12
2
35
2
10
2
16
2
11
3
63
3
12
3
60
20
12
3
43
1
8
3
31
26
8
3
42
4
6
1
27
2
4
3
42
1
7
2
23
2
3
3
31
9
6
1
29
3
11
1
15
5
10
2
14
3
2
2
47
3
12
2
65
1
10
2
55
1
1
2
45
2
4
1
42
1
11
1
12
14
11
3
32
2
12
2
68
2
10
3
65
1
6
2
29
1
3
3
41
3
10
2
66
2
1
1
53
2
12
2
55
2
1
1
52
3
7
3
61
11
2
1
65
1
10
1
23
3
7
3
34
10
9
3
8
9
7
3
45
6
6
3
26
7
1
3
1
4
5
3
40
4
12
1
66
2
2
2
39
3
8
2
9
2
9
2
27
3
1
2
8
1
6
1
17
13
7
3
22
5
5
1
26
3
1
2
1
3
6
3
39
1
10
2
45
1
6
1
14
3
12
2
44
2
12
3
71
4
8
3
14
1
12
2
12
1
10
3
17
17
12
2
66
1
12
1
8
10
6
1
1
3
11
2
42
1
5
1
11
3
1
2
38
5
5
2
44
4
6
2
54
1
1
3
67
26
4
1
34
6
9
3
28
11
8
1
32
7
6
1
35
1
5
1
66
1
7
1
45
2
10
2
68
1
9
3
11
18
6
3
27
1
6
1
34
2
8
3
27
3
4
2
67
2
8
1
47
2
11
1
41
2
10
2
53
3
8
2
40
3
7
3
12
1
3
3
37
3
8
2
43
3
9
2
11
3
2
3
39
8
11
2
40
4
3
2
32
4
1
2
7
2
3
2
29
3
7
3
17
12
9
3
28
7
2
2
71
3
9
2
41
3
7
2
1
2
4
2
31
5
4
2
60
4
6
2
30
4
8
3
43
4
9
3
18
1
9
2
11
1
8
1
30
2
4
3
10
11
7
3
4
10
6
1
31
6
12
2
39
1
11
3
71
3
5
3
29
9
3
2
49
3
2
2
18
2
11
3
63
10
11
2
2
1
8
2
35
1
11
1
28
3
7
1
12
13
12
1
52
2
4
3
47
6
6
2
13
1
1
1
13
2
12
2
3
1
3
2
17
1
7
3
55
2
9
2
52
3
7
1
40
1
2
2
3
2
7
3
34
11
7
3
41
4
12
3
52
10
5
1
16
6
6
3
66
8
2
2
28
2
6
1
60
1
4
2
37
1
6
2
49
4
1
1
32
5
11
2
65
2
6
3
37
8
12
1
55
1
9
1
18
7
5
1
44
3
1
1
9
2
3
1
39
1
3
1
28
2
12
3
13
9
9
2
7
3
9
3
9
20
3
3
44
10
2
1
54
1
11
1
60
2
4
3
14
12
5
1
7
6
12
2
63
1
3
1
5
1
5
1
3
11
8
3
35
8
6
1
3
10
3
2
34
3
10
3
8
11
11
3
66
2
11
3
7
3
5
1
39
3
4
2
15
3
7
1
23
2
8
3
25
3
7
3
23
11
1
3
6
6
1
2
5
2
9
2
15
2
3
1
54
3
9
3
23
8
4
3
44
1
5
3
40
1
5
1
63
1
12
1
47
3
11
3
52
18
5
2
8
2
5
1
31
4
1
1
15
1
10
2
53
2
8
1
10
2
12
2
61
3
7
2
71
1
8
1
37
2
4
1
29
1
7
2
17
3
5
3
36
10
4
3
25
6
4
2
13
2
7
3
5
1
8
3
13
6
5
1
5
2
3
1
2
7
11
1
33
1
1
3
9
18
7
2
32
2
12
3
30
11
3
2
16
1
10
2
23
1
10
1
45
1
10
1
7
5
2
3
68
2
1
2
2
2
9
2
41
1
3
3
1
2
7
1
8
11
1
1
67
2
11
3
38
4
2
1
36
1
12
1
16
2
6
3
55
4
4
1
6
2
7
1
38
2
1
1
27
3
6
3
33
3
12
2
5
1
3
3
15
13
8
2
12
2
8
3
32
9
12
2
28
1
6
2
14
1
10
1
9
8
7
1
35
3
9
1
30
9
4
1
33
7
4
2
38
2
5
3
35
4
5
2
31
4
6
2
36
1
5
2
60
3
10
2
22
2
1
1
63
2
8
2
67
1
10
1
61
1
8
1
25
1
8
3
15
8
7
2
63
3
12
3
4
20
6
3
67
32
12
1
53
1
3
1
4
4
7
3
12
6
10
3
33
18
12
1
25
2
1
2
25
2
10
3
5
4
8
1
43
1
2
3
54
1
5
3
3
3
7
1
71
2
6
1
65
2
6
1
40
2
7
1
26
1
9
1
4
7
3
2
6
1
3
2
10
3
10
1
43
3
6
3
38
7
3
3
16
3
8
1
38
1
5
3
53
4
8
2
18
1
4
3
26
2
1
3
16
4
8
2
42
3
10
1
44
1
11
3
2
8
9
1
68
3
8
3
3
6
2
3
49
7
12
3
65
18
6
1
71
3
10
3
45
1
12
1
55
2
11
1
42
2
10
2
4
3
2
3
10
19
9
2
34
2
8
1
2
1
8
2
33
3
1
2
6
2
2
2
36
3
11
3
18
5
8
3
54
2
8
3
22
6
7
3
53
1
9
2
4
1
11
1
67
3
4
2
9
3
2
3
68
17
2
3
47
4
9
1
41
3
10
1
22
2
5
3
2
11
1
3
7
2
11
2
54
2
2
3
29
8
5
2
25
3
4
1
11
9
1
1
10
4
4
1
17
7
6
1
14
12
7
2
43
4
4
3
49
6
7
3
30
4
4
2
52
2
11
1
49
1
8
3
11
20
8
1
36
3
1
2
10
2
6
2
27
2
7
3
60
22
5
1
1
2
2
2
61
2
5
2
37
2
7
1
68
1
6
3
61
6
2
