1
54
2
2
2
23
2
7
2
34
2
3
1
40
2
3
1
27
3
12
3
28
10
4
3
9
28
3
2
26
2
8
2
28
2
1
2
7
3
4
1
28
1
11
3
6
2
6
2
32
2
1
1
67
1
5
1
22
1
9
1
41
2
10
2
4
2
6
2
7
1
5
2
68
1
11
1
45
1
11
3
43
7
12
3
3
1
10
1
52
1
7
1
68
2
5
2
29
3
4
3
49
3
2
2
1
3
2
2
37
3
9
3
30
25
4
2
27
1
3
1
53
1
11
2
14
1
4
1
71
2
4
1
35
4
6
1
37
2
9
3
66
7
10
1
31
1
5
1
11
10
12
2
45
3
6
1
37
1
12
2
11
2
10
2
54
1
6
2
13
2
4
1
38
3
12
2
35
1
5
1
60
2
11
2
16
1
6
2
33
3
9
3
2
8
8
2
9
2
2
2
8
3
6
2
14
3
7
3
68
14
2
2
61
1
7
3
31
20
12
3
26
11
4
2
53
2
8
1
30
2
12
2
4
1
4
3
14
24
10
3
44
10
10
3
10
1
6
3
7
1
7
2
43
2
5
1
55
1
6
3
9
19
3
3
52
10
12
2
37
2
2
3
40
1
3
3
49
4
9
2
12
3
3
2
47
2
4
2
25
3
9
2
35
3
12
1
16
4
8
3
71
5
5
3
4
2
10
3
1
1
1
1
18
10
9
1
18
6
3
3
66
1
12
3
31
22
8
3
33
1
10
1
71
3
10
1
32
6
1
1
45
2
7
1
6
1
9
3
65
3
9
1
2
4
12
3
7
5
9
1
35
2
3
1
10
6
8
2
63
1
9
3
1
10
10
3
3
3
3
1
5
2
1
1
14
16
6
1
29
3
7
3
11
16
4
3
25
2
10
1
10
5
1
1
60
1
5
2
60
3
11
1
33
8
1
1
29
1
5
2
45
4
6
3
41
3
1
2
3
2
7
1
47
1
4
3
29
7
10
3
38
5
8
3
63
13
4
2
6
3
4
2
36
3
1
3
23
11
11
1
8
15
2
3
16
5
8
2
25
1
12
1
17
16
6
1
42
2
3
2
29
2
12
2
41
2
1
2
26
1
5
2
12
2
12
1
3
10
9
1
30
17
12
1
2
6
9
2
39
2
9
1
12
17
8
2
28
1
7
3
15
6
12
1
34
10
2
3
54
2
3
3
39
9
8
2
23
3
11
3
2
9
4
2
53
3
5
3
53
3
4
2
55
1
8
1
1
1
8
3
4
19
8
3
18
17
7
3
67
24
4
1
4
2
6
3
63
5
9
3
26
10
5
2
54
2
7
1
42
1
8
1
25
1
7
3
13
8
8
1
63
2
11
3
33
24
12
2
18
3
6
3
22
10
6
3
12
7
11
2
65
1
12
2
38
5
8
1
5
1
9
3
45
4
5
3
41
4
10
1
49
1
1
2
71
3
4
1
15
5
10
2
16
3
6
1
52
2
12
3
36
12
2
2
8
1
10
1
16
5
10
2
65
3
9
1
11
4
6
3
47
4
9
1
23
1
2
1
63
1
11
3
15
8
2
3
42
3
11
3
71
4
9
2
34
1
2
1
26
3
12
1
1
3
11
3
30
17
8
1
13
9
3
3
28
1
8
3
34
1
10
1
39
2
6
1
7
9
1
1
55
2
5
3
47
10
6
2
40
3
4
3
68
15
6
3
13
3
12
1
23
2
9
1
7
4
12
3
38
8
6
3
18
22
9
2
63
3
6
2
52
3
1
1
9
11
9
1
65
2
12
1
28
3
2
1
41
3
1
1
66
3
3
2
6
2
5
1
17
5
5
1
66
1
1
3
54
1
4
2
2
3
6
2
42
4
11
1
47
2
8
2
32
4
8
3
22
8
12
2
39
1
12
2
38
1
2
1
53
2
8
2
13
1
11
2
41
1
8
1
34
3
10
1
32
3
4
3
27
6
11
3
14
21
8
2
40
1
10
1
61
2
8
2
3
3
7
3
34
4
1
2
17
2
10
2
55
3
2
2
10
3
6
2
36
2
3
1
12
5
8
2
43
4
4
3
23
14
6
1
39
4
7
2
44
2
9
2
2
1
2
3
25
6
10
1
36
3
10
1
8
11
10
3
60
11
10
1
9
12
4
1
14
3
10
2
31
2
6
1
6
2
9
1
61
3
7
2
15
1
4
3
11
5
9
3
53
2
8
1
40
3
2
1
38
2
9
1
36
1
3
3
40
5
9
3
55
13
2
1
68
1
5
1
15
4
5
2
9
1
10
1
44
2
5
1
26
1
9
1
43
3
1
2
49
3
8
3
35
5
7
1
27
1
1
2
15
3
7
3
61
2
10
3
29
2
6
2
66
1
8
2
5
1
5
2
11
3
10
2
67
1
3
2
49
1
2
3
37
3
6
2
17
3
1
2
60
1
9
3
43
1
6
1
22
2
9
2
33
1
11
1
49
2
8
3
35
6
5
2
44
3
5
2
30
4
2
2
22
2
1
1
43
2
5
2
1
1
6
3
61
7
2
3
6
6
5
2
61
3
6
2
68
4
10
1
54
3
10
2
22
3
5
3
55
4
5
2
71
2
5
3
17
5
5
1
13
7
9
1
3
9
1
2
10
2
6
2
42
3
3
3
52
5
7
3
5
2
2
2
31
4
6
3
45
7
3
1
44
4
12
3
10
24
6
3
37
9
6
2
47
1
12
1
4
4
11
3
16
1
6
3
65
18
12
3
44
2
11
2
30
1
6
2
52
7
11
1
33
1
9
2
27
2
3
3
12
6
9
3
8
10
6
1
67
2
10
1
25
2
1
3
27
14
8
3
8
3
3
1
31
17
9
3
32
9
3
2
5
2
4
3
39
6
10
3
5
5
9
2
67
2
7
3
36
13
7
1
65
1
4
3
32
5
4
3
17
2
1
3
67
25
11
2
66
2
1
3
42
2
7
3
60
19
11
2
18
4
7
