2
18
1
6
3
9
9
5
3
55
4
1
1
68
3
5
3
9
8
7
2
3
3
4
2
71
2
4
3
61
2
5
1
37
1
8
3
67
29
2
2
7
1
5
1
12
17
5
2
41
3
12
3
27
7
10
2
37
3
7
3
33
13
2
1
54
2
11
1
54
1
1
2
47
2
10
2
68
4
8
1
43
2
4
3
2
10
4
1
44
3
11
2
52
3
7
3
54
2
9
3
10
11
12
2
65
4
1
1
29
3
1
3
12
5
5
2
6
2
10
1
25
3
6
2
39
3
10
3
61
1
6
1
30
12
9
3
68
1
9
2
29
1
5
3
47
8
6
1
49
1
3
1
3
5
6
3
43
2
6
2
27
3
3
1
1
2
2
1
7
10
12
2
61
2
7
1
26
1
8
2
37
1
9
3
14
15
5
3
29
12
1
2
54
2
1
1
34
2
6
3
10
6
8
1
61
3
8
3
67
34
3
2
36
3
10
1
28
1
6
3
1
3
12
3
22
2
6
2
16
2
7
3
6
1
4
3
41
4
6
3
26
3
4
1
18
1
5
2
44
3
1
3
38
9
5
1
26
3
7
1
52
3
2
1
4
2
1
2
14
2
7
1
37
2
6
3
60
23
1
1
39
1
8
2
26
2
4
1
6
2
2
2
31
1
12
2
30
3
5
3
40
4
12
1
67
1
8
2
28
3
7
1
49
2
4
3
32
10
8
2
66
1
3
2
22
2
6
3
52
6
5
1
38
1
2
1
42
2
2
3
17
13
2
2
32
4
5
3
4
26
4
2
45
2
5
3
68
11
2
1
18
10
1
1
3
11
1
2
5
2
2
1
52
2
2
2
42
3
1
3
1
1
10
3
8
3
4
3
31
11
7
3
29
5
7
1
65
2
9
2
2
2
5
3
7
3
1
1
61
2
4
1
13
8
6
3
49
8
11
1
10
8
10
2
47
3
2
2
13
1
10
2
38
2
1
1
36
1
10
3
3
10
2
1
9
2
2
1
60
2
5
2
65
1
10
3
25
2
5
3
39
3
5
1
7
5
7
3
11
12
3
3
65
4
5
2
36
5
4
1
12
4
4
3
71
4
10
1
60
1
9
1
38
2
1
3
33
11
5
3
32
11
5
2
39
4
4
2
38
3
4
3
30
10
7
3
6
6
8
1
15
2
8
3
63
11
1
3
37
7
7
2
11
2
3
2
60
3
2
2
13
2
7
2
28
2
9
3
55
7
9
2
34
2
1
3
53
3
11
1
27
3
1
3
38
11
2
2
16
3
10
3
37
3
4
2
35
2
4
2
67
2
4
1
16
3
7
2
40
1
2
2
55
2
3
3
27
11
3
3
16
2
11
2
53
2
12
3
8
16
8
3
63
2
9
3
41
1
4
1
35
1
10
2
33
1
4
1
14
6
12
3
22
7
3
1
8
6
2
1
28
2
8
3
42
1
3
3
23
15
5
1
66
2
12
1
36
3
5
2
52
1
12
2
63
3
4
1
13
7
5
1
71
2
3
2
15
2
4
1
39
4
8
1
1
1
9
2
2
3
3
1
31
11
9
3
26
10
6
3
11
25
12
3
18
17
3
2
49
3
3
1
43
1
6
3
30
16
2
3
35
6
7
1
41
3
10
3
16
6
12
1
31
7
8
1
63
1
7
1
15
4
9
2
10
3
5
2
43
3
1
1
30
6
5
1
45
1
10
2
45
3
3
1
25
2
1
1
22
2
6
2
26
4
10
1
71
1
5
2
25
2
1
1
8
12
11
1
14
14
11
2
61
1
1
2
33
3
10
1
17
13
9
3
17
11
10
1
47
3
12
3
18
22
12
2
40
2
8
1
33
2
9
1
5
1
2
3
54
1
8
1
23
3
1
2
27
1
11
1
17
9
4
3
28
9
1
3
4
2
10
2
14
1
8
2
22
3
12
3
5
4
6
1
9
10
2
1
67
3
12
3
40
5
5
2
7
3
12
1
40
1
10
2
49
4
9
1
2
6
1
3
45
3
4
2
53
3
5
1
53
1
7
3
47
9
10
2
10
1
8
2
4
3
11
2
9
2
2
2
55
3
4
3
35
2
4
2
43
5
7
1
44
2
12
1
16
7
4
1
45
2
10
2
42
2
9
2
32
3
8
3
23
2
11
2
12
3
3
2
15
3
11
2
4
1
11
1
35
3
4
2
23
2
9
1
53
2
5
1
65
1
2
2
68
2
10
2
29
3
11
1
66
1
3
2
3
1
8
1
34
5
4
1
4
7
6
3
66
2
11
2
9
3
5
3
71
2
6
1
29
1
7
3
42
2
8
3
49
7
4
2
31
2
3
1
33
8
2
1
40
3
1
3
36
3
1
3
43
8
11
1
32
4
5
3
13
2
9
3
52
15
12
2
1
2
11
2
35
1
5
2
17
2
10
1
42
1
2
1
55
1
7
3
12
7
3
2
66
2
7
2
67
1
8
3
13
9
5
3
53
2
9
2
8
3
5
3
34
4
12
3
25
1
3
2
54
1
9
3
36
2
5
1
47
1
5
2
6
3
6
1
27
2
11
2
71
1
2
1
41
2
5
2
41
5
10
1
5
2
4
1
11
4
4
1
32
3
11
1
22
3
6
3
15
15
6
1
11
11
9
3
44
9
2
1
23
1
11
2
11
1
3
2
23
1
11
2
63
2
6
2
17
3
9
3
65
19
12
3
45
2
2
3
31
22
10
3
15
3
10
1
68
1
12
3
14
7
6
3
28
15
5
1
55
2
10
2
44
2
9
2
12
2
1
3
7
2
9
2
30
1
11
3
60
16
10
2
25
1
7
2
8
1
9
3
3
1
1
1
6
1
2
2
18
2
9
1
2
1
7
3
39
8
7
3
34
3
6
3
44
1
7
1
10
3
11
3
2
11
5
3
66
8
10
1
63
2
10
2
1
1
8
2
34
3
11
2
5
1
8
3
5
2
1
2
60
1
8
