1
44
2
12
2
18
1
5
2
47
3
3
2
5
2
8
3
66
6
11
3
45
6
1
2
40
4
3
2
54
2
11
1
45
2
10
2
55
2
4
1
28
2
3
1
30
13
9
2
16
3
10
2
52
3
10
1
34
6
10
3
3
8
8
2
29
3
1
2
68
1
1
2
38
2
9
2
43
3
7
3
66
2
12
1
10
3
2
3
16
1
6
2
42
1
10
2
54
1
7
2
11
3
5
3
52
18
6
1
66
2
8
1
26
2
7
3
13
9
7
1
11
9
6
3
43
5
6
2
40
3
12
1
52
2
9
1
2
4
6
3
14
16
10
2
47
2
8
3
23
15
4
2
25
3
9
3
28
5
3
1
4
2
7
2
30
3
12
1
41
2
8
1
14
13
5
3
53
4
1
3
67
37
4
1
47
2
10
3
6
2
3
2
7
1
12
2
33
2
7
1
43
2
1
3
71
4
12
1
61
3
6
3
18
2
6
3
67
18
9
1
18
3
6
1
23
3
11
1
61
1
3
3
13
3
4
1
10
8
1
3
47
4
12
1
9
11
4
1
16
5
7
1
55
2
10
3
37
3
9
2
16
1
11
1
27
3
7
2
63
3
2
2
32
4
9
1
65
1
1
3
5
5
11
1
36
2
4
1
35
1
5
1
38
1
7
2
61
3
7
1
7
9
8
1
37
1
6
2
33
3
7
1
47
3
10
2
22
3
4
2
49
3
9
3
17
3
10
2
34
1
1
2
31
1
10
2
9
1
9
1
13
4
9
3
36
3
3
2
11
1
3
3
30
21
6
1
53
2
11
2
53
3
7
1
17
9
11
1
18
2
3
2
26
1
5
1
30
5
1
2
34
2
3
1
66
3
2
3
4
28
3
2
37
3
8
1
26
1
5
1
52
3
12
2
15
1
12
2
42
2
7
2
18
3
4
3
45
1
2
3
55
1
5
3
15
8
6
1
15
3
12
1
9
10
1
3
29
14
5
1
67
3
12
2
17
1
3
3
38
8
12
3
11
21
3
1
39
2
10
2
32
1
8
3
2
10
6
3
22
6
11
1
40
2
8
2
29
1
5
1
63
2
10
2
23
1
6
3
22
10
12
2
44
5
8
1
22
2
9
3
9
2
4
1
2
1
3
3
47
1
5
3
33
6
12
1
60
2
2
1
63
1
1
2
30
2
5
2
35
1
6
1
1
1
11
1
12
7
4
2
4
2
10
3
42
2
11
1
17
10
5
3
1
1
8
1
3
8
4
1
38
2
7
2
14
1
11
2
41
5
5
1
12
14
6
1
55
1
4
1
1
3
10
2
8
1
6
2
13
1
5
3
44
4
4
2
71
3
5
1
68
2
11
3
41
3
6
2
2
3
7
1
27
2
1
3
63
7
10
1
41
1
6
3
40
5
4
3
2
8
8
2
39
2
6
2
28
3
6
2
35
2
1
3
16
5
7
1
15
2
8
2
23
2
1
1
60
1
6
3
29
7
12
3
11
3
2
1
71
1
9
3
25
2
8
2
67
1
5
2
44
2
9
1
32
3
4
3
30
1
2
2
10
3
6
3
5
1
3
2
7
2
3
3
54
1
3
2
49
1
6
3
14
13
12
2
65
2
7
3
39
5
1
1
54
3
4
3
7
2
3
2
55
1
7
2
28
2
2
1
44
3
10
1
37
2
2
1
43
3
5
2
13
3
8
3
36
14
5
3
34
6
12
2
6
3
6
3
61
8
6
2
26
4
5
1
39
4
10
1
42
1
12
3
31
9
12
1
31
1
8
2
66
1
11
1
8
13
11
2
43
4
1
2
12
3
9
3
25
7
1
2
1
3
10
3
60
12
9
3
27
12
1
3
32
10
3
3
3
5
6
1
53
1
1
3
68
7
3
1
42
2
4
1
13
5
7
2
6
1
10
3
35
4
6
3
6
5
8
2
37
4
12
1
11
8
11
3
31
22
8
3
4
2
10
2
60
4
4
3
34
7
1
2
39
1
3
2
15
2
9
2
17
2
11
1
68
1
8
3
1
9
12
1
6
1
5
1
29
2
8
1
49
2
12
3
37
12
10
1
29
3
11
2
25
1
7
2
27
3
7
2
41
1
11
3
7
4
6
2
2
2
12
2
3
3
3
1
28
1
10
2
10
2
2
1
49
1
4
3
15
5
6
1
45
1
9
1
5
2
4
1
36
1
9
3
54
2
8
1
67
2
8
3
61
6
2
3
53
5
9
3
43
4
9
1
25
3
8
1
8
10
4
2
45
2
4
3
55
15
4
1
65
2
10
2
36
3
5
1
33
6
5
2
38
5
9
2
5
1
5
3
63
2
7
1
33
7
7
3
33
3
1
3
27
9
6
1
32
6
6
3
10
8
11
3
12
3
12
1
4
8
10
1
14
14
9
3
23
16
7
3
10
5
12
3
12
2
6
1
7
1
2
3
38
9
7
2
63
1
5
1
40
3
3
1
31
8
2
2
65
4
9
1
22
3
5
1
6
2
1
3
32
2
2
1
16
6
3
2
14
2
2
3
18
9
7
1
3
11
11
3
28
3
5
3
65
20
6
2
36
5
6
2
12
2
3
3
26
1
10
2
66
2
1
2
68
3
9
2
45
4
9
1
25
1
12
3
17
17
3
3
71
1
5
3
41
1
11
1
54
1
3
3
52
9
3
2
22
2
5
2
61
2
12
3
49
2
1
1
5
1
12
3
9
24
2
3
39
4
6
3
35
1
12
2
52
4
6
2
9
2
1
1
34
10
3
2
53
2
2
3
26
4
9
1
35
2
6
2
8
2
7
2
71
2
10
3
42
3
8
2
27
1
1
3
8
6
7
2
1
2
10
2
60
3
1
2
67
2
9
1
23
1
10
2
3
2
2
2
31
2
6
3
8
16
9
1
71
2
7
3
44
5
11
3
68
17
8
3
60
28
9
3
40
1
9
3
65
4
7
2
4
3
5
3
49
5
2
