2
45
1
12
1
12
5
8
1
55
2
8
1
6
1
6
1
65
1
8
1
37
2
10
1
4
7
6
3
5
2
9
2
66
2
2
1
60
2
2
2
17
3
9
3
4
28
10
1
4
1
3
3
66
5
11
1
6
2
2
2
41
1
10
1
65
2
7
1
11
9
10
3
1
9
9
1
27
1
5
3
29
1
6
2
14
2
8
1
71
3
1
2
16
3
4
3
9
1
8
1
14
16
1
1
60
1
7
2
10
1
12
1
22
1
12
3
67
24
9
3
6
1
3
3
26
6
4
1
27
2
12
1
11
12
3
1
47
3
9
1
2
3
12
3
37
3
4
1
23
1
2
3
53
8
6
2
2
2
9
1
9
8
4
1
38
1
9
3
13
4
5
1
52
2
11
3
44
8
8
2
28
2
3
1
54
3
2
2
13
1
11
3
8
8
4
3
12
5
6
1
33
1
1
2
25
1
10
3
16
3
3
2
63
3
5
2
5
2
12
3
71
1
5
1
23
3
10
3
66
6
12
3
15
13
8
2
68
1
1
3
31
19
1
2
43
4
8
3
52
11
12
1
32
2
6
2
38
4
9
1
35
4
11
2
39
2
8
1
44
3
4
3
38
8
12
1
13
6
6
3
32
1
6
3
45
4
6
3
25
1
10
2
37
1
8
3
61
1
4
2
61
1
2
1
33
7
10
2
18
2
7
1
38
2
10
1
26
1
3
2
38
5
7
1
39
4
9
1
67
2
12
1
66
3
11
1
68
2
12
2
32
4
3
1
9
3
8
3
40
5
7
2
34
2
4
3
5
4
3
3
65
12
5
2
53
1
12
1
15
1
8
2
40
3
4
3
42
2
1
1
44
4
12
3
25
5
12
2
6
1
6
3
43
1
9
2
5
3
1
3
31
16
7
3
7
2
6
1
45
1
6
2
27
2
12
3
18
18
1
1
12
15
2
3
28
1
8
2
11
2
6
3
55
15
2
3
2
8
12
2
4
2
3
1
61
2
9
1
29
3
1
1
18
15
7
1
18
5
10
2
12
3
6
2
3
2
2
3
29
4
10
2
15
1
10
1
14
12
1
1
53
2
10
1
25
2
4
3
42
1
11
3
14
19
7
2
7
3
7
3
60
20
7
2
36
1
9
2
28
1
3
2
27
1
2
3
28
16
11
2
49
4
12
2
14
1
2
3
17
13
6
3
8
7
12
2
12
1
2
3
47
9
8
3
71
3
7
2
7
1
4
2
55
1
4
1
7
3
9
1
61
1
7
1
3
2
8
2
65
3
5
1
25
1
11
2
32
2
10
2
8
2
5
1
8
12
6
2
66
3
7
2
17
1
7
2
9
3
10
1
22
2
11
2
6
3
8
3
38
11
7
3
40
1
2
3
23
19
7
3
16
6
10
1
34
1
1
1
30
2
12
1
68
3
10
2
44
3
5
2
2
3
12
3
63
5
6
3
22
5
11
1
63
1
12
3
30
5
10
2
60
3
8
3
32
8
6
1
8
14
6
3
49
7
4
3
9
19
5
1
47
1
3
3
68
16
7
1
45
2
12
1
32
5
9
3
30
10
5
3
6
3
4
1
15
3
6
2
53
2
1
2
10
3
4
2
9
1
11
2
29
2
10
1
49
2
11
3
39
7
1
2
42
2
6
3
65
1
12
1
3
1
8
3
41
3
3
2
36
4
1
2
31
1
4
1
16
6
4
3
17
12
9
3
35
4
3
1
71
2
4
3
11
11
1
2
22
2
7
3
60
12
8
2
35
1
6
2
65
2
10
2
22
1
5
1
42
1
7
2
71
2
7
2
25
2
3
2
34
3
6
1
7
9
7
1
54
2
12
2
33
3
10
2
42
4
5
3
36
6
5
3
47
1
4
2
23
3
12
3
22
4
8
2
55
3
1
1
36
1
8
2
33
2
7
3
34
10
12
2
13
3
11
3
53
1
11
1
30
17
6
2
67
1
1
1
5
1
12
2
54
1
11
3
27
14
5
2
26
4
12
1
28
2
5
1
5
2
6
2
1
1
2
1
28
3
10
1
55
1
9
2
43
1
9
2
26
1
9
1
53
1
2
3
3
9
6
3
3
7
5
3
13
9
8
1
41
2
1
2
15
2
12
3
10
15
5
2
67
2
12
1
2
1
8
3
7
3
2
1
17
15
5
1
36
2
12
2
4
1
12
3
52
6
12
3
33
9
7
1
31
3
12
2
71
3
4
2
47
2
4
1
66
1
7
2
30
3
8
3
44
9
8
3
36
15
12
3
68
7
10
1
26
2
9
3
11
18
2
3
18
8
10
1
17
14
11
2
18
3
7
3
26
2
4
2
1
3
11
2
8
3
8
3
67
29
1
1
42
2
11
1
34
10
4
2
61
2
9
3
34
3
6
1
10
2
7
2
45
2
3
1
13
9
6
3
23
15
1
1
52
3
8
3
35
3
8
3
4
27
2
2
52
3
1
2
30
1
10
2
23
1
8
2
3
1
6
1
40
1
11
2
40
2
6
3
37
11
1
1
67
1
9
1
31
16
6
1
35
1
1
3
10
18
8
3
45
7
10
2
39
1
7
3
14
13
10
2
44
2
3
1
40
2
9
1
10
6
8
3
33
24
9
3
27
2
10
1
16
1
5
2
54
2
5
1
43
3
8
2
35
3
9
3
54
1
5
1
49
1
11
1
1
3
7
1
37
1
12
1
39
3
2
2
47
3
9
2
11
3
9
2
49
3
5
3
54
2
11
3
55
14
9
2
29
3
6
2
37
4
9
3
63
11
1
3
15
5
8
1
29
1
2
2
52
2
4
2
68
2
5
3
2
1
8
3
61
9
1
2
41
4
3
3
12
3
11
3
49
8
4
3
41
2
3
1
1
2
6
2
16
1
7
3
43
4
9
1
41
3
11
2
63
2
6
3
39
4
3
1
43
1
1
2
60
1
7
3
1
7
12
2
31
3
4
1
63
2
8
