2
11
2
10
1
47
3
4
2
31
3
8
2
41
2
2
3
35
8
1
2
31
5
9
2
2
2
3
1
12
1
1
1
15
1
11
1
14
3
10
2
13
3
12
3
16
5
2
2
5
1
5
2
22
3
2
1
23
3
8
2
15
3
2
2
40
2
9
2
60
2
6
3
40
3
4
1
23
2
11
3
30
15
1
3
9
21
9
1
45
1
3
2
3
1
1
3
53
5
2
1
34
2
3
1
3
10
5
3
67
2
1
2
6
1
5
3
34
3
12
1
67
2
7
3
14
8
1
2
71
1
5
3
65
7
9
1
66
3
5
1
71
1
11
1
17
2
2
2
47
1
3
3
38
5
12
2
55
1
1
1
29
3
5
1
66
2
12
2
27
2
3
1
52
2
12
3
13
4
9
3
63
6
9
2
26
1
1
1
1
2
9
3
25
2
4
2
29
1
4
1
5
2
4
3
27
11
9
1
52
1
12
2
6
2
5
3
40
5
9
2
7
3
2
3
23
9
8
1
41
2
3
2
17
2
7
2
9
2
4
1
41
3
12
1
31
5
9
1
2
6
10
1
49
2
1
3
44
5
2
1
14
5
11
2
63
1
8
3
26
4
11
2
16
1
1
1
1
3
6
1
4
3
2
3
9
23
10
1
44
2
5
2
52
5
9
2
38
2
5
3
29
3
9
2
55
2
11
3
1
10
5
3
54
1
8
1
17
6
4
1
42
2
7
2
65
1
6
3
65
4
3
3
37
7
9
2
43
4
5
3
44
1
11
2
30
5
9
1
15
5
2
2
68
2
6
2
53
1
8
3
28
4
4
2
23
1
6
1
29
2
11
2
7
2
12
1
68
2
11
2
39
3
6
3
6
3
11
1
34
6
2
1
8
13
5
1
18
8
4
2
28
1
3
1
53
1
11
3
28
13
12
1
39
2
3
2
4
1
4
1
68
1
7
1
63
2
11
1
3
1
8
1
40
2
2
2
33
1
9
3
52
11
7
2
45
2
7
2
18
1
1
1
33
3
7
2
30
4
12
1
47
2
7
3
49
7
3
2
71
3
8
3
16
4
2
1
26
3
9
3
66
5
4
1
27
1
6
3
60
22
10
2
5
2
3
2
28
2
5
2
41
3
1
1
54
3
3
3
2
6
2
1
43
2
6
3
7
1
4
3
43
2
5
1
53
2
11
1
37
2
7
1
39
1
2
3
71
5
12
1
65
1
1
3
11
20
2
3
14
17
6
1
13
4
8
3
63
11
1
1
11
9
3
2
63
2
4
2
39
4
3
2
32
1
12
3
15
14
11
2
4
2
8
3
41
2
5
1
26
2
11
3
43
3
4
2
35
3
1
3
36
9
1
1
49
1
4
2
1
1
5
2
54
1
2
3
12
5
9
2
38
5
3
1
55
2
1
2
15
2
5
2
42
2
7
3
32
3
11
3
33
2
11
3
8
10
4
2
9
1
2
3
45
3
9
3
55
4
5
1
25
3
9
1
10
3
2
3
5
4
7
2
47
3
9
3
61
7
8
3
42
2
9
1
16
4
10
2
44
2
7
3
15
1
11
2
36
3
4
1
27
3
10
2
67
1
3
1
16
7
12
3
34
8
3
2
12
1
11
3
49
8
6
2
37
3
6
1
10
2
5
1
8
5
5
2
36
5
1
3
55
15
1
3
31
26
11
1
28
3
4
3
35
3
5
1
35
2
12
1
6
2
2
1
32
1
6
1
42
1
9
2
43
1
11
1
60
1
6
3
11
13
9
3
2
5
3
2
2
3
6
2
10
2
10
3
22
9
1
2
45
3
3
3
4
19
7
2
65
3
12
2
42
1
8
1
54
1
10
2
18
3
5
3
60
26
11
2
34
3
5
1
61
3
6
3
7
3
11
1
13
1
6
2
14
3
6
3
61
5
10
3
1
9
6
1
63
1
6
3
47
10
4
2
25
2
4
2
66
2
5
3
27
6
11
1
4
8
11
1
38
2
3
3
12
4
12
3
39
6
7
2
27
1
2
3
3
5
10
1
67
3
6
2
12
3
12
2
37
2
10
2
14
1
10
2
68
3
4
3
47
5
12
1
9
5
6
3
3
4
4
3
52
10
12
3
42
4
11
1
60
2
12
2
60
4
8
1
36
2
4
3
67
37
12
2
10
1
3
3
68
13
3
1
7
7
5
2
3
2
8
3
5
3
12
1
65
2
7
3
66
2
4
3
39
4
2
2
49
1
2
1
22
3
7
2
29
2
11
2
61
2
7
2
40
1
12
1
31
6
12
1
32
3
1
1
22
2
6
1
36
1
3
3
4
28
11
3
54
2
11
3
71
1
1
3
17
1
5
2
32
4
2
3
45
5
4
1
11
10
9
2
13
2
4
1
25
1
9
2
23
3
4
1
71
3
1
3
53
1
1
2
52
3
10
1
28
2
9
1
12
17
6
1
43
3
2
3
18
20
6
2
1
2
7
2
22
1
4
2
54
2
9
1
38
3
4
2
61
1
8
1
30
16
5
1
55
1
2
2
33
2
8
2
49
3
6
1
61
2
2
1
40
1
8
3
18
3
4
3
41
1
5
3
68
15
4
2
44
3
5
3
36
11
2
2
35
1
10
1
18
15
8
1
30
15
6
1
7
8
11
1
45
2
10
3
22
5
4
3
30
10
3
3
25
1
2
3
31
27
3
3
13
7
4
1
6
1
10
1
5
1
10
3
38
7
7
2
8
1
5
1
2
4
5
3
10
12
11
3
26
12
7
3
17
17
3
1
35
4
6
2
26
4
12
2
17
3
11
1
44
4
7
3
23
10
9
3
8
15
4
1
33
7
11
2
16
2
2
3
6
2
6
3
33
24
9
3
37
10
1
3
32
4
6
2
25
1
12
2
67
2
7
3
10
24
6
1
37
1
3
1
9
4
7
3
29
15
9
2
66
1
6
2
53
2
8
2
11
3
9
2
34
2
8
2
8
2
12
