2
45
2
9
2
35
2
9
1
29
2
1
2
22
1
1
2
16
2
9
3
15
17
10
3
42
4
2
2
54
1
9
1
63
2
10
3
52
10
2
1
10
1
12
1
14
17
10
2
40
4
9
3
34
5
1
2
27
2
11
3
10
8
4
3
23
17
4
2
43
3
3
2
18
2
11
1
6
2
11
2
22
2
4
2
26
4
9
2
3
3
7
3
43
8
9
2
30
1
9
2
60
3
6
3
34
9
3
2
38
2
11
2
33
2
9
3
49
4
10
2
4
1
5
2
65
3
7
1
28
2
7
3
30
24
9
2
39
3
4
1
18
10
8
3
66
9
8
2
36
1
3
1
27
3
2
1
1
1
8
2
45
4
1
2
9
1
4
1
2
7
1
1
12
14
3
3
43
3
9
1
44
2
3
1
38
3
1
2
32
1
9
1
9
14
7
3
6
4
2
3
26
11
1
3
67
30
6
3
4
15
9
3
8
1
5
1
61
1
8
1
8
5
9
3
49
8
8
3
22
12
10
3
18
3
4
2
35
1
9
3
5
5
8
2
11
1
2
3
29
13
2
1
68
2
10
3
37
10
6
1
49
1
10
3
17
3
11
3
3
2
9
1
67
1
4
3
60
7
4
2
16
1
8
3
18
6
2
2
63
3
6
3
9
24
7
2
17
3
8
2
23
3
2
1
65
2
5
3
53
2
11
1
60
2
9
3
44
6
4
2
15
2
12
3
2
8
5
1
11
2
3
3
65
6
10
1
39
2
1
3
55
13
7
3
14
6
9
2
43
1
1
3
9
14
5
2
52
4
7
3
39
3
4
2
66
2
10
2
4
2
7
3
45
5
4
1
39
4
2
2
10
3
3
1
27
1
5
1
47
2
1
1
10
5
4
2
49
3
6
1
4
6
4
1
41
2
12
3
27
11
3
1
7
8
12
3
40
2
6
3
61
11
7
2
3
2
9
1
55
1
10
1
52
1
4
3
31
17
9
1
55
2
11
2
5
2
2
1
45
1
5
1
71
1
11
3
12
4
4
1
5
1
11
3
68
10
9
1
61
3
8
1
22
3
12
1
36
1
11
3
11
16
1
1
49
2
2
2
67
1
7
3
23
6
7
1
15
2
6
3
71
2
3
2
47
2
4
2
66
1
2
2
61
2
10
2
54
2
1
1
22
2
6
1
42
1
6
2
44
4
6
3
16
8
11
2
7
1
11
1
18
14
11
1
15
3
2
1
23
1
1
2
37
3
11
1
37
1
10
1
26
1
6
3
4
27
9
1
44
1
10
1
33
2
8
3
60
28
4
3
33
18
7
2
15
3
1
1
68
3
1
1
36
3
1
3
37
7
1
2
38
1
10
2
40
1
12
2
28
1
12
2
42
2
5
1
34
1
8
3
28
6
6
3
5
3
11
2
34
3
1
1
41
1
2
2
68
4
10
1
25
2
11
1
13
2
7
1
32
2
12
2
53
1
9
3
55
4
10
3
26
6
5
1
28
3
10
3
44
8
2
2
31
3
2
1
3
10
10
2
9
3
2
2
23
2
9
3
35
4
3
3
61
6
3
3
11
7
12
3
36
11
6
3
41
4
10
3
28
14
7
1
8
16
5
1
16
5
2
2
5
1
1
2
42
3
3
2
6
3
11
1
38
2
7
1
7
7
7
1
71
2
5
2
34
1
11
2
31
4
10
1
65
1
3
1
16
4
4
2
55
1
12
2
25
1
2
2
25
2
6
1
11
3
11
2
14
2
1
3
2
10
11
3
71
3
1
2
37
2
5
3
52
17
11
1
31
4
8
3
53
3
6
2
44
1
6
2
71
2
3
1
31
16
4
3
7
2
1
3
30
28
10
3
31
23
9
2
41
1
9
1
6
1
1
3
54
1
2
3
32
10
2
1
42
2
9
3
22
3
12
2
55
3
10
2
39
2
4
3
3
3
4
3
54
2
2
3
8
6
2
3
36
1
6
3
1
4
7
1
45
2
4
2
14
1
2
1
37
2
5
1
33
8
12
1
2
4
5
1
30
19
3
2
49
2
8
3
66
5
10
1
35
2
11
2
7
2
10
2
41
2
7
2
12
1
5
1
60
1
8
3
14
14
10
3
32
5
2
2
12
3
2
1
54
3
4
2
71
1
2
1
30
9
2
3
35
1
1
1
66
1
5
1
9
6
1
2
28
2
11
1
1
2
11
3
27
4
7
1
53
2
5
1
13
5
12
1
53
1
9
1
17
16
4
1
40
2
1
3
41
2
7
1
14
21
3
1
35
4
3
1
43
1
4
1
54
2
12
3
25
8
1
1
34
6
9
2
60
4
3
1
12
9
1
1
40
1
1
3
68
9
6
1
67
3
4
3
47
10
8
2
6
1
6
2
2
3
9
3
63
13
11
3
25
9
2
2
33
1
8
3
12
6
1
3
29
15
8
2
1
2
8
3
33
10
2
1
26
3
11
1
29
1
5
3
10
2
5
2
65
2
1
2
32
2
7
1
25
3
8
2
13
1
2
2
29
3
7
3
7
5
3
3
13
7
7
1
66
3
11
2
47
1
9
1
17
6
12
2
17
1
11
2
61
1
10
3
13
1
11
1
43
3
1
3
40
5
8
2
27
1
8
2
8
3
12
3
1
1
8
3
6
2
8
2
2
1
9
2
10
1
7
2
11
3
9
3
65
16
12
3
15
5
5
3
17
7
6
2
13
3
8
1
52
2
4
2
1
3
8
3
42
3
5
3
45
1
1
1
32
6
11
2
68
3
3
3
67
1
8
2
63
1
4
2
29
1
5
1
5
2
7
2
36
3
1
2
52
2
1
2
8
1
4
2
18
1
9
2
53
3
8
1
4
2
2
3
16
2
3
1
63
1
11
3
38
7
4
2
67
2
7
3
47
5
2
3
63
12
3
3
38
10
8
2
30
2
6
1
3
4
6
1
47
3
6
3
39
4
5
2
26
2
6
1
23
3
7
