3
44
6
11
3
54
2
12
1
27
1
4
2
49
1
12
2
3
1
10
2
52
4
2
1
22
2
6
2
13
2
8
2
30
3
11
2
17
3
1
3
68
3
8
3
37
11
10
2
23
2
1
1
3
6
3
1
8
3
12
2
25
3
7
1
33
5
12
1
34
11
7
3
55
8
12
2
45
3
8
1
42
2
3
2
68
4
10
1
12
13
1
1
66
3
12
2
49
3
10
1
14
22
4
2
6
3
6
3
18
21
9
2
33
2
10
3
4
11
12
2
9
1
5
3
2
5
4
2
12
2
3
1
45
2
8
3
26
9
5
2
40
2
4
1
31
5
11
3
41
3
6
1
41
2
7
2
38
3
5
1
9
10
12
2
37
2
5
1
63
2
9
2
68
1
3
3
25
6
1
3
42
4
9
3
65
21
10
3
13
8
4
2
42
3
4
3
47
8
12
1
44
3
6
2
41
1
10
1
17
7
9
3
38
2
8
1
1
1
7
1
42
1
9
3
7
4
5
1
52
1
7
2
11
1
12
2
42
2
1
2
29
1
1
2
34
3
4
1
43
1
3
1
14
17
6
1
68
3
2
1
29
2
10
3
38
9
11
1
6
1
11
3
5
5
3
1
65
2
1
3
61
11
2
2
53
3
11
3
49
2
7
1
15
1
3
1
27
3
3
3
22
11
2
2
44
1
10
2
3
3
6
3
60
6
3
2
63
3
8
3
32
8
3
1
53
1
9
1
8
10
7
3
42
1
10
2
18
4
9
2
7
1
3
2
32
3
7
3
53
8
5
1
7
10
11
2
71
1
7
3
40
4
7
2
43
4
8
1
16
3
1
3
55
12
10
3
52
2
10
1
32
5
2
1
43
2
3
1
6
2
5
1
9
8
4
3
68
11
2
3
10
8
5
3
34
4
10
2
23
3
2
3
22
2
10
3
33
20
7
2
63
1
9
1
54
3
10
1
25
3
7
2
15
1
5
3
63
4
8
3
45
6
3
3
9
13
11
2
54
1
9
1
22
1
1
3
4
6
12
1
26
2
4
3
41
4
8
2
5
1
5
2
43
3
6
3
36
14
3
2
65
3
10
3
1
1
5
1
49
2
3
1
55
1
10
1
38
2
7
3
31
30
6
2
29
3
1
1
34
7
6
1
31
18
11
1
11
4
12
1
39
1
12
3
39
6
10
1
13
7
2
1
61
1
6
1
32
6
12
2
54
2
4
1
10
6
5
2
67
1
3
3
6
1
1
3
25
7
6
2
31
4
1
1
67
3
8
2
25
1
10
3
30
13
5
3
1
9
6
2
31
5
4
2
41
4
1
2
37
1
11
1
15
5
1
3
27
7
7
2
65
2
6
2
34
2
6
2
5
3
2
3
26
10
8
2
6
2
4
1
13
2
10
3
28
8
4
3
32
10
12
1
60
1
1
2
35
2
12
2
14
3
3
3
66
2
8
1
23
1
5
2
8
2
7
1
45
1
6
3
23
2
9
2
66
1
10
1
39
2
5
2
26
2
1
1
33
4
8
2
2
3
3
1
55
2
5
3
47
9
9
2
61
2
9
3
12
6
9
1
2
6
9
2
36
1
4
3
67
38
4
2
11
3
10
2
52
5
6
3
13
6
12
1
61
3
11
2
33
3
6
3
37
5
5
2
22
3
5
1
26
3
2
3
53
6
5
1
52
2
11
1
71
2
9
2
30
2
6
2
47
4
11
2
55
2
12
3
11
13
4
1
36
1
11
3
3
1
2
1
41
3
9
2
10
1
2
3
43
6
8
2
16
1
1
2
32
1
2
3
11
14
8
1
5
1
11
2
4
3
3
1
5
2
5
2
39
2
10
2
17
2
3
3
15
13
8
2
18
1
3
3
60
24
4
1
30
16
11
3
71
2
9
1
10
8
1
2
55
3
4
2
36
4
12
2
9
3
10
2
15
3
4
2
71
2
7
2
60
1
7
3
2
6
5
1
71
3
8
1
35
3
8
2
1
2
6
1
53
2
5
3
66
7
5
2
40
1
7
2
44
5
2
2
12
1
3
3
29
4
12
3
71
1
9
1
7
5
8
3
35
7
2
1
16
5
2
3
61
8
3
3
16
4
4
3
6
2
2
3
28
10
12
1
1
3
7
1
4
7
6
3
3
4
10
2
27
3
2
2
16
3
9
1
47
1
4
3
43
5
6
3
36
4
7
2
38
5
4
2
27
2
12
3
63
1
2
3
29
6
5
1
2
1
3
3
35
5
7
1
18
1
3
3
15
15
7
3
17
4
10
3
54
1
10
3
49
1
1
2
7
2
1
2
14
2
5
3
44
10
6
1
47
3
3
1
11
6
1
3
31
28
10
3
39
7
10
1
49
1
9
3
5
3
3
2
66
3
11
2
47
2
4
1
17
5
4
3
45
1
9
1
63
1
5
3
9
12
3
3
23
5
3
2
2
1
8
1
60
2
9
1
37
1
11
1
30
14
6
1
4
1
6
2
61
1
3
2
1
1
10
3
34
2
3
1
12
8
2
2
4
2
11
2
53
2
3
1
18
11
2
1
28
1
8
1
28
2
1
3
14
19
3
1
3
1
11
3
16
2
3
2
26
1
12
1
36
3
8
2
39
4
3
1
38
1
8
2
10
3
1
1
29
3
3
3
40
3
1
3
33
21
1
3
67
36
1
3
8
15
9
1
68
1
5
1
40
3
1
1
67
2
8
3
7
2
5
3
14
4
5
1
40
1
9
3
27
3
1
3
30
11
10
3
52
11
12
2
60
4
4
3
65
6
9
2
45
2
10
2
13
1
7
2
28
2
11
1
44
1
2
2
67
2
4
2
28
3
7
1
66
2
12
1
35
4
11
1
23
2
2
1
25
1
1
3
17
11
2
2
35
1
11
3
18
11
4
2
22
1
7
1
54
2
12
2
8
1
9
3
8
13
5
1
37
2
3
3
10
1
8
3
12
4
7
1
65
1
11
