1
13
7
5
1
54
3
8
1
27
3
8
1
49
1
1
3
34
11
2
2
11
2
2
1
14
2
6
1
31
6
10
2
13
2
8
2
1
3
8
2
39
1
8
2
68
2
9
2
26
1
9
1
1
1
8
2
36
5
11
2
61
3
2
1
38
2
8
3
6
5
6
1
43
2
10
2
36
2
5
2
23
3
1
1
6
2
3
2
33
1
1
1
4
3
3
3
38
3
4
2
45
1
7
2
4
1
11
3
67
20
6
3
53
2
2
2
52
7
11
2
32
2
3
1
55
2
8
2
66
3
11
2
26
2
9
1
40
1
12
3
41
2
3
1
35
2
1
1
39
4
12
3
8
4
8
3
6
1
9
1
38
3
12
1
39
2
5
1
42
2
10
3
47
1
2
3
67
6
7
1
44
4
2
3
30
17
2
2
15
1
2
1
1
3
4
1
17
16
1
3
1
7
7
1
25
3
1
1
30
11
1
3
2
5
1
2
29
2
5
2
9
3
4
3
10
24
11
1
52
2
7
3
18
7
6
3
1
9
7
2
16
3
7
3
32
3
12
1
66
2
4
3
12
5
12
2
30
5
11
2
63
2
11
3
22
10
9
1
16
5
3
1
32
5
5
2
37
4
4
2
67
1
7
2
30
1
1
3
60
7
4
2
54
2
11
2
25
1
5
1
53
1
12
1
12
15
11
3
40
5
3
2
66
2
5
3
36
15
2
1
3
8
6
1
63
1
9
1
49
2
1
1
11
4
3
1
37
1
10
2
53
3
4
3
27
2
10
2
18
1
1
3
25
5
6
2
61
2
9
3
15
6
9
1
35
3
4
3
49
8
3
3
9
10
4
2
4
2
1
1
47
1
6
2
67
2
8
3
39
9
2
3
55
8
12
1
9
7
3
3
44
4
3
2
54
1
2
3
7
4
3
3
4
25
11
1
34
11
10
3
33
20
4
1
26
1
3
2
8
2
12
1
22
1
7
1
60
2
8
3
65
5
5
2
2
2
5
1
44
2
12
2
45
2
9
3
5
5
12
2
55
1
7
1
3
7
5
1
11
9
5
2
6
3
2
3
28
5
2
2
1
2
9
1
18
12
12
2
52
1
2
3
63
4
7
1
43
1
4
3
52
3
10
1
29
3
10
3
32
12
11
2
55
3
7
3
13
2
2
3
11
22
11
2
27
1
11
1
9
1
11
2
42
2
6
3
41
3
5
2
14
1
1
3
22
4
4
3
66
6
4
2
9
2
4
1
55
1
4
1
6
1
10
1
66
3
6
2
40
2
6
2
49
1
6
1
12
18
10
2
53
2
4
3
66
1
1
2
14
2
4
3
16
4
4
3
3
2
12
1
45
1
8
2
7
2
9
1
10
2
3
3
39
4
1
1
13
3
12
2
13
1
12
1
8
5
4
1
36
3
9
1
68
3
10
3
71
4
6
1
15
3
11
3
37
9
11
1
71
2
6
3
47
3
12
1
41
3
2
2
28
1
8
1
60
1
4
2
23
2
9
1
67
2
4
1
25
2
6
2
12
1
3
1
26
2
4
1
45
2
12
2
43
1
8
1
28
1
10
3
34
3
4
1
5
2
10
2
16
1
11
3
38
12
7
1
28
2
1
1
65
2
5
2
5
3
8
2
47
3
3
1
52
1
11
3
5
3
12
2
31
4
7
2
3
1
2
1
18
9
1
2
60
1
2
1
65
1
6
3
42
2
8
2
38
1
12
1
5
1
4
3
2
7
4
1
61
3
5
3
11
10
7
3
61
4
11
3
30
25
1
2
39
2
4
3
49
1
4
1
7
10
6
1
42
1
11
2
35
3
3
2
65
4
2
1
32
1
6
3
33
11
5
2
33
3
8
3
23
16
10
2
49
3
10
1
40
3
3
3
35
8
4
2
27
2
5
2
35
1
11
3
8
14
11
1
22
2
11
3
17
1
10
1
14
1
6
2
18
2
11
3
68
7
9
3
55
5
2
3
63
6
6
3
43
6
11
2
34
1
1
3
65
2
11
3
35
1
11
2
10
1
9
3
10
23
6
2
8
1
5
3
4
16
12
3
68
13
7
3
27
15
11
3
15
11
3
2
41
5
4
3
16
6
2
2
37
1
3
2
65
3
2
1
23
1
10
2
31
3
8
2
28
2
3
2
47
4
8
3
23
7
6
3
29
5
4
2
29
3
2
1
37
2
6
3
26
10
4
2
32
4
10
2
34
2
8
3
44
2
12
3
14
9
12
2
15
2
11
1
4
6
3
2
71
1
6
1
23
3
8
3
12
6
1
1
15
4
8
2
17
1
7
3
28
4
10
3
52
7
12
1
47
3
10
3
14
2
12
3
61
2
12
1
68
2
6
3
9
31
10
3
13
1
2
2
42
3
1
3
45
2
3
1
30
7
1
1
36
1
10
2
44
5
10
3
54
1
4
1
8
10
8
2
22
3
5
2
43
4
10
3
54
2
12
2
44
4
10
1
63
2
8
1
16
7
2
3
36
13
10
2
17
2
9
1
17
12
9
3
42
4
2
3
29
14
12
1
31
11
5
2
60
3
5
1
34
9
9
2
7
3
6
2
2
3
6
3
60
20
4
1
10
7
4
3
7
3
5
3
18
14
2
1
54
2
8
3
40
1
10
2
68
3
1
1
29
1
5
1
27
1
3
1
2
2
2
2
38
2
11
1
33
3
2
2
10
2
2
2
25
2
4
2
71
3
6
3
37
7
8
2
40
3
7
3
17
17
4
1
33
7
2
1
7
11
5
2
11
3
5
3
31
9
6
3
71
2
7
3
31
1
11
1
41
2
4
3
25
6
5
1
2
4
5
1
67
1
8
1
71
3
12
2
63
1
4
3
26
2
4
3
53
4
5
3
43
4
2
2
41
2
3
1
61
2
4
1
53
2
9
3
45
1
1
2
3
2
7
2
12
3
12
2
22
1
1
2
6
2
3
2
5
1
1
3
3
10
2
