3
12
7
10
1
32
5
11
1
18
7
5
1
52
1
1
3
25
2
1
2
53
3
9
3
68
12
2
3
3
9
5
2
47
1
1
1
3
11
5
2
68
4
11
3
39
6
6
2
29
2
10
1
55
2
2
2
67
2
9
3
68
8
6
3
9
25
7
3
22
12
8
1
44
4
4
3
65
15
11
1
39
3
9
1
25
1
1
2
8
1
3
1
40
3
8
1
9
7
7
2
23
2
1
1
66
3
6
1
29
2
8
3
63
3
8
1
27
2
2
2
39
3
2
2
38
5
12
3
7
4
5
2
47
3
2
2
41
4
10
2
3
2
3
1
27
3
4
1
31
2
12
3
45
7
10
3
53
6
2
3
18
22
12
3
9
7
7
3
61
11
9
1
34
3
12
2
25
1
5
2
15
2
1
2
61
1
2
3
33
1
7
2
55
3
1
2
22
1
7
1
42
2
6
1
28
1
11
1
4
6
10
3
31
5
5
3
66
8
3
3
71
3
3
3
43
2
3
2
45
2
10
3
40
5
9
1
60
2
5
2
2
1
3
3
67
35
4
1
34
6
5
2
3
3
10
3
11
16
1
1
15
3
8
2
32
4
6
2
55
2
5
3
47
10
4
2
27
2
10
3
23
10
11
1
17
1
7
2
38
2
9
3
40
4
4
1
11
5
5
1
61
3
1
1
53
1
7
3
11
25
6
3
47
5
8
2
34
1
5
3
55
15
1
2
65
1
6
2
54
2
10
3
18
5
6
3
2
7
3
1
30
16
11
1
68
1
7
3
34
1
1
3
43
8
6
1
10
2
10
2
15
3
6
2
49
4
4
1
1
3
12
2
13
2
3
3
61
3
1
1
1
2
9
3
27
7
3
1
33
3
7
3
15
12
9
1
17
14
6
3
49
4
7
2
11
3
11
1
5
2
7
1
23
2
7
1
13
3
1
2
40
3
9
1
33
1
12
3
28
15
5
2
6
2
1
1
35
1
7
2
71
2
1
1
38
1
4
3
23
11
5
1
42
1
4
3
17
3
5
3
60
9
6
3
44
8
11
2
54
1
12
2
52
2
8
2
23
1
11
1
16
4
9
1
10
1
5
1
2
2
4
1
41
1
2
2
7
3
8
2
40
1
5
3
30
24
10
2
49
1
10
2
31
2
4
2
39
4
12
2
66
1
8
3
12
1
5
2
7
2
4
3
3
1
9
3
4
20
8
1
6
1
10
2
17
1
12
3
30
22
1
1
14
15
10
2
37
3
7
1
38
2
2
1
2
7
2
2
18
3
6
1
22
2
10
1
55
1
9
3
52
5
12
2
28
2
4
3
36
8
3
3
10
24
7
1
67
2
12
1
32
2
5
2
60
4
6
1
13
4
4
3
39
5
6
1
47
2
8
1
52
2
11
3
55
4
11
3
36
13
2
3
4
1
12
3
35
5
3
2
1
3
12
1
45
2
3
3
41
1
3
1
14
2
6
2
42
1
7
3
6
4
2
2
13
3
11
1
35
2
10
2
44
2
7
3
71
2
4
1
25
2
6
1
8
12
5
1
53
2
9
2
9
2
10
1
9
1
3
1
3
3
2
1
49
1
12
1
15
2
7
3
31
18
8
2
68
1
4
1
36
1
6
1
47
3
5
3
54
1
11
2
2
2
1
1
26
2
4
2
26
4
2
3
35
4
9
3
38
5
9
1
6
2
8
2
60
1
11
3
26
10
4
1
63
1
1
2
61
3
3
3
37
9
3
2
30
1
10
2
32
1
6
3
42
1
2
2
10
3
2
1
39
4
5
1
4
1
6
3
1
2
6
1
37
2
1
1
49
2
2
2
26
1
2
2
31
1
1
3
5
3
5
2
41
3
6
2
65
3
11
2
9
1
9
2
1
1
2
2
33
3
3
3
37
10
3
1
36
2
6
1
44
2
2
2
43
1
9
1
43
1
4
2
52
4
7
3
29
5
11
1
41
2
10
2
16
1
7
2
6
3
5
2
8
3
2
3
16
6
11
3
42
2
11
1
37
1
9
3
5
1
6
2
36
3
5
2
14
3
4
2
25
3
6
1
22
3
1
2
16
3
10
3
49
1
6
3
27
17
1
3
34
5
9
3
16
1
1
3
17
7
8
1
7
8
8
1
5
1
4
1
11
11
7
3
10
10
2
1
71
3
1
1
8
7
8
3
60
24
4
1
30
10
6
3
26
5
7
2
71
3
4
1
61
2
1
1
29
3
5
3
14
1
5
3
14
20
8
3
38
7
6
2
33
2
3
1
65
1
5
2
67
1
10
2
44
3
1
2
34
2
3
2
4
1
8
2
43
3
7
2
22
2
7
3
28
12
11
2
27
1
9
2
4
2
8
3
65
9
4
2
45
1
6
3
33
12
5
3
63
11
12
3
8
20
8
1
18
5
3
3
32
5
4
2
5
3
12
1
12
14
8
1
45
1
4
1
54
1
10
3
29
1
1
2
63
2
3
1
7
11
5
1
66
2
7
3
45
3
10
2
36
5
12
3
8
6
1
1
67
3
5
1
40
2
5
2
63
1
7
2
29
1
8
1
26
3
3
2
42
4
2
3
15
5
7
2
35
2
12
3
66
9
2
1
43
3
8
2
11
2
2
1
63
2
11
3
13
7
9
2
53
1
1
2
12
3
10
3
25
9
6
3
44
3
11
1
60
1
5
3
2
1
2
2
30
4
1
3
41
3
1
1
28
3
12
1
31
11
2
3
6
6
2
2
14
1
5
3
54
2
5
3
13
4
3
2
35
3
4
1
16
3
2
3
52
11
6
3
67
16
2
1
65
2
11
3
32
7
10
2
10
2
5
3
1
4
11
2
17
3
10
1
68
2
10
3
22
3
5
2
18
4
2
2
37
4
12
1
12
8
11
2
12
2
10
3
7
2
6
1
54
2
6
2
28
1
10
3
53
5
3
2
66
3
7
1
23
3
2
2
5
2
11
1
71
1
3
