1
13
5
1
2
31
4
10
2
10
2
2
2
7
2
10
3
5
1
11
2
53
3
4
1
32
7
7
1
10
7
2
1
40
2
5
2
53
2
2
2
14
1
4
1
23
2
6
1
18
13
12
1
6
1
11
1
27
3
9
1
29
3
8
3
52
14
6
3
22
5
12
3
54
1
3
1
28
2
5
3
44
5
8
2
29
1
1
3
18
17
3
3
60
26
9
2
6
1
6
1
17
11
7
2
25
1
3
1
34
5
3
3
33
4
1
1
22
1
3
2
4
3
2
1
29
2
9
2
28
1
10
1
14
13
3
3
63
5
9
2
71
3
9
1
31
1
6
3
31
3
12
3
13
3
4
1
44
3
9
2
8
3
11
2
45
2
5
3
8
19
11
2
25
2
4
1
37
2
8
2
42
2
9
1
39
1
9
3
44
7
1
3
12
1
1
1
23
1
7
1
38
1
6
2
68
3
12
1
53
1
5
1
42
1
12
3
27
10
4
2
36
4
11
2
39
4
4
3
45
5
2
2
52
6
2
1
11
9
12
1
67
1
1
3
25
5
9
1
52
3
8
1
71
2
3
1
42
2
1
3
61
1
5
1
9
5
3
3
36
12
3
1
65
2
5
2
35
2
2
3
49
3
7
3
10
1
1
3
27
3
4
3
11
5
12
2
22
3
1
3
34
2
1
3
49
7
3
3
43
2
11
3
39
8
11
1
38
3
8
2
15
2
3
3
4
9
3
3
28
9
6
3
54
2
11
3
7
3
8
1
71
1
10
2
11
1
9
3
6
4
12
2
28
2
3
2
40
4
7
1
54
3
11
1
35
3
6
2
49
1
12
1
4
8
8
3
71
3
4
1
36
2
8
3
3
4
12
1
13
9
8
2
52
4
1
3
63
9
12
3
8
8
10
1
1
2
6
3
3
10
5
1
3
2
4
3
33
16
5
2
1
3
9
1
52
2
7
3
53
7
1
1
66
2
10
1
14
17
4
3
16
6
11
1
43
3
4
2
1
1
10
3
40
6
9
2
31
2
3
2
45
1
11
2
18
2
7
3
38
7
2
1
12
4
11
1
9
9
2
1
5
1
9
1
36
1
8
2
17
3
11
2
23
3
5
3
67
7
10
2
36
3
6
2
60
1
3
2
12
2
11
2
65
4
9
1
61
1
6
1
41
3
12
2
5
1
6
2
32
4
11
2
32
2
1
2
6
3
8
3
1
9
2
3
61
4
8
2
16
2
12
3
39
2
11
1
4
2
9
3
14
16
8
2
42
1
6
2
47
4
12
3
29
2
5
3
47
8
1
3
32
1
5
2
10
1
5
1
67
3
11
1
28
3
8
1
30
13
4
3
36
15
4
2
13
1
6
1
68
3
6
2
63
1
11
3
68
6
2
2
39
2
12
1
45
1
7
3
10
13
8
2
68
2
3
3
4
4
12
1
60
2
4
3
15
17
5
2
71
1
8
3
22
3
12
2
41
1
8
3
9
18
7
3
30
23
12
2
34
3
10
3
68
5
7
1
44
4
3
2
55
2
3
3
65
9
3
2
5
3
6
2
2
2
12
1
2
3
3
2
3
3
11
1
11
10
8
3
60
6
10
2
37
4
10
3
26
2
10
1
66
3
8
3
35
3
11
3
11
14
2
2
38
1
12
3
66
2
5
3
2
6
5
1
35
4
3
3
28
4
2
1
25
2
8
2
2
3
5
3
29
15
11
2
7
1
12
2
26
4
10
1
12
8
5
3
41
2
6
1
10
3
12
3
41
4
10
3
38
12
3
2
41
3
9
2
33
1
2
2
30
2
6
3
25
7
5
1
25
1
4
3
23
19
8
1
26
1
6
1
22
3
12
2
35
3
9
1
8
15
1
3
31
19
8
3
18
6
11
2
26
2
8
1
49
1
9
3
66
8
12
3
42
2
12
1
53
2
1
1
1
1
10
2
14
3
11
3
55
7
2
2
67
1
3
3
26
9
9
2
61
3
11
1
7
9
12
1
63
1
8
1
6
2
5
3
40
2
9
3
16
5
11
3
17
16
2
3
43
8
12
3
23
2
2
3
42
4
8
3
5
2
2
3
14
24
1
2
54
2
1
3
15
3
1
1
2
2
1
1
33
3
9
2
47
1
6
3
1
4
9
1
61
3
3
2
17
2
4
1
15
1
10
2
49
2
4
2
3
1
3
3
71
5
11
2
4
2
12
2
60
3
9
2
66
3
11
2
54
1
6
2
37
1
1
2
44
5
5
2
43
2
7
1
33
1
9
3
30
12
6
1
55
1
10
1
37
1
6
2
27
2
9
1
60
1
3
1
31
14
4
1
55
2
4
3
34
7
2
2
61
1
5
3
47
3
7
1
5
2
1
2
63
2
1
3
6
5
5
3
45
1
8
1
27
2
6
2
38
5
12
2
23
2
7
1
41
2
12
2
30
1
2
2
11
3
8
1
7
6
7
2
40
2
6
3
2
1
9
2
13
3
3
2
65
2
12
3
32
12
11
1
39
4
11
3
12
3
9
1
40
1
10
2
9
2
7
1
49
2
4
3
17
8
7
1
68
2
9
1
3
8
6
1
43
2
10
2
18
4
10
3
7
4
2
1
17
5
8
2
33
3
8
3
65
18
12
2
29
3
3
2
22
2
2
1
47
2
7
2
12
3
5
1
34
1
8
1
32
4
2
3
67
1
11
1
65
1
9
3
37
3
6
1
26
3
7
2
43
5
7
2
55
1
5
1
8
8
1
3
37
4
7
2
15
3
11
1
16
3
4
1
16
5
12
3
55
9
9
1
18
7
5
2
8
2
9
2
27
3
11
2
9
3
7
1
15
2
6
1
54
2
8
1
45
2
8
2
16
1
7
3
35
4
10
1
30
18
10
2
67
2
11
3
13
7
8
2
66
1
12
3
53
6
8
2
34
2
1
2
44
1
5
1
47
3
8
1
63
2
1
3
9
21
7
3
52
7
12
