3
33
23
3
3
11
19
2
1
22
3
10
1
68
3
5
2
47
3
4
1
9
13
11
3
65
10
7
1
47
2
1
1
54
3
10
3
55
14
8
2
66
3
2
3
60
4
12
3
29
6
1
1
45
2
4
3
25
8
11
2
60
4
1
2
61
3
9
2
34
2
6
2
2
1
6
2
45
2
11
1
31
1
1
2
71
2
4
1
33
3
2
3
68
11
5
1
33
8
5
3
29
17
12
1
52
1
3
1
11
1
6
3
37
10
1
3
10
9
11
3
5
3
2
3
38
3
10
2
30
3
7
2
6
2
8
2
23
1
11
1
8
16
10
1
44
4
11
1
52
2
7
2
15
2
8
3
27
13
5
2
41
4
7
3
28
16
11
2
11
2
7
1
25
1
9
3
44
7
6
3
54
1
5
2
27
1
4
1
15
4
1
1
12
17
4
3
34
7
2
2
6
3
12
3
66
2
8
3
9
22
8
1
16
3
8
3
8
18
2
1
9
8
7
1
4
6
9
1
34
6
4
3
67
28
6
3
47
7
12
1
1
1
7
3
53
5
7
2
26
2
5
3
39
3
7
2
29
3
2
1
30
4
2
1
35
4
7
1
10
1
10
3
65
19
1
1
38
2
10
2
3
2
3
2
53
2
3
1
42
1
10
1
36
1
9
3
32
6
9
2
14
1
8
1
54
2
10
1
49
2
2
3
12
3
7
3
43
3
5
3
41
1
5
2
11
1
12
1
23
1
9
3
17
15
7
3
34
3
7
3
2
1
8
1
32
5
7
2
1
1
5
2
53
1
4
2
61
2
4
3
1
8
3
2
38
5
6
3
43
4
9
3
26
10
8
3
54
2
5
2
4
2
12
1
6
2
4
3
16
4
1
2
10
2
4
2
39
2
12
2
2
2
8
2
52
6
11
1
61
3
5
2
43
2
4
2
49
2
5
1
40
1
12
2
63
2
2
3
66
5
6
2
22
2
8
1
12
3
2
2
44
5
9
3
49
8
4
1
71
1
4
2
41
5
12
3
31
22
8
2
37
3
9
2
36
5
12
3
14
18
3
2
34
3
6
1
17
6
3
3
37
6
6
1
7
9
2
2
71
1
3
2
52
1
3
3
52
6
4
1
17
12
2
2
33
3
6
3
45
3
3
3
2
6
5
1
3
4
4
1
67
3
2
3
12
4
1
3
17
6
8
1
39
3
3
3
9
11
9
1
28
3
2
1
60
1
2
3
13
7
8
2
55
1
7
1
31
15
11
2
65
1
12
1
40
2
3
2
7
2
7
2
42
3
3
1
32
4
10
2
8
3
1
1
14
18
5
2
47
4
4
1
55
1
10
3
40
6
3
2
9
1
9
1
61
1
9
3
55
11
3
1
28
2
5
3
3
9
1
1
26
3
10
2
67
1
5
1
13
1
6
2
18
1
3
2
65
4
2
2
12
1
7
2
66
1
5
3
45
4
6
3
40
3
6
2
4
3
5
3
63
1
1
2
8
2
8
3
42
2
8
1
6
1
1
3
61
10
8
2
49
4
10
1
39
1
11
2
18
2
3
2
44
4
10
1
27
3
2
2
68
1
10
2
63
1
3
3
23
11
5
2
25
2
10
1
23
2
2
3
25
5
4
1
37
1
6
1
29
2
7
2
26
4
4
2
60
2
2
1
65
2
4
2
28
2
9
1
38
1
8
3
49
2
12
3
39
2
7
1
10
3
5
3
47
2
3
2
33
1
12
3
15
5
3
2
31
2
3
1
66
1
1
2
5
2
6
3
35
3
6
2
31
1
3
3
42
1
6
3
27
15
6
1
27
1
12
1
68
2
5
2
13
1
9
3
10
24
5
1
18
10
8
1
36
3
1
1
66
3
11
3
13
5
6
3
68
9
4
1
3
9
1
3
32
1
6
2
10
3
12
2
45
4
12
1
71
2
2
1
53
2
5
3
67
10
11
3
35
6
2
1
15
2
1
2
9
2
12
1
41
3
10
3
6
5
11
2
14
2
6
2
17
2
12
3
4
7
11
2
42
1
1
1
13
2
9
2
55
3
6
3
61
2
5
3
30
12
10
3
5
5
8
3
28
10
7
1
5
1
5
3
22
10
9
3
1
5
12
3
18
14
10
3
14
9
5
3
15
17
7
2
54
2
12
2
43
1
7
2
27
2
10
1
41
2
10
2
5
3
10
2
54
1
8
1
65
1
8
2
67
2
12
1
37
2
10
3
52
10
2
3
16
2
5
1
1
3
2
1
26
1
2
1
47
3
3
3
71
4
1
1
55
2
12
3
18
7
12
3
33
1
1
3
26
4
11
3
63
10
5
3
11
7
12
3
8
16
11
3
71
5
7
2
12
2
1
2
28
1
12
2
40
3
1
2
15
3
2
2
36
2
7
1
63
1
3
3
41
3
9
1
63
2
7
1
14
2
10
2
23
2
5
1
2
2
1
3
3
7
4
1
44
3
11
3
36
13
8
2
22
1
10
3
53
7
5
2
29
1
12
1
43
3
12
2
25
3
12
2
3
1
3
3
7
1
10
3
60
8
1
2
38
2
9
2
13
2
5
1
43
2
5
1
53
1
9
3
31
1
9
2
68
4
12
1
30
14
8
1
34
5
6
1
29
3
8
1
49
1
2
1
60
2
4
2
16
1
8
3
4
8
10
2
32
4
11
2
35
2
2
3
6
1
2
1
11
4
1
3
30
8
1
1
25
2
5
3
23
5
1
2
35
1
1
1
4
5
6
1
2
3
8
1
67
1
11
3
36
9
6
2
30
4
1
1
22
2
12
3
7
4
4
2
37
1
2
1
18
14
10
3
38
2
4
2
32
1
7
3
22
5
2
1
7
5
11
3
44
10
9
2
16
3
6
1
45
1
7
1
8
1
6
2
40
2
1
2
17
1
1
2
7
1
3
2
1
2
3
1
35
3
7
1
16
7
12
1
5
2
8
1
42
2
2
2
39
3
8
