3
28
2
11
3
16
7
6
2
47
1
9
2
17
1
7
2
22
2
9
3
54
1
9
2
1
1
4
3
52
17
6
2
16
3
7
1
12
15
12
3
68
4
4
2
40
4
12
2
45
1
9
3
34
2
8
2
49
1
3
1
1
2
5
3
33
5
11
2
23
3
2
3
42
3
9
1
8
1
10
2
5
1
2
1
35
4
1
1
33
3
10
3
41
2
2
1
39
4
12
3
10
7
7
3
7
5
11
3
13
4
7
3
60
32
7
3
38
2
9
3
8
1
11
1
8
2
11
3
66
5
4
3
43
7
1
1
32
1
6
2
44
1
6
1
67
1
1
2
16
1
6
3
5
5
8
3
31
24
3
3
22
11
2
1
37
2
8
3
61
11
6
3
53
5
8
2
31
5
12
1
55
2
6
3
11
23
8
2
66
2
6
3
10
22
11
3
3
1
1
2
71
2
3
3
9
16
2
3
49
3
6
1
26
2
11
2
14
1
4
1
15
3
7
2
26
2
10
3
61
3
4
3
60
14
8
1
37
1
9
2
23
2
11
1
23
2
3
2
25
1
8
3
71
1
11
1
65
1
4
2
61
2
8
1
52
2
8
3
28
13
7
1
33
4
8
3
25
7
10
3
30
27
8
1
61
3
8
3
39
4
9
2
25
2
5
1
54
2
3
3
71
3
1
1
53
2
4
1
61
1
7
3
49
7
12
2
2
3
9
3
38
4
11
2
53
1
10
1
30
14
4
1
63
2
6
3
25
1
7
2
47
4
2
2
71
1
11
3
54
2
10
2
43
1
9
3
6
5
3
3
22
8
4
1
26
3
12
2
6
1
9
1
38
1
9
2
42
4
5
2
38
5
5
2
41
2
5
1
34
11
5
1
52
3
4
1
67
2
7
3
1
3
12
3
4
26
4
2
9
1
5
1
30
5
7
1
60
1
2
1
44
2
8
3
32
6
5
2
8
2
9
1
9
5
6
1
22
3
5
2
68
2
3
2
66
1
7
3
15
6
11
2
65
3
1
2
44
2
1
1
29
1
12
3
17
2
2
2
30
4
8
3
6
3
6
2
60
2
6
1
47
1
4
3
45
1
3
1
44
4
12
3
63
8
3
3
47
6
1
1
4
8
6
3
52
4
11
1
41
2
12
1
31
10
12
3
36
8
6
1
29
2
3
1
31
8
7
3
9
12
6
1
27
1
11
3
12
7
10
2
10
1
4
2
15
3
10
1
6
1
1
2
12
2
7
1
6
2
11
2
3
3
2
3
4
4
3
3
23
8
5
1
5
1
2
2
65
1
9
3
67
19
8
1
60
2
5
2
39
3
7
3
35
7
12
1
3
10
1
3
36
7
2
1
25
2
4
2
6
2
11
1
18
3
3
3
33
13
12
1
36
2
3
2
37
3
3
2
7
2
12
1
9
3
6
3
29
9
6
2
27
1
4
1
27
3
2
3
3
6
11
3
23
16
10
1
11
8
4
3
1
7
7
3
27
8
11
1
63
1
2
2
22
3
12
1
68
2
10
1
54
1
5
3
67
30
4
1
11
5
6
1
40
2
7
3
8
19
12
1
49
1
2
3
45
6
11
3
37
10
6
3
66
2
6
3
43
5
12
3
17
12
11
1
71
3
3
1
5
2
6
2
68
4
4
2
31
4
6
3
41
4
4
3
14
23
4
3
15
17
8
2
13
1
6
1
17
9
10
2
39
4
10
3
2
1
11
2
40
3
3
2
8
3
8
1
12
13
8
2
34
2
10
1
34
6
9
1
40
3
2
3
34
3
6
3
14
10
1
2
27
3
4
2
37
4
3
2
33
1
5
2
54
2
11
3
68
7
3
2
29
3
4
2
54
1
2
1
3
1
9
2
49
2
12
1
10
6
5
2
35
1
11
2
9
3
8
1
53
1
4
1
41
1
1
1
14
3
2
2
17
3
6
1
16
5
6
2
32
4
7
3
35
3
4
3
65
18
6
3
18
15
10
2
55
1
5
3
44
2
5
1
23
1
4
2
53
2
4
3
2
5
11
3
44
10
2
2
67
2
1
1
18
2
8
2
67
1
2
2
7
1
11
2
1
2
2
3
37
8
6
2
18
4
8
3
63
11
7
2
2
1
7
3
27
10
1
2
45
4
12
2
26
3
2
1
42
1
2
2
10
2
6
1
15
2
2
2
42
1
6
1
10
3
2
1
66
1
4
3
29
1
4
1
28
1
6
2
33
2
12
2
11
3
4
2
52
2
2
3
31
3
6
1
45
2
9
3
47
10
11
3
16
6
3
3
53
4
12
3
40
3
3
1
36
3
5
2
15
1
4
3
40
1
2
1
66
2
6
3
13
3
11
2
38
2
4
2
3
2
5
1
55
1
9
1
25
1
1
1
2
6
10
1
42
2
2
3
30
28
8
2
35
2
12
1
43
1
6
3
5
2
11
2
28
2
3
2
5
3
9
3
42
1
5
1
7
9
10
3
18
11
8
3
32
12
11
1
4
1
8
2
34
3
4
1
17
6
5
2
4
2
1
1
16
1
12
2
41
4
12
1
28
3
2
2
55
3
1
2
60
3
7
2
4
3
8
1
38
3
6
3
65
20
3
2
32
1
10
2
14
3
7
1
47
2
1
2
13
2
10
2
63
3
6
1
32
7
4
2
30
5
2
3
7
1
1
1
65
2
2
1
7
11
4
1
22
2
9
1
43
2
3
3
26
8
2
2
61
1
2
1
1
1
9
2
18
1
6
3
12
3
7
1
45
1
6
1
39
3
12
1
71
1
3
2
36
1
6
2
28
1
7
1
13
4
9
1
13
1
10
1
68
1
7
3
39
2
9
2
12
1
5
2
63
1
1
1
35
1
7
3
26
4
1
2
11
1
8
1
49
2
9
3
55
13
8
2
36
3
3
1
2
1
7
2
43
2
10
2
52
7
8
1
14
15
4
3
55
8
7
2
29
2
4
3
11
8
4
