3
17
6
3
1
41
1
3
1
42
1
12
3
42
1
7
2
38
4
4
1
38
1
4
2
4
1
5
1
40
1
6
3
11
11
11
2
37
2
6
3
45
7
5
1
36
2
11
2
65
1
3
3
15
10
1
3
4
17
7
3
44
1
10
1
71
3
4
1
55
2
1
2
44
1
10
3
65
19
11
2
9
1
11
3
63
11
3
2
60
4
2
1
66
1
7
3
3
3
1
3
68
8
1
2
15
2
6
3
52
17
1
2
30
3
6
2
4
2
8
3
14
7
7
1
1
2
6
1
44
1
1
1
53
2
10
3
65
8
7
2
49
4
10
2
66
2
2
1
26
1
7
3
4
18
5
1
26
2
4
3
49
5
3
2
10
3
10
3
25
6
4
1
47
2
5
1
4
6
7
1
43
1
10
2
13
3
4
1
67
1
3
1
12
2
2
2
41
2
7
2
15
3
10
1
23
3
3
1
39
3
10
3
3
9
3
3
36
10
2
2
53
2
10
1
42
2
9
2
10
2
8
3
55
12
10
1
16
5
4
2
31
1
12
1
68
2
6
1
13
4
9
2
12
1
5
2
67
1
12
3
43
2
8
3
61
6
7
3
18
6
7
3
52
2
12
3
40
4
9
2
39
4
4
2
42
4
1
2
68
3
7
3
31
22
6
2
36
4
7
1
15
2
8
2
33
2
11
2
45
2
3
1
43
3
2
1
23
2
5
2
26
2
9
2
31
5
8
3
39
1
7
3
23
9
8
3
36
7
11
1
44
2
12
2
68
4
6
3
43
5
2
3
53
3
4
3
41
1
6
1
31
10
7
1
2
5
12
2
13
1
7
1
68
1
2
3
32
2
10
1
28
1
7
1
52
1
3
3
8
18
8
1
53
1
2
1
5
1
9
1
61
2
5
2
63
2
9
2
14
2
6
3
13
9
1
3
66
3
9
3
16
3
9
1
71
1
4
3
11
2
1
3
68
6
11
2
28
1
6
1
7
7
10
2
11
1
5
1
34
11
3
1
52
3
9
2
36
1
9
1
11
7
11
3
61
10
1
3
6
1
7
1
5
2
6
3
2
8
2
3
45
1
7
2
3
1
12
2
7
3
10
1
17
15
4
3
12
6
9
3
44
7
12
2
43
1
12
2
49
3
6
1
7
10
12
2
16
2
8
2
34
1
5
2
22
2
4
1
9
2
11
1
12
13
4
2
1
3
3
3
47
1
3
3
42
3
12
3
14
1
4
2
40
3
7
1
27
2
10
1
67
3
2
2
60
1
11
2
65
3
2
2
61
2
8
3
33
8
11
2
23
2
6
1
61
3
4
1
39
4
5
1
11
2
5
1
9
7
6
3
34
10
1
1
45
1
5
3
30
15
9
3
34
4
7
2
38
3
12
3
35
8
11
1
65
2
3
3
29
9
10
3
60
11
12
3
60
21
8
1
1
3
6
2
63
3
2
1
54
3
2
3
6
5
9
3
7
4
7
3
71
4
12
3
13
3
10
2
8
3
4
2
5
3
3
1
13
2
2
3
25
5
1
2
39
3
8
2
29
1
11
2
17
1
10
1
49
1
1
2
55
3
11
1
14
5
1
3
29
16
9
3
1
6
10
1
22
2
12
1
3
11
5
1
18
12
2
2
27
2
7
2
66
1
6
3
10
19
1
2
29
3
12
1
25
3
9
1
18
6
2
2
5
1
10
2
25
1
12
2
14
1
10
1
6
1
8
2
9
2
1
2
55
1
1
3
30
25
4
3
47
8
8
3
18
9
3
3
32
11
9
1
60
2
1
3
23
1
3
1
17
11
7
3
17
1
3
2
23
1
1
2
43
3
9
1
38
2
8
2
54
1
6
3
8
16
7
1
32
4
8
2
18
2
3
3
38
7
5
1
47
3
8
2
6
1
11
1
63
2
7
2
33
3
3
3
67
22
4
2
37
1
1
2
47
4
12
2
30
5
10
1
37
2
8
1
30
3
8
3
5
2
12
3
39
5
12
3
7
2
3
3
49
1
1
1
60
1
5
1
36
3
10
1
15
5
9
2
28
3
5
2
32
1
6
3
33
24
4
1
6
2
3
1
14
20
8
2
71
2
3
1
29
1
12
3
27
17
12
1
28
3
5
2
2
2
9
2
52
6
8
3
63
5
5
3
22
5
12
1
3
5
7
1
8
6
12
2
6
3
8
3
35
4
7
3
26
10
10
3
66
7
4
1
4
4
2
1
16
2
9
2
18
1
4
3
22
2
10
3
37
1
9
3
37
2
7
2
35
3
2
2
17
3
3
3
40
3
12
3
54
2
3
1
55
1
1
2
34
2
10
2
3
2
1
3
16
2
3
1
25
1
3
2
16
3
5
1
33
3
10
2
26
1
12
2
42
1
7
1
40
2
12
1
33
2
3
1
54
1
11
2
44
4
10
1
34
1
10
2
47
2
10
1
31
14
5
3
28
11
6
1
30
13
4
2
12
3
3
3
9
30
2
1
10
1
8
2
52
2
8
1
49
2
10
3
54
1
7
2
53
1
12
3
27
8
2
3
53
5
4
3
15
7
6
3
71
5
4
2
27
1
12
2
45
3
9
1
10
2
9
2
41
3
9
2
35
1
1
1
45
2
5
2
54
2
4
2
67
2
6
3
38
5
9
3
41
3
12
1
37
1
4
2
61
1
11
2
7
1
4
3
12
5
11
2
1
2
8
3
1
4
4
3
31
11
5
1
41
2
3
3
10
5
3
1
2
3
10
3
28
2
4
2
8
2
1
2
11
2
11
2
25
2
10
3
26
9
8
3
55
16
2
2
32
3
9
1
35
1
10
1
8
3
12
1
27
1
3
2
2
1
9
1
66
3
7
1
22
1
12
3
5
3
5
2
40
4
4
1
35
3
9
2
71
1
6
3
9
27
1
1
32
7
11
1
65
1
11
1
63
1
8
2
22
1
12
3
2
6
5
1
29
2
5
3
67
12
9
