2
54
2
3
2
33
2
9
1
32
3
12
1
29
2
1
3
8
4
4
2
40
2
11
3
52
5
6
2
41
3
11
1
12
16
9
2
49
1
8
2
8
3
5
1
8
9
5
1
16
1
2
1
42
1
9
2
34
2
9
2
44
1
9
3
29
8
11
3
2
12
11
1
40
3
10
1
5
1
2
3
36
7
10
2
42
4
8
3
34
3
2
2
12
2
10
3
23
19
5
3
31
17
3
3
22
5
8
2
54
1
4
3
32
10
9
1
65
1
8
3
35
5
7
3
54
2
4
3
42
4
1
1
42
2
8
3
5
3
7
3
40
5
9
2
25
3
7
1
66
1
3
3
30
1
10
2
37
4
3
1
44
4
5
3
14
7
4
1
68
3
4
2
16
1
5
3
60
12
9
1
27
3
3
2
29
3
11
3
41
2
8
3
34
11
3
2
66
3
9
2
53
3
4
2
18
4
9
1
38
2
11
1
6
2
4
2
16
2
7
2
9
2
7
3
25
6
8
2
45
3
7
3
68
1
8
2
23
1
10
1
3
3
8
3
23
16
10
2
35
1
2
2
61
3
10
3
4
17
5
3
22
2
8
3
33
11
5
3
68
11
7
1
61
1
1
3
7
1
4
2
65
1
4
3
55
11
3
3
53
4
5
3
42
1
10
2
60
3
5
3
71
2
3
1
6
1
10
2
14
2
2
1
67
1
6
3
33
9
4
2
7
1
6
3
17
3
3
2
47
2
7
1
53
2
12
2
63
1
7
2
52
1
4
3
32
9
5
3
13
4
7
3
17
6
9
3
1
7
12
1
61
3
7
1
4
2
1
3
39
6
3
3
38
5
7
2
47
3
3
2
29
2
3
2
12
3
4
2
22
2
12
3
65
9
2
3
36
2
12
3
8
13
10
2
1
2
9
1
71
2
11
2
3
1
8
1
55
2
4
1
28
1
5
1
37
2
11
3
35
3
8
3
7
4
7
2
25
2
1
1
63
1
3
1
26
3
1
1
29
3
2
1
33
8
8
3
49
5
7
2
17
2
4
2
67
2
2
3
9
8
12
2
1
3
12
3
49
6
1
2
6
1
6
1
5
2
11
3
41
3
4
3
18
5
8
2
8
1
12
2
61
2
5
2
22
1
11
2
32
3
2
1
60
1
9
2
27
2
4
3
18
2
12
1
28
2
9
2
30
5
1
1
41
2
5
1
60
2
8
2
35
2
12
3
43
4
6
1
4
8
2
3
55
12
11
1
68
1
8
2
5
3
7
2
39
3
1
1
45
2
10
1
31
8
3
1
33
7
12
2
28
2
5
2
34
3
8
1
55
1
9
1
7
1
3
2
49
2
10
3
40
1
12
3
71
4
12
1
54
3
1
3
6
5
6
2
6
2
11
1
10
4
10
3
53
7
11
1
39
1
1
3
47
3
11
3
11
22
4
2
7
2
3
3
66
7
4
2
9
1
4
2
36
5
12
2
28
1
2
1
52
3
6
3
47
5
11
1
27
2
5
2
15
1
9
3
15
12
11
1
41
3
2
1
65
2
9
3
45
4
6
2
13
3
9
2
4
3
4
3
29
13
5
1
11
9
9
3
31
16
5
1
1
1
11
2
43
5
3
1
16
2
12
2
18
3
1
1
36
3
3
1
35
2
7
2
10
1
12
1
67
2
5
1
17
3
6
3
52
4
3
3
9
32
3
3
16
4
1
2
2
3
11
2
67
1
12
3
25
2
1
3
45
7
2
2
68
1
9
1
71
1
7
1
26
1
1
3
2
2
7
2
11
1
7
3
14
13
9
3
30
5
5
3
37
6
6
1
39
3
12
1
9
8
2
1
14
8
3
1
43
3
6
2
33
3
9
3
27
12
8
3
66
1
9
2
4
2
1
2
11
3
12
2
3
2
4
2
71
3
10
2
13
2
6
2
43
2
11
3
43
1
9
3
10
19
7
3
12
4
7
1
1
2
11
1
49
1
12
1
43
2
1
3
54
1
12
3
3
10
11
2
45
2
3
2
40
4
4
2
38
5
3
2
53
2
9
1
66
2
1
3
15
14
7
3
67
17
6
3
26
9
10
2
31
4
8
3
27
5
3
3
67
32
8
1
17
6
6
3
1
2
11
1
18
3
3
2
2
1
7
1
32
2
12
2
31
3
4
3
16
5
8
1
34
5
12
1
7
11
8
2
60
1
12
1
45
1
9
2
23
3
8
2
44
5
10
1
8
14
1
3
12
7
11
3
6
6
1
1
63
2
10
1
53
1
10
3
65
8
12
1
25
2
4
2
5
2
10
1
13
9
2
2
15
3
4
2
14
1
11
3
37
5
7
1
38
1
5
2
27
1
12
1
23
3
5
2
38
1
5
1
12
15
7
3
3
1
11
1
13
7
3
3
5
5
10
1
30
12
7
1
54
2
3
1
2
4
11
1
40
2
5
3
28
5
8
1
2
1
12
1
11
8
6
1
3
9
5
2
10
2
2
2
32
2
1
2
66
1
6
3
44
7
11
1
14
22
3
1
30
5
10
1
15
4
9
1
47
3
4
3
63
1
4
2
39
2
8
2
65
4
5
2
26
2
9
1
22
1
7
2
71
2
5
1
10
7
8
1
22
3
12
2
55
3
10
3
28
16
11
3
4
16
1
2
37
3
10
3
60
26
1
3
61
5
4
2
26
4
3
1
37
1
6
3
61
3
4
1
47
1
12
3
26
5
5
1
49
2
12
1
23
2
10
3
13
1
6
2
63
3
11
1
15
2
8
3
44
3
3
2
17
1
3
2
41
4
12
1
25
3
2
1
35
3
11
2
42
2
5
1
18
11
10
2
30
3
7
1
36
1
9
3
39
9
2
3
63
9
4
3
10
23
2
1
9
11
7
1
34
3
6
3
38
10
10
1
31
4
1
2
52
2
6
1
52
2
12
2
55
2
5
2
68
2
7
1
44
1
7
3
11
7
11
2
36
2
1
