3
65
11
9
1
43
1
12
1
37
2
7
2
43
2
12
1
26
3
5
3
12
4
6
1
40
2
1
1
31
7
8
1
36
3
12
1
23
1
4
2
42
2
6
1
18
6
8
2
30
2
6
2
61
2
6
2
5
1
1
3
44
5
4
2
41
3
9
1
23
3
8
2
23
3
6
2
32
4
6
1
60
2
6
3
5
2
8
2
3
3
6
3
17
2
12
3
1
3
4
1
28
3
3
1
6
2
12
1
44
2
4
2
27
2
11
1
4
7
2
1
61
3
6
3
36
5
10
3
9
25
5
2
15
2
9
1
16
2
7
1
41
2
3
2
53
3
3
3
23
18
2
2
68
3
5
3
67
17
2
1
45
2
9
2
71
1
8
3
28
2
9
3
4
20
2
2
65
4
11
3
27
7
9
2
38
4
9
3
49
8
12
3
47
5
11
3
61
2
5
1
63
2
11
2
2
1
4
2
67
2
5
2
29
2
3
3
38
3
3
2
28
1
6
2
14
2
11
3
15
17
11
2
9
2
6
1
53
1
1
2
60
3
11
1
55
2
9
3
30
20
6
3
15
2
7
1
49
2
10
3
63
7
1
3
4
5
2
1
33
4
7
3
10
26
9
1
52
2
1
3
11
13
9
2
25
1
6
3
11
16
12
1
14
16
2
2
34
2
2
3
67
30
10
3
42
3
8
3
8
16
12
1
29
1
3
3
16
7
10
3
53
3
3
1
5
2
7
3
42
2
10
1
11
11
1
1
44
4
2
1
12
11
6
1
42
1
12
3
32
12
6
2
3
1
2
2
2
2
1
1
22
3
3
2
33
1
1
2
17
3
11
1
8
10
9
2
52
2
11
1
39
2
5
1
14
4
12
2
16
3
5
3
3
5
4
3
52
15
11
3
55
6
5
3
71
3
3
2
55
3
6
2
18
2
5
3
7
4
3
3
18
14
11
1
7
11
10
2
9
1
10
2
43
4
1
1
6
1
8
3
12
6
1
2
18
1
10
1
32
5
2
2
6
3
11
1
49
1
1
2
28
2
2
3
13
5
12
3
68
11
12
1
68
2
4
3
45
4
4
1
42
2
11
3
8
14
5
1
29
3
8
1
43
2
6
2
12
1
12
2
68
4
4
3
6
6
10
2
16
1
3
1
52
1
10
2
40
1
8
3
41
3
6
1
13
9
11
2
49
1
7
1
37
1
12
1
1
1
11
3
7
1
6
3
14
16
12
2
34
1
12
2
35
1
9
1
10
1
9
2
60
4
4
1
61
1
10
3
18
8
8
1
25
2
4
3
38
5
8
1
68
3
8
3
28
1
6
1
47
3
12
3
35
1
3
1
38
3
6
1
32
4
7
1
30
14
8
2
10
3
3
1
40
3
6
3
36
15
9
3
22
9
9
2
40
3
2
1
16
6
6
1
36
1
10
3
40
5
8
1
30
12
3
2
71
3
5
1
9
11
11
3
25
7
10
1
66
2
6
3
66
5
3
1
34
5
12
1
45
1
1
3
40
1
9
1
67
1
4
3
25
5
7
1
17
1
1
3
63
6
9
1
13
2
7
3
35
6
9
3
37
3
7
1
10
6
3
3
60
21
10
1
47
1
11
1
71
2
11
2
11
3
8
2
35
3
2
3
37
6
7
1
11
6
9
1
17
4
8
2
7
2
12
2
7
3
8
2
33
2
8
3
6
3
11
1
22
2
4
3
2
12
10
1
25
1
4
3
43
6
4
2
54
2
2
1
63
1
11
3
60
2
4
1
28
1
12
1
27
2
9
2
22
1
11
2
65
3
6
2
11
1
4
3
13
7
10
1
35
2
8
2
13
3
12
3
32
4
1
2
4
1
4
3
53
8
7
1
18
13
3
1
3
9
9
2
25
3
9
3
47
3
2
2
38
3
12
3
31
29
5
2
37
2
10
3
22
7
9
3
65
12
4
2
47
2
9
1
1
3
2
1
2
4
3
3
14
25
9
2
1
3
1
2
31
2
5
2
37
3
9
2
32
2
1
2
5
3
5
2
6
1
12
3
44
10
2
3
26
2
6
3
55
17
4
1
67
3
1
1
12
2
11
2
61
1
3
2
26
1
5
2
29
3
5
3
45
2
12
2
13
1
5
2
55
1
8
1
38
2
7
1
3
7
10
2
44
5
12
3
54
2
4
2
12
3
11
1
39
3
11
1
65
2
7
1
60
1
10
3
39
1
2
3
30
25
10
1
34
9
11
2
44
2
10
1
35
4
9
3
49
2
3
3
29
14
12
1
53
2
11
2
36
4
10
3
3
7
9
3
66
4
4
3
71
4
7
1
15
3
9
1
4
3
5
2
15
3
3
3
29
18
7
2
8
1
4
2
1
1
2
2
45
3
6
3
54
1
9
2
45
1
10
2
22
2
1
1
54
1
4
2
54
1
10
3
68
9
11
2
39
1
5
3
10
4
3
3
2
9
10
1
66
1
4
1
65
1
4
3
52
18
3
3
26
1
2
3
34
11
2
2
8
3
10
3
23
7
2
1
5
1
8
2
23
1
6
3
33
17
8
1
41
1
3
2
30
5
5
1
2
2
4
2
66
1
10
3
31
25
3
2
66
3
4
2
47
3
7
1
55
1
10
3
5
3
2
1
9
2
6
1
26
2
8
3
27
2
1
2
4
3
10
2
67
1
1
2
36
3
10
2
14
3
1
3
43
1
10
2
39
3
3
1
7
9
10
1
54
3
5
1
15
2
6
1
71
3
2
2
52
4
11
2
42
4
6
2
63
2
4
3
39
4
4
1
8
17
10
3
34
6
2
2
49
4
9
3
41
4
3
3
33
10
2
2
26
3
8
2
17
2
10
3
16
4
12
2
27
3
12
3
17
9
9
2
10
1
10
1
33
5
4
1
31
6
12
2
53
2
10
3
9
9
9
3
1
7
2
2
31
1
1
1
27
3
6
2
41
1
6
2
63
3
7
3
61
9
4
