1
28
3
1
1
8
9
2
2
14
3
1
3
71
4
10
1
30
20
9
3
34
9
4
3
4
26
3
3
3
9
7
3
36
9
6
2
52
2
11
1
39
4
12
2
40
3
7
3
54
2
8
2
25
3
5
3
11
12
5
3
54
1
10
1
61
1
8
3
39
10
7
2
39
3
1
2
49
3
10
2
26
3
9
3
42
2
11
2
10
3
7
1
16
3
9
1
23
3
9
2
71
1
4
3
30
6
3
1
34
9
3
3
67
30
9
3
67
12
7
1
27
1
10
3
42
1
6
2
9
2
5
3
31
7
2
2
35
2
1
1
28
2
10
3
8
1
1
3
12
6
11
3
38
3
11
3
55
12
8
1
14
10
7
2
8
3
7
2
42
4
12
3
61
6
4
3
23
2
7
1
14
4
6
3
25
1
5
2
41
1
12
1
71
3
6
1
67
1
8
2
34
2
9
3
23
12
4
3
15
17
3
3
52
18
6
1
40
1
5
3
10
17
12
1
2
1
7
2
7
2
4
3
49
2
8
3
33
19
3
2
31
4
7
1
65
1
3
2
5
1
3
3
47
10
4
2
27
2
3
2
15
1
3
3
35
8
11
3
26
6
5
1
1
2
10
1
54
2
8
3
16
8
2
3
9
7
6
2
33
3
11
1
1
3
10
1
5
1
8
2
45
1
1
2
36
2
10
1
7
5
5
1
44
3
6
1
38
3
11
3
7
2
12
2
17
3
2
3
5
5
9
2
6
2
9
2
63
2
6
3
52
14
10
2
45
3
2
2
14
1
1
2
44
3
2
2
29
3
1
1
26
2
3
3
27
7
8
2
12
3
5
3
2
11
6
3
71
2
3
2
4
1
3
1
52
3
8
2
60
1
6
1
7
4
1
1
68
2
1
3
1
3
7
1
15
4
11
1
29
2
1
2
54
2
4
1
15
2
1
1
12
3
7
2
3
1
6
2
26
1
10
2
35
1
4
1
43
2
5
1
6
2
3
2
44
4
2
3
43
1
12
3
40
2
5
2
34
3
12
2
12
1
2
3
68
6
6
2
13
2
3
2
2
1
5
3
41
2
6
3
32
5
10
1
6
1
12
3
6
4
1
1
4
4
3
3
18
10
7
2
66
1
8
1
42
2
5
1
32
5
10
1
11
8
4
3
60
13
2
2
17
2
1
2
49
1
11
3
22
6
6
1
35
1
2
3
6
3
8
3
1
1
2
3
39
1
3
1
10
4
1
1
3
2
10
1
12
14
7
2
32
1
5
1
18
3
3
3
27
5
2
3
37
11
3
1
66
2
4
2
29
1
8
3
7
5
7
1
61
3
10
3
29
6
12
2
53
3
4
3
45
6
4
1
47
3
5
2
52
6
4
1
45
1
1
2
67
2
7
1
29
3
2
1
25
1
7
3
5
2
8
3
26
8
12
3
29
18
11
1
23
1
6
2
18
2
5
1
3
7
10
3
8
20
3
3
14
9
8
3
53
6
1
2
9
3
2
1
36
2
4
2
33
2
5
1
67
2
1
2
23
3
3
3
32
8
10
1
33
4
8
1
63
1
5
1
41
1
3
1
41
3
7
2
54
1
4
3
63
6
2
3
17
14
11
2
15
2
3
3
13
8
2
2
60
3
4
2
38
3
4
2
2
2
8
2
66
2
6
1
60
2
1
2
65
2
4
3
63
9
2
1
65
2
4
1
32
2
4
3
61
7
4
2
11
3
2
1
4
1
6
1
40
3
8
3
53
2
9
3
18
8
4
2
23
1
7
3
33
13
1
2
37
2
6
3
31
10
4
3
12
5
12
1
22
3
9
3
28
2
6
3
65
3
4
3
13
5
12
1
53
2
2
2
55
3
8
3
44
10
7
2
25
1
9
2
61
1
4
1
26
3
5
1
45
2
2
2
13
1
10
2
36
3
7
3
25
8
4
2
28
1
10
1
17
13
8
1
31
1
12
2
39
4
9
1
22
1
7
2
31
1
5
2
55
2
6
1
71
2
1
1
49
1
11
2
16
1
3
1
53
1
6
2
1
2
12
1
9
9
9
1
63
2
7
2
18
4
7
3
40
1
3
1
42
1
8
3
28
10
12
1
18
9
1
1
60
1
12
3
38
4
10
1
35
4
1
2
65
1
1
3
66
9
10
1
34
7
11
3
9
32
12
3
66
3
1
1
33
6
11
1
44
4
8
2
8
2
3
3
2
7
3
2
7
1
1
1
37
2
9
3
16
3
2
3
4
24
12
3
44
5
8
3
17
17
5
1
11
5
8
1
43
3
8
2
41
5
9
1
54
1
11
2
61
2
6
3
55
8
3
1
8
8
5
1
37
1
8
3
37
1
8
2
22
2
5
2
47
1
10
1
52
1
3
2
37
1
7
2
28
3
1
2
40
2
11
3
49
8
7
2
3
2
1
3
45
5
4
3
30
11
10
1
55
1
6
1
13
4
11
1
10
3
1
1
5
2
12
3
35
2
2
2
43
1
2
3
65
13
10
1
2
5
9
1
25
3
6
1
17
8
9
2
6
1
4
2
68
4
11
3
60
25
1
2
42
2
2
1
9
5
10
1
47
1
5
3
43
2
12
2
67
1
1
3
3
8
8
1
38
2
12
3
41
1
10
1
49
2
6
2
5
3
3
2
38
5
3
1
39
1
5
3
22
5
1
3
14
17
11
2
4
3
9
2
1
1
2
2
22
3
8
2
27
1
3
2
11
1
11
2
16
3
5
2
68
1
10
1
27
2
5
2
47
3
9
3
10
3
8
2
43
4
12
2
63
3
11
3
47
7
7
1
30
21
11
3
15
11
2
3
34
4
9
3
11
5
6
1
16
2
12
2
71
2
4
1
31
17
6
1
66
3
12
2
30
2
4
3
36
1
7
2
30
1
4
3
68
10
11
1
36
1
10
2
53
2
9
1
55
2
12
2
10
1
9
2
32
2
12
1
68
3
5
1
13
2
1
