3
26
10
1
2
38
3
9
1
25
3
2
2
12
1
8
2
26
4
4
2
63
2
2
1
36
2
1
2
2
3
8
2
14
2
10
3
63
11
12
3
22
4
10
2
25
1
12
1
38
3
1
3
32
3
1
1
13
9
4
3
29
17
7
1
23
1
8
2
55
2
4
1
26
2
3
2
9
3
5
1
40
1
10
2
13
3
3
1
54
2
2
1
14
16
11
1
31
11
9
3
54
1
11
3
28
1
12
1
23
3
1
1
53
2
1
3
7
2
7
1
17
9
8
3
13
5
11
1
54
3
4
1
5
2
10
1
4
3
5
3
35
3
9
2
54
1
9
1
26
1
3
1
55
2
6
3
41
2
12
3
44
6
4
3
42
3
8
1
5
1
6
3
12
3
1
1
49
1
1
2
68
4
5
3
6
4
2
2
41
3
5
1
31
1
11
2
27
2
4
2
66
1
5
1
12
13
11
3
40
5
5
1
65
2
10
1
11
2
1
2
9
2
7
1
29
2
12
2
10
2
4
1
32
3
7
1
6
1
10
1
9
4
5
2
32
1
5
2
45
3
2
1
35
1
3
3
61
4
12
2
33
3
1
1
67
3
4
3
55
7
7
2
5
1
1
3
68
7
3
1
45
2
4
2
16
2
9
2
53
1
12
2
47
3
12
1
33
1
6
2
44
5
1
1
8
12
10
3
36
12
4
1
66
3
9
1
44
1
3
1
71
2
6
2
17
3
3
2
49
4
12
3
49
1
7
3
55
15
6
2
8
1
7
2
63
3
8
2
34
3
10
1
71
3
2
3
40
6
10
2
1
1
3
1
1
1
11
1
18
1
4
1
37
1
2
1
43
1
10
3
4
1
11
1
52
2
5
2
42
2
5
1
28
1
2
3
45
3
10
1
38
1
7
3
42
2
6
3
45
5
8
3
15
12
1
2
4
3
4
2
36
3
11
2
29
1
1
1
11
12
3
3
10
26
9
1
3
4
1
1
22
1
6
1
67
2
11
2
67
2
8
1
47
3
7
1
60
2
10
2
65
3
1
1
28
2
5
2
15
3
6
3
7
5
9
3
32
9
4
1
42
1
6
3
65
15
2
3
17
14
11
2
26
3
1
3
30
2
10
3
3
1
3
1
44
4
2
1
42
2
7
2
12
2
7
2
30
2
7
2
14
3
9
1
10
2
4
3
5
3
6
1
15
3
12
1
27
1
11
2
38
5
1
2
52
4
1
3
6
1
7
3
44
1
10
3
9
4
5
1
1
3
10
3
53
3
9
1
68
3
9
2
44
1
10
1
39
2
10
1
33
8
11
3
47
4
1
3
31
30
7
3
25
4
8
3
52
11
4
1
52
3
1
2
35
3
10
2
34
1
7
2
68
3
10
3
37
11
4
1
41
1
6
2
61
1
4
3
38
11
6
1
68
2
11
1
2
5
6
3
22
6
9
3
11
9
2
1
30
16
11
1
16
2
12
3
10
8
2
2
39
2
7
3
5
1
10
3
33
18
4
1
14
11
6
1
13
1
8
2
55
3
5
1
7
9
11
3
47
7
4
2
37
3
3
1
10
4
9
2
43
1
2
3
26
2
7
3
8
1
8
2
43
3
5
3
38
5
8
3
11
15
12
3
2
11
4
3
66
9
1
3
34
7
7
2
22
2
5
2
40
4
4
1
40
2
12
3
29
18
1
3
16
8
11
1
35
4
9
3
60
6
6
3
67
5
5
2
2
2
4
3
41
3
12
2
7
1
12
3
34
9
5
2
11
1
10
1
17
11
9
3
14
18
11
1
60
1
10
2
67
1
6
2
28
1
5
3
33
4
6
1
36
3
7
3
52
15
9
3
1
2
12
3
35
1
12
2
37
1
11
1
61
3
11
2
6
3
1
1
37
2
9
3
71
4
11
2
28
3
1
2
1
2
7
1
43
2
1
3
61
1
9
2
33
2
6
2
18
2
12
2
8
2
11
1
3
5
9
2
5
2
3
3
25
3
1
3
2
7
4
1
47
1
2
1
2
7
12
3
63
1
5
3
67
11
5
1
63
2
8
2
31
3
9
1
41
3
9
3
43
4
7
3
23
12
4
3
9
19
1
2
45
2
5
1
53
1
7
2
71
3
10
2
16
1
6
1
6
2
3
1
34
8
8
3
28
7
3
1
61
2
5
2
53
2
11
3
60
31
2
1
25
1
10
2
60
1
12
2
49
2
8
3
27
16
4
1
49
2
5
2
42
1
7
3
8
5
12
3
39
4
7
3
18
10
1
1
55
1
7
3
12
1
8
3
54
2
12
1
27
3
4
2
40
3
6
3
39
3
12
2
52
5
12
3
27
11
3
2
54
2
3
1
63
1
9
1
34
5
2
2
60
4
1
2
23
1
11
3
17
9
12
1
30
1
7
3
37
7
2
2
13
1
11
2
4
1
10
1
16
5
8
3
43
1
3
2
29
2
5
2
11
3
7
1
45
1
11
2
27
3
12
3
3
2
10
2
17
2
11
2
71
1
8
1
32
7
6
2
18
1
6
3
36
7
10
1
9
8
2
3
18
20
1
1
29
3
5
3
15
8
12
3
49
6
3
2
23
3
1
3
16
6
6
3
53
4
11
3
23
9
11
2
3
3
2
3
31
23
8
1
4
8
5
3
13
8
2
2
30
1
10
3
66
7
9
2
39
3
6
3
71
3
7
2
6
2
8
2
35
1
12
2
36
2
11
2
65
1
2
2
32
4
4
3
65
12
8
2
3
1
7
2
25
2
1
2
22
1
4
1
8
11
2
2
10
1
12
2
47
1
10
1
18
10
11
1
66
1
3
2
7
3
2
3
68
6
9
1
15
4
6
2
15
1
7
1
12
2
9
1
65
1
9
3
4
2
11
1
22
2
4
2
41
5
8
3
14
21
1
2
61
2
9
3
1
7
8
1
7
7
10
3
30
24
2
2
66
3
2
1
39
1
9
2
31
5
6
