1
17
9
8
1
68
1
9
1
8
12
5
3
44
6
6
2
2
3
8
2
53
3
5
3
15
6
6
3
18
17
8
3
14
9
6
2
15
2
6
1
40
1
3
3
6
3
4
3
4
7
9
3
61
3
2
1
2
2
3
3
42
2
3
1
66
2
2
1
71
3
5
1
37
2
10
2
5
2
10
2
42
2
8
3
34
6
1
3
3
6
5
2
63
3
6
3
32
9
8
1
66
3
3
2
40
3
8
1
29
3
11
3
7
2
5
1
3
8
8
3
2
3
3
3
38
1
5
1
52
3
12
3
40
6
8
2
31
3
12
2
44
3
1
3
13
7
11
1
7
3
10
3
39
1
6
2
68
3
9
3
54
1
12
3
35
8
3
2
22
2
9
2
13
2
6
2
14
3
2
2
29
2
12
3
10
17
5
3
71
3
6
1
40
3
2
1
15
4
5
2
31
4
9
3
12
6
6
2
43
4
6
3
63
7
3
3
53
7
8
3
32
4
11
3
31
10
8
1
25
1
6
1
31
18
5
1
41
3
7
2
37
3
6
2
61
2
4
3
5
2
7
2
43
5
1
1
30
1
5
1
13
3
8
1
22
3
8
2
9
2
2
2
65
3
8
1
36
2
1
1
9
7
10
1
42
1
5
1
25
3
6
1
15
5
8
1
49
1
3
2
60
4
2
1
28
1
7
2
8
1
5
1
45
2
5
2
38
5
2
2
49
4
10
3
67
33
1
2
61
3
6
3
54
2
2
2
42
4
6
2
36
5
6
1
17
13
9
2
25
2
12
1
10
2
8
1
4
2
2
2
6
1
6
1
55
1
5
1
23
2
1
2
67
1
5
3
35
7
10
1
16
2
11
1
39
2
5
2
4
3
2
3
9
30
5
2
52
6
12
3
65
5
4
2
25
3
7
2
63
2
5
2
60
2
4
2
9
1
3
2
45
2
6
3
39
9
1
2
16
1
5
3
23
7
7
2
27
2
7
3
11
1
7
3
47
3
6
2
34
3
12
3
27
1
2
3
66
8
7
2
35
3
6
2
71
3
8
1
43
1
8
1
36
3
6
3
37
2
2
3
29
10
8
3
53
6
2
1
39
1
11
3
18
16
4
2
36
2
3
2
39
1
10
1
11
8
7
2
7
3
12
1
22
2
8
1
18
3
7
1
26
1
10
2
26
3
9
3
63
12
10
3
37
10
12
2
65
4
10
3
15
11
4
3
7
4
8
3
13
4
11
2
3
1
12
3
1
8
2
1
29
1
3
3
30
13
5
2
44
1
5
3
41
4
7
2
10
2
10
1
23
1
6
3
4
1
10
3
8
9
1
1
30
13
11
2
45
3
10
2
66
1
7
3
3
5
6
2
55
1
12
1
71
2
12
1
11
11
9
1
61
3
2
3
44
4
11
3
66
4
1
2
67
2
9
1
49
2
2
3
28
6
4
1
1
1
3
1
6
2
9
2
32
2
9
2
3
2
4
2
2
1
5
1
38
1
3
2
16
2
9
3
43
7
6
1
12
1
12
3
14
21
5
1
53
1
10
2
28
1
1
3
68
13
12
2
22
1
12
1
55
2
10
1
44
2
9
1
13
2
10
2
41
4
3
1
1
2
7
2
53
2
7
1
41
2
12
2
18
4
5
3
65
19
9
3
42
1
9
3
28
7
3
2
5
3
10
1
32
1
10
2
30
4
7
3
45
1
7
1
35
2
3
2
29
3
9
1
60
2
9
2
47
4
7
3
36
7
3
3
27
8
12
3
29
1
4
3
67
13
7
2
32
4
9
1
10
7
4
2
17
3
11
3
60
31
2
1
34
9
10
2
35
2
4
3
68
2
2
1
63
1
1
1
18
6
2
2
1
3
7
1
34
10
8
3
47
6
5
3
12
3
3
3
38
6
10
2
10
1
5
1
14
16
2
2
12
3
3
2
15
3
9
2
6
3
9
3
55
5
2
1
6
1
1
1
47
3
5
3
33
21
9
1
33
4
1
1
14
15
8
1
16
1
1
2
1
2
12
1
7
4
1
1
5
1
3
3
52
18
8
1
42
2
7
3
10
7
7
2
54
2
1
3
2
11
6
2
28
3
11
1
52
1
2
2
40
1
5
3
55
3
11
1
8
15
12
1
67
3
8
3
25
1
4
3
11
16
11
1
12
14
5
3
16
8
12
1
61
1
3
2
14
1
1
2
34
2
11
2
33
2
7
1
2
5
3
2
37
2
4
3
5
4
2
2
8
2
12
3
45
4
4
3
43
6
5
2
41
3
6
3
36
14
11
1
3
9
7
1
63
2
12
3
25
9
10
3
71
2
10
3
34
2
12
2
11
3
10
1
54
3
9
3
26
7
11
3
6
5
5
1
27
1
5
2
23
1
10
1
33
7
2
3
52
13
10
3
9
14
12
3
40
1
7
2
30
1
10
2
66
3
1
1
28
3
5
1
27
2
5
1
67
2
3
3
30
2
2
1
65
1
9
2
47
2
11
2
54
1
6
2
38
2
2
3
60
29
11
2
17
2
2
2
7
1
9
1
60
1
8
2
18
2
12
2
26
2
2
1
4
7
5
3
61
1
11
3
26
8
10
1
65
2
6
3
31
15
3
3
23
3
9
1
37
1
2
2
55
2
2
1
43
3
2
3
22
11
4
3
49
3
2
3
17
4
3
1
35
3
12
1
32
7
2
2
11
2
6
2
12
1
9
2
68
1
2
1
54
2
9
1
45
1
11
1
31
11
12
3
8
10
12
1
38
3
12
1
47
2
2
2
52
7
1
1
68
3
9
2
4
2
7
3
22
8
12
2
23
2
10
3
49
2
11
3
1
9
1
3
41
2
9
2
33
1
7
2
49
2
1
3
16
2
1
2
71
1
2
3
17
8
5
1
26
3
10
2
27
3
8
2
13
1
9
1
5
2
6
1
53
2
1
2
39
2
2
1
9
8
11
1
44
1
1
3
33
17
4
