2
60
4
10
3
35
1
1
1
27
2
7
3
54
2
2
1
8
12
8
2
54
2
7
3
14
20
4
1
22
2
2
2
43
1
12
3
5
4
2
3
39
1
7
2
38
2
7
3
65
6
4
2
28
3
6
2
45
4
11
1
44
4
4
3
18
18
10
1
30
1
3
1
67
2
7
3
13
9
12
3
32
6
7
3
27
9
4
1
66
1
8
2
26
4
10
1
63
2
9
1
38
2
1
2
9
2
4
1
65
1
7
1
6
2
11
3
27
4
5
1
10
5
10
2
28
1
8
1
29
3
11
3
25
5
3
3
66
6
9
1
53
2
7
1
7
5
11
3
68
16
7
1
9
10
12
3
68
2
12
3
42
2
9
1
34
7
7
3
66
1
2
1
54
2
5
1
18
4
9
3
22
1
10
1
49
2
7
2
27
3
7
2
43
4
11
3
36
3
7
1
3
1
4
1
4
1
2
3
63
13
10
1
7
7
10
1
12
4
10
3
47
9
9
1
35
2
6
3
61
3
10
3
31
18
1
1
39
1
5
2
14
2
1
1
23
2
8
2
29
3
9
2
71
1
4
3
41
4
11
1
44
2
5
1
15
2
8
1
41
3
12
3
63
6
2
3
38
8
9
1
12
17
5
2
6
2
5
1
17
1
6
1
63
1
9
3
60
19
3
1
14
14
6
2
10
3
1
2
32
4
12
3
1
2
6
3
53
5
6
3
45
5
1
1
29
1
9
3
52
17
5
2
35
1
8
1
11
8
9
2
35
2
5
1
3
4
4
1
14
20
10
2
53
2
6
3
32
11
7
1
67
1
6
2
55
2
1
1
26
2
2
2
3
3
3
1
32
5
3
1
16
3
2
2
13
3
12
2
45
1
5
1
13
5
5
2
22
1
2
1
45
1
12
2
22
2
2
1
32
6
2
1
60
2
8
2
66
2
9
2
31
5
1
2
11
2
12
3
42
1
2
3
3
4
3
3
4
25
8
2
29
1
7
2
2
3
4
2
16
1
5
2
42
2
2
1
17
14
9
2
12
1
9
2
14
1
5
1
16
7
11
3
37
11
7
2
65
1
1
3
9
26
6
3
8
12
6
1
47
1
4
3
5
2
7
3
41
3
5
1
18
9
8
1
68
1
2
1
6
1
5
3
11
6
9
3
16
7
2
1
47
2
7
2
16
3
8
1
31
7
10
2
8
1
10
2
11
3
3
1
13
8
11
1
35
4
3
1
42
1
4
2
53
1
11
1
41
2
1
2
61
1
6
2
2
2
7
2
27
2
9
3
45
4
6
2
67
2
9
3
25
1
3
2
1
2
12
3
28
2
12
2
68
4
5
2
66
3
11
2
44
4
6
1
71
2
8
2
68
1
9
3
8
18
12
3
4
4
4
1
4
6
8
2
15
2
2
3
49
2
12
3
17
13
6
1
1
2
10
3
23
14
11
3
61
11
10
3
33
11
5
2
36
2
11
3
7
1
3
1
2
6
3
2
40
3
4
1
38
1
9
1
27
3
3
2
36
5
12
3
34
1
2
3
6
6
12
2
18
4
10
2
33
2
5
1
45
2
7
1
8
7
12
1
28
1
2
1
34
5
6
1
10
7
2
1
22
3
2
2
4
1
1
2
17
1
8
3
53
7
10
2
39
1
9
1
5
1
3
3
29
7
3
1
60
1
4
2
61
2
3
3
1
6
8
3
39
10
3
3
10
23
7
2
1
3
5
2
47
2
1
2
65
3
5
2
60
1
9
2
40
2
7
2
18
2
5
2
52
6
10
2
49
1
9
3
36
4
7
2
38
4
1
2
13
2
6
1
36
2
2
3
14
11
3
1
53
1
11
3
3
9
1
3
26
8
8
2
5
3
7
3
30
3
2
2
25
1
10
3
38
12
4
3
47
7
6
3
2
8
9
1
54
1
1
2
9
1
4
2
37
2
2
3
12
5
12
3
43
2
1
2
44
5
2
2
7
2
6
3
54
1
7
2
37
4
1
1
71
3
3
2
54
1
8
3
13
4
7
1
42
2
4
1
28
3
9
1
43
1
12
2
5
1
12
1
43
2
2
1
1
3
4
2
12
3
10
3
71
5
5
1
49
1
12
1
33
1
8
2
8
2
10
3
16
5
11
3
7
2
1
1
5
2
9
3
65
5
5
1
25
1
9
1
30
15
4
3
49
6
2
2
63
3
1
3
26
1
10
2
71
3
4
3
71
1
1
2
30
2
8
3
34
11
7
1
65
2
8
1
39
3
7
2
23
1
2
2
55
3
5
3
29
19
1
1
37
1
1
2
41
3
7
1
36
3
7
2
63
2
11
2
23
3
9
2
41
2
1
1
68
2
7
2
10
2
1
3
37
9
4
1
15
4
11
3
33
8
10
3
18
16
5
3
52
12
4
2
7
3
12
2
26
3
3
2
25
2
1
1
52
1
4
2
3
1
7
2
4
3
5
1
52
3
8
1
11
6
3
1
55
1
9
3
6
1
11
1
9
2
8
1
23
1
7
2
30
5
3
3
30
17
12
1
40
3
5
3
67
25
6
3
11
10
4
3
44
2
4
1
61
1
8
3
40
3
1
2
34
2
5
3
28
1
3
3
43
5
12
3
2
1
5
3
23
6
4
2
34
1
2
1
31
6
10
3
15
12
12
2
31
2
4
2
67
1
3
1
25
2
3
2
42
4
6
3
44
7
11
3
12
6
10
3
15
8
7
3
22
2
7
1
61
2
1
2
33
1
6
3
31
21
9
3
55
11
11
2
6
1
7
1
33
3
9
3
55
12
7
1
55
2
1
2
15
3
1
2
39
4
7
3
35
8
9
2
17
3
10
3
67
24
7
3
60
18
9
2
47
1
4
2
52
4
1
1
26
1
12
3
40
1
11
3
9
31
5
1
66
2
7
3
10
24
5
1
40
2
11
2
49
4
5
3
17
10
11
1
2
1
4
2
32
1
5
1
37
2
9
