3
34
2
9
3
52
2
7
3
54
1
12
3
61
11
5
1
53
2
11
2
1
2
8
1
34
11
1
1
16
7
4
3
18
19
8
1
12
15
5
2
45
4
5
3
15
17
1
3
36
12
10
3
47
8
12
2
14
2
3
2
71
3
7
1
55
1
3
1
5
2
6
2
23
1
3
3
25
3
4
3
29
5
10
3
7
1
7
3
31
1
11
3
6
6
1
2
53
1
4
1
63
1
8
2
33
1
4
2
41
4
1
1
28
1
12
3
32
9
1
1
7
11
8
2
6
1
9
1
27
1
10
1
68
3
1
2
23
2
12
1
31
17
2
2
9
1
3
3
54
2
10
1
32
7
12
1
40
2
12
2
27
3
4
2
28
1
2
3
6
1
1
3
12
1
12
2
52
1
6
3
1
10
6
1
71
3
10
1
8
16
8
3
49
6
12
2
18
3
8
2
61
3
2
1
26
2
8
3
45
3
1
3
39
6
11
2
47
1
1
2
13
2
9
1
5
1
1
3
33
16
6
2
27
2
12
1
60
2
3
1
7
4
3
2
45
3
7
1
66
2
6
2
42
3
11
2
65
4
6
3
11
20
7
3
63
4
5
2
38
5
9
1
15
2
2
1
10
3
5
1
49
2
6
1
30
21
8
3
22
4
10
1
13
7
5
3
28
13
6
1
31
18
11
2
34
1
1
2
43
2
5
3
71
4
6
3
65
12
8
1
35
3
3
3
28
16
4
1
17
13
5
1
52
1
10
2
36
1
8
2
29
1
8
3
17
4
8
3
71
1
11
2
25
3
3
3
35
8
8
2
43
4
3
1
67
2
5
3
52
13
8
3
43
4
6
2
40
2
3
2
68
1
11
1
42
1
12
1
39
2
9
2
35
1
4
1
27
3
1
2
2
1
1
2
17
3
8
2
40
4
10
3
9
20
5
3
11
8
4
2
35
3
1
3
2
4
9
1
61
2
1
1
4
6
1
3
42
2
1
2
16
2
1
1
53
1
1
2
44
4
7
1
1
3
4
3
38
8
9
1
36
1
8
2
8
2
8
1
68
1
2
3
67
9
5
2
11
1
7
2
26
3
1
1
33
1
3
3
14
11
2
3
67
32
4
2
55
3
8
3
49
2
8
2
15
2
6
3
40
6
5
1
55
2
10
2
12
2
2
2
37
4
11
1
52
2
9
1
37
1
10
1
11
4
8
3
15
11
3
2
13
3
12
3
66
5
5
3
55
1
9
3
13
4
5
2
11
2
10
1
29
2
2
2
5
3
11
1
32
4
4
2
29
2
6
2
60
4
11
2
61
1
9
1
25
2
4
1
35
2
9
2
3
3
6
1
16
4
6
1
3
3
9
3
40
3
10
3
34
10
12
1
41
2
6
2
28
2
8
3
2
7
4
2
66
2
7
3
61
1
11
1
71
1
8
1
22
3
8
2
18
4
6
1
2
1
1
3
35
7
3
1
10
4
3
2
31
2
6
1
3
9
7
2
47
3
4
3
43
3
9
2
60
3
10
3
37
1
2
1
47
3
7
1
61
3
5
3
41
1
8
3
3
2
11
3
36
3
7
2
2
3
5
1
67
1
10
1
45
2
8
2
12
3
5
3
4
28
10
1
11
2
3
3
8
9
2
3
53
2
9
1
18
3
2
2
10
1
3
3
10
24
1
1
29
1
6
2
6
2
11
2
53
3
7
1
25
3
4
1
42
2
12
1
18
15
6
2
14
1
10
2
10
3
1
3
47
4
7
1
44
1
1
2
67
2
5
2
30
1
10
1
63
2
4
3
29
12
11
1
4
4
6
1
13
3
12
1
40
1
7
2
42
1
6
1
14
21
1
3
1
8
4
1
28
2
3
2
65
1
8
2
36
3
11
1
15
3
5
3
44
1
5
1
54
2
11
2
17
2
3
1
26
3
11
3
5
3
11
1
23
2
5
1
2
7
8
1
23
3
12
2
22
1
7
3
23
3
10
1
41
1
10
2
9
3
8
1
54
1
6
2
8
1
11
1
1
1
5
1
49
1
10
2
54
1
5
2
25
1
2
1
65
1
10
2
15
1
12
1
30
10
4
2
4
2
12
3
55
11
2
1
14
16
8
3
38
5
7
3
27
10
3
3
32
2
4
2
49
4
3
2
38
1
3
3
23
9
1
2
63
1
4
2
41
5
11
3
17
15
11
3
4
1
1
2
68
2
11
1
9
2
10
3
13
8
12
3
63
6
1
2
30
2
10
2
7
1
2
2
49
2
2
3
7
4
7
3
39
5
4
3
27
1
3
3
26
8
8
2
32
4
4
2
37
1
4
3
16
7
7
3
3
3
8
1
37
2
5
2
52
6
3
1
33
6
6
1
45
1
12
1
8
6
10
1
43
3
7
3
37
12
8
3
16
2
4
2
63
3
11
2
39
4
5
1
66
1
7
3
45
6
3
3
26
1
5
3
25
5
10
2
54
2
4
3
42
4
4
2
67
1
11
3
31
24
4
3
30
28
1
3
53
7
7
1
44
3
12
3
30
19
1
1
39
1
1
2
16
3
9
2
33
3
6
3
33
20
9
2
55
1
11
3
14
20
7
1
9
7
9
3
44
7
2
2
66
1
2
2
31
3
6
2
3
2
9
3
10
25
2
3
12
3
5
2
71
2
1
2
34
2
1
3
60
20
7
1
60
1
6
3
68
2
9
3
18
23
9
1
38
1
3
1
38
3
1
1
36
3
6
1
65
2
3
1
12
9
10
3
68
9
1
3
9
14
8
1
22
2
10
2
7
2
2
1
43
1
6
2
4
3
5
3
65
21
11
2
32
1
3
2
5
2
8
3
60
17
11
1
34
5
9
3
5
2
2
1
47
1
11
3
8
7
2
2
39
2
3
1
6
2
8
2
1
3
2
3
22
11
3
2
26
2
2
3
66
8
8
1
6
1
8
1
17
1
3
2
44
1
9
3
41
3
6
2
22
2
4
