3
34
5
10
2
10
2
2
2
5
3
11
3
66
9
6
2
66
2
3
3
27
6
10
2
44
4
9
2
40
2
4
3
38
1
3
1
7
5
9
3
27
16
6
1
38
3
3
2
31
3
7
3
43
6
7
2
13
1
5
3
28
13
12
1
23
2
2
3
71
1
6
3
54
1
3
3
33
6
8
2
10
3
2
1
47
2
1
2
29
3
5
2
42
1
3
1
68
3
7
3
1
10
4
1
30
18
10
1
32
5
4
2
61
2
5
3
68
16
9
2
53
2
6
1
44
4
3
2
12
2
12
2
38
4
4
2
54
2
5
3
41
1
4
1
31
2
10
1
3
4
7
1
25
1
3
3
34
2
8
3
36
6
4
1
13
3
9
3
35
4
6
1
49
2
4
2
4
1
6
3
67
19
12
1
63
2
10
2
9
1
12
1
67
2
11
3
1
8
5
2
68
4
10
1
27
1
8
3
32
2
10
1
37
1
10
2
26
2
12
1
34
7
7
1
6
2
9
2
29
2
3
1
45
2
6
2
30
4
2
2
8
3
11
1
9
7
7
1
71
3
1
1
44
3
11
1
39
4
6
2
12
3
4
2
36
4
5
1
63
1
3
1
53
2
7
1
71
2
1
3
47
9
6
3
47
4
4
1
7
4
3
3
37
6
10
3
14
18
2
3
53
8
12
3
38
4
12
3
9
12
7
1
67
3
4
1
65
1
11
1
36
1
1
3
61
6
7
1
9
3
11
1
1
1
9
2
37
2
2
3
44
6
11
1
18
6
5
3
42
1
10
3
5
4
2
1
35
2
12
3
42
3
3
3
66
8
3
1
17
9
9
2
8
2
12
3
37
7
10
2
16
3
12
1
10
8
8
1
28
1
5
2
71
3
6
1
26
2
1
1
5
1
3
2
7
3
11
3
28
9
2
1
55
1
8
3
25
1
4
1
28
3
4
3
60
28
5
3
6
2
5
2
6
3
8
1
66
1
11
3
63
12
8
2
3
3
5
2
32
2
10
3
22
3
11
1
12
2
8
3
32
8
11
1
37
2
3
3
52
11
10
1
60
1
11
1
43
1
4
1
33
4
9
1
4
4
5
1
32
3
4
1
8
5
9
3
39
3
6
3
29
3
1
3
39
6
10
3
5
2
6
1
15
5
12
3
45
6
3
3
31
19
6
1
61
1
3
1
42
2
8
3
52
10
11
2
61
3
10
3
12
7
4
2
4
2
9
2
31
2
11
2
38
2
3
3
29
5
3
3
44
9
3
3
49
8
7
1
2
5
8
2
53
1
12
3
23
17
5
1
16
1
12
1
66
3
10
2
71
1
7
3
9
13
9
1
40
3
2
1
33
7
4
2
39
4
6
3
18
2
11
3
6
6
6
1
54
3
5
2
41
3
2
1
39
3
12
2
16
2
1
1
35
1
1
1
25
3
6
1
16
5
1
1
41
1
3
2
1
2
11
2
47
1
11
3
22
10
6
2
45
3
6
3
40
3
2
2
25
1
4
3
60
31
4
3
41
3
1
2
47
4
5
3
53
7
8
2
49
3
4
3
40
5
5
2
15
3
3
3
63
13
4
2
52
4
8
2
2
1
9
1
5
2
2
2
60
4
11
1
65
2
11
2
42
4
5
2
30
2
2
3
43
4
9
2
55
1
9
3
30
8
4
2
54
1
1
3
18
14
6
2
27
3
2
2
23
3
1
2
66
1
10
2
33
2
10
3
45
5
2
2
5
2
7
2
34
2
1
1
29
3
4
2
15
1
11
1
14
9
3
3
54
2
3
3
26
9
11
2
35
3
3
3
7
5
5
3
23
12
10
1
22
3
1
2
63
2
3
3
4
16
2
1
68
1
8
3
49
4
5
2
34
1
12
1
3
7
5
3
61
2
10
1
26
1
12
1
49
1
12
1
47
3
7
2
6
1
10
1
13
7
9
2
37
3
2
2
23
2
8
1
34
11
11
1
2
1
3
1
14
6
1
2
22
2
10
1
6
1
2
1
54
2
2
3
14
3
10
1
53
1
5
3
2
11
10
2
43
4
2
3
25
9
5
3
31
17
3
2
27
2
1
1
11
8
6
1
31
1
4
2
17
1
10
1
8
17
3
3
33
2
9
2
28
3
2
1
60
2
3
2
35
1
7
3
55
17
5
1
22
2
9
2
14
2
1
3
13
1
6
1
10
1
8
1
52
3
12
1
4
2
7
3
10
12
1
2
18
1
3
3
67
30
1
2
67
1
8
1
1
3
9
2
52
7
2
2
33
1
1
2
43
5
11
3
3
5
1
3
36
12
6
2
22
1
10
2
18
4
1
1
38
2
1
3
68
3
6
1
45
1
8
2
40
1
3
2
32
4
12
3
8
7
1
3
71
5
10
2
49
1
12
2
11
3
9
2
17
2
11
3
17
13
10
1
12
10
9
3
17
11
12
3
15
4
1
2
63
3
9
1
40
2
1
2
44
3
12
1
41
3
10
1
52
1
2
2
39
1
1
3
16
6
10
3
13
9
2
2
13
2
8
3
3
6
8
2
9
3
11
2
55
2
7
2
7
1
7
1
18
13
11
1
61
3
8
3
30
13
12
3
7
4
12
2
45
1
6
2
67
2
8
1
15
2
8
2
25
2
9
2
36
2
1
3
2
12
5
2
3
1
5
1
29
1
9
1
27
3
1
3
11
16
1
1
30
17
1
3
10
19
10
1
23
1
10
2
68
2
7
3
16
4
12
3
65
4
2
3
55
14
7
3
26
2
6
3
35
5
11
2
41
2
12
2
28
1
11
2
14
3
6
1
55
2
8
3
12
1
2
1
36
3
6
2
65
4
5
1
43
2
3
2
60
2
9
2
2
3
12
1
11
7
7
2
26
4
8
3
65
2
2
1
17
7
8
3
11
18
10
2
65
1
1
3
8
11
12
2
1
1
6
3
4
4
4
3
15
1
2
1
42
1
9
2
11
2
3
