3
47
3
2
2
29
1
6
1
25
2
5
1
40
2
11
2
12
2
9
1
12
5
11
3
8
5
11
1
52
1
8
2
38
2
9
2
7
1
8
2
65
4
1
3
29
10
12
3
52
9
6
1
31
10
3
3
4
16
9
3
2
8
7
2
2
2
2
1
67
1
6
1
5
2
3
3
18
22
10
3
28
7
3
3
67
27
5
3
25
5
8
3
63
3
9
3
42
1
1
3
37
9
5
1
37
1
6
1
44
3
8
1
13
6
7
2
27
3
5
2
34
2
6
1
71
3
5
3
39
6
12
3
41
3
6
2
15
2
10
3
53
8
7
2
36
1
9
2
2
1
6
2
47
1
12
1
11
5
4
3
22
4
9
3
5
2
2
3
16
8
11
2
61
1
11
1
9
11
3
2
32
1
7
1
10
6
7
2
54
2
2
1
38
2
5
3
30
5
11
1
33
4
8
2
8
2
3
1
14
12
8
1
16
1
11
1
17
10
11
2
65
3
11
2
61
2
12
2
49
2
3
3
6
4
11
1
13
9
6
3
15
9
12
1
53
2
3
3
8
15
8
1
47
2
8
2
26
4
11
3
34
11
1
2
40
2
4
1
44
1
1
3
71
2
2
1
55
2
10
3
36
3
5
3
13
1
6
2
33
1
4
2
68
3
9
3
44
6
7
2
3
2
9
1
3
4
9
2
44
2
1
2
12
3
9
1
3
6
8
3
65
19
3
3
65
7
1
3
49
7
7
3
35
8
2
3
14
10
4
2
27
1
7
3
66
6
11
1
15
1
8
3
61
8
7
1
45
2
6
1
54
2
1
3
12
3
1
2
52
1
6
2
30
5
6
2
13
1
4
3
17
13
1
3
22
6
11
1
26
1
9
1
2
2
1
1
30
20
12
3
6
1
11
1
45
1
1
2
66
3
6
3
23
15
7
1
27
2
11
1
9
13
5
1
63
1
6
2
49
3
7
3
53
5
7
3
27
14
4
1
49
2
12
1
28
2
4
3
52
14
4
1
15
2
12
2
4
2
1
2
10
3
3
2
22
2
10
3
1
3
11
2
63
3
10
3
9
18
8
2
1
3
8
1
25
3
4
1
23
1
4
3
45
1
9
3
27
17
1
3
41
1
2
3
10
23
2
1
7
8
11
2
53
2
4
2
63
2
7
1
60
1
6
1
31
5
3
3
40
6
7
1
40
1
8
2
7
3
3
2
39
4
12
3
32
1
11
1
30
14
2
2
9
2
4
2
55
3
1
2
43
2
7
3
23
10
12
1
6
2
7
2
14
2
6
3
71
5
7
1
2
3
12
3
30
28
3
3
17
3
10
3
39
10
12
2
16
2
10
2
18
1
12
1
55
1
7
3
1
5
1
3
38
12
8
1
41
1
7
1
12
6
10
2
54
1
6
1
32
2
1
3
32
2
2
3
33
19
9
2
60
1
4
2
11
3
6
1
18
5
3
1
47
3
1
2
28
1
3
2
30
4
10
1
42
2
6
3
54
2
5
2
14
3
1
2
37
3
5
2
31
5
4
1
16
3
2
3
68
5
4
1
33
5
7
2
34
3
9
3
40
5
4
2
42
2
8
2
3
3
7
2
66
2
11
3
60
8
5
3
3
2
8
2
23
3
12
3
36
8
8
3
43
2
11
1
52
2
11
3
60
26
11
1
39
2
3
3
9
9
1
1
61
3
7
3
61
1
6
3
67
7
11
1
1
2
4
2
67
2
9
2
9
3
5
1
11
4
2
1
6
1
10
3
66
5
8
2
37
4
1
3
44
5
8
2
39
1
2
3
54
1
12
2
60
2
11
2
67
1
4
2
16
1
9
1
17
3
7
1
27
1
3
1
26
2
7
3
12
4
9
2
1
2
10
1
14
3
2
2
53
1
5
2
71
3
12
1
1
1
6
1
34
2
6
1
67
3
4
2
33
2
10
2
15
3
2
1
35
4
3
3
11
9
10
1
10
7
8
2
13
3
7
1
22
1
11
3
42
4
1
1
5
1
10
2
36
3
1
3
15
7
6
1
66
1
11
1
41
2
7
1
71
1
2
2
23
1
1
1
36
3
2
3
26
4
5
3
10
19
1
2
18
4
3
1
28
3
4
2
47
2
10
1
68
3
5
1
8
10
11
2
25
2
5
2
71
2
8
3
33
22
9
2
22
3
7
2
55
1
5
1
49
1
1
1
22
2
3
2
6
2
5
3
18
7
10
2
6
3
5
1
68
1
7
3
43
6
3
1
8
14
9
2
45
4
3
3
11
6
4
3
26
9
10
3
4
27
5
2
35
1
8
3
55
12
5
1
65
2
7
3
29
7
6
1
53
1
1
2
38
1
2
1
38
1
11
3
13
8
1
3
34
3
4
1
37
2
11
2
26
3
1
3
37
1
4
1
18
7
10
1
39
4
8
2
52
3
9
2
41
3
1
1
42
1
10
2
40
1
1
1
54
3
7
2
17
3
12
2
8
3
7
2
29
2
11
2
5
3
10
3
28
12
4
2
31
2
2
2
5
2
8
3
68
3
3
3
16
2
12
3
25
4
6
1
63
2
9
3
7
5
7
3
38
5
2
2
28
2
11
1
4
2
6
2
35
3
9
3
31
19
8
1
60
2
4
1
29
2
1
2
68
2
11
1
66
2
8
2
17
1
7
2
44
3
9
2
4
1
4
3
55
14
10
3
5
3
2
1
23
3
6
3
49
4
7
3
2
4
7
1
36
2
7
1
4
1
12
1
43
2
6
1
34
6
12
2
41
1
11
3
14
12
3
2
32
4
10
1
65
1
10
1
29
3
11
1
61
2
9
1
7
3
7
2
11
2
8
3
31
29
12
1
43
1
2
2
42
4
4
3
45
3
3
2
25
3
2
1
32
7
9
3
3
8
3
3
47
5
7
3
63
1
6
2
45
1
6
2
43
3
4
2
10
2
11
3
35
3
8
1
35
3
8
3
7
2
8
