1
4
7
3
2
22
1
8
1
13
6
6
2
2
2
7
2
66
2
10
2
7
2
4
2
65
3
8
2
33
2
1
1
22
2
3
3
18
25
8
3
13
6
6
3
8
9
8
2
60
2
6
2
55
1
6
3
41
4
8
3
8
19
4
2
29
2
4
1
55
2
5
1
68
3
4
3
15
9
9
1
32
7
8
1
38
1
4
3
23
10
3
1
36
1
7
3
25
9
6
2
23
1
5
2
13
1
4
2
31
4
10
3
13
5
1
2
49
1
2
1
14
13
12
3
67
12
3
1
1
2
11
1
1
1
7
1
29
1
2
1
33
2
12
1
55
1
6
1
66
2
4
1
35
2
12
3
28
2
10
2
31
3
5
2
4
2
11
2
10
2
6
3
41
2
12
1
60
2
12
2
54
2
10
1
26
1
12
3
54
1
9
2
28
3
8
3
37
8
9
2
26
4
4
3
31
24
12
2
42
4
9
3
26
8
12
2
35
1
8
2
27
3
5
1
4
8
1
1
3
11
2
1
42
2
8
3
25
8
9
2
43
3
12
3
6
1
9
2
34
2
3
3
49
7
6
1
66
1
4
3
44
1
11
2
6
2
10
2
45
1
3
1
67
2
1
2
3
2
8
1
30
11
11
3
12
3
8
1
43
2
11
3
55
8
7
1
10
8
10
1
33
1
6
2
65
1
1
3
2
9
2
2
5
2
3
1
32
3
8
1
61
1
8
3
28
4
4
1
28
2
10
2
3
1
8
2
71
1
6
1
9
11
8
3
29
4
8
3
65
14
7
3
55
1
7
3
1
6
1
3
30
12
8
1
12
6
12
1
22
3
2
2
41
1
6
1
47
1
1
1
16
2
2
1
27
2
5
1
28
1
10
2
23
2
3
1
41
2
9
1
27
1
12
3
45
2
10
3
27
16
9
2
37
2
12
1
44
4
9
3
32
6
8
2
11
3
7
2
12
1
7
3
61
9
3
1
13
1
3
1
30
18
1
1
53
1
8
1
6
2
8
3
39
2
12
2
34
3
4
3
15
3
10
2
30
2
2
2
25
3
11
3
63
8
1
2
9
3
3
2
7
1
10
1
37
2
2
2
68
2
6
1
11
5
5
2
68
4
6
3
6
2
7
3
40
6
8
2
44
1
9
1
45
2
4
3
63
2
11
1
63
1
8
2
17
2
4
3
33
16
2
2
41
3
12
3
17
12
3
1
63
2
4
3
10
21
2
2
13
2
5
2
27
1
7
3
23
2
12
2
53
1
12
3
67
4
1
2
10
3
5
3
31
22
8
3
40
1
3
3
4
26
3
3
9
7
9
2
11
2
10
2
61
3
1
3
49
6
8
3
29
2
6
1
37
1
4
3
45
6
1
2
37
4
9
3
66
6
11
3
39
6
1
2
12
3
6
1
47
2
6
2
40
4
7
3
60
26
11
3
34
7
10
2
8
1
11
2
15
1
11
3
12
7
12
1
43
1
10
3
35
8
7
1
35
3
10
2
55
2
4
2
15
3
1
1
65
1
7
3
52
18
7
3
71
2
5
1
39
1
7
3
14
18
8
3
5
1
8
2
52
1
9
3
7
4
5
1
61
2
8
2
30
5
8
2
66
1
3
2
45
3
9
3
44
6
1
2
61
2
11
3
18
6
10
2
14
1
12
2
9
2
8
3
14
7
8
3
36
2
11
1
49
2
2
3
68
17
10
1
2
3
4
3
35
2
10
1
34
10
9
2
18
1
12
1
11
2
1
2
39
1
3
2
28
2
8
3
38
8
7
1
53
2
11
1
52
2
6
3
53
8
2
1
5
1
11
1
25
1
2
2
8
3
8
3
3
6
9
2
5
1
11
2
39
3
8
1
18
7
1
3
34
3
1
2
53
2
11
3
5
3
3
2
33
3
3
2
40
1
3
1
25
3
5
2
14
3
4
2
36
2
6
3
66
1
4
3
22
5
9
3
2
6
12
1
54
1
6
1
31
9
6
1
36
2
1
3
37
6
5
1
15
2
4
3
42
2
4
1
31
14
5
2
1
2
7
1
54
3
3
3
65
12
11
3
7
5
4
3
4
24
2
2
17
3
11
2
2
1
12
3
53
2
2
1
18
11
10
3
27
1
11
1
42
1
10
3
38
9
1
1
34
4
7
2
25
2
7
1
65
2
3
2
22
3
12
1
10
2
1
2
32
2
7
2
67
1
7
2
42
2
12
3
9
6
11
1
8
13
1
3
11
8
11
3
47
9
10
3
52
3
1
2
43
4
7
3
54
2
11
2
4
3
4
2
18
4
8
3
43
5
12
2
71
2
8
1
2
4
11
2
49
4
5
1
26
3
4
1
40
3
9
1
17
9
2
3
3
10
2
3
36
8
4
1
8
6
10
1
12
18
5
3
10
19
4
2
63
2
4
3
26
7
2
3
16
4
10
3
32
4
5
1
15
1
5
1
23
1
5
2
16
3
1
3
60
21
2
1
23
3
7
3
68
10
9
2
35
3
8
1
38
2
11
2
38
4
4
1
6
1
7
1
49
1
4
1
7
3
4
2
63
1
9
1
44
1
1
1
52
3
1
2
36
4
7
3
61
3
5
3
11
15
10
1
68
2
2
2
16
2
3
2
52
4
5
1
17
13
5
1
60
1
2
1
29
3
1
3
71
5
7
2
54
1
1
1
16
5
5
1
3
10
9
3
16
7
2
1
40
2
3
3
1
3
7
2
32
1
11
2
47
3
5
2
47
1
8
3
42
1
7
1
14
22
4
1
9
13
1
3
30
22
8
1
71
1
4
2
60
1
1
3
33
4
12
1
7
8
7
2
67
2
4
1
41
3
12
3
17
17
7
1
5
2
10
1
71
2
5
2
38
1
12
1
45
1
1
2
26
3
6
2
29
1
1
3
43
6
8
2
6
1
8
1
39
2
7
2
44
4
11
3
47
5
6
2
1
3
5
1
67
1
3
3
22
4
9
