2
22
3
11
3
43
8
8
3
23
1
12
2
22
1
4
1
14
21
1
1
28
3
9
2
39
1
3
3
28
11
4
2
29
2
10
1
42
2
11
2
40
1
4
1
61
2
8
2
43
4
1
2
16
3
1
2
41
4
1
2
7
2
6
1
43
1
4
2
42
2
6
3
37
5
7
3
26
12
11
1
34
10
4
3
63
9
11
1
5
1
3
3
2
3
9
1
7
5
9
2
35
2
5
1
49
2
11
3
37
1
4
1
23
3
4
1
4
2
8
3
25
3
8
3
47
10
12
3
45
6
2
2
30
1
6
2
28
3
10
1
5
2
7
1
66
1
10
1
61
1
8
1
71
1
5
3
68
11
1
3
47
8
1
2
67
1
7
2
65
3
5
2
68
1
5
2
25
2
4
3
63
1
2
2
11
1
4
3
12
3
5
2
60
4
7
1
36
2
12
1
6
2
12
1
43
3
3
3
41
3
6
2
55
1
11
2
8
2
1
2
47
2
8
2
38
2
10
2
31
5
10
3
53
7
11
1
10
5
12
1
15
2
9
3
65
11
9
1
29
1
7
2
4
3
7
3
30
17
7
1
17
12
7
1
8
15
5
1
9
7
6
2
7
3
6
3
54
1
9
2
44
4
6
3
43
2
12
2
13
1
6
2
2
2
5
2
39
3
6
2
63
2
7
1
39
4
8
3
36
1
7
3
16
8
3
2
11
2
11
2
33
2
4
2
40
4
3
2
66
3
2
2
60
2
2
3
55
5
8
1
7
7
6
1
27
1
6
3
2
11
1
3
55
3
6
3
18
7
2
1
65
1
9
2
71
1
10
1
25
3
5
1
67
1
5
1
31
9
1
2
38
5
4
3
5
4
1
1
45
2
5
1
65
2
11
2
3
2
10
2
6
3
9
2
52
3
7
2
5
1
4
3
9
12
11
3
28
7
8
1
33
5
12
3
5
5
1
3
32
3
3
1
71
2
10
3
42
2
7
3
10
17
2
3
11
15
5
3
38
7
12
3
8
7
11
2
36
1
1
3
14
2
9
1
44
1
10
2
9
1
9
1
38
1
3
3
41
4
1
3
29
17
2
2
10
1
6
2
5
2
12
3
4
11
12
3
26
8
6
3
40
6
6
1
14
8
8
1
34
2
12
1
6
1
4
3
3
7
1
1
54
3
11
2
68
2
8
2
49
4
10
3
22
6
6
3
49
4
12
1
63
1
11
3
34
10
11
1
11
7
4
2
52
1
10
3
9
32
11
3
34
4
1
1
30
17
7
3
25
4
6
3
8
1
10
2
23
1
10
3
53
2
12
3
31
1
8
1
52
2
7
3
33
14
12
3
17
10
11
2
17
2
8
2
34
3
10
2
29
3
5
3
10
9
2
1
9
2
10
2
66
1
12
2
26
2
10
2
63
1
9
2
8
3
5
3
7
5
4
3
27
11
5
1
16
4
9
3
17
13
10
1
13
5
6
3
36
8
8
2
44
2
11
1
16
3
3
1
12
13
9
2
27
3
1
3
14
6
5
1
17
13
3
2
65
1
12
3
35
8
2
2
61
2
6
3
67
36
4
1
49
1
9
3
39
5
5
2
53
3
11
2
12
1
12
1
4
8
6
2
45
1
12
2
16
1
10
3
71
2
7
2
14
2
8
1
38
3
11
3
54
2
1
3
68
5
9
2
61
3
1
3
39
9
6
3
52
14
11
2
15
3
11
3
49
5
12
3
33
17
6
2
10
3
2
1
1
1
5
2
47
4
3
1
60
1
3
2
1
2
11
1
1
3
11
1
33
2
8
2
26
3
8
2
27
2
2
2
71
2
3
3
7
3
2
2
18
2
8
1
66
2
4
1
29
3
8
1
18
7
3
1
63
2
9
1
45
1
2
1
2
5
4
1
53
1
5
1
36
1
4
2
23
2
7
3
66
9
6
3
6
4
3
2
9
3
5
3
52
12
1
1
54
1
12
2
25
3
1
1
40
2
2
2
54
2
11
3
44
7
5
3
67
19
8
2
13
3
1
3
35
1
12
1
35
3
3
1
3
4
6
2
49
2
12
2
43
2
11
1
37
1
9
2
36
4
11
1
30
14
4
1
23
1
3
1
47
2
8
2
18
3
12
1
40
3
11
1
41
3
5
2
2
3
1
1
67
3
3
1
15
1
3
1
3
5
9
3
11
2
7
3
38
9
12
1
26
1
7
3
4
2
5
1
44
3
8
3
13
1
10
3
23
7
12
3
15
14
6
1
32
6
11
1
27
2
8
1
28
1
6
3
61
3
3
2
33
1
7
2
30
2
7
3
1
6
1
2
41
1
1
3
18
9
4
1
2
2
10
1
22
1
4
3
13
6
11
1
12
17
1
2
31
1
11
2
53
2
2
1
26
3
9
1
41
2
5
3
40
1
7
3
44
4
12
3
42
3
6
2
32
2
7
1
25
2
1
3
12
4
1
2
37
3
1
2
35
1
11
1
55
2
5
3
66
7
2
3
31
11
8
1
55
1
11
3
16
5
1
1
68
1
6
3
15
16
1
2
15
2
12
1
18
15
4
3
32
4
12
2
54
1
9
2
1
1
3
3
1
7
1
3
3
6
9
3
27
5
3
2
14
3
5
2
4
1
4
1
37
2
4
2
17
1
10
1
11
9
7
3
45
4
7
1
39
3
5
2
55
2
7
1
8
17
5
3
71
1
4
3
22
12
1
2
12
3
1
1
60
2
3
3
30
14
9
2
34
1
8
3
61
6
7
2
28
2
11
3
6
6
3
2
6
2
10
1
35
1
5
2
37
1
4
1
42
1
1
1
10
3
9
3
60
12
9
2
67
2
4
1
13
9
11
1
53
2
10
2
45
2
4
3
29
12
2
1
32
1
3
1
47
1
10
1
22
3
7
1
68
3
1
2
3
1
3
2
42
3
3
3
65
1
12
2
32
3
11
3
60
9
10
1
52
1
10
1
31
3
5
