1
13
6
5
1
29
1
12
1
14
5
8
1
43
1
3
3
27
11
3
2
23
1
6
3
10
6
12
1
4
7
4
3
1
4
2
3
1
3
1
1
66
2
4
2
16
3
3
2
3
3
7
2
38
4
1
2
54
2
11
3
40
3
3
3
52
11
1
1
9
9
1
1
54
3
4
2
40
2
2
3
33
10
10
1
37
2
11
1
28
1
1
2
39
1
5
3
6
3
5
3
32
8
2
3
43
7
10
2
9
3
1
2
67
2
9
1
37
1
6
3
47
3
12
3
63
12
1
2
4
3
4
1
63
1
9
2
65
3
1
3
16
2
4
2
13
2
12
2
27
3
10
3
37
6
5
1
39
1
3
3
39
9
6
3
45
3
3
2
6
1
10
3
53
4
3
1
10
3
10
1
47
2
2
1
26
1
9
2
18
1
2
3
12
3
12
3
28
9
12
1
31
13
12
3
13
1
12
1
52
3
1
3
25
9
7
3
38
5
3
2
35
2
5
1
47
1
7
2
68
2
5
3
41
1
12
1
61
2
6
1
16
1
4
1
63
2
12
2
16
2
12
3
7
2
12
1
41
3
10
2
68
1
6
2
30
1
6
2
32
4
6
1
3
1
3
1
38
1
1
1
15
3
10
1
44
2
7
1
35
1
9
3
60
7
2
1
35
3
5
1
32
2
12
3
45
4
1
1
2
4
1
2
14
2
10
3
27
14
4
2
4
1
5
2
49
4
3
1
45
2
8
3
23
17
2
2
49
2
8
3
17
15
9
1
67
1
11
2
61
2
8
1
53
2
1
2
42
2
4
1
6
1
1
3
71
3
3
3
40
1
1
2
39
2
10
2
30
2
3
1
49
1
6
1
28
2
7
2
7
1
12
2
60
3
9
2
28
2
10
1
45
1
2
2
47
2
9
2
36
3
10
3
30
23
2
2
11
1
10
2
5
2
4
3
15
11
7
3
4
12
10
3
2
9
4
2
15
2
1
3
44
1
2
2
25
3
5
3
22
6
9
1
30
5
12
3
17
12
5
2
10
3
12
1
5
2
3
2
53
3
12
1
27
3
5
3
28
12
7
1
22
1
5
3
61
6
8
2
42
4
9
2
44
2
7
1
65
1
7
2
26
1
4
3
49
3
5
2
71
1
6
2
38
3
12
3
34
8
7
3
35
4
11
1
2
2
9
1
5
1
12
1
9
6
6
2
34
1
12
1
23
1
5
2
25
1
3
3
36
1
11
3
55
9
2
3
65
13
12
3
8
4
6
3
32
3
5
1
68
2
8
3
37
1
1
2
41
1
11
2
66
2
6
2
41
5
6
3
29
19
3
3
12
6
2
1
67
3
1
1
68
1
9
3
54
1
9
3
71
5
1
3
22
3
5
3
11
17
3
1
11
4
8
2
66
3
10
2
33
1
2
3
9
6
11
1
23
3
5
3
55
14
4
3
67
12
6
3
35
5
5
3
15
14
7
2
17
3
5
1
4
4
9
2
44
3
4
3
31
30
2
2
45
4
6
1
29
2
12
3
44
6
2
2
8
3
1
2
63
2
11
2
32
1
3
1
52
1
7
3
54
2
12
3
3
7
4
1
36
3
4
1
30
21
4
1
53
1
12
2
11
3
10
2
8
2
12
1
44
3
2
3
47
10
6
1
8
17
10
3
68
13
2
3
43
8
8
1
6
2
10
2
45
3
5
2
37
3
1
3
26
6
4
2
12
1
10
3
41
2
3
2
6
3
3
1
71
1
4
2
47
1
3
3
26
4
6
3
33
2
8
2
22
2
8
3
16
1
10
1
55
1
10
2
55
3
1
2
63
3
8
2
31
2
11
2
5
1
3
3
8
11
4
3
39
1
4
1
8
16
6
3
5
2
8
2
33
3
10
1
61
3
2
1
65
2
6
2
37
1
2
2
22
3
2
1
15
2
12
1
22
2
12
3
49
4
8
2
28
1
4
2
67
1
8
1
17
15
12
1
31
14
7
3
61
11
7
2
13
3
1
2
7
3
3
1
16
6
2
1
39
2
11
3
31
15
5
3
23
1
7
3
10
16
3
1
55
2
4
3
36
13
2
3
63
3
12
3
67
38
5
2
55
2
5
2
3
2
9
1
33
6
1
3
60
29
6
2
14
3
2
2
26
3
2
1
1
1
2
2
1
2
9
1
7
5
4
2
61
3
12
1
14
11
3
2
52
2
9
1
42
2
9
2
43
1
10
1
12
18
2
1
18
14
4
3
30
8
4
2
36
4
6
3
18
9
1
3
14
18
7
1
12
7
4
3
14
23
3
1
27
2
3
1
26
3
3
1
25
2
12
3
34
7
1
1
11
6
11
2
29
3
2
2
18
2
12
1
40
3
5
1
49
2
11
1
32
5
1
2
40
4
9
2
34
3
3
2
15
3
6
3
2
1
11
2
2
2
10
2
71
2
4
1
13
8
5
1
66
3
6
2
31
5
8
3
53
7
5
1
38
2
2
2
9
2
9
2
65
2
8
1
34
10
9
1
3
9
9
2
12
2
5
1
71
2
6
3
25
4
10
3
5
1
12
3
7
4
3
2
2
3
6
1
60
1
8
1
7
7
2
3
65
11
8
2
27
2
11
1
42
1
11
3
3
9
8
2
53
2
5
1
18
13
11
2
35
3
12
1
36
2
8
3
9
18
9
2
17
2
9
2
43
2
9
2
29
2
7
1
1
3
3
2
54
1
3
3
66
2
4
2
1
1
8
1
40
1
4
1
54
1
5
1
10
1
10
3
42
3
2
2
23
2
6
1
17
9
7
3
38
3
6
1
60
2
9
3
13
8
4
1
41
2
5
1
43
3
10
3
11
16
6
3
6
2
8
1
33
3
9
3
68
12
3
3
52
6
3
3
18
22
9
3
42
2
10
2
60
2
9
2
52
7
11
3
4
16
1
1
25
1
1
2
10
2
3
1
34
11
9
3
29
1
2
3
66
1
2
