3
53
3
2
2
3
1
7
2
6
2
7
2
11
2
1
1
14
21
6
1
53
2
9
2
17
3
6
2
45
3
9
1
34
6
10
2
44
1
4
2
3
2
3
2
66
1
11
2
71
1
8
1
23
3
5
2
4
3
11
3
18
5
12
3
45
1
11
1
47
3
1
2
63
2
3
3
52
10
7
3
68
8
8
3
40
3
4
3
60
30
11
1
3
2
9
3
22
3
12
2
13
2
10
1
35
2
3
3
28
6
10
1
25
2
10
2
42
3
9
1
42
1
12
3
67
8
3
1
13
5
11
2
42
4
1
3
36
5
2
3
13
8
10
2
36
5
10
2
37
1
12
2
5
1
3
1
68
1
4
3
66
7
11
3
71
1
5
3
49
5
11
1
3
5
2
1
54
3
2
1
5
1
8
3
3
4
11
1
2
4
3
1
13
1
8
1
66
2
11
3
27
11
7
3
34
8
9
2
60
2
6
3
54
1
12
1
14
2
4
1
6
2
7
1
6
1
11
1
28
1
7
3
39
4
4
2
61
3
12
1
40
2
8
3
38
9
9
3
39
9
11
1
5
2
7
3
32
4
8
2
26
3
3
2
31
4
1
3
2
9
7
1
67
2
9
3
60
8
10
1
66
3
2
3
71
2
10
3
63
6
3
1
16
1
11
3
16
2
5
1
61
2
3
1
23
1
5
2
2
1
1
3
55
9
5
2
29
2
1
2
27
1
1
1
71
1
2
1
37
1
2
2
34
3
5
2
16
2
12
3
35
4
7
2
65
2
1
1
38
2
1
3
7
5
4
2
52
3
10
3
14
9
12
1
7
6
11
1
45
1
9
2
53
3
1
2
23
1
1
1
49
1
1
3
33
3
10
1
44
3
3
2
44
4
8
3
29
17
11
2
40
4
1
1
40
3
10
1
29
1
12
3
9
30
5
1
65
1
12
2
8
2
3
3
26
2
8
3
8
18
7
2
25
2
5
3
34
5
1
3
12
7
6
3
15
4
1
3
18
7
9
2
68
3
3
2
10
2
4
3
49
4
8
1
9
12
1
2
5
2
12
3
11
25
1
3
54
2
5
1
10
3
6
3
42
3
11
1
17
7
8
3
10
7
9
2
10
3
12
2
12
2
5
3
7
3
4
2
28
2
10
3
47
7
5
3
10
10
4
1
18
15
12
1
10
4
11
2
41
5
4
3
5
3
4
1
12
15
8
1
18
3
9
1
35
3
8
1
67
1
9
2
54
1
6
3
17
1
7
3
37
12
8
1
68
3
8
1
39
4
4
2
12
3
5
3
31
28
11
3
37
10
2
1
1
1
3
3
38
10
5
2
22
3
11
1
63
2
1
3
52
2
10
3
5
2
1
2
33
2
10
3
65
2
7
1
47
1
12
3
43
6
4
3
4
27
11
1
44
2
7
2
14
1
6
1
11
3
4
1
33
1
2
3
45
7
2
2
35
2
11
1
32
4
6
1
26
3
11
3
53
1
5
2
4
1
10
1
8
4
6
2
47
3
10
1
11
8
12
3
32
5
11
2
67
1
6
2
26
1
8
1
26
2
9
1
49
2
11
1
63
1
10
1
25
3
4
2
22
2
11
1
31
6
6
1
32
7
1
1
30
12
2
1
43
3
1
1
60
2
3
3
68
4
5
2
13
1
2
3
11
22
10
1
8
13
2
1
45
2
1
2
38
5
8
2
7
2
12
2
9
2
9
3
35
5
12
3
23
10
11
3
3
3
10
1
17
14
1
3
44
10
4
2
16
3
8
2
52
2
12
3
25
6
12
3
30
3
3
2
31
1
5
1
36
1
4
3
42
1
7
2
25
3
1
3
1
1
8
3
31
6
12
1
55
1
7
2
39
4
12
2
18
3
4
1
38
3
6
1
7
5
1
2
23
3
8
2
11
3
5
3
33
21
4
1
4
7
3
1
29
2
4
2
37
3
11
2
32
2
6
3
43
2
10
1
42
2
12
1
52
3
9
2
66
3
12
3
9
8
12
3
30
28
10
2
8
1
3
1
37
2
3
2
1
3
4
1
54
2
7
1
43
2
4
3
4
25
5
2
55
3
5
1
71
2
5
1
22
1
2
3
12
3
10
3
14
8
7
2
34
1
1
3
36
1
7
1
2
7
7
3
55
17
8
2
28
3
8
1
30
16
2
1
53
1
12
1
27
1
12
1
9
9
8
2
30
1
2
2
47
2
7
2
33
3
9
1
33
6
8
2
9
1
5
3
41
4
9
3
29
3
4
3
44
8
9
2
18
1
8
1
65
2
4
2
36
1
7
1
39
1
8
1
41
3
7
2
49
2
2
1
36
2
5
3
67
28
12
2
60
3
7
3
22
9
7
1
61
1
12
2
43
1
9
2
15
3
3
3
6
2
4
3
8
3
4
2
6
3
6
3
61
11
5
1
1
3
5
2
53
1
9
3
6
1
8
2
32
3
12
1
4
2
1
1
41
2
7
3
63
8
8
2
49
4
1
3
27
3
3
2
15
2
9
2
35
1
4
2
38
3
4
1
52
2
11
2
45
2
4
3
25
5
8
3
13
2
7
3
40
4
8
2
55
1
9
1
16
3
1
1
22
3
11
1
27
3
3
1
34
7
5
3
66
4
6
2
65
3
8
3
1
5
9
2
2
2
3
2
41
4
12
2
30
3
9
2
54
2
4
2
1
2
3
2
14
3
11
3
2
6
3
2
7
1
4
2
27
2
8
3
65
14
1
1
15
4
1
2
17
2
5
2
67
2
4
2
68
4
5
1
60
1
11
3
41
2
9
2
29
1
5
1
15
5
11
1
55
2
8
3
17
15
7
3
28
3
11
2
40
2
8
3
61
4
11
3
16
8
7
1
31
15
7
2
63
1
7
3
23
2
7
3
47
5
3
2
61
2
2
3
26
3
2
2
71
2
4
1
28
3
10
2
43
3
10
2
39
2
1
3
15
14
2
1
12
13
12
