2
11
2
9
1
35
2
11
1
16
1
4
1
6
1
3
2
26
1
5
2
55
2
12
3
18
23
10
3
65
19
10
2
6
2
6
2
25
3
4
2
7
2
7
1
3
2
11
2
3
1
9
3
26
5
8
2
35
2
11
2
9
3
8
3
36
7
12
1
32
1
4
3
52
7
5
3
16
7
5
2
30
3
7
1
44
3
8
3
29
5
4
3
68
15
3
3
5
3
9
1
10
4
1
3
65
15
7
2
16
3
9
1
27
3
11
3
9
6
10
1
7
6
3
3
54
2
4
1
16
4
5
1
60
1
5
2
13
1
12
1
67
2
2
2
41
1
4
2
39
1
7
1
54
1
7
1
71
3
3
3
49
8
9
1
36
2
8
1
13
6
5
2
71
2
4
2
66
1
8
2
7
3
1
1
60
2
9
3
13
9
5
2
43
4
5
3
49
1
10
1
3
8
8
1
61
2
7
2
67
1
12
1
26
1
8
3
33
17
7
3
34
2
7
1
34
6
6
2
53
1
9
1
18
2
3
2
68
2
7
3
7
3
7
3
40
1
12
2
14
2
12
2
12
1
6
2
61
1
3
2
9
1
9
2
34
1
4
1
31
13
8
1
47
1
8
1
45
1
9
1
29
3
8
2
27
1
3
1
23
2
5
3
68
4
1
2
5
2
12
1
27
2
7
3
42
2
4
2
44
4
11
2
52
3
8
1
5
2
6
3
8
7
3
1
28
2
9
3
29
15
4
3
30
12
12
3
41
4
11
3
37
11
9
1
2
3
4
3
25
3
1
2
32
1
6
2
31
4
2
1
15
1
8
3
38
4
7
1
41
3
12
2
32
2
7
2
2
3
1
2
30
5
12
1
65
1
3
1
26
3
3
1
40
3
9
3
16
3
11
3
47
1
7
3
22
9
7
1
38
1
6
2
5
1
6
2
36
2
11
2
54
2
8
2
28
1
5
2
26
3
1
2
22
1
3
1
37
1
10
1
2
5
9
1
63
1
2
3
2
7
6
3
10
23
6
1
40
2
4
1
32
6
11
2
41
2
1
1
25
3
7
3
37
9
9
3
71
4
2
2
49
3
5
1
7
3
4
3
4
17
1
3
15
14
11
1
42
2
5
3
66
2
1
3
6
5
3
1
55
1
3
1
71
2
5
3
63
11
12
2
14
3
10
3
38
10
8
2
53
3
2
1
1
1
6
2
71
3
5
3
32
3
11
2
8
1
6
2
55
3
10
3
9
14
3
3
43
1
1
1
33
3
7
1
14
8
7
2
15
2
9
1
63
2
3
2
23
1
1
1
13
4
8
3
67
21
2
2
17
1
6
1
8
7
6
2
6
3
7
3
61
11
5
2
10
2
12
2
47
4
1
1
8
15
12
2
38
3
4
3
40
6
6
3
12
3
12
2
39
4
6
3
8
2
6
1
9
5
5
2
38
2
9
1
39
2
11
2
8
2
5
2
34
3
2
3
28
13
9
1
30
18
9
3
15
2
8
2
68
4
11
1
52
3
4
1
23
1
9
1
39
4
7
3
1
4
2
3
4
26
7
2
25
1
12
2
29
1
6
2
47
2
9
2
65
1
7
1
53
2
10
3
39
9
7
3
2
6
6
3
32
6
12
1
44
1
7
3
12
6
2
1
45
2
5
1
66
3
5
2
4
1
4
3
27
15
11
3
31
23
7
3
11
14
8
1
36
1
11
2
36
5
11
3
52
17
10
3
22
6
2
1
25
1
8
1
35
1
10
1
6
2
7
2
10
3
3
3
3
6
7
2
11
1
4
1
43
3
4
2
12
3
4
2
42
2
10
1
49
1
1
2
27
3
7
2
33
1
10
1
68
2
5
2
60
1
1
3
36
10
11
1
55
2
8
3
25
6
8
1
47
3
5
2
66
2
3
3
3
7
10
1
12
18
11
1
17
7
5
1
14
4
9
3
53
8
4
1
31
15
8
2
63
2
7
3
67
16
5
2
33
3
7
1
22
2
7
3
41
2
1
1
10
2
6
2
40
3
7
3
55
3
12
1
68
1
1
1
29
2
9
2
1
2
5
1
42
1
10
1
34
3
5
2
63
3
6
2
37
2
5
2
37
3
10
1
22
3
2
2
40
4
3
1
43
2
3
3
31
13
4
3
18
8
9
2
43
1
10
2
17
2
6
2
67
2
1
3
63
6
2
1
11
11
2
3
66
3
5
1
5
1
4
1
28
1
10
3
43
2
11
3
1
5
7
1
17
16
2
2
45
1
3
3
71
1
11
3
14
18
10
2
45
2
8
3
34
10
2
2
35
1
8
3
5
2
7
2
23
2
11
3
47
6
3
3
44
10
9
2
52
4
4
3
60
27
9
3
42
4
11
2
44
1
2
3
35
7
6
3
6
6
6
1
65
2
8
2
16
1
3
1
33
8
5
3
54
1
10
1
53
1
2
3
61
5
5
2
18
4
8
2
1
3
7
3
13
2
11
1
1
2
12
3
17
1
3
2
42
4
2
3
39
1
7
3
60
32
2
2
29
3
4
1
49
2
10
2
28
3
5
3
10
7
5
3
26
7
8
3
23
7
1
2
15
1
2
2
22
3
12
2
2
2
7
3
17
12
10
2
49
2
11
1
15
3
2
1
66
1
12
2
61
2
10
3
28
8
10
3
7
1
12
3
23
13
6
1
9
7
12
3
53
6
11
1
4
4
6
3
44
4
5
1
61
1
6
3
30
18
1
1
37
2
1
2
13
2
12
2
31
3
7
3
11
3
1
3
14
20
4
3
33
3
9
2
4
3
7
1
18
10
3
3
55
11
3
1
12
5
1
2
18
1
6
1
4
5
7
2
65
3
5
3
27
17
10
2
54
1
1
2
60
2
2
3
45
4
10
1
30
16
11
1
67
3
3
1
38
3
8
1
41
2
4
1
11
4
11
1
52
2
9
3
45
7
11
1
54
2
9
2
3
2
10
3
35
2
9
