2
53
2
1
3
10
12
10
3
27
5
4
2
7
1
4
3
30
4
12
2
4
1
11
3
52
4
8
2
13
1
2
2
40
2
5
1
30
9
3
2
35
1
11
3
68
17
8
2
47
1
9
2
25
3
4
3
52
9
1
1
33
6
5
2
60
1
4
3
11
23
7
1
35
2
8
3
40
3
3
2
27
1
6
2
28
2
1
3
2
3
5
1
10
4
1
1
22
1
2
1
7
8
8
3
14
10
12
1
25
1
6
3
41
2
4
2
6
1
11
2
16
1
10
1
42
2
4
1
17
16
1
1
45
1
10
2
10
3
1
1
43
3
8
3
8
3
2
3
61
4
5
3
45
7
9
2
23
1
5
1
39
4
7
2
39
4
2
1
28
2
6
1
27
3
1
1
43
2
10
1
4
1
8
2
14
3
10
3
9
22
9
3
39
2
8
1
67
3
3
3
38
2
8
2
71
2
5
2
13
2
7
1
5
2
4
1
38
3
12
3
61
8
12
3
26
5
8
2
37
3
5
3
68
9
4
1
31
13
8
2
27
2
11
1
29
2
10
2
3
2
12
2
18
4
6
1
6
1
5
2
28
3
10
3
36
3
7
1
13
5
1
2
17
1
6
2
66
1
11
1
53
2
9
1
32
2
9
1
23
1
2
1
9
8
8
2
33
2
5
1
28
3
4
1
1
1
10
1
16
2
1
1
32
3
6
2
17
2
8
3
66
1
5
2
8
3
3
3
49
5
8
2
22
3
11
2
31
5
2
2
6
2
11
1
26
3
1
3
8
9
10
3
22
3
6
1
41
2
10
3
7
5
1
3
14
21
9
3
41
3
2
2
55
1
3
2
31
1
9
1
68
2
8
3
23
6
8
3
37
6
10
2
29
3
10
2
15
1
10
1
15
2
4
1
36
2
5
1
40
1
3
2
42
2
4
3
18
17
7
3
31
27
8
3
6
1
7
2
2
2
6
1
47
1
7
2
16
3
4
3
4
4
4
2
11
2
10
3
1
7
2
3
54
2
12
1
10
6
10
3
47
8
1
1
16
3
7
3
16
4
6
3
31
22
5
3
29
1
7
2
55
3
8
3
32
8
3
1
30
18
7
3
63
11
5
3
2
9
4
1
14
18
5
2
54
1
7
3
42
3
2
3
12
7
3
1
36
3
3
1
71
3
6
1
8
14
12
1
33
3
8
2
39
1
11
2
66
3
2
3
42
2
6
2
26
4
12
1
15
3
5
2
14
1
4
3
11
11
4
2
45
4
4
2
45
1
2
3
16
8
1
3
49
2
7
3
13
1
10
3
53
4
12
1
45
2
2
1
55
2
7
1
25
3
2
1
52
3
1
2
29
1
8
1
49
1
10
1
12
10
9
3
28
6
11
2
60
2
12
1
4
6
11
3
18
14
4
1
8
7
2
1
3
9
2
2
35
3
8
3
3
1
9
1
39
3
12
1
31
9
2
3
35
8
6
3
12
1
11
1
13
6
3
2
40
3
2
3
60
11
4
1
6
2
12
1
2
1
5
3
25
2
12
2
53
1
2
2
63
2
11
1
26
2
7
3
63
13
5
1
54
1
11
3
27
3
11
3
60
6
1
3
36
14
7
2
67
1
4
2
15
3
6
2
5
3
10
3
55
6
11
1
17
11
8
3
34
5
6
1
66
3
6
2
18
1
2
3
5
4
11
1
71
1
6
1
34
2
7
3
10
9
8
1
47
2
1
1
7
7
2
3
15
11
2
3
28
14
10
2
71
3
8
3
34
2
9
1
55
1
10
3
29
19
8
3
47
6
8
1
18
1
12
3
65
2
4
3
39
9
3
3
7
1
3
1
14
2
8
3
9
1
8
1
22
3
12
2
37
1
3
2
43
1
2
2
3
3
8
1
29
1
12
1
9
3
10
1
12
8
3
2
36
2
4
1
53
1
4
3
45
2
11
3
44
9
6
2
22
2
10
1
52
2
1
3
23
13
6
3
30
19
12
2
33
1
4
3
54
1
5
3
25
4
5
2
26
2
12
1
38
2
3
3
71
2
8
2
32
4
6
2
68
1
5
1
61
2
5
3
26
6
7
2
65
1
11
2
12
2
3
1
37
2
8
3
67
23
10
1
5
1
9
2
49
3
7
2
41
2
10
3
35
7
10
2
44
2
7
2
43
2
9
3
67
36
7
1
3
11
7
1
60
2
10
2
10
1
10
1
44
3
1
3
38
10
1
2
44
1
6
3
13
8
9
2
63
3
2
2
52
3
9
3
32
1
2
1
68
1
6
2
25
2
7
3
4
16
5
1
35
4
10
1
44
4
1
1
67
1
6
2
42
4
7
2
65
3
7
3
5
5
5
2
52
7
3
1
66
1
1
2
1
2
10
1
42
1
1
2
32
1
4
2
38
3
3
1
65
2
7
3
71
1
10
2
38
1
5
1
11
6
5
2
11
3
9
2
67
2
7
3
44
7
9
1
49
2
6
2
61
1
2
1
65
1
10
3
65
9
4
3
3
7
11
2
7
3
9
2
41
4
8
1
18
7
9
1
63
1
5
1
61
3
6
1
27
1
11
3
43
5
12
3
15
2
12
2
4
3
8
2
30
4
9
3
17
10
6
2
30
1
11
2
12
3
9
2
2
1
6
1
37
1
5
2
36
4
8
3
66
7
2
3
33
21
9
3
40
1
4
2
34
1
5
3
1
3
1
3
53
1
11
1
34
4
8
2
1
1
1
2
47
4
10
3
55
11
12
2
9
1
7
1
11
12
3
3
22
9
6
3
33
15
11
1
63
2
3
2
61
3
1
2
49
2
3
1
41
1
4
1
23
2
3
3
37
10
5
1
1
2
9
1
60
1
11
2
68
3
2
2
9
3
5
3
6
6
8
2
5
1
12
1
2
3
6
2
54
2
11
2
8
2
1
2
23
3
7
3
43
2
7
3
17
3
6
1
54
3
6
2
34
2
5
1
40
2
7
