1
12
13
2
3
35
8
11
2
8
3
12
2
60
1
6
3
49
8
1
1
36
2
3
3
25
4
5
1
22
1
10
3
47
6
4
3
1
2
9
1
37
2
8
3
65
3
8
1
1
2
8
1
2
6
10
3
4
15
3
3
36
10
12
1
6
2
5
1
5
2
8
3
36
11
11
2
32
3
5
3
52
5
8
2
33
1
4
2
40
2
5
1
26
2
8
3
60
16
3
1
31
2
11
2
65
2
12
2
10
1
3
2
4
3
4
2
17
3
9
2
36
4
5
3
55
13
7
1
2
7
5
1
28
1
1
2
31
5
7
2
52
3
9
3
42
3
9
3
45
5
10
3
44
1
5
1
36
1
5
3
11
1
12
1
31
3
2
2
11
3
5
2
13
3
6
1
26
1
8
3
13
9
3
2
35
1
12
1
52
1
6
3
7
2
3
1
44
4
6
3
68
4
2
1
52
3
6
3
18
22
10
2
2
2
3
3
33
14
1
3
29
14
7
3
3
10
6
3
39
7
9
3
65
14
12
3
11
24
3
1
9
11
2
3
42
4
7
2
12
3
9
3
32
7
2
1
18
5
9
3
5
4
4
1
14
11
4
2
15
3
11
1
10
6
6
1
13
8
8
1
37
1
3
3
33
5
4
3
31
25
2
3
14
4
11
3
47
1
5
3
12
6
4
2
66
2
5
3
39
2
7
2
49
4
9
3
35
4
4
1
30
14
7
2
29
3
4
1
32
5
9
1
29
2
12
1
30
1
4
1
23
3
7
2
40
3
11
3
55
11
5
1
6
1
7
3
40
3
8
3
37
3
11
2
42
2
4
2
54
2
2
3
1
1
5
1
43
2
12
3
16
8
2
3
2
4
8
3
67
1
9
1
17
6
7
2
14
3
4
1
35
4
6
1
5
1
11
3
44
10
12
2
39
2
12
3
45
6
4
3
63
13
4
1
15
4
1
2
2
1
2
2
66
3
7
1
43
1
1
2
63
3
2
1
4
4
11
2
54
1
6
3
5
5
10
2
15
2
11
1
4
7
10
3
15
5
4
3
40
1
1
3
29
19
7
1
68
3
6
3
31
13
5
2
16
3
11
2
53
3
11
1
25
2
9
1
10
2
1
2
5
1
6
2
8
1
2
3
14
26
12
3
17
3
7
3
32
3
7
3
43
6
7
2
30
1
11
2
3
1
2
2
49
3
12
1
18
10
7
2
55
3
12
2
35
2
7
1
45
2
3
2
28
3
12
2
41
1
6
2
4
1
7
1
61
3
2
3
60
23
11
1
12
1
3
2
37
3
6
1
3
7
5
1
25
3
10
2
68
1
9
3
43
3
12
1
55
2
6
3
13
1
3
2
61
3
1
2
67
2
11
1
45
1
5
1
28
2
8
2
36
2
11
1
42
1
4
3
34
11
2
2
31
1
7
3
41
2
8
1
27
2
7
1
55
1
4
2
11
2
9
3
22
12
5
1
39
2
12
1
38
2
6
1
27
3
7
2
25
2
3
1
13
5
12
1
54
2
7
3
41
3
2
1
63
2
9
2
34
1
4
2
22
2
7
2
44
4
7
2
5
3
11
1
11
3
4
1
34
2
7
3
52
6
10
2
26
3
12
3
7
4
12
2
67
1
11
2
22
3
5
3
23
2
2
1
39
3
3
1
67
2
2
2
43
5
8
3
67
4
9
3
54
2
3
3
26
10
1
3
30
12
5
2
6
2
10
1
65
2
10
2
63
2
4
1
40
1
9
1
40
3
7
3
9
16
9
3
8
8
8
1
60
2
4
2
38
5
7
1
49
1
8
1
33
5
9
1
63
1
5
2
41
3
3
1
66
2
4
2
13
2
4
2
65
1
7
3
16
2
8
2
14
2
3
1
29
3
4
1
3
5
3
2
45
2
7
2
52
6
8
1
7
5
10
1
16
4
2
2
39
4
5
3
28
1
10
3
38
12
6
2
25
3
4
1
8
16
2
2
29
2
12
1
8
7
8
2
1
3
1
2
47
4
4
2
53
2
8
1
71
1
9
1
1
3
6
2
18
4
3
2
71
3
11
3
30
14
11
1
65
1
12
3
63
5
1
2
71
1
7
1
47
1
4
3
61
11
6
2
27
2
4
2
17
2
5
1
53
1
9
3
27
5
4
2
38
3
10
3
2
5
9
3
37
12
9
3
34
1
2
2
10
3
6
3
6
6
5
1
41
2
11
2
9
3
8
1
68
2
4
2
42
3
1
2
32
2
7
1
60
1
9
1
34
7
6
2
61
1
6
1
61
1
4
3
3
6
1
1
49
2
8
2
3
2
2
2
34
2
4
3
10
24
4
3
12
3
8
2
6
3
9
3
53
4
4
1
47
2
9
2
28
2
5
3
18
11
3
2
60
2
7
1
41
3
8
3
15
14
10
3
22
11
10
1
35
3
10
3
49
5
9
3
17
5
11
2
9
1
1
2
30
5
12
1
32
1
1
2
33
2
7
1
38
1
3
2
26
1
11
2
43
3
11
1
23
2
7
3
68
3
4
1
42
2
1
3
66
3
3
1
66
3
12
1
71
3
2
1
67
1
4
2
7
3
11
3
4
26
8
1
54
1
11
1
14
21
5
2
44
1
5
3
27
8
4
2
68
2
3
3
8
5
9
2
1
1
12
3
10
2
7
3
66
5
4
1
44
2
10
2
12
1
12
2
18
1
9
2
23
1
5
2
55
2
3
1
33
6
12
1
7
7
5
3
54
1
11
1
53
2
3
2
16
2
10
2
23
3
3
2
47
3
9
3
25
8
8
3
38
10
7
3
9
14
9
3
28
4
11
1
22
3
8
1
11
7
4
1
16
1
5
3
23
18
5
1
15
1
9
1
17
11
1
2
27
1
11
2
45
3
6
2
7
2
4
3
26
3
4
1
9
12
2
3
6
4
11
2
37
4
4
3
71
5
12
3
61
3
2
3
53
8
2
3
71
1
1
