2
67
1
11
2
43
5
8
1
60
2
7
2
66
1
11
1
54
3
9
2
45
3
4
3
23
14
7
3
6
3
2
1
29
2
5
2
63
1
5
2
22
3
5
1
34
1
9
2
32
2
9
2
2
2
10
2
15
3
6
1
30
19
11
2
39
1
3
3
43
1
4
1
9
13
8
2
49
3
10
3
3
3
2
2
11
1
4
1
1
2
2
2
49
2
3
3
10
13
4
2
68
1
11
1
6
1
6
2
54
2
10
2
43
4
6
3
9
27
4
3
17
7
10
1
45
1
9
3
60
32
6
1
47
1
2
3
53
8
2
3
36
10
1
2
12
2
9
2
71
1
7
1
16
1
9
2
10
1
9
2
54
1
4
1
22
3
12
1
61
2
7
3
11
16
2
2
44
3
1
2
36
3
9
1
49
2
9
3
18
6
1
1
37
1
4
3
29
10
2
3
23
9
1
2
41
1
3
1
10
5
6
2
8
2
1
1
44
4
5
2
39
3
5
3
66
5
10
2
66
3
4
3
61
6
12
1
8
13
6
3
5
3
10
3
71
3
11
3
52
2
9
1
55
1
2
3
18
8
2
3
9
21
5
3
12
7
3
1
63
2
1
3
66
8
2
2
22
2
5
1
4
2
9
1
31
6
11
1
26
2
8
2
38
5
6
3
28
2
6
2
26
4
4
3
65
4
2
3
37
4
10
3
15
7
6
1
36
3
9
1
31
4
6
1
37
2
4
2
33
1
4
3
15
14
12
3
8
13
9
2
18
1
1
2
40
2
5
3
35
7
9
1
3
8
9
1
61
1
2
2
34
2
7
1
36
1
12
3
25
8
11
1
23
1
5
3
65
13
1
3
1
9
12
2
25
3
7
2
23
3
9
1
33
3
8
3
13
2
5
3
45
7
8
3
5
1
7
1
10
2
4
2
14
3
3
1
66
1
4
1
35
1
9
2
9
3
9
2
10
3
2
2
37
1
4
3
12
2
12
2
18
3
3
3
2
9
11
1
53
1
9
3
54
1
10
2
60
3
6
3
7
2
6
2
61
3
1
1
17
10
4
3
60
24
10
2
33
3
5
2
35
2
8
3
54
2
6
3
45
1
9
3
4
5
3
2
55
2
2
3
16
2
10
3
40
6
3
1
27
2
12
3
2
12
8
3
26
9
1
1
53
2
11
2
11
2
6
3
61
7
12
3
33
7
7
1
18
12
5
2
61
2
2
3
31
11
3
3
34
2
3
1
41
2
11
2
12
3
4
3
26
12
1
1
41
3
12
3
42
4
11
1
38
2
4
1
16
5
8
2
68
3
3
3
34
7
3
3
43
6
4
2
27
1
12
2
7
3
11
2
16
3
10
2
65
3
9
2
29
3
5
1
67
2
8
1
71
1
7
1
63
1
6
2
40
3
9
3
27
1
1
1
32
6
1
2
2
1
8
1
9
5
10
3
22
7
8
3
44
5
12
3
55
7
2
3
3
5
2
3
47
5
8
3
6
6
12
1
28
3
4
2
30
4
5
1
25
1
4
2
36
2
9
1
47
3
6
1
68
3
2
2
47
1
11
3
37
2
1
1
67
1
3
1
3
9
6
1
65
1
5
1
6
2
10
3
33
6
9
2
1
3
3
2
42
2
4
1
30
3
11
2
60
2
7
2
41
4
3
2
42
4
6
1
40
3
9
3
67
31
2
3
8
8
2
3
25
9
2
2
14
1
12
1
52
1
6
2
67
2
11
3
41
2
6
3
14
14
5
2
30
5
6
2
6
3
3
1
11
9
7
3
28
8
2
1
43
3
1
3
13
7
10
1
15
4
1
3
36
12
9
1
1
1
3
3
31
28
4
3
68
14
6
1
34
2
5
1
55
2
7
2
4
1
2
3
35
2
12
3
17
14
5
3
41
1
9
1
32
5
4
2
28
3
1
3
22
4
12
3
30
1
4
1
4
5
8
2
45
4
6
1
13
1
7
3
11
11
9
1
27
3
10
2
6
2
10
1
39
1
1
3
1
1
10
1
49
1
4
2
71
3
1
2
53
3
7
2
26
2
5
2
52
6
10
3
16
7
8
2
28
2
6
3
47
1
3
3
32
6
9
3
7
4
11
3
71
5
11
2
37
2
5
1
18
5
7
2
65
1
9
2
31
4
9
1
7
11
8
1
71
2
8
1
42
1
3
3
53
6
1
2
52
7
9
1
29
3
10
3
42
1
11
3
39
8
6
1
35
4
4
2
31
5
2
1
43
2
4
3
52
10
6
1
8
4
5
3
29
5
11
1
5
1
5
1
5
2
2
1
65
2
6
1
33
6
10
2
4
2
6
3
63
6
9
1
11
6
12
3
49
4
3
1
2
7
4
1
54
2
6
3
63
7
9
1
66
3
7
3
49
8
5
1
42
2
4
2
9
1
7
2
16
1
7
3
40
2
2
2
32
4
9
2
23
1
4
1
38
1
9
1
12
2
10
2
47
2
12
2
35
1
11
1
25
2
3
3
30
3
4
2
17
3
8
2
5
3
12
2
25
2
11
2
38
4
10
2
53
1
4
2
63
3
8
1
45
2
10
3
4
22
5
2
55
1
8
1
22
2
3
1
13
2
7
1
39
4
1
3
55
14
9
1
14
1
8
1
68
2
6
3
32
12
8
3
27
15
4
1
15
3
10
2
3
3
7
1
17
6
1
3
67
36
3
2
44
4
3
2
13
1
11
1
7
4
2
3
38
3
10
1
12
16
6
1
44
1
5
3
38
8
8
3
44
1
5
3
68
10
5
2
29
2
9
2
3
1
3
1
40
1
3
2
15
1
4
1
28
1
11
2
1
1
5
1
2
1
6
2
17
2
2
1
60
1
5
2
8
3
11
1
52
3
1
2
13
3
12
3
14
17
6
2
34
1
4
2
27
2
8
1
14
5
4
2
7
1
5
1
23
3
7
1
26
1
5
3
39
6
5
2
5
2
9
3
10
2
7
