2
47
4
6
1
36
3
7
1
23
3
12
1
54
3
7
1
2
2
10
3
27
12
11
1
61
1
9
2
37
3
1
3
54
1
2
1
63
1
6
3
40
2
4
2
7
1
10
1
43
2
12
2
38
3
8
3
68
1
2
2
4
3
9
3
60
2
4
1
1
1
4
3
8
15
2
1
18
3
2
3
35
7
5
1
38
1
8
2
61
3
4
2
14
1
7
3
41
2
5
1
71
3
8
3
6
2
6
3
36
4
10
3
67
3
10
2
13
2
1
3
44
7
2
3
63
1
12
1
4
2
3
3
30
12
2
2
16
2
1
1
67
2
11
2
2
3
9
1
18
12
8
1
47
2
6
3
6
6
10
1
22
1
11
2
53
1
8
2
30
1
2
3
60
23
10
2
47
3
9
1
29
2
11
2
1
2
2
1
40
3
2
2
11
2
1
1
13
5
6
3
26
1
1
3
7
5
12
1
15
4
5
1
66
3
11
2
33
1
7
3
9
13
1
3
71
1
6
3
37
3
9
2
5
2
3
3
31
22
5
1
44
3
3
2
60
4
7
3
43
2
5
1
54
2
3
2
52
4
4
1
7
8
12
3
65
21
11
1
12
10
9
2
11
1
8
2
54
2
2
2
34
1
12
1
36
1
6
3
55
1
11
2
52
1
11
1
15
1
6
2
39
3
1
2
5
1
8
3
3
2
2
1
30
21
5
2
3
1
4
2
68
1
4
2
54
1
9
1
39
2
11
2
53
2
3
3
10
14
2
1
10
6
6
3
14
20
12
1
42
1
10
3
43
6
8
3
49
3
12
2
36
5
3
3
63
13
12
1
17
5
1
2
6
1
9
3
41
3
4
3
45
6
12
1
66
2
7
2
67
1
12
2
28
3
9
2
49
1
6
3
39
5
2
3
38
11
5
2
66
2
12
3
31
24
10
2
67
2
11
1
11
11
4
2
26
1
6
2
41
1
5
2
60
2
7
1
3
8
8
1
60
1
2
2
29
2
1
1
47
3
5
3
29
17
12
1
16
1
7
2
42
3
11
1
68
2
2
2
44
1
6
2
68
3
1
3
54
2
10
3
25
5
3
3
52
3
8
3
14
4
2
2
55
1
5
2
71
2
6
1
61
2
2
3
42
1
12
2
2
1
4
1
10
2
10
3
16
7
1
1
60
2
10
2
33
2
4
1
65
1
11
3
11
4
12
2
26
4
6
3
34
7
3
2
25
3
11
2
22
3
7
3
45
7
3
2
30
2
5
2
32
1
8
1
5
2
5
1
29
3
5
3
36
15
5
1
32
1
9
1
52
1
10
1
44
4
6
2
61
1
8
2
40
3
1
2
35
2
7
1
68
1
8
3
13
4
9
3
4
10
11
1
27
2
2
3
28
1
7
1
30
10
1
1
37
2
2
1
25
3
9
2
27
3
10
1
12
1
8
2
9
1
6
1
35
3
2
3
52
15
4
1
9
13
5
3
42
4
11
2
12
3
6
1
32
7
1
2
40
4
2
1
63
2
2
3
71
3
7
2
10
2
3
1
55
1
1
1
35
4
2
1
26
1
6
3
27
5
12
1
53
2
5
1
45
1
5
3
11
23
8
1
7
1
5
2
38
2
10
3
47
6
6
3
61
11
2
3
23
3
11
1
31
12
4
3
30
15
4
2
10
3
5
3
17
5
5
1
11
5
10
2
31
2
12
1
33
6
5
2
45
4
4
1
25
1
6
1
5
1
11
2
35
3
4
2
22
1
5
3
32
12
4
1
53
1
8
3
2
4
4
3
68
11
5
3
28
9
4
3
66
7
6
1
1
2
3
2
3
2
1
2
32
3
1
2
27
1
10
2
36
3
10
3
1
9
9
2
29
1
6
1
8
17
4
3
37
6
10
2
63
3
2
3
12
5
6
3
47
9
5
3
5
4
3
2
45
3
3
2
65
1
1
2
8
1
2
3
18
8
5
3
17
12
1
3
12
2
4
2
17
1
1
1
4
4
10
3
22
5
11
3
9
2
12
3
5
1
2
2
44
5
8
1
23
1
3
1
13
8
12
1
26
2
11
2
43
4
4
1
9
2
3
2
13
3
2
3
44
6
10
1
22
2
8
2
1
1
9
3
10
4
8
1
27
1
1
3
32
11
4
1
31
1
1
3
25
3
12
2
23
3
7
1
42
2
11
2
41
2
6
2
17
2
2
3
53
8
5
3
49
6
12
1
55
2
11
1
52
3
6
1
67
3
6
1
40
1
3
2
9
2
7
3
15
13
4
3
38
8
4
1
49
1
5
1
34
2
8
2
18
1
8
3
33
9
5
3
65
20
10
2
4
2
12
2
12
2
5
1
34
5
5
1
17
8
10
1
6
1
2
3
34
5
2
2
16
1
6
3
13
1
4
3
67
14
10
2
15
1
5
3
22
11
12
1
14
20
3
3
2
5
8
1
65
2
5
2
49
2
5
3
16
8
8
2
8
3
11
1
28
1
7
2
37
1
7
1
33
7
4
1
6
2
3
2
55
2
12
3
55
16
4
2
43
3
3
2
14
2
6
1
37
1
7
1
39
1
8
1
43
1
8
3
33
20
4
1
16
3
8
3
29
8
2
2
31
4
7
2
18
2
12
1
3
4
2
3
66
8
9
1
41
2
2
2
65
3
7
3
61
8
12
3
26
6
1
2
39
4
2
2
23
2
10
1
71
2
3
2
71
3
2
2
63
1
11
2
28
2
3
3
18
23
7
1
38
2
3
3
7
1
6
2
6
3
3
2
25
1
9
1
2
6
4
3
3
1
11
1
8
13
11
3
39
10
2
1
28
3
8
2
66
3
12
3
1
7
8
1
41
1
5
3
4
28
10
2
15
3
1
2
34
3
8
1
45
2
1
3
53
6
4
3
40
1
12
3
8
2
6
3
23
10
4
3
15
16
9
1
49
2
11
2
42
2
3
3
35
8
6
1
14
12
10
2
7
2
10
