1
2
3
1
2
30
5
4
3
33
8
9
1
63
1
11
3
12
7
10
3
41
2
5
2
18
3
9
1
5
2
4
2
66
1
7
1
40
3
6
3
15
12
12
3
13
9
1
1
4
6
11
1
43
3
5
2
44
2
6
3
15
17
4
3
44
2
10
2
2
3
8
3
22
2
3
3
10
2
6
3
18
16
7
3
28
7
6
2
6
1
2
2
17
1
6
3
36
15
4
3
53
8
10
1
29
2
3
2
29
3
9
1
52
3
4
2
45
1
6
3
40
3
12
3
52
5
3
2
15
2
12
1
53
2
3
1
9
10
8
3
2
3
12
3
45
4
1
2
32
1
1
3
35
8
8
2
61
1
5
1
35
1
2
2
28
2
6
1
6
1
4
2
33
2
8
1
61
1
5
2
6
2
8
2
16
1
1
3
37
3
2
2
49
3
11
2
7
1
1
1
14
9
9
2
68
2
12
1
33
2
11
2
63
3
6
3
17
4
12
2
71
2
10
3
68
14
9
3
5
4
5
1
12
18
10
1
13
2
9
3
8
6
2
2
1
1
2
2
52
6
1
3
35
2
12
1
66
2
10
1
68
2
5
3
30
2
1
3
39
1
8
1
36
2
10
3
60
13
2
3
17
11
2
2
26
3
3
1
10
5
7
1
42
1
5
1
2
1
5
2
8
1
5
3
28
16
9
2
10
1
11
3
63
9
6
2
38
2
10
3
65
7
12
3
61
10
1
1
29
3
10
3
30
22
7
3
68
15
11
2
14
3
2
3
16
1
2
1
30
16
10
1
12
11
8
1
54
2
3
2
33
3
5
3
60
25
2
2
41
2
11
3
31
19
7
3
42
2
10
2
15
3
3
3
71
3
4
3
1
10
6
2
38
4
3
2
34
3
10
3
7
4
9
2
60
2
12
2
4
3
9
1
30
3
7
1
68
3
9
2
12
1
6
2
5
3
1
1
11
9
12
2
66
3
6
2
68
1
7
1
37
2
8
3
32
1
6
1
43
2
2
3
4
15
4
2
40
3
11
2
45
4
7
2
71
1
1
1
42
2
2
3
18
18
7
3
16
8
10
2
42
3
3
2
7
3
7
1
34
9
4
3
54
2
5
1
14
13
4
2
49
2
4
2
17
3
9
1
47
3
11
1
1
2
7
2
65
3
9
2
31
3
7
1
35
2
4
3
44
10
5
2
2
2
10
3
11
11
1
2
31
1
10
3
22
12
7
1
28
3
11
2
3
3
1
1
8
1
11
3
5
5
11
3
43
6
2
1
18
14
9
1
6
2
11
3
38
4
8
3
61
6
6
1
60
2
1
1
31
6
12
1
49
1
1
3
3
8
7
2
36
3
10
1
16
4
2
1
67
1
12
2
37
2
12
3
7
3
6
2
37
3
7
3
8
2
1
3
41
3
6
3
36
9
4
1
34
4
1
1
33
8
3
3
26
7
8
2
13
2
9
2
53
2
3
3
40
1
9
3
26
2
5
3
29
1
4
2
22
1
7
3
23
13
6
3
6
3
7
2
13
1
6
3
12
1
4
1
22
2
12
1
1
3
7
3
23
11
11
1
65
1
9
1
40
1
6
1
5
1
6
1
71
2
2
3
39
6
10
3
65
17
8
1
52
1
11
1
71
3
4
3
49
8
9
2
11
3
7
1
38
3
11
1
66
1
1
1
67
3
9
1
25
2
9
3
34
1
4
3
6
4
3
1
55
1
8
1
23
1
2
2
43
1
12
3
1
5
4
1
39
2
2
3
53
7
11
2
9
1
11
2
67
2
1
1
60
1
1
2
61
3
8
3
66
7
9
3
27
17
12
3
10
13
7
3
37
4
9
3
14
6
4
2
43
4
1
2
26
2
11
1
36
3
4
1
13
1
8
2
54
2
4
2
47
1
2
1
27
2
3
3
13
7
4
3
34
11
3
2
10
3
7
2
3
2
5
2
9
3
6
2
29
1
10
1
28
1
3
1
3
9
3
1
8
14
6
2
22
3
6
2
65
2
8
2
12
2
7
1
3
10
10
3
9
12
2
3
42
3
3
2
32
3
8
1
15
1
7
2
55
3
4
1
47
2
12
1
18
12
7
1
54
3
4
3
55
17
8
1
41
2
2
1
23
2
6
2
54
1
2
1
25
3
7
2
11
2
11
1
32
1
1
2
39
4
3
2
25
3
9
2
35
3
1
2
42
4
9
2
27
3
4
2
14
1
10
2
44
4
12
1
7
5
7
3
27
15
4
3
9
5
5
2
16
3
10
1
10
2
1
2
55
1
5
3
31
9
4
2
4
2
4
2
25
2
3
2
28
1
6
3
63
4
3
3
47
7
6
1
26
1
7
2
52
2
12
1
22
3
4
2
67
1
9
1
26
3
7
3
54
1
12
3
52
4
8
3
11
5
1
3
25
9
8
2
1
2
2
2
5
2
4
1
49
2
8
2
23
2
8
1
31
10
10
3
71
4
3
1
32
6
6
1
11
7
10
2
47
2
9
1
4
7
6
1
45
1
11
2
53
3
5
1
17
15
9
2
27
1
9
3
49
5
4
2
18
1
8
2
34
1
1
3
66
8
2
1
37
1
3
3
43
3
11
2
8
3
8
1
16
3
10
2
23
1
1
3
55
14
10
3
32
4
7
3
25
6
10
2
35
1
11
1
63
2
3
1
45
2
4
2
39
1
4
3
47
2
1
2
40
1
4
1
27
1
12
3
3
3
1
1
9
6
9
1
44
3
5
1
55
2
7
2
41
3
6
1
17
12
12
1
38
1
7
2
63
1
9
1
7
7
10
2
36
4
12
1
39
3
10
3
4
28
5
2
60
4
4
3
67
23
8
1
15
5
7
1
61
3
12
2
30
2
9
1
44
2
12
3
2
12
8
1
41
1
9
3
33
16
9
3
14
15
2
3
45
7
3
3
29
17
4
1
53
1
10
3
67
5
11
1
65
2
12
3
38
8
5
