1
37
1
11
3
7
4
6
1
65
1
9
3
8
11
1
3
32
10
3
2
26
3
3
1
25
2
10
2
32
2
1
1
67
2
5
2
7
1
12
2
47
1
8
2
7
2
9
3
4
7
4
1
60
1
3
2
38
3
1
1
47
1
1
1
43
3
9
3
25
7
7
1
22
3
9
1
4
4
6
1
53
2
5
3
71
4
7
2
44
4
1
1
42
1
10
1
14
13
12
1
13
2
4
2
16
2
2
3
53
6
10
3
39
9
2
2
17
3
5
3
23
3
7
2
34
1
3
1
34
3
6
3
34
10
8
1
71
2
4
3
47
8
8
3
8
3
8
2
3
2
3
3
3
8
3
2
18
3
10
3
47
6
9
2
43
1
10
2
66
1
12
2
13
3
12
2
6
2
4
2
31
4
3
2
8
3
11
2
35
2
6
1
45
1
5
2
28
2
4
2
40
4
11
3
9
3
3
2
9
3
10
2
13
2
3
3
40
2
10
3
49
6
3
1
47
3
12
1
35
2
11
1
42
2
12
1
26
3
10
1
29
3
10
1
15
4
2
2
27
3
12
3
45
1
3
3
60
25
1
1
61
2
8
1
61
1
11
3
10
9
5
1
28
1
12
2
39
4
9
1
11
9
1
1
12
4
8
1
40
2
3
3
10
23
9
3
28
11
6
3
17
4
3
3
9
1
2
2
68
1
6
2
28
3
12
1
68
2
9
2
30
3
7
3
42
3
6
2
67
2
12
3
29
10
2
1
65
2
9
3
15
6
8
1
13
5
4
1
37
2
1
2
47
4
6
1
3
9
8
1
36
1
2
2
5
2
10
2
14
2
11
1
23
1
3
1
10
5
5
2
41
2
4
3
63
13
8
1
22
1
1
1
6
1
9
1
27
2
9
1
26
1
6
3
26
10
10
3
55
7
9
1
4
7
9
3
18
4
11
2
36
4
9
1
55
1
6
2
30
5
6
3
5
2
9
1
71
3
4
1
39
4
7
2
10
1
4
2
8
1
2
2
49
1
3
2
66
3
8
3
37
9
5
2
10
2
1
2
1
2
9
2
15
3
9
1
18
4
2
3
37
6
10
2
29
1
6
1
23
2
8
1
17
14
10
1
2
2
4
3
34
3
6
1
28
2
11
2
3
3
2
2
38
5
9
3
52
5
1
3
4
14
6
1
16
3
3
3
32
3
3
3
1
9
3
3
66
6
12
2
52
4
5
1
30
4
11
3
30
28
8
2
23
2
12
1
43
2
10
3
6
6
7
2
22
1
1
2
37
4
11
1
54
1
2
1
7
11
9
2
29
2
7
3
11
17
6
2
45
1
1
3
30
16
6
1
11
2
6
3
12
4
11
2
15
1
4
2
37
1
11
1
18
5
8
1
9
10
10
1
12
7
6
3
42
1
8
3
13
9
11
2
25
2
5
2
63
2
9
2
4
3
11
2
52
3
11
3
31
2
1
1
54
2
4
2
11
2
11
3
14
14
2
3
5
5
2
1
41
3
8
1
49
2
4
3
60
26
2
1
52
2
12
1
30
10
1
1
33
8
10
1
8
10
2
2
63
1
7
1
63
1
8
2
53
3
4
2
25
1
7
3
16
2
5
2
18
4
11
3
35
1
8
3
68
16
5
2
53
2
4
2
35
3
12
3
61
5
12
3
49
2
3
2
33
3
8
2
32
4
7
3
45
7
4
3
40
6
1
3
33
21
7
2
41
4
8
2
5
1
1
3
11
9
8
3
22
3
4
2
36
1
1
3
65
7
12
3
44
6
7
1
45
2
7
1
27
1
7
3
16
8
7
3
67
10
6
2
6
1
10
1
29
2
6
2
60
2
4
3
66
9
12
1
6
2
1
1
2
4
3
2
12
3
2
3
67
28
8
3
3
4
2
2
71
3
12
1
31
5
1
3
38
5
7
1
34
10
5
3
12
2
7
3
55
16
10
2
2
1
10
2
42
4
12
1
35
4
11
3
6
2
8
3
65
19
11
3
27
17
10
1
66
2
8
2
45
2
4
1
49
1
6
3
27
7
2
1
68
3
9
2
34
3
12
3
54
2
12
2
12
1
1
2
2
3
5
1
63
2
1
3
71
3
2
1
7
5
11
3
68
7
10
2
1
1
4
1
8
6
1
2
67
1
9
3
39
2
6
2
55
1
12
3
38
10
7
1
38
2
7
2
71
2
5
2
65
4
12
1
39
1
6
3
26
7
8
3
14
23
8
1
53
1
7
2
49
2
2
3
22
11
2
2
54
1
3
3
43
4
1
3
43
8
2
2
33
1
11
3
23
7
9
3
25
6
9
1
33
1
9
3
2
11
11
1
66
1
9
2
22
2
2
3
54
1
2
2
4
2
4
2
39
1
2
3
61
11
10
3
41
4
6
2
23
1
11
3
35
3
7
3
33
16
11
2
61
3
1
3
31
27
3
1
1
2
3
1
41
2
4
1
5
1
11
1
40
1
10
1
67
3
8
3
2
2
11
3
36
3
8
1
17
10
1
3
53
3
8
1
5
2
11
3
13
1
5
2
31
5
5
3
36
15
4
1
32
2
3
2
27
2
10
2
42
1
9
3
29
19
12
2
40
2
9
2
60
4
1
2
68
3
6
2
16
3
4
2
11
3
1
1
32
6
9
1
1
3
12
1
9
7
12
2
61
1
8
2
26
4
7
1
44
1
4
2
44
2
9
1
36
3
5
3
15
12
8
2
14
3
10
2
9
1
1
3
1
5
1
1
52
3
8
1
31
18
8
2
55
2
3
3
52
1
3
2
43
2
11
1
38
1
10
3
63
12
4
2
17
1
2
1
60
2
10
1
25
1
11
1
16
1
10
1
10
6
1
1
3
4
7
3
44
2
1
1
44
4
10
2
65
1
3
3
17
17
12
3
41
3
4
3
7
1
2
3
28
2
4
1
14
7
8
3
18
23
9
1
15
3
1
1
55
2
10
2
54
2
2
