2
6
1
6
1
67
3
11
3
44
2
5
1
3
5
9
1
26
2
12
1
39
2
1
3
29
13
12
1
1
1
7
3
10
3
10
2
16
3
8
2
37
1
10
2
38
1
5
3
54
1
12
1
26
1
2
1
18
1
3
3
6
4
8
1
32
6
9
2
10
1
11
2
26
1
2
3
41
2
1
1
9
9
2
1
54
3
12
3
63
8
1
2
11
1
8
2
30
4
7
2
3
3
8
2
63
1
6
3
68
12
2
1
45
1
4
2
42
2
9
1
43
1
12
1
11
12
5
1
29
3
12
1
44
3
3
3
14
17
7
1
68
1
9
2
63
2
12
3
49
5
7
3
12
5
3
1
27
1
3
1
5
2
5
2
45
2
9
1
4
6
8
2
65
1
4
3
37
9
9
2
27
2
10
2
71
1
4
2
71
3
8
2
25
2
4
3
53
2
3
2
15
3
8
1
2
7
12
2
33
3
10
2
26
2
12
1
17
8
8
3
45
2
1
1
22
2
3
2
25
1
3
2
15
1
11
3
66
6
7
2
55
2
2
2
28
2
12
2
23
1
12
1
55
1
5
2
65
3
1
1
49
1
12
2
49
3
3
2
8
2
5
1
31
17
11
3
43
1
5
1
30
19
5
1
35
1
7
2
14
3
2
1
11
5
6
3
49
1
2
1
25
1
12
3
54
2
5
1
16
1
12
1
32
2
12
2
27
1
8
2
53
3
2
3
60
22
10
2
1
2
10
3
52
8
3
2
1
3
12
1
28
3
5
3
8
3
7
1
60
1
10
3
9
1
12
1
13
9
12
2
60
3
1
3
6
5
4
1
10
8
5
2
32
1
1
3
38
10
2
2
31
5
1
3
71
4
7
1
23
1
12
3
60
14
9
1
15
2
7
3
7
4
4
1
7
2
2
3
3
10
5
3
15
4
6
3
18
18
1
1
41
3
9
3
16
6
9
2
43
4
10
2
13
2
9
3
36
11
7
2
2
3
3
2
30
3
5
2
12
3
8
1
52
3
6
1
13
4
8
1
34
7
6
2
16
2
12
2
29
1
11
2
7
1
2
1
68
2
10
1
65
1
7
3
31
10
7
3
17
12
1
2
41
4
3
3
30
11
11
1
23
3
12
1
71
2
7
2
61
3
12
1
41
1
11
3
30
26
1
1
9
12
8
3
44
5
12
2
67
1
6
3
7
3
7
1
6
2
11
1
38
2
1
3
4
13
3
3
34
10
2
2
44
2
7
1
71
3
2
1
47
3
2
2
37
4
9
1
15
5
1
2
40
3
6
1
33
8
3
2
44
3
9
3
1
3
12
1
10
4
2
2
9
3
8
2
39
4
9
1
6
1
7
3
5
3
1
3
23
4
9
3
33
10
6
2
17
2
12
2
2
1
4
3
67
17
3
3
9
30
7
1
66
3
3
2
31
4
5
3
17
7
6
1
36
1
10
1
36
3
3
3
13
7
2
1
39
4
6
3
55
4
10
3
4
23
5
3
61
4
12
3
36
2
10
1
43
3
2
3
14
11
1
1
30
2
11
1
42
2
8
3
42
2
9
2
7
3
8
2
23
2
10
2
33
1
9
1
34
3
4
1
55
2
9
1
14
17
10
1
44
2
3
2
5
1
11
3
47
7
7
1
27
3
11
2
60
2
5
3
66
3
8
3
15
15
8
3
3
9
3
1
60
2
8
3
41
1
10
3
39
2
7
3
10
18
9
1
14
20
10
3
35
8
3
3
22
1
4
1
18
8
10
3
25
1
9
3
61
5
4
2
47
4
8
2
18
3
9
2
6
2
10
2
34
1
6
3
71
3
8
3
65
11
11
1
37
2
6
2
41
1
5
2
9
1
7
1
52
2
7
2
32
2
3
1
2
2
7
2
36
3
6
2
42
1
3
2
45
3
5
1
4
2
3
3
2
10
6
3
1
8
12
2
4
1
11
2
35
3
2
3
27
2
6
2
53
2
11
1
54
2
4
2
18
2
7
2
38
3
8
1
16
5
1
3
13
6
9
1
5
1
10
2
22
2
3
3
39
6
4
1
61
2
9
1
12
10
4
3
23
13
7
1
31
6
8
3
16
2
4
1
63
2
4
3
29
9
1
3
40
2
7
3
18
17
12
1
45
2
10
3
43
4
11
3
32
6
3
3
26
4
10
1
7
9
3
2
5
3
10
2
36
2
1
1
40
1
12
3
53
1
3
3
47
2
8
1
65
2
3
3
55
6
6
2
68
1
12
2
17
1
7
3
11
8
4
2
39
1
12
3
27
10
9
1
3
2
7
3
28
7
3
1
35
4
11
2
12
1
3
2
47
2
2
2
40
1
4
3
68
10
8
3
35
1
10
2
14
2
3
1
53
2
8
3
25
4
8
1
61
3
9
1
53
1
9
3
45
3
12
1
67
1
9
2
66
1
4
2
66
2
2
3
63
6
10
3
2
9
6
1
25
2
5
1
49
2
6
3
31
23
11
2
4
3
1
3
38
3
10
2
13
3
2
1
40
2
4
2
22
3
8
2
55
1
2
3
40
4
3
3
8
4
11
1
17
15
9
2
8
3
2
2
28
1
9
1
42
1
4
2
35
1
9
2
3
1
10
1
29
2
9
2
49
4
1
3
5
4
2
3
26
6
1
3
32
9
2
1
66
1
9
1
38
3
7
3
37
5
6
3
28
5
7
1
37
1
4
2
54
2
2
2
54
1
6
3
22
9
4
2
34
3
2
2
52
2
11
1
47
1
4
3
11
6
1
3
52
9
1
1
1
3
10
3
42
1
4
1
33
4
6
1
22
1
11
3
67
21
4
2
67
2
7
1
8
7
11
2
61
1
5
3
65
4
4
1
8
5
8
1
63
1
5
2
52
4
10
2
68
3
12
3
12
1
5
3
33
2
8
2
29
3
8
2
10
2
1
1
12
8
10
2
11
2
5
1
28
2
12
3
34
5
2
2
43
5
8
