2
8
1
1
1
47
3
10
1
36
1
2
3
65
3
3
1
63
2
9
1
15
3
2
1
28
3
10
1
54
1
6
1
66
2
3
2
30
3
1
2
39
2
5
2
17
3
2
1
9
4
12
3
28
1
6
3
39
3
11
2
65
3
9
1
23
2
10
2
34
1
11
3
33
14
3
2
31
1
1
3
30
22
6
1
44
1
12
1
68
2
7
3
41
4
10
2
37
3
7
3
23
7
2
1
67
1
1
2
25
2
3
2
28
3
3
1
45
2
7
1
12
5
10
3
34
11
3
3
27
12
7
2
4
3
7
1
1
1
8
1
16
3
7
2
40
2
12
3
14
23
7
2
7
2
5
2
23
1
1
1
37
1
3
2
44
3
4
1
7
2
9
1
26
3
5
2
65
1
2
3
17
1
10
1
49
1
1
3
43
3
8
3
27
6
6
2
43
2
1
3
23
11
7
2
5
1
4
2
68
4
4
2
67
1
4
2
42
1
9
2
47
1
3
2
22
1
2
2
23
3
7
2
34
3
3
3
44
4
6
3
41
2
1
3
3
8
1
1
61
3
4
2
2
2
7
1
17
4
1
2
55
1
7
1
71
2
3
1
4
3
1
1
47
2
6
3
3
10
12
3
40
6
11
2
26
4
4
2
9
1
3
2
22
2
5
3
55
5
9
3
43
5
1
1
63
1
11
3
14
1
2
3
17
6
10
1
60
1
7
3
7
2
5
3
10
19
1
2
38
3
5
3
63
12
7
2
30
2
8
1
42
2
1
2
25
1
11
1
34
11
1
3
13
9
4
2
5
2
4
3
30
4
4
3
39
9
5
1
13
4
3
3
53
8
3
2
36
1
7
2
55
3
12
2
35
1
12
2
41
4
8
2
40
3
4
3
11
21
6
1
41
3
11
1
44
2
1
2
32
4
9
3
49
6
11
3
28
3
6
2
29
2
2
2
53
1
4
3
47
9
3
1
16
5
8
3
9
29
2
2
31
4
4
1
68
1
11
3
18
20
3
1
22
3
12
1
18
11
4
2
13
3
12
3
66
9
5
1
52
2
8
2
52
3
2
1
55
2
8
3
32
8
3
2
15
3
9
2
2
1
12
3
52
16
7
3
16
4
10
1
35
1
4
2
9
3
3
3
9
13
9
2
29
1
9
2
68
1
10
3
29
12
9
1
53
2
4
1
27
3
11
1
25
2
7
2
17
1
7
3
67
9
12
2
4
2
4
3
1
9
5
1
39
3
4
2
54
1
2
2
44
5
8
2
63
1
2
2
26
1
12
1
40
3
2
3
4
6
12
3
12
4
6
1
25
3
11
1
37
2
5
3
1
6
6
2
47
4
7
3
60
19
8
1
14
13
2
1
30
20
6
2
39
3
7
2
36
4
9
1
26
2
2
3
15
13
11
2
10
3
7
3
66
2
8
2
27
2
11
2
15
2
1
1
32
3
2
3
42
1
3
2
11
2
11
2
33
2
11
2
66
3
5
2
43
3
11
3
22
9
9
3
26
11
3
2
6
3
10
1
29
2
7
1
8
5
10
1
12
1
2
1
31
5
5
3
52
10
3
3
13
1
8
1
66
1
1
1
10
3
1
2
71
1
11
1
67
2
4
1
2
6
12
2
14
3
5
3
65
18
5
2
3
3
2
1
38
3
1
3
6
5
8
1
41
2
7
2
1
1
7
1
14
11
7
2
67
2
7
1
15
5
9
3
61
6
11
1
36
2
8
1
7
6
6
3
5
4
6
1
34
10
5
2
38
4
8
3
61
3
3
3
55
6
1
3
36
7
6
3
18
12
10
2
14
2
7
1
11
9
10
3
10
15
11
2
16
2
4
2
7
3
5
1
3
7
6
3
35
1
8
3
71
1
8
2
49
2
7
2
12
3
8
3
37
12
3
2
6
2
7
2
37
2
3
1
38
1
1
3
25
8
2
2
3
1
2
1
65
2
3
3
68
12
8
3
31
28
7
3
38
9
7
2
54
2
5
3
34
9
4
3
44
7
9
3
38
7
4
2
42
3
5
3
2
12
3
3
11
11
8
3
67
37
12
2
16
3
5
2
53
3
6
1
2
3
4
1
22
2
1
3
29
2
7
1
43
3
1
3
36
13
7
2
18
4
3
2
60
1
8
2
35
2
5
3
63
5
6
3
40
4
4
3
47
5
3
1
43
1
12
2
10
1
6
1
29
3
11
2
8
2
9
1
31
4
3
2
18
2
4
3
42
4
6
3
45
7
9
1
52
3
6
1
61
1
7
3
35
6
5
2
45
1
11
1
9
7
11
3
71
2
10
2
13
1
2
1
1
3
6
3
45
4
9
2
66
1
6
3
22
5
2
1
23
3
12
1
30
21
1
1
5
2
10
3
16
1
2
2
49
4
5
1
42
1
11
3
26
7
8
3
54
1
1
1
8
15
6
2
11
3
12
1
10
4
5
1
55
1
10
1
53
1
7
1
33
1
3
3
60
13
5
1
17
5
5
1
18
7
1
3
25
1
10
1
45
1
10
1
65
1
6
3
12
7
6
3
15
6
2
2
28
2
10
1
6
1
10
3
6
2
1
3
53
4
2
3
31
14
5
1
49
2
9
2
45
3
12
1
33
6
5
2
61
1
1
3
37
4
9
2
63
2
8
3
33
22
7
2
71
2
10
1
6
2
2
1
4
6
2
1
13
5
3
1
32
7
11
2
27
1
5
2
12
1
12
1
54
3
9
3
2
11
3
1
27
2
9
2
33
1
11
1
40
1
2
3
49
8
3
3
7
1
1
3
32
7
2
3
68
8
8
1
39
2
7
3
54
2
3
2
1
2
9
2
60
3
11
2
41
2
6
1
5
1
10
2
52
6
4
1
11
5
9
1
28
2
12
1
3
11
12
2
32
3
6
1
71
3
11
3
8
7
4
2
61
2
10
3
5
2
9
3
8
16
5
1
35
4
8
1
60
2
6
3
4
16
4
