3
33
11
9
2
53
3
12
2
31
2
8
2
67
2
6
2
15
2
3
3
10
10
8
2
22
1
9
3
41
4
8
2
30
1
7
3
43
8
6
3
60
32
9
1
43
3
11
3
49
8
4
3
43
7
6
1
22
2
10
1
15
3
1
2
6
2
2
2
67
1
10
1
13
1
3
2
12
3
12
1
66
3
7
1
10
7
2
3
34
11
7
3
3
10
9
2
29
1
9
1
61
2
12
1
9
14
12
2
39
3
1
3
22
11
2
1
68
2
4
3
55
8
4
2
25
2
8
2
65
1
11
2
13
3
11
2
18
4
6
2
44
2
9
3
32
11
7
1
45
2
5
3
18
2
6
2
8
1
8
1
31
12
12
1
28
1
7
1
1
3
6
3
67
38
10
1
5
2
8
1
55
1
7
1
60
2
9
1
49
2
8
2
17
1
3
1
4
1
8
2
39
1
5
3
25
6
3
3
42
1
11
2
47
1
2
1
12
15
6
3
68
11
4
3
60
22
2
3
71
2
5
1
47
3
4
1
42
2
2
3
63
5
4
2
40
1
11
2
41
2
7
3
15
9
2
1
31
7
3
1
35
1
4
1
14
17
7
2
68
1
7
2
8
2
3
1
26
2
11
2
9
2
4
1
54
3
9
3
38
11
2
3
39
4
3
2
37
1
12
2
28
2
8
2
28
1
5
1
52
3
9
3
23
2
8
1
67
2
5
2
43
4
9
3
16
7
5
3
28
14
2
1
54
2
3
2
12
2
5
3
40
1
10
3
44
4
9
3
66
6
11
1
3
5
12
3
6
1
10
3
3
6
7
2
11
1
5
3
30
8
9
3
31
29
6
3
65
2
2
3
44
6
7
1
7
9
4
2
68
3
10
3
27
7
6
3
13
6
1
2
27
3
5
3
17
3
8
1
1
2
11
2
33
2
10
1
32
5
12
1
30
21
10
2
29
2
11
1
29
1
4
1
3
6
12
1
45
1
6
2
32
4
9
1
22
1
8
3
10
14
4
1
53
2
2
3
18
12
4
2
4
2
6
2
1
1
2
1
4
2
5
2
15
3
9
3
11
11
7
3
5
3
2
3
17
2
1
3
11
4
8
3
22
4
7
2
41
5
9
3
9
29
12
1
37
2
5
3
54
2
11
2
42
2
1
2
3
2
8
1
2
3
3
1
44
3
1
1
10
6
7
2
43
3
3
3
1
5
11
2
23
1
2
2
42
1
10
2
35
3
12
1
27
3
11
3
1
3
2
1
25
1
6
1
11
7
9
1
16
3
7
2
3
3
8
1
33
2
12
2
38
5
8
2
37
4
4
3
31
27
3
2
54
1
6
2
14
2
11
1
41
1
1
1
26
3
2
2
49
2
12
2
18
2
10
2
26
3
12
3
12
6
5
3
29
10
3
3
4
9
9
1
9
7
8
3
34
7
1
2
60
3
11
3
4
16
4
1
18
11
6
1
18
3
11
3
53
2
6
2
61
1
1
3
6
5
8
1
11
3
9
1
71
1
2
1
65
1
1
2
52
7
11
1
67
3
7
1
71
3
3
1
61
3
1
1
36
2
12
1
41
3
11
3
14
25
9
2
36
5
6
1
55
2
1
1
27
1
4
3
9
1
1
2
22
2
12
2
38
2
9
3
32
5
11
1
34
4
10
2
44
5
9
3
28
16
5
3
29
1
10
3
42
2
12
2
4
1
11
1
23
3
2
3
67
6
4
2
11
2
9
1
16
4
3
1
65
2
3
3
52
17
5
1
33
6
6
3
61
9
4
2
33
3
12
2
16
3
12
1
2
4
5
2
40
2
2
2
71
3
5
1
39
2
8
3
47
9
4
3
26
6
7
1
35
4
4
3
25
8
9
3
63
6
6
2
45
4
2
1
12
8
6
3
27
16
2
1
42
1
8
1
30
5
4
2
1
3
5
3
41
2
9
2
49
1
3
3
33
6
1
2
14
1
8
1
28
2
5
1
47
1
9
2
71
1
10
3
14
3
9
2
32
2
10
2
10
2
12
2
25
3
5
2
66
1
11
3
37
10
6
3
8
6
7
2
13
2
3
1
68
1
3
3
39
10
7
2
5
3
4
3
38
2
6
3
15
11
3
2
34
3
7
3
65
20
2
2
35
2
2
3
36
14
10
1
8
17
8
2
31
1
7
3
30
28
11
2
55
2
4
3
68
8
11
1
49
1
8
2
23
2
10
1
7
10
11
1
8
11
4
3
49
3
6
3
71
5
6
1
40
3
3
1
13
9
1
3
66
3
10
1
52
2
7
2
26
2
7
1
14
9
2
2
7
2
10
3
16
6
3
2
6
3
8
1
63
2
12
3
61
6
9
2
60
4
3
1
66
1
1
3
23
17
12
1
6
1
2
1
15
2
4
2
30
4
4
1
38
2
8
3
8
10
2
3
47
3
9
3
7
3
11
1
23
1
9
1
43
2
11
3
40
5
11
2
66
2
5
2
7
3
12
2
17
3
10
2
53
1
11
1
32
2
3
3
55
5
10
3
12
7
6
1
5
1
7
1
53
1
11
2
36
4
8
2
61
3
4
3
35
7
7
1
25
3
8
2
47
4
10
2
5
2
2
1
17
5
6
3
26
3
5
2
52
2
9
3
37
6
2
1
38
1
12
3
53
6
11
1
40
1
7
1
39
3
8
3
13
1
2
3
2
1
1
2
34
2
10
2
9
1
2
1
60
1
11
2
65
4
9
3
35
3
10
2
55
1
9
3
36
7
2
1
44
1
4
2
63
2
1
3
7
2
12
3
45
5
12
3
45
3
11
2
2
2
11
3
5
2
12
3
54
1
7
3
2
10
1
2
2
1
3
2
45
3
7
1
29
2
4
3
52
7
3
1
34
5
5
2
27
1
11
2
54
2
4
1
36
1
12
2
10
1
3
1
37
1
9
1
17
8
9
2
63
1
9
1
63
1
8
1
6
2
9
2
16
1
5
