1
7
11
5
3
13
9
3
1
3
9
5
1
17
9
9
1
16
6
12
1
61
3
1
2
53
2
10
1
7
8
6
2
4
2
2
3
6
2
6
3
35
3
8
3
11
11
12
1
47
2
10
3
15
16
3
2
41
5
7
2
5
1
9
2
28
1
1
3
32
11
11
3
17
11
10
1
52
1
6
1
36
1
5
3
31
2
3
2
71
1
3
3
11
5
3
1
47
1
10
2
6
3
12
1
28
1
3
3
54
2
5
1
9
8
4
2
71
3
6
3
43
2
9
3
28
11
5
1
65
1
5
2
66
3
2
1
32
2
12
2
18
3
11
2
67
1
2
3
6
4
11
2
43
2
12
2
68
1
2
1
6
1
7
1
39
4
8
2
9
2
8
2
14
1
11
3
1
6
8
1
54
3
2
2
7
3
1
3
16
7
9
1
13
3
3
3
5
1
9
2
45
3
5
3
10
25
7
3
66
2
9
2
16
1
7
2
4
1
3
3
26
11
12
1
55
2
1
2
8
1
7
2
34
1
3
3
45
1
8
2
25
1
5
1
18
9
1
3
49
7
7
1
13
4
9
3
10
20
1
3
23
18
9
2
41
2
2
2
40
3
8
2
42
1
6
1
63
2
11
3
55
1
2
2
53
1
1
2
30
3
8
1
44
2
8
3
25
6
4
3
66
3
5
3
3
1
8
2
25
3
1
2
39
1
8
2
39
2
4
1
15
3
5
2
60
3
7
3
52
8
6
3
23
1
9
2
29
2
9
3
55
6
4
2
37
2
9
2
27
1
7
2
43
3
11
2
65
3
7
1
31
18
6
3
2
3
6
3
53
8
12
3
65
20
1
2
31
4
6
1
23
3
5
3
29
16
5
3
7
1
9
3
39
2
3
2
13
1
4
2
17
3
8
2
63
3
5
3
18
3
4
2
42
2
1
2
15
2
12
3
40
3
4
1
68
1
2
3
60
30
9
1
45
1
11
2
30
1
9
1
25
2
2
2
37
1
1
2
32
3
4
3
15
4
9
3
2
10
6
3
34
1
4
1
2
7
8
3
36
6
6
3
12
5
12
2
40
2
9
1
52
3
4
3
47
8
1
3
4
21
3
1
8
2
1
2
2
3
11
1
1
2
5
1
66
1
3
2
1
3
10
1
49
2
9
1
34
1
10
1
29
3
3
1
17
15
4
2
11
2
12
2
12
3
10
1
43
1
2
2
36
3
1
1
11
6
11
1
54
2
12
3
32
6
5
2
31
5
1
3
38
10
11
2
55
3
3
1
44
3
3
2
36
2
3
1
40
1
9
3
45
6
4
1
42
2
3
2
61
3
5
1
37
1
11
2
26
4
1
3
52
5
4
1
67
3
11
3
65
4
6
3
42
4
3
2
27
3
7
2
63
1
11
3
22
11
10
2
45
2
2
1
71
1
2
3
67
33
7
1
61
1
3
3
13
6
3
3
68
7
8
3
47
1
2
3
33
1
4
2
15
1
10
1
22
3
6
1
55
1
5
2
29
3
10
1
22
1
11
2
32
2
11
1
35
3
6
1
25
3
8
2
12
1
11
3
61
5
4
2
34
3
11
2
22
3
8
1
42
1
11
3
67
19
4
3
40
1
9
2
60
1
3
2
28
2
4
2
49
1
6
2
61
2
8
1
45
2
12
2
44
4
9
2
1
1
7
2
38
1
12
1
29
1
7
2
38
4
9
2
7
1
1
3
34
4
6
1
5
1
4
2
18
4
10
2
49
3
8
2
65
4
6
2
9
3
4
1
16
2
5
3
22
9
1
3
38
3
4
1
32
6
3
1
26
1
10
3
18
13
11
3
12
4
5
3
68
9
1
3
41
1
6
2
3
2
4
2
35
1
3
3
63
7
5
3
8
13
10
3
63
11
5
1
33
7
9
3
41
4
8
1
71
2
8
3
44
1
8
1
41
2
4
3
29
4
5
3
71
1
5
1
9
11
8
1
31
2
5
1
53
2
7
3
33
8
10
2
67
2
8
2
33
2
9
3
27
13
3
3
53
7
11
1
38
2
5
3
49
4
8
3
44
3
1
3
36
12
2
1
40
2
9
2
26
2
4
2
44
3
9
1
41
1
6
3
71
2
7
1
53
1
10
3
43
6
12
1
26
3
3
3
39
8
12
2
68
3
7
1
1
1
4
2
8
2
3
2
22
1
10
1
38
3
1
2
47
4
8
1
27
2
10
1
10
5
11
1
2
3
5
2
5
3
8
2
11
3
5
1
3
6
6
1
39
3
12
1
14
16
11
3
8
11
1
1
23
1
7
3
37
8
12
3
9
3
6
3
14
25
12
1
68
2
1
1
11
1
6
2
52
3
10
2
10
3
6
1
10
3
11
2
13
3
5
3
30
7
6
1
60
1
9
1
65
2
7
3
27
1
2
1
30
11
6
1
27
3
11
3
7
3
4
1
36
2
9
3
60
14
6
2
16
2
4
2
52
4
5
2
14
2
10
3
1
1
4
3
17
1
10
3
54
1
8
2
2
1
11
2
54
1
7
1
14
17
6
1
30
20
4
3
4
6
6
2
55
1
1
3
30
26
9
1
49
1
1
3
26
1
7
1
28
2
3
2
23
2
3
3
28
4
2
1
12
4
8
2
35
3
2
2
3
1
7
3
16
4
11
3
5
5
3
1
6
2
4
3
14
10
2
3
25
4
1
1
37
2
9
3
31
14
1
1
35
1
11
1
33
4
5
3
3
10
9
3
35
5
5
3
37
11
5
2
66
2
8
1
4
8
8
1
60
2
12
2
23
1
1
1
18
8
4
1
34
4
11
2
47
2
3
2
6
2
3
1
8
3
8
1
15
2
2
1
66
2
4
2
54
2
12
3
9
17
1
1
43
3
4
1
67
1
3
3
42
2
8
1
63
1
12
2
17
1
6
1
5
2
3
1
12
5
7
3
61
10
9
2
33
1
4
1
4
2
9
2
10
2
6
