1
7
9
12
1
32
1
1
2
60
4
12
1
52
3
5
2
31
3
8
1
68
2
9
3
52
11
5
2
27
2
11
1
29
3
2
1
26
2
3
3
6
4
1
1
71
1
5
1
41
3
3
2
36
1
3
3
38
1
1
3
37
10
8
1
71
3
3
2
71
1
7
2
35
2
5
3
14
18
3
1
1
1
9
3
10
7
12
1
47
3
1
2
47
3
12
2
45
1
7
3
8
11
5
3
13
9
4
3
33
2
6
3
44
5
5
3
18
24
1
3
31
29
3
2
41
1
11
1
13
4
11
2
11
2
4
1
45
2
5
2
10
1
8
2
42
1
12
2
33
1
9
2
35
1
4
1
10
2
3
2
65
2
8
1
23
1
5
3
4
23
1
2
38
1
10
3
44
4
12
1
12
1
2
2
2
3
9
3
34
8
6
3
5
3
1
3
42
2
11
1
54
2
4
2
13
3
3
1
15
2
9
3
11
8
4
2
16
1
4
1
18
1
12
1
30
15
10
2
68
2
7
1
55
2
7
1
44
1
10
1
40
3
10
1
3
2
4
3
67
18
9
3
63
12
11
3
32
8
7
2
3
3
5
1
53
1
9
3
55
16
9
3
53
5
1
3
45
2
12
2
71
2
7
3
49
3
10
2
15
2
10
2
65
4
1
3
54
1
5
1
61
2
5
3
65
19
6
2
18
2
9
3
15
11
2
1
13
5
3
2
3
2
5
3
71
1
12
1
35
4
2
2
14
1
9
1
16
5
10
2
12
2
12
1
40
2
5
3
40
3
8
1
37
1
3
2
40
3
10
2
29
3
1
1
3
10
1
2
67
2
1
3
35
3
1
2
5
3
12
1
28
2
7
1
41
2
12
3
35
5
7
3
1
10
2
2
12
3
9
1
65
1
6
2
7
1
11
2
4
1
10
1
25
2
6
1
67
1
11
1
31
16
7
3
54
2
4
3
29
10
10
2
25
1
8
1
34
3
1
2
4
3
6
2
29
2
1
3
68
7
2
2
6
2
9
3
30
19
12
3
32
3
8
1
11
3
8
3
68
1
2
1
8
8
4
2
54
2
6
1
14
11
1
2
61
3
1
3
71
2
4
1
68
1
3
2
32
2
5
1
42
2
10
1
66
3
2
2
17
1
9
2
13
2
7
3
34
7
9
2
9
1
8
2
22
3
10
2
53
1
3
2
7
2
5
3
1
1
1
3
4
14
8
1
54
3
10
2
26
1
5
2
39
3
5
2
16
3
2
2
44
4
9
1
36
3
6
3
30
12
5
3
13
5
9
3
18
16
6
1
60
1
1
2
47
1
3
2
5
2
4
3
63
5
9
1
2
3
4
1
17
12
10
2
18
3
2
3
27
8
4
1
66
1
5
2
23
1
5
2
45
4
12
3
65
14
7
3
67
23
8
1
12
15
12
1
33
4
12
2
42
2
12
2
25
3
2
1
43
2
1
2
38
3
11
3
45
7
10
2
14
2
6
3
22
3
4
3
41
4
1
3
53
6
8
2
27
3
6
3
14
16
4
3
25
5
12
3
16
2
12
1
7
8
4
3
60
8
6
3
6
2
5
1
29
1
3
3
37
12
5
1
67
2
8
2
10
3
11
1
2
1
5
1
45
1
8
1
38
3
3
2
17
2
10
2
8
2
8
1
5
1
1
3
28
1
9
3
25
2
11
2
52
3
8
3
26
12
10
1
39
2
10
3
9
25
8
3
5
1
10
1
18
9
4
3
12
3
8
3
33
20
7
2
49
3
4
3
2
11
6
2
32
4
6
2
43
3
4
2
1
1
1
2
60
1
5
3
61
10
6
1
11
8
9
1
55
1
5
3
22
11
4
3
52
3
2
2
28
3
2
1
6
1
10
1
63
1
8
1
17
11
12
2
8
1
8
3
16
6
6
3
17
12
2
1
25
3
7
2
34
1
7
3
17
3
6
1
53
2
2
3
7
3
6
1
15
5
7
3
28
9
8
3
40
2
2
1
9
13
4
1
60
2
2
3
55
9
6
3
66
1
12
2
66
3
1
2
63
2
9
3
23
5
11
1
42
1
12
2
22
1
8
2
68
4
12
1
34
6
12
2
55
2
1
3
23
6
5
2
67
1
8
3
2
12
9
2
2
2
5
3
49
6
1
2
52
4
9
3
61
2
12
3
11
6
2
2
41
2
12
2
37
1
9
1
4
2
8
1
26
3
8
1
1
2
2
2
53
3
3
1
32
7
7
3
39
10
8
3
60
21
3
1
38
2
2
3
43
2
12
3
43
6
12
1
65
2
5
3
41
1
12
2
34
3
9
3
7
4
3
3
36
8
5
1
28
3
5
3
10
22
1
2
30
3
2
2
54
1
8
2
33
3
11
1
27
2
7
1
47
2
4
2
6
3
12
2
66
2
12
1
63
2
3
1
6
2
3
1
9
2
4
2
9
3
10
2
31
4
11
1
52
1
11
3
15
14
3
1
5
2
2
2
30
1
2
1
22
1
10
1
33
6
10
1
39
3
11
3
9
32
11
1
16
6
4
3
38
7
10
3
29
5
7
1
23
2
9
2
39
4
7
1
61
3
5
2
55
1
9
2
23
2
9
3
47
7
2
3
3
2
6
3
47
10
4
3
66
2
1
1
10
6
7
1
27
1
1
3
26
7
5
1
4
8
4
2
37
3
2
2
43
1
2
1
49
1
12
3
31
4
8
3
12
4
12
2
36
3
8
3
8
2
1
2
49
2
11
1
36
2
12
1
37
2
10
1
43
3
12
1
49
2
2
1
30
5
11
2
63
1
11
3
36
14
12
1
44
2
9
3
42
4
7
1
35
3
3
1
22
3
2
2
1
2
6
2
61
2
9
2
28
2
11
1
31
1
2
3
3
5
10
2
44
1
5
2
40
1
7
2
15
1
12
1
8
7
11
1
14
15
1
2
11
1
5
3
27
10
11
3
39
9
11
2
26
4
12
