2
47
1
12
2
11
2
8
2
33
1
12
3
39
3
3
2
55
3
12
1
60
1
11
1
39
1
10
1
23
1
3
2
26
3
1
1
43
3
7
2
37
3
10
3
61
5
10
1
4
8
10
2
68
4
2
3
31
10
8
3
17
2
10
1
67
1
1
3
47
5
9
3
60
18
5
2
10
3
9
1
22
3
4
3
67
27
3
3
60
31
4
2
30
1
1
3
32
3
11
3
36
15
3
2
66
3
12
2
44
3
11
2
67
2
1
1
14
13
2
1
26
3
11
1
28
3
1
1
55
2
10
3
71
1
12
3
41
3
7
1
36
1
7
3
29
13
1
3
13
5
10
3
32
2
2
3
23
8
11
1
17
6
6
1
38
3
12
2
1
2
3
1
8
4
12
1
12
7
5
3
1
3
4
3
6
5
3
2
42
3
12
2
54
1
8
1
53
1
4
1
68
3
1
1
3
5
5
3
49
5
5
1
45
2
9
1
28
2
3
2
15
3
4
2
22
1
12
1
31
17
5
2
43
1
2
2
27
1
7
2
26
2
10
3
9
12
2
1
13
7
1
2
15
1
10
3
15
2
5
3
12
7
2
3
66
6
3
2
16
3
10
2
29
2
12
1
30
2
12
2
13
2
1
1
36
3
11
3
68
11
1
1
54
2
6
2
34
3
1
2
25
2
3
1
66
1
7
2
11
1
12
2
61
1
6
1
52
3
8
1
47
2
1
2
41
3
6
3
5
3
10
3
11
6
2
1
13
6
10
3
43
2
8
1
67
3
1
1
16
6
1
3
16
4
8
1
1
1
4
2
2
2
4
3
40
2
2
2
36
1
7
3
39
4
2
3
29
9
10
2
65
4
7
3
61
8
12
3
28
10
6
1
71
3
5
2
31
1
10
1
23
3
10
1
2
4
7
1
39
4
5
1
40
1
12
1
41
1
10
1
38
2
1
2
71
2
12
2
40
3
12
3
38
6
11
2
49
2
3
2
40
4
6
2
23
1
8
3
67
4
3
1
60
2
12
1
14
4
1
3
54
1
10
2
42
1
1
2
14
3
6
2
17
1
12
1
49
2
9
3
55
11
5
3
34
2
12
1
32
5
6
2
31
3
6
2
16
1
7
3
9
24
1
1
33
7
1
2
23
2
10
1
55
1
1
2
71
3
3
1
42
1
11
2
55
2
6
2
38
1
7
1
34
11
3
3
71
2
3
3
53
2
4
2
29
3
1
3
18
11
9
3
44
7
9
2
63
1
10
3
45
4
4
3
55
5
4
3
30
23
1
1
52
1
8
2
68
2
7
1
11
11
6
3
28
2
11
3
37
7
11
1
27
3
3
1
44
3
6
2
3
2
10
1
29
2
2
2
60
2
1
2
8
1
1
2
53
2
2
3
3
4
4
2
45
4
1
1
41
3
9
1
25
3
9
1
44
1
3
3
10
20
6
1
8
11
2
1
61
3
4
2
1
3
9
3
2
10
4
2
25
1
10
3
42
2
4
3
34
9
7
3
7
3
9
1
22
2
4
2
7
1
3
3
47
10
4
2
9
3
12
2
22
2
12
2
43
4
6
1
29
1
10
2
35
1
11
2
54
2
7
1
15
3
7
2
53
3
12
2
52
4
7
2
66
1
2
2
14
2
3
2
37
4
4
2
12
2
5
2
6
1
11
3
6
4
10
1
27
1
9
1
54
3
7
1
5
1
6
1
6
2
11
2
2
3
6
2
34
2
8
1
43
2
4
3
22
7
12
1
2
5
10
1
33
3
8
3
44
6
8
3
42
3
5
3
26
6
1
3
30
6
11
3
15
7
2
2
39
1
4
2
38
3
8
2
41
5
9
3
12
2
6
3
37
3
1
1
66
2
8
1
35
1
10
2
5
3
9
2
67
1
2
3
26
3
2
2
18
1
9
1
37
1
12
1
18
10
4
1
10
3
2
3
35
4
10
1
68
2
6
3
38
4
12
1
9
10
8
2
36
5
4
3
65
10
4
3
4
13
1
1
71
2
5
1
65
1
7
3
14
18
10
1
30
15
11
2
28
3
5
3
65
19
12
1
16
7
1
3
27
12
6
3
52
12
12
1
18
14
7
1
45
1
6
1
47
3
8
1
3
2
9
3
2
6
2
2
32
2
2
2
10
2
4
1
1
3
6
2
7
2
6
3
36
8
3
3
17
17
6
2
28
2
12
3
3
6
10
3
63
1
10
2
17
2
5
2
27
3
10
3
14
2
1
2
9
2
6
1
7
4
10
3
5
1
12
3
8
19
3
3
22
2
7
3
33
8
4
1
53
2
8
1
4
1
3
2
47
4
1
3
25
9
7
2
5
2
2
3
41
1
2
2
4
2
1
1
42
2
3
3
10
15
2
2
65
1
12
2
18
3
6
2
45
3
10
1
37
2
1
3
1
9
10
1
25
2
1
3
25
6
5
1
15
2
11
1
61
1
7
1
9
5
12
3
43
5
7
2
4
1
5
1
31
5
6
2
49
1
7
3
63
9
5
2
30
4
11
1
26
2
2
2
33
3
2
3
49
7
1
3
16
3
10
3
4
6
6
1
35
2
6
1
32
7
5
2
8
3
11
2
3
1
11
1
6
1
11
1
17
2
7
3
11
22
5
2
63
2
6
3
54
2
9
3
23
16
2
3
53
5
11
3
33
13
4
1
11
8
11
1
40
2
4
3
27
17
2
1
49
1
7
1
34
10
11
2
32
3
5
1
63
2
5
3
66
9
3
2
52
2
6
3
7
1
4
1
12
16
10
3
31
13
7
3
45
1
12
1
65
2
6
2
61
3
1
3
18
14
1
2
35
3
12
1
5
2
4
1
7
9
9
3
35
1
10
2
60
3
5
1
10
1
7
3
52
11
5
3
40
1
4
2
39
3
12
2
13
1
8
2
44
1
7
2
6
3
5
3
68
9
6
3
13
3
3
1
63
1
2
3
8
6
1
2
12
1
8
