1
16
6
5
1
10
7
3
1
65
1
8
1
26
2
10
3
37
1
10
2
43
5
2
3
33
11
3
2
4
3
7
1
33
3
10
2
18
4
10
1
17
3
12
3
6
2
12
1
43
1
12
3
47
6
7
1
17
8
1
2
33
1
7
1
41
2
8
3
32
6
12
1
15
3
6
1
30
9
3
2
16
3
1
3
40
3
6
2
34
3
7
1
5
1
2
2
17
3
6
3
17
17
3
1
31
10
5
2
22
1
7
2
4
2
9
2
61
1
9
2
13
1
5
2
65
1
12
3
29
13
3
3
39
4
11
1
26
1
9
1
14
19
7
3
17
7
3
2
1
3
12
3
1
10
4
2
35
3
2
3
22
5
11
1
38
3
3
2
2
1
8
3
4
4
8
3
28
10
10
1
42
1
3
1
47
3
10
2
43
3
6
3
61
5
7
3
68
2
1
3
6
5
4
3
23
13
5
3
1
6
4
3
3
8
1
2
33
3
4
1
52
3
8
1
36
2
2
2
53
1
1
1
25
3
10
2
18
3
6
1
66
3
7
1
27
1
3
1
35
1
11
3
35
8
3
1
28
3
12
3
41
2
9
1
41
1
7
3
34
8
11
2
65
3
10
3
66
6
4
3
12
6
10
1
11
1
5
2
36
4
11
1
35
2
3
2
63
2
3
2
68
3
6
3
45
5
8
1
60
1
5
1
42
2
3
2
30
2
11
2
17
2
2
2
40
4
11
2
67
2
9
2
31
3
4
1
53
2
3
2
13
2
11
3
18
10
3
2
34
2
10
2
29
3
11
1
40
2
4
3
65
14
10
2
27
2
10
2
41
2
10
3
40
2
1
1
53
1
1
3
26
1
11
2
14
2
11
2
66
3
7
1
1
3
8
3
18
18
4
2
71
1
9
3
3
9
2
3
71
4
7
3
12
5
9
2
45
2
8
1
54
2
5
3
43
2
11
3
60
28
1
2
38
3
7
3
47
3
1
3
23
12
11
3
9
21
3
1
13
4
8
2
42
1
1
1
22
3
3
2
27
3
8
2
9
3
8
1
39
2
3
1
66
1
12
2
67
1
9
3
67
4
5
3
60
18
12
1
44
2
11
2
15
3
9
3
42
4
7
2
44
2
4
1
22
1
5
1
45
2
5
1
14
8
2
2
28
1
12
1
3
7
3
3
35
3
12
3
52
6
1
1
12
15
9
2
49
2
11
3
15
14
2
3
31
24
5
3
8
7
2
3
30
18
4
3
22
12
8
1
29
1
9
2
71
3
11
1
2
7
12
2
32
1
6
2
61
2
8
1
18
4
12
3
11
26
9
2
5
1
7
1
45
1
2
2
3
2
6
3
42
3
7
3
39
1
6
2
39
4
7
1
13
7
10
3
36
5
10
1
52
1
7
2
63
3
2
3
38
4
2
2
2
3
11
1
29
2
1
3
2
11
1
1
68
3
1
1
63
1
9
2
53
3
9
1
4
7
8
2
60
4
9
1
34
6
2
2
26
3
12
3
5
5
1
3
16
6
10
3
49
2
7
3
10
4
5
2
45
1
8
3
25
8
11
1
61
2
9
3
14
24
10
3
16
5
1
3
53
5
9
2
68
4
8
2
25
2
6
3
43
5
2
1
39
4
9
1
30
11
10
1
44
3
7
2
41
5
2
3
55
2
2
3
49
7
12
3
26
8
11
3
37
10
11
1
63
2
6
2
26
4
10
2
11
1
1
1
9
2
12
1
6
2
3
2
66
2
10
3
25
9
7
2
6
1
9
2
52
4
5
2
1
2
9
3
45
7
1
1
23
2
12
2
10
1
3
1
11
2
2
3
13
2
4
3
44
3
7
3
52
12
2
2
8
3
9
3
54
1
12
3
11
14
12
2
28
2
7
3
65
17
5
3
5
1
10
1
16
5
6
1
65
2
1
2
35
1
1
3
38
9
11
2
47
4
3
2
12
3
7
1
71
2
5
1
5
2
9
1
4
6
2
2
32
2
1
1
3
5
1
1
60
2
8
2
60
1
9
3
32
12
1
3
36
4
2
3
44
9
3
2
37
4
1
1
32
6
8
2
54
1
1
2
54
2
12
2
25
1
8
3
71
3
4
1
8
9
2
1
67
3
1
1
37
2
7
1
7
11
1
3
27
3
7
1
49
1
4
2
3
3
8
2
11
3
11
3
7
2
11
3
54
2
11
3
10
13
1
2
55
1
3
3
67
7
7
2
22
3
6
3
4
26
4
2
7
3
8
3
2
5
12
2
14
1
1
1
25
1
10
1
37
1
2
2
6
3
10
3
13
9
5
3
9
10
6
2
52
3
1
1
47
2
10
3
30
12
2
2
38
5
12
1
68
2
7
1
33
4
3
2
8
2
12
1
40
3
7
2
37
2
4
3
55
8
2
2
23
1
5
3
7
3
9
2
49
1
5
1
2
2
7
3
53
6
2
3
66
7
9
1
10
3
11
1
7
7
4
3
41
1
7
2
31
4
2
1
15
2
7
2
7
1
3
3
31
29
3
2
9
2
1
3
27
6
7
3
63
6
11
1
28
1
2
1
6
1
10
1
31
6
2
1
32
1
6
2
39
1
6
1
54
3
10
1
23
1
6
1
43
3
4
2
40
2
8
1
1
1
3
2
42
2
5
3
8
6
11
1
12
1
4
2
29
2
12
2
47
3
8
3
29
17
3
2
10
2
2
3
14
8
9
1
49
2
2
1
36
1
8
1
27
2
10
2
16
2
1
3
61
6
2
2
12
1
4
1
38
1
6
1
55
2
10
1
18
3
7
1
34
3
12
2
30
3
4
3
33
14
12
2
55
2
4
2
44
1
6
1
67
2
7
1
61
3
8
3
34
5
2
1
55
1
3
3
15
8
8
3
68
9
10
1
71
1
1
2
15
1
10
1
8
2
10
2
23
2
10
3
63
10
7
3
28
11
7
1
9
5
3
2
36
3
6
2
5
2
5
