2
25
2
1
1
36
1
6
1
60
2
6
1
7
7
9
2
3
1
6
2
23
3
8
2
37
2
7
3
8
15
1
2
4
2
6
3
2
10
10
3
27
16
1
3
37
3
7
3
18
19
7
3
63
7
7
2
32
1
6
2
3
2
12
3
5
4
7
1
32
5
11
1
17
15
9
2
16
3
3
1
6
2
12
2
65
4
1
1
3
6
6
3
29
16
9
1
65
2
10
1
12
7
2
2
36
5
10
3
1
2
7
2
35
1
12
3
63
9
5
2
2
1
7
2
53
3
6
2
47
1
1
3
1
4
2
3
54
2
7
3
38
7
4
2
16
1
4
1
25
3
1
3
29
19
10
1
1
1
7
1
10
3
8
2
8
3
11
3
6
2
1
3
52
14
10
3
10
10
4
3
68
1
4
1
33
7
3
3
31
25
1
1
68
1
4
2
27
1
10
3
61
4
10
3
42
3
9
1
65
1
3
2
30
4
2
1
61
3
5
3
9
5
2
2
44
5
7
3
32
9
5
1
13
1
4
3
40
3
3
1
27
3
12
2
6
3
6
3
49
8
11
1
11
3
5
2
37
4
4
3
47
5
5
3
30
11
10
3
42
2
12
2
67
1
5
1
55
1
12
2
42
3
1
1
5
1
7
1
44
4
2
1
41
2
9
2
18
1
5
1
23
2
8
2
17
1
6
3
34
9
8
2
42
4
3
3
5
3
12
1
60
1
8
2
1
2
1
3
11
17
2
1
29
2
11
2
54
1
7
3
10
18
11
3
39
9
1
1
16
5
3
1
66
1
4
2
28
1
5
3
71
1
3
2
26
3
12
2
45
3
4
1
27
1
7
2
22
1
4
2
38
5
4
2
60
1
5
3
23
15
8
1
61
1
1
2
40
3
3
2
5
3
10
3
6
1
6
3
65
14
7
3
52
8
5
1
49
1
5
3
16
1
11
3
71
4
8
2
33
2
5
3
44
4
4
1
30
1
12
3
12
4
9
1
8
9
3
3
54
1
8
2
12
2
1
1
16
2
5
2
47
3
10
1
40
1
7
2
63
2
3
2
10
3
4
3
17
14
12
3
53
3
5
2
71
3
10
3
18
9
1
1
42
1
9
3
4
21
3
1
42
2
7
1
4
3
6
3
67
23
3
2
11
3
3
2
22
2
4
2
14
3
2
1
6
1
11
3
26
11
10
2
38
1
9
1
22
2
11
3
26
7
9
2
52
5
1
2
49
2
1
2
43
4
4
3
66
4
12
1
37
2
6
3
28
16
6
1
63
2
2
3
27
9
8
3
37
10
11
3
7
2
7
1
49
2
11
3
68
17
5
1
37
1
2
2
7
3
5
1
54
1
1
1
47
3
4
1
54
2
9
1
1
2
6
3
36
12
5
1
52
2
8
2
41
2
11
3
60
11
10
1
28
2
5
1
22
3
6
2
17
2
6
1
2
5
11
1
30
3
8
1
29
1
12
2
7
1
3
1
43
1
8
2
41
3
2
1
41
1
9
2
54
2
6
1
36
3
7
2
34
2
10
1
35
1
10
1
15
2
9
1
38
3
11
1
63
1
6
2
35
2
12
1
39
4
11
1
28
1
9
2
68
3
10
3
43
5
12
3
41
2
3
1
25
2
12
1
2
7
3
2
39
4
7
2
12
3
2
3
34
5
6
2
29
3
2
1
35
4
9
3
12
7
5
2
25
1
8
2
45
4
8
3
14
21
8
3
3
1
5
1
3
11
2
1
5
2
3
1
12
16
3
3
47
7
3
1
9
8
1
2
29
1
10
3
3
10
5
1
53
1
2
2
55
3
3
1
15
5
4
2
68
2
10
2
34
3
2
2
26
1
5
2
61
2
10
3
32
8
8
1
14
7
12
1
39
2
11
2
31
3
1
3
25
2
2
1
31
3
11
1
43
2
12
2
33
1
7
2
6
1
2
3
38
2
5
1
31
11
3
3
33
13
4
2
1
1
2
1
18
12
1
3
43
1
5
1
14
6
12
3
36
4
9
1
9
3
2
3
4
23
11
3
14
23
4
1
7
11
2
1
38
1
12
2
13
3
6
1
4
8
5
2
4
1
9
2
40
2
10
2
31
2
7
2
9
1
1
1
52
1
4
2
30
5
3
1
45
1
8
3
11
20
11
1
10
8
11
1
34
1
3
3
65
1
3
2
71
2
1
2
5
1
3
2
23
2
2
3
8
11
4
3
67
38
3
2
11
1
3
1
11
10
12
1
13
2
5
1
8
13
2
3
40
4
8
3
16
3
2
2
2
3
2
1
33
5
6
1
26
1
7
3
33
1
10
3
23
9
6
3
22
1
4
2
36
3
4
3
2
9
9
1
66
3
1
3
55
1
11
2
63
3
9
1
47
1
6
1
45
2
5
1
53
2
11
1
34
6
12
2
32
2
10
2
39
2
6
3
49
4
4
2
27
2
11
2
44
2
12
1
68
2
8
1
44
2
1
3
44
2
10
1
26
2
2
2
61
1
3
1
71
3
2
3
53
2
11
2
67
2
7
2
49
1
8
2
66
2
11
1
23
3
1
3
55
2
10
2
65
1
9
2
53
1
10
1
40
3
5
3
28
7
9
1
67
1
7
3
35
6
2
3
15
9
8
2
13
2
11
3
41
1
7
3
15
1
5
2
66
3
7
3
60
25
2
1
55
2
7
3
9
2
9
1
18
15
2
2
55
2
5
2
60
2
4
1
32
2
5
2
52
6
10
2
14
2
1
3
25
3
3
3
35
8
3
1
67
2
12
2
18
2
5
3
13
4
1
1
17
9
2
3
66
9
11
3
39
3
11
3
45
6
2
2
10
1
1
3
17
9
5
2
15
2
8
2
15
3
9
3
61
8
11
3
22
11
8
3
45
1
9
3
30
15
3
3
31
22
11
1
71
2
12
3
13
5
11
3
7
1
11
2
43
5
1
2
28
2
7
2
9
3
10
2
8
1
2
