1
25
1
7
3
68
16
5
3
23
4
11
1
37
1
9
2
42
1
3
2
40
3
3
3
30
16
4
2
38
1
7
2
36
4
7
2
38
5
2
3
38
7
2
2
15
1
1
3
3
9
4
2
3
3
3
2
18
4
7
1
60
2
11
3
71
3
3
1
55
2
11
2
47
4
4
3
9
32
2
1
27
1
10
3
22
10
6
1
43
3
12
3
10
25
2
3
27
2
8
2
43
2
8
2
61
3
7
2
60
4
8
2
34
1
11
1
32
1
1
3
25
2
9
2
4
1
12
3
18
18
6
3
32
6
4
1
47
1
4
3
63
2
12
1
15
3
4
3
5
3
12
3
36
13
11
3
63
3
5
3
17
3
12
2
53
2
4
3
23
5
4
2
35
2
1
1
34
6
1
2
9
3
5
1
14
12
4
3
44
10
4
1
31
10
8
2
67
1
9
3
17
9
4
2
71
1
3
1
65
1
3
2
65
4
6
3
5
2
10
2
45
4
2
3
18
2
5
2
28
2
8
1
13
9
11
1
4
1
12
2
33
3
11
2
44
4
11
2
30
5
7
3
31
10
8
3
35
2
8
2
27
2
5
3
54
1
12
2
26
3
1
2
1
3
2
2
68
1
5
2
11
3
10
2
63
1
2
3
53
8
2
3
34
7
4
2
66
3
4
3
8
2
1
2
1
1
7
2
53
3
3
3
34
11
2
2
44
2
7
1
11
12
11
1
35
2
8
1
49
2
3
2
7
2
3
1
68
2
12
2
10
1
8
2
49
1
3
2
14
2
1
2
49
4
2
3
4
16
3
1
54
3
3
1
71
1
3
1
5
1
12
1
63
1
10
1
29
3
7
1
53
2
7
2
25
1
6
1
38
2
1
3
30
5
12
3
6
2
5
2
5
1
11
2
14
1
9
2
12
3
7
3
29
17
9
1
36
1
5
1
42
2
6
3
14
22
12
3
36
15
8
3
28
2
1
1
18
1
8
1
6
2
1
3
33
7
2
2
60
1
6
1
44
2
11
1
2
4
3
2
13
3
12
1
16
7
5
2
25
2
3
3
12
5
7
1
43
1
7
1
40
2
2
3
22
4
5
2
3
2
1
3
43
5
10
2
66
1
2
1
9
4
3
2
63
2
2
3
68
15
2
3
26
12
1
1
61
1
3
2
33
2
4
3
16
1
5
2
40
2
11
3
27
8
4
1
1
2
8
3
49
8
6
3
39
8
4
3
1
7
1
1
44
1
5
3
61
4
2
1
13
4
10
1
3
3
8
1
22
1
1
2
4
2
10
1
40
1
7
2
41
4
4
1
30
3
12
2
9
1
4
1
71
3
7
1
39
3
12
1
52
3
11
1
26
3
8
1
37
2
4
1
66
2
10
3
37
4
11
3
7
3
10
3
53
5
1
1
66
1
2
2
37
3
11
1
27
2
4
2
17
2
12
2
30
4
4
3
66
5
1
1
49
1
4
2
54
2
12
1
12
15
3
2
26
2
8
2
16
2
9
3
28
15
9
1
17
15
9
2
35
1
10
1
14
1
5
2
52
6
10
3
54
2
6
2
2
3
10
1
12
8
5
1
15
5
3
1
54
2
1
2
11
1
5
3
55
11
9
3
44
9
7
2
27
3
1
3
47
3
11
3
40
6
7
3
15
7
12
1
35
4
11
1
65
2
10
2
6
3
4
1
22
2
4
2
55
3
9
2
71
3
3
3
31
20
7
3
6
4
8
2
13
2
6
1
31
14
4
1
9
9
8
1
52
2
8
2
52
2
12
1
3
10
11
2
45
3
7
3
13
1
5
2
28
3
5
3
35
3
6
1
23
3
8
3
60
6
2
3
52
2
3
2
32
3
1
1
67
1
1
2
12
2
1
1
42
1
5
3
42
4
7
1
60
1
1
1
41
3
9
1
33
8
4
2
23
3
8
1
30
2
11
2
5
2
12
2
8
1
2
1
1
1
5
2
31
4
9
3
41
3
12
3
16
3
11
1
4
2
4
2
22
1
9
3
67
9
7
3
47
9
8
1
45
2
12
3
13
2
1
3
11
2
1
2
67
2
7
2
39
1
2
3
15
13
4
2
16
1
5
2
10
3
4
3
29
4
5
3
61
9
9
1
38
1
10
1
36
3
10
2
41
2
12
2
47
1
9
1
34
11
2
3
1
6
4
3
45
1
5
1
55
1
5
3
38
3
11
3
60
15
2
2
42
2
8
1
25
3
8
1
16
4
7
3
71
4
8
2
61
1
5
3
25
1
2
1
53
1
11
3
40
2
5
1
26
1
8
3
52
13
3
3
65
13
7
3
4
23
10
3
49
3
1
1
2
6
7
1
47
3
12
1
10
4
3
2
34
3
2
1
6
1
3
2
29
1
12
3
41
2
3
3
33
18
9
1
11
11
9
2
32
2
12
3
2
6
1
1
28
1
9
1
33
1
12
2
29
3
1
3
66
2
4
1
67
3
6
2
55
1
1
2
2
2
2
1
5
2
10
1
45
1
9
3
45
4
6
1
17
6
10
3
42
2
1
3
10
24
1
3
26
7
8
2
15
3
10
2
68
2
3
2
43
5
8
3
39
6
6
2
7
3
7
3
2
4
7
2
36
5
6
2
37
1
12
3
65
5
9
3
43
3
11
1
7
11
5
2
54
1
6
1
32
6
5
2
8
3
11
2
6
2
1
2
23
2
12
3
11
3
4
1
18
13
5
1
8
1
9
2
17
1
1
1
39
2
7
2
18
3
8
3
7
2
3
1
7
1
4
2
65
3
2
1
29
1
4
3
9
12
3
1
68
3
7
3
67
33
10
1
41
1
2
2
39
2
6
1
10
3
5
1
23
2
6
3
3
4
12
3
55
12
1
2
31
2
10
1
63
2
12
1
61
2
4
3
37
12
1
2
22
3
2
3
32
8
8
3
8
9
9
1
28
2
12
3
14
2
12
1
8
9
7
3
12
3
6
