3
63
5
7
2
1
2
1
2
29
1
11
3
15
14
2
2
53
1
12
3
9
20
12
3
42
2
10
1
44
4
9
3
71
5
1
2
14
3
8
2
38
3
7
3
29
7
3
1
66
3
9
1
15
1
3
1
67
3
2
3
55
14
9
3
65
12
1
2
67
2
1
3
32
1
12
1
45
1
4
3
12
3
1
2
43
4
9
1
30
5
1
2
22
1
10
2
55
3
7
1
33
2
10
1
42
1
8
3
43
2
12
1
31
2
10
3
28
1
6
2
67
1
1
3
14
8
8
2
26
3
4
2
34
3
10
2
42
4
2
2
54
1
2
1
11
11
2
1
9
11
11
3
15
3
3
2
9
3
6
1
1
1
12
3
5
3
2
1
31
13
10
2
35
1
8
1
53
1
7
3
32
5
3
2
45
4
7
2
15
1
12
3
28
9
8
3
17
5
10
2
53
3
4
2
65
1
4
1
28
1
5
1
61
2
5
2
3
2
10
1
15
3
12
2
32
2
4
2
40
3
2
1
18
3
5
1
5
2
1
1
52
1
8
1
60
1
10
1
25
3
12
2
35
2
10
1
29
2
5
2
14
2
4
3
27
9
8
2
37
3
8
3
13
5
6
3
30
16
8
2
11
1
12
3
45
4
2
2
3
1
7
3
52
7
6
1
22
2
4
3
66
9
10
2
28
1
7
2
36
2
10
2
2
1
10
1
13
8
12
1
2
5
4
3
47
9
12
2
44
4
10
3
60
32
2
2
4
2
9
1
4
8
9
3
68
8
2
3
36
12
5
3
66
3
12
1
12
16
12
2
1
3
4
3
65
21
10
3
8
11
5
1
47
2
3
1
54
1
8
1
53
2
10
1
63
2
3
3
23
17
4
3
14
11
2
2
26
1
7
3
17
9
12
3
16
6
11
1
29
3
10
1
39
2
5
1
32
4
12
1
67
2
1
3
3
7
2
1
6
1
5
3
36
11
4
2
49
3
2
2
61
2
3
1
5
1
7
3
33
9
11
2
66
1
9
2
47
1
6
1
63
1
3
3
61
9
4
3
40
2
4
3
41
4
7
3
68
14
9
2
13
3
8
2
63
1
11
3
41
2
8
3
35
7
4
2
71
1
1
1
71
1
1
2
47
3
2
1
34
8
8
2
25
2
8
2
42
3
9
1
49
2
1
1
6
2
10
1
12
10
10
1
1
3
7
2
10
1
12
1
7
1
4
1
37
1
2
3
29
6
2
2
25
3
1
1
30
13
10
2
11
3
11
3
16
7
7
2
63
3
11
3
34
3
1
1
3
6
3
2
7
1
9
1
14
18
8
1
38
1
12
2
33
2
3
2
40
2
9
2
54
2
4
3
39
8
3
1
60
2
5
2
52
5
9
2
60
4
10
3
3
3
12
2
12
3
7
3
61
4
3
2
34
2
6
3
6
6
5
1
35
2
7
1
14
7
7
2
17
2
9
2
43
3
2
3
30
17
2
1
37
2
4
2
10
2
4
1
35
3
9
3
4
13
7
2
52
4
7
1
27
1
12
3
38
1
11
1
42
2
3
1
47
1
4
3
11
19
6
1
10
7
5
2
49
1
2
2
68
4
11
1
40
1
11
3
26
3
2
2
8
3
1
1
61
1
6
3
53
3
12
2
9
2
6
3
37
2
3
3
49
5
6
3
22
4
8
2
37
2
2
1
54
3
8
3
49
3
7
1
17
14
12
2
23
2
10
2
8
2
6
2
68
2
8
3
67
30
6
2
61
1
11
3
42
3
11
1
16
4
11
1
68
2
5
2
44
2
7
2
12
1
1
1
66
2
6
3
52
16
10
3
5
2
7
1
49
1
10
2
45
2
10
3
2
2
10
3
45
7
12
2
28
3
1
1
23
3
5
3
9
9
8
2
41
2
11
2
36
5
4
1
26
2
3
3
12
2
7
2
30
2
1
3
39
6
1
3
38
3
7
1
41
2
7
2
31
5
7
2
18
3
4
1
40
3
4
2
22
3
3
3
6
5
8
1
65
2
11
1
36
3
4
1
45
2
8
1
34
5
5
1
39
1
6
1
71
2
4
2
30
3
5
2
5
2
11
3
47
6
11
3
54
2
8
2
7
2
7
3
44
3
7
1
28
2
10
2
39
1
10
2
27
3
3
1
8
11
6
3
37
7
5
3
27
11
3
3
22
10
7
1
8
7
7
3
63
3
8
1
32
7
7
1
18
10
8
1
44
3
5
3
34
5
10
3
10
15
4
1
11
8
11
3
31
5
5
2
32
1
4
1
23
2
1
3
71
4
8
3
1
9
9
2
60
2
12
1
22
3
11
1
25
2
8
2
27
2
5
1
55
2
7
2
29
3
12
1
17
10
10
3
53
8
6
3
2
6
12
2
17
1
3
3
18
4
8
3
18
11
1
2
41
3
4
2
39
4
6
2
23
3
5
2
2
3
10
3
33
10
2
3
40
6
2
1
13
3
1
1
36
1
11
2
65
2
1
3
1
10
6
3
7
5
12
3
25
6
11
1
43
1
2
2
66
3
5
1
55
1
10
3
8
4
1
1
33
4
9
1
9
9
5
2
33
1
6
2
16
3
4
3
10
22
3
1
68
1
11
3
26
5
4
2
38
1
9
1
3
4
7
1
16
5
5
2
16
2
2
1
65
1
11
2
71
2
10
1
7
3
12
3
43
1
7
3
4
28
9
1
41
3
4
2
4
1
6
2
5
1
9
1
4
7
2
1
27
3
9
3
23
16
6
2
6
2
9
1
43
3
4
3
44
4
1
3
31
14
5
3
55
12
1
2
13
2
3
2
15
2
6
3
60
15
4
3
13
4
4
3
7
1
6
1
52
2
1
2
55
2
3
2
31
3
4
1
26
1
7
1
38
3
7
1
10
3
10
3
35
1
2
2
18
1
3
3
67
16
8
2
6
3
6
3
11
20
9
3
54
1
8
3
25
5
11
1
2
3
3
