3
67
6
11
2
4
2
9
1
30
3
3
1
71
3
5
1
65
2
10
3
28
4
10
3
39
3
5
1
68
2
1
2
41
3
8
3
40
6
9
1
39
2
9
3
5
2
5
2
3
2
12
2
18
3
6
3
18
9
8
3
30
2
7
1
2
1
4
1
40
1
11
2
5
1
8
3
63
6
3
1
47
2
12
1
63
1
10
3
8
3
11
2
30
4
11
3
17
1
9
3
32
12
7
3
29
10
3
1
63
2
10
1
25
3
9
2
2
1
6
1
47
1
8
3
43
1
4
3
53
4
5
1
33
7
2
2
35
2
7
1
44
1
10
3
55
1
1
2
29
1
8
3
22
6
5
2
27
1
3
1
32
3
3
3
63
4
5
1
16
6
10
2
63
2
12
2
65
1
8
1
61
2
12
1
38
2
2
3
11
25
9
2
54
1
1
1
1
1
6
3
22
5
7
2
28
1
4
1
26
2
10
1
8
10
12
3
38
2
11
1
66
3
7
1
6
1
10
2
65
2
3
2
53
2
8
2
14
1
5
2
7
1
2
2
17
1
11
2
25
2
6
2
13
1
10
2
15
2
1
3
42
4
5
2
8
1
1
3
25
8
2
3
16
8
5
3
23
8
12
3
7
2
3
2
42
3
5
1
13
5
8
3
44
9
7
1
14
2
1
3
13
7
9
2
33
2
7
1
17
16
11
1
66
2
4
1
35
4
3
2
10
3
4
1
41
2
4
2
66
2
9
2
45
2
8
1
36
3
11
2
38
4
2
3
9
25
12
1
44
2
12
3
29
11
3
1
9
10
6
1
7
1
11
3
60
27
8
3
2
3
2
1
23
3
2
2
22
2
12
1
11
5
8
2
44
1
1
2
34
2
9
2
53
1
8
1
10
4
1
2
6
1
9
2
16
2
4
3
66
8
8
1
42
2
3
2
40
4
1
2
27
2
8
2
55
2
3
1
22
3
7
1
12
8
7
2
66
1
9
1
3
5
9
3
60
14
5
3
49
1
1
1
35
3
6
3
65
3
6
1
49
2
1
1
60
1
9
3
14
13
7
3
37
2
10
1
29
1
12
2
10
2
5
3
33
8
12
3
49
6
7
3
10
15
1
3
47
6
1
2
63
3
8
2
71
1
9
2
13
2
3
3
42
2
10
1
49
1
12
3
12
5
11
2
32
4
5
2
7
2
4
1
37
2
12
2
37
2
7
2
44
2
3
2
60
3
6
2
2
2
6
3
6
1
12
3
61
3
3
2
17
3
1
1
42
1
7
2
14
2
1
1
54
1
8
1
43
3
11
2
38
3
9
1
67
3
3
3
26
4
7
2
31
5
10
3
30
22
1
2
47
4
3
3
11
11
9
3
7
5
5
1
33
3
4
1
37
1
3
1
68
3
4
2
4
3
7
2
6
3
9
3
47
4
5
3
25
3
9
2
26
3
6
1
52
2
1
3
44
8
2
1
52
1
5
2
9
2
2
2
31
1
8
1
31
13
1
1
65
1
2
3
32
10
10
1
10
2
11
3
71
5
9
2
37
4
9
1
36
1
4
2
34
3
10
1
6
2
11
1
34
8
6
1
14
13
8
2
28
2
4
1
1
2
7
2
61
1
7
3
15
9
4
2
42
2
12
2
12
3
7
1
5
2
9
2
22
3
3
1
55
1
4
1
3
10
11
2
43
4
3
2
60
2
7
3
1
7
10
2
12
1
8
2
39
1
11
1
9
12
11
2
9
1
9
1
53
1
9
1
11
8
8
1
41
3
5
3
35
2
7
3
16
4
8
2
54
2
6
1
28
1
8
2
52
1
4
3
54
1
10
3
1
8
11
2
36
5
10
1
55
2
10
1
5
1
6
1
67
1
9
2
30
5
8
1
22
2
7
2
41
5
10
3
45
6
2
2
61
2
1
3
34
6
7
3
10
1
12
3
35
3
1
1
45
1
10
1
39
4
5
1
4
3
6
3
31
16
3
2
15
1
6
1
13
8
5
2
40
3
5
2
16
3
7
2
35
3
1
3
2
2
1
2
52
2
10
2
67
2
4
1
53
2
3
2
25
1
10
2
23
2
8
2
67
1
6
1
17
1
2
1
61
3
2
3
71
3
6
2
23
3
4
2
3
3
5
1
26
1
12
2
43
3
5
3
8
13
10
3
41
3
9
3
36
3
12
3
14
10
1
2
68
3
8
1
18
15
11
2
8
3
10
3
45
5
2
3
43
5
3
3
66
7
3
2
5
3
9
1
28
2
8
2
49
4
4
3
52
4
8
1
23
2
5
1
60
2
1
1
27
1
6
1
29
2
4
1
18
12
6
2
36
3
6
1
40
2
10
3
37
5
4
3
26
2
3
3
67
12
3
2
1
3
10
3
3
1
6
1
38
3
5
1
15
1
8
3
13
8
10
1
25
2
9
2
29
3
6
2
18
1
1
1
43
2
5
1
34
3
6
3
31
24
3
3
28
16
8
3
36
11
5
3
17
14
8
1
4
1
11
1
7
6
3
1
12
12
6
2
11
1
4
2
32
1
6
3
27
15
1
1
15
5
5
3
4
27
12
1
2
6
3
3
68
1
5
2
68
1
8
2
11
3
9
3
6
4
11
3
27
3
2
3
12
4
3
1
31
1
12
2
71
3
4
1
16
3
3
3
52
7
1
3
41
4
7
3
15
5
8
2
33
1
11
3
53
2
10
3
9
17
6
3
4
16
11
3
40
2
3
3
39
2
2
2
47
3
4
3
68
5
4
1
8
3
9
3
5
5
12
1
45
2
10
2
39
2
6
3
65
9
3
1
30
12
4
1
54
2
11
3
23
17
10
3
38
12
8
2
26
2
10
3
18
17
9
2
49
1
4
3
3
6
1
2
55
1
10
3
54
2
4
3
33
9
1
1
32
2
12
1
27
2
10
2
45
1
12
3
61
9
6
3
55
7
5
1
71
2
1
2
1
1
1
3
34
4
6
