2
44
4
1
1
65
2
5
1
22
3
5
3
61
9
2
1
2
3
1
2
67
2
3
3
61
5
12
3
68
4
8
1
22
2
2
3
14
4
11
1
63
1
8
2
71
3
8
3
63
13
6
2
13
2
2
2
34
3
1
2
36
2
7
1
15
4
10
3
7
2
1
3
71
2
8
3
7
5
10
3
22
1
10
2
26
3
7
1
66
2
6
1
42
2
6
1
68
3
7
3
5
4
8
1
65
1
1
3
29
12
4
2
52
4
5
2
16
1
5
3
17
3
5
2
7
2
5
2
39
1
6
2
30
2
11
3
34
1
5
3
16
8
5
2
1
3
6
2
71
2
6
1
36
1
8
1
47
1
5
1
23
2
2
2
34
2
7
2
37
1
9
2
49
3
8
2
5
2
2
1
60
1
7
1
1
2
1
2
63
2
3
1
38
2
1
3
30
26
11
3
32
8
12
3
2
3
6
1
25
1
3
1
9
14
6
2
11
3
10
1
61
3
10
3
47
10
4
3
67
19
3
1
18
12
5
1
16
3
6
2
8
1
4
2
18
4
2
1
18
3
1
3
15
9
7
1
11
10
10
1
37
2
1
3
60
32
1
3
44
3
6
2
67
1
1
1
43
1
6
2
66
1
1
2
55
1
12
1
66
1
1
1
53
2
9
2
18
2
7
1
37
1
5
3
35
8
6
2
4
1
1
3
4
2
3
1
7
9
9
1
26
2
4
3
63
9
6
3
23
3
2
3
33
24
4
1
12
11
3
3
4
26
9
2
40
2
6
2
10
3
2
2
12
3
12
3
6
5
11
3
11
12
3
3
14
23
2
1
15
1
12
3
25
4
4
3
27
1
9
2
35
3
10
2
63
1
1
3
1
1
12
3
68
9
1
1
41
3
12
1
25
2
4
3
27
16
9
1
29
3
8
2
33
3
2
2
33
1
4
1
54
3
8
1
38
3
8
3
26
6
10
1
31
5
7
3
53
7
11
3
40
1
4
3
18
1
11
3
37
1
2
2
60
1
1
1
71
1
12
2
25
2
10
2
6
3
1
3
12
7
3
1
61
2
2
1
29
2
11
1
49
1
1
1
44
4
5
3
38
3
9
2
28
1
6
2
28
3
4
2
29
2
5
2
9
3
12
2
26
2
5
1
23
1
3
1
34
10
7
2
14
1
6
3
53
5
9
2
3
3
11
3
39
8
11
2
37
2
7
2
54
1
1
3
65
19
3
2
7
3
7
2
23
3
8
1
68
1
9
2
68
2
1
1
26
3
3
3
49
5
12
1
40
2
12
1
10
2
1
3
13
6
7
1
32
6
12
2
1
2
3
1
27
2
3
2
49
1
1
2
17
1
9
3
41
1
4
3
52
2
1
1
33
8
10
3
32
3
9
3
34
3
12
2
43
3
1
3
5
2
1
3
44
7
9
1
67
2
7
2
68
4
8
3
45
7
2
1
52
2
9
3
45
6
12
3
8
7
8
3
33
22
10
1
28
3
4
2
12
2
7
2
39
3
3
3
36
3
1
2
27
2
8
2
17
2
5
3
42
3
4
2
42
2
3
1
52
3
8
1
14
21
5
1
8
1
3
1
12
13
10
2
47
4
10
2
41
3
10
3
1
5
1
1
35
2
3
1
27
1
4
3
65
6
3
1
35
3
9
1
30
18
1
2
25
1
1
3
31
5
5
2
5
1
10
2
40
4
2
3
55
8
5
1
49
2
7
2
65
2
9
2
2
2
1
2
22
1
7
2
43
1
9
1
43
2
2
1
6
1
8
3
47
8
3
1
4
6
2
2
31
1
10
2
54
2
4
1
41
2
5
3
29
11
12
1
9
11
11
3
35
6
8
2
30
5
1
3
26
10
11
3
3
3
7
2
38
4
9
1
45
2
10
1
44
1
12
1
42
1
5
3
6
4
6
1
39
3
3
1
60
2
9
3
23
15
4
2
15
1
6
1
2
1
12
3
2
12
5
2
14
2
12
1
54
2
12
1
40
1
9
2
31
4
7
1
17
16
12
1
13
3
3
3
18
13
3
1
14
16
1
3
60
6
6
2
61
3
8
2
4
3
6
3
16
1
10
1
32
5
4
2
52
7
5
1
5
1
12
2
65
4
3
3
55
12
7
2
42
4
9
1
4
2
4
2
3
1
5
3
39
6
2
1
55
1
10
3
43
4
12
2
44
1
2
2
55
3
11
1
17
2
7
2
23
2
11
3
30
22
7
1
34
3
5
1
39
4
7
1
28
1
9
3
8
3
9
3
11
3
7
1
7
11
12
3
22
8
1
3
67
4
10
2
16
2
1
1
55
2
6
2
32
2
12
1
45
1
1
1
3
2
10
3
13
3
8
2
22
3
11
1
16
6
12
2
61
1
10
2
9
1
4
2
41
2
10
1
8
5
11
2
53
2
10
2
27
3
11
3
54
1
6
1
36
2
12
2
13
1
4
2
45
4
12
2
66
2
6
3
12
5
2
3
43
1
3
1
5
2
4
2
45
1
6
1
10
4
3
3
42
4
1
3
31
28
9
3
36
9
10
3
28
11
9
3
49
3
5
3
54
2
2
2
11
1
6
2
29
3
3
1
47
3
10
3
28
10
10
2
36
5
9
3
38
6
10
3
9
18
10
1
6
2
4
2
32
1
12
1
53
1
5
1
11
2
8
1
3
6
6
3
15
2
6
1
30
13
6
3
10
14
4
2
60
2
7
3
71
1
2
2
47
2
6
3
9
22
5
3
66
5
5
3
10
11
9
3
3
5
2
1
1
1
8
2
53
3
11
2
15
3
8
3
37
2
3
1
31
13
2
3
41
3
1
3
52
11
6
3
17
5
2
1
71
2
1
2
2
1
2
1
13
9
6
3
40
3
6
3
66
9
3
2
6
1
5
3
25
7
2
2
8
3
4
2
38
5
1
2
10
2
2
1
67
1
3
1
33
1
7
2
35
2
12
1
63
2
6
