3
42
2
6
2
15
3
8
3
53
8
10
2
44
2
6
3
71
2
6
1
23
2
2
2
43
5
12
3
32
11
3
2
10
1
12
1
32
7
12
2
68
2
4
3
13
9
6
1
12
4
8
1
60
2
12
2
3
2
10
2
63
3
1
1
30
3
2
3
47
7
9
2
26
3
11
2
28
2
10
2
42
3
4
1
60
1
6
1
35
4
9
1
23
1
12
2
28
3
3
3
17
9
8
2
15
2
3
3
38
10
7
2
9
3
2
1
14
6
7
1
38
1
11
1
41
3
8
3
9
8
10
1
2
4
8
1
8
15
7
3
60
9
7
2
23
1
11
1
7
4
6
3
65
14
8
1
33
6
8
2
13
2
3
1
25
3
6
1
39
1
7
1
65
1
8
2
53
1
11
3
67
3
4
3
6
4
4
2
22
2
7
3
40
5
10
3
16
3
4
1
2
7
7
3
71
5
11
3
68
11
3
2
39
2
9
3
9
25
9
2
45
4
4
3
53
6
2
2
47
2
2
1
22
3
10
3
37
9
3
1
41
1
2
3
54
2
7
1
1
2
1
3
42
1
3
2
25
1
10
1
54
3
11
3
35
2
8
1
13
5
1
3
10
23
10
2
39
4
7
1
45
1
10
3
38
11
8
3
65
6
7
1
10
1
10
2
17
1
1
2
14
1
12
2
43
3
9
1
26
2
4
3
34
5
1
3
23
18
2
1
43
3
4
3
32
6
6
1
3
4
1
1
27
1
5
1
9
1
3
1
52
2
10
1
45
2
7
1
42
2
2
3
5
5
8
1
68
2
7
3
43
8
12
2
10
3
6
1
40
1
5
2
6
3
2
2
18
1
3
1
31
8
2
1
61
1
12
2
35
3
11
3
67
19
3
3
11
8
6
1
4
4
4
2
47
4
2
3
30
12
3
1
34
4
4
1
8
6
4
1
37
1
8
2
66
3
11
1
7
10
2
1
26
3
1
3
31
4
2
1
5
2
7
3
66
8
5
3
37
2
5
1
30
8
10
1
63
2
12
2
37
3
2
1
11
12
1
1
49
1
1
3
47
2
6
1
35
1
5
3
7
1
9
1
66
3
8
1
6
1
1
1
17
2
11
3
45
4
7
1
61
2
2
1
32
6
3
3
16
2
4
2
16
3
12
3
15
3
1
2
26
2
7
1
37
2
2
1
66
1
7
1
67
3
8
2
60
1
6
3
10
21
6
1
6
2
4
2
11
1
2
1
16
1
4
3
35
1
8
1
49
2
11
1
29
3
5
2
65
3
12
3
60
23
11
2
54
2
6
2
11
3
7
3
43
6
5
2
32
1
2
2
40
4
11
1
3
6
1
3
22
4
8
2
71
3
6
2
55
1
1
2
29
3
8
3
7
4
3
2
67
2
12
1
53
1
5
1
71
3
11
3
3
2
4
3
30
9
11
2
6
1
9
3
8
3
1
1
16
2
3
2
16
2
9
1
15
2
1
2
52
7
7
3
61
7
11
2
55
3
5
1
39
3
7
3
61
10
5
2
36
3
5
1
47
3
6
2
33
1
10
1
36
3
5
2
65
4
4
2
53
2
5
2
12
3
12
3
14
12
3
2
8
3
12
1
53
2
10
3
36
11
12
3
25
7
3
3
12
6
10
2
38
2
7
1
17
11
2
2
41
4
10
3
33
22
4
2
3
1
2
1
40
3
7
3
49
6
2
1
44
2
12
3
28
1
11
3
54
1
12
1
22
1
10
1
63
1
11
3
44
4
8
3
27
11
12
2
17
2
9
1
65
2
6
1
44
3
12
3
5
1
1
3
1
3
11
3
26
2
10
2
66
1
8
3
66
1
8
2
30
4
1
1
5
1
8
1
28
2
6
3
68
2
7
2
33
3
8
2
2
2
6
2
23
3
11
2
68
1
4
3
27
5
2
1
71
1
3
2
49
4
12
1
29
2
3
2
61
1
8
3
41
2
2
2
2
3
1
2
8
2
12
2
67
1
1
2
22
1
8
1
12
7
5
1
42
1
8
2
61
2
11
2
27
2
8
3
12
3
10
3
44
8
10
3
63
11
12
1
36
2
1
3
8
12
10
3
63
5
9
1
54
2
6
1
67
2
11
2
63
1
1
2
1
3
1
2
1
2
11
3
4
28
7
2
45
3
3
3
3
8
7
3
31
25
12
2
5
1
5
3
55
15
8
2
29
2
11
1
10
2
8
2
60
3
12
3
33
18
9
3
2
4
3
1
18
2
11
1
38
2
12
2
7
1
9
3
11
7
2
3
29
19
7
2
4
2
9
2
5
3
6
2
36
5
4
3
45
6
12
2
25
3
6
3
25
3
9
2
18
4
3
3
39
5
11
3
49
5
1
2
13
1
1
2
27
1
9
3
4
22
5
2
49
3
3
3
13
5
6
3
40
1
8
2
12
2
1
1
68
3
2
3
28
10
9
2
7
3
1
3
52
18
4
3
23
14
2
1
9
10
10
3
2
11
8
3
17
6
3
1
27
3
10
3
29
14
1
2
37
2
2
2
40
3
1
2
14
3
8
1
31
9
11
2
31
5
1
2
9
1
11
3
55
5
3
2
41
3
12
3
36
1
12
1
15
5
11
1
55
1
11
1
33
4
2
3
15
7
11
3
18
12
11
2
32
4
7
1
1
1
12
3
41
3
4
2
4
1
8
1
25
2
12
3
1
9
3
1
34
7
7
3
18
22
12
2
34
1
3
1
28
1
8
1
43
2
9
2
52
5
2
2
44
4
4
1
14
16
5
1
11
2
6
1
18
3
10
1
47
2
4
2
71
2
8
1
13
6
6
2
30
3
8
3
14
22
1
3
22
8
2
1
55
2
1
2
42
2
6
2
34
2
7
3
39
4
9
2
31
1
8
3
6
6
2
3
52
12
6
2
54
1
9
1
4
5
5
1
52
1
12
2
38
5
6
3
26
8
3
2
35
2
10
3
34
8
5
