2
67
1
10
2
61
1
12
2
65
4
6
3
32
7
9
1
67
3
10
3
68
5
12
2
66
2
11
2
28
3
2
2
33
2
9
3
16
4
11
1
52
3
2
3
52
7
2
2
22
1
12
2
34
2
10
2
30
1
8
1
67
1
9
3
42
3
8
1
63
1
10
2
43
1
2
1
27
2
11
3
3
5
6
3
47
4
9
1
45
2
4
3
49
5
3
2
42
3
2
2
31
5
2
1
14
5
11
2
10
1
10
2
55
1
11
3
54
1
12
3
43
5
8
1
37
1
1
1
5
2
12
3
55
4
4
2
7
2
2
2
2
2
9
2
35
3
6
2
67
2
11
3
40
6
7
2
16
1
1
3
8
7
6
2
37
3
4
3
42
4
3
2
63
2
12
2
45
1
11
2
45
3
3
1
22
2
2
1
18
2
2
1
53
1
11
3
15
2
12
3
41
2
1
1
23
3
2
1
16
5
4
3
45
2
2
2
39
2
6
2
41
2
5
1
40
3
12
1
39
3
3
3
6
1
2
2
54
2
6
1
26
3
4
3
35
3
4
3
5
4
11
3
16
5
12
1
71
2
11
3
27
16
1
2
40
3
8
3
67
10
4
3
31
1
9
1
26
1
8
2
13
1
7
1
33
3
1
1
60
2
12
2
25
3
7
1
66
3
6
2
27
2
10
3
32
8
11
3
9
22
2
1
15
5
9
1
25
2
7
1
43
2
4
3
23
19
5
1
68
3
3
1
28
2
1
3
54
2
5
3
4
26
9
1
61
3
1
3
6
2
1
1
66
1
1
2
66
3
8
3
9
9
10
1
38
3
6
3
71
1
9
1
15
4
9
1
2
2
6
3
43
8
9
3
37
2
11
3
14
14
6
1
61
2
9
1
32
7
5
2
5
1
11
3
38
12
1
3
25
3
5
3
66
3
1
3
10
24
2
2
3
1
4
2
42
2
8
3
18
19
10
2
6
3
2
3
10
11
1
1
30
18
4
3
17
15
8
2
28
2
8
3
7
3
8
1
6
2
8
2
31
3
1
3
28
15
6
3
55
1
1
3
68
12
1
2
8
1
7
2
30
3
12
1
55
1
3
1
45
1
7
3
65
21
4
2
47
4
6
3
60
30
6
2
34
1
3
3
11
6
7
3
49
8
6
3
45
5
1
1
34
7
2
1
30
2
4
2
71
1
3
3
35
6
8
3
47
5
10
1
28
1
6
2
32
2
4
3
61
1
11
1
17
9
3
3
53
4
12
3
23
7
3
1
4
1
11
1
65
1
11
2
9
2
4
3
41
3
6
2
1
2
10
2
60
4
3
2
23
2
9
1
10
7
8
2
35
2
6
1
1
1
2
2
26
2
6
2
36
4
12
3
44
9
9
1
8
16
10
2
68
3
5
3
8
14
10
1
37
2
12
1
41
3
3
1
35
3
12
3
25
2
6
1
13
8
1
2
11
1
1
3
13
2
7
2
11
3
11
3
1
5
7
2
60
3
5
3
44
3
9
3
71
5
9
2
40
1
3
2
38
5
6
3
30
13
5
1
34
9
4
3
27
3
4
2
17
1
6
1
54
2
5
3
37
9
9
1
68
2
9
2
44
1
11
3
36
9
10
3
2
9
6
3
63
8
6
1
7
4
6
3
29
11
11
2
16
3
1
2
52
1
10
3
33
21
1
2
8
3
3
3
38
5
8
1
42
1
11
1
9
5
5
2
5
2
2
2
17
3
8
1
16
6
10
3
36
5
3
2
7
3
3
2
10
2
1
3
34
10
8
3
60
19
4
1
38
1
2
2
52
3
9
3
63
2
6
3
34
6
6
2
12
1
2
2
3
3
4
1
29
1
1
1
47
3
9
3
26
9
5
2
53
1
8
2
4
1
2
2
1
3
5
2
68
1
6
2
27
3
3
1
5
1
9
3
14
26
5
1
3
1
10
3
22
3
10
1
23
1
9
2
6
2
10
1
49
2
2
2
54
1
2
3
67
2
10
2
23
3
2
2
32
4
8
2
9
1
5
3
7
2
9
2
49
3
4
2
49
4
10
3
11
9
2
1
47
1
3
3
39
7
12
3
30
2
1
3
28
13
5
2
47
2
8
1
17
1
10
3
61
3
1
1
13
6
2
3
13
5
9
2
44
5
6
3
18
10
7
1
49
1
4
3
39
10
2
1
44
4
6
2
33
3
2
3
2
5
4
1
31
13
6
2
18
2
1
2
41
4
4
1
31
8
3
3
40
2
1
1
11
9
9
3
31
19
8
3
12
7
6
1
3
9
10
1
29
3
2
2
14
1
11
1
39
2
4
3
65
3
9
1
40
2
4
1
4
5
7
1
44
2
9
1
14
20
7
1
36
1
8
1
12
11
11
3
53
8
4
2
29
3
6
1
42
2
2
2
2
3
5
2
14
3
6
3
66
2
7
1
9
6
12
2
65
1
12
2
12
3
9
2
38
4
9
1
52
2
11
1
65
2
12
2
61
3
7
1
18
7
9
2
71
2
11
2
36
3
12
3
52
5
6
1
71
3
6
2
55
3
1
1
7
1
12
1
55
2
5
2
22
2
11
3
29
15
3
1
63
2
4
1
27
1
4
2
63
3
5
2
18
3
10
1
32
6
6
1
41
1
1
2
25
1
5
2
4
2
4
2
26
3
3
1
35
2
2
3
3
9
7
3
22
4
7
1
22
1
9
2
43
3
2
3
4
2
9
1
54
1
11
3
33
14
1
2
15
2
5
1
60
1
1
1
25
1
8
1
11
2
2
3
26
8
9
1
43
1
1
2
29
1
2
1
6
1
8
3
5
3
3
3
12
5
8
2
53
3
4
1
36
2
11
1
1
2
8
1
2
7
4
1
33
5
1
3
1
9
12
1
10
8
1
1
12
4
9
3
17
6
6
2
13
2
4
2
37
1
11
3
15
17
12
1
53
2
9
1
8
12
1
2
15
3
6
2
39
3
6
