3
16
7
7
1
14
5
12
2
37
3
3
1
23
2
5
3
44
1
9
3
11
2
9
2
39
4
3
2
55
3
4
2
14
1
1
2
45
2
11
2
3
3
5
2
22
1
1
3
12
7
5
1
68
2
10
2
6
2
5
1
12
3
6
2
36
1
3
1
2
5
1
3
2
9
8
2
54
2
9
1
60
1
5
3
37
10
12
2
9
1
5
1
10
3
11
1
6
2
3
1
47
3
11
1
22
2
1
2
26
4
7
1
2
7
8
2
1
3
8
1
5
1
6
3
15
16
6
1
17
2
9
1
28
1
8
1
44
2
4
2
29
2
11
3
3
4
7
3
26
7
10
2
28
3
11
3
39
10
5
1
36
3
3
1
31
15
1
1
49
2
11
1
10
1
9
2
61
3
8
3
34
9
1
1
65
1
2
1
53
1
9
1
43
3
5
3
12
4
3
1
17
15
11
2
68
3
2
1
43
1
9
2
39
2
4
1
30
21
8
2
68
2
3
2
1
2
7
2
4
2
10
2
9
3
12
1
45
2
9
3
55
10
6
3
37
7
8
2
47
2
3
2
29
3
4
3
4
11
5
2
26
3
11
3
68
13
2
3
4
25
7
3
18
3
1
1
14
7
3
3
3
6
2
1
3
9
3
2
43
1
6
3
61
9
3
2
35
3
4
2
6
1
1
3
17
3
5
3
29
2
2
2
66
1
2
1
66
3
10
1
9
7
8
3
34
10
1
2
31
4
10
1
16
1
11
3
30
11
8
2
15
1
11
2
28
2
8
2
49
4
4
1
54
3
9
3
47
6
9
2
63
1
7
3
23
8
1
1
25
1
3
1
32
4
6
3
45
5
11
2
31
3
8
3
35
6
2
3
63
10
4
1
5
2
11
2
41
2
9
2
52
6
8
1
55
2
2
3
54
2
8
1
29
2
7
3
25
7
9
2
5
2
10
1
40
3
7
3
43
6
3
1
11
9
5
1
4
8
2
3
38
12
7
1
26
3
1
3
42
2
10
2
67
1
4
2
61
2
1
3
67
13
8
1
61
2
7
3
17
12
5
1
15
5
8
2
33
1
11
3
1
5
3
1
36
2
6
3
6
2
8
3
10
4
3
1
26
2
9
3
7
3
11
3
65
20
1
3
67
14
2
3
31
10
3
1
9
11
11
1
8
11
12
1
42
1
11
1
35
3
8
1
40
1
12
3
13
3
1
2
17
1
12
3
29
19
2
3
10
23
2
3
66
1
6
2
47
1
2
3
22
5
7
2
18
4
11
2
16
2
9
3
18
7
10
2
67
2
5
1
32
1
9
1
37
1
7
2
8
2
11
2
63
3
4
2
18
3
7
3
27
13
9
2
53
2
4
3
13
8
3
1
18
10
11
3
60
30
3
1
52
3
1
2
71
2
7
2
30
5
9
1
27
1
8
3
66
2
3
2
14
3
12
1
13
1
6
2
27
3
6
3
32
6
10
2
12
2
5
3
49
7
10
1
54
1
8
3
35
7
11
3
22
9
9
2
52
1
4
2
65
4
3
1
7
3
3
3
63
7
11
2
71
3
5
3
71
1
10
3
28
8
12
1
1
1
11
2
33
2
10
3
36
5
9
1
8
17
12
3
5
2
11
3
8
14
10
3
52
18
8
3
53
8
8
2
17
3
12
1
47
1
4
3
16
1
2
1
71
1
7
1
31
18
11
3
11
20
1
3
1
10
3
1
65
2
6
2
2
1
6
1
33
3
11
1
39
1
2
2
11
2
11
2
38
2
6
2
25
3
5
3
5
5
5
3
39
9
12
2
36
3
11
2
22
2
8
1
53
2
6
1
34
2
2
3
30
5
3
1
33
6
11
3
6
6
4
2
23
1
11
1
52
1
1
2
5
3
8
3
52
9
6
3
40
1
7
3
8
1
5
3
71
3
6
2
10
1
11
2
65
2
1
3
26
9
1
2
23
2
6
3
41
2
6
2
16
1
6
1
29
1
3
3
23
1
12
2
25
1
2
1
44
1
4
3
44
6
12
1
38
1
5
1
63
2
11
1
66
2
10
2
7
2
10
3
49
3
9
3
25
6
3
2
11
3
2
2
10
3
3
2
35
2
7
3
31
24
5
1
38
2
9
3
43
2
8
1
67
1
8
3
15
13
11
2
40
4
4
3
9
30
3
2
37
1
9
1
61
3
6
1
60
2
9
2
15
2
1
2
42
1
6
2
44
3
10
1
68
1
2
1
41
1
10
2
7
3
7
3
27
11
1
3
41
1
3
3
38
2
8
2
4
3
9
2
53
1
6
3
40
4
7
1
27
2
5
3
36
2
4
2
8
1
5
1
13
4
7
1
42
2
6
3
45
2
6
1
23
1
4
2
38
1
2
2
54
1
6
3
53
3
4
2
49
1
1
1
1
3
9
2
40
3
8
1
22
3
12
1
67
3
11
2
2
3
12
2
13
3
3
1
7
8
4
1
41
2
2
2
30
3
8
2
3
2
4
1
35
4
10
2
66
2
5
1
12
7
11
1
25
3
11
1
11
1
10
1
49
1
3
3
55
11
5
2
44
5
5
2
45
4
6
2
55
2
5
2
34
2
2
2
60
3
4
1
45
1
6
3
7
2
5
3
54
1
12
3
32
1
1
1
16
5
8
3
47
4
6
1
18
12
2
2
27
2
4
2
41
4
9
3
28
11
1
2
13
1
4
3
14
7
7
3
14
4
6
3
33
13
12
2
32
2
3
3
9
10
11
1
55
1
12
3
42
1
7
1
4
2
5
1
3
10
7
3
60
13
5
1
37
2
7
3
33
9
4
2
60
1
3
1
34
1
1
1
28
2
1
3
2
11
11
1
6
1
11
3
65
8
11
2
12
3
3
1
30
11
9
3
68
7
7
2
32
3
11
3
61
2
12
1
15
1
11
1
71
3
9
2
42
4
3
2
43
3
1
1
39
3
3
2
34
3
1
1
63
1
2
