1
43
1
4
2
23
3
6
2
1
1
4
2
31
4
9
3
3
4
2
2
41
2
12
3
31
3
6
2
63
2
9
1
52
1
12
3
35
5
7
1
61
1
6
2
12
1
10
2
47
1
12
3
3
10
4
2
10
3
12
2
6
1
7
3
18
21
4
2
13
3
7
1
53
1
10
1
12
12
11
1
49
1
8
2
17
2
2
3
4
24
1
3
10
9
7
1
28
3
10
3
32
3
12
3
27
17
1
2
49
1
11
3
54
2
8
2
40
2
1
1
8
1
4
1
67
2
2
3
67
8
4
2
61
3
4
3
25
9
6
3
44
3
5
3
41
1
5
3
8
13
4
3
30
17
4
3
45
5
11
1
30
16
6
3
29
8
4
3
39
9
12
3
60
9
12
1
1
2
1
2
10
1
8
3
16
6
12
2
55
3
9
2
13
2
7
1
9
10
5
2
5
1
10
2
11
1
8
3
32
7
9
3
67
32
7
2
29
1
9
1
32
6
7
2
26
3
11
2
28
3
6
1
41
3
2
2
11
3
12
1
17
13
4
2
8
2
5
1
1
3
12
1
63
2
3
3
15
10
2
3
14
11
2
2
32
3
10
1
27
2
12
3
6
3
12
1
22
1
7
1
18
1
11
3
37
3
7
3
13
3
4
2
33
2
8
3
38
10
4
2
6
3
8
3
33
22
1
3
55
11
1
1
26
1
3
1
47
1
2
1
16
6
5
2
2
2
12
3
45
4
3
2
54
1
8
1
34
11
4
3
33
7
3
1
47
3
12
3
42
1
6
3
36
5
12
1
36
1
5
1
65
2
7
1
61
3
4
3
36
6
10
1
67
1
1
1
39
4
9
1
2
2
3
2
39
4
8
1
6
1
9
1
26
2
11
2
27
3
5
1
38
2
5
2
52
5
12
3
68
16
12
1
65
1
12
2
68
2
2
3
7
5
12
2
47
2
10
3
34
8
8
1
31
10
9
2
7
2
7
2
37
3
6
2
33
1
9
2
15
1
12
1
66
1
2
3
5
1
5
2
25
2
10
1
55
2
6
1
15
4
4
1
63
1
1
2
32
1
7
3
17
14
12
3
55
8
7
2
45
1
9
2
4
3
1
1
6
2
9
3
52
6
10
1
29
2
9
3
13
5
5
1
29
3
6
1
12
4
8
2
16
3
9
1
30
5
3
3
1
10
6
2
3
3
2
2
12
2
3
2
53
2
1
2
38
2
10
1
8
10
1
3
9
20
8
2
35
1
5
1
7
11
11
1
40
3
2
1
4
1
3
1
37
2
8
1
22
3
9
3
4
14
12
3
17
10
3
2
52
6
4
2
29
3
11
3
41
4
2
2
43
4
5
1
38
3
6
3
30
16
4
2
55
2
10
3
23
11
1
2
34
2
7
2
60
4
8
3
66
5
12
3
63
12
7
2
53
3
11
1
3
9
9
3
40
6
6
1
5
1
5
1
28
1
3
3
11
26
2
1
33
3
3
2
37
2
6
1
32
5
5
2
4
2
12
1
54
2
12
1
7
1
8
2
14
2
9
3
28
8
2
3
65
5
10
2
8
1
9
3
71
5
2
1
49
2
4
2
9
2
9
1
42
2
1
2
63
3
3
3
42
4
3
3
16
2
6
1
37
1
9
1
60
2
10
2
7
3
4
2
43
3
8
2
27
1
1
3
44
10
4
2
16
1
7
2
39
2
10
2
61
2
2
3
43
1
12
2
68
4
12
3
40
1
5
3
34
3
7
3
53
8
8
1
31
9
2
3
43
8
12
1
10
6
6
2
49
3
5
3
7
3
11
1
60
1
9
1
33
8
8
1
11
5
10
2
17
3
7
3
61
4
6
3
53
1
10
1
40
2
12
3
29
10
4
3
47
5
7
3
6
6
7
1
54
1
11
1
39
3
1
1
13
3
10
3
22
8
5
3
47
8
7
2
38
3
3
1
3
2
3
1
41
1
8
2
1
2
2
3
25
6
9
2
18
1
7
2
42
4
6
3
61
11
11
3
52
18
2
3
35
2
4
3
37
6
7
3
8
20
9
1
44
2
7
3
49
3
11
3
65
14
1
2
66
3
10
1
25
3
3
2
60
3
2
2
41
3
6
2
2
1
1
1
35
4
9
1
14
22
4
1
35
3
4
2
65
1
5
3
49
6
2
3
15
6
9
1
13
1
1
3
22
12
2
3
26
1
4
2
67
2
6
1
15
3
12
2
36
3
7
2
5
2
5
1
10
4
7
3
11
23
3
1
14
18
12
3
60
24
4
1
17
4
9
3
31
6
6
2
31
2
8
2
66
2
10
2
44
3
5
2
23
2
2
1
5
2
10
1
23
2
12
3
38
9
8
1
71
1
9
1
11
3
2
3
26
11
7
3
12
2
6
2
26
2
4
1
34
2
6
2
54
2
11
2
22
1
3
2
67
1
7
1
71
2
5
2
40
1
11
3
54
1
7
2
3
1
3
2
44
4
9
2
14
3
4
2
45
3
6
1
4
6
9
3
14
20
11
2
9
1
4
1
2
3
12
1
25
1
11
2
28
1
6
2
71
3
5
3
71
2
12
3
63
6
8
1
9
9
1
1
18
8
5
1
16
1
8
1
53
2
5
1
45
1
12
3
2
4
5
2
30
4
2
2
34
1
10
2
36
1
6
1
52
3
11
3
66
7
6
1
68
2
8
2
15
2
1
1
68
3
11
1
44
3
7
3
27
8
7
2
65
4
7
2
35
2
7
2
22
2
8
3
5
5
6
3
1
3
8
3
28
10
3
1
66
2
4
1
55
1
3
2
42
3
9
3
9
21
8
3
10
26
3
1
36
2
3
3
2
9
4
1
42
1
12
2
71
2
10
1
23
1
10
1
45
2
12
1
27
1
3
1
43
3
1
3
23
1
8
3
68
6
5
3
18
10
6
2
25
3
6
2
18
4
6
3
12
5
7
3
39
8
7
2
30
1
5
