1
10
8
9
3
31
14
6
2
63
2
11
3
52
12
6
1
54
1
6
3
27
7
3
2
25
1
2
2
7
1
10
1
47
1
8
3
14
1
2
3
43
8
4
1
43
3
4
1
53
1
2
3
7
5
1
1
36
3
9
1
5
2
7
2
1
2
8
2
49
3
1
2
2
3
6
1
27
2
7
3
15
8
11
1
4
7
11
3
33
1
10
1
65
2
4
1
32
7
8
1
32
4
3
2
43
2
2
1
68
2
8
3
67
4
8
1
2
1
11
3
22
7
4
1
1
2
11
1
9
4
3
1
4
8
3
1
3
1
1
3
68
2
2
2
17
1
9
2
44
3
3
2
53
2
4
3
11
26
7
3
8
9
3
2
61
1
8
1
35
2
6
1
3
8
5
1
1
1
9
3
6
5
10
2
4
2
7
3
27
3
7
2
53
1
1
1
61
2
2
3
53
3
1
3
39
6
3
2
65
2
8
3
39
8
2
1
13
6
8
1
8
16
8
3
2
4
6
2
44
5
5
2
45
2
10
3
55
9
9
2
41
3
7
1
6
2
2
1
68
1
2
2
22
3
12
1
41
1
8
1
29
3
10
2
14
2
10
2
10
2
3
3
68
10
7
2
12
3
5
1
13
7
9
1
61
1
9
1
52
1
10
1
71
3
12
3
13
6
5
3
41
4
9
3
30
1
1
1
53
2
3
3
41
3
1
3
5
5
10
3
8
8
7
2
33
2
10
1
28
2
11
3
34
11
2
2
5
1
4
2
28
3
11
3
25
1
8
2
5
2
12
3
60
15
12
3
12
6
8
1
6
1
4
3
31
12
12
1
43
2
3
2
65
1
3
2
34
2
11
1
41
3
12
2
39
3
2
3
37
8
4
1
55
2
5
3
3
1
10
3
26
1
12
3
4
14
7
2
4
1
7
3
40
6
5
1
34
3
7
2
63
1
8
2
26
4
1
3
35
3
11
3
30
3
10
1
30
4
8
2
52
5
1
1
25
3
10
1
45
1
7
1
40
3
7
2
55
3
1
2
39
4
2
3
23
17
4
2
31
5
11
1
26
1
6
3
32
10
3
2
2
1
2
1
33
4
2
1
67
3
5
3
63
6
10
2
26
3
11
1
8
2
6
3
67
30
11
1
63
2
6
3
17
17
4
3
54
1
8
3
47
10
2
2
1
3
6
1
47
2
2
3
29
17
10
2
33
1
10
1
63
1
9
2
3
1
7
3
49
2
2
1
39
3
8
3
35
1
12
1
12
3
9
2
54
1
9
2
11
2
3
2
67
1
3
1
49
1
5
2
11
1
9
1
54
3
12
1
23
3
8
3
40
1
3
1
29
1
9
3
61
5
4
3
65
7
9
3
23
9
2
2
22
1
9
1
16
3
2
2
15
1
7
3
10
1
8
1
52
3
3
3
33
7
10
1
7
7
5
1
14
16
4
2
30
2
8
2
38
1
2
3
16
6
6
3
17
15
5
1
28
1
4
2
12
1
10
2
60
2
8
3
37
4
6
2
43
4
1
2
6
2
12
1
71
1
4
1
44
4
9
3
65
17
1
3
2
12
2
3
26
6
4
1
5
1
10
2
42
2
10
3
52
14
12
3
60
18
10
2
35
3
7
1
22
3
9
3
9
26
10
3
66
8
10
1
15
2
12
3
15
1
8
2
27
3
4
1
18
8
10
3
29
5
1
1
27
1
1
3
18
4
4
1
30
11
2
2
37
4
10
1
67
2
5
2
34
1
4
2
23
2
2
3
66
4
11
1
66
2
6
3
18
13
12
1
37
2
10
1
38
3
8
3
12
7
11
3
25
4
4
2
67
2
4
2
40
3
10
3
53
4
8
3
44
8
1
2
55
2
12
2
71
2
2
1
11
4
7
2
18
4
3
1
60
1
8
3
3
6
5
2
3
3
9
2
9
2
5
3
38
7
5
2
47
4
2
2
49
2
2
2
32
4
10
1
22
2
4
1
42
1
8
1
35
1
5
2
40
1
5
2
41
4
1
2
68
4
3
1
12
10
10
2
17
3
9
3
5
3
8
1
49
2
12
2
68
2
1
2
29
2
10
2
7
3
6
2
66
1
4
1
15
5
5
3
44
2
2
3
32
6
12
2
16
2
8
1
17
10
1
1
14
6
9
1
18
12
11
3
54
2
9
1
55
1
12
3
1
7
8
1
9
12
3
3
34
4
2
1
45
2
12
3
36
6
7
2
37
1
2
2
36
4
2
2
9
1
4
2
8
3
12
1
33
5
5
1
16
4
3
1
37
1
5
3
11
17
8
2
23
1
4
1
2
6
2
3
1
6
8
3
10
20
10
3
6
2
7
3
16
7
3
3
4
23
4
1
34
5
11
2
36
1
10
1
44
2
6
1
39
2
6
2
18
1
6
2
35
2
2
2
47
3
7
3
36
3
1
1
25
1
12
2
38
2
3
1
11
10
10
3
9
5
9
2
13
3
10
1
65
1
11
2
71
3
5
2
28
2
10
3
14
22
11
1
10
5
9
3
61
2
11
2
45
1
9
2
29
1
11
3
49
6
12
1
7
1
9
3
42
1
12
1
42
2
3
2
6
1
11
3
7
4
10
2
30
4
10
1
60
2
5
3
22
11
3
1
31
18
1
3
71
4
7
3
28
4
4
2
27
2
8
2
42
3
7
2
8
2
7
2
54
2
6
2
16
1
4
1
66
3
5
3
55
11
11
2
60
4
10
3
38
9
1
2
25
3
4
1
36
1
10
2
52
7
5
3
45
1
10
1
31
14
5
2
14
3
6
3
42
2
10
2
66
3
1
2
10
1
2
3
43
7
4
1
38
2
11
3
28
16
10
2
61
2
12
1
26
3
4
1
23
2
12
1
40
1
7
3
47
8
2
3
71
1
1
3
63
7
10
2
15
2
10
1
17
8
6
2
13
1
7
3
45
2
3
2
31
1
1
2
32
3
2
3
13
8
8
