3
23
18
5
3
29
13
6
2
11
3
8
1
27
3
7
1
5
1
6
2
5
1
6
3
44
6
1
2
71
3
1
3
28
16
8
2
65
3
7
1
63
1
4
1
52
1
7
3
47
6
12
1
61
2
9
1
1
3
4
1
49
2
8
1
12
16
3
2
31
4
1
1
36
3
4
1
54
2
1
2
49
3
10
3
36
14
2
1
16
5
11
2
14
3
6
2
3
3
3
2
38
1
6
1
42
2
11
1
18
1
10
2
71
1
5
3
44
1
11
1
28
1
4
1
7
1
7
1
40
2
1
3
30
17
10
1
10
6
8
3
10
15
6
2
13
1
1
3
38
1
8
2
16
2
9
2
43
5
5
1
53
2
4
3
63
1
9
3
38
12
6
2
4
2
12
2
40
2
7
3
4
19
10
3
63
13
7
3
16
7
5
1
38
2
7
1
14
22
11
3
52
15
8
1
7
4
11
2
34
1
10
3
2
2
11
2
23
3
11
3
13
4
7
3
49
5
3
1
33
1
7
2
54
1
8
2
10
2
6
3
18
3
11
2
27
1
1
1
65
1
7
3
28
12
9
1
23
1
9
2
44
1
10
3
18
12
11
1
18
10
8
2
30
5
6
3
55
3
5
3
12
3
3
1
65
2
10
1
30
2
5
3
10
20
10
1
25
2
4
1
29
1
12
3
27
12
2
2
7
3
6
3
35
6
6
2
32
3
5
2
40
4
7
2
53
1
2
1
67
2
9
2
60
3
2
2
11
2
1
1
23
2
8
2
63
3
11
1
9
6
5
1
4
8
2
1
10
8
3
3
42
4
10
3
15
7
7
3
22
3
3
1
37
1
3
2
10
1
5
2
15
2
12
3
32
11
1
3
67
5
3
2
45
1
11
2
2
1
1
1
6
2
2
3
36
1
2
2
5
3
7
1
12
18
9
3
1
2
11
2
18
4
8
1
13
5
6
3
26
12
7
2
23
1
8
2
55
3
10
3
1
1
9
2
42
4
12
3
11
2
11
2
17
3
3
1
6
1
7
2
36
5
8
2
16
1
5
2
32
4
8
2
61
2
5
3
67
21
2
2
34
2
2
3
39
8
10
3
43
5
3
2
4
1
9
2
38
2
2
3
39
10
4
2
67
1
5
2
18
1
4
2
35
1
11
3
17
4
4
1
32
2
7
2
39
1
1
3
8
9
10
1
66
2
11
3
14
1
8
3
40
2
5
1
17
16
11
2
29
2
5
1
2
2
7
3
37
12
7
2
43
3
5
1
30
17
2
2
68
1
10
2
35
2
10
3
30
24
2
1
71
2
5
1
33
4
10
1
43
2
12
2
25
3
7
2
42
2
4
2
41
5
6
1
35
2
11
2
66
2
3
1
26
3
5
2
22
1
3
1
45
1
9
3
23
12
9
1
68
2
6
1
55
2
5
3
42
2
11
1
40
1
4
1
8
5
5
1
22
3
9
3
33
16
11
3
60
28
4
3
4
11
3
2
6
3
11
1
63
2
8
1
31
18
12
3
25
1
2
1
34
7
5
3
2
10
11
2
47
2
9
2
14
1
2
1
15
5
5
3
27
17
2
3
71
2
7
1
31
14
5
2
52
5
2
1
39
4
1
3
9
13
9
2
67
2
10
1
3
4
11
1
29
3
2
2
22
2
11
1
44
3
10
3
61
7
5
3
65
12
2
1
22
1
10
3
61
10
12
3
52
18
1
1
61
1
1
1
71
1
8
2
9
1
7
2
12
2
4
1
3
11
3
3
16
4
12
3
6
2
8
3
53
6
6
1
37
2
9
3
8
20
4
3
45
2
1
1
35
1
12
2
8
1
1
1
17
11
3
1
60
2
9
2
37
2
6
3
54
2
9
3
5
1
11
3
32
10
6
3
68
3
9
1
39
2
7
2
44
5
2
2
1
2
10
3
6
3
11
3
65
21
4
1
11
3
12
1
9
13
12
3
7
2
8
2
66
3
11
3
31
12
5
2
12
3
5
1
41
1
11
1
45
2
11
1
38
3
10
1
32
5
2
3
66
3
6
1
68
3
5
2
33
2
7
2
31
2
12
3
15
9
4
1
8
10
11
1
66
1
10
2
49
2
11
3
55
11
7
3
41
3
4
2
60
4
5
3
54
1
12
1
47
2
4
1
28
3
2
1
55
1
10
3
33
14
10
2
52
1
4
1
13
7
4
2
7
1
10
2
26
3
9
3
41
4
7
2
2
2
9
1
5
2
10
3
9
29
8
2
55
1
9
3
31
24
7
1
42
1
12
3
12
4
12
2
37
4
7
1
36
1
12
2
53
3
10
3
71
5
12
3
53
8
6
2
28
2
8
1
49
1
4
2
61
3
9
2
36
2
6
1
60
1
7
2
17
1
1
3
3
10
3
2
29
3
4
3
45
7
1
3
22
12
12
1
14
17
7
2
47
4
6
3
14
13
7
3
60
2
4
2
39
2
3
2
26
2
12
1
41
2
5
1
44
4
9
1
4
1
11
3
7
4
4
1
43
3
7
3
29
18
6
1
67
1
1
2
63
2
7
3
11
7
11
3
34
2
3
2
65
2
12
2
54
2
4
3
25
9
7
3
49
2
4
3
5
5
8
1
26
1
2
2
27
2
10
2
41
4
4
2
15
3
8
3
66
9
7
1
27
2
3
1
25
1
6
3
37
10
4
3
43
2
7
2
45
4
3
3
13
2
5
2
13
2
4
2
6
1
9
3
68
9
12
3
26
3
3
1
2
7
3
2
68
4
3
1
1
1
8
1
15
1
8
1
34
10
12
2
25
1
5
2
8
3
5
2
1
1
12
2
30
4
11
3
47
1
6
2
3
1
6
3
40
1
4
2
28
1
3
2
33
1
4
1
11
5
2
1
54
3
6
1
52
3
10
1
16
7
1
3
35
4
9
2
9
3
5
3
17
15
1
3
34
4
4
1
53
1
11
3
3
5
5
1
47
3
6
