2
6
3
9
2
18
1
2
3
37
1
1
3
49
2
10
3
22
12
3
1
67
3
9
2
31
3
8
1
25
3
12
3
4
16
11
3
35
8
12
1
17
4
1
1
13
5
10
2
36
5
1
2
39
2
8
2
47
3
2
1
22
2
12
2
43
3
10
1
29
1
1
1
11
9
8
1
44
4
6
2
27
2
3
3
10
4
6
1
3
8
8
3
1
6
1
3
55
17
2
2
60
2
5
3
2
10
8
3
7
1
6
3
33
15
1
1
22
1
5
1
12
13
4
2
6
2
10
1
37
1
1
1
41
3
11
1
38
3
11
3
34
6
3
3
22
9
4
2
36
1
11
3
39
5
5
1
40
3
8
1
27
3
7
2
17
2
12
1
42
2
8
2
25
1
7
3
9
22
2
2
41
5
12
3
60
8
4
1
33
4
4
2
22
2
11
1
2
6
8
1
4
7
3
1
66
3
3
2
28
2
5
3
65
7
6
2
43
5
6
3
47
2
11
2
53
1
7
3
67
35
4
1
44
3
12
2
68
3
8
2
3
2
9
1
18
1
10
1
1
2
1
1
66
2
5
2
8
1
11
1
17
16
4
2
5
1
9
3
29
7
6
2
32
4
5
1
53
1
4
3
25
4
11
1
52
2
3
3
39
8
2
1
8
5
1
2
47
4
8
2
25
3
5
1
27
2
5
3
40
6
1
3
43
3
4
2
44
1
9
1
41
1
6
1
23
2
8
2
11
1
6
3
26
10
7
3
23
14
1
2
23
1
4
1
15
3
4
2
40
2
10
2
45
2
1
1
10
2
6
1
2
2
6
3
17
9
2
1
28
2
3
1
1
1
5
2
65
3
4
1
28
3
2
3
25
1
12
3
8
16
7
2
53
3
11
1
38
2
12
2
29
3
6
3
65
1
10
2
42
1
1
3
55
10
5
1
3
3
9
3
12
2
3
3
71
5
12
2
7
3
3
3
54
1
9
1
34
3
2
3
4
19
6
1
53
2
8
3
43
2
11
2
16
2
3
1
63
1
9
2
49
1
5
3
53
3
12
3
32
5
6
2
1
1
3
1
16
3
11
2
66
3
7
2
55
3
11
3
36
1
11
1
49
1
12
1
45
1
8
2
33
3
7
3
14
12
12
1
14
8
10
2
52
1
6
3
61
6
12
1
13
7
1
3
35
2
5
3
6
3
10
1
18
8
9
3
44
1
9
1
40
1
11
1
47
2
11
3
26
5
12
1
43
2
12
1
5
2
9
2
11
2
6
1
37
2
11
1
39
3
7
3
52
6
12
2
39
3
6
3
5
2
4
1
61
2
7
3
32
3
2
3
9
31
1
1
43
1
12
2
34
2
11
3
6
5
6
3
12
6
1
2
12
2
12
1
36
1
1
3
16
6
5
3
67
17
7
1
32
7
11
3
27
5
7
2
7
2
11
2
8
2
1
1
32
2
12
2
4
1
12
1
31
15
9
3
29
11
7
1
39
4
6
2
35
3
4
2
52
3
7
3
61
4
12
1
52
3
2
2
30
2
1
3
40
1
10
1
8
15
6
3
41
3
3
3
38
10
9
3
8
10
6
1
63
2
1
2
40
4
8
1
55
1
5
1
9
5
8
3
68
12
4
1
11
5
3
2
38
4
8
3
3
6
9
3
28
8
3
3
38
12
6
2
1
3
1
2
44
3
7
2
68
1
5
3
13
5
2
3
63
5
1
3
23
18
8
1
10
1
3
1
60
1
3
2
17
1
8
2
37
3
4
1
5
1
5
2
49
2
9
3
34
10
2
2
37
2
6
1
71
3
8
3
54
2
12
2
26
1
5
2
55
2
11
2
32
3
2
3
14
21
2
2
27
1
11
3
15
3
4
1
34
1
4
1
26
3
5
3
45
4
11
3
33
13
10
3
45
3
11
2
4
3
3
1
54
3
10
2
26
4
6
2
54
2
5
2
28
3
1
3
30
3
3
1
47
3
2
2
14
3
7
1
29
3
4
2
9
3
1
1
25
1
1
2
42
4
9
3
66
1
9
2
30
4
12
1
54
2
5
2
35
1
12
3
2
6
3
1
7
6
9
3
16
2
6
3
1
3
8
2
23
2
9
3
11
16
1
1
30
9
5
1
68
2
4
2
34
1
9
3
66
2
7
1
4
2
11
1
12
2
5
2
54
1
7
3
10
1
12
3
41
2
5
1
35
2
11
3
31
27
10
3
27
10
10
3
17
14
8
3
37
6
2
1
35
3
1
3
36
12
6
3
42
4
1
3
42
1
11
1
49
2
9
3
71
1
1
1
9
6
7
2
2
2
8
2
10
2
6
1
30
16
1
2
71
2
1
2
41
3
12
1
15
1
4
3
7
5
5
1
65
1
3
2
18
4
5
3
31
16
8
2
45
4
1
2
61
2
10
1
61
3
7
3
49
6
9
2
66
1
8
2
60
3
8
2
15
3
7
1
67
1
2
1
42
1
11
1
6
1
9
1
33
6
7
2
63
1
11
3
53
1
10
1
71
2
5
2
2
3
8
2
67
1
2
1
31
3
5
2
3
3
9
2
13
2
9
1
45
2
7
2
65
2
6
2
67
2
7
1
36
3
9
2
10
1
8
1
23
1
4
2
31
2
6
1
14
15
5
3
60
9
9
1
16
7
5
2
33
2
6
3
15
11
7
3
11
10
6
2
16
3
2
2
14
1
12
3
44
9
4
2
22
3
5
1
55
2
6
2
63
2
11
1
65
2
2
3
30
9
7
3
18
19
9
2
12
1
5
3
13
6
7
2
13
3
6
2
9
2
2
1
6
2
1
2
5
3
8
3
5
3
6
3
47
7
7
2
71
1
10
1
60
2
12
2
15
1
7
2
61
3
6
3
52
4
6
3
63
13
2
1
68
3
2
2
29
2
8
3
3
1
9
1
26
2
8
2
38
2
9
3
28
9
3
1
7
3
6
3
68
17
2
3
18
24
2
