1
7
2
7
1
30
3
10
2
67
2
2
2
71
1
12
3
54
1
5
3
29
4
12
3
43
3
2
1
66
1
11
3
27
9
11
1
8
15
11
3
23
1
10
1
30
10
1
2
28
1
1
3
36
12
12
1
13
7
3
3
22
12
7
3
37
7
2
1
53
2
7
2
65
3
12
1
15
3
8
3
33
23
11
3
36
4
4
2
36
4
11
3
47
5
1
2
2
3
12
2
68
1
3
2
43
2
2
3
14
1
12
3
16
2
9
1
54
1
4
1
6
2
10
3
3
9
8
1
37
1
6
2
43
4
12
3
31
18
12
1
33
2
6
1
28
2
6
1
52
3
3
1
42
2
5
2
35
3
10
1
25
1
3
1
22
2
2
3
28
4
10
2
53
2
7
3
23
13
12
2
15
3
9
3
63
13
7
3
17
3
12
1
13
1
3
1
27
2
8
3
34
2
6
1
33
5
9
3
71
5
4
1
4
7
10
2
23
2
5
2
16
1
12
1
65
1
5
1
32
7
8
1
47
1
12
2
25
2
4
2
17
3
1
1
2
6
1
2
11
1
3
3
40
6
3
3
9
14
12
1
60
1
2
1
61
1
9
2
3
3
4
3
1
1
4
2
13
3
4
2
17
2
12
2
27
3
4
2
27
1
3
1
1
2
1
2
45
1
5
1
25
3
7
1
10
1
6
3
40
4
1
2
28
2
4
1
26
2
11
3
15
16
2
3
45
1
11
1
54
3
6
2
47
4
10
2
66
3
5
1
67
2
5
1
23
3
11
2
6
1
12
3
5
3
4
1
63
1
3
1
9
8
7
3
8
20
10
2
32
2
9
2
44
4
6
3
1
10
7
2
63
3
1
2
11
3
6
1
18
7
1
3
34
9
9
3
42
4
11
1
2
1
5
1
11
1
5
1
22
1
7
2
41
2
12
1
14
15
11
1
28
1
1
2
49
2
7
1
68
1
8
3
35
6
4
3
7
4
5
2
40
2
9
1
36
1
5
1
45
1
10
2
22
1
4
3
30
11
9
2
42
4
12
1
35
3
1
3
13
6
4
1
68
3
3
1
45
2
10
1
18
15
5
3
22
8
6
2
32
3
3
3
45
2
2
2
7
3
11
1
11
9
2
1
41
2
11
2
25
3
3
3
16
3
3
3
10
11
11
2
7
2
11
2
39
4
7
3
31
10
8
3
68
2
10
3
33
4
3
3
2
12
4
3
53
7
7
2
39
1
8
3
55
17
6
2
8
3
8
3
12
2
2
1
31
13
3
1
3
10
6
3
67
3
2
1
55
2
4
1
42
1
8
1
12
6
1
1
9
10
3
1
67
1
6
2
4
3
8
3
17
6
3
3
28
2
5
3
66
7
11
1
29
3
8
1
43
1
10
3
52
2
9
2
4
1
7
3
61
9
9
2
38
4
4
1
44
3
10
2
53
1
5
2
23
3
9
2
26
1
2
1
29
2
11
2
9
1
4
2
5
3
8
2
67
1
6
2
29
3
7
2
63
1
10
3
25
1
9
3
7
1
4
2
40
4
11
1
16
1
3
2
15
1
11
3
42
1
9
3
26
2
6
1
63
2
8
2
29
2
11
2
14
1
8
1
17
6
9
2
47
3
12
1
47
2
12
2
37
4
7
1
1
1
9
2
16
3
6
2
10
2
1
2
35
2
11
3
38
9
10
3
4
1
5
2
12
3
6
2
22
2
11
2
49
3
8
1
40
2
11
1
5
1
11
3
32
2
1
3
60
1
6
1
34
6
8
3
14
4
5
3
44
10
12
3
71
4
8
2
38
1
6
3
9
29
11
3
32
3
10
3
65
12
6
3
35
7
5
3
27
6
5
2
52
4
1
1
36
2
10
1
12
16
8
2
13
1
9
2
60
1
3
2
33
3
6
1
8
13
3
1
40
3
12
2
42
2
4
1
31
18
7
2
65
1
9
3
11
18
7
3
67
34
4
2
54
2
1
3
10
8
2
1
60
2
12
1
49
2
10
3
65
8
2
1
41
3
10
3
49
6
5
2
26
4
4
2
1
1
6
2
12
2
9
3
11
1
4
2
52
1
12
1
44
1
1
2
30
4
5
3
41
2
7
1
5
2
3
3
38
2
10
2
3
2
2
1
66
3
8
3
25
6
7
3
3
7
3
2
41
3
7
3
15
8
5
2
8
1
12
1
14
13
1
1
7
10
8
2
71
2
7
2
44
1
9
3
4
17
10
3
41
4
4
3
63
5
12
2
34
2
9
1
38
2
9
2
18
2
8
1
17
15
4
2
66
2
10
1
53
1
11
3
18
24
7
2
45
2
7
3
68
16
9
2
30
5
12
3
2
7
12
2
18
3
8
2
55
3
1
1
65
2
4
3
43
4
11
2
54
1
11
3
61
11
4
3
60
24
11
2
60
3
10
1
71
3
9
3
8
13
10
2
1
3
12
3
6
6
3
3
18
6
4
2
68
4
7
1
55
1
5
3
37
6
7
2
37
3
11
2
2
2
9
2
5
1
7
2
31
5
11
2
9
2
5
3
52
7
6
1
71
1
1
1
43
3
10
1
52
1
9
1
49
1
4
1
3
2
3
3
39
4
9
2
6
2
4
3
13
9
4
2
14
3
3
2
61
1
7
1
15
1
6
3
53
4
10
3
26
11
1
1
6
1
3
3
55
16
2
2
10
1
10
3
44
1
6
3
29
16
6
3
5
5
12
3
39
1
6
2
34
1
12
3
30
22
12
3
47
1
10
1
10
6
10
1
37
2
11
2
31
4
11
1
35
4
12
3
6
1
6
2
33
2
12
1
61
3
2
1
23
1
11
1
32
5
1
2
61
3
4
2
36
3
12
1
16
4
5
2
55
2
6
1
34
5
2
1
39
2
5
1
27
3
10
3
49
8
5
3
66
2
4
3
12
5
2
1
26
1
11
1
38
3
2
1
4
6
3
1
39
1
6
3
54
2
12
