2
53
2
11
2
8
2
10
2
5
2
12
3
28
3
11
1
31
11
5
2
55
2
11
1
32
6
2
3
49
3
3
3
6
4
12
3
55
8
6
1
54
2
12
1
41
2
1
2
68
2
11
3
9
24
6
2
25
2
10
2
18
2
2
3
40
3
3
2
47
3
4
3
63
7
1
1
41
3
11
1
18
4
9
1
49
2
3
2
36
3
8
1
3
8
9
3
12
4
1
3
26
5
1
3
4
7
2
2
43
1
6
2
60
1
3
1
30
11
7
2
3
1
10
3
14
4
6
1
34
11
12
1
55
2
8
3
17
16
3
3
6
3
2
3
41
4
2
2
38
4
2
3
60
32
3
3
5
1
12
1
36
1
5
1
9
1
2
3
3
8
3
2
33
2
1
2
41
4
5
3
3
4
2
1
9
2
5
2
22
3
4
2
43
4
1
3
68
15
12
3
7
5
1
3
29
6
1
1
17
2
11
2
11
1
7
2
44
2
2
3
15
10
4
1
61
3
9
3
43
5
8
2
10
1
8
2
37
1
6
2
30
3
7
2
2
2
12
1
14
19
12
2
17
3
4
2
34
1
3
1
63
1
9
2
49
2
10
1
5
1
2
1
10
4
7
3
66
8
9
1
28
1
6
3
1
5
4
2
63
2
4
2
9
3
3
2
52
1
10
1
5
2
4
2
1
1
4
3
40
4
10
1
35
3
2
1
71
2
3
3
23
5
12
2
31
1
2
1
10
1
12
3
32
1
9
2
66
3
10
3
71
3
11
2
65
1
6
3
61
3
7
3
5
4
1
1
6
2
6
1
29
1
7
3
27
2
7
2
39
2
7
2
60
2
5
3
9
3
1
1
52
2
10
3
4
9
7
3
45
2
11
2
27
3
8
1
37
1
10
3
43
2
1
2
40
1
12
2
32
2
8
1
34
8
6
2
67
1
11
1
14
7
5
2
45
3
11
2
28
1
12
1
4
7
3
2
39
1
8
2
44
1
9
1
1
1
7
1
71
1
4
2
49
4
9
1
47
2
11
1
37
2
5
1
2
6
6
3
65
18
3
3
34
10
6
1
40
3
1
1
22
2
3
1
67
1
2
3
41
2
10
2
31
3
2
3
47
4
6
1
52
1
11
3
68
8
4
2
54
2
10
1
35
2
6
3
61
2
8
2
29
2
8
1
44
1
7
3
10
2
6
1
2
3
10
3
67
6
9
3
67
11
4
1
13
6
3
2
66
1
2
3
47
3
9
2
18
1
5
3
52
8
1
2
12
1
8
2
12
2
5
2
10
2
6
1
43
1
8
1
33
3
5
3
39
2
8
3
31
22
3
1
38
3
12
1
4
1
9
2
7
2
3
2
23
1
9
2
25
3
3
1
68
2
6
3
29
17
8
1
17
11
11
1
55
1
6
3
14
23
3
3
42
4
5
1
33
2
6
3
18
7
1
3
35
2
5
3
15
14
2
2
45
1
12
2
9
2
12
2
29
1
3
3
54
1
6
2
61
3
7
3
34
5
1
3
38
6
5
2
2
3
7
2
34
2
3
3
27
17
10
3
11
4
10
1
12
10
12
2
8
3
2
3
49
4
6
2
26
2
5
1
39
3
6
3
53
4
7
2
1
3
10
3
37
5
9
2
36
4
2
3
2
11
7
3
22
5
4
1
13
9
5
3
44
3
7
1
36
3
8
2
16
1
1
2
7
1
3
1
23
3
2
2
28
2
8
2
14
1
3
1
30
5
9
2
23
2
11
3
55
1
7
3
38
8
4
2
42
1
11
3
13
9
7
3
25
8
1
1
31
5
4
3
8
11
2
2
16
3
2
2
17
2
5
1
25
1
5
1
44
3
10
2
3
2
7
2
6
3
8
2
4
3
2
3
44
2
11
3
12
2
3
3
45
3
4
2
35
2
8
1
54
1
5
3
33
18
7
1
11
9
3
1
42
2
9
2
14
3
3
3
11
8
5
3
7
1
7
3
36
9
2
3
66
3
2
1
45
2
12
3
2
4
2
1
43
3
10
1
53
2
12
2
67
2
11
2
13
2
12
3
30
14
6
2
53
3
4
3
63
1
2
1
40
2
5
2
35
1
12
2
61
2
6
3
10
1
10
1
8
5
1
2
55
3
9
3
13
1
6
2
40
3
1
1
22
1
9
3
1
9
1
1
32
1
6
3
32
4
8
3
71
1
12
1
15
2
9
1
27
3
3
3
39
1
10
2
47
1
12
2
5
3
2
2
6
1
10
1
7
11
10
1
26
1
9
2
37
2
12
1
47
3
8
3
8
18
11
3
22
10
7
1
66
2
11
2
41
2
5
3
18
12
9
1
23
2
9
1
66
3
6
3
28
7
10
1
60
1
7
2
15
1
10
2
33
1
8
3
35
1
2
3
17
9
4
3
25
7
6
3
36
2
5
1
65
1
4
3
54
2
9
3
30
13
12
3
26
2
1
1
18
2
9
2
32
4
9
2
27
1
8
1
63
2
7
3
33
11
1
2
54
1
7
3
16
6
3
3
23
8
12
3
37
11
3
1
11
12
3
1
27
2
11
2
11
3
3
3
31
12
10
2
71
2
11
1
6
1
7
2
15
2
9
1
29
2
1
2
4
1
11
1
68
1
2
1
53
1
8
1
25
3
2
3
65
14
10
3
16
4
7
1
7
1
8
1
12
18
1
3
52
7
7
2
13
3
6
3
60
31
6
1
3
1
7
2
42
2
3
2
30
5
4
1
65
2
7
1
8
1
8
1
1
3
10
2
26
1
6
1
16
4
9
2
63
3
2
2
52
5
10
3
42
2
2
2
38
3
5
3
53
6
10
1
67
2
4
1
60
2
10
1
16
1
8
2
71
3
5
2
68
4
10
2
65
3
10
1
26
2
1
1
15
3
3
2
22
2
2
1
39
4
12
1
38
1
11
1
28
2
12
1
42
1
9
1
45
1
6
1
61
2
5
1
49
1
2
