2
42
1
4
3
6
1
12
3
60
18
4
1
68
3
7
3
65
9
6
3
2
10
4
3
15
6
4
3
43
5
11
3
35
4
9
3
55
9
2
1
44
2
3
3
63
10
11
1
45
2
7
2
26
4
11
3
68
3
5
1
35
4
10
1
8
15
8
3
52
14
8
2
44
4
2
3
25
9
12
1
16
5
9
1
5
1
12
2
5
1
7
2
4
1
7
2
22
1
1
3
17
6
5
1
26
2
8
1
66
3
5
3
12
7
9
3
10
13
10
3
41
3
6
2
28
3
4
1
40
1
8
1
37
2
11
3
33
3
12
2
12
1
8
2
38
4
11
1
47
2
5
2
29
2
6
2
25
2
8
3
29
19
6
2
49
2
7
3
31
6
6
1
27
1
12
1
68
1
11
3
27
17
3
2
9
2
2
1
29
3
3
2
14
3
4
3
44
3
2
2
11
1
9
3
7
4
7
1
10
7
11
1
2
7
11
3
37
5
1
1
41
2
7
1
65
2
2
2
30
5
4
1
14
8
9
3
61
7
7
1
61
3
12
1
31
3
2
2
18
1
3
2
12
2
1
2
42
2
10
2
55
1
9
1
55
1
5
3
41
1
12
2
55
2
2
1
17
9
9
3
8
11
3
2
31
4
10
2
61
1
3
2
13
3
2
3
17
10
9
3
14
2
8
1
66
2
1
3
1
10
11
1
44
3
4
3
18
19
1
2
3
2
5
1
6
1
3
2
66
3
8
1
22
3
1
3
18
13
8
2
13
1
9
2
14
1
12
1
60
2
4
3
38
10
12
1
11
5
3
3
42
3
11
2
26
2
5
2
29
3
12
1
23
2
3
3
60
8
4
2
63
1
10
2
67
1
5
3
7
5
9
1
42
2
4
2
25
3
12
1
10
6
6
3
30
19
9
2
60
3
10
1
34
6
7
2
66
1
5
2
22
3
11
1
3
6
5
3
16
5
10
3
39
5
2
3
67
15
7
1
9
7
6
1
33
1
3
3
61
11
3
2
3
1
9
1
13
3
8
1
22
1
9
1
71
1
10
3
9
22
3
2
63
3
10
1
1
1
9
1
32
4
2
2
54
2
6
2
4
3
6
1
38
1
11
2
32
2
9
1
40
3
3
3
6
2
12
2
11
2
2
3
28
16
2
3
71
5
7
2
47
3
10
3
2
8
12
2
1
3
1
2
44
3
12
2
49
3
11
3
49
8
2
2
41
4
9
1
13
9
7
2
8
3
2
3
67
29
3
3
25
5
12
2
17
2
8
3
36
13
8
3
44
8
1
2
16
2
9
1
36
2
6
2
6
2
12
1
25
2
10
2
27
2
4
3
37
8
7
2
67
2
3
1
4
4
5
1
3
1
2
1
14
17
12
2
7
2
2
1
63
1
1
1
60
1
6
2
68
3
5
3
29
3
6
2
8
1
3
2
52
1
4
1
18
1
4
3
65
12
7
2
38
1
5
2
10
3
3
2
43
5
3
3
49
4
3
3
34
2
10
2
32
1
6
1
35
2
12
2
45
4
7
1
31
10
5
1
53
2
7
3
4
28
4
2
2
1
2
3
39
7
9
3
45
3
9
2
7
1
7
3
5
5
4
3
28
10
1
3
40
3
7
2
60
2
5
2
41
5
7
1
65
1
2
2
36
3
8
3
53
7
6
3
32
1
1
2
65
4
5
2
16
1
3
1
43
1
2
1
32
5
2
2
34
1
1
1
17
12
10
1
54
2
9
2
54
1
4
3
22
10
11
3
52
4
10
3
11
8
12
2
47
2
12
1
8
16
9
1
28
3
12
1
28
2
3
3
1
2
1
2
52
2
3
3
10
17
12
1
52
2
5
2
30
2
10
3
71
3
3
1
7
4
1
2
71
1
4
1
37
1
1
2
31
3
5
3
34
4
4
2
9
1
9
3
63
1
3
2
1
2
3
3
26
3
8
2
2
2
3
3
33
8
5
3
38
6
4
2
10
2
7
3
40
6
3
1
18
9
7
2
33
2
6
1
1
2
3
1
30
9
6
1
55
2
1
1
41
3
11
1
33
2
12
2
37
1
6
2
36
2
2
3
66
8
1
1
45
1
9
1
49
2
10
3
68
16
4
1
16
1
11
1
47
1
8
3
23
4
10
1
38
3
1
3
3
7
10
3
11
2
8
3
23
17
10
3
55
2
5
1
23
3
8
3
36
8
10
1
7
3
7
1
39
1
7
1
49
1
1
1
15
2
9
1
27
3
11
2
23
2
3
2
15
3
8
2
5
2
5
3
26
6
3
3
47
6
11
1
5
2
6
2
18
2
11
1
29
2
8
1
54
1
9
1
52
3
3
2
15
1
7
1
15
4
10
3
14
6
11
2
53
2
8
3
15
15
4
1
4
1
11
2
37
3
5
2
39
2
8
1
34
11
3
3
35
8
3
2
61
3
5
1
67
3
12
1
25
3
4
3
43
8
8
2
40
3
2
2
39
1
5
2
53
1
11
2
6
3
2
3
13
9
4
2
68
2
1
1
43
3
3
1
11
9
9
3
4
16
9
2
23
3
8
3
3
8
3
2
40
2
3
1
39
2
1
3
8
17
2
2
28
2
6
1
53
1
2
3
12
4
6
1
71
2
11
3
54
2
7
1
2
6
12
3
22
7
10
3
66
4
3
2
34
3
10
3
9
21
10
2
65
3
1
1
9
1
6
3
30
10
1
3
27
7
7
3
13
4
1
2
27
3
5
1
42
1
6
2
45
2
7
1
12
9
9
2
43
3
4
2
33
1
2
2
35
1
6
3
54
1
8
1
26
3
5
1
6
2
9
3
45
6
11
1
12
18
3
3
16
1
12
1
30
14
3
2
71
3
11
1
61
2
5
1
63
2
8
2
17
3
3
2
35
2
6
1
67
2
9
3
53
8
3
3
47
1
7
3
42
4
1
3
5
4
12
3
32
9
7
3
31
7
10
1
36
1
2
