1
38
1
7
2
49
4
8
2
10
1
5
2
27
1
5
1
39
3
9
1
60
1
11
1
14
13
12
1
30
11
4
2
15
3
1
3
67
36
9
2
3
1
8
3
8
5
10
3
9
30
10
2
22
2
12
1
27
1
9
1
6
2
10
2
47
3
10
1
36
2
2
3
32
3
10
1
29
2
9
1
18
10
9
3
25
4
7
1
71
3
2
3
45
7
6
3
47
1
4
1
55
1
5
2
17
2
12
2
60
1
12
3
8
14
12
2
31
1
1
2
25
2
9
1
44
4
5
3
7
5
9
2
55
3
5
3
22
11
4
2
25
1
6
2
12
2
3
3
54
1
5
2
63
2
9
1
33
1
9
3
43
4
6
1
43
2
2
1
67
2
8
3
15
7
12
3
26
11
7
1
22
3
10
1
3
3
8
3
38
8
9
3
41
4
10
2
28
1
7
2
52
3
10
2
42
4
11
2
40
3
11
1
12
3
11
3
44
9
7
1
37
2
10
1
17
13
6
2
71
3
10
1
13
1
9
2
53
1
7
2
5
2
10
3
49
2
10
1
45
1
7
2
6
1
4
2
16
2
12
3
31
26
11
2
4
1
4
3
61
7
10
3
5
2
12
3
23
15
7
3
40
6
4
3
35
6
11
1
47
3
4
2
53
3
7
1
65
1
11
1
42
2
9
3
71
4
7
2
49
2
3
3
54
2
10
1
65
2
9
3
12
6
11
3
37
7
10
2
14
2
11
2
18
1
4
2
41
4
6
1
16
7
9
1
41
2
4
2
45
4
3
2
1
1
9
1
66
2
3
1
38
3
10
2
37
3
9
2
33
3
11
3
47
4
3
3
55
5
3
1
33
6
9
1
7
10
7
2
12
3
10
3
35
7
8
1
61
2
5
2
2
3
6
1
23
1
6
1
66
1
11
1
34
10
9
1
52
1
11
2
43
1
7
1
47
2
2
2
67
2
1
3
66
3
3
3
22
12
9
3
17
13
9
1
54
1
1
3
40
2
4
3
66
9
5
1
8
17
8
2
28
3
6
1
4
5
6
3
45
6
7
1
30
4
3
2
8
3
2
1
15
4
9
1
55
2
3
1
36
3
7
3
16
4
9
3
28
2
2
3
34
9
1
2
13
3
8
3
9
24
9
2
27
3
5
2
13
2
2
3
27
9
11
2
8
1
4
2
61
2
1
1
53
2
8
1
28
3
6
1
29
3
8
2
34
3
9
2
38
5
3
2
11
3
11
1
53
1
12
3
13
4
1
3
32
4
12
1
10
6
12
2
2
1
10
1
45
2
11
2
44
2
8
3
27
10
5
3
42
2
10
2
39
4
9
3
6
1
5
2
30
2
11
1
18
2
4
3
10
16
2
3
52
14
4
3
33
19
6
1
63
1
7
3
13
7
8
3
42
4
2
1
5
1
9
1
68
3
11
3
38
10
4
2
38
3
2
3
68
15
12
1
22
2
3
2
15
2
5
3
4
5
9
1
17
1
12
2
55
2
12
1
40
3
9
3
44
8
7
1
9
14
8
2
54
2
9
1
2
6
12
3
49
5
11
2
22
1
6
2
33
1
10
3
63
12
5
3
39
4
1
2
26
3
8
3
52
13
2
1
31
4
11
1
14
12
3
1
9
7
7
2
23
1
5
3
2
10
1
1
54
2
1
2
54
1
12
2
63
1
10
2
10
2
3
1
27
2
12
2
23
2
12
2
67
1
6
2
60
4
8
2
14
1
2
2
1
3
2
2
35
3
2
2
35
2
11
2
29
3
4
3
2
4
2
1
43
1
9
2
61
1
7
3
26
4
5
1
49
1
8
1
28
2
7
2
18
2
8
1
37
1
4
1
1
3
9
2
11
2
5
2
68
1
8
2
36
5
11
1
26
1
3
2
32
3
1
3
5
4
2
3
16
1
7
2
7
3
9
3
4
9
8
3
43
3
6
2
36
1
10
2
4
2
7
3
12
4
7
3
25
5
9
1
35
4
12
3
36
7
7
3
31
6
6
1
71
1
4
2
5
3
4
3
3
8
4
3
30
22
8
1
39
4
12
1
32
2
1
3
1
9
1
3
53
7
1
1
32
1
11
2
31
3
1
1
1
1
10
1
44
1
1
2
6
2
11
1
15
3
8
2
40
2
2
2
66
1
1
3
60
19
7
1
52
3
4
3
36
14
1
3
71
5
6
3
30
16
9
1
11
12
9
3
11
16
12
1
61
3
7
2
68
4
1
1
25
3
12
1
68
2
4
1
31
9
3
2
66
3
1
1
4
3
6
3
1
4
1
2
16
3
10
3
63
7
6
1
5
2
9
3
18
22
7
1
16
3
2
3
14
24
4
3
65
20
2
3
60
11
5
1
35
3
6
1
40
2
7
2
26
2
7
2
65
4
6
3
37
6
6
3
61
3
12
3
53
3
2
2
9
2
3
2
9
3
1
2
71
2
12
1
41
3
4
1
60
2
1
2
43
4
1
1
49
2
5
3
34
8
6
2
17
1
12
2
47
4
2
3
41
1
10
1
11
2
6
1
26
3
6
3
28
3
7
2
29
2
12
2
44
3
1
1
63
2
4
2
7
2
1
3
18
4
7
3
3
4
5
2
32
1
9
3
6
4
8
2
34
1
8
2
39
1
4
1
10
5
10
1
34
7
3
2
37
1
10
3
39
3
10
1
7
8
1
1
13
9
12
2
45
3
10
3
55
1
1
2
42
1
4
3
65
2
8
1
25
2
3
2
41
5
4
1
8
11
12
1
23
2
11
3
33
20
7
1
12
10
1
3
14
16
5
3
7
3
11
1
6
1
8
1
67
1
6
1
2
7
1
3
67
34
12
3
17
2
1
3
29
13
12
1
42
1
5
2
3
2
1
3
68
5
8
3
23
16
8
3
29
5
5
2
30
1
10
2
52
4
1
3
10
13
6
1
3
7
12
3
15
5
10
3
11
24
3
2
65
3
2
