1
7
9
12
1
66
1
3
1
16
6
12
3
28
9
8
2
53
3
6
3
15
10
4
1
60
1
7
1
32
3
10
2
30
3
2
2
8
1
1
1
45
1
11
1
9
9
4
1
61
3
12
1
22
3
9
2
42
3
7
3
55
7
3
2
13
3
4
3
37
7
7
2
14
3
7
1
9
2
4
3
33
18
10
3
60
13
9
2
35
2
8
1
18
3
4
3
55
15
2
2
30
1
8
2
3
2
10
2
22
2
6
3
31
10
4
2
36
1
7
1
3
10
8
2
52
3
1
3
30
20
7
2
18
2
3
2
33
3
1
2
67
2
5
2
26
3
7
1
7
6
12
3
71
3
9
1
11
11
2
3
17
11
6
3
26
5
7
1
23
1
9
2
53
1
7
1
32
6
10
2
38
3
2
2
35
3
8
2
12
3
5
1
55
2
9
3
31
2
10
2
15
3
5
2
15
1
9
2
66
3
3
3
4
18
5
1
52
1
6
1
54
2
2
3
28
8
5
1
15
1
11
1
65
1
4
2
29
2
11
3
3
4
5
2
2
3
1
1
30
14
12
3
22
2
2
3
44
10
12
2
1
2
1
1
11
10
7
1
13
2
8
1
28
2
5
2
40
3
12
3
39
1
12
2
31
5
3
2
41
3
6
1
22
1
6
2
71
3
6
1
29
2
8
2
5
1
2
2
49
1
7
2
34
1
3
1
36
3
6
3
4
15
1
3
22
5
4
2
1
1
5
3
42
4
6
1
4
4
3
3
54
2
3
1
47
1
8
1
43
2
7
2
47
4
11
2
11
1
8
1
71
3
6
3
43
7
5
3
68
7
3
3
25
9
7
1
65
2
8
1
43
1
7
2
25
3
11
3
23
2
11
2
23
3
2
1
17
9
1
3
9
11
3
2
47
2
3
3
45
4
9
1
30
2
1
3
2
2
6
2
5
3
4
3
37
1
6
2
37
2
12
1
2
3
2
2
7
3
6
1
41
2
3
2
65
2
4
1
4
8
12
2
32
4
11
1
39
3
3
1
44
1
4
1
49
2
11
3
16
1
12
3
38
9
12
2
31
4
3
2
27
2
4
3
32
4
6
2
3
3
4
3
35
3
11
2
29
3
5
1
47
3
4
1
40
3
4
1
17
11
10
2
34
2
6
2
13
1
11
3
27
1
5
3
13
4
11
3
61
8
7
1
5
1
1
1
1
2
1
3
30
13
6
3
18
5
5
2
33
2
2
3
1
4
8
2
38
4
5
2
68
1
8
1
35
1
7
1
27
3
12
1
14
17
7
1
54
3
9
3
11
18
6
1
16
7
3
3
27
15
3
3
47
9
4
1
14
22
8
3
36
14
5
1
53
2
2
1
12
12
7
1
39
4
3
3
49
8
4
1
34
8
12
3
65
2
5
3
14
1
1
2
6
3
11
3
10
21
10
1
13
5
5
1
49
1
10
2
18
4
5
3
67
11
10
1
10
3
9
2
28
2
4
2
23
1
2
3
41
3
5
2
40
4
8
1
45
2
1
3
36
13
6
3
18
21
8
1
28
1
1
3
32
2
6
3
26
12
11
1
15
4
11
3
60
7
8
2
66
2
6
1
66
2
12
2
27
1
3
2
61
3
6
2
65
1
1
2
44
5
4
3
52
8
12
1
31
7
4
3
63
3
10
3
15
16
3
3
8
15
5
1
36
2
11
3
42
3
9
2
7
1
1
3
49
1
1
2
52
1
5
1
41
1
1
3
25
2
11
3
43
8
7
1
42
2
11
2
22
1
9
1
37
1
5
2
4
1
2
2
10
1
8
3
8
6
8
2
6
1
1
2
54
2
10
2
32
3
2
1
26
1
5
2
45
3
3
1
38
2
9
2
60
3
9
1
8
1
12
3
66
3
9
3
29
6
12
3
38
5
11
1
71
1
10
2
4
2
6
3
34
11
6
1
44
4
1
1
63
1
9
1
31
3
12
2
44
2
2
1
33
3
4
1
3
1
2
2
63
3
11
3
14
17
12
2
9
1
4
3
39
9
6
2
8
3
10
3
35
2
1
2
61
1
1
3
66
6
6
2
9
2
10
1
55
1
10
1
60
2
7
1
68
1
11
1
33
8
5
1
25
2
12
1
12
17
7
3
40
2
8
3
44
8
4
1
42
1
12
3
9
27
1
2
37
4
3
3
41
2
1
2
55
2
12
2
39
1
3
2
28
1
12
2
41
4
9
1
34
5
4
3
33
6
12
2
55
1
1
1
35
3
9
3
6
2
9
3
23
4
12
1
10
4
3
1
8
13
11
2
71
1
5
3
16
6
10
1
6
1
6
2
16
2
7
1
67
2
4
2
17
1
1
3
68
3
7
3
53
7
9
2
14
2
1
3
12
7
11
2
2
2
2
3
40
4
6
1
1
3
7
3
3
9
9
1
67
1
1
2
17
2
8
1
26
3
7
1
25
3
9
3
47
10
10
2
16
1
10
2
25
1
7
3
61
2
1
3
7
5
11
1
40
1
10
2
43
5
9
2
63
2
12
1
52
2
11
3
45
6
10
3
67
4
11
3
1
2
8
3
2
7
8
1
53
1
2
2
54
1
10
1
18
8
12
2
67
1
1
1
6
2
1
1
2
1
3
2
43
4
3
1
63
2
11
1
38
3
9
1
27
2
5
3
12
2
10
3
53
8
8
3
13
3
6
1
61
2
7
1
29
1
4
2
11
2
12
3
5
5
7
3
6
4
4
3
7
3
7
3
11
3
10
3
34
8
6
1
23
3
1
2
42
2
9
1
5
2
2
3
63
2
10
2
49
3
12
3
10
24
1
2
39
4
11
3
29
11
7
3
65
18
8
3
17
14
6
3
52
17
12
3
71
2
1
1
37
2
4
1
68
3
9
3
54
1
9
2
45
4
7
3
5
3
1
2
10
2
9
2
26
1
8
2
60
1
1
2
36
3
5
2
12
2
5
2
68
3
2
