2
35
2
12
1
13
9
1
2
37
4
7
3
36
11
8
1
8
14
8
1
52
2
7
1
28
2
6
2
63
2
1
2
23
1
12
1
42
2
11
2
13
1
10
1
32
2
6
3
37
9
7
1
45
2
5
3
31
4
4
3
27
15
6
2
23
2
1
1
11
2
9
1
25
3
12
2
8
1
2
3
34
5
7
1
54
1
7
3
45
5
2
2
38
2
8
3
31
21
4
1
63
1
9
2
39
2
12
2
7
3
9
3
40
2
9
3
42
4
6
3
10
9
7
2
52
5
11
2
29
2
5
2
22
1
9
3
38
8
1
3
29
2
4
1
3
5
9
1
22
2
10
1
52
3
5
3
38
1
12
3
6
4
11
2
5
3
12
1
47
1
1
2
43
5
3
2
4
3
4
3
9
32
11
2
67
1
6
2
49
4
11
2
41
2
9
1
10
8
1
3
8
12
2
3
16
7
6
2
9
1
2
3
35
7
12
2
67
2
5
2
11
1
9
3
60
14
12
2
30
2
7
2
61
1
10
2
45
4
3
1
9
1
8
3
25
2
5
1
30
2
2
3
8
5
10
2
4
2
11
2
65
3
7
2
22
3
2
1
34
3
3
3
55
3
1
3
18
25
11
3
39
5
11
1
10
6
8
3
42
1
4
1
67
1
3
3
12
2
5
1
1
3
3
1
38
3
6
2
17
3
12
3
36
15
8
1
16
5
4
1
39
2
4
2
68
4
1
3
52
5
12
1
68
1
1
1
61
1
11
2
12
3
2
1
43
3
2
2
30
4
4
3
28
4
7
3
30
25
10
3
49
3
3
3
35
3
12
3
41
3
6
2
32
1
11
3
61
11
9
3
13
6
1
2
40
4
3
3
12
1
9
2
61
2
5
1
13
1
10
3
17
16
2
1
23
2
9
1
12
18
3
1
16
4
2
1
35
2
11
3
22
8
12
1
9
6
7
2
45
1
1
2
6
3
2
2
38
1
4
3
55
10
2
2
65
1
7
1
66
1
7
2
34
3
6
2
60
2
11
2
32
2
8
1
41
2
9
3
2
1
2
1
7
1
2
1
68
3
11
2
44
2
10
1
5
1
8
2
25
3
12
3
60
27
1
3
44
8
5
2
36
3
8
1
17
5
2
1
29
3
10
2
44
4
6
3
45
6
11
1
43
1
1
1
15
1
8
1
55
1
3
2
18
3
9
3
67
20
7
2
71
2
11
3
4
14
4
3
14
3
8
2
49
3
4
1
44
3
5
3
32
4
12
3
66
2
12
2
39
4
10
1
2
2
10
2
6
1
1
3
6
3
5
2
47
4
3
2
14
1
4
1
27
3
3
3
16
1
11
3
47
5
11
2
47
2
12
3
66
8
2
1
1
1
10
1
2
6
12
2
36
2
6
1
29
2
12
1
60
1
9
2
5
1
12
1
26
1
2
2
1
2
9
1
31
13
8
1
12
11
4
1
65
2
2
1
18
1
2
3
7
2
8
1
8
7
5
2
55
3
3
3
37
2
6
2
17
2
5
3
61
5
7
3
26
7
1
3
1
7
7
1
60
2
1
2
41
5
7
3
9
29
12
1
36
1
7
2
8
2
11
3
10
7
11
3
11
1
10
3
52
8
7
3
54
2
7
3
65
10
10
2
31
3
11
2
28
3
10
3
23
18
6
2
37
1
9
1
36
3
4
3
2
10
11
2
42
4
7
3
7
3
2
1
42
1
8
1
53
2
6
2
54
2
3
1
49
1
4
2
13
3
2
3
67
8
2
3
32
6
7
1
41
1
7
2
9
2
6
3
3
7
2
2
25
1
2
1
54
3
5
3
27
8
9
1
53
1
8
2
7
2
6
3
65
21
3
3
17
13
12
1
15
3
6
1
7
6
11
1
71
1
7
2
53
3
8
2
27
2
7
2
68
3
11
3
33
18
8
2
40
1
6
3
15
5
7
2
18
4
11
2
42
2
10
2
66
1
10
2
1
3
1
1
71
2
2
1
27
2
7
3
4
22
7
1
5
2
5
3
71
3
10
3
1
1
6
1
40
2
11
1
32
3
8
3
23
6
11
1
40
1
7
2
29
3
10
1
25
2
6
1
6
1
8
2
11
2
12
1
14
11
1
3
26
9
11
2
63
3
2
1
14
18
7
1
31
8
3
1
49
2
9
1
38
1
6
3
39
7
5
2
27
1
2
3
40
3
10
1
65
1
4
3
44
4
8
2
43
2
1
3
43
3
1
2
10
1
12
3
14
6
9
2
15
3
7
3
47
7
9
2
10
3
7
3
63
2
7
2
14
2
12
3
34
7
1
1
6
2
6
2
55
1
8
2
12
2
12
2
3
1
3
3
43
6
4
3
30
24
4
3
5
2
7
2
34
1
4
3
25
8
3
2
66
2
11
3
68
3
9
2
16
3
5
3
15
8
11
1
11
1
3
1
34
2
9
2
2
1
9
2
53
1
7
1
23
1
5
3
11
2
7
2
2
2
4
3
13
8
4
2
16
1
8
1
33
2
11
1
22
3
8
1
4
4
1
1
44
4
2
2
3
3
2
3
68
1
2
3
18
20
11
2
33
2
2
2
15
1
3
1
4
2
7
2
33
1
11
1
35
3
5
1
3
2
8
3
28
3
10
2
54
1
2
3
54
1
5
2
26
4
12
3
3
6
2
2
71
3
5
1
39
1
2
1
33
1
9
1
37
2
9
1
26
2
12
1
37
1
7
3
63
11
4
2
35
1
2
1
47
3
12
3
29
18
2
1
55
2
8
1
28
1
8
1
67
3
10
3
53
4
6
1
18
2
6
3
41
1
9
2
31
2
11
1
63
2
2
3
53
3
9
1
45
1
6
2
26
2
11
2
28
2
8
2
52
3
1
1
30
1
12
3
5
4
6
3
49
1
12
3
22
4
4
3
33
20
9
3
71
4
6
1
17
16
9
1
61
3
10
1
66
2
9
2
60
1
6
