1
27
1
5
2
68
2
5
2
27
1
2
2
5
1
1
2
16
2
10
3
2
9
7
1
54
1
6
2
40
1
6
1
45
2
1
1
43
1
3
3
5
4
7
3
61
1
11
2
67
2
6
1
17
16
6
1
44
4
11
1
28
3
12
2
43
1
8
1
22
1
4
2
11
2
8
3
67
14
8
2
5
3
10
2
34
2
12
3
32
12
11
3
15
13
1
3
11
10
11
1
6
1
1
2
4
2
5
1
18
4
11
1
55
1
2
1
66
2
5
3
71
4
8
1
65
2
9
3
15
12
9
1
30
18
3
1
45
1
5
2
31
1
5
3
12
1
5
1
16
7
4
3
55
14
4
2
41
2
8
2
60
3
8
2
66
2
9
3
43
5
12
3
22
12
1
2
63
2
9
1
60
2
1
3
14
7
11
2
39
1
1
2
49
2
1
2
30
4
11
3
26
11
4
2
41
1
7
2
45
4
2
1
7
2
8
1
49
2
11
3
29
12
5
1
16
3
4
3
8
1
6
3
61
6
5
2
33
1
1
3
37
7
6
1
29
3
2
3
8
8
3
3
52
3
6
3
53
4
11
3
44
7
5
1
68
3
1
1
22
2
3
3
28
2
3
2
8
3
10
1
55
2
2
1
25
2
10
2
28
2
6
2
1
2
4
2
35
2
1
1
49
1
2
1
12
4
10
3
4
8
1
2
66
3
8
1
1
1
5
3
60
23
9
2
4
3
4
1
54
3
3
2
31
2
5
1
52
2
12
2
39
2
7
1
38
2
8
2
12
1
9
2
17
2
6
1
65
1
6
2
29
1
6
1
2
5
8
3
38
12
9
1
47
1
11
2
42
4
2
3
45
4
7
3
23
15
8
1
52
1
2
1
27
2
12
1
36
3
2
1
32
5
11
3
47
5
6
1
39
2
6
1
63
1
3
2
13
1
4
2
61
1
8
3
27
9
6
1
44
3
7
2
3
3
7
3
12
6
10
3
41
1
9
3
43
1
1
2
25
3
1
3
52
10
8
3
66
8
6
1
29
1
3
3
34
9
7
1
35
1
5
3
65
7
2
3
68
10
2
3
9
28
1
1
43
2
12
1
23
1
2
1
37
2
8
2
22
1
5
1
31
5
7
1
1
2
9
2
44
5
6
1
35
2
11
3
2
11
6
3
1
7
10
3
33
4
6
2
23
3
12
2
2
1
5
3
26
10
8
3
9
8
12
2
63
1
10
1
67
2
11
3
25
6
11
2
18
1
5
1
31
12
4
1
23
3
11
3
55
12
8
2
23
1
10
1
71
3
10
3
10
24
7
3
11
8
7
2
52
6
9
2
55
1
12
1
41
2
6
3
53
8
10
3
16
5
5
2
54
1
10
1
13
4
5
2
65
1
6
1
15
1
3
3
17
13
10
1
37
1
3
2
32
3
10
3
27
15
3
2
7
2
10
2
27
2
6
2
38
5
7
1
14
20
3
1
33
1
12
3
49
5
5
3
5
5
9
3
36
11
8
2
68
4
10
2
15
3
10
3
38
5
12
2
61
2
8
2
47
4
7
3
42
2
5
1
68
2
8
3
18
6
5
2
9
3
2
1
33
3
11
1
42
1
10
1
11
4
8
1
8
3
8
2
14
2
3
3
41
4
8
2
52
3
8
3
44
3
7
2
32
2
11
3
54
2
12
1
5
2
5
3
32
11
7
2
6
3
9
3
66
7
4
2
54
2
4
2
13
2
8
2
40
2
8
2
18
2
8
2
30
5
4
1
71
1
8
2
71
3
4
1
30
8
11
3
47
1
12
3
31
15
3
3
3
7
5
2
42
1
9
2
45
3
5
3
40
2
9
2
26
2
1
3
60
19
7
1
34
2
2
3
16
7
3
2
1
1
9
3
49
8
2
1
9
5
12
1
5
1
1
2
33
3
3
3
63
13
8
3
36
4
2
1
26
3
4
1
40
1
4
1
6
2
10
1
34
3
11
1
66
1
3
1
17
6
7
2
55
2
12
3
34
10
5
3
4
16
9
3
25
4
4
3
40
6
3
2
47
3
4
1
2
7
2
3
30
13
3
3
45
3
6
2
2
3
8
1
42
2
7
2
43
2
5
3
67
38
6
1
18
1
8
3
17
6
1
2
71
2
5
3
37
6
9
3
54
1
8
3
29
7
3
1
9
8
2
2
35
1
4
3
35
6
11
1
10
4
9
1
13
2
2
1
10
6
2
1
61
1
3
2
3
2
3
3
63
4
11
2
16
1
11
1
14
16
8
2
36
4
2
1
11
8
1
3
71
3
4
1
67
3
4
1
39
1
7
3
7
1
2
2
36
5
7
3
3
8
4
1
26
2
8
1
53
1
3
3
13
1
10
1
3
1
4
2
53
2
11
3
68
13
11
2
10
2
3
1
12
10
11
3
30
22
8
1
36
1
12
1
15
5
7
3
42
3
12
1
41
3
8
1
53
2
2
2
8
2
5
2
11
1
2
2
15
1
2
2
22
3
5
2
37
4
11
3
13
7
9
2
44
2
12
3
39
4
4
2
10
3
7
2
60
2
6
1
7
3
11
1
60
1
10
2
14
3
6
3
7
4
5
3
22
7
2
2
6
1
1
1
28
1
3
1
25
1
8
1
32
2
12
2
28
3
11
1
61
2
6
2
17
1
2
3
31
27
11
2
38
4
5
3
33
8
3
1
63
2
2
3
6
1
4
2
34
3
1
3
28
8
8
1
3
7
6
1
8
7
5
3
18
13
5
2
49
3
9
3
1
8
4
2
7
3
1
3
6
6
6
3
65
8
4
3
35
2
7
2
12
2
12
2
29
3
3
1
4
3
1
3
10
22
7
3
14
15
9
2
26
4
3
2
65
2
1
3
23
14
6
3
39
2
1
1
40
2
12
1
4
5
8
2
37
3
1
2
25
2
12
2
67
1
1
2
9
1
11
1
38
1
1
2
53
3
8
1
47
3
4
