3
43
7
11
2
67
1
1
3
38
5
2
3
2
8
2
2
28
3
4
2
14
1
9
2
31
1
10
1
22
2
7
2
6
2
3
3
10
26
8
3
14
18
2
3
3
7
6
3
35
8
8
3
30
13
2
1
33
7
5
2
68
1
5
3
61
10
9
1
49
1
12
1
65
1
12
1
25
2
11
3
52
4
9
2
4
3
7
1
61
1
1
3
42
4
1
1
49
2
12
3
65
12
3
3
10
23
11
2
5
1
11
3
2
1
8
1
17
11
4
3
32
4
2
3
31
23
2
2
40
3
9
3
22
1
9
3
55
14
6
3
18
13
1
1
60
1
11
1
35
3
1
2
35
1
9
2
6
1
10
1
54
3
9
2
3
2
7
1
13
7
12
1
29
2
1
3
9
25
10
2
17
3
7
2
12
1
9
2
11
2
3
3
14
12
1
2
12
3
1
2
29
1
3
3
41
1
9
2
49
2
12
1
4
3
4
2
33
3
9
1
37
1
8
3
28
2
1
3
30
17
12
2
10
3
12
3
66
4
1
2
55
1
12
1
54
1
10
3
37
2
6
1
40
3
4
3
25
6
6
2
66
1
4
3
28
8
4
3
17
7
6
3
27
12
12
1
32
3
7
3
47
1
5
1
61
3
8
3
1
4
4
2
42
3
11
3
15
4
10
3
12
5
10
2
18
4
3
1
52
3
12
3
36
1
4
2
53
2
5
1
28
1
11
3
42
3
9
2
16
2
5
3
11
4
1
2
2
2
1
1
11
3
10
3
36
14
9
1
53
1
4
2
22
2
1
3
52
6
3
2
42
2
3
2
30
5
9
2
17
2
9
2
61
2
4
3
47
9
6
1
1
3
6
2
25
3
11
3
67
6
8
3
63
11
10
3
39
3
12
3
8
5
1
1
2
4
4
1
30
15
9
1
17
8
8
1
66
3
1
2
66
3
3
2
28
1
11
2
7
1
10
3
45
3
1
2
37
3
6
3
12
2
5
3
31
25
3
1
55
2
6
3
40
1
6
3
5
3
9
1
38
3
12
2
31
3
6
2
37
4
8
2
47
3
12
2
45
4
5
1
8
16
5
2
35
3
11
1
34
4
9
2
44
3
1
2
4
1
1
1
14
2
2
1
4
5
1
2
52
2
5
2
14
3
10
3
29
3
9
3
41
4
8
3
33
3
1
1
67
3
10
1
2
1
10
1
68
3
8
1
63
2
2
2
55
2
6
2
45
1
4
3
4
6
6
2
65
1
7
3
44
1
6
2
26
2
7
1
44
4
11
1
18
6
7
3
23
11
5
2
30
2
11
3
1
6
10
3
8
7
6
3
35
2
3
2
36
1
6
3
37
6
5
1
11
7
1
1
55
1
4
2
1
3
11
2
40
4
9
2
34
3
2
1
39
1
2
2
32
2
5
1
7
7
6
3
33
16
3
1
1
1
2
2
34
1
1
1
42
1
4
1
35
2
7
2
2
3
1
1
40
2
12
1
12
1
10
2
61
1
6
2
15
3
3
1
43
1
2
3
54
2
9
3
17
16
7
1
26
2
9
3
7
1
4
2
71
1
9
1
6
2
6
2
26
1
7
1
63
1
9
3
60
20
11
3
43
1
4
3
63
4
2
2
68
4
4
1
38
1
10
2
53
1
6
3
53
7
7
1
42
2
8
2
9
2
10
1
14
8
9
3
7
5
7
3
29
15
9
3
71
4
5
2
8
1
4
3
54
1
11
1
23
3
10
2
38
4
7
2
43
2
11
1
3
3
2
3
13
9
6
2
44
2
5
2
63
3
1
2
67
2
3
2
15
2
5
1
47
2
11
2
39
1
1
1
7
10
9
1
53
2
8
3
15
15
10
1
15
3
5
1
71
3
4
3
61
4
5
2
36
3
10
1
41
2
12
2
54
2
6
1
10
4
12
3
34
10
9
2
43
4
11
3
5
4
12
2
23
2
2
1
10
5
9
2
8
3
12
2
23
3
1
1
15
1
1
3
26
9
4
3
6
1
4
2
22
3
8
3
11
19
10
2
3
3
1
3
13
2
8
2
71
3
2
1
27
1
5
3
60
2
4
2
13
2
10
3
25
2
11
1
8
12
3
1
16
7
5
1
68
2
12
1
18
7
4
1
31
13
7
1
13
8
6
2
27
3
5
3
71
1
12
2
7
3
3
1
26
3
4
2
52
3
9
1
67
1
1
1
36
1
2
3
34
5
4
3
23
8
10
3
67
30
9
3
68
14
6
2
60
3
1
3
16
8
9
3
40
2
5
2
41
3
10
2
33
2
9
2
60
2
3
2
16
3
7
1
45
1
7
3
44
9
6
1
22
1
12
1
3
10
4
1
16
3
6
1
45
2
5
1
66
2
1
2
41
5
8
1
33
4
2
1
47
3
7
2
25
2
5
3
9
21
7
2
38
2
6
2
13
3
7
3
45
1
3
3
38
1
1
2
47
4
3
3
3
3
3
3
49
3
2
2
18
2
8
2
39
3
6
2
5
2
4
1
52
1
3
1
6
1
4
2
49
4
10
3
26
8
2
1
41
3
10
1
34
1
11
1
65
2
3
3
55
16
2
3
68
6
4
2
9
3
12
1
5
1
12
1
44
2
3
3
66
5
10
2
65
2
5
1
9
9
2
1
43
2
10
1
60
2
12
1
39
2
3
1
23
1
11
2
32
3
5
3
53
2
1
3
27
14
10
1
12
10
7
1
29
3
5
3
22
8
4
2
54
1
12
3
18
4
8
1
5
2
4
3
6
6
2
1
9
3
12
1
27
2
3
1
32
1
6
3
4
7
4
3
49
8
2
1
71
2
11
3
65
10
10
3
39
10
12
2
10
2
1
1
30
3
7
2
27
1
3
2
1
1
12
3
16
4
1
1
31
3
3
2
29
2
1
1
37
2
6
2
11
1
4
1
36
3
5
1
28
2
6
1
25
1
1
2
63
1
6
3
32
1
9
