1
44
1
1
3
16
4
5
3
8
16
5
3
34
10
9
2
16
1
7
1
6
2
10
3
35
7
10
1
60
1
6
2
54
2
4
3
12
6
3
2
60
2
3
2
14
2
1
2
40
2
6
1
43
1
2
3
3
6
11
1
18
7
9
3
27
9
3
2
52
2
5
2
41
5
3
1
14
1
2
2
30
3
9
3
41
3
6
1
29
3
2
3
54
2
1
2
31
4
2
1
65
2
6
1
54
2
10
1
47
1
1
3
41
1
4
1
7
10
5
3
2
8
6
3
61
9
9
3
9
24
4
1
23
1
3
2
36
4
9
3
28
15
10
3
45
6
7
3
45
4
12
1
35
2
8
2
53
1
8
3
53
8
12
2
32
2
10
3
4
7
1
1
55
2
10
3
39
4
1
3
14
11
4
1
41
3
11
3
8
15
8
1
6
1
9
3
32
4
3
2
63
1
7
2
38
2
4
2
11
3
7
1
8
9
1
1
60
2
5
3
68
12
3
1
42
2
8
3
42
3
5
2
27
1
9
2
11
1
4
3
9
6
11
3
10
6
9
1
1
2
7
3
38
6
12
1
15
4
1
3
28
5
10
1
23
2
6
3
49
7
3
3
60
4
3
3
43
6
12
2
23
2
10
2
8
3
10
3
43
3
2
3
1
5
6
1
22
1
2
1
17
11
5
3
42
2
8
2
32
1
2
2
33
3
6
3
40
6
10
1
67
2
2
1
11
4
10
2
37
3
2
1
12
13
4
2
68
2
4
1
67
1
8
2
7
3
1
1
12
8
6
3
1
10
10
2
22
2
8
3
63
1
5
2
17
1
12
3
15
10
8
1
33
8
9
2
5
2
7
1
27
3
5
3
16
6
8
2
29
2
9
2
71
1
12
2
35
1
10
2
41
4
1
1
63
2
8
3
15
12
3
1
38
3
3
3
17
7
3
2
44
3
11
2
2
3
2
1
30
20
11
2
44
2
9
2
67
2
4
3
22
6
12
3
10
16
7
2
26
1
11
1
71
2
11
1
37
2
9
3
38
3
9
3
6
5
7
2
4
3
2
2
8
2
8
3
25
5
11
1
17
7
8
2
17
2
11
2
6
1
2
3
13
2
3
1
16
1
9
1
9
3
5
2
15
3
6
1
71
1
5
1
10
3
1
3
71
1
3
2
1
1
2
3
52
13
9
1
61
2
9
2
2
2
4
2
25
2
5
1
34
5
6
3
39
5
1
3
14
13
4
2
36
5
10
2
54
1
5
1
3
9
12
2
23
3
8
3
33
22
10
1
30
2
9
2
33
2
6
1
42
1
6
3
29
15
4
2
1
2
5
1
26
1
4
1
65
1
6
3
2
3
5
3
31
15
2
2
55
2
11
3
12
3
7
3
49
1
11
1
10
4
3
3
7
5
12
3
44
2
4
2
22
1
6
3
5
3
4
1
9
12
5
2
68
4
5
2
18
3
9
1
27
2
8
3
37
10
11
3
3
9
11
1
18
2
7
3
25
9
3
2
65
4
7
3
65
12
9
3
26
3
4
2
45
3
12
1
39
3
9
1
39
4
12
1
26
3
5
1
11
6
6
2
42
3
5
1
22
3
2
1
44
2
1
2
26
2
3
2
45
2
2
1
34
2
5
1
8
16
1
1
35
3
10
1
68
3
12
1
61
1
8
2
4
1
6
3
13
4
5
2
47
4
2
1
43
2
10
1
40
3
2
3
30
15
10
1
40
1
1
3
23
15
12
3
68
7
7
1
13
3
11
3
18
4
12
1
25
1
7
2
28
1
9
3
23
14
1
3
66
8
10
3
18
20
10
2
9
2
8
2
67
1
1
1
32
5
4
3
36
3
5
2
39
3
3
2
14
1
9
1
52
3
3
3
30
3
5
3
54
1
9
2
18
4
5
2
5
3
12
3
11
8
1
3
11
10
6
1
4
6
6
1
14
16
11
1
53
2
1
1
33
7
12
3
37
7
6
1
66
3
5
2
27
2
12
3
47
4
3
2
38
1
3
2
53
2
2
2
60
1
12
1
41
1
5
1
28
3
10
1
54
3
6
1
36
3
9
2
12
2
11
3
27
15
5
2
10
2
11
2
28
3
2
2
34
2
5
3
35
1
9
1
5
1
6
2
61
2
5
1
55
1
10
1
49
2
1
3
55
6
5
2
63
3
12
2
6
2
6
1
25
2
4
3
17
5
3
2
37
1
10
3
29
3
3
3
40
4
6
3
65
14
7
1
3
2
11
2
3
2
8
2
55
3
2
1
16
7
3
1
31
12
3
2
47
2
1
1
13
1
11
3
22
7
12
3
6
4
3
3
32
8
4
1
47
2
3
2
13
2
11
3
71
4
3
2
25
1
9
1
45
2
4
2
43
5
3
2
39
1
8
1
15
1
6
2
31
1
7
1
28
1
4
1
45
1
11
2
13
1
2
3
7
1
7
2
71
3
11
2
43
4
9
1
49
1
11
3
52
12
5
3
55
12
4
2
15
1
4
1
31
9
3
2
52
6
4
3
36
5
6
2
42
1
6
2
66
3
11
3
66
5
3
1
66
1
6
1
2
6
2
3
61
5
1
1
1
3
1
1
29
1
4
1
63
1
9
3
60
30
2
2
34
3
1
1
53
1
7
1
38
1
6
1
37
1
6
3
53
6
9
3
34
5
7
3
63
7
9
2
49
4
3
3
4
9
4
2
66
2
8
1
32
2
3
3
26
5
11
3
44
1
8
2
10
1
8
3
47
1
8
2
40
4
3
2
3
1
7
1
52
2
2
2
16
3
3
1
4
3
2
1
7
3
2
2
9
3
12
3
67
20
9
2
61
3
11
2
12
3
5
3
67
28
7
3
5
5
7
2
35
2
9
1
36
2
6
3
31
16
9
2
65
3
7
1
68
2
1
3
33
20
6
2
29
3
4
2
30
4
6
1
2
1
11
2
49
3
11
2
7
1
10
1
5
2
8
