3
18
12
5
3
40
2
8
1
28
1
6
3
55
12
2
1
9
1
10
3
27
14
11
3
14
7
5
1
23
2
9
3
31
18
11
2
38
5
6
3
9
25
6
2
52
1
8
3
25
3
10
2
49
2
2
1
32
3
9
1
42
2
5
2
60
2
12
2
41
2
3
2
5
3
2
2
11
2
2
2
29
2
11
2
6
1
10
3
60
9
4
1
2
1
4
1
17
6
12
1
39
3
10
3
36
9
12
1
67
2
7
3
39
6
3
3
42
2
6
2
66
1
9
3
22
1
8
3
11
21
5
3
12
7
9
2
34
1
11
2
43
3
6
1
8
9
1
1
61
1
9
1
66
3
10
2
18
1
1
3
10
20
10
3
53
5
3
3
54
2
5
1
41
1
10
2
32
3
1
2
42
3
7
1
31
4
1
2
23
1
6
2
47
1
9
2
2
3
4
2
25
3
11
3
32
3
10
2
39
2
2
3
67
23
11
2
68
4
11
2
61
3
5
1
47
2
9
2
11
1
10
1
45
1
1
2
67
2
12
1
8
6
8
3
40
5
5
1
4
7
8
3
54
1
7
3
61
2
12
2
30
4
7
1
26
2
1
3
27
3
12
1
6
1
2
1
18
8
10
3
61
4
9
1
14
8
9
1
25
1
12
3
53
2
2
2
31
3
12
2
68
1
2
1
27
2
7
1
33
6
6
3
26
4
1
2
36
4
10
3
49
4
2
2
8
1
12
3
34
2
8
2
44
3
5
1
32
4
6
3
66
1
1
3
44
8
12
3
47
9
10
2
61
1
3
3
13
9
7
1
9
2
9
3
71
3
3
2
10
3
1
2
43
2
6
3
32
10
6
3
49
1
7
1
63
1
3
1
49
1
2
3
60
28
3
3
7
4
5
1
30
16
2
2
65
3
12
1
30
5
3
3
38
1
4
3
17
17
7
3
29
18
7
1
38
3
3
1
6
2
12
1
5
1
9
2
26
1
1
2
9
2
12
3
7
1
11
3
55
7
6
1
16
3
12
1
71
2
1
2
49
1
4
3
16
4
8
2
60
3
9
1
12
10
10
2
37
2
7
2
6
2
1
2
1
1
3
2
28
2
11
1
47
3
2
2
3
2
4
2
32
1
5
3
43
3
6
2
33
1
8
1
45
2
7
1
35
4
9
3
5
2
2
3
44
9
6
1
60
2
3
2
52
2
7
1
43
1
3
1
55
1
11
2
67
1
2
2
12
1
1
1
40
3
8
1
13
4
6
1
12
3
8
1
54
3
1
3
52
11
1
3
15
12
2
1
14
17
1
1
1
2
7
3
8
18
8
1
15
2
2
3
34
1
11
2
71
3
5
3
42
1
4
1
36
2
6
3
1
4
9
2
71
2
10
2
66
3
4
3
36
13
4
3
71
1
2
2
16
1
5
2
53
3
2
1
55
2
3
3
45
6
9
2
9
3
6
1
52
3
3
2
55
1
9
2
54
1
8
1
22
2
6
1
36
1
6
3
41
4
1
1
39
1
5
2
42
1
8
2
15
3
1
2
2
1
12
3
25
7
9
2
30
3
11
2
10
2
9
3
30
19
10
1
34
10
7
2
44
1
11
2
8
2
7
3
18
16
7
2
3
3
12
3
14
25
11
1
71
1
8
2
29
1
2
1
66
2
1
2
25
2
11
3
41
3
7
3
65
12
1
3
43
5
12
2
40
3
2
2
17
2
3
2
34
2
7
2
63
3
1
3
2
5
4
2
45
2
1
3
68
10
7
2
35
3
9
2
40
2
4
1
18
9
4
2
7
1
9
2
15
2
3
2
12
2
4
2
63
2
12
2
54
2
8
3
4
28
6
3
26
8
12
3
67
26
2
3
37
7
1
2
16
3
3
1
37
2
5
2
31
1
3
2
7
2
2
1
29
2
9
3
52
6
8
1
35
3
2
1
10
2
8
1
13
1
11
2
13
3
10
3
63
2
4
1
42
1
6
1
68
2
11
3
47
10
1
1
17
12
12
2
36
2
7
1
3
5
9
2
4
1
9
1
23
3
8
1
28
3
8
1
11
7
2
3
22
6
3
3
45
5
9
1
5
2
4
3
9
1
5
3
28
15
9
1
67
1
6
3
39
8
9
1
25
2
5
1
11
11
12
3
33
15
6
2
28
3
4
3
17
6
11
3
15
1
9
2
33
2
3
1
49
2
5
2
26
4
5
2
45
1
5
2
14
1
9
1
33
5
6
3
10
14
8
1
27
1
2
2
22
3
3
2
27
2
7
2
23
2
5
2
47
4
3
2
22
2
3
3
2
4
4
3
6
3
6
3
37
4
6
1
31
17
9
1
65
1
12
3
68
9
6
1
43
3
9
2
18
2
1
1
52
1
10
2
41
5
2
1
4
3
6
1
53
2
5
2
4
3
5
2
55
2
2
1
29
1
11
3
31
19
2
3
12
2
7
1
44
1
6
3
6
2
12
3
38
12
6
1
68
1
6
3
8
7
4
3
23
13
2
3
1
8
12
1
44
3
7
2
1
3
1
1
38
2
12
2
17
1
7
3
35
2
6
1
65
2
5
1
2
6
1
1
10
1
4
1
41
3
3
1
34
11
10
1
16
6
4
2
13
2
10
3
16
2
8
2
39
1
5
3
13
1
1
2
35
2
11
2
38
2
1
3
29
13
2
1
22
3
1
1
60
1
2
3
11
3
6
1
26
1
9
2
14
3
6
3
33
8
6
1
63
2
2
1
1
1
1
3
23
10
2
3
4
19
4
3
65
11
3
3
3
8
3
1
61
3
3
2
65
1
11
3
66
8
12
3
30
17
10
3
5
1
11
3
3
10
2
2
37
1
9
3
63
13
7
1
37
1
3
2
5
1
12
3
35
4
10
1
53
1
9
1
15
1
12
1
54
1
8
1
3
11
1
2
53
2
2
2
27
3
1
3
28
14
10
1
7
11
7
1
40
1
7
1
7
9
7
