3
22
11
11
3
1
8
3
1
35
1
1
1
65
1
1
2
34
3
9
2
63
1
8
2
42
2
6
3
40
2
9
3
63
6
6
2
43
1
2
3
40
4
9
1
54
3
3
3
38
10
2
2
44
5
8
2
60
3
4
1
53
1
11
3
26
7
2
3
27
3
1
1
36
3
4
2
12
1
2
3
3
5
8
1
40
1
8
2
31
2
11
2
26
4
8
2
39
1
7
2
45
1
11
3
45
3
8
3
1
2
6
3
9
16
7
3
43
8
8
3
3
8
3
1
13
4
6
3
14
9
12
1
26
3
11
1
1
1
3
1
40
3
7
3
30
12
6
3
37
3
9
3
41
1
4
3
32
2
4
1
31
7
5
3
66
6
12
2
32
3
10
3
66
9
10
2
28
3
6
1
17
4
7
3
29
14
2
2
66
2
6
1
2
4
10
2
8
2
3
2
41
4
4
2
40
1
7
3
27
12
1
3
39
7
2
2
49
3
9
2
68
4
1
1
25
1
6
3
15
14
8
1
6
2
10
1
30
5
10
1
47
3
1
2
31
4
5
2
49
1
3
2
71
3
8
2
30
2
8
1
22
1
8
3
34
5
9
1
65
2
5
2
25
3
1
3
2
7
1
2
3
3
11
2
39
4
6
1
11
3
7
3
16
1
9
1
61
1
11
1
11
9
11
3
30
25
1
1
41
2
7
1
7
9
4
3
8
2
12
2
7
3
3
1
66
1
3
3
54
1
10
1
66
3
7
3
65
6
5
2
43
4
5
1
32
5
9
1
43
3
4
3
44
4
1
1
55
2
3
1
18
7
12
3
71
4
2
3
37
7
2
3
47
8
7
1
1
3
5
2
28
1
3
3
18
13
1
1
23
2
12
2
44
1
5
1
49
2
3
3
55
12
2
3
52
9
3
1
33
6
6
1
29
2
11
1
25
3
12
2
65
4
10
1
14
5
4
2
60
1
5
1
37
2
7
3
4
7
12
1
35
4
5
2
71
1
8
3
53
4
3
1
28
3
9
1
27
1
1
3
6
1
4
2
10
2
12
2
35
3
1
1
54
2
8
2
9
1
7
2
18
1
2
3
33
20
9
3
45
5
9
3
11
13
3
3
12
7
5
2
32
1
7
2
18
4
2
2
42
3
7
2
6
2
7
2
27
1
9
2
55
3
1
3
4
14
12
1
18
5
4
1
41
3
4
1
44
1
9
3
36
8
8
3
5
1
6
1
49
1
12
2
65
1
10
1
36
1
10
1
63
1
6
3
22
4
3
1
55
1
8
1
9
2
4
2
33
1
4
2
41
1
2
3
38
6
8
2
61
2
7
3
14
21
4
2
52
6
10
2
37
4
8
1
68
1
4
1
2
5
7
3
2
3
3
2
36
2
12
1
34
9
6
3
31
7
11
1
34
1
3
1
23
1
10
3
54
2
4
2
37
1
5
3
31
28
12
3
13
4
3
3
33
16
4
1
32
4
12
3
43
3
11
1
5
1
1
3
23
12
5
3
10
25
8
3
67
29
10
1
37
1
1
2
54
2
11
2
38
1
7
2
2
3
5
3
5
4
8
3
23
14
11
2
40
2
5
1
31
14
2
1
45
1
5
2
66
1
8
2
12
3
8
2
22
1
9
1
30
18
6
1
3
7
2
2
35
2
8
2
16
2
5
3
65
11
8
1
16
2
3
1
9
7
3
2
2
2
1
1
47
1
9
1
5
2
6
2
45
4
7
1
39
1
3
3
9
12
4
3
17
16
5
1
10
1
9
1
29
3
9
3
68
8
5
3
67
20
6
2
53
2
5
2
36
3
10
2
5
3
8
3
53
8
3
3
18
8
2
3
60
25
6
2
1
1
3
2
34
1
4
2
3
2
4
2
47
4
4
2
68
1
6
1
14
18
11
3
47
10
9
3
34
2
4
3
41
2
3
3
7
1
8
1
60
2
7
2
29
1
12
1
8
12
1
1
12
10
5
1
26
2
5
1
42
1
5
1
16
1
6
1
52
1
10
2
15
1
12
1
63
2
1
3
8
19
3
2
38
5
7
1
22
3
4
1
15
1
10
3
17
10
2
3
39
8
2
1
4
3
3
2
54
1
3
3
55
2
12
1
71
3
10
1
27
2
6
2
47
1
5
1
67
1
8
3
11
19
11
1
17
1
4
3
10
3
10
2
23
1
9
2
53
1
2
2
26
1
2
2
55
1
9
3
44
3
12
1
8
14
12
1
38
3
10
2
61
1
7
1
60
1
7
3
6
6
6
3
7
3
11
2
11
3
8
2
16
1
11
1
15
3
9
1
71
2
1
1
61
3
4
3
71
5
4
2
22
2
4
1
42
2
7
3
25
2
9
2
30
5
8
2
13
1
7
2
8
1
2
2
15
2
9
2
29
3
2
2
67
2
6
3
13
9
9
2
23
2
12
3
49
6
7
1
6
1
12
1
28
1
2
2
27
2
7
3
61
9
3
2
5
1
10
2
14
1
8
2
1
2
9
2
7
1
6
1
33
4
11
1
3
8
2
2
13
2
10
3
25
4
3
3
28
7
3
3
60
16
8
3
36
12
8
1
7
4
6
3
28
8
2
1
38
1
1
2
9
3
6
2
14
3
10
2
4
2
9
3
16
7
2
1
67
2
10
2
10
1
2
2
25
1
9
3
12
2
1
3
61
7
9
3
35
2
10
1
43
1
2
1
45
2
3
3
29
12
12
3
32
9
5
1
39
2
7
1
10
7
3
1
13
5
9
3
15
4
2
3
52
2
2
2
6
3
9
2
11
2
8
3
26
9
5
3
63
12
10
2
17
2
3
1
4
1
2
1
68
2
12
3
42
2
2
1
44
2
7
2
33
2
5
3
35
1
8
3
42
1
11
2
67
1
7
1
52
2
3
2
52
5
5
3
49
8
4
2
17
3
9
3
68
5
8
2
63
3
6
1
53
2
8
2
4
3
11
1
12
14
10
