2
1
1
12
2
10
1
10
1
37
2
1
2
7
1
4
2
26
3
7
2
13
1
9
1
68
3
11
1
33
3
2
2
34
3
9
1
67
2
3
1
60
2
5
3
55
10
10
2
40
1
2
3
22
12
4
2
47
2
4
1
49
1
12
2
55
2
2
1
44
2
10
3
35
8
11
1
42
2
3
2
23
3
3
2
49
4
12
2
5
3
10
3
53
8
11
3
15
9
5
1
12
7
11
1
65
1
7
3
38
8
3
2
28
1
11
2
10
2
4
1
30
1
8
2
45
3
1
1
29
1
7
3
3
10
11
3
44
1
5
2
60
1
2
3
71
2
7
2
55
1
5
3
68
16
7
1
11
12
6
3
8
20
8
2
53
2
4
3
68
14
11
2
54
1
2
1
54
3
3
1
17
16
3
2
45
4
2
2
35
1
2
2
67
1
5
1
49
2
8
1
12
11
8
1
32
6
8
2
6
2
11
3
31
30
10
3
2
7
9
3
45
4
1
2
43
5
5
1
8
16
3
3
4
26
4
1
55
1
7
3
67
1
6
2
9
2
10
2
2
3
12
3
17
2
1
3
61
3
9
2
35
2
10
2
37
2
12
1
39
4
5
1
5
1
8
2
53
1
10
2
15
3
1
1
35
3
2
3
25
4
11
3
1
8
2
1
18
7
7
1
44
3
4
1
22
2
12
1
68
1
7
1
7
7
8
2
9
1
6
1
53
1
5
2
36
2
3
1
9
4
3
3
54
2
7
3
52
12
7
1
43
1
7
3
39
5
10
3
12
3
9
3
42
2
2
2
27
3
12
3
4
11
8
2
63
1
11
2
11
3
4
3
29
12
7
1
34
5
5
3
8
10
8
2
34
2
10
1
28
3
10
1
23
1
5
3
52
16
1
2
41
5
4
2
11
2
6
1
6
2
7
3
32
7
7
1
14
20
10
1
71
3
2
1
47
2
10
1
63
2
11
1
36
3
9
3
28
12
4
3
41
1
8
1
38
1
9
2
1
3
7
1
66
2
10
2
16
1
9
1
13
6
8
1
37
1
12
3
36
1
2
1
28
2
5
3
26
12
7
1
17
1
10
3
9
29
9
1
1
2
9
2
22
2
1
3
28
6
11
2
4
1
12
3
49
6
3
2
17
2
5
3
18
25
11
1
15
1
6
3
27
9
11
3
40
2
3
1
2
7
12
2
7
3
11
2
68
2
1
1
61
2
9
2
15
1
3
2
54
2
4
3
35
1
2
2
38
1
8
3
38
11
8
3
31
22
3
1
34
11
4
3
25
6
9
3
63
2
12
2
65
1
2
3
6
2
11
2
38
2
5
1
53
2
1
3
15
15
4
2
39
4
7
3
53
6
3
1
29
3
2
1
47
3
1
2
44
2
9
2
28
3
10
3
63
5
1
1
66
1
11
2
2
2
11
2
61
2
6
2
49
1
2
3
16
4
7
1
4
5
5
2
12
1
10
2
8
3
1
3
29
5
6
2
68
4
8
1
33
4
11
1
2
6
7
3
60
1
4
3
30
1
5
3
54
1
7
3
1
3
5
2
12
3
5
1
39
1
4
1
26
3
1
3
13
9
8
3
10
18
11
2
29
3
8
2
18
4
12
1
14
3
7
3
43
4
5
1
38
2
7
2
5
2
11
1
31
5
8
3
33
23
7
3
39
1
12
1
10
5
5
2
44
5
7
1
36
2
10
3
41
4
1
2
39
1
1
1
25
3
2
2
36
4
11
3
5
4
8
2
29
2
7
3
23
12
1
1
4
8
10
1
41
2
2
3
60
26
3
1
32
5
4
2
66
1
2
1
55
2
10
1
41
1
2
1
52
1
4
2
43
3
6
3
36
12
6
2
42
4
7
1
13
5
4
3
65
18
11
3
66
6
7
1
15
2
3
1
18
3
9
3
30
17
12
2
33
2
2
1
45
2
12
3
5
2
4
1
27
2
8
2
41
1
7
2
14
3
2
2
47
4
1
1
35
4
9
2
65
4
9
3
13
6
6
2
30
1
1
2
32
2
4
2
30
2
8
2
31
1
9
1
31
13
10
1
23
2
9
1
45
1
8
1
7
11
5
3
33
17
6
2
33
1
11
1
26
1
6
3
65
10
8
3
17
3
12
1
6
1
4
3
14
2
10
1
1
1
10
3
27
7
12
2
6
3
10
2
18
1
12
1
10
2
6
1
25
2
6
1
71
2
4
1
27
3
6
3
40
3
3
2
17
1
4
3
22
6
3
3
6
1
10
1
65
2
10
1
63
1
11
3
37
9
12
2
61
3
9
3
18
1
4
2
66
2
4
2
37
4
12
3
10
15
2
2
67
2
12
2
71
3
4
2
3
2
7
2
25
1
10
2
27
1
4
2
13
3
6
2
71
2
1
3
32
1
5
3
71
1
6
3
7
3
11
2
52
3
9
1
61
1
8
3
16
7
6
3
11
11
11
2
60
3
8
3
61
10
5
3
43
6
7
2
40
4
5
2
3
3
11
2
32
3
3
3
14
6
8
1
3
4
8
3
34
4
8
2
52
6
11
3
26
1
12
2
14
1
6
1
16
3
1
1
5
2
7
1
54
2
9
1
67
3
8
1
60
1
3
1
8
2
10
1
30
6
2
2
4
3
1
2
63
3
10
1
40
2
12
1
16
4
6
3
49
1
8
3
37
7
1
1
52
2
6
3
12
4
4
3
42
3
4
2
42
1
3
2
16
3
10
2
25
2
8
3
23
6
11
3
2
12
6
2
26
4
4
1
40
1
6
2
31
4
6
2
23
2
4
3
44
4
3
3
66
7
12
2
22
1
7
1
43
3
9
2
8
2
5
3
47
7
9
1
9
10
4
3
47
3
5
3
11
5
9
3
3
9
3
1
42
1
12
3
45
6
7
3
9
3
7
3
67
12
7
1
11
10
7
3
34
11
12
1
3
8
9
3
55
1
9
3
7
5
3
1
22
1
2
