3
40
3
11
2
68
4
5
3
15
11
11
3
9
3
3
1
71
1
1
3
3
1
1
2
44
4
9
1
1
3
5
3
14
18
9
3
12
1
5
2
12
2
10
3
13
4
6
2
2
2
9
3
8
16
7
3
47
5
3
1
7
7
5
3
63
10
2
3
49
1
8
2
36
3
12
1
13
4
11
3
45
2
6
2
42
4
6
1
47
2
2
3
47
3
8
2
18
2
5
3
6
2
12
3
55
2
9
3
7
3
9
2
30
3
2
3
3
2
2
1
14
11
1
2
71
1
4
3
25
8
7
2
33
1
7
2
8
3
9
1
22
2
8
1
60
1
12
1
14
15
12
2
35
3
1
3
34
9
12
3
45
6
6
3
5
1
6
2
1
2
3
3
67
32
9
1
32
5
12
2
63
2
9
1
6
1
10
2
15
2
12
3
22
4
12
2
61
3
11
2
60
1
3
2
7
3
2
2
13
3
3
2
22
3
4
3
16
4
5
1
43
2
4
2
13
1
2
2
2
1
4
3
63
7
4
1
41
3
5
1
52
3
5
1
3
5
10
2
61
2
1
1
25
3
10
3
34
5
8
3
25
1
9
1
65
1
10
2
29
3
3
1
54
2
7
2
17
2
6
3
44
5
8
2
54
1
1
1
61
3
8
1
28
3
11
3
53
4
12
1
45
2
7
2
45
2
9
3
61
11
12
1
49
1
9
3
5
4
12
1
38
3
5
3
11
2
11
1
27
2
12
1
54
3
12
2
71
2
5
3
42
2
2
2
8
1
11
1
23
3
3
3
38
1
12
2
60
4
3
2
11
1
7
3
10
9
12
3
55
3
11
1
37
1
8
2
55
2
3
1
9
14
4
3
36
12
10
1
36
2
7
1
68
2
3
2
65
3
5
2
31
1
3
3
37
10
7
1
4
6
12
3
1
9
1
3
37
12
3
3
28
16
6
3
71
5
3
1
2
3
3
1
1
1
8
1
2
4
8
3
17
14
3
1
11
6
10
1
13
7
10
3
39
8
5
2
9
1
4
2
17
3
12
1
66
1
2
2
47
2
3
2
55
1
3
3
10
14
7
1
55
2
4
2
14
3
10
1
37
2
2
3
33
3
1
3
65
1
8
1
8
3
9
2
45
3
1
1
65
2
9
3
33
22
7
1
28
1
12
2
1
3
5
2
25
1
6
3
4
13
1
2
23
2
8
3
27
10
5
2
35
2
2
2
63
1
9
1
67
3
7
2
4
1
12
2
66
2
11
2
43
4
5
1
7
4
10
1
29
2
7
2
30
4
7
1
22
3
8
2
68
1
1
3
2
4
11
3
4
10
3
3
43
7
7
3
32
8
10
3
44
1
9
3
18
9
7
3
60
14
3
2
6
1
9
1
10
4
9
1
27
3
1
2
39
4
3
1
43
3
8
1
3
1
12
2
38
5
3
1
32
2
3
2
26
2
3
3
53
5
10
1
42
1
9
2
37
4
7
2
41
1
6
1
49
2
1
1
68
1
7
3
22
11
5
3
8
13
4
2
37
2
11
2
49
2
4
1
6
2
9
2
27
1
3
3
30
22
8
1
42
2
3
3
42
1
10
3
6
4
6
3
41
4
2
1
16
6
4
2
52
3
3
1
39
2
3
2
9
2
8
3
32
11
10
1
33
2
9
3
39
7
8
1
67
1
11
2
65
1
4
3
67
17
1
3
30
8
6
3
17
7
6
2
26
4
12
3
18
25
5
3
54
2
12
1
5
1
11
2
53
1
9
1
35
3
12
1
23
1
8
2
10
2
4
2
5
2
4
2
53
2
10
1
40
1
6
1
60
2
10
2
16
1
5
3
36
9
4
2
32
2
1
2
39
2
8
3
41
2
5
1
39
1
9
2
18
1
12
3
23
19
8
2
16
3
3
2
6
3
6
1
44
4
1
3
61
5
10
3
9
29
7
1
52
1
11
2
23
1
6
2
43
1
7
2
47
3
7
2
25
3
10
1
38
2
10
2
3
2
4
1
31
1
4
2
12
3
12
3
71
3
8
1
40
3
10
1
17
3
6
3
26
12
6
2
15
3
7
2
28
1
7
2
54
2
12
2
34
1
12
3
66
3
1
2
36
2
12
1
71
3
9
3
29
17
7
1
25
1
5
2
67
1
4
2
40
1
11
2
28
3
2
1
61
2
6
3
31
19
1
2
27
2
8
1
55
1
10
2
22
1
6
2
7
1
7
1
66
2
12
2
34
3
7
3
13
8
8
3
26
8
10
2
5
1
8
1
12
14
2
1
35
2
5
1
11
4
4
2
66
1
12
2
41
4
5
2
67
2
10
3
35
4
2
3
14
17
9
3
49
7
2
3
23
5
8
2
10
1
11
1
36
3
7
1
26
3
1
1
63
2
11
3
65
10
11
1
29
3
11
1
18
9
3
3
38
6
3
1
44
2
6
3
7
1
1
3
40
2
9
1
9
1
1
3
66
7
11
3
28
11
10
3
68
10
4
1
31
10
10
2
52
1
7
1
53
2
7
2
40
2
12
1
45
1
5
2
11
3
7
2
44
2
12
1
30
17
12
2
31
5
8
1
26
1
6
3
60
32
7
3
29
15
4
2
14
1
7
2
49
1
3
3
52
11
2
3
27
3
1
3
12
5
3
1
63
1
11
3
16
7
6
1
5
2
6
3
68
11
12
1
15
2
3
2
32
4
3
2
3
3
10
1
30
20
7
1
34
7
6
3
35
3
10
3
31
18
11
1
15
5
5
2
33
3
9
1
53
1
12
1
12
4
10
3
2
7
9
1
16
4
5
3
11
21
5
3
52
4
2
1
4
5
7
1
8
15
2
2
29
1
6
1
18
8
4
3
43
4
7
2
4
3
12
3
15
13
5
1
33
4
3
1
17
1
7
3
1
2
9
3
54
1
4
1
34
2
10
1
41
2
2
1
10
8
3
2
42
1
10
1
47
3
8
2
38
1
11
