3
68
17
12
1
7
2
6
1
29
3
6
1
32
4
6
2
16
2
4
3
67
23
7
3
55
17
9
1
16
6
11
3
52
17
1
1
30
2
1
1
42
2
7
1
3
10
5
2
44
4
6
3
53
1
11
2
34
1
10
2
11
2
11
1
68
3
1
3
28
4
9
3
61
5
11
1
10
8
2
2
71
2
10
2
52
2
4
3
16
3
7
2
36
1
4
1
65
1
9
2
67
2
5
1
67
2
11
1
34
5
5
2
13
2
11
2
29
3
11
3
17
13
4
2
49
2
11
1
39
1
9
3
47
7
12
2
45
1
6
2
2
1
1
1
26
3
2
3
61
10
7
2
26
1
11
2
23
3
3
1
3
4
8
2
42
3
2
3
14
15
4
3
25
1
1
2
14
2
2
3
35
4
7
3
9
19
4
2
37
2
10
3
2
4
3
2
34
3
9
2
35
3
2
3
26
4
8
3
8
9
2
2
39
2
6
3
66
9
5
3
1
10
10
1
37
2
2
1
1
1
4
1
38
3
2
3
9
26
8
3
44
7
9
1
60
2
1
3
23
14
7
2
3
1
10
1
23
1
1
2
44
1
8
2
10
2
8
1
10
2
1
2
6
2
7
1
26
2
2
1
52
1
9
1
13
7
4
2
43
4
12
3
30
11
11
3
41
2
8
3
29
13
5
3
26
10
1
3
42
2
5
1
39
3
3
3
42
1
3
3
29
19
2
2
32
3
4
2
12
3
3
1
8
6
1
1
31
8
6
1
5
2
3
2
42
4
4
2
17
1
7
1
18
8
8
2
53
3
2
2
66
3
5
2
27
1
10
2
22
1
10
3
38
10
9
3
60
9
6
1
42
1
11
2
14
3
5
3
49
5
7
3
32
12
12
3
65
16
6
2
26
3
11
2
12
2
6
1
4
7
6
3
49
3
10
2
8
1
12
2
63
3
11
3
4
16
11
2
41
4
12
1
22
3
7
3
37
2
4
1
11
10
11
3
40
5
2
3
71
1
12
2
16
1
8
2
38
3
9
2
6
3
8
1
17
7
4
3
31
8
9
1
40
2
9
2
36
2
6
2
31
5
10
2
2
2
1
1
60
1
6
1
45
2
7
2
22
2
1
1
18
13
5
1
13
4
6
2
28
3
7
2
65
3
5
2
53
2
4
1
45
1
3
2
35
2
3
3
3
6
2
2
29
1
1
3
60
27
2
2
68
2
10
3
34
5
11
2
15
2
8
1
65
2
10
1
49
1
10
2
45
3
5
1
11
8
11
3
4
8
2
1
34
7
1
1
23
2
12
1
2
3
11
3
23
5
12
3
36
15
9
2
3
2
2
1
6
2
8
3
54
2
10
3
14
4
4
3
6
5
2
2
5
3
6
3
37
8
4
2
65
4
6
3
18
4
4
3
7
4
3
1
36
2
7
3
68
3
9
3
54
1
2
1
52
2
6
2
66
2
10
1
63
1
9
1
66
3
2
1
54
1
4
2
18
2
6
3
43
8
7
2
41
1
12
2
68
1
1
3
41
4
11
2
27
2
10
3
13
4
3
3
13
8
10
2
54
2
7
3
65
18
8
1
1
2
7
1
37
1
12
2
5
2
2
1
15
3
8
2
43
5
11
2
30
3
12
1
55
1
12
2
1
1
8
3
66
7
9
3
44
3
3
2
31
4
12
2
9
3
5
1
43
2
5
2
60
4
7
3
11
7
2
2
1
2
10
2
39
1
4
1
27
2
8
3
12
3
6
3
5
3
5
3
36
13
9
1
61
3
5
1
61
2
8
3
67
11
3
1
71
1
5
1
14
6
9
3
34
4
8
3
11
11
5
3
63
5
12
3
1
1
6
1
9
4
12
3
40
6
6
2
55
1
1
2
55
3
3
1
47
2
9
1
30
12
12
2
38
5
7
2
11
1
4
3
45
1
9
2
47
4
7
3
17
16
5
2
63
2
7
1
41
1
3
1
16
5
6
3
22
4
9
1
33
2
5
3
43
4
2
3
6
1
4
2
61
2
9
1
31
11
7
1
55
2
11
2
52
7
10
1
6
1
7
1
43
3
11
1
40
3
2
2
17
3
12
1
35
4
3
2
33
2
3
1
28
3
6
2
15
3
9
2
10
3
1
1
68
1
2
3
10
25
11
3
15
14
7
3
47
1
1
2
40
2
8
2
49
3
8
1
47
3
4
2
30
5
6
3
25
5
7
1
12
5
11
2
18
4
1
1
25
2
3
1
38
2
1
1
25
3
3
1
44
1
6
2
60
3
2
3
10
12
5
3
12
6
12
3
5
1
2
2
7
3
1
3
52
12
10
3
2
1
6
1
44
2
12
3
32
1
5
1
66
1
9
1
8
11
1
3
55
14
8
1
14
11
2
3
15
10
8
2
71
3
3
2
28
2
6
2
54
1
1
1
54
3
1
3
3
1
4
1
17
3
11
2
23
1
9
3
27
2
2
3
7
2
8
1
4
3
4
3
39
4
7
1
53
1
10
2
61
1
10
1
49
2
2
2
4
2
3
2
33
3
1
1
5
1
12
1
22
1
1
2
7
2
12
2
9
1
3
3
31
25
10
1
63
2
7
1
35
1
3
1
71
2
11
3
28
9
8
1
15
5
1
3
53
4
2
3
38
5
10
3
27
9
12
1
41
2
8
3
18
16
10
2
25
3
6
1
32
2
2
1
12
8
9
2
32
1
2
2
8
3
10
3
22
9
2
1
33
1
7
3
30
21
7
2
4
1
3
1
36
3
1
1
53
2
8
1
28
2
8
2
25
1
8
2
13
3
10
3
63
6
7
1
7
3
5
1
2
7
2
1
67
3
12
3
8
16
9
2
67
1
1
2
47
3
12
3
45
2
8
2
40
1
6
1
29
2
5
2
37
3
1
3
33
19
10
1
9
6
12
3
16
5
9
3
39
2
8
3
35
6
5
3
33
15
6
3
71
5
12
1
27
1
7
