3
11
4
8
2
68
1
1
1
32
2
1
1
47
2
12
1
31
14
7
2
22
2
7
3
41
1
2
2
40
4
11
3
1
10
2
3
43
7
12
3
67
29
9
3
9
5
7
3
68
2
8
3
14
14
10
1
27
2
4
2
33
1
3
3
37
8
12
3
1
3
11
2
53
2
11
3
55
5
4
2
29
2
6
1
1
1
9
3
5
1
11
1
45
2
10
3
28
6
5
1
67
3
3
3
44
7
11
1
25
3
6
3
4
6
12
3
30
7
11
3
26
12
2
1
30
18
2
3
28
3
3
3
10
5
10
2
12
2
5
1
6
2
11
1
28
2
11
1
42
1
12
2
6
1
1
3
14
2
2
1
66
3
8
1
3
11
8
2
65
4
12
3
22
6
10
1
15
5
5
1
9
7
6
3
23
9
6
2
41
4
3
3
27
6
1
3
71
4
1
1
39
3
6
2
27
2
7
3
65
15
1
3
29
2
6
1
5
1
3
1
16
6
4
1
26
2
8
1
23
3
5
2
52
5
4
3
40
3
1
1
35
3
1
3
63
3
1
2
71
1
8
3
18
12
4
2
30
2
3
3
27
2
4
3
55
14
4
1
35
1
11
2
68
4
1
2
54
1
7
3
47
10
5
2
40
3
4
2
23
1
10
1
29
1
4
1
8
15
4
2
8
2
6
3
25
2
8
1
66
1
11
2
13
1
7
3
36
7
2
2
16
3
11
1
2
7
7
3
45
1
1
2
17
3
3
1
36
2
6
3
53
3
11
2
28
2
3
2
71
2
10
1
14
4
3
1
43
2
1
3
53
1
3
2
15
3
2
1
37
1
9
1
63
2
12
2
39
1
10
2
49
4
11
1
11
3
3
2
30
3
10
2
16
1
4
2
14
3
10
1
33
2
7
2
52
6
9
1
13
1
9
3
54
1
2
1
30
16
7
3
9
6
1
1
52
3
8
2
3
3
5
1
68
3
8
3
67
10
12
2
1
1
8
3
31
5
1
3
36
11
9
1
15
4
11
1
49
2
2
2
5
2
8
2
44
2
5
1
22
2
9
2
25
2
6
2
44
5
11
3
52
15
3
3
8
14
3
2
17
2
6
3
31
16
6
3
54
2
3
3
34
4
2
1
23
1
3
2
49
2
2
1
65
2
8
1
61
3
8
3
3
3
5
3
40
2
11
1
22
3
4
3
3
6
5
1
71
3
12
3
66
9
5
1
61
1
7
1
2
1
6
1
42
2
2
2
66
1
9
2
37
4
5
3
5
3
7
1
29
2
3
2
12
1
10
3
41
2
10
1
55
2
4
1
41
1
12
2
15
1
11
1
25
2
9
2
10
2
9
3
7
1
10
3
38
3
8
3
38
2
10
3
4
4
1
2
60
4
10
1
52
1
12
3
2
8
7
3
6
6
3
2
38
3
7
2
47
4
7
1
41
3
10
1
10
2
11
3
61
7
3
3
29
5
5
3
60
21
11
2
2
1
10
2
6
3
5
1
16
2
9
3
15
8
4
3
42
4
10
2
25
3
8
2
7
1
1
3
18
14
8
2
26
1
8
2
43
3
6
1
43
1
4
3
61
10
5
2
65
3
2
2
28
1
5
1
13
6
8
2
34
3
2
1
44
4
5
2
63
2
9
1
40
2
10
1
60
1
9
2
32
3
6
2
14
2
10
2
10
3
12
1
60
2
12
1
54
1
2
1
3
9
11
2
18
1
6
1
49
1
3
3
32
11
5
1
34
2
3
1
67
1
5
3
65
11
6
3
26
6
6
2
42
4
1
2
13
2
4
2
9
2
3
2
41
1
3
2
45
2
9
2
11
3
4
1
44
2
8
2
35
3
8
2
22
3
10
2
18
2
12
1
36
1
8
3
23
8
7
2
1
2
7
2
29
1
9
1
10
1
11
3
63
1
11
2
4
3
9
1
18
8
8
3
35
4
3
3
68
9
3
1
39
1
12
2
67
2
1
3
35
3
6
3
16
7
3
2
39
3
3
2
23
2
9
3
15
11
10
2
27
3
5
2
45
3
6
1
37
2
7
3
7
5
10
2
2
2
10
3
8
20
4
2
8
1
10
1
28
1
4
2
36
1
2
2
11
2
1
1
32
4
1
2
26
3
9
2
32
1
1
1
12
3
3
3
44
6
11
1
4
7
2
1
26
3
5
2
43
2
5
1
38
3
12
1
5
2
12
1
68
2
11
1
6
1
4
3
33
5
7
3
49
4
7
1
47
3
1
2
63
1
4
1
8
5
10
1
18
2
9
2
33
3
1
1
1
3
12
3
25
5
2
3
17
17
5
2
47
1
3
2
42
2
8
1
17
5
5
3
30
5
6
1
38
1
4
3
60
15
2
2
37
2
2
3
49
1
2
1
45
1
11
2
36
3
7
3
13
3
10
3
2
6
9
3
33
10
9
1
65
1
10
3
16
6
9
1
53
2
1
2
55
1
4
3
39
9
1
1
53
1
1
2
38
1
6
3
39
2
7
1
63
1
3
3
6
2
2
3
37
11
11
1
27
1
8
3
71
1
2
2
35
1
9
1
55
1
11
1
9
6
12
2
66
2
6
1
14
6
4
3
17
16
2
3
22
11
6
1
17
6
5
3
52
16
6
3
10
24
2
1
11
12
1
2
34
1
11
3
34
9
1
2
3
2
7
3
66
7
8
3
13
9
8
2
7
3
1
2
61
1
4
1
12
12
11
2
67
1
3
1
7
3
2
1
40
3
3
2
54
2
4
1
54
3
10
1
7
5
1
2
9
3
1
3
32
10
4
3
43
2
10
3
12
4
8
2
4
1
4
1
34
6
2
1
33
7
8
2
60
3
12
3
47
6
5
1
71
1
9
3
42
1
8
3
45
6
7
2
5
1
7
3
11
11
6
2
61
3
10
3
12
6
5
2
31
3
7
2
31
5
2
1
4
1
11
2
55
3
11
1
31
16
6
2
53
3
3
