1
40
3
5
2
37
4
3
2
9
3
7
3
10
6
10
1
30
12
11
3
44
2
11
1
2
5
9
2
52
7
5
2
4
3
10
3
55
5
1
2
4
1
2
2
54
1
9
3
17
10
11
3
61
10
10
3
13
4
11
3
37
12
8
2
36
3
3
2
32
4
12
2
60
4
2
3
49
4
3
1
31
16
8
2
55
2
9
1
42
1
8
2
27
1
11
2
39
2
6
3
71
4
5
3
3
3
7
3
38
2
7
2
16
2
9
1
39
3
9
3
68
7
11
3
42
2
10
2
26
3
1
2
67
1
3
1
30
11
4
1
10
2
7
3
7
1
6
1
15
1
12
2
47
4
5
1
7
8
8
2
41
4
9
3
26
6
2
1
34
8
6
2
3
1
5
1
7
9
7
2
43
1
4
1
43
2
6
2
26
4
11
3
8
10
3
3
54
1
7
1
11
2
3
2
30
4
1
1
38
3
12
1
34
2
11
2
31
5
11
1
53
1
1
3
1
2
5
3
15
15
7
2
63
1
2
1
9
7
12
2
29
2
3
1
12
14
11
3
16
1
2
2
8
3
1
3
18
16
7
3
45
3
3
3
3
4
1
2
23
2
5
3
36
7
9
1
66
2
11
2
14
1
11
2
17
1
2
1
49
1
12
3
47
2
5
1
44
1
7
1
68
2
12
3
30
2
4
1
60
2
9
1
32
1
2
3
13
8
6
3
27
5
9
1
26
2
8
3
43
5
6
1
26
1
7
1
33
8
4
2
6
2
5
1
13
2
4
3
67
10
3
3
39
8
11
3
7
3
10
1
4
3
12
3
37
4
2
3
18
5
4
2
32
2
5
2
45
3
10
1
38
1
12
1
35
1
5
1
35
4
10
2
22
3
12
1
43
3
4
3
63
4
9
3
61
4
10
1
2
7
6
1
11
1
12
2
65
3
3
3
12
2
5
1
60
1
4
1
63
2
12
3
27
15
1
1
29
2
12
2
12
2
8
1
27
3
5
3
52
17
6
1
41
1
11
2
53
2
8
2
61
1
4
3
4
5
12
1
27
2
2
3
33
14
3
1
61
1
11
3
23
2
12
1
32
7
12
1
12
13
3
1
25
2
6
3
9
27
7
2
71
2
3
3
15
7
12
3
25
5
11
2
1
3
7
1
65
2
8
1
31
4
4
1
25
1
3
2
11
3
12
1
6
1
2
2
28
2
7
1
5
1
11
1
47
3
12
1
29
3
9
1
68
3
1
3
2
9
2
3
22
10
2
1
37
2
3
3
41
1
7
1
3
10
12
2
38
4
3
3
35
7
10
2
31
2
7
3
35
5
2
1
5
2
12
3
38
3
6
1
55
1
4
3
63
12
6
2
35
3
3
2
40
2
3
2
5
3
12
2
43
2
3
3
1
6
9
1
40
1
9
3
34
10
11
3
9
22
6
2
40
1
8
1
22
3
7
3
52
18
4
2
33
3
7
3
65
15
8
3
5
1
1
1
3
4
3
3
54
2
7
3
25
2
11
3
28
1
5
1
23
3
12
2
47
1
5
2
71
3
5
2
7
3
11
3
66
1
9
2
3
2
12
3
42
3
1
2
34
3
8
2
18
4
10
3
44
7
6
2
52
2
1
1
16
2
12
2
39
4
9
1
18
14
4
2
14
3
4
2
12
1
2
2
2
2
5
3
16
8
4
1
36
1
10
1
28
2
6
3
32
12
4
2
35
1
1
2
36
5
2
3
53
2
4
3
41
3
1
1
54
1
3
3
22
6
1
2
28
3
8
2
30
1
1
1
49
2
7
3
47
5
3
3
39
1
7
2
15
2
5
2
34
2
3
2
11
2
4
2
5
2
3
3
26
2
10
1
47
2
9
1
36
2
1
3
43
7
3
3
40
2
9
1
16
6
11
1
10
1
3
2
37
3
6
3
14
20
6
1
18
6
9
2
13
1
9
2
38
5
10
1
13
9
4
2
25
3
3
2
44
1
8
3
4
19
4
2
66
3
6
1
44
3
5
3
45
5
12
2
16
1
4
3
49
2
10
2
68
1
11
2
23
1
7
3
36
13
6
3
17
16
4
3
32
3
5
3
30
14
11
3
55
15
8
1
14
4
3
1
17
2
9
2
6
1
6
1
71
3
8
1
8
9
8
2
65
4
7
2
9
2
3
1
15
4
1
2
68
4
5
3
29
4
6
2
10
2
4
1
1
2
11
3
71
1
7
3
29
11
4
1
8
3
1
1
39
2
7
1
41
2
8
3
6
1
4
2
27
3
10
2
54
2
9
2
49
3
8
1
17
6
9
3
14
15
1
2
29
3
12
3
33
24
4
2
66
2
1
1
6
2
9
3
40
4
8
1
66
1
10
3
12
1
6
3
28
4
1
1
33
2
12
3
60
24
12
2
17
3
1
1
67
2
5
1
1
3
10
3
60
27
11
3
68
5
6
2
63
3
9
1
22
1
10
2
55
1
1
2
42
4
12
2
67
2
5
2
15
3
1
2
22
1
1
1
42
2
7
1
54
2
12
2
25
1
8
3
5
3
5
2
18
1
9
2
61
2
11
1
55
2
7
1
45
1
8
1
52
3
3
3
53
4
10
2
41
1
2
2
60
2
2
1
23
2
5
1
9
10
7
1
67
1
10
2
7
1
2
2
8
2
6
2
53
3
12
3
6
2
2
1
28
3
6
3
23
9
10
1
37
1
5
3
2
1
6
2
44
2
3
2
45
4
2
3
31
1
7
1
45
2
11
2
10
3
1
2
2
3
11
1
61
3
6
3
34
1
9
2
1
2
11
2
33
2
10
1
65
1
11
3
65
21
7
3
11
26
2
1
71
2
8
1
4
8
2
2
49
4
2
1
14
19
12
2
13
2
9
3
11
19
6
3
8
11
3
1
52
2
11
3
31
4
3
3
67
24
4
3
10
1
2
1
53
2
12
2
42
1
5
3
66
6
6
1
63
1
4
