2
60
1
7
3
35
7
6
1
14
7
7
3
1
10
3
1
68
1
2
3
23
9
8
2
36
2
3
2
61
2
8
3
40
4
5
3
11
11
1
2
54
1
11
1
66
1
9
2
9
2
1
3
17
3
4
1
25
1
10
2
39
1
10
2
28
1
12
1
6
1
11
3
37
7
7
3
45
4
12
2
10
1
1
3
12
3
10
3
55
3
8
2
49
3
3
3
27
11
12
3
67
18
7
3
10
25
7
2
68
2
12
3
25
6
1
1
49
2
11
1
33
4
2
1
9
14
7
2
39
3
12
3
65
20
10
2
18
2
11
1
54
3
1
3
3
9
2
3
40
1
2
1
39
3
11
2
55
2
1
2
65
2
1
2
25
2
4
1
66
3
1
1
30
12
1
2
45
2
7
1
63
2
12
3
13
1
6
2
41
4
2
3
71
2
10
2
12
3
10
1
31
2
10
1
11
1
2
2
63
1
7
2
1
3
2
3
14
15
2
3
45
6
11
1
42
1
12
2
8
2
3
1
7
2
10
1
53
1
5
2
16
2
2
3
22
12
8
3
38
8
10
3
29
5
5
1
44
3
1
1
15
4
4
1
13
1
12
3
7
3
12
2
49
4
2
3
18
14
6
3
63
2
5
2
25
3
5
2
13
3
9
1
5
1
2
3
53
3
8
2
66
1
9
1
10
5
5
2
4
1
11
2
29
1
2
3
30
21
12
3
32
2
6
1
65
1
3
2
63
3
11
1
35
3
5
1
1
2
12
2
31
4
8
3
49
2
8
2
27
2
7
1
33
7
2
2
12
2
5
1
32
4
3
2
6
2
11
2
34
3
3
1
6
2
5
3
68
15
9
2
2
1
9
1
44
2
11
1
23
3
6
2
67
1
8
1
38
1
3
2
53
1
9
2
32
4
4
3
6
2
10
1
45
1
2
3
36
4
5
3
39
6
3
1
47
3
11
1
16
1
11
1
32
1
6
2
42
2
8
2
65
3
12
2
30
4
7
2
42
1
8
2
68
4
11
3
13
2
3
2
31
3
6
3
5
5
6
3
32
4
12
3
4
25
10
1
18
13
1
1
41
3
5
3
53
1
2
1
60
2
12
1
68
2
5
2
35
2
2
1
25
2
5
3
39
3
9
1
43
1
9
3
5
3
3
2
11
1
2
3
33
23
2
3
18
11
5
1
14
19
4
3
16
1
12
1
16
5
12
2
35
3
1
3
28
3
5
1
41
1
8
1
18
15
6
2
22
3
9
3
65
11
10
1
47
1
7
3
14
6
8
1
54
2
1
2
43
5
8
3
42
3
11
1
61
1
5
3
2
7
9
3
41
3
5
2
38
4
10
2
71
3
3
2
2
3
8
1
9
12
10
2
17
2
10
2
5
3
2
3
63
10
9
3
12
2
6
2
37
3
9
2
52
4
9
1
61
2
4
2
40
1
1
1
15
3
6
3
29
8
2
1
2
7
4
2
44
5
1
2
14
1
4
2
26
4
9
2
45
3
8
2
33
2
10
2
23
1
4
1
65
2
7
2
1
2
2
1
27
3
4
1
42
2
9
1
29
3
7
1
52
1
7
1
8
7
8
2
26
1
1
2
3
3
7
2
33
1
1
2
27
1
9
2
4
2
11
2
15
2
9
1
28
2
10
1
8
1
5
1
4
5
5
3
61
1
6
1
3
9
4
3
16
4
10
1
53
2
6
3
26
6
1
1
67
3
10
2
66
3
4
1
11
12
7
1
71
2
6
1
27
2
11
2
61
3
6
1
28
1
1
2
54
2
5
1
12
1
8
1
22
2
7
1
26
2
1
3
67
14
10
3
9
9
5
1
23
1
12
2
44
4
4
3
30
22
1
3
34
2
5
1
43
3
3
3
31
9
3
1
22
1
7
1
36
1
10
3
60
20
8
3
33
20
3
2
9
3
4
3
54
1
5
1
1
3
9
1
55
1
12
3
3
10
12
1
71
1
1
2
47
1
1
3
8
19
4
1
5
2
5
2
7
2
6
2
22
1
6
2
41
5
4
1
38
3
11
2
16
3
6
3
44
5
2
3
7
4
2
1
7
8
12
3
36
1
5
1
49
1
12
3
4
14
5
1
17
4
1
3
66
6
5
3
60
10
5
2
29
3
2
2
40
4
9
1
37
1
2
3
61
3
2
3
31
30
4
3
10
8
8
2
60
3
3
1
45
2
6
3
49
6
10
2
30
3
12
3
22
1
3
3
8
2
8
3
52
3
12
2
36
1
7
2
13
1
12
3
11
13
5
3
52
6
4
2
43
4
9
3
25
4
12
1
40
3
1
2
55
1
12
2
15
3
3
3
43
1
8
2
17
3
3
2
18
4
6
1
52
2
5
1
3
2
9
3
42
2
3
2
7
3
3
1
39
2
8
2
28
2
9
1
30
15
5
3
37
10
3
1
10
8
4
3
1
9
5
3
6
4
10
1
34
10
2
3
68
11
5
2
47
2
7
3
23
14
4
3
55
17
1
1
12
5
8
2
8
3
9
1
37
2
7
2
10
2
8
1
29
2
4
2
32
3
1
2
11
3
11
3
43
3
8
2
53
3
9
3
38
10
7
2
6
3
6
3
2
12
9
2
34
2
12
1
55
2
10
2
71
1
6
3
34
7
11
2
14
3
2
3
15
10
5
1
31
11
11
1
36
3
9
3
15
6
6
1
63
1
9
2
38
5
2
3
47
3
12
3
17
6
1
1
2
1
12
2
37
2
7
3
26
9
2
1
67
2
1
2
3
2
8
2
5
1
6
3
47
1
11
3
28
7
12
3
44
1
6
3
66
3
2
1
13
7
6
1
26
1
6
1
60
1
12
3
35
1
9
1
40
1
10
3
9
12
12
1
4
3
6
3
41
4
8
2
23
2
5
1
34
7
11
3
71
3
8
2
67
2
5
3
27
4
12
3
54
2
6
1
35
1
6
2
52
6
4
1
17
8
11
