1
35
4
12
2
66
2
3
3
30
21
7
2
54
2
3
2
1
2
5
1
55
2
12
3
5
3
12
2
3
1
3
2
4
3
8
3
35
8
4
2
55
1
5
1
7
9
5
3
3
4
5
1
45
1
6
1
49
1
7
1
47
2
7
1
16
4
11
3
16
2
5
3
66
4
4
1
66
2
12
3
53
2
10
3
31
5
6
3
63
10
12
2
29
3
5
1
33
4
6
1
23
2
1
2
7
3
7
3
32
5
12
1
40
3
10
1
36
3
7
3
33
1
9
3
33
4
7
2
52
3
10
3
22
10
3
3
34
1
9
2
55
2
6
3
52
4
1
1
49
2
10
2
5
1
3
3
35
4
6
3
44
4
4
2
14
2
3
2
31
2
3
1
15
1
11
3
18
24
7
2
37
2
9
3
36
11
7
2
13
2
12
1
8
10
8
2
67
2
12
3
2
9
11
3
61
1
6
2
26
4
8
1
53
1
8
3
15
2
9
1
17
13
6
3
10
7
6
3
71
4
1
3
34
10
7
1
41
2
11
2
17
2
8
3
11
4
8
1
43
3
11
1
39
1
7
2
68
3
4
3
60
12
11
3
41
4
10
2
14
3
8
1
13
1
6
2
30
2
12
3
47
9
1
3
4
21
6
2
38
3
3
1
37
1
6
1
34
4
1
2
33
3
5
2
22
1
2
3
7
2
5
2
32
1
7
2
39
2
10
3
49
4
12
1
10
1
12
3
6
1
9
3
4
10
7
2
12
1
8
1
27
1
11
1
2
2
10
2
29
1
8
3
8
11
2
2
60
3
12
3
39
3
2
3
7
4
10
1
30
20
12
1
53
2
4
2
3
2
10
1
54
1
9
3
37
6
12
1
52
1
3
2
28
3
6
2
10
2
3
3
31
19
10
1
45
2
7
3
66
6
1
1
38
3
4
2
16
2
3
1
26
3
3
2
25
3
11
3
54
2
12
3
17
5
1
2
9
1
1
1
68
1
9
1
28
2
9
1
30
9
9
3
37
8
2
3
43
2
3
2
45
1
6
1
27
3
1
1
25
1
1
3
60
31
4
1
17
8
5
1
22
1
7
1
36
2
9
1
29
3
2
1
12
10
1
1
18
3
5
2
60
1
11
1
3
4
12
1
54
3
2
3
9
9
1
3
5
5
6
2
44
2
2
1
44
4
3
1
1
1
3
1
3
3
2
1
6
2
6
2
49
4
10
1
47
1
5
3
17
8
8
2
27
2
1
2
18
2
4
3
68
11
6
2
11
1
8
1
2
4
3
1
68
2
1
1
65
1
9
3
40
1
5
1
60
2
10
3
23
12
5
2
8
3
12
2
10
1
1
3
26
4
2
2
23
2
8
1
26
2
11
2
42
1
4
3
49
2
10
3
12
5
10
1
10
5
8
3
13
4
6
2
11
3
7
3
14
4
3
2
47
3
7
2
71
2
10
1
44
2
6
2
54
1
9
3
67
33
12
1
66
1
7
1
34
5
2
2
71
3
11
2
28
2
4
2
5
3
1
1
5
1
8
1
4
6
6
3
11
9
7
1
67
1
7
1
39
3
5
1
4
3
6
3
28
15
4
3
26
5
3
1
35
1
2
3
29
7
5
1
38
2
12
2
40
3
9
2
65
1
12
2
25
1
8
1
12
12
1
2
37
1
9
1
6
1
8
3
44
7
3
2
15
2
10
1
9
13
3
2
9
2
8
3
25
8
5
2
22
3
7
1
11
2
7
2
35
2
3
1
16
6
1
3
63
1
12
3
8
4
3
3
12
4
3
1
42
1
8
1
5
2
8
3
41
2
6
2
12
3
1
1
9
7
9
2
34
1
4
3
13
5
1
1
43
1
12
2
36
4
7
2
53
3
2
1
18
2
7
2
30
1
2
3
39
6
12
2
41
1
3
1
40
2
5
3
3
2
2
1
67
3
12
2
63
3
10
3
38
3
10
1
63
1
7
1
7
2
9
3
23
11
11
1
14
20
2
3
38
1
6
2
2
2
9
3
65
14
3
3
47
10
6
3
15
4
10
3
71
3
2
2
63
1
1
2
41
3
7
3
45
3
6
3
10
11
8
2
53
1
2
2
49
3
1
3
61
3
3
2
4
2
6
1
22
3
4
3
52
17
9
3
42
2
6
3
42
3
5
2
65
2
2
2
26
2
12
3
6
5
8
3
16
1
11
1
13
9
10
2
61
2
2
2
8
1
9
1
15
3
11
3
55
10
4
1
23
3
3
1
25
2
5
1
32
7
10
2
16
1
10
2
13
1
10
2
44
4
8
2
67
1
2
1
11
12
10
1
29
2
2
3
1
3
1
3
1
10
12
3
45
6
5
2
1
1
7
1
52
3
8
3
67
37
9
3
53
8
7
2
52
6
4
1
31
14
3
2
31
5
11
3
54
1
5
3
29
19
5
3
65
1
1
1
60
1
3
3
25
6
11
2
6
1
10
2
27
3
12
2
23
1
2
1
32
3
4
1
37
2
5
3
30
11
1
2
15
1
9
2
17
3
6
3
27
10
11
3
32
11
4
1
33
1
9
2
45
3
7
2
43
5
12
3
18
18
3
1
61
2
11
1
71
1
2
1
41
1
11
2
47
1
12
2
6
3
11
3
2
12
1
3
9
6
9
3
40
2
6
2
66
3
11
3
27
15
3
3
22
9
5
3
43
4
3
1
71
2
6
2
2
3
2
1
28
3
2
2
68
2
2
2
61
1
1
2
32
2
10
1
31
18
11
1
65
2
12
3
55
9
11
2
36
2
8
1
63
2
10
2
18
1
4
1
55
1
4
2
39
4
8
2
40
4
9
1
42
2
10
2
42
3
4
1
8
12
8
3
28
6
12
1
1
2
9
3
14
11
2
2
38
1
1
2
33
1
11
2
34
2
3
3
36
14
8
3
68
7
9
1
14
22
11
2
35
3
10
2
43
2
9
2
7
2
6
1
61
1
6
