3
29
9
1
3
67
7
1
2
10
2
4
3
14
18
6
3
66
8
3
3
38
4
8
1
13
3
8
3
34
2
8
2
63
1
1
2
32
1
1
2
9
3
12
1
45
1
3
3
37
10
7
1
63
2
1
1
14
10
11
2
43
2
6
2
9
2
2
1
22
2
11
1
16
4
5
3
17
5
7
2
45
4
10
2
29
3
11
2
35
1
12
2
28
3
1
1
30
7
1
3
42
4
7
2
16
3
4
1
10
5
6
1
39
4
6
2
15
3
9
2
16
1
6
1
65
1
7
2
27
3
9
1
9
2
1
3
61
7
11
1
60
2
10
1
42
2
12
1
35
2
8
1
44
4
5
2
25
3
2
2
34
3
7
2
17
2
5
1
41
1
5
3
68
17
3
3
60
24
9
2
52
7
9
1
68
3
8
3
5
3
5
2
71
3
6
3
45
6
5
3
15
15
10
2
68
4
6
2
40
4
10
2
47
3
9
2
66
1
9
3
33
13
5
3
27
11
2
2
34
1
2
1
16
1
3
2
43
5
10
3
44
7
8
2
14
3
4
3
8
18
5
2
31
5
2
1
38
2
4
2
67
1
4
1
49
1
4
2
8
1
2
3
16
7
8
3
66
4
3
1
43
2
4
1
30
21
6
3
55
1
1
3
61
3
10
3
13
5
12
2
11
2
12
2
5
3
12
2
45
3
10
1
66
2
10
1
6
2
3
2
40
1
4
1
8
3
5
2
37
1
12
2
31
3
9
1
55
1
8
3
41
1
3
2
15
2
4
3
37
9
1
3
60
4
9
1
18
6
2
3
30
22
1
1
3
11
7
1
6
1
10
2
36
2
6
1
52
2
10
2
1
2
2
2
41
3
10
3
45
2
2
1
9
4
3
1
1
2
8
3
23
8
3
1
10
6
10
2
2
1
3
3
2
12
3
3
25
3
5
3
35
8
2
3
7
1
10
1
22
1
5
3
49
6
6
3
26
7
7
1
42
1
8
2
28
1
7
2
38
5
5
3
17
17
9
1
29
2
12
2
3
1
5
1
2
4
1
2
39
3
8
1
60
1
5
3
52
4
2
3
11
6
8
1
67
1
8
1
71
1
12
1
44
1
2
1
61
3
3
2
44
3
3
1
36
2
12
1
66
3
6
3
43
1
2
2
32
4
4
3
34
7
1
1
29
3
7
3
3
3
2
1
32
7
12
2
61
2
6
3
67
14
9
3
32
3
11
3
23
4
8
1
17
5
10
1
13
9
10
2
39
1
10
3
41
3
5
2
23
3
1
3
22
12
5
1
33
4
1
3
5
5
6
3
9
19
2
3
3
5
3
1
53
1
12
1
18
7
3
2
2
3
6
2
26
4
12
1
52
3
10
3
36
4
3
3
18
9
3
2
7
1
6
3
22
10
10
3
27
2
12
1
26
1
10
3
44
5
3
3
9
16
1
3
6
4
12
2
54
1
11
3
31
25
3
3
71
4
12
1
25
1
1
2
4
3
11
1
45
2
8
1
37
1
5
3
10
20
4
2
13
1
3
2
41
5
4
2
36
5
5
3
14
20
4
2
30
3
4
3
29
13
12
3
63
11
10
3
16
5
1
1
61
2
11
2
52
3
1
1
32
5
8
3
39
8
11
3
53
4
1
3
35
4
4
1
47
3
10
3
40
2
9
2
26
2
4
2
38
1
7
2
29
1
11
3
12
7
5
1
40
3
10
3
1
2
12
1
39
2
7
2
18
2
2
2
66
3
9
1
12
15
10
2
25
2
11
2
3
3
7
3
47
6
5
3
26
3
8
2
14
2
2
2
11
3
12
1
54
2
10
1
54
1
7
2
1
1
7
2
60
4
9
1
4
6
1
1
27
1
6
1
25
3
7
1
71
2
1
3
53
3
10
2
33
2
9
2
12
3
2
1
23
3
8
2
68
2
3
3
30
8
2
3
71
1
10
3
63
1
6
2
65
2
6
2
53
2
9
3
40
1
3
1
4
1
1
3
1
8
10
1
5
1
12
1
14
18
3
1
36
1
7
3
52
5
7
1
40
2
3
1
33
5
4
1
2
6
3
2
4
2
5
3
39
5
3
3
28
9
11
2
7
3
12
3
13
1
10
3
28
3
3
1
31
9
9
2
47
4
12
2
6
1
9
3
54
1
7
3
65
3
6
3
32
5
1
2
30
5
10
1
41
3
5
3
4
5
8
3
65
1
1
3
68
10
10
2
60
3
4
1
68
1
4
3
4
17
7
1
5
2
7
3
33
22
11
2
22
2
2
3
11
26
2
1
35
3
6
2
18
3
8
2
5
2
4
2
54
2
7
3
42
2
2
1
27
2
8
2
17
1
2
2
55
1
8
2
63
3
9
2
35
3
10
1
47
1
3
2
22
1
2
1
49
2
12
2
42
1
12
2
53
3
11
3
43
2
2
1
63
1
12
2
10
3
10
1
28
1
4
2
33
3
8
2
13
3
11
1
31
4
10
2
61
1
12
3
49
5
5
1
11
9
3
2
12
2
8
2
37
3
1
1
38
3
2
3
18
8
3
1
12
4
6
1
37
2
3
3
12
2
1
1
11
6
1
1
28
3
4
1
23
1
1
1
15
2
4
3
8
19
12
1
3
7
9
2
6
2
10
1
34
3
7
3
10
6
5
1
34
8
8
1
53
2
9
1
7
5
6
2
49
4
4
2
27
2
11
1
67
2
2
3
7
5
6
1
26
3
9
2
65
4
5
2
23
2
4
1
65
2
3
2
8
2
6
2
67
2
1
3
54
2
1
3
2
11
2
1
17
15
11
3
47
9
1
2
71
1
10
3
25
9
8
1
15
5
9
2
44
1
11
1
7
2
8
3
6
6
2
3
31
18
6
2
55
3
9
1
55
2
4
2
42
4
8
3
15
11
3
3
38
3
3
1
43
3
1
3
55
14
10
1
1
3
11
1
8
12
4
3
36
5
2
2
49
3
8
