2
43
3
4
2
66
2
3
3
26
9
4
1
53
2
8
3
71
1
2
2
66
3
1
3
32
6
12
1
11
1
11
1
3
5
2
3
55
8
3
3
22
1
2
2
37
2
1
2
32
2
3
3
31
11
1
2
60
4
1
2
2
2
1
3
13
6
12
2
26
3
7
3
47
7
1
1
17
1
10
1
66
3
12
1
45
1
9
2
71
2
2
2
43
5
5
3
65
14
6
3
8
10
3
2
35
2
2
2
55
3
1
1
27
3
10
2
47
3
5
1
65
2
8
1
11
12
2
1
28
1
6
2
4
3
2
2
33
3
8
2
39
2
2
3
29
5
12
3
67
20
1
3
26
6
10
3
6
3
9
1
7
6
9
1
63
1
6
2
67
1
11
1
52
3
1
2
7
1
12
2
7
2
7
1
8
9
7
1
55
2
3
1
49
1
5
2
40
3
5
3
66
1
1
1
39
2
4
1
68
1
2
1
36
1
12
2
61
2
1
3
13
5
3
3
35
1
6
3
7
1
7
2
16
3
3
1
31
10
5
3
43
3
5
3
60
18
7
1
44
1
8
1
18
6
12
3
5
4
12
1
66
2
11
1
5
2
10
3
16
7
2
1
33
6
1
1
63
2
11
2
41
4
11
2
8
2
4
1
37
1
4
1
1
1
11
1
35
1
6
3
6
1
11
2
9
2
5
2
53
3
2
3
17
13
1
1
31
16
11
3
1
2
10
3
49
7
5
1
4
1
6
3
9
23
5
3
2
5
7
1
47
2
7
2
54
2
11
2
52
4
9
2
30
1
7
2
60
3
8
1
22
2
4
1
40
3
3
2
41
3
8
3
44
5
1
3
45
2
8
1
30
4
6
1
43
1
4
2
1
3
1
2
44
1
9
3
11
18
4
3
15
12
4
1
4
3
3
1
68
3
9
3
49
1
1
1
16
4
6
2
25
3
9
2
28
3
12
3
17
16
5
2
23
2
9
3
33
24
2
1
12
11
12
3
34
8
3
3
36
2
3
1
42
2
8
2
31
2
12
2
23
3
3
2
27
3
11
2
42
2
4
2
8
1
4
2
16
1
2
3
7
4
5
1
10
8
1
1
29
2
1
3
30
28
1
3
66
3
9
1
35
3
1
2
15
1
7
2
34
1
9
2
29
1
4
3
45
5
4
3
25
1
8
1
15
1
2
2
68
4
3
3
14
10
4
2
13
3
1
3
9
7
12
2
34
3
1
1
32
1
9
3
54
1
6
3
38
1
3
1
23
3
4
1
61
1
7
3
12
2
5
2
63
2
2
1
26
2
3
3
4
27
3
1
41
3
6
3
63
11
7
2
18
1
1
1
16
3
4
1
54
3
12
1
29
3
9
2
5
3
3
3
37
9
1
1
44
4
10
1
71
1
7
1
47
3
5
3
37
12
11
2
2
1
1
3
18
6
7
3
31
4
2
2
25
1
12
2
30
3
1
1
14
1
4
3
38
7
1
1
28
2
8
3
16
4
3
3
30
9
4
3
3
9
8
1
17
3
5
1
34
4
5
2
33
1
2
2
22
1
4
1
60
1
8
1
2
3
4
1
10
2
2
3
18
2
8
3
27
11
2
1
13
1
8
2
39
4
4
1
8
10
1
2
65
3
5
3
39
8
2
2
49
1
2
3
3
7
7
2
22
2
3
3
54
2
2
3
15
7
4
2
3
1
5
3
8
15
5
2
4
1
11
1
67
1
3
3
53
3
8
1
37
2
4
2
26
4
5
1
55
1
5
1
18
1
12
1
41
2
5
2
36
5
9
3
63
13
10
3
47
8
12
1
14
5
1
1
39
1
8
3
25
2
1
3
39
10
12
1
9
11
11
1
42
1
8
2
61
3
1
1
54
1
1
1
30
8
9
3
5
3
1
2
42
1
8
2
17
1
1
2
63
3
10
2
9
1
2
3
53
7
5
3
71
5
10
2
1
1
8
1
3
9
8
3
52
17
1
3
42
3
4
2
11
3
6
1
32
3
10
2
55
1
5
3
29
17
9
3
10
8
9
3
2
12
3
2
36
3
2
3
36
10
7
2
32
1
5
2
12
3
12
3
23
3
12
2
38
5
6
2
10
1
10
1
27
2
4
1
26
3
6
3
12
7
7
2
28
1
10
2
44
5
9
1
2
1
8
3
40
6
3
2
40
4
4
2
53
1
6
2
15
2
6
3
67
35
4
1
49
2
12
3
28
4
3
2
14
1
4
1
52
2
2
2
45
3
4
1
25
2
5
1
61
2
1
1
7
2
2
1
36
2
9
2
65
4
7
2
35
3
8
2
27
2
3
1
38
2
9
3
61
1
8
3
22
7
5
1
53
1
5
3
44
10
5
3
42
4
9
3
41
4
4
1
45
2
4
1
23
1
2
2
10
3
12
3
32
11
7
1
34
10
4
2
45
1
4
1
25
3
4
3
60
21
11
2
17
3
3
2
54
1
5
3
10
14
12
3
68
16
10
1
12
9
8
2
47
1
6
2
6
3
9
3
34
4
12
3
61
7
3
2
37
3
8
3
41
1
5
3
68
6
4
1
65
1
6
2
6
2
7
1
33
1
8
2
18
3
4
2
68
1
9
1
67
3
4
1
22
3
2
2
67
2
8
2
14
3
5
1
43
2
7
3
4
4
8
3
14
4
7
1
60
2
9
1
6
2
8
2
31
1
9
2
11
2
9
2
12
1
5
1
13
8
10
1
71
2
3
1
1
3
4
1
9
4
1
3
40
2
6
1
15
2
11
2
5
1
12
1
40
2
8
2
13
2
3
2
49
4
2
3
35
7
7
3
33
2
3
2
71
1
4
1
6
1
7
3
23
2
9
3
1
4
3
3
28
15
7
3
11
24
4
2
38
2
3
2
52
3
11
1
5
1
9
3
55
16
3
3
43
4
3
1
38
1
4
2
29
2
6
3
27
2
6
2
3
2
7
3
65
11
8
3
52
16
6
