3
32
6
9
2
67
1
5
3
43
6
9
2
8
3
11
3
5
3
12
2
27
2
5
3
68
14
12
3
35
8
11
3
66
5
10
3
53
2
10
3
41
3
12
3
61
8
4
3
52
16
1
3
25
2
4
2
66
3
12
2
35
2
4
3
14
17
4
1
8
15
6
1
31
11
2
1
10
4
7
2
15
3
9
3
39
7
3
1
18
9
6
2
53
3
4
1
25
1
10
2
40
3
4
2
25
2
4
2
6
3
1
2
4
1
10
3
40
3
3
3
65
13
12
2
2
3
3
1
28
2
4
3
28
2
12
1
53
2
1
3
23
1
1
3
67
29
11
3
33
13
11
2
39
4
4
2
18
3
2
2
52
5
3
1
23
1
12
1
52
2
9
2
34
1
2
1
41
2
12
1
66
1
8
1
7
8
9
1
36
1
7
2
1
3
5
1
53
1
7
1
14
18
2
1
15
5
3
1
10
1
2
3
15
9
1
2
5
2
1
2
43
1
1
1
7
6
8
2
49
1
11
3
22
6
10
2
36
5
9
3
44
4
1
3
71
5
7
2
37
1
6
3
60
16
4
3
11
21
3
1
44
3
3
3
22
3
5
2
36
2
12
1
42
2
7
1
18
4
4
1
17
16
7
2
9
3
11
3
13
1
4
3
67
13
11
2
27
3
11
2
49
3
3
1
30
4
4
1
43
1
9
1
32
1
6
2
31
5
4
3
4
22
8
2
5
3
12
3
38
6
2
2
45
3
1
2
26
2
12
2
16
2
6
3
43
7
11
3
63
12
8
3
49
6
9
2
2
2
2
1
29
2
1
3
32
11
1
3
3
4
6
1
28
1
2
3
2
2
11
1
13
5
10
1
65
2
7
2
43
2
8
2
26
4
8
3
54
1
11
3
42
2
11
2
9
1
3
1
54
2
12
1
3
5
5
3
7
2
3
3
38
7
9
1
3
1
3
1
26
2
8
3
9
21
7
2
66
2
10
2
17
3
4
3
45
6
11
2
17
2
12
2
35
3
9
3
55
5
3
2
8
1
2
2
28
2
12
3
8
15
7
2
10
1
7
2
23
1
2
1
14
4
11
1
66
2
12
3
33
9
1
1
63
2
3
1
65
1
3
2
60
3
5
3
29
4
8
2
42
3
1
1
8
2
6
1
11
3
5
3
54
2
5
3
61
9
6
1
61
2
9
2
3
2
7
2
38
5
5
3
7
3
3
2
11
2
2
3
9
28
11
1
44
4
1
3
47
4
5
2
18
4
1
2
63
3
8
2
54
1
8
2
32
1
8
2
12
3
6
2
14
2
6
3
44
9
10
3
5
4
6
3
26
5
12
2
39
1
4
1
40
3
11
2
16
1
8
1
22
3
6
1
27
1
11
3
6
6
8
1
49
1
12
3
34
7
7
3
26
10
3
3
39
9
9
2
3
1
8
2
7
2
1
2
33
1
9
3
65
14
12
3
8
1
4
2
41
4
6
3
12
1
2
3
16
4
11
1
38
2
2
1
11
8
9
1
37
1
10
1
49
2
7
3
42
3
1
3
31
15
9
2
44
5
3
2
25
3
11
2
13
1
11
1
71
1
9
3
3
7
5
1
12
15
8
3
30
6
1
2
63
1
10
2
1
2
9
2
28
3
3
2
32
2
8
1
4
8
11
2
41
1
3
1
34
10
7
1
5
2
9
1
38
3
11
1
68
1
8
1
33
7
8
3
14
7
7
1
68
2
1
3
52
18
12
3
68
10
10
1
15
4
11
1
39
2
9
1
39
1
10
3
23
10
9
1
71
3
6
1
29
1
3
1
13
9
10
1
1
3
1
2
6
1
1
2
65
1
1
1
2
5
3
3
13
8
12
2
65
4
4
1
47
1
4
1
23
2
8
1
52
3
4
3
31
13
12
3
37
4
1
2
37
2
10
2
68
1
11
3
45
1
5
2
11
1
5
1
22
2
6
1
47
3
5
3
1
5
9
1
25
3
2
3
15
6
8
3
53
7
12
3
6
4
11
1
27
3
7
3
17
10
6
3
11
22
12
1
34
5
8
3
4
23
2
2
30
3
7
3
27
2
5
2
15
2
11
2
12
2
5
3
2
5
10
2
47
2
12
2
13
3
2
2
47
1
10
3
40
6
9
1
45
1
7
1
54
3
9
3
17
9
9
2
31
1
2
2
14
3
11
3
66
3
9
1
60
2
6
1
37
2
3
1
55
1
9
3
16
3
4
1
9
8
12
1
45
2
4
3
41
2
9
3
37
11
10
2
52
2
6
2
60
2
2
2
4
3
3
2
40
4
6
1
17
5
1
1
36
2
9
2
33
3
6
2
71
3
7
1
9
1
10
2
44
3
10
1
33
4
9
1
35
2
5
3
36
5
3
1
16
1
4
3
10
21
7
2
22
3
3
2
34
3
1
2
23
2
6
2
55
3
8
3
35
7
3
2
29
1
11
3
12
3
9
2
10
3
7
1
55
2
1
2
7
3
5
3
18
5
7
1
43
2
6
1
31
7
1
3
28
8
10
2
55
2
1
1
35
3
8
2
67
2
4
1
30
6
4
3
1
8
6
1
6
1
5
1
60
1
5
2
29
3
4
2
53
1
6
2
22
2
8
1
4
7
6
2
54
2
4
2
68
4
5
3
47
2
2
3
25
6
6
1
63
1
10
3
30
11
2
3
27
6
7
1
26
1
5
1
2
2
9
3
10
10
9
1
41
1
12
1
61
1
4
3
55
17
1
1
6
2
3
3
63
3
2
2
30
1
4
3
49
1
5
2
42
1
1
3
34
1
5
2
61
1
4
2
71
2
6
3
18
17
10
2
45
4
7
1
67
3
7
3
60
24
9
1
5
1
9
3
36
6
4
1
42
1
4
1
16
3
3
1
1
2
3
1
40
2
3
1
12
11
11
2
38
4
10
1
32
7
6
2
61
3
1
1
67
2
4
3
71
4
4
3
29
9
6
