3
18
15
9
1
37
2
9
1
35
4
8
3
71
5
6
3
66
8
4
1
30
12
7
1
9
5
10
1
65
2
4
3
31
21
9
2
37
3
4
3
1
3
10
3
5
4
7
2
11
1
10
1
8
4
2
3
31
13
6
3
66
3
2
3
67
29
2
2
49
1
8
3
14
20
1
3
35
1
4
1
4
1
7
1
68
3
8
2
28
1
5
1
71
1
9
1
63
1
9
3
44
3
6
1
44
1
1
1
28
2
10
1
2
5
2
3
40
3
5
1
55
1
3
3
53
1
4
3
15
12
5
3
35
5
1
2
42
4
1
3
34
2
11
1
25
2
8
3
27
12
3
1
5
2
9
3
13
5
2
2
33
1
5
1
40
2
11
2
34
1
1
3
13
9
9
2
28
3
6
3
16
7
2
3
33
24
9
3
30
13
7
2
29
3
9
1
26
3
1
2
5
2
3
2
54
2
6
1
44
3
2
1
30
15
12
3
38
1
2
3
3
6
2
1
47
1
2
1
33
5
1
2
17
1
8
3
25
2
8
1
9
1
7
3
44
9
7
2
44
4
6
1
41
3
11
3
12
6
11
1
43
3
6
3
63
12
6
2
39
1
2
2
8
3
11
2
10
3
12
3
28
13
9
2
60
1
1
1
10
1
1
2
29
2
6
3
32
5
1
2
71
2
8
1
10
2
5
2
11
2
7
2
41
1
3
1
29
1
6
1
49
1
6
3
6
6
12
2
38
2
1
3
37
10
9
2
22
1
11
2
2
1
3
2
41
2
9
2
13
3
4
2
31
1
1
1
6
1
11
3
22
7
9
3
36
14
2
2
47
2
5
1
49
2
5
2
18
4
2
3
67
4
8
2
4
1
8
3
65
4
5
1
42
1
10
1
27
2
10
2
3
2
5
2
22
3
2
1
13
4
6
1
68
1
7
2
35
3
1
1
40
1
9
2
10
1
4
1
37
1
11
3
65
1
12
2
23
2
1
2
45
3
10
1
34
1
8
2
37
2
5
3
49
1
12
2
5
1
12
2
68
1
3
1
55
2
12
2
9
3
12
2
16
1
3
2
6
3
12
1
65
1
7
1
45
1
4
2
39
2
11
1
34
2
4
3
26
10
4
3
60
31
1
3
26
8
4
1
41
2
12
1
14
18
12
2
6
1
10
3
29
6
7
1
61
1
1
3
42
3
4
1
60
2
11
2
26
4
5
1
39
3
1
1
1
2
3
2
31
4
3
2
67
1
6
1
31
9
12
2
25
1
10
1
61
3
3
1
67
1
5
1
7
11
8
2
49
2
5
1
52
1
8
3
55
17
10
3
4
21
4
3
2
5
7
2
15
2
4
1
16
5
1
1
16
4
11
3
37
6
8
3
2
1
8
3
22
8
5
1
25
3
9
3
9
18
4
3
43
1
8
1
29
2
11
2
43
1
11
2
61
2
8
3
18
13
12
1
4
2
3
3
27
5
5
3
23
16
10
1
67
2
8
3
45
7
12
2
34
2
5
1
52
3
11
1
38
3
1
3
38
2
3
1
8
12
12
3
32
1
9
1
66
3
11
2
65
1
7
3
10
20
12
1
42
2
2
1
71
3
9
3
7
5
11
2
60
2
8
2
32
2
6
3
54
1
3
3
39
4
1
1
36
2
1
2
40
1
11
3
29
10
4
1
12
17
5
3
36
9
11
2
16
2
1
2
33
2
10
1
53
1
2
3
68
16
10
1
36
3
8
1
18
12
11
3
39
5
12
3
40
5
12
3
11
24
11
1
1
3
9
2
1
2
4
1
3
11
7
3
47
4
5
3
8
1
6
3
53
5
9
3
42
4
10
1
32
3
11
1
35
3
8
1
54
2
7
2
43
2
4
3
52
15
2
1
17
4
9
3
3
7
3
3
55
16
9
2
18
3
3
3
1
4
11
2
32
4
1
2
12
3
10
1
31
5
12
2
36
2
12
1
5
1
9
1
13
3
3
1
63
2
11
2
23
1
6
3
60
19
4
1
18
8
3
1
15
4
4
3
10
26
1
1
27
3
9
1
28
1
7
1
15
5
11
3
4
6
10
3
23
9
12
2
52
6
11
1
38
2
5
2
61
3
9
1
33
7
10
2
7
2
11
2
13
1
1
3
68
10
10
1
47
3
1
1
23
1
2
1
26
1
10
2
36
1
1
3
43
2
11
2
15
3
1
1
53
2
10
2
42
1
9
2
52
5
11
3
14
10
4
2
8
1
4
3
9
7
8
2
2
2
9
2
67
2
11
1
7
5
4
3
6
3
9
2
53
3
12
3
15
4
7
1
32
4
1
3
12
4
6
1
17
8
1
2
14
3
12
1
45
2
11
3
41
3
10
2
71
1
6
2
63
3
4
2
12
2
7
3
17
14
5
1
39
2
2
2
53
1
8
2
25
3
1
2
47
4
7
2
7
1
1
3
52
13
4
3
33
7
3
1
2
3
11
2
44
5
12
1
6
2
9
1
60
1
9
3
63
8
2
2
55
3
2
3
8
4
10
3
34
3
4
2
30
4
4
2
66
1
6
3
47
1
7
3
16
5
12
2
27
1
3
3
71
4
3
2
66
3
9
2
3
3
9
2
63
1
8
3
41
1
5
1
54
1
2
2
38
4
6
2
9
2
5
1
23
3
6
3
11
26
10
3
17
9
11
2
45
1
11
2
68
3
10
3
25
4
4
2
4
3
10
1
66
1
3
3
61
3
7
2
54
1
4
1
3
1
9
1
43
1
8
2
1
3
3
2
55
1
7
2
40
3
3
3
30
11
1
3
5
1
3
1
22
1
7
2
17
3
8
2
27
3
12
3
54
2
8
3
28
15
5
3
49
4
7
1
11
7
3
1
11
10
1
3
61
9
1
2
30
5
9
2
65
3
7
2
26
3
10
2
35
1
9
1
14
13
6
1
22
2
11
3
45
2
3
2
14
1
2
1
12
12
11
3
7
4
6
