1
44
2
3
3
28
13
9
2
28
3
11
1
61
1
1
2
35
1
10
3
49
8
8
3
43
6
1
1
30
2
8
2
39
4
10
3
32
9
7
2
34
3
12
2
22
3
11
1
35
2
4
2
17
2
12
2
33
1
3
2
66
1
12
2
10
1
4
3
30
3
4
1
22
2
4
3
68
1
12
3
53
6
11
3
42
3
2
1
71
2
6
3
45
4
2
3
31
11
12
2
65
3
2
1
34
1
10
2
6
1
11
2
8
2
6
1
17
9
7
3
41
2
1
1
1
2
2
1
13
1
9
2
65
2
5
3
38
10
9
3
35
7
8
2
52
6
6
3
45
6
8
3
4
4
10
3
10
23
7
3
63
13
4
1
41
2
4
2
7
2
6
3
15
3
2
3
1
3
12
1
38
1
11
3
13
7
6
3
28
10
4
1
5
1
1
3
36
15
1
2
7
3
5
3
68
3
11
3
54
2
7
3
12
5
10
1
47
2
8
3
53
3
9
3
71
3
3
2
22
2
1
3
4
19
3
1
39
2
11
2
49
1
5
2
67
2
2
2
60
2
12
1
44
1
12
3
37
6
5
1
16
7
10
2
12
3
3
2
61
1
8
2
54
2
12
1
4
7
1
1
47
3
6
2
4
1
4
1
8
15
1
2
18
1
1
2
29
3
11
1
12
16
9
3
42
1
10
1
30
20
4
2
53
2
1
3
9
14
6
1
27
1
6
2
27
1
6
2
68
4
7
3
37
11
5
2
34
1
8
3
23
6
6
3
39
3
6
1
60
1
9
2
5
1
6
2
18
4
10
3
9
30
1
2
42
4
11
2
52
2
9
2
41
2
7
3
17
17
8
2
45
2
3
1
5
2
11
3
18
9
6
3
16
7
3
2
37
3
12
2
26
3
10
1
42
2
11
2
42
3
9
1
31
8
6
1
68
1
1
1
9
14
6
3
33
2
12
2
30
2
1
1
65
1
2
2
33
3
7
1
45
2
4
1
15
3
9
3
1
1
12
3
67
1
7
2
66
3
5
1
37
2
12
3
2
6
5
2
4
2
5
2
16
3
10
3
44
10
11
2
1
2
10
1
26
2
5
2
44
4
1
1
7
8
2
3
31
4
11
2
67
1
4
3
40
1
12
1
54
2
12
3
41
1
12
3
43
5
7
3
26
1
11
2
38
1
3
1
41
1
1
2
47
4
7
2
13
1
3
1
66
1
5
1
63
2
7
1
52
1
3
3
30
7
7
2
9
2
11
1
14
22
8
1
60
2
1
1
36
2
8
1
32
1
12
3
8
11
12
1
66
3
10
2
10
2
3
1
2
7
5
1
33
7
8
1
15
5
6
1
61
2
1
1
23
2
4
1
6
2
11
1
54
1
1
2
28
1
6
1
55
1
11
2
11
3
10
1
53
2
1
2
63
3
2
3
29
12
9
1
32
4
6
1
40
3
8
3
27
1
12
2
2
3
9
1
14
13
6
3
5
4
11
2
27
3
5
3
63
3
4
1
49
2
3
3
65
9
12
3
15
7
8
1
3
1
1
2
3
1
9
3
6
1
3
3
61
4
7
3
66
7
9
2
9
3
8
1
25
2
12
3
61
6
10
2
37
1
5
2
31
1
12
2
14
3
10
1
28
1
1
1
28
2
2
1
9
4
9
3
52
11
2
1
63
1
8
2
39
3
7
2
60
3
10
3
60
5
4
2
41
5
11
1
34
5
4
2
29
1
1
3
35
5
7
3
47
4
2
2
3
2
4
2
31
3
2
3
71
2
3
1
16
6
9
3
34
8
5
2
43
1
12
1
40
2
3
2
23
1
12
3
40
5
3
2
71
2
7
3
55
5
3
1
33
3
11
3
7
5
9
1
23
1
1
1
52
2
11
1
25
1
6
1
36
3
8
3
49
3
10
3
12
2
3
2
45
1
8
3
66
6
2
2
40
3
5
3
44
5
10
1
38
2
9
1
10
7
12
2
61
3
6
3
16
6
8
2
53
1
10
1
13
3
7
2
36
3
12
1
55
2
5
3
11
16
12
3
36
8
11
1
12
15
10
3
5
5
7
3
33
11
11
3
34
2
4
3
25
8
11
3
39
5
3
2
8
1
12
2
23
2
5
2
54
1
5
1
39
4
10
1
26
1
8
1
42
1
12
1
1
1
2
3
54
1
10
1
29
1
6
2
25
2
5
1
65
2
11
3
23
5
5
2
1
3
7
2
32
2
1
2
40
2
11
2
12
2
9
3
18
6
10
2
30
5
11
1
11
9
3
3
38
2
1
1
68
3
9
3
3
10
3
3
6
4
12
3
22
11
2
2
17
1
1
3
32
10
12
1
67
1
3
3
29
13
11
2
47
1
11
3
47
5
4
1
18
3
6
2
6
2
8
1
8
13
6
3
14
6
5
2
55
3
9
3
3
9
7
2
55
2
11
3
11
10
5
2
43
2
6
3
22
10
5
1
45
1
10
3
26
8
4
3
55
17
3
2
15
1
3
2
44
1
9
1
43
1
2
1
4
3
7
1
18
6
3
3
2
11
11
1
37
1
2
1
22
3
6
1
2
6
9
1
29
3
6
2
36
5
9
2
63
2
8
2
25
3
7
2
11
1
9
1
49
1
9
2
68
2
8
1
3
8
6
3
60
7
6
2
16
1
4
1
71
1
6
2
15
2
2
3
7
1
6
3
67
8
4
2
38
2
5
3
65
13
10
1
35
3
1
1
11
11
9
2
13
3
10
1
31
1
3
3
13
4
12
1
67
3
4
3
25
6
6
1
7
7
8
2
26
1
2
2
71
1
7
1
43
2
8
2
32
3
2
3
27
10
8
1
17
4
3
1
10
1
1
3
52
6
1
2
35
3
10
3
8
14
10
3
10
12
12
1
27
2
12
1
53
1
2
2
49
3
11
2
5
3
10
2
14
2
10
3
17
4
7
1
6
1
4
2
2
1
5
3
14
14
1
