3
37
9
1
2
53
3
2
3
29
15
2
3
27
12
12
2
25
3
6
2
66
2
8
2
16
2
9
3
43
7
10
1
45
2
5
2
4
1
8
2
2
1
5
2
34
1
12
3
34
11
1
1
36
1
2
1
35
2
5
2
55
2
5
1
34
6
10
2
63
3
9
2
49
4
2
1
14
6
8
2
3
2
11
3
14
5
8
2
7
1
12
1
65
1
3
2
32
4
11
3
3
10
5
2
16
1
10
3
47
7
2
3
52
3
2
1
8
4
1
1
3
8
11
2
43
3
12
2
33
3
4
1
34
10
12
3
49
6
2
2
35
2
2
2
5
1
4
3
54
2
7
1
9
5
11
1
55
1
12
2
37
3
5
2
8
2
9
3
16
5
12
3
17
12
7
2
23
1
10
1
5
1
9
1
6
2
10
2
17
2
1
3
11
11
9
2
38
4
11
2
49
1
1
3
14
17
2
3
68
3
7
2
40
3
5
3
31
8
12
3
61
7
8
3
32
6
2
1
68
3
9
2
68
2
4
2
61
2
9
1
38
2
7
1
37
1
7
2
54
2
2
2
9
3
2
2
27
3
5
3
26
10
1
1
15
4
7
1
39
3
11
1
11
6
10
3
7
1
7
1
55
2
6
3
43
6
11
3
15
7
11
2
31
2
2
3
38
1
5
1
68
1
6
1
30
17
1
2
15
3
4
3
30
14
12
3
42
2
2
1
8
11
3
3
5
4
3
2
47
3
12
3
31
27
12
3
23
2
9
2
22
1
4
1
41
1
11
1
61
2
2
3
4
9
7
2
6
2
6
2
45
1
8
1
12
12
5
3
42
3
8
2
18
2
8
1
10
1
5
2
33
1
2
2
15
1
4
3
63
6
10
3
12
2
2
1
23
3
1
3
71
2
1
2
67
2
3
1
12
2
9
2
52
1
12
3
36
12
7
3
23
11
10
2
37
2
7
2
29
1
12
2
11
1
5
2
38
1
10
2
6
1
9
3
13
7
2
2
36
4
6
2
3
3
7
2
13
3
8
2
36
2
12
1
41
2
5
3
12
3
4
1
71
1
12
3
1
9
12
1
52
3
6
2
5
2
11
3
16
2
5
3
53
7
3
3
67
18
8
1
53
2
11
2
12
1
1
1
39
1
8
1
33
2
10
2
60
4
9
3
18
13
11
1
9
1
8
3
38
3
3
2
32
3
5
1
22
3
1
2
13
2
4
2
66
1
12
2
7
3
3
1
26
1
2
2
44
3
7
1
15
2
3
2
28
3
3
2
26
1
8
3
71
4
9
2
8
3
11
1
32
6
2
1
18
8
7
1
28
1
4
3
49
2
10
2
65
3
8
2
71
3
7
1
1
2
6
3
15
8
7
1
63
2
7
2
30
5
1
2
44
4
6
2
47
2
12
3
6
4
2
3
65
3
11
1
60
1
4
1
42
2
1
1
16
7
10
1
25
1
5
1
38
1
12
2
22
2
2
1
27
2
9
1
16
3
2
1
45
1
2
3
28
6
7
1
44
2
11
2
53
2
1
3
45
6
7
1
60
2
2
2
71
2
6
2
1
3
4
3
32
4
5
2
17
3
9
3
67
1
8
1
11
7
11
2
42
3
1
2
11
2
9
2
35
1
9
1
22
1
9
3
2
10
12
1
10
7
8
3
22
5
5
1
40
1
3
2
68
1
8
1
35
1
7
2
31
3
2
3
55
4
10
3
8
18
2
1
7
3
9
3
28
7
5
3
55
9
6
1
66
3
11
3
60
2
1
3
47
10
5
2
41
5
1
1
67
2
7
1
33
8
3
3
44
1
8
1
42
1
3
1
61
3
8
1
31
10
4
3
35
2
12
3
22
8
7
2
65
4
11
3
39
8
7
1
18
3
11
2
25
1
12
2
14
1
4
3
41
4
8
3
63
4
4
1
66
2
10
3
37
6
1
1
5
2
8
1
37
2
10
3
6
6
9
1
14
13
5
1
32
2
11
2
27
1
5
1
23
2
4
1
4
3
4
3
10
9
12
1
63
1
11
2
67
1
1
3
26
4
8
2
14
3
11
3
36
6
2
2
52
3
6
1
2
6
3
3
9
2
1
1
29
3
12
3
29
18
9
3
18
5
10
1
7
2
1
1
36
2
2
1
30
15
2
1
4
8
2
3
3
3
8
3
66
8
12
3
1
8
5
1
26
3
6
3
54
1
7
1
47
1
7
1
13
2
8
3
65
17
9
2
28
1
10
1
54
2
5
1
43
3
1
3
39
6
7
3
40
2
6
1
3
11
2
2
26
4
5
3
60
18
2
1
27
3
11
3
34
2
2
3
35
8
4
3
17
10
10
3
25
4
4
1
65
2
11
2
29
2
6
1
25
2
1
3
52
14
1
3
13
6
6
2
40
1
4
3
7
4
11
3
10
2
9
1
49
1
5
1
43
1
12
1
17
11
8
1
31
16
11
2
43
1
10
1
13
6
3
1
2
5
7
1
47
2
11
1
44
3
10
2
10
3
6
2
60
2
5
3
2
3
5
3
33
17
4
3
68
5
1
2
61
3
4
2
54
1
9
1
67
3
2
3
27
2
1
3
30
11
5
3
25
7
2
3
11
22
10
3
45
7
8
1
1
3
6
3
8
19
6
1
29
2
2
2
12
3
7
2
10
1
4
3
33
22
8
3
4
21
9
2
39
4
9
3
53
2
2
2
2
2
4
1
53
1
2
1
6
1
3
3
9
13
5
1
28
3
6
2
34
3
3
3
61
2
4
1
71
3
2
2
41
4
5
2
18
1
8
1
17
12
6
3
44
4
3
1
49
2
7
3
41
3
11
2
42
1
9
2
1
1
10
2
4
2
1
1
54
1
2
1
40
3
5
1
52
2
12
3
66
4
3
2
30
1
12
2
63
2
10
3
5
5
9
2
9
1
7
2
45
3
6
2
39
2
5
2
55
1
3
3
40
6
7
2
23
2
12
