1
23
1
7
1
49
1
8
1
44
2
1
3
52
7
8
1
65
1
5
1
11
10
4
1
25
3
11
2
30
3
12
3
65
9
8
3
14
9
6
2
29
3
3
1
3
2
6
3
33
17
4
2
67
1
3
1
37
1
2
2
38
4
1
2
1
2
9
3
37
2
12
1
32
3
12
1
49
2
7
2
60
4
5
1
47
1
4
1
61
3
4
3
17
2
2
3
67
29
9
2
68
1
1
3
55
9
10
1
37
2
1
3
3
10
12
2
39
1
4
1
25
2
2
3
60
3
11
3
43
7
1
2
66
3
1
3
7
2
6
1
33
7
2
1
60
1
4
3
16
4
4
2
40
3
1
2
18
2
3
3
29
7
12
2
60
3
3
3
5
5
5
2
54
1
8
2
53
3
12
2
52
2
10
3
17
15
7
2
1
3
1
2
8
3
8
2
53
2
1
1
12
10
12
1
14
13
11
3
39
7
8
2
35
3
8
3
33
22
4
3
66
5
9
1
32
5
9
3
30
12
9
1
39
1
11
3
10
23
8
2
65
1
10
3
37
1
9
2
40
4
4
3
44
9
10
2
18
1
5
2
54
2
1
1
71
3
6
1
9
8
6
1
34
5
10
3
52
17
4
1
66
3
11
3
32
3
5
1
27
3
6
1
31
3
2
3
28
9
5
1
38
2
9
3
14
26
9
1
5
1
7
1
16
6
7
1
34
3
12
3
54
1
1
2
55
3
8
3
67
4
2
3
47
3
2
3
1
1
10
3
41
3
2
1
55
2
6
1
1
1
8
3
32
12
7
3
36
9
10
2
38
1
8
1
4
1
5
3
23
6
11
3
6
6
7
3
66
9
7
3
63
12
6
2
5
2
4
1
44
1
7
2
23
2
11
3
13
6
7
2
16
2
12
2
7
1
2
2
32
3
5
3
11
12
6
2
47
3
8
1
11
11
9
1
63
1
1
2
41
5
8
2
12
1
8
2
61
3
9
1
66
1
2
2
36
1
8
3
42
3
4
1
6
1
1
3
71
5
4
1
40
3
10
2
6
1
9
1
13
7
2
2
3
1
3
2
44
1
9
2
8
1
7
3
42
1
3
3
49
3
1
2
22
2
9
1
43
3
11
2
35
1
12
2
68
3
7
3
53
8
7
2
31
1
7
1
15
4
9
1
45
1
10
2
9
3
3
3
25
3
12
2
36
3
12
1
22
3
6
1
26
1
1
1
41
1
1
1
33
6
9
3
25
4
11
2
27
3
9
1
36
1
12
2
16
3
10
1
12
5
3
3
15
13
7
3
26
12
3
1
27
2
8
3
36
3
6
2
13
2
7
1
15
2
2
2
63
3
4
1
39
3
4
3
39
3
10
3
27
5
4
2
22
3
3
1
10
8
5
1
45
2
9
3
2
1
3
2
44
3
3
2
34
1
7
2
13
1
6
2
66
1
2
2
10
2
5
2
63
2
3
2
15
2
7
3
22
2
4
2
14
1
10
3
40
5
2
1
61
1
9
3
15
3
8
3
28
10
2
2
49
1
7
1
43
2
3
2
11
3
10
3
8
3
4
3
38
7
6
3
2
2
5
2
6
3
6
1
17
2
7
1
60
2
5
3
18
6
3
2
71
1
6
3
10
14
6
1
68
1
11
2
41
1
11
2
45
4
3
1
2
4
5
2
2
2
9
3
18
4
9
2
3
2
12
1
22
1
1
2
39
2
9
1
7
10
11
1
52
3
2
3
12
7
12
1
18
7
5
1
5
2
11
1
29
3
8
1
3
9
11
3
4
13
11
2
45
1
2
3
55
2
11
2
4
3
7
2
43
5
5
3
35
7
11
3
22
1
3
3
34
1
4
2
30
2
1
3
40
6
10
2
71
3
1
3
53
2
2
1
47
2
3
1
9
2
3
3
44
1
6
2
55
1
11
2
10
3
12
1
55
1
9
1
17
14
2
3
68
5
9
3
30
5
12
3
41
1
6
1
7
9
7
1
23
2
8
2
5
1
1
2
26
3
10
3
45
3
6
1
54
2
5
1
16
2
4
1
52
1
8
2
61
1
3
2
47
2
7
1
67
1
8
1
54
1
10
1
71
2
11
1
38
3
4
2
42
1
5
2
28
3
8
3
11
18
5
2
31
4
2
2
43
3
12
3
61
3
5
2
25
3
10
1
53
1
11
1
14
7
12
3
4
18
10
2
33
1
1
2
26
2
2
3
34
5
6
3
60
6
9
2
9
1
2
2
4
1
7
1
13
6
9
1
30
14
5
2
37
4
4
1
2
6
11
1
28
3
5
3
43
3
7
2
32
4
7
3
8
4
10
3
12
5
5
2
12
3
2
2
11
1
1
3
6
2
10
1
31
11
9
1
8
5
3
3
27
8
11
1
4
5
10
3
23
7
5
3
26
5
3
2
7
3
6
1
36
2
8
3
31
6
9
2
14
3
10
1
29
1
6
2
17
2
12
2
28
1
2
2
27
1
8
3
47
9
2
2
25
2
3
1
6
2
1
1
30
9
4
2
49
3
4
2
23
3
12
3
16
2
9
1
8
9
11
1
63
2
6
3
71
2
4
1
68
3
3
1
41
2
2
2
37
3
5
3
29
14
2
3
35
5
3
3
54
2
4
1
67
2
5
1
35
1
6
3
1
7
12
1
18
2
11
1
40
1
5
3
63
3
8
1
53
2
3
2
17
3
2
1
26
3
3
2
67
2
2
3
61
10
1
1
28
1
10
3
13
1
4
3
3
1
7
3
9
3
4
3
38
3
11
3
5
3
7
2
29
2
11
2
33
2
6
3
9
18
10
3
65
8
4
1
42
1
10
3
49
8
7
2
34
3
8
1
1
3
4
3
7
4
11
2
65
4
10
1
65
2
8
3
45
7
6
1
42
2
12
1
10
4
4
2
52
6
6
2
2
3
3
1
35
2
6
2
15
3
10
3
31
13
2
2
42
2
4
3
68
16
4
