2
60
4
1
2
39
2
3
1
44
4
2
1
39
1
5
3
49
1
2
3
66
8
3
1
42
2
4
1
66
2
7
3
45
6
1
1
68
3
11
3
44
5
1
1
44
3
7
1
36
3
4
3
34
1
9
1
10
5
7
1
49
1
2
1
17
7
3
1
33
3
11
2
67
2
6
1
67
1
11
1
5
2
1
2
10
1
2
1
2
6
7
2
18
1
10
3
23
2
11
1
47
3
9
3
5
5
3
1
18
3
5
2
37
1
4
3
10
25
1
1
11
6
5
2
29
2
11
1
38
3
2
2
17
2
12
2
14
2
1
3
17
15
1
1
40
2
2
2
66
1
11
2
5
1
8
3
4
12
11
3
13
7
12
2
1
1
4
3
25
9
6
3
35
4
6
2
68
3
8
3
71
5
2
3
32
10
3
2
8
2
6
2
31
5
4
2
27
3
11
2
38
2
1
3
9
2
11
1
12
9
6
1
37
2
7
1
14
19
1
2
32
1
10
1
15
1
3
1
9
13
12
3
47
4
10
1
43
3
8
3
41
3
3
3
65
1
8
1
28
2
3
1
47
2
11
2
53
3
12
3
42
3
3
3
40
4
3
2
44
1
6
2
35
2
1
1
34
7
10
2
61
3
9
3
43
5
9
2
47
4
3
2
41
4
7
2
12
3
4
3
4
2
2
2
49
3
8
2
16
1
5
2
32
4
7
3
33
1
1
2
23
1
11
1
25
3
8
2
67
1
2
1
8
17
7
1
15
4
12
1
2
2
12
1
35
4
1
3
52
16
4
2
39
1
10
2
9
1
7
2
26
3
4
2
31
4
1
2
3
2
2
3
55
6
5
3
67
27
12
3
61
8
6
3
5
3
5
1
6
2
8
3
45
7
1
1
10
4
3
1
13
9
9
2
28
1
4
1
18
7
9
1
65
1
9
1
32
3
11
2
6
3
12
2
1
2
11
3
40
3
3
3
26
8
9
3
28
3
6
1
26
3
4
2
11
3
5
3
42
1
5
3
30
16
5
2
3
1
5
2
7
2
3
2
13
1
7
2
52
6
6
1
17
16
4
1
39
3
11
2
68
4
7
3
41
1
6
3
13
6
5
1
1
3
1
3
63
7
5
2
71
3
11
2
66
2
9
3
61
4
10
1
8
11
4
2
36
1
1
1
29
1
9
1
37
1
10
2
53
2
2
2
26
2
11
3
31
17
11
2
54
2
3
2
2
1
1
3
1
6
1
3
11
24
7
3
52
8
12
3
8
17
3
2
45
2
11
1
27
3
6
3
68
12
10
2
4
2
6
2
14
1
2
3
8
3
3
1
3
3
3
1
5
1
6
3
15
4
10
3
16
6
3
2
22
3
9
2
13
3
6
2
30
3
3
1
54
1
12
1
16
5
3
3
47
9
10
2
38
5
4
2
5
3
8
2
55
2
12
2
29
3
7
3
60
21
11
1
23
3
1
3
1
2
6
2
22
1
8
3
2
3
4
2
27
2
3
3
68
9
12
1
16
3
4
2
52
7
9
3
14
3
4
1
45
1
11
2
30
4
4
1
23
2
1
2
34
2
8
3
55
2
12
2
15
3
5
2
23
3
4
1
7
10
9
3
31
30
3
1
29
3
7
1
54
3
7
3
6
1
1
3
6
6
6
2
60
3
1
1
25
1
10
3
37
11
2
1
60
2
4
2
55
3
3
2
10
3
9
3
27
7
11
1
53
1
8
3
65
9
7
2
41
1
8
2
11
1
3
1
14
16
10
2
61
2
11
3
35
3
2
2
71
1
11
2
35
3
7
3
38
12
10
3
67
1
11
2
40
2
2
1
65
2
8
2
4
1
2
2
33
2
1
1
36
2
8
2
43
5
9
1
45
2
4
3
32
6
7
2
15
1
8
3
43
4
4
1
43
1
3
2
63
3
11
1
38
1
7
2
25
1
11
2
2
3
1
1
71
3
11
2
9
3
7
2
45
4
8
3
7
2
8
3
33
20
11
3
12
2
10
3
29
3
8
3
29
9
6
3
63
8
8
1
4
8
7
1
63
1
1
3
36
15
11
1
53
2
9
2
65
2
4
1
41
1
3
2
36
4
3
1
52
2
4
2
18
3
10
1
7
2
5
1
1
2
12
1
28
3
10
3
2
9
9
3
10
22
2
3
9
19
5
1
61
1
4
2
49
2
10
3
49
6
10
3
37
8
5
2
12
2
11
1
6
1
4
1
4
1
4
2
33
1
12
3
3
3
7
3
27
12
7
3
36
1
9
1
34
3
6
3
71
2
5
1
63
2
6
2
6
1
4
1
61
2
2
2
63
2
8
3
12
4
6
2
44
5
6
3
17
4
7
3
14
20
5
3
44
8
4
3
18
16
2
2
25
2
2
2
8
3
2
3
16
2
8
3
53
7
7
2
40
4
6
2
28
2
8
2
42
2
12
3
7
1
7
1
67
2
2
1
26
1
11
3
60
1
8
2
16
2
6
3
54
1
6
3
38
8
10
1
33
1
9
1
35
1
10
1
22
1
5
1
42
1
6
1
11
7
12
3
3
2
9
2
7
1
11
3
54
2
8
1
41
3
5
2
43
4
6
1
3
7
2
1
30
12
6
3
23
10
8
1
31
11
9
1
68
2
5
3
22
9
10
2
17
1
4
3
30
13
2
3
39
5
10
3
15
1
1
3
53
6
9
1
71
2
3
2
54
1
8
3
18
24
7
1
55
2
9
3
39
2
2
1
22
3
7
1
49
2
11
3
22
1
12
1
9
12
2
2
42
1
3
3
25
5
12
1
31
16
5
2
34
3
6
1
30
17
2
3
34
6
12
1
66
3
4
1
13
1
4
1
27
1
11
1
55
1
6
1
52
3
11
3
28
13
7
1
60
1
9
3
66
6
4
2
47
1
6
3
26
9
10
2
37
3
7
1
40
1
11
3
11
18
9
1
12
14
10
1
32
7
10
2
65
1
8
