2
9
3
7
3
6
6
4
2
47
2
5
1
47
3
4
2
32
2
4
3
38
3
4
3
40
4
3
1
11
11
11
2
67
2
11
2
49
2
2
2
11
3
10
1
17
13
3
1
30
5
2
1
63
1
1
1
2
2
8
3
44
6
1
3
45
2
9
1
14
11
1
3
18
15
11
3
7
4
12
1
12
7
7
1
15
5
5
3
25
1
5
2
65
4
8
1
7
8
11
3
67
5
6
2
42
3
11
2
52
2
11
3
10
24
9
1
65
1
1
3
4
14
2
2
43
5
10
2
15
2
7
3
29
17
12
3
66
3
10
1
31
1
1
2
33
2
6
1
42
1
8
2
44
3
7
1
18
14
9
1
33
6
5
3
32
1
7
3
54
2
10
3
53
6
3
2
2
1
5
1
6
2
6
1
52
1
12
2
35
3
5
1
3
7
7
1
9
14
5
1
25
1
1
3
52
14
10
3
3
6
5
1
40
3
1
3
17
2
6
1
25
3
11
3
55
12
5
2
1
1
10
2
31
3
1
3
60
23
10
2
30
4
2
2
17
3
1
3
6
3
3
3
53
3
5
2
66
1
6
2
60
3
4
3
23
12
8
1
52
3
10
3
41
4
3
2
38
1
1
2
54
2
12
2
16
3
12
1
15
1
10
2
4
3
3
2
31
2
7
1
65
2
5
2
41
5
11
1
13
5
2
3
67
13
5
2
44
5
6
3
2
7
10
1
9
2
8
2
12
1
11
3
5
5
8
2
7
2
5
3
10
17
8
3
16
2
2
2
27
2
2
1
38
2
9
1
5
1
1
3
16
7
3
2
26
2
10
3
15
9
2
2
45
3
4
3
13
8
9
2
29
3
6
1
60
2
2
2
23
1
9
3
49
7
7
1
43
2
12
2
42
4
11
1
8
13
1
1
43
3
1
3
14
7
4
2
34
2
3
2
47
1
4
1
29
1
2
1
41
1
10
1
44
3
3
1
7
6
8
1
66
3
5
3
43
4
5
2
61
3
4
3
37
12
1
1
61
3
1
3
31
30
7
2
12
2
4
1
34
9
4
1
28
3
11
3
71
5
4
1
53
2
6
1
22
3
12
1
54
2
11
3
40
3
10
2
39
4
12
3
34
2
6
2
35
2
3
2
3
2
9
3
28
1
3
1
28
1
9
3
15
13
4
2
68
2
5
3
49
4
1
1
33
3
5
1
36
3
5
2
4
2
3
3
12
5
3
1
67
3
8
2
5
2
6
3
33
22
5
1
30
14
10
3
1
6
7
3
35
7
7
1
63
2
1
1
23
2
11
2
65
1
11
1
27
3
1
2
39
1
6
2
28
2
11
3
44
3
6
1
5
2
8
2
8
3
6
3
9
3
4
3
47
2
10
1
45
2
9
1
71
2
6
1
23
1
8
2
15
3
7
1
10
7
12
2
25
1
11
2
30
5
9
2
26
1
8
3
1
4
3
2
6
2
12
3
22
4
10
2
9
1
6
3
4
22
4
1
29
3
6
2
36
5
12
3
71
3
9
2
63
2
10
3
18
9
5
3
9
24
4
1
11
9
5
2
5
3
9
3
25
3
9
3
33
7
8
1
32
7
9
1
35
3
11
3
14
9
11
1
35
4
7
1
16
7
12
1
22
2
5
1
13
6
10
3
32
4
12
3
37
8
12
2
11
1
10
3
68
11
9
1
68
1
12
3
34
6
12
2
40
4
12
3
54
1
2
2
36
3
8
1
16
4
10
2
14
3
10
2
67
1
7
1
41
3
3
1
17
10
7
1
55
2
3
1
38
1
10
1
34
5
4
3
3
1
3
3
27
14
10
3
17
1
3
3
35
2
10
2
68
1
2
1
4
5
12
2
33
3
8
2
7
1
6
3
45
1
12
2
29
2
7
2
17
2
9
3
39
9
8
1
39
4
5
1
60
1
7
2
38
3
6
3
12
4
9
2
6
1
5
1
1
2
5
1
71
1
11
1
26
1
5
1
32
6
6
2
13
1
6
2
37
1
10
2
61
2
8
2
18
2
4
3
60
14
5
3
11
21
11
2
28
3
7
3
8
11
11
2
55
2
12
3
55
10
4
2
55
3
12
2
71
3
3
2
45
1
7
1
47
2
3
3
28
11
5
2
18
1
9
2
49
3
11
1
49
2
1
3
63
8
8
2
32
4
8
1
3
11
1
3
43
3
7
1
37
2
1
2
37
4
5
1
44
1
2
2
1
2
9
3
65
12
10
2
23
2
10
2
43
2
3
2
27
1
5
1
66
1
8
3
52
15
3
2
3
3
2
3
31
21
5
2
14
1
6
3
26
5
7
1
18
5
5
1
55
1
11
2
63
3
1
3
41
1
9
3
13
1
4
1
2
7
4
1
67
1
2
2
10
2
3
2
53
1
4
1
14
6
4
1
12
18
1
1
45
1
6
3
39
2
2
1
36
2
6
3
2
2
8
1
8
9
8
1
61
2
6
2
16
2
8
3
68
7
7
1
40
1
2
2
71
1
12
3
61
1
9
3
11
3
10
2
8
1
5
1
53
1
2
3
47
8
8
2
22
3
4
2
52
6
9
3
36
2
9
3
27
16
7
3
63
9
1
3
38
8
5
1
31
15
12
2
40
1
11
3
22
1
4
3
7
5
7
1
27
2
7
1
42
2
7
3
42
4
9
3
30
24
8
2
2
2
1
3
5
3
3
2
54
1
5
3
61
4
1
1
37
1
9
2
22
1
2
1
4
4
4
2
13
3
3
2
41
2
3
1
6
1
7
2
25
2
2
2
66
3
3
2
60
1
12
3
30
28
1
3
29
5
8
1
54
3
10
2
10
3
5
3
23
3
1
1
26
2
1
3
26
6
4
2
34
3
6
3
66
8
6
3
8
17
2
1
1
1
12
3
36
14
7
1
10
5
2
1
49
1
6
2
53
2
8
3
65
21
1
3
42
1
11
1
39
3
1
1
68
2
4
