1
26
3
9
2
18
4
7
2
8
2
2
1
41
1
1
1
25
2
9
3
47
7
10
2
17
2
9
1
7
1
12
2
40
4
7
3
8
10
2
2
55
2
8
1
32
4
10
3
40
6
8
2
36
4
2
1
27
1
10
3
68
9
8
3
53
8
5
2
65
4
9
1
34
10
9
2
15
1
5
1
45
2
5
1
5
1
6
3
36
12
2
3
27
7
8
3
41
4
8
3
2
8
6
2
41
5
1
1
27
3
8
1
33
5
12
1
28
3
4
3
32
5
4
3
55
13
3
2
66
3
3
3
33
15
8
3
43
5
10
2
33
3
6
2
28
2
6
2
37
4
8
3
30
11
2
1
40
1
2
3
9
4
9
1
2
7
2
1
37
2
5
1
35
3
5
3
33
5
8
1
47
2
12
1
1
1
9
2
23
1
11
1
6
2
3
2
28
3
6
3
60
3
7
3
10
1
1
1
25
1
7
1
13
9
11
1
11
6
12
3
68
12
8
2
4
3
9
1
31
13
2
2
67
2
5
3
25
7
3
1
53
2
1
1
10
7
4
2
34
3
12
1
47
1
1
2
54
2
5
1
54
3
11
1
37
1
10
2
63
2
5
2
31
4
4
1
34
1
11
2
68
2
8
2
45
3
6
1
26
1
6
3
71
5
5
1
18
9
9
1
4
7
8
2
63
3
4
2
1
2
3
2
22
2
3
1
68
1
3
2
53
1
2
3
13
9
12
3
5
4
11
3
15
2
9
2
12
1
5
2
47
2
12
2
38
2
12
2
52
5
10
2
4
2
6
3
44
7
3
1
67
2
2
1
44
3
3
2
33
1
11
3
2
12
1
1
63
1
7
1
61
1
6
3
3
9
1
3
60
15
5
3
23
7
2
3
11
24
12
2
10
2
8
3
4
14
11
3
26
12
7
1
2
6
8
1
44
4
7
1
38
1
2
1
55
1
6
2
23
2
10
3
54
2
7
3
41
3
10
1
4
6
2
2
43
5
10
2
53
3
8
3
43
6
9
2
25
2
4
3
63
1
1
2
3
2
6
2
37
2
4
2
61
3
8
3
67
21
3
3
32
4
11
1
13
5
9
1
49
1
1
1
16
2
4
3
52
16
1
2
8
1
4
2
15
2
1
2
13
1
2
3
26
9
6
2
16
3
6
1
18
15
6
1
22
1
2
1
17
16
4
3
12
1
7
2
39
2
6
2
26
3
5
3
65
21
11
3
40
1
7
1
42
1
5
2
32
3
6
3
61
3
4
2
44
3
9
1
3
7
6
2
27
3
3
1
29
1
12
1
67
1
10
2
17
1
12
1
42
2
7
3
39
4
11
3
66
1
12
2
2
2
8
2
65
1
12
3
52
9
1
3
29
12
9
3
65
19
1
1
9
3
2
2
34
2
8
2
5
3
2
3
14
4
3
2
55
1
4
2
29
3
11
2
6
1
8
3
36
8
4
3
34
9
8
1
12
13
10
3
5
1
6
1
38
2
11
2
2
3
8
2
14
1
3
1
71
2
1
2
43
4
5
1
30
15
11
1
52
1
2
2
36
3
9
2
31
1
11
3
6
1
3
1
8
2
5
1
1
3
3
3
12
3
3
2
30
3
12
3
16
1
1
2
54
1
12
3
7
1
3
1
43
2
11
3
17
10
5
1
6
1
6
1
40
3
2
1
66
1
4
2
25
3
3
2
60
4
2
3
45
6
9
1
15
3
11
1
39
3
12
3
42
3
6
2
14
3
8
1
39
2
11
3
31
30
3
3
6
3
12
1
8
3
2
3
28
10
8
1
65
2
3
2
66
2
8
3
39
1
3
1
43
3
1
1
36
3
11
2
29
2
8
2
44
4
1
2
12
2
11
1
53
1
11
1
9
4
12
3
8
19
8
1
14
3
10
1
55
2
7
3
25
3
7
1
32
5
10
1
60
1
2
3
49
2
1
2
42
3
4
2
35
3
1
1
16
7
3
1
35
2
3
2
7
3
9
3
3
7
12
2
49
4
7
3
10
18
4
2
13
2
5
2
22
3
9
2
11
1
4
1
10
8
3
2
30
2
6
3
27
6
3
3
53
6
7
1
66
2
6
1
17
14
6
1
22
2
11
3
4
21
6
2
26
4
1
1
15
4
10
1
11
10
3
3
38
4
3
2
38
1
12
1
71
1
2
2
39
3
12
1
28
1
2
2
45
1
1
2
47
1
5
2
41
3
5
2
35
2
2
2
27
1
4
3
14
9
5
2
32
4
7
3
44
8
2
1
61
3
8
3
35
2
1
3
15
14
7
2
49
2
1
2
7
2
12
1
23
1
2
1
31
15
6
3
63
11
9
3
18
10
4
2
71
1
11
2
42
1
11
2
5
1
6
1
5
2
4
2
9
3
7
2
1
1
8
3
22
3
5
3
17
5
12
2
3
1
2
3
34
4
7
3
1
2
4
2
10
3
1
3
9
5
12
1
52
3
7
2
18
1
12
3
47
6
10
2
16
1
5
2
6
3
5
2
9
1
1
3
18
12
8
1
45
1
8
3
45
2
4
3
7
5
8
3
11
26
12
1
12
17
11
3
38
6
7
3
23
17
4
1
14
5
11
1
36
2
9
3
37
1
10
1
54
2
11
3
61
7
10
1
29
2
7
1
63
2
10
1
33
1
4
3
31
14
8
1
3
1
1
3
16
5
4
2
40
3
2
3
28
2
2
3
55
15
1
3
71
2
11
1
41
3
10
2
68
1
5
1
7
4
8
2
61
2
12
3
1
5
2
2
52
1
4
1
23
3
2
1
49
2
10
2
67
1
6
3
22
8
9
3
13
5
4
3
29
4
8
3
30
22
6
3
49
4
6
3
67
31
9
3
37
4
7
3
54
1
11
2
71
2
3
1
60
2
5
1
68
3
8
3
42
4
1
3
66
3
4
1
65
1
4
1
30
12
4
3
35
1
3
2
11
2
8
2
60
2
1
