1
13
6
5
2
23
3
4
3
18
3
6
1
29
2
5
1
36
2
6
2
67
1
4
2
65
4
1
2
61
2
1
1
37
1
6
3
55
1
11
3
71
1
6
3
26
3
6
3
45
3
12
1
34
8
3
2
44
4
8
2
49
1
12
3
17
10
4
3
4
22
9
3
9
4
6
2
31
2
4
2
34
1
12
2
6
3
7
1
28
2
3
3
23
13
12
1
66
3
11
3
36
10
5
1
41
2
4
3
31
23
8
1
40
3
11
1
27
1
9
2
13
1
9
3
7
1
6
1
65
2
6
2
37
3
8
3
29
13
4
2
60
1
11
3
55
11
10
2
47
1
5
2
53
1
4
3
28
11
12
3
35
4
6
3
5
5
5
3
27
10
8
2
3
2
12
1
6
2
2
1
12
14
2
1
47
1
11
2
41
1
12
3
42
3
7
1
60
2
5
3
32
9
12
3
53
8
2
2
1
3
2
1
41
3
4
2
12
2
6
3
13
8
1
2
7
1
6
2
39
1
12
2
40
1
12
3
54
1
7
1
42
1
12
1
71
3
2
1
55
2
1
1
4
3
5
3
8
8
9
1
33
4
9
3
35
3
5
1
37
2
9
1
7
11
2
2
25
1
12
1
12
17
11
1
42
2
5
2
4
3
10
2
31
1
12
2
8
3
11
2
29
1
10
3
30
25
11
2
16
3
1
3
42
1
7
1
22
3
3
1
30
10
8
3
61
9
7
1
10
8
1
1
34
5
6
2
49
3
9
1
40
1
5
1
39
2
2
1
3
1
8
3
45
2
8
2
71
2
3
1
7
2
7
1
3
10
9
1
60
1
6
1
15
2
7
2
22
2
7
3
67
9
6
2
17
1
9
1
45
1
11
2
3
3
6
1
49
1
6
1
14
8
8
1
30
20
5
1
29
1
12
2
38
1
8
1
38
3
10
2
41
2
2
3
38
9
6
3
63
11
8
1
26
2
5
2
2
2
5
1
35
2
4
2
2
3
1
3
32
12
7
2
8
2
4
2
66
1
5
2
22
1
12
1
17
15
11
2
67
2
7
3
34
1
1
3
5
2
1
2
54
2
3
3
39
7
8
3
11
19
2
2
1
1
5
1
53
2
12
3
27
9
3
3
44
9
8
2
32
3
10
2
15
3
5
2
42
1
11
1
54
3
8
1
5
2
7
3
33
10
3
2
26
2
11
3
10
18
10
2
37
2
12
3
26
11
10
2
40
4
5
1
43
1
8
2
44
1
6
1
2
2
5
1
49
2
9
1
6
1
6
3
15
9
10
2
26
1
8
3
68
10
3
3
36
12
2
1
28
3
11
3
11
1
8
3
25
1
3
3
22
8
2
2
28
1
7
2
36
4
4
2
35
1
2
2
45
3
8
3
15
4
12
2
4
2
8
2
23
1
10
3
49
2
2
1
1
2
4
2
63
2
2
3
33
15
3
3
66
2
3
1
65
1
2
3
41
1
3
1
53
1
10
3
7
5
1
2
11
1
7
3
43
7
5
2
30
5
4
1
68
1
10
3
14
26
4
2
27
3
3
3
17
13
6
3
12
7
4
1
22
2
1
2
11
3
9
2
16
2
8
1
61
2
5
3
6
2
10
3
31
3
10
3
28
1
10
2
71
3
5
1
43
2
3
3
3
5
10
2
61
3
4
2
45
2
11
3
40
4
4
3
52
2
4
2
36
3
6
2
14
3
2
2
18
3
4
1
52
2
7
2
18
2
5
1
14
9
3
2
68
3
3
2
12
3
10
1
13
3
1
3
30
19
2
3
67
32
12
3
38
3
6
1
8
13
12
2
55
1
9
3
29
17
12
3
49
1
4
2
10
2
3
1
10
7
12
3
41
4
7
3
23
16
3
2
42
2
7
2
33
1
9
1
4
1
3
2
66
3
8
1
61
1
3
2
5
2
7
3
4
27
7
3
25
4
5
2
9
2
6
3
16
3
4
2
65
1
8
2
52
3
4
3
6
6
11
3
2
5
8
2
38
4
7
1
31
8
8
1
44
2
8
3
2
12
2
1
18
11
8
3
34
5
9
2
68
2
3
1
1
3
1
1
39
3
3
3
8
5
6
2
6
1
9
3
10
1
7
2
47
4
1
1
5
1
5
3
66
8
7
2
14
2
5
1
25
3
7
2
10
3
11
2
25
3
2
1
26
1
6
3
16
8
10
3
1
10
5
2
35
2
12
1
11
7
10
3
60
26
2
1
9
14
9
1
31
16
12
1
8
16
7
1
35
4
8
1
27
3
7
3
40
1
12
2
30
4
3
1
68
2
12
3
13
5
4
1
63
1
5
1
9
11
4
1
38
2
2
3
12
5
5
1
11
10
7
1
32
3
3
3
60
18
11
1
15
1
5
2
43
2
3
2
7
2
12
2
15
1
12
1
67
2
7
1
47
3
3
3
47
7
6
1
63
2
12
1
33
2
4
1
25
1
10
2
27
2
11
1
71
1
6
1
44
4
7
3
61
1
1
1
23
1
3
1
16
5
8
1
66
1
11
3
44
3
11
2
13
2
6
1
55
1
8
2
63
3
6
1
23
3
2
2
60
2
2
1
17
10
9
2
43
1
5
1
16
3
4
2
53
3
5
3
37
3
11
1
2
4
11
3
43
1
6
2
55
3
5
1
52
1
2
2
29
2
3
1
67
3
7
3
54
2
7
2
9
1
6
3
1
5
9
3
39
8
3
3
71
3
7
1
32
1
10
3
53
3
1
2
28
3
9
3
3
4
4
3
47
6
7
3
52
10
8
3
9
1
10
2
54
1
7
2
34
3
3
2
32
1
1
3
22
9
12
2
52
6
11
1
54
2
9
3
65
9
5
3
65
5
10
3
37
4
11
1
36
3
9
3
14
22
5
2
39
2
11
3
63
7
8
3
18
4
3
2
17
2
5
3
68
7
12
1
18
6
4
1
45
2
10
2
33
2
7
2
5
1
2
