3
5
4
4
2
22
3
8
2
29
3
9
3
61
5
7
2
49
4
7
1
68
3
7
2
63
3
4
1
44
4
10
3
4
9
6
2
54
2
11
1
65
2
10
1
9
10
7
3
63
5
7
3
2
8
2
2
16
1
12
1
39
4
1
3
30
21
9
3
49
8
2
1
17
14
1
3
67
37
11
3
40
6
7
2
11
3
10
2
35
1
5
1
63
2
3
2
7
3
9
2
17
3
11
2
14
2
3
1
27
2
2
1
37
1
3
3
68
10
3
3
28
9
2
2
13
2
6
1
13
5
2
3
12
3
8
1
8
9
1
1
22
2
3
3
4
20
5
1
47
1
6
3
65
7
2
3
32
8
3
1
6
1
2
3
68
13
7
1
4
2
9
2
33
3
12
3
6
4
6
1
15
5
5
1
34
9
8
1
47
3
2
1
25
3
10
3
36
7
10
2
61
3
3
1
36
1
4
2
10
1
11
3
10
12
6
2
36
3
9
2
32
4
4
1
11
12
12
1
25
2
8
3
9
22
12
1
54
1
4
3
2
7
2
1
31
16
7
2
60
2
11
1
12
5
3
1
71
1
7
3
52
3
5
2
27
2
7
2
5
1
3
3
5
1
11
2
53
1
9
2
22
1
10
3
45
4
9
2
39
1
11
3
47
3
11
3
54
1
5
2
49
3
1
1
28
2
2
1
11
3
7
2
6
1
3
3
25
6
7
3
18
19
10
1
3
8
5
2
26
2
3
2
53
2
9
2
36
4
7
2
27
1
10
3
60
18
6
1
13
8
8
1
60
2
8
3
37
10
7
3
39
6
3
3
66
2
6
3
9
23
7
1
35
4
11
2
52
4
4
2
47
4
9
2
13
1
9
1
53
2
12
3
3
3
4
3
60
24
7
1
55
2
1
1
53
1
7
1
8
10
12
3
18
15
2
2
7
2
1
3
17
10
6
3
67
4
7
1
32
6
10
3
29
10
7
2
5
2
5
1
5
2
4
1
5
1
9
3
36
14
5
1
15
1
12
1
1
2
2
1
43
1
6
1
54
3
3
3
11
5
12
2
16
2
9
1
14
4
1
2
55
3
1
2
2
1
3
2
43
2
2
3
41
1
8
1
67
3
7
3
42
2
10
1
40
1
9
3
44
3
12
1
41
1
9
2
12
1
7
3
3
7
8
2
33
1
2
1
63
1
2
2
71
2
3
2
3
3
12
1
18
11
4
1
35
1
6
2
32
3
10
3
52
10
3
2
29
2
1
2
54
1
3
2
28
2
12
1
44
1
2
1
7
3
11
2
67
1
8
3
49
4
2
1
52
1
12
2
66
2
2
2
12
3
11
1
42
2
1
2
39
2
5
3
6
6
1
1
37
2
2
3
23
13
6
2
17
2
9
2
60
3
5
3
10
1
3
1
26
1
11
3
30
26
10
3
33
15
12
2
9
3
10
1
10
1
10
1
49
2
1
3
17
13
5
3
7
3
11
3
25
3
2
2
68
3
6
2
47
2
2
3
71
2
8
2
41
5
9
2
18
4
6
1
33
6
3
3
1
1
8
2
37
2
5
2
9
1
1
3
65
5
1
1
33
8
7
3
15
17
6
2
6
3
1
2
31
5
3
2
4
2
1
3
32
3
12
1
40
2
5
2
45
2
10
3
35
7
6
2
14
3
11
1
61
1
5
1
61
3
3
3
8
4
10
3
66
4
9
1
38
2
2
1
12
11
2
1
39
2
10
3
31
20
2
2
3
1
10
1
1
3
6
2
41
4
2
2
65
1
7
3
22
3
4
1
2
3
9
1
22
1
6
2
63
1
5
1
6
2
7
1
30
11
2
3
55
5
2
2
38
4
3
3
43
4
5
3
61
3
11
2
71
1
1
2
42
2
9
3
45
3
3
1
68
2
4
1
9
1
3
1
23
2
8
3
40
1
11
2
35
2
10
2
52
1
11
3
44
1
6
2
23
3
11
3
39
8
12
3
34
4
8
2
30
1
12
1
45
2
12
2
10
2
6
3
13
3
3
3
8
2
4
3
63
6
6
2
4
1
8
1
41
2
3
1
29
2
5
1
7
10
9
2
44
3
5
2
66
1
1
3
1
5
5
2
61
2
12
3
42
1
11
1
66
2
3
3
27
4
4
1
4
1
1
3
55
14
4
3
31
22
11
3
26
6
9
2
34
3
5
1
43
3
9
1
16
2
1
2
68
1
10
1
2
2
10
1
16
7
8
2
40
1
4
2
44
2
10
1
67
2
1
3
14
3
6
1
32
7
1
3
71
1
7
1
31
10
3
1
42
1
7
2
26
1
9
2
18
2
2
1
65
1
11
1
71
3
5
1
38
1
1
2
30
4
5
1
28
3
7
3
22
1
9
1
60
1
10
3
7
5
2
3
29
14
12
2
42
4
5
2
1
1
6
2
15
2
10
2
2
3
5
3
27
3
8
3
23
12
3
2
1
2
5
3
11
14
9
1
55
1
10
3
38
2
5
2
34
2
2
2
25
1
6
3
16
5
12
3
47
5
11
2
8
2
2
3
13
1
5
3
12
1
3
1
3
9
4
2
23
2
2
1
14
3
2
3
35
3
4
1
34
7
11
3
26
1
1
2
65
4
6
3
15
3
9
2
38
3
8
1
29
3
10
2
55
1
4
2
11
1
6
2
37
4
10
2
43
3
11
3
37
6
5
2
8
1
12
2
25
3
11
1
23
3
7
3
14
14
5
1
17
12
2
1
36
2
10
1
45
1
12
2
40
4
11
2
67
2
4
3
53
8
3
3
43
8
2
1
18
13
8
2
28
1
1
3
38
5
11
3
33
3
5
1
10
8
9
3
53
5
3
3
28
16
5
2
45
1
4
2
15
3
7
3
54
2
10
3
16
2
8
1
26
3
8
1
49
1
6
1
27
1
6
1
30
13
7
1
52
2
7
1
66
1
3
3
34
2
7
2
31
4
4
3
41
2
4
