2
61
2
6
2
63
1
2
2
26
2
10
2
32
1
6
2
9
1
10
3
28
5
4
2
38
3
2
3
54
2
3
1
66
2
4
1
71
3
6
2
39
4
7
1
66
1
8
3
27
10
12
2
35
1
3
2
34
2
9
1
1
1
2
3
68
8
4
1
11
4
4
1
13
4
2
2
37
4
2
1
15
3
7
3
8
8
5
2
13
2
4
2
43
4
3
1
1
2
9
3
47
1
9
2
23
3
9
2
16
3
5
3
60
20
4
3
32
9
6
3
61
5
2
1
6
2
8
3
37
6
12
1
60
1
6
3
14
16
7
1
45
1
2
1
53
1
3
3
40
6
3
3
4
13
3
1
63
2
10
2
7
1
9
1
27
2
10
3
41
3
8
2
27
2
4
2
6
3
1
1
68
3
8
3
40
4
12
3
30
2
11
2
14
2
7
1
29
3
12
3
7
4
3
3
10
5
4
3
13
3
1
2
47
2
10
1
54
3
5
1
52
1
6
3
2
12
12
3
66
5
7
3
1
5
6
3
31
23
1
1
36
3
1
2
45
3
5
3
44
6
11
3
55
6
12
3
42
4
7
3
71
1
1
1
26
3
6
1
10
8
2
2
26
3
4
3
7
5
12
2
37
3
12
1
16
6
4
2
53
2
9
2
4
3
10
3
6
1
10
2
33
1
6
1
41
1
11
2
49
4
8
3
31
21
5
2
54
1
5
3
1
4
12
1
17
13
9
3
12
3
11
2
38
1
4
3
34
1
2
1
3
2
11
2
15
2
9
3
9
1
4
3
5
2
11
1
39
2
5
3
34
9
9
3
22
11
12
2
44
5
11
3
3
2
9
2
35
2
5
1
23
3
7
3
23
2
4
3
27
5
12
1
22
3
8
1
5
1
3
3
63
7
12
3
67
6
8
1
33
7
7
1
43
3
12
1
36
2
1
3
33
10
3
2
30
5
5
3
36
8
11
2
15
1
3
1
37
2
12
3
15
3
7
2
68
3
1
1
53
2
2
3
10
17
1
2
18
4
4
1
14
2
2
2
17
1
8
3
16
2
12
3
42
2
12
3
25
7
8
3
2
1
12
2
3
2
5
2
71
3
3
2
32
2
8
3
15
14
4
1
35
4
2
3
71
4
11
2
13
3
12
3
29
7
11
3
22
7
5
1
10
3
5
2
11
2
7
2
5
3
2
2
42
4
5
1
33
6
9
3
18
13
7
2
2
3
12
3
29
15
2
1
18
12
2
2
31
5
3
2
45
2
7
3
45
6
11
2
10
3
11
2
54
2
4
2
52
5
11
3
12
6
12
3
47
10
5
2
43
1
9
3
39
7
4
1
55
2
12
1
44
1
10
2
2
1
4
3
68
2
12
2
65
1
1
2
22
1
8
1
34
4
4
2
11
3
9
3
53
3
3
3
5
1
2
2
29
2
8
2
41
3
3
1
30
17
12
2
5
1
12
2
49
2
9
1
30
7
7
3
25
1
10
2
22
3
6
2
33
3
9
1
3
1
9
1
2
4
10
1
49
1
5
3
26
4
1
1
22
2
1
3
18
3
12
2
52
3
3
1
31
10
8
2
71
1
8
2
12
2
4
3
32
10
10
2
36
4
6
1
26
2
8
1
71
1
7
3
13
9
3
3
66
8
7
3
11
2
4
3
49
8
7
1
2
1
7
2
67
1
1
3
53
4
6
3
11
21
4
1
67
3
6
2
25
3
7
3
60
12
12
1
55
1
4
1
65
1
1
1
42
1
4
2
3
1
7
1
61
3
9
2
25
1
7
2
27
3
8
1
31
6
5
3
43
1
5
3
35
8
1
2
8
2
4
2
8
3
3
3
30
25
9
1
8
8
7
1
52
3
3
2
16
1
8
1
67
2
7
2
7
3
3
1
60
2
9
3
14
1
11
2
4
1
2
3
54
1
11
2
55
2
6
1
54
1
3
1
35
3
3
3
39
3
4
2
12
3
1
1
13
2
10
3
6
6
12
3
3
10
8
3
65
10
10
2
39
3
8
3
49
1
11
1
16
2
3
1
65
2
7
1
12
6
11
1
32
3
12
3
16
8
12
2
55
3
2
2
29
1
6
2
1
2
12
1
68
2
5
2
44
2
12
2
66
2
7
3
35
1
8
1
23
2
6
2
28
2
8
2
31
3
11
1
32
1
8
2
60
3
8
1
34
5
2
2
6
2
10
3
37
4
6
2
23
1
10
3
52
6
12
2
68
4
5
2
60
1
3
1
5
2
3
3
61
8
2
1
27
1
9
1
42
2
7
3
52
13
6
2
28
1
9
3
4
23
1
3
28
9
4
3
38
5
5
1
28
3
5
2
67
2
5
1
7
4
8
3
33
2
7
2
10
1
12
1
45
2
6
3
41
4
1
3
38
2
6
1
47
2
11
3
36
1
9
2
1
3
7
2
65
4
11
1
7
2
9
1
37
1
6
1
25
1
9
1
44
2
6
3
17
9
8
1
38
3
8
1
41
3
8
1
28
1
11
2
61
1
1
1
29
1
1
1
18
9
1
2
34
3
4
1
61
1
12
1
9
10
11
2
40
1
4
1
25
2
10
2
41
4
10
3
44
4
4
2
30
3
2
1
17
11
5
1
63
1
10
1
4
8
7
3
67
24
5
2
47
3
5
2
9
3
12
2
36
1
12
1
43
1
1
2
18
2
9
3
63
8
7
1
11
12
3
1
40
3
2
3
43
4
9
3
17
8
12
3
23
17
2
1
39
4
2
3
9
8
12
1
40
2
4
1
12
5
5
1
15
5
8
1
8
4
2
1
4
2
7
1
47
3
6
3
65
20
12
1
49
2
6
2
63
2
2
2
66
3
4
3
26
3
10
1
38
2
12
3
8
1
10
1
6
1
8
3
45
4
3
1
9
11
7
2
14
1
1
2
53
1
12
2
40
2
6
2
17
2
7
1
14
20
10
3
55
4
8
2
42
3
12
