1
67
2
1
2
44
5
5
3
67
6
8
2
65
4
5
1
71
2
4
1
37
2
6
3
63
6
9
2
13
2
2
2
32
1
6
3
10
2
5
1
18
8
10
2
18
3
8
3
43
1
6
3
60
32
1
2
33
2
10
2
25
1
11
3
65
10
10
3
42
4
4
2
5
2
8
2
54
1
7
1
15
3
6
1
60
2
6
1
4
6
12
1
30
12
6
1
53
1
1
1
13
4
5
2
26
3
9
2
22
2
11
2
11
2
12
2
23
1
6
2
12
3
8
2
10
3
7
3
16
8
9
3
32
2
5
3
43
7
5
2
63
3
11
1
28
2
12
3
22
1
6
2
31
4
12
3
22
4
12
3
67
13
2
3
54
1
2
1
33
1
4
1
43
1
12
2
17
3
12
3
61
4
10
2
37
2
8
3
53
7
1
3
10
4
11
3
55
5
8
1
66
3
11
3
71
5
12
1
44
2
9
3
55
1
1
2
2
2
8
2
66
3
6
2
49
4
6
1
14
17
11
1
14
13
11
1
37
1
10
2
40
4
4
3
8
1
2
3
37
8
5
2
68
4
9
3
30
7
12
3
44
9
8
1
34
10
11
1
15
4
11
3
2
10
2
2
39
1
4
1
52
1
3
1
13
6
2
1
47
1
4
1
38
1
8
3
49
4
6
3
42
1
1
1
47
3
6
3
3
4
5
2
34
1
10
3
14
14
8
3
30
13
2
2
12
1
9
3
60
1
9
3
27
7
12
2
27
1
2
3
13
3
1
1
36
1
2
3
71
2
5
2
41
3
3
1
28
1
12
2
66
2
12
1
65
1
8
1
16
7
10
2
4
2
5
2
17
2
10
3
8
3
2
3
45
1
2
3
38
9
4
1
18
3
3
1
7
5
11
2
71
1
7
2
38
1
4
3
36
11
4
1
32
1
5
1
40
3
2
3
45
5
7
2
15
1
9
3
7
4
3
2
38
2
6
3
35
2
4
2
14
2
12
2
40
1
4
2
37
4
2
1
42
2
12
3
2
12
6
3
29
19
4
2
11
1
10
3
1
2
10
3
4
12
6
1
52
3
1
1
25
3
7
1
54
1
5
3
32
10
12
1
39
4
4
1
35
4
11
2
55
2
5
1
8
8
9
1
61
1
1
2
32
3
3
1
9
10
2
2
28
1
12
3
7
3
11
2
47
3
2
1
71
1
3
2
4
1
12
3
44
10
8
2
35
3
3
1
5
1
10
2
43
4
2
2
30
3
7
3
15
10
8
1
41
1
10
3
5
2
4
1
7
7
9
3
29
5
11
2
16
2
2
3
66
4
8
1
27
3
6
3
14
13
10
2
71
2
7
3
11
15
6
3
41
3
7
2
5
3
5
1
4
8
5
3
17
11
6
1
2
4
2
1
29
3
7
2
39
3
4
3
28
9
5
2
45
4
2
1
17
10
2
2
1
1
8
2
2
1
6
1
68
2
3
2
27
2
5
2
1
3
7
1
12
7
3
3
40
6
5
2
33
3
2
2
63
2
5
3
31
5
8
3
1
5
3
2
31
2
10
1
27
1
3
1
55
2
1
1
40
1
10
2
23
2
10
1
36
3
11
3
26
1
10
1
38
3
4
3
23
14
4
1
22
3
12
1
49
1
12
3
6
4
4
3
33
4
9
2
53
3
9
2
7
1
2
1
44
1
5
1
11
10
7
2
41
4
4
2
29
3
3
2
36
4
1
2
29
1
10
1
45
1
2
1
53
2
4
1
25
1
8
1
26
2
3
2
25
2
6
3
25
7
9
3
40
4
7
2
34
2
2
3
16
7
12
1
61
2
6
1
49
2
11
2
3
2
11
2
61
2
3
1
66
2
5
1
68
3
8
3
35
8
3
2
60
4
6
2
55
1
3
1
3
9
8
3
47
2
4
1
22
1
2
2
67
1
7
3
18
19
9
2
3
3
4
1
17
3
1
3
12
6
3
1
10
8
7
3
66
8
2
3
63
2
5
1
26
1
5
2
8
2
11
3
25
8
1
2
68
1
2
3
11
14
6
2
14
3
2
2
6
3
5
1
33
2
11
3
17
10
8
3
28
5
8
1
16
6
3
2
67
2
11
1
23
3
8
3
6
3
9
1
43
3
7
3
68
7
8
3
52
18
3
2
42
4
7
2
9
2
8
1
23
2
8
1
35
1
1
3
15
14
2
2
16
3
8
3
61
7
5
1
5
2
7
2
22
1
9
1
31
12
11
2
26
4
4
3
9
16
8
3
9
27
2
2
7
3
12
3
53
6
10
3
31
3
4
2
18
4
10
2
43
1
8
2
13
3
2
2
52
6
10
1
31
5
5
2
54
2
6
2
6
1
1
3
65
16
4
1
12
1
9
1
29
1
2
3
26
7
6
1
9
13
9
3
33
2
2
2
61
3
8
2
36
3
3
2
35
2
2
3
36
2
3
3
5
4
7
1
45
2
10
3
18
8
11
3
23
10
8
1
39
2
1
2
45
1
8
1
60
1
5
3
27
2
6
3
52
12
9
1
63
1
12
3
12
7
11
3
41
2
3
3
47
7
4
3
37
7
2
2
47
2
4
2
65
3
7
1
41
3
7
2
15
3
9
1
6
1
7
1
54
2
8
2
30
2
4
3
34
11
11
3
4
25
11
3
68
9
5
1
11
12
12
3
34
5
3
3
49
1
2
3
39
6
7
3
54
2
8
2
8
1
12
3
39
9
3
2
44
4
8
2
28
3
11
1
55
1
8
1
34
11
4
2
53
1
3
1
1
3
1
2
49
2
12
1
8
13
10
1
2
2
5
1
10
3
2
2
10
2
12
1
67
1
5
1
63
2
1
2
42
1
4
3
3
7
3
1
32
4
6
1
42
1
7
1
1
2
6
2
60
3
9
1
3
2
10
3
13
2
10
1
30
20
4
2
9
3
12
2
52
7
12
3
38
7
4
1
65
2
5
1
6
2
10
