2
55
1
5
2
15
2
12
1
22
3
9
2
55
2
11
2
45
3
12
1
52
3
11
3
47
10
3
3
8
13
6
1
4
5
12
3
16
5
10
1
49
2
3
2
17
3
6
2
42
2
3
2
34
2
4
1
40
3
9
1
12
17
1
1
5
2
3
1
32
4
8
3
31
14
8
1
12
2
10
2
44
5
10
3
31
10
12
2
11
2
9
3
53
4
2
3
6
5
1
3
30
16
12
3
49
8
8
3
29
15
7
2
12
1
12
2
42
4
1
1
2
1
10
3
16
3
8
3
22
9
2
2
1
1
3
3
27
5
1
2
49
4
11
3
35
4
9
2
9
1
8
3
55
2
6
3
67
28
12
1
54
1
1
3
23
5
2
2
5
3
6
1
45
1
9
2
67
2
12
3
6
1
6
3
7
3
7
1
31
2
1
1
8
7
3
2
40
3
12
2
32
4
5
3
41
4
7
1
16
7
5
2
6
2
2
3
37
4
9
2
65
2
3
2
26
1
2
2
15
1
4
3
4
23
5
3
9
20
4
3
17
5
9
3
66
9
11
2
18
2
7
1
68
3
3
1
3
5
10
2
36
3
9
1
9
3
10
3
36
2
10
2
60
2
12
3
67
15
11
2
30
2
5
3
12
7
9
3
61
10
10
3
43
1
7
1
40
2
2
1
60
2
11
2
8
1
10
1
33
3
9
3
53
1
7
1
31
17
5
1
14
21
8
2
60
3
10
1
26
1
2
3
54
2
9
2
4
1
11
2
3
3
8
3
37
8
6
3
23
2
11
3
61
3
6
3
45
5
6
3
63
4
3
2
43
5
5
3
3
1
7
1
44
3
12
1
29
1
5
1
13
4
7
1
17
6
5
2
39
3
1
2
39
1
3
2
23
3
3
1
13
3
9
1
15
3
2
1
10
2
3
3
7
4
4
3
1
2
8
3
11
4
12
1
30
4
1
1
37
1
9
2
65
3
5
2
53
3
5
2
13
2
4
2
41
2
3
1
63
2
9
1
14
9
6
3
35
2
2
3
68
8
1
2
40
4
5
3
10
11
1
1
65
2
2
1
23
2
5
1
42
1
1
3
49
6
9
1
60
1
7
1
9
6
3
1
26
3
4
3
54
1
5
3
42
2
5
1
42
2
1
3
40
4
1
1
35
4
9
2
3
2
11
2
11
3
4
1
67
1
7
3
52
15
11
1
2
2
12
3
22
8
7
3
40
1
1
3
71
1
3
2
25
1
1
3
52
18
5
1
47
3
6
3
65
16
1
1
22
1
8
1
61
2
2
3
43
5
3
1
38
2
11
1
71
3
9
1
65
1
9
1
6
1
4
2
8
3
3
2
47
1
5
2
6
3
7
1
67
2
3
2
35
1
1
3
15
10
5
1
39
1
7
1
28
2
3
1
1
1
11
2
9
2
2
3
41
1
4
1
15
4
12
3
25
2
3
3
65
21
4
3
42
4
6
1
55
1
9
2
41
5
10
1
3
11
7
2
10
2
5
1
23
1
9
1
52
2
3
3
28
12
6
3
5
4
1
1
11
8
3
2
52
2
8
3
28
9
3
1
4
6
1
1
66
2
5
3
39
8
11
1
29
2
3
3
14
11
2
3
13
1
2
3
33
5
5
1
55
2
3
1
54
2
10
1
53
1
10
1
44
2
5
3
2
2
8
3
34
4
10
1
7
4
10
2
4
2
4
1
27
1
5
1
1
3
11
2
68
3
3
3
39
2
2
3
2
3
6
3
34
6
12
1
11
12
9
3
26
3
11
2
54
2
7
1
53
2
10
1
34
8
5
2
37
4
7
3
27
13
2
2
63
1
7
3
32
1
9
1
25
3
3
2
31
3
5
2
1
2
8
3
66
7
8
1
33
4
4
1
25
2
12
1
17
3
1
3
3
3
10
2
14
1
3
2
25
3
5
1
28
3
3
1
7
5
3
2
45
1
1
2
29
3
5
2
16
2
3
2
10
3
11
3
11
2
1
3
4
28
9
2
18
1
2
2
23
1
10
1
66
3
10
1
35
2
10
2
71
1
3
3
32
2
7
2
17
1
11
2
49
2
3
1
61
1
3
2
43
1
1
2
44
4
10
3
38
7
9
3
17
12
5
3
55
6
1
1
18
1
4
2
29
2
3
1
34
2
2
3
18
19
11
1
8
2
8
3
38
1
1
2
38
5
8
3
8
9
2
2
5
2
11
3
63
1
4
2
32
1
2
2
7
1
6
2
61
3
12
1
49
1
3
2
34
1
3
3
9
14
10
2
28
3
7
1
37
2
9
1
36
3
7
3
60
20
1
1
16
4
4
2
71
3
5
1
18
12
2
2
68
1
10
1
71
1
8
2
2
3
5
3
60
27
6
2
67
1
4
3
33
6
9
3
44
1
7
1
68
1
11
2
53
1
10
3
13
2
9
2
7
3
1
1
6
2
3
2
27
2
8
2
54
1
3
2
26
4
3
3
18
10
6
3
45
4
2
1
39
4
9
1
43
3
2
2
13
1
5
2
63
3
7
3
71
5
4
1
43
1
9
1
27
2
5
3
68
13
3
2
35
3
1
2
16
3
9
1
36
2
3
2
66
2
5
1
10
3
6
3
47
8
10
3
30
24
11
2
37
3
6
3
44
2
3
2
27
1
7
2
14
3
6
3
1
9
11
2
33
1
4
2
28
2
6
3
26
10
7
3
15
6
9
2
38
3
8
2
36
4
4
3
12
3
10
3
36
9
6
2
2
1
1
2
22
3
6
1
47
1
4
1
41
1
7
2
33
2
10
3
10
2
3
2
22
1
8
2
47
3
7
2
30
1
8
1
63
1
8
3
14
8
11
2
52
6
8
1
45
2
3
2
61
2
3
1
30
11
10
1
38
3
4
2
31
2
6
3
5
1
8
1
32
1
12
2
12
3
1
3
25
8
9
1
41
2
5
3
29
11
8
1
5
1
9
2
66
3
1
