2
40
3
12
1
39
3
2
3
16
6
9
3
41
4
7
3
45
4
7
2
15
2
7
2
4
3
3
1
15
5
1
1
37
2
8
2
47
2
7
1
30
15
3
2
6
2
7
1
3
7
10
3
65
4
6
1
35
2
6
2
6
3
10
1
34
6
6
2
36
5
9
3
22
8
2
2
4
1
10
2
66
1
11
2
35
1
5
1
8
11
5
1
52
1
8
1
39
4
8
2
23
2
5
2
45
3
2
1
16
3
2
3
71
2
4
3
54
2
5
1
7
5
12
3
33
5
4
1
11
8
11
3
6
5
1
3
27
2
11
3
11
20
12
3
60
32
3
2
8
3
1
1
23
2
2
1
63
1
5
3
38
11
7
1
17
16
10
1
13
1
2
2
8
2
1
2
15
3
8
2
29
2
5
2
2
3
5
3
12
5
6
2
7
2
4
3
16
8
1
3
29
7
6
1
55
2
1
2
53
3
2
2
35
2
11
3
25
6
5
3
15
16
1
2
1
2
12
1
29
2
4
2
71
3
9
2
28
1
3
3
40
5
9
2
29
3
7
1
22
1
1
3
13
9
12
1
15
3
3
3
42
1
5
3
18
8
12
1
3
8
1
2
52
7
6
3
66
4
12
1
38
3
1
3
53
5
5
1
49
2
3
1
32
6
8
1
65
2
8
3
32
3
7
2
67
2
8
2
44
2
11
1
27
2
9
1
9
10
4
3
8
3
6
1
30
13
4
2
68
4
8
2
28
3
1
1
36
1
9
1
54
1
8
3
34
3
6
1
18
2
3
2
23
3
5
3
61
6
7
2
41
2
5
1
47
2
10
2
61
3
11
1
41
1
2
2
49
1
12
2
22
1
12
1
23
3
9
1
60
2
5
1
13
7
4
1
44
2
6
2
45
4
6
3
43
8
2
3
10
9
11
1
31
9
7
1
36
3
8
3
37
11
9
1
25
2
2
2
2
2
7
3
63
12
2
3
39
10
7
2
66
3
3
3
45
3
4
2
3
2
8
3
63
13
9
3
37
12
4
1
63
2
2
3
44
9
4
3
5
5
3
2
17
2
1
3
11
18
12
3
42
3
8
3
12
2
3
3
33
22
5
1
1
2
1
3
1
10
10
2
63
1
9
3
52
10
12
1
11
7
7
1
66
1
5
2
5
1
11
2
38
3
4
2
10
3
3
2
55
1
3
2
65
3
3
1
67
3
7
1
43
1
2
2
25
3
11
2
5
3
1
3
34
4
8
1
71
2
12
3
14
15
10
3
49
5
3
1
6
2
11
3
68
5
1
3
14
25
4
1
29
1
1
3
43
1
3
3
47
7
7
3
26
11
4
2
13
3
4
1
40
2
7
1
14
18
2
1
26
1
11
3
3
1
3
2
14
2
3
1
14
2
9
3
41
2
1
2
32
4
11
3
27
1
7
1
38
2
2
1
43
3
6
2
54
1
9
2
68
1
1
3
8
9
9
2
26
3
8
2
14
3
7
2
44
3
6
1
53
1
10
3
31
2
5
1
61
3
3
2
34
2
11
2
36
3
1
2
43
2
6
2
42
3
1
3
31
25
4
1
61
2
3
2
63
3
12
2
71
1
3
3
54
1
7
3
55
12
8
1
17
7
3
2
39
2
7
2
17
3
11
1
54
3
8
1
31
13
11
3
23
5
10
3
7
4
10
3
68
10
7
3
15
12
3
2
33
3
3
2
18
3
1
2
54
2
6
3
3
3
11
2
37
4
11
1
12
9
4
1
60
1
3
2
16
3
10
3
36
8
11
1
33
5
7
1
5
2
9
1
12
2
6
3
25
4
8
3
67
34
9
3
1
4
5
3
30
1
6
3
2
7
7
3
61
2
7
2
16
1
9
2
27
3
6
1
7
6
3
2
33
1
12
3
18
21
7
2
40
4
2
3
4
22
8
2
26
1
3
2
67
1
12
2
30
4
7
1
45
2
5
3
9
12
9
3
7
3
3
2
52
3
5
3
66
6
9
1
40
3
6
3
55
4
10
2
55
2
9
3
35
1
1
2
43
3
9
2
30
3
11
2
37
2
11
1
18
14
12
3
9
22
9
1
42
1
2
1
8
13
2
3
30
6
8
1
6
1
9
1
44
3
4
3
5
1
4
3
17
15
4
1
65
1
12
2
31
3
10
3
4
18
4
1
25
1
12
3
67
14
10
1
34
1
9
1
26
3
2
3
36
11
4
2
22
3
6
2
9
2
4
2
3
3
12
1
1
1
11
2
49
4
1
1
4
4
12
1
16
2
7
1
10
8
11
3
23
1
4
1
53
2
9
2
7
1
4
3
52
1
7
3
22
2
10
3
6
3
10
2
47
4
11
2
12
3
12
1
71
1
5
2
34
3
1
2
1
1
3
3
17
16
2
3
53
6
8
3
71
3
7
2
27
1
12
3
28
10
9
2
38
2
1
2
11
3
10
1
55
1
5
2
10
2
8
1
68
1
5
3
26
3
1
1
22
3
1
2
11
2
4
2
65
2
7
1
2
4
5
3
13
3
2
2
31
5
6
3
47
6
6
3
49
1
1
1
49
1
11
2
25
1
2
2
13
2
12
1
52
2
7
1
37
1
9
2
60
3
9
2
18
2
5
3
60
25
5
3
35
6
10
1
32
7
10
3
32
6
1
2
60
2
4
2
41
5
7
2
12
2
11
2
9
3
7
1
45
1
2
3
28
2
3
1
9
14
1
1
4
1
1
1
27
3
7
1
42
2
9
3
2
12
8
1
67
1
8
1
47
1
3
1
35
3
4
2
39
1
7
1
68
3
10
2
32
2
10
1
28
3
12
1
41
2
8
3
39
4
2
3
44
8
12
1
5
1
4
1
2
2
1
3
10
18
4
3
38
9
2
1
33
4
3
2
53
2
10
2
42
1
3
1
66
3
10
3
65
12
10
2
61
2
5
3
29
18
9
1
28
1
10
3
40
2
5
1
10
5
4
