1
66
1
11
2
43
5
5
1
45
1
11
3
13
4
7
1
16
1
8
3
42
2
11
1
1
1
8
3
35
1
2
3
53
1
8
3
29
16
11
2
42
3
12
3
2
5
3
3
45
2
2
1
43
1
8
2
33
1
6
1
26
3
10
3
55
6
4
2
8
3
6
3
1
5
12
2
17
2
11
2
1
3
8
1
8
6
8
2
52
6
5
2
41
5
1
3
33
24
9
2
63
1
10
1
17
3
9
2
31
3
11
3
8
14
4
1
52
3
10
3
68
10
3
1
71
3
2
3
36
10
2
1
15
5
7
3
66
6
4
3
23
5
3
3
67
16
8
2
1
2
2
1
15
3
10
1
11
9
12
3
45
5
11
3
29
1
12
1
67
2
12
1
68
1
7
2
40
3
6
3
39
6
9
3
60
20
10
3
37
6
8
2
28
3
10
2
38
1
5
2
71
1
7
1
32
5
7
2
12
2
11
2
9
3
4
3
10
22
4
1
35
4
1
1
12
8
9
2
13
2
9
1
36
1
4
1
49
1
8
3
3
8
12
1
2
4
6
3
9
17
5
3
17
15
3
2
39
4
5
3
1
6
1
2
26
1
8
2
8
1
4
1
9
2
8
2
60
3
5
1
31
8
9
2
65
2
5
3
53
6
4
2
16
1
4
3
34
1
9
1
28
1
1
2
2
1
8
1
31
17
2
3
9
29
2
2
34
1
1
3
65
12
6
2
49
1
11
2
4
3
1
1
60
2
3
2
61
3
8
3
25
1
6
2
68
4
10
3
4
18
12
1
61
1
6
2
45
2
7
3
13
1
8
2
35
2
8
3
49
3
11
3
4
19
11
1
42
2
2
3
15
8
10
3
11
15
12
1
66
3
3
2
5
3
8
2
32
2
6
2
4
2
1
2
25
2
12
3
7
4
12
3
35
2
9
2
71
2
9
3
14
17
4
1
47
3
7
1
25
3
4
1
52
1
1
2
5
2
9
3
32
1
2
3
7
2
6
2
14
2
4
2
16
3
9
2
3
3
7
3
36
15
8
2
23
1
2
1
18
12
1
2
22
2
8
3
31
1
12
2
28
1
4
3
16
4
7
2
44
5
6
2
40
2
7
3
44
5
12
2
55
2
12
2
6
2
11
3
52
7
2
1
27
3
11
2
65
4
2
1
14
4
4
2
61
1
8
3
28
3
11
1
1
2
9
3
71
5
2
2
33
2
3
3
47
1
6
2
18
2
5
3
22
12
2
3
14
24
7
3
55
12
1
3
65
2
8
1
25
1
11
3
71
3
1
2
54
1
8
3
38
1
1
3
40
1
12
2
22
1
7
1
40
1
6
3
16
7
9
1
7
10
9
3
26
9
9
1
41
3
11
3
28
12
7
2
34
2
5
2
29
1
1
1
22
3
4
2
60
1
9
2
37
2
12
1
11
3
4
2
3
1
5
1
26
1
6
3
15
12
1
3
18
13
7
2
18
4
1
3
33
3
8
1
44
3
8
2
30
1
5
3
52
12
4
2
13
1
11
1
13
3
5
2
10
3
8
1
35
1
10
3
54
2
10
1
63
1
5
1
29
2
5
3
61
2
9
1
3
10
1
1
54
3
9
1
30
12
6
1
55
1
10
1
38
1
7
1
68
3
10
1
6
1
9
2
17
1
3
2
49
4
7
3
26
6
6
2
47
4
7
2
36
2
5
1
54
1
12
2
6
3
9
2
12
1
1
3
66
4
8
3
54
1
11
2
30
3
12
3
41
3
8
1
39
4
9
1
41
2
6
2
31
4
6
2
26
4
7
1
53
1
12
2
41
4
2
1
5
2
6
3
6
2
7
1
5
1
10
3
23
7
11
2
7
2
11
3
17
3
11
3
31
9
10
2
11
1
11
2
63
2
9
3
41
4
9
2
2
2
4
1
44
4
1
1
14
15
8
1
2
5
9
1
30
18
1
1
32
7
9
1
17
2
10
1
33
2
1
1
33
5
5
3
44
1
2
1
22
1
4
2
35
3
6
1
9
7
12
3
10
2
9
1
13
5
7
1
37
2
2
1
55
2
5
1
39
2
10
2
54
2
6
3
43
8
11
2
68
1
10
3
38
3
6
1
6
2
5
2
47
3
5
1
18
3
2
1
28
3
9
2
29
2
4
1
60
1
4
3
27
15
10
2
25
1
5
2
36
1
6
3
12
3
9
1
67
1
5
2
55
1
4
2
14
3
12
1
43
3
6
1
8
13
10
1
63
2
10
3
27
2
5
2
52
4
3
2
15
1
12
3
8
19
6
1
40
3
11
3
6
1
12
2
66
2
10
1
27
1
8
3
25
3
9
1
36
3
1
2
11
3
2
1
4
6
2
3
22
11
2
1
71
1
2
1
34
3
3
2
10
1
8
3
61
8
11
3
12
4
9
3
37
12
2
2
15
3
7
1
45
2
1
2
44
2
6
1
34
5
5
3
18
2
5
1
7
1
5
3
68
13
7
2
67
2
7
2
27
3
4
1
10
3
9
2
38
4
8
3
5
5
10
1
4
7
1
1
49
2
6
2
53
2
5
1
3
2
1
2
67
1
5
1
23
2
10
2
9
2
4
2
39
2
1
2
66
1
7
3
47
7
1
3
3
2
12
2
42
1
8
3
63
6
7
2
32
3
12
3
5
2
10
3
11
4
3
3
30
24
12
1
16
5
11
1
42
1
1
3
39
8
8
3
34
5
12
3
42
4
11
3
67
1
6
1
53
2
8
2
7
1
10
2
23
2
7
2
53
1
3
2
43
2
9
3
40
2
7
3
32
6
7
1
12
17
2
3
63
9
5
3
60
12
11
1
65
2
12
1
47
2
2
2
27
2
3
1
29
1
12
1
37
1
10
3
43
5
11
1
10
6
7
1
38
3
6
3
2
9
5
3
49
7
1
1
23
1
12
3
30
18
12
2
37
1
12
1
61
2
8
2
45
4
7
1
65
1
2
