1
1
2
10
3
17
9
10
1
8
9
4
1
71
2
10
2
10
1
7
3
28
1
8
3
22
9
12
3
36
5
8
3
37
11
5
2
29
1
11
3
6
6
5
1
47
2
11
3
44
10
2
2
68
3
2
1
42
1
7
2
67
1
2
3
71
3
8
1
55
2
4
2
13
2
5
3
63
12
2
3
29
2
4
2
55
2
5
2
6
1
12
1
27
1
3
2
16
3
12
3
43
5
9
1
71
3
8
1
28
1
3
2
47
4
1
3
47
9
10
2
11
2
1
3
27
12
4
2
60
2
11
1
5
2
1
3
61
1
6
3
26
9
2
1
29
2
7
3
4
24
6
3
16
1
7
3
36
8
4
1
61
2
1
1
52
1
9
3
22
5
10
1
6
2
3
3
40
2
8
2
54
1
10
3
66
3
7
2
25
3
8
2
39
1
4
1
17
10
3
3
8
2
12
1
2
6
10
1
33
1
1
3
23
4
9
3
25
6
6
2
37
4
8
2
23
1
3
2
54
2
3
2
18
2
2
1
44
2
11
1
2
2
12
1
67
2
4
2
68
1
2
3
65
8
1
1
63
2
8
2
12
2
12
3
40
5
1
1
45
2
7
2
2
2
8
1
14
7
7
2
36
4
9
3
54
1
3
1
49
1
11
3
42
2
7
1
1
3
11
1
23
1
4
3
54
2
12
3
68
1
10
1
36
2
3
1
3
11
12
2
42
2
7
2
52
6
10
2
28
2
7
3
71
5
6
3
13
9
2
3
23
1
11
3
4
3
1
2
65
2
1
2
15
2
3
2
63
1
11
2
27
3
2
1
42
2
7
3
14
21
6
2
63
2
5
1
16
1
9
1
5
1
2
3
12
6
5
2
41
2
5
3
60
31
9
3
34
8
1
3
67
28
2
3
66
2
2
2
49
1
12
3
55
7
9
1
10
6
6
1
18
4
1
1
68
1
2
3
39
3
11
2
26
1
8
3
18
1
7
1
37
2
9
1
39
2
7
2
32
2
8
3
28
6
3
1
55
1
4
1
35
1
6
1
65
2
8
3
32
1
10
2
5
1
3
1
15
3
7
1
4
5
7
2
53
1
3
3
12
1
5
3
32
4
12
3
7
2
7
3
1
7
6
1
13
6
7
2
44
2
8
2
13
3
1
3
41
2
7
2
22
2
9
2
7
3
11
3
33
2
2
1
45
1
1
3
6
5
9
1
68
2
8
2
41
4
11
3
43
4
10
2
14
3
5
1
29
1
8
1
66
2
4
2
22
1
9
3
15
14
1
3
1
5
6
3
2
5
1
2
40
2
12
1
54
3
8
1
25
1
5
1
41
1
4
3
37
8
2
1
15
5
8
3
61
5
3
1
30
3
3
2
42
1
8
2
10
2
5
3
25
9
9
3
45
1
6
1
8
13
8
3
7
5
12
2
60
4
4
3
67
22
7
1
33
4
12
3
45
7
4
2
43
3
7
1
53
2
9
1
22
2
12
3
52
11
10
2
30
2
1
1
32
1
8
2
25
1
6
2
38
4
12
2
5
3
10
1
43
3
11
2
45
4
3
2
61
3
7
2
8
1
8
2
30
4
10
2
55
3
4
1
13
5
12
3
33
14
10
2
66
1
7
2
34
3
10
3
44
7
1
1
40
1
5
1
11
7
8
1
7
11
9
2
18
3
3
2
1
3
6
3
9
10
3
1
38
1
10
2
3
2
4
2
3
3
4
1
26
1
6
3
2
11
3
3
55
1
3
3
49
2
11
1
44
4
12
2
31
1
11
3
63
3
2
3
42
4
2
2
61
2
7
3
35
6
6
2
26
3
2
1
23
3
8
2
23
3
1
1
10
2
2
1
27
3
3
1
52
3
7
1
6
1
4
3
30
15
12
1
34
9
1
2
44
3
5
2
27
2
1
3
9
29
10
2
35
3
10
3
53
2
9
3
11
24
2
1
35
3
9
3
53
4
8
3
38
4
12
2
38
3
6
2
8
2
10
1
12
14
3
3
5
1
7
2
71
3
10
3
49
5
2
2
36
5
9
1
16
5
4
3
10
18
3
2
7
2
1
3
29
13
4
1
26
2
10
2
39
4
6
2
35
1
6
1
28
3
1
3
31
25
10
3
41
4
7
1
60
2
9
1
37
1
11
3
16
5
6
1
54
1
10
3
47
6
2
3
18
15
7
1
43
2
4
2
14
2
8
2
17
2
9
2
52
1
1
2
16
2
5
1
63
1
3
3
68
2
10
2
37
1
5
3
15
12
11
2
11
1
2
3
10
20
8
1
32
2
10
2
31
4
2
3
3
9
1
1
25
2
10
2
40
1
4
1
30
13
2
3
34
9
7
3
31
30
6
1
34
2
6
1
36
1
8
3
5
4
10
2
15
3
10
1
66
1
10
1
12
7
1
2
67
2
6
1
11
10
3
1
65
1
12
1
53
1
10
2
71
2
10
1
39
1
6
1
31
18
12
1
3
9
7
1
18
1
7
3
35
7
4
1
67
1
4
2
34
2
6
1
49
2
5
3
14
14
5
3
13
2
11
3
8
8
12
3
65
21
1
2
47
2
6
2
28
1
12
1
4
6
1
2
33
1
5
2
2
1
4
3
11
15
9
1
14
14
6
3
38
10
6
1
47
1
8
1
9
8
4
1
60
1
9
1
9
14
9
2
9
3
4
3
17
11
6
1
31
13
9
2
4
3
8
3
39
2
8
2
9
1
11
2
33
2
4
3
27
10
4
2
29
2
10
2
65
3
8
1
22
1
9
2
1
2
12
1
41
2
11
1
61
1
11
3
3
8
11
2
53
3
7
2
32
4
8
2
43
1
12
2
4
1
8
2
45
2
11
3
60
2
7
1
38
3
1
1
7
4
1
3
26
10
10
2
6
2
10
1
40
3
4
2
12
1
8
2
17
3
4
1
17
2
11
3
52
15
5
2
66
3
6
2
49
3
6
3
30
19
5
