1
17
12
5
3
67
5
8
2
9
1
4
3
54
1
4
1
39
3
2
1
9
11
7
3
42
4
7
3
27
12
2
2
55
2
6
3
25
5
6
1
33
1
2
1
60
1
12
2
61
2
1
3
22
12
8
1
4
6
5
3
68
12
7
1
26
1
11
2
8
2
6
2
13
2
4
1
27
3
7
2
3
1
6
3
15
13
12
2
54
1
9
3
28
8
11
1
17
2
3
2
38
4
1
3
7
1
4
1
63
2
2
3
37
7
3
3
12
3
3
2
16
1
5
3
65
10
10
3
32
11
4
1
3
9
12
3
29
11
11
2
32
3
3
3
17
14
3
3
35
6
4
2
44
5
3
3
3
4
8
1
61
3
2
2
43
5
10
3
25
3
5
2
34
2
8
1
22
3
9
1
36
3
2
1
37
1
10
3
15
3
9
2
33
2
4
2
15
3
4
2
2
2
12
2
47
4
3
1
6
2
5
2
41
5
1
3
5
1
10
1
54
3
9
3
38
4
3
2
42
1
1
3
38
6
1
3
35
4
10
2
18
2
6
2
38
1
10
2
3
3
3
1
55
1
1
2
63
2
5
3
32
3
4
1
30
12
5
2
63
3
3
1
6
1
10
1
11
1
4
3
45
2
3
2
25
3
5
1
8
4
4
1
18
3
6
1
16
2
3
1
63
1
11
1
13
2
2
2
49
2
1
2
5
1
4
3
43
3
1
1
65
2
4
3
30
5
12
1
2
1
7
1
7
1
5
1
61
2
10
3
47
5
1
2
6
2
2
2
28
1
2
1
52
1
8
1
4
1
5
2
53
2
7
1
66
1
7
2
27
2
9
2
42
2
7
1
39
1
8
2
15
1
10
3
29
17
7
1
22
1
5
2
29
2
5
3
16
4
6
3
71
3
5
3
61
10
6
1
40
3
10
3
44
6
9
1
12
12
1
2
30
5
11
3
2
7
10
2
11
1
11
2
12
1
10
2
68
3
5
1
10
8
11
1
27
1
5
1
15
3
4
1
38
1
11
1
45
2
2
1
67
2
12
1
1
1
7
2
71
1
12
2
12
3
5
3
7
5
4
2
65
3
11
2
5
3
6
2
2
3
5
2
40
4
5
2
66
2
10
3
12
5
8
3
31
26
11
1
29
3
12
3
23
4
12
3
40
3
12
3
23
16
9
2
67
1
7
1
13
7
3
2
14
1
6
3
40
4
11
3
52
3
7
3
67
17
3
1
25
2
6
3
39
9
6
3
13
5
8
1
43
1
10
2
52
5
6
3
10
1
10
2
9
2
7
1
36
2
1
2
40
2
8
2
66
3
9
1
26
3
1
3
41
4
5
3
6
5
8
3
4
27
7
1
15
5
11
2
14
3
5
3
11
15
3
1
10
5
11
1
41
3
2
3
28
6
9
2
53
1
1
2
32
1
12
3
13
9
6
2
7
1
1
2
18
1
3
1
23
1
11
3
22
9
12
1
66
2
4
2
8
1
10
2
27
3
4
1
25
1
11
3
6
4
4
1
35
3
3
1
3
11
12
2
16
3
5
3
16
3
7
2
25
1
9
2
17
1
10
1
12
2
12
2
10
1
1
3
42
3
4
1
7
9
1
3
39
4
5
2
31
5
3
2
31
3
8
1
68
1
3
3
61
8
5
3
8
3
11
2
71
3
7
2
23
3
11
2
65
2
6
1
11
4
12
3
53
5
5
2
33
1
10
1
45
1
9
1
44
4
2
2
26
4
6
3
34
6
8
1
14
19
8
2
61
3
4
2
49
1
8
1
30
11
9
1
33
7
12
2
28
2
2
2
36
3
5
1
47
1
3
3
36
2
9
1
52
2
2
2
22
2
5
3
65
12
3
3
37
10
2
3
49
3
4
3
47
4
4
2
13
3
12
3
34
4
7
1
32
6
7
1
8
17
9
2
45
2
2
3
1
9
4
1
1
3
8
3
44
1
11
3
11
23
8
2
45
4
6
1
65
1
1
1
34
3
2
3
27
2
2
1
42
2
10
3
36
5
9
2
17
2
12
1
38
3
11
1
67
3
3
2
39
4
3
3
26
8
7
2
7
3
9
1
16
4
6
1
55
2
12
3
53
7
10
2
22
3
11
2
54
2
9
1
34
9
10
1
18
2
8
3
55
17
7
1
53
2
11
1
68
2
4
3
66
1
5
2
44
1
10
1
41
1
10
1
37
2
8
3
18
25
9
3
18
12
4
1
35
1
7
3
1
4
8
3
26
9
11
1
23
2
9
2
60
3
2
1
49
1
6
1
40
1
4
2
6
3
1
2
1
2
6
2
52
1
8
2
11
3
7
3
8
2
2
3
60
8
8
2
1
3
3
1
9
6
8
2
60
2
5
3
31
5
5
3
33
19
7
2
41
1
5
1
32
1
2
2
55
3
2
3
9
3
12
1
54
1
6
3
9
15
1
2
35
1
4
3
30
3
12
2
68
2
5
3
71
4
7
3
4
14
10
1
71
1
10
3
14
10
1
3
33
20
3
3
66
6
10
1
60
2
4
3
49
2
1
3
63
7
10
1
28
2
4
3
3
3
6
3
17
9
10
3
5
4
10
1
5
1
3
3
2
5
2
2
4
3
12
1
31
4
11
1
14
14
12
2
35
3
2
2
23
2
11
2
39
3
9
1
71
2
12
1
44
2
5
2
26
3
2
1
31
13
1
2
36
4
2
2
4
2
5
2
29
1
10
1
53
1
3
3
63
2
11
2
34
3
3
3
60
9
9
2
30
2
12
3
41
1
3
3
43
2
8
3
54
2
8
3
55
8
8
2
37
2
12
3
14
18
9
2
67
2
1
3
10
5
3
3
68
11
6
2
10
2
6
1
47
3
3
1
2
7
8
3
52
10
3
2
47
1
9
2
43
3
2
3
45
1
8
1
5
2
2
2
37
1
4
1
43
2
1
1
49
2
3
1
28
1
12
1
29
1
2
1
42
1
9
