2
32
4
4
3
60
23
3
2
17
1
5
2
25
2
5
1
49
1
4
3
38
2
5
2
71
2
2
3
32
3
11
2
35
2
9
1
67
1
3
1
44
3
5
2
11
2
9
2
45
3
7
2
2
3
9
2
40
1
4
2
7
1
5
2
39
4
9
2
40
4
4
2
31
5
7
1
55
2
7
3
26
6
12
1
12
3
7
1
11
8
9
2
42
4
9
2
30
5
9
1
13
9
2
3
5
5
4
3
36
13
8
2
66
2
7
1
33
4
4
1
38
3
12
1
25
2
9
2
52
4
2
1
37
2
1
2
39
2
2
1
32
2
11
1
7
11
3
3
1
7
7
3
66
6
11
2
43
1
4
1
2
5
10
3
6
1
12
3
29
1
5
1
47
1
11
1
27
2
12
2
33
1
8
2
31
4
7
1
15
3
3
1
29
2
11
1
45
1
5
2
37
2
4
2
5
2
4
3
13
7
12
3
35
4
4
1
42
1
11
2
53
2
8
1
49
2
8
1
43
1
11
3
32
1
7
1
3
6
6
1
63
1
7
1
61
1
2
1
8
13
10
1
39
4
2
3
27
6
2
2
14
2
2
3
39
9
7
3
47
3
2
3
33
5
1
3
25
4
1
2
1
3
7
3
34
11
11
2
35
3
4
3
11
25
5
3
28
16
9
1
54
1
3
3
60
7
7
1
39
3
5
1
7
9
6
2
4
3
4
2
5
3
10
3
55
9
6
1
10
2
11
1
12
8
11
3
5
3
3
1
1
2
12
1
41
1
8
2
27
3
8
1
31
16
8
1
34
8
7
3
10
16
5
1
67
3
9
1
36
1
11
1
14
9
2
3
15
16
1
2
22
1
3
3
23
6
11
2
61
3
11
3
71
4
10
1
36
3
9
1
25
1
8
1
17
2
9
1
35
4
4
2
49
1
3
2
15
1
5
3
9
24
11
2
7
2
10
2
63
1
10
3
22
12
5
1
27
3
8
3
66
3
11
1
60
1
11
3
14
25
6
3
37
12
10
3
52
6
12
1
4
6
3
1
18
7
11
2
41
4
7
1
35
1
8
3
67
12
12
1
10
1
3
1
17
6
12
2
28
2
10
3
41
4
2
1
55
1
3
3
6
2
11
3
34
8
5
3
16
3
7
1
8
14
12
2
68
1
4
1
26
1
7
1
65
1
6
3
37
4
4
3
27
13
3
1
14
10
7
3
3
6
2
1
47
2
8
2
60
4
6
3
67
17
6
2
8
3
9
3
9
15
11
2
6
1
12
1
43
2
3
3
7
3
9
2
10
2
4
2
55
3
1
2
44
4
11
3
40
6
11
2
25
1
3
2
55
2
10
3
54
2
11
1
71
3
10
2
43
4
11
1
22
3
4
3
17
13
4
3
2
1
7
1
16
6
4
3
30
7
9
2
54
1
12
3
17
12
6
3
52
5
6
3
49
7
8
3
54
1
2
1
22
2
12
1
66
1
1
2
53
3
5
2
8
2
11
1
23
2
4
3
68
4
12
2
15
3
12
2
44
2
11
3
47
1
12
2
3
1
3
2
52
3
1
3
23
9
8
3
22
9
10
1
23
3
11
2
18
3
7
3
38
12
6
2
9
2
7
1
66
2
2
1
29
3
12
2
45
2
1
2
38
2
8
1
15
2
4
1
37
1
8
3
4
2
5
2
13
1
6
2
14
1
12
2
18
2
6
3
63
6
7
2
61
1
2
1
30
6
11
1
68
2
11
1
34
3
9
3
43
4
9
3
3
9
1
3
25
9
7
1
53
2
9
3
8
17
8
3
8
3
12
3
53
1
8
1
26
2
6
1
52
3
12
2
29
3
6
1
30
20
8
3
65
10
12
3
44
5
12
2
37
4
2
3
4
26
2
3
16
1
2
1
38
1
5
1
3
3
10
1
44
2
12
2
2
1
7
2
66
1
6
2
38
5
4
1
40
1
2
3
61
6
7
3
45
1
2
3
14
6
1
1
54
2
7
2
47
1
2
2
34
2
2
1
42
2
8
2
29
1
3
1
5
2
9
3
18
9
2
3
71
2
4
1
63
2
3
2
67
1
7
2
60
3
9
3
68
15
4
1
9
14
10
1
16
5
3
1
52
2
5
3
42
3
9
3
41
1
2
3
45
4
7
1
9
9
11
3
31
11
10
2
10
1
11
2
3
3
9
2
26
1
1
2
16
2
7
1
2
7
2
3
61
9
11
1
41
2
9
1
45
2
9
3
31
2
10
3
65
5
2
1
6
2
11
1
18
11
12
2
12
3
4
2
11
3
6
2
30
3
6
3
33
3
9
3
63
12
8
1
6
1
8
1
5
1
3
2
9
1
3
3
53
5
3
2
23
1
4
3
43
8
4
1
4
3
5
2
34
1
7
1
71
2
12
1
53
1
5
2
12
2
10
3
39
2
6
2
1
1
3
1
13
1
1
3
11
1
2
2
65
2
7
2
36
2
7
2
26
2
5
2
32
2
12
2
54
2
4
2
27
1
8
3
12
5
9
3
15
11
11
3
44
1
11
3
13
5
6
2
17
3
10
3
49
3
9
1
61
3
12
1
65
2
4
2
41
1
6
3
1
4
2
2
33
2
3
3
55
16
3
1
40
2
4
3
40
2
9
2
28
3
12
2
36
3
3
2
47
3
11
3
29
5
7
3
36
12
4
2
6
3
9
1
31
1
5
3
30
2
11
3
26
8
11
2
22
3
6
3
10
12
7
3
42
2
2
1
68
3
5
3
2
9
8
3
7
2
6
2
71
3
12
2
67
2
11
1
33
2
6
3
12
6
5
1
28
3
7
3
35
2
3
2
16
1
6
2
4
2
4
2
49
3
2
1
60
2
6
1
1
3
2
3
18
6
1
1
11
2
12
2
42
2
10
1
28
2
6
1
32
7
11
2
63
3
5
2
23
2
1
2
65
3
7
3
28
15
7
2
13
2
3
2
68
3
6
