3
47
3
5
3
27
4
4
2
9
2
2
2
61
1
10
2
68
2
5
2
60
2
1
2
41
2
3
2
55
3
6
1
30
1
9
1
22
1
11
3
68
8
1
3
30
11
3
1
31
18
11
2
54
1
10
3
26
11
6
3
52
5
1
1
31
16
4
2
44
4
11
3
36
9
12
3
6
3
2
1
61
3
5
2
36
4
6
1
12
5
6
3
7
1
12
3
14
4
11
3
52
2
4
3
43
3
8
2
16
2
2
3
39
5
8
2
42
4
9
2
38
3
6
2
35
2
1
1
41
1
5
3
40
6
9
2
8
1
3
3
68
2
4
1
49
1
11
3
25
6
9
3
12
7
1
1
13
6
12
2
53
1
6
1
28
3
6
1
63
2
7
3
7
3
6
3
63
8
3
3
40
1
2
2
47
4
1
1
26
2
6
3
2
6
11
3
2
3
11
3
54
1
11
3
66
4
5
1
40
3
12
1
16
6
3
1
5
2
3
2
14
2
1
2
54
2
8
1
39
4
12
3
53
3
4
1
36
3
2
2
35
3
10
2
65
4
5
2
40
4
1
1
43
1
8
1
25
2
7
3
16
3
1
3
35
1
10
1
45
1
1
3
15
9
2
1
30
2
1
2
1
3
5
3
31
3
1
3
66
8
3
1
14
8
1
3
17
6
2
1
71
1
9
2
2
1
5
3
32
4
6
1
68
2
5
3
11
11
1
1
39
1
8
2
40
1
7
2
32
4
6
2
9
1
10
3
49
7
1
3
41
2
6
1
14
11
8
3
28
10
12
3
5
2
5
3
53
6
10
1
37
1
11
1
6
2
10
2
6
3
4
1
40
1
7
2
47
2
1
2
67
1
9
2
44
2
7
1
1
3
7
1
9
7
3
2
28
2
5
2
23
2
3
3
17
14
11
1
53
1
12
1
71
3
8
1
33
2
12
2
25
3
6
3
67
35
3
3
29
2
4
3
37
9
4
3
29
10
8
1
54
2
10
2
43
4
8
1
27
2
8
3
25
2
9
3
30
17
5
2
61
3
6
3
47
9
10
1
10
1
11
3
34
9
8
2
52
2
3
2
45
1
4
2
33
2
11
3
18
18
2
2
4
2
11
3
22
8
1
2
7
2
10
2
17
3
5
2
36
5
12
1
5
1
12
1
66
2
8
2
10
3
8
1
7
3
5
3
38
9
12
1
52
1
9
2
5
3
8
3
38
2
12
1
11
7
10
2
63
3
5
3
37
11
8
3
65
7
2
3
63
7
6
1
35
3
11
3
5
5
2
1
3
11
9
2
12
3
4
2
16
1
7
2
26
3
11
2
17
2
12
3
39
8
8
3
27
12
8
3
33
23
6
2
22
1
9
3
36
6
2
3
10
16
7
1
54
3
12
2
14
3
1
3
45
5
1
1
65
1
5
2
12
1
1
3
34
10
5
3
10
2
8
2
45
3
7
1
55
2
11
1
18
7
9
2
10
1
5
3
44
3
6
3
45
7
9
1
9
1
7
3
1
9
6
3
71
3
12
3
65
11
5
1
2
3
9
1
67
3
10
3
8
8
4
2
63
1
11
2
71
1
10
1
3
10
8
2
18
4
1
3
60
22
8
2
53
3
5
3
13
8
3
1
8
10
10
1
6
1
7
2
26
2
3
1
23
2
12
1
45
2
4
1
38
1
4
1
23
3
1
3
49
8
11
2
31
4
7
1
60
2
5
2
43
3
6
1
25
1
1
1
34
11
4
3
28
4
11
2
29
2
12
3
3
4
3
2
29
3
1
3
3
5
10
1
33
7
1
1
17
9
12
2
39
1
11
3
43
7
12
3
35
8
1
3
44
10
2
3
71
4
10
3
6
4
8
2
11
2
7
2
18
1
3
2
7
1
4
1
36
2
4
1
13
3
3
1
27
3
12
2
28
1
2
2
13
3
11
1
26
1
1
2
60
3
7
2
38
4
8
1
16
1
9
1
65
2
5
1
29
1
5
3
23
1
9
1
34
7
10
1
66
1
8
3
31
16
1
2
55
2
10
2
23
3
6
2
41
4
2
1
41
3
9
3
26
2
6
2
15
1
3
3
67
22
9
3
41
3
9
1
53
2
8
3
61
7
6
3
60
2
3
2
32
3
11
1
63
1
10
3
42
1
2
2
27
1
2
1
38
2
4
3
61
9
11
1
32
2
3
1
52
3
4
3
33
4
7
1
12
15
9
2
5
2
5
1
4
8
5
1
17
1
2
1
28
1
11
2
3
2
4
1
67
1
2
1
43
2
12
1
42
1
4
1
44
1
11
3
11
18
3
2
68
4
6
2
66
1
8
1
60
1
9
3
18
15
11
1
15
3
6
2
39
2
2
2
8
2
12
1
44
3
3
1
15
1
11
2
42
3
11
3
4
14
8
1
29
3
1
3
22
4
1
2
22
2
1
2
49
4
2
2
4
1
12
1
7
4
11
2
37
2
2
3
12
2
3
2
11
1
8
2
37
3
7
1
37
2
7
3
15
7
9
1
32
7
10
1
47
2
6
3
23
15
2
3
42
2
8
2
52
5
6
1
4
4
5
2
71
2
8
2
31
5
3
2
15
2
1
2
66
2
3
2
33
1
3
1
18
14
8
2
1
1
7
3
14
2
1
3
9
28
5
2
13
2
8
2
49
3
8
2
67
2
12
1
42
2
8
2
34
2
12
1
8
12
6
3
4
27
6
2
27
3
8
3
32
5
3
3
16
6
3
2
2
3
5
2
3
3
3
1
1
1
3
2
34
1
6
1
49
2
2
2
65
3
5
2
30
5
9
3
13
7
12
3
1
5
10
2
30
3
2
1
35
1
5
1
11
12
4
3
55
5
4
3
54
2
10
1
55
1
11
3
55
10
10
1
47
3
2
2
25
1
7
1
10
4
7
3
9
15
6
1
22
3
4
1
68
3
1
2
6
1
10
1
2
4
8
1
61
2
8
3
8
18
9
