3
27
15
1
1
40
2
5
1
12
14
7
1
18
10
9
3
26
8
12
2
65
4
9
1
60
2
2
2
43
3
6
3
53
5
1
2
6
3
6
3
35
3
11
1
22
1
7
1
26
3
2
1
37
2
1
1
25
1
8
2
4
3
9
2
18
3
9
1
14
21
3
1
44
1
2
2
66
2
5
3
2
9
3
1
2
7
8
2
53
1
12
2
30
1
5
3
7
2
2
3
29
11
6
1
33
3
9
3
61
10
6
3
32
4
6
2
11
2
3
2
29
3
8
2
31
4
11
3
11
11
4
2
36
2
3
2
38
1
7
1
5
1
6
1
9
8
8
2
60
2
10
1
66
1
3
2
43
5
7
3
23
2
11
2
71
2
10
1
10
3
6
2
61
3
12
1
38
1
11
2
42
1
11
3
68
2
12
1
31
13
11
1
28
2
8
1
1
1
8
3
39
7
4
2
13
3
5
3
42
4
3
3
7
1
6
1
42
2
2
1
71
3
4
2
39
3
4
3
3
2
10
3
16
1
3
1
52
3
11
2
68
2
6
2
17
1
8
1
49
1
11
1
39
1
3
2
61
2
1
2
52
3
4
2
28
1
6
3
44
6
7
3
67
22
7
1
52
2
1
3
25
9
3
2
44
4
11
1
39
2
11
1
67
1
1
3
9
21
4
1
29
1
4
3
37
9
3
3
17
5
10
2
3
2
4
3
41
4
7
3
53
4
4
3
14
10
1
2
32
1
6
2
36
4
6
2
68
4
11
3
43
8
2
3
45
3
6
1
29
3
8
2
2
2
12
3
15
13
5
2
67
2
10
3
49
8
3
3
33
14
1
3
16
6
2
2
49
1
3
1
12
5
8
1
61
1
5
2
42
4
7
1
36
2
5
3
55
9
10
1
54
3
6
3
41
3
7
2
28
3
2
2
66
3
3
1
67
2
8
3
13
8
2
1
65
2
3
3
5
2
7
2
23
2
8
2
41
3
6
3
26
7
11
2
45
2
9
1
34
8
11
1
60
1
1
2
5
3
9
3
38
1
8
1
7
9
7
1
26
2
10
3
68
13
11
2
38
5
12
2
10
1
2
2
40
1
3
2
31
2
4
1
3
11
6
2
16
3
2
3
44
8
12
3
60
15
2
3
1
4
12
2
22
3
3
3
25
3
3
3
71
4
10
2
63
3
3
2
25
3
6
3
36
15
10
1
15
2
9
2
12
1
2
3
5
3
10
1
6
2
3
2
34
3
4
2
5
2
9
1
33
7
8
1
13
8
6
3
47
10
5
1
17
9
6
1
27
3
5
3
10
11
7
2
52
4
11
2
45
1
8
3
63
10
4
3
38
4
1
2
26
4
7
3
31
15
9
1
44
2
9
2
13
2
5
1
35
2
1
2
44
2
10
2
9
3
10
1
11
2
5
2
55
3
9
1
17
8
3
3
9
19
8
1
27
2
5
1
53
2
10
3
33
12
1
1
32
5
5
1
3
9
12
3
27
12
12
3
22
11
7
2
27
1
2
1
37
1
4
2
54
1
6
3
54
1
3
3
61
11
8
2
35
3
3
1
5
2
5
1
42
1
10
1
9
14
11
2
15
1
6
2
14
1
4
2
71
1
9
2
47
1
5
3
15
12
4
3
42
2
10
2
35
2
10
2
6
1
11
1
10
8
6
2
16
2
12
3
30
22
9
3
18
20
11
1
40
1
12
3
12
6
7
1
16
2
8
3
66
3
3
3
52
7
3
3
14
11
12
1
7
3
1
2
37
1
1
2
1
3
6
1
43
1
10
3
66
5
9
1
13
6
5
2
33
3
7
3
49
2
7
1
1
2
11
2
14
3
1
2
4
2
8
3
4
7
6
1
14
15
2
3
60
16
2
3
34
10
1
2
37
4
11
2
63
1
5
3
28
13
5
2
7
1
4
2
9
1
1
2
2
3
6
1
54
2
2
3
36
13
9
3
22
9
2
1
4
2
3
2
15
2
7
1
31
14
12
1
6
1
1
3
6
6
5
3
39
5
6
1
65
1
3
3
31
20
5
2
40
3
8
1
63
1
12
3
54
2
12
1
41
1
11
1
2
4
7
2
22
2
5
2
1
1
3
3
67
5
12
2
30
3
3
3
13
5
9
2
49
4
1
3
6
1
7
3
17
7
1
3
23
19
1
1
68
3
12
1
8
6
11
1
71
1
5
1
41
3
3
2
67
1
12
3
52
5
5
1
28
1
9
2
34
1
11
3
3
7
5
1
16
1
4
1
30
10
7
1
49
2
5
1
55
1
2
1
47
2
10
3
11
3
8
2
25
2
11
3
18
25
5
2
65
3
11
2
7
3
8
2
39
1
5
1
63
2
5
2
3
1
12
1
11
4
12
1
61
3
12
1
15
4
11
2
55
2
7
3
30
23
7
2
29
1
10
3
8
18
3
1
66
3
11
1
35
4
4
2
12
2
7
1
45
1
2
1
25
3
12
3
35
2
12
2
8
1
10
1
36
1
1
2
60
3
4
1
45
2
8
2
41
4
1
2
53
3
7
2
26
1
12
3
2
5
4
1
4
1
1
3
45
2
4
2
8
3
8
3
55
16
3
1
18
7
10
3
65
14
7
1
47
1
11
3
32
1
4
2
10
2
2
2
47
2
1
3
10
21
4
3
40
2
11
1
43
2
5
3
63
1
10
3
47
6
4
2
17
2
1
2
18
1
4
1
8
15
2
3
43
6
9
3
34
5
2
3
8
13
8
1
22
2
4
3
65
20
7
2
54
2
10
2
23
1
8
1
23
2
3
3
28
15
8
3
12
3
2
1
23
3
9
1
68
2
3
1
34
6
7
1
53
1
3
2
32
2
9
3
40
3
7
1
32
6
3
3
71
1
10
2
33
1
8
3
4
27
4
3
29
19
3
1
55
2
5
1
30
12
4
3
1
2
3
2
27
3
10
1
38
2
12
2
11
3
3
3
37
6
6
