2
53
1
4
2
22
1
12
2
23
1
9
2
37
2
8
3
17
13
2
1
15
3
6
3
31
19
6
2
52
5
6
3
23
8
1
1
35
1
9
3
16
7
6
2
14
3
11
1
37
1
11
1
39
4
3
1
6
1
5
1
2
4
9
2
4
2
12
3
40
4
4
1
29
2
2
1
53
1
10
3
37
8
10
3
33
2
1
3
11
22
10
3
8
20
1
1
66
2
12
3
5
2
10
1
60
2
9
1
5
2
11
2
11
1
5
3
47
7
9
3
60
4
12
1
18
5
12
1
1
2
7
1
45
2
9
1
44
1
9
2
47
2
12
3
55
2
5
2
7
2
6
2
35
2
3
3
16
6
3
1
33
3
2
2
55
2
5
1
12
10
5
2
39
1
9
3
25
1
11
1
13
6
12
2
14
1
12
3
22
8
3
1
34
5
11
2
54
1
3
2
26
2
9
3
45
1
7
1
27
1
5
3
47
1
11
2
66
2
4
2
5
1
11
1
40
1
11
3
43
6
1
1
63
1
12
1
28
1
4
2
36
1
8
1
61
1
7
3
65
2
3
1
49
1
8
3
71
4
1
3
27
2
3
2
15
2
10
3
8
16
9
2
23
3
10
1
38
1
9
3
66
3
5
3
53
6
2
2
27
2
7
2
29
2
11
1
36
2
9
1
26
3
12
3
6
3
4
1
71
3
9
2
6
3
12
1
32
5
11
3
10
17
4
2
31
1
2
1
6
2
12
1
13
1
6
3
4
7
9
3
1
9
6
3
34
11
2
1
44
4
3
2
5
2
4
1
43
3
3
1
71
1
2
1
23
2
1
2
53
2
11
1
31
12
2
1
10
1
4
2
65
2
5
1
53
2
11
3
12
6
1
2
22
3
8
2
16
2
3
3
54
2
7
1
49
2
1
2
31
3
11
3
29
1
11
2
60
3
5
1
27
2
6
2
68
4
5
3
32
6
7
3
30
3
1
2
38
4
7
2
10
1
3
1
63
2
1
1
9
9
4
3
27
13
10
2
39
2
10
2
65
3
2
1
42
1
9
1
3
6
2
2
49
4
11
3
42
3
3
1
22
2
9
1
5
1
2
2
9
1
3
3
38
11
8
1
54
2
2
3
54
1
6
3
30
15
8
2
2
2
9
3
49
5
10
3
9
24
7
2
28
2
11
3
28
15
7
2
6
2
11
3
22
11
5
3
26
3
10
2
66
1
5
1
42
2
4
1
17
16
1
2
4
1
5
1
32
1
5
2
36
4
10
3
55
15
7
3
42
4
6
1
8
6
9
3
36
6
1
1
7
3
3
3
28
4
11
1
7
1
5
1
66
1
11
1
12
13
1
3
6
5
4
3
11
23
1
1
55
2
4
3
32
2
4
3
34
8
9
2
45
1
10
1
38
3
3
2
63
3
12
2
26
1
4
3
39
7
2
3
2
4
10
3
44
6
1
3
68
9
1
3
1
10
2
1
28
2
6
2
10
3
6
1
52
1
4
2
8
1
8
3
41
4
1
1
35
2
11
1
22
1
5
2
12
2
11
1
34
9
2
2
25
3
6
1
43
2
2
3
35
2
1
3
14
19
4
3
67
29
9
1
9
11
3
3
68
7
3
2
41
1
5
3
15
15
6
1
41
1
3
2
30
3
5
2
27
3
12
1
14
18
5
1
65
1
2
1
2
7
4
3
17
7
5
3
18
24
4
2
32
2
5
3
29
3
8
3
71
2
10
2
1
3
10
2
67
2
9
1
47
1
9
1
8
10
12
1
36
1
1
2
3
3
2
1
4
5
3
3
53
2
12
2
38
2
7
3
67
17
2
1
31
15
2
3
65
10
9
2
35
3
2
3
36
8
11
2
1
2
6
2
37
4
5
3
14
18
12
2
55
3
10
1
52
3
4
1
33
2
11
2
18
3
9
2
44
3
9
1
17
4
1
1
55
1
11
2
7
1
8
3
37
10
8
3
5
3
4
2
60
2
5
1
60
1
2
2
61
3
7
2
8
3
5
1
67
1
11
2
33
3
3
2
13
3
1
1
15
2
10
2
32
4
10
2
49
3
12
2
11
2
12
2
9
2
5
2
43
5
12
2
29
3
9
1
23
1
2
2
17
2
9
2
63
2
9
3
52
7
9
1
25
2
1
3
10
22
8
3
3
8
9
3
3
4
10
2
45
4
11
1
68
3
4
2
71
1
9
2
61
1
1
2
30
4
12
3
31
29
2
2
40
1
11
1
30
5
6
2
68
2
4
3
33
7
11
1
40
3
1
3
9
2
3
1
10
6
10
2
25
1
11
3
35
4
11
1
29
3
6
1
1
1
10
3
63
5
2
2
3
2
1
2
47
4
8
1
11
12
2
2
17
1
3
2
18
4
1
3
13
4
11
3
23
9
7
3
25
9
8
1
39
2
3
3
4
28
2
2
42
1
7
1
47
2
1
3
7
2
2
1
26
1
7
1
68
1
10
3
45
6
5
3
63
2
12
2
13
2
3
1
14
10
8
1
54
1
1
3
66
8
4
3
43
5
1
2
28
3
6
1
11
2
7
1
67
3
4
3
52
8
6
3
15
12
2
3
60
21
11
3
38
12
2
2
42
3
4
2
34
1
11
2
34
2
7
3
61
4
5
1
65
2
10
1
18
3
6
3
39
1
4
1
61
3
2
2
33
2
4
2
2
1
11
2
67
1
4
2
41
3
11
1
4
3
3
3
2
1
10
1
41
2
6
3
7
3
7
2
15
3
5
3
13
2
12
1
25
3
2
1
37
2
5
1
16
3
11
2
71
2
8
2
12
1
8
1
16
7
6
3
12
7
3
1
45
1
6
3
40
6
3
2
52
6
12
2
44
1
2
3
44
2
2
1
3
7
4
2
54
2
5
2
43
1
9
3
49
2
5
2
16
1
10
3
18
10
10
3
41
1
12
3
26
6
3
3
61
10
9
2
40
4
12
1
30
10
2
