3
32
12
10
2
14
1
6
1
27
3
9
2
31
1
1
2
42
3
10
1
23
3
11
2
29
3
7
3
10
10
8
1
39
4
9
1
22
1
3
3
68
3
1
1
15
5
6
2
15
3
6
2
30
5
2
2
8
1
6
2
61
1
9
3
41
1
11
2
34
3
6
2
30
4
12
1
1
1
1
3
63
5
5
2
28
2
7
1
30
15
10
2
38
1
7
3
6
2
4
1
15
1
12
1
37
1
5
3
15
14
8
2
17
2
10
3
26
9
12
2
40
2
9
2
65
2
8
2
60
4
5
2
63
2
12
3
7
5
1
2
27
1
11
2
49
2
3
2
16
3
8
1
44
4
11
2
42
2
9
1
43
1
2
3
27
7
8
2
32
4
12
3
36
4
9
2
7
1
6
1
18
1
4
2
47
3
1
2
3
2
11
3
22
8
3
2
10
3
10
2
55
3
5
3
47
9
4
2
71
3
5
3
13
4
4
3
65
2
4
3
47
6
12
1
47
1
5
1
65
2
11
1
34
6
2
2
41
1
8
1
4
1
8
1
17
14
7
2
68
3
4
1
45
2
11
1
1
3
8
1
11
12
1
2
6
3
7
1
66
3
3
1
4
7
4
2
37
4
7
2
63
3
12
2
36
4
6
2
66
2
11
3
33
3
9
2
6
2
10
1
10
7
11
1
61
1
5
1
71
1
7
2
26
3
10
3
9
7
10
3
18
18
2
3
67
4
6
2
4
1
4
1
40
1
11
3
30
6
10
2
29
2
3
2
33
1
9
3
33
5
12
2
53
1
6
2
33
3
3
3
63
7
4
3
3
5
1
2
45
3
9
2
12
2
6
3
42
2
8
1
42
2
10
3
28
12
3
1
29
2
10
2
7
2
11
1
36
1
11
3
23
11
1
3
39
10
9
3
2
11
1
2
40
3
3
2
9
2
9
2
67
1
3
1
23
1
4
1
54
3
4
2
25
1
4
1
38
3
9
2
2
3
6
3
38
1
1
3
22
10
8
1
30
18
5
3
1
8
11
2
55
1
10
2
22
1
4
2
12
3
2
3
41
2
2
2
17
3
8
2
18
1
12
1
71
3
2
2
11
2
4
1
63
1
4
3
17
17
10
3
60
26
11
2
23
2
4
1
42
1
7
2
36
5
8
3
12
4
9
3
71
1
6
1
54
1
5
3
43
7
1
1
63
2
6
2
67
2
2
3
25
1
8
1
31
7
7
2
9
3
6
3
54
2
7
3
45
4
9
1
6
1
9
1
35
1
4
2
45
2
3
1
2
5
8
1
26
3
9
3
42
4
7
3
37
12
10
1
8
16
9
2
22
2
6
2
35
2
1
1
35
3
11
3
52
17
12
3
49
8
6
1
3
8
10
2
44
3
9
1
47
3
11
1
34
1
10
2
39
4
9
3
8
1
11
1
22
3
9
1
38
1
5
3
17
10
3
3
43
4
9
2
53
2
7
1
12
7
3
2
39
2
11
1
12
3
7
3
6
4
12
3
12
2
6
1
18
2
8
1
16
1
2
2
34
1
5
1
13
7
8
1
52
1
8
3
7
3
7
3
18
24
4
1
5
2
9
2
18
2
1
3
35
6
1
1
37
2
12
1
67
1
11
3
29
4
7
1
52
3
1
2
5
2
7
1
25
2
9
1
17
7
10
3
34
2
10
1
43
3
8
1
11
1
2
1
55
2
2
3
3
3
5
2
13
3
5
2
54
2
12
1
16
3
3
2
3
1
12
1
27
1
10
2
27
3
5
3
54
1
7
1
26
2
9
3
61
11
2
2
4
3
11
3
49
5
2
1
29
1
2
3
30
14
2
3
38
12
8
2
43
2
2
2
26
1
8
3
44
8
3
3
16
3
12
3
60
9
7
2
16
2
10
3
55
1
7
3
1
6
8
3
16
4
3
1
66
1
9
1
60
1
6
2
28
1
7
3
11
10
11
2
43
3
1
1
2
4
3
1
8
10
4
1
5
1
6
3
11
3
4
3
4
12
12
3
27
8
2
1
44
2
12
1
28
3
11
1
39
3
6
3
40
1
7
2
71
1
6
2
52
3
5
3
25
9
3
3
34
3
4
1
65
1
6
3
4
18
12
3
53
7
1
1
49
1
7
2
47
1
11
3
13
9
1
2
35
1
12
2
49
3
10
2
52
1
9
3
61
8
8
2
44
4
9
1
32
1
7
2
37
3
1
3
2
7
10
3
31
13
6
1
68
3
5
2
25
3
10
3
52
8
6
3
31
20
6
3
9
3
12
2
13
2
2
2
1
2
9
3
44
7
5
3
8
10
6
1
67
2
5
3
32
9
2
2
68
4
4
1
31
4
1
1
9
6
3
2
11
1
2
3
14
7
7
1
10
6
10
3
5
3
8
1
14
3
4
1
41
1
4
2
31
5
9
1
3
1
12
3
5
1
5
2
14
3
2
1
40
2
12
3
68
7
2
2
2
2
6
3
37
4
2
3
40
5
12
1
61
2
12
3
53
6
1
1
53
1
5
1
32
2
12
2
23
1
8
1
49
2
12
1
60
2
7
1
13
5
3
3
71
4
10
1
33
8
11
2
5
3
5
1
14
5
11
3
23
5
3
3
66
5
3
1
7
9
11
1
55
1
12
2
61
2
7
2
66
3
4
1
36
3
2
1
41
3
11
3
35
4
6
3
28
2
9
2
60
1
2
2
38
5
8
2
41
5
6
1
9
13
1
1
53
2
9
1
25
3
12
3
66
1
11
3
14
21
10
1
33
4
11
2
65
4
12
1
7
3
1
2
1
1
10
2
32
2
10
3
45
1
8
3
15
2
7
1
6
2
7
1
45
1
8
3
65
21
6
1
68
2
1
3
55
7
5
2
54
1
1
3
39
3
5
3
36
8
11
3
67
25
5
2
15
1
9
2
10
2
5
3
10
17
9
3
26
11
1
1
28
1
11
2
8
2
2
3
29
12
12
