2
42
1
7
2
65
1
2
1
66
1
9
3
43
5
2
2
45
2
9
1
61
3
5
1
10
4
10
3
22
4
8
2
63
3
2
2
32
3
8
1
22
3
6
3
5
4
5
2
39
2
1
1
61
2
7
1
31
18
3
2
68
4
1
2
25
2
8
2
53
2
2
1
55
2
5
1
67
2
3
2
41
3
7
1
22
2
10
1
37
1
3
3
41
2
6
2
60
3
1
3
43
6
8
2
30
5
11
1
7
11
10
1
67
3
5
2
22
3
4
2
17
3
2
3
35
3
7
1
13
2
7
2
36
3
2
1
37
2
11
1
13
9
5
2
29
1
5
2
27
1
2
3
42
3
3
1
6
2
4
2
16
3
3
3
63
7
6
3
15
4
4
2
12
3
7
3
68
11
6
1
38
3
12
1
71
2
8
2
1
2
11
3
12
1
1
1
29
2
3
3
63
4
11
3
6
4
8
2
52
4
10
3
13
3
7
1
27
1
12
3
32
8
4
3
52
8
5
1
40
3
2
1
25
3
11
1
30
5
6
1
1
3
10
1
44
1
10
1
35
3
6
1
47
1
7
2
11
2
8
3
28
16
6
3
42
1
8
3
14
10
8
2
6
3
6
1
42
1
5
2
9
2
7
1
42
2
10
2
34
2
1
1
45
2
4
3
12
6
2
2
40
1
2
2
31
5
1
2
44
3
11
1
14
2
3
3
23
17
6
2
12
2
11
2
36
4
8
3
1
1
4
3
26
4
12
2
66
3
1
1
2
4
8
3
55
7
9
1
65
2
4
1
60
2
3
1
10
1
11
1
68
3
1
3
30
27
5
2
23
1
6
1
23
1
7
2
27
2
11
1
8
3
5
1
49
2
4
2
13
1
4
1
28
3
8
3
2
6
1
1
32
2
8
3
18
11
5
3
16
6
2
3
71
2
12
3
53
2
10
2
2
1
9
2
22
2
12
3
5
2
8
2
41
1
11
1
36
2
5
2
49
1
11
3
54
1
9
1
14
18
5
2
55
2
2
2
2
3
12
1
29
1
12
2
15
1
10
3
15
8
9
1
41
2
8
1
63
2
3
1
52
2
10
1
39
2
10
2
10
3
12
2
52
2
11
3
39
1
2
2
37
3
1
2
11
3
4
2
14
1
5
2
8
2
4
3
49
2
1
3
66
8
10
3
52
17
3
3
1
7
12
3
38
12
9
2
29
3
7
1
66
2
1
2
67
1
9
2
8
3
2
3
65
6
11
2
10
1
10
3
49
5
10
2
26
2
2
1
44
3
5
3
55
4
1
3
32
5
6
2
4
3
8
3
34
7
5
1
11
2
9
3
28
10
4
1
32
7
11
3
40
4
1
1
23
3
4
1
16
5
11
2
61
1
6
3
3
3
12
2
18
2
9
2
49
3
11
2
65
4
5
1
43
2
9
2
15
3
8
2
42
2
12
2
38
2
9
3
38
3
12
3
67
3
12
1
33
8
9
1
71
1
12
2
71
1
9
2
4
2
10
2
68
2
11
1
43
1
6
3
10
11
8
2
28
1
4
2
40
3
11
1
45
1
8
3
3
5
2
1
54
1
5
3
44
7
5
1
18
2
5
3
17
7
1
1
7
3
11
2
38
5
9
3
39
3
8
3
37
2
1
3
60
7
8
1
25
1
5
2
3
3
12
1
52
1
12
1
33
6
2
2
45
1
3
2
14
2
7
3
44
3
5
1
2
7
1
2
66
2
2
1
4
4
5
3
18
5
10
3
16
2
9
2
47
2
9
1
17
10
7
3
61
10
7
3
47
9
1
3
6
5
4
3
29
4
6
1
9
9
5
3
23
6
11
3
34
8
5
2
28
2
10
1
4
5
6
2
67
2
10
2
23
2
3
2
54
1
2
2
53
3
10
3
47
10
10
3
27
11
5
2
35
1
12
2
31
4
9
2
9
3
2
1
38
2
6
3
71
3
12
2
63
1
12
2
43
1
3
1
53
2
8
2
39
1
4
2
5
2
11
3
25
3
5
2
13
3
2
2
43
4
5
1
15
4
4
1
6
1
5
1
9
11
3
2
26
4
12
3
22
9
11
3
68
9
7
1
47
2
12
1
63
1
9
1
8
5
2
1
17
2
1
2
1
1
8
3
8
15
6
1
1
2
10
1
15
3
5
3
66
1
1
3
61
2
10
2
7
2
5
1
36
3
7
3
17
14
1
2
54
2
9
3
31
1
1
2
18
3
7
2
55
3
3
3
8
6
5
3
36
5
9
1
55
1
4
3
37
11
11
1
26
3
11
2
47
1
1
1
5
2
3
2
30
2
8
1
35
1
2
2
6
1
1
3
11
21
7
2
71
2
1
2
16
2
7
3
33
8
1
3
45
3
1
3
65
4
12
3
35
6
6
3
36
13
10
1
53
1
2
2
25
1
1
1
18
9
10
3
10
10
3
1
16
6
2
3
33
16
2
1
41
3
10
3
4
16
11
1
40
1
1
2
33
1
5
1
34
8
3
1
11
6
11
3
2
12
3
1
65
1
9
2
35
2
2
3
67
5
2
3
14
5
1
3
41
3
2
2
34
3
9
1
3
4
12
3
9
29
8
3
4
3
6
3
30
26
5
2
44
1
11
3
7
3
3
2
60
1
3
3
53
1
2
3
40
5
6
2
33
3
4
3
27
12
6
1
5
1
10
1
49
1
6
1
68
2
2
1
54
3
11
1
31
3
6
1
34
1
12
3
11
19
11
2
32
4
12
2
7
1
7
1
28
2
7
3
9
4
2
3
29
11
8
1
26
1
2
3
7
1
3
3
31
22
4
3
13
7
11
3
60
28
2
3
45
6
12
2
5
1
2
2
17
2
1
1
12
9
7
1
3
5
6
3
26
9
11
3
25
4
2
2
37
4
8
1
39
3
2
1
27
3
8
3
54
2
6
1
12
7
3
2
61
2
5
1
60
1
2
1
30
18
4
2
3
2
9
