2
63
1
2
2
38
3
11
3
43
1
3
2
14
2
1
2
10
1
9
2
25
2
8
1
29
1
9
3
14
2
11
1
60
1
8
2
53
3
11
1
6
2
1
3
52
10
2
2
54
1
3
2
2
3
11
1
9
8
10
3
54
2
9
3
27
8
3
1
36
3
6
2
6
2
2
2
14
3
1
1
45
2
6
1
13
4
11
3
33
20
1
3
43
5
7
1
47
1
8
1
32
1
2
1
31
7
5
1
1
2
3
2
38
2
3
1
22
2
7
3
45
1
1
3
47
8
7
3
17
4
12
1
34
11
3
3
16
3
2
3
67
12
7
1
44
3
3
1
33
8
12
2
30
1
2
1
68
1
2
2
36
4
5
1
4
1
4
1
47
3
10
1
8
7
10
3
54
1
3
2
39
4
7
1
35
3
10
2
35
3
10
1
1
3
12
1
18
6
6
3
63
2
7
3
10
13
10
3
41
4
4
2
23
2
8
1
49
2
4
1
41
2
5
3
32
1
6
2
60
2
7
3
37
9
8
3
6
3
6
1
33
1
6
1
5
2
11
2
60
4
10
1
14
10
9
1
45
1
6
1
60
2
9
3
16
7
2
2
65
4
11
3
34
8
6
1
40
2
8
1
10
1
5
3
18
12
5
2
17
2
11
3
8
10
12
2
30
2
7
2
71
1
5
1
30
18
6
2
31
4
7
1
37
2
10
3
9
4
9
1
66
3
8
1
15
5
8
2
42
3
9
2
26
4
2
3
25
5
5
2
40
1
10
3
11
12
3
1
52
1
12
1
67
1
10
1
2
6
3
1
28
1
4
2
55
2
7
1
36
1
12
2
9
3
11
1
2
5
5
2
23
1
2
3
52
15
11
3
29
14
3
3
1
2
7
1
49
1
5
3
5
4
1
3
13
8
6
2
25
1
12
1
13
6
12
3
33
11
5
3
71
4
1
3
42
4
8
3
7
4
3
3
12
1
8
2
66
3
5
3
32
5
5
1
26
2
8
2
2
2
1
3
15
9
11
2
67
1
4
2
68
4
7
3
2
9
4
3
2
3
7
3
65
17
4
2
6
3
6
2
49
2
12
3
25
6
7
2
52
6
11
3
29
15
9
3
14
11
3
1
55
1
3
2
33
2
5
3
40
3
8
2
65
3
7
3
8
2
1
1
29
3
5
3
42
2
5
3
39
4
8
2
47
4
6
1
8
2
9
2
18
2
4
3
66
6
12
2
8
1
6
2
53
1
5
3
49
8
1
1
42
1
5
3
66
7
5
3
23
11
1
2
61
3
3
2
52
2
1
3
53
2
9
3
26
7
3
2
7
3
4
1
30
2
7
2
7
2
11
3
10
6
7
3
60
3
8
1
18
10
2
1
7
11
6
1
67
3
5
2
8
3
2
2
36
3
6
3
41
1
12
2
5
2
9
2
33
1
12
3
22
1
4
1
38
2
10
1
32
6
8
3
36
13
2
1
10
5
8
2
16
3
5
1
40
1
9
1
9
9
3
1
34
1
2
3
71
1
10
2
13
1
2
1
66
1
12
3
44
2
3
3
67
13
10
2
10
2
5
1
12
14
9
3
28
14
6
2
34
2
8
3
37
10
10
3
34
1
5
2
55
1
11
2
12
1
9
2
11
2
3
2
4
1
4
1
25
1
2
1
17
16
6
3
9
18
8
3
61
1
10
2
45
2
12
2
3
2
1
2
27
3
12
2
37
1
3
2
26
3
12
2
41
5
4
2
43
4
9
2
1
2
5
2
15
1
3
2
3
1
3
1
68
2
2
1
63
2
12
3
68
11
9
3
68
3
5
2
44
3
3
3
28
10
9
2
12
2
1
2
41
1
3
1
12
5
11
1
65
2
5
2
43
2
6
1
27
3
3
2
54
2
9
2
66
1
11
3
11
18
4
1
6
1
1
3
3
2
3
2
71
3
11
1
22
3
3
1
71
1
5
3
47
6
9
1
44
4
1
1
53
2
3
3
4
15
10
3
4
3
9
2
18
1
9
3
30
5
4
2
13
3
5
3
35
2
7
3
13
6
6
3
5
1
1
3
17
8
11
3
3
8
3
2
32
2
7
3
39
1
8
1
3
1
7
1
61
1
2
3
15
12
10
1
39
1
10
1
17
9
1
2
68
1
4
3
55
7
6
3
55
14
12
1
39
4
3
2
15
2
8
2
27
2
2
1
16
2
8
2
29
2
7
2
35
1
2
3
1
6
7
1
28
3
4
2
39
2
9
2
22
2
3
2
40
3
3
1
14
19
3
1
37
1
9
1
4
5
1
1
41
1
10
2
32
1
8
1
53
1
8
3
35
7
7
1
42
2
8
1
43
2
12
3
53
4
3
1
71
3
12
2
49
1
8
1
61
3
8
2
4
3
5
2
44
5
9
3
60
2
2
3
12
6
12
1
54
3
8
1
26
1
12
1
5
1
12
1
54
1
7
2
16
1
10
3
26
12
7
3
30
22
11
1
15
4
10
3
45
7
5
3
49
5
10
3
31
28
4
2
67
2
9
3
31
27
6
2
31
5
6
3
40
2
10
3
38
7
3
3
38
9
4
1
52
3
4
1
16
3
5
1
11
9
4
3
18
13
10
1
31
17
8
1
23
3
4
1
7
8
5
2
45
1
9
2
28
2
10
2
22
3
8
3
23
8
9
2
17
3
4
1
23
2
6
1
11
2
5
3
27
7
6
2
1
1
12
2
9
2
1
1
55
2
3
2
63
2
2
3
61
11
10
3
6
6
1
3
7
5
1
2
28
1
3
3
63
3
6
2
29
3
12
1
65
1
12
1
25
3
12
1
27
1
8
1
35
1
3
3
36
12
1
3
44
8
4
1
3
2
2
3
65
1
10
2
34
1
4
3
22
2
1
2
47
3
2
2
11
3
3
2
61
1
1
2
5
3
4
2
42
4
8
1
43
1
9
1
63
1
9
1
38
3
6
2
37
4
2
