1
5
1
2
1
33
5
11
2
25
3
5
2
35
3
5
2
17
1
9
3
60
22
2
2
15
1
1
1
1
3
5
1
39
2
5
3
45
3
4
3
6
4
2
1
66
1
6
2
14
3
11
3
40
3
2
1
55
2
5
1
18
1
5
1
40
1
11
2
61
3
10
3
38
9
9
1
52
3
5
1
11
1
11
1
22
2
5
2
43
3
12
3
65
8
9
1
66
2
12
3
66
6
6
1
10
7
8
3
55
14
2
1
8
11
1
2
53
3
7
3
13
1
5
2
44
2
2
2
55
1
10
1
3
6
7
3
53
7
8
3
5
5
3
2
2
2
1
1
61
2
10
3
37
7
9
2
52
3
5
2
4
1
5
2
26
3
5
3
37
6
4
1
6
2
8
2
66
3
9
3
28
15
10
3
47
7
5
3
31
7
9
1
65
1
10
3
2
2
9
1
54
3
7
2
8
2
11
3
41
3
7
3
18
6
10
3
33
11
8
2
14
1
2
3
63
12
12
1
49
1
2
1
26
1
8
3
39
3
1
2
63
3
3
3
32
5
7
1
41
1
12
3
35
7
12
1
55
1
11
2
1
3
8
2
5
1
4
3
22
8
7
2
53
1
2
3
25
3
11
1
45
1
5
2
7
2
9
2
10
2
10
3
27
9
9
1
60
2
3
1
33
1
8
3
16
2
3
3
28
12
3
3
30
28
3
2
13
1
2
2
13
2
1
3
3
4
11
2
67
1
6
2
43
1
3
1
47
1
5
2
60
3
6
1
8
13
10
2
37
2
7
1
52
1
3
3
41
4
3
1
3
4
1
2
22
3
6
1
43
3
12
2
66
2
4
3
39
6
1
2
55
2
2
1
1
1
8
2
42
3
7
2
34
2
5
3
30
26
3
3
15
9
1
2
61
2
8
1
30
13
9
2
22
1
1
1
42
2
11
2
18
3
9
3
54
1
6
1
27
2
10
3
11
2
12
1
23
3
1
1
28
2
8
3
12
1
12
1
49
2
3
1
2
2
7
3
4
26
4
2
17
3
9
2
31
5
5
1
6
1
2
3
14
13
11
2
18
2
8
1
36
1
1
2
10
3
5
2
32
3
1
2
45
2
3
3
31
10
12
2
7
3
10
3
17
12
9
2
4
3
7
2
37
4
10
1
53
1
9
3
15
1
10
1
29
1
10
2
49
1
1
2
65
4
11
2
23
3
7
2
32
4
11
1
31
14
1
3
14
12
12
2
54
2
8
2
67
2
1
3
68
10
5
1
26
3
6
1
68
1
1
3
54
2
1
3
71
3
4
3
36
3
8
3
23
6
7
3
25
8
5
1
9
3
5
2
16
1
11
2
63
2
4
2
44
4
8
1
61
1
9
1
65
2
11
2
40
4
2
2
41
4
9
2
27
2
2
2
47
3
10
3
42
2
9
1
71
1
12
1
63
2
5
3
52
16
5
1
13
6
4
3
43
4
11
3
16
6
5
3
4
7
11
3
11
4
4
2
29
3
12
2
52
5
6
1
14
6
2
1
25
3
11
1
4
6
1
3
1
7
1
2
33
3
3
3
40
6
9
3
44
2
4
1
16
5
11
2
33
1
5
1
54
1
10
1
39
1
1
2
30
2
11
1
17
13
8
2
42
4
1
1
13
9
12
2
34
3
5
2
23
1
8
3
68
14
1
3
53
8
7
2
36
1
12
3
36
9
10
3
5
4
10
2
35
1
11
3
23
2
4
1
31
18
7
1
7
5
7
2
28
3
10
1
44
2
5
3
55
7
11
1
37
1
3
2
3
2
2
1
16
2
8
3
8
19
11
1
43
1
3
1
27
3
12
1
41
2
12
1
36
2
1
1
45
2
1
2
12
1
12
3
66
5
5
3
47
6
4
1
32
3
5
1
67
3
2
2
31
4
7
2
16
2
3
2
28
1
3
3
7
2
7
2
71
3
10
1
30
9
3
1
9
13
5
3
49
4
1
1
42
1
8
3
49
3
11
2
30
5
8
1
34
6
9
1
12
5
3
1
32
2
4
2
47
4
12
1
38
2
1
1
5
2
3
3
61
11
2
2
15
3
5
2
39
1
12
1
2
1
3
3
38
4
2
1
7
8
3
3
8
2
4
3
7
1
1
2
12
2
3
3
60
27
11
3
9
14
7
2
68
4
7
1
23
2
7
3
26
6
8
3
29
12
6
2
36
3
1
1
37
2
1
3
13
6
3
2
71
2
11
1
10
2
1
3
22
5
11
1
44
1
11
3
10
14
5
3
61
8
2
3
27
13
1
2
5
3
11
1
35
2
7
2
45
3
3
3
32
9
3
2
41
5
5
3
63
10
8
2
3
1
11
2
26
4
2
2
54
1
5
1
12
10
11
1
67
1
6
1
29
3
3
1
60
1
4
2
9
2
6
2
11
3
7
3
42
1
8
2
1
2
7
2
2
3
2
3
44
9
1
1
68
3
6
1
47
2
11
1
28
1
12
3
65
17
4
2
65
3
11
1
15
1
6
3
67
1
7
3
52
10
4
1
63
1
7
3
18
11
3
2
38
3
10
3
26
12
5
3
71
4
4
1
17
16
3
3
12
6
9
1
25
1
6
2
39
2
5
3
67
22
8
1
38
1
12
2
9
1
4
1
34
7
9
2
29
1
1
2
25
1
9
3
34
11
12
1
14
1
4
2
40
1
6
3
2
6
4
1
53
2
2
3
35
8
7
3
1
8
4
3
34
1
1
2
27
1
6
1
35
1
3
3
45
1
3
3
17
2
7
1
18
13
6
2
8
1
9
1
11
3
1
1
22
1
3
1
40
2
5
1
71
3
5
2
6
3
8
3
33
9
8
3
6
3
7
2
11
1
4
2
6
1
11
3
3
5
5
2
49
4
5
1
4
5
7
3
9
2
6
2
68
2
11
3
43
7
5
2
60
4
10
3
10
25
1
3
29
3
2
1
15
4
3
2
38
4
9
