1
55
2
10
2
71
3
6
2
4
3
5
2
25
1
6
3
61
3
4
2
1
3
9
3
22
2
10
2
45
1
4
1
43
2
4
3
11
19
7
3
63
7
1
1
8
7
6
3
30
3
5
2
5
2
2
2
68
3
12
1
42
1
1
2
44
3
10
3
31
28
3
2
12
3
4
1
10
6
4
1
34
7
3
3
12
3
4
1
10
3
5
3
10
7
4
3
5
4
10
3
4
11
9
2
31
5
2
1
5
1
6
3
53
1
3
2
26
3
3
1
2
2
3
1
71
1
8
2
43
3
7
2
22
1
10
1
31
9
4
3
2
9
2
3
8
17
11
2
71
1
3
1
68
2
2
3
39
3
6
2
68
4
4
2
42
4
7
2
37
3
9
1
53
2
6
1
44
3
9
3
14
2
12
1
2
6
5
1
15
4
11
3
23
18
7
2
7
2
11
3
42
1
12
1
22
2
12
2
29
3
8
1
36
3
11
3
30
17
12
1
32
2
3
3
22
12
3
2
14
1
8
1
66
1
2
2
54
1
5
2
28
1
4
1
60
2
6
3
3
9
5
3
4
9
2
3
67
19
8
2
43
4
7
2
44
2
12
1
47
1
12
1
65
2
2
1
40
3
6
1
25
1
10
2
41
1
1
1
7
6
12
3
39
9
5
1
52
1
11
1
12
4
7
2
34
3
7
2
67
2
8
3
6
6
2
2
38
5
4
3
71
3
2
3
25
2
11
3
32
9
10
1
71
3
9
3
17
9
4
3
43
6
8
1
26
2
10
3
6
1
11
1
38
2
10
1
54
1
10
2
60
1
7
3
68
8
1
2
36
2
3
3
67
18
7
3
14
1
10
2
17
2
3
2
13
2
9
1
29
1
1
3
7
5
5
3
38
6
2
3
66
3
2
3
42
4
6
1
12
8
8
2
2
3
4
3
9
1
9
3
52
13
6
3
47
8
12
3
18
20
2
2
3
3
9
3
34
7
9
3
53
5
10
2
55
3
4
1
43
1
2
2
2
2
1
1
1
2
1
1
27
2
8
3
23
12
1
1
14
4
12
2
63
1
12
2
18
3
6
2
65
2
3
2
7
1
5
3
5
1
8
1
29
3
5
1
15
3
2
1
34
9
8
2
31
2
1
3
66
9
4
1
26
3
7
2
33
1
4
2
9
3
1
2
35
3
4
2
32
2
1
1
35
1
4
2
27
1
5
1
23
3
7
3
13
6
2
1
60
1
12
3
31
10
6
3
36
2
8
1
16
5
6
2
49
3
9
1
9
14
6
1
33
1
8
1
4
7
9
1
5
2
7
3
33
11
4
3
29
11
12
1
30
17
2
3
16
6
11
3
68
5
8
1
67
1
3
2
27
3
8
2
41
2
7
3
15
4
7
1
65
1
10
3
27
6
10
1
42
2
7
2
10
3
11
1
11
7
6
2
61
3
5
3
28
11
2
1
54
3
8
2
11
2
7
3
49
6
10
3
18
25
1
1
14
6
10
2
66
3
9
3
1
6
6
1
49
1
2
2
42
1
9
1
67
3
9
3
37
10
12
2
1
2
10
1
41
3
8
3
29
19
12
2
47
3
5
1
1
3
6
1
13
2
3
3
34
1
3
1
7
8
1
3
33
16
9
2
49
1
8
2
11
1
1
3
36
12
2
3
7
4
2
3
54
1
8
1
52
2
2
1
53
1
4
1
4
6
7
2
10
1
8
3
13
4
9
3
37
4
6
1
68
1
5
1
47
3
6
1
31
13
8
2
37
4
11
2
52
5
11
1
33
4
6
3
44
1
7
1
32
1
3
1
37
1
11
3
11
18
7
1
11
4
3
2
8
3
3
1
44
1
5
2
36
5
8
1
55
1
11
2
30
2
5
3
49
1
6
1
63
1
7
2
23
3
4
2
6
2
5
1
63
2
5
2
67
1
7
2
5
3
1
2
55
1
6
2
53
2
5
3
55
7
2
1
39
2
2
3
60
14
6
2
22
3
7
2
63
3
2
2
28
3
6
1
13
4
1
3
40
1
3
3
41
2
10
3
35
7
8
2
30
1
9
2
4
1
3
2
15
1
1
3
26
10
9
2
61
2
2
2
9
1
4
2
25
2
1
3
45
1
1
2
35
1
8
1
49
2
10
3
17
17
3
3
38
1
7
3
65
17
8
2
6
1
5
1
38
1
7
2
40
4
3
1
35
3
4
3
15
7
10
1
37
2
11
1
45
2
8
1
23
1
12
3
40
6
6
1
61
2
10
1
8
15
10
3
27
8
4
2
12
2
7
2
14
2
7
2
39
1
5
2
16
2
8
3
41
3
6
2
60
2
11
1
66
3
1
2
39
3
9
1
41
1
9
2
13
1
12
3
47
6
11
3
35
1
8
1
45
1
10
3
61
4
5
2
8
2
3
3
8
3
2
3
28
7
4
2
17
3
1
3
9
29
6
3
1
5
12
2
16
3
7
1
28
2
10
3
65
7
7
2
65
3
9
3
25
6
7
1
25
2
12
3
32
4
6
1
17
12
10
2
34
2
9
3
16
3
9
3
63
3
4
3
43
7
6
3
12
2
9
2
18
1
6
3
3
5
8
1
27
1
9
1
18
3
5
2
26
2
2
2
3
2
3
1
3
9
11
3
55
3
6
1
30
5
9
2
32
1
6
2
40
3
4
1
17
3
5
1
28
3
10
1
40
2
5
3
26
12
1
3
45
3
12
3
44
3
1
3
71
2
6
1
39
4
12
2
66
2
7
1
9
3
10
1
36
2
7
2
33
2
5
2
23
2
5
1
3
2
9
1
16
7
7
3
2
2
12
2
29
1
3
2
15
2
12
3
60
4
5
2
54
2
1
2
38
4
10
2
53
1
10
2
47
4
11
2
52
6
10
2
45
4
4
1
61
1
11
3
52
14
5
1
6
2
10
3
10
10
9
1
22
1
5
1
6
1
10
1
18
10
7
3
54
2
6
