1
41
2
11
1
38
1
12
3
65
21
7
1
35
2
10
1
31
3
5
1
36
1
5
2
30
2
12
1
9
13
6
3
17
11
9
3
67
19
6
1
55
1
6
3
1
10
8
3
66
8
4
1
49
1
10
3
6
3
1
2
7
3
8
2
16
1
7
1
49
2
3
1
39
2
11
2
14
3
9
3
8
13
10
3
49
4
10
2
45
1
6
1
44
1
11
3
45
5
10
3
66
7
1
1
1
2
7
1
66
2
2
3
3
6
4
1
11
7
4
3
2
2
11
1
30
8
9
2
4
2
12
3
38
1
4
2
47
4
9
1
15
5
9
3
29
14
12
3
14
6
6
2
23
1
11
2
31
5
1
3
71
2
2
3
17
4
12
3
37
1
2
2
54
1
11
1
4
5
2
2
60
1
6
2
47
1
6
3
42
1
4
1
1
3
8
2
25
3
5
3
11
15
1
1
15
1
3
2
22
2
9
2
5
1
7
1
45
2
11
1
45
1
7
2
61
3
11
1
71
2
5
2
54
2
8
2
4
3
10
2
40
2
1
3
7
1
1
2
13
2
1
1
11
3
10
2
23
3
1
3
15
12
9
2
25
2
10
1
32
7
7
2
11
1
9
1
3
3
5
1
6
1
2
3
43
2
10
3
12
2
5
2
18
4
5
2
67
1
2
3
1
9
8
3
34
10
2
2
29
3
6
2
38
1
3
3
49
6
9
1
13
8
5
3
2
9
2
3
65
15
9
1
63
1
8
2
34
1
11
1
60
1
8
1
52
3
2
3
41
1
11
1
9
6
3
3
68
14
4
1
66
3
11
3
40
2
4
3
26
11
7
1
25
2
12
2
39
4
8
2
52
5
9
1
18
6
6
2
55
1
5
2
10
3
6
2
44
5
9
3
36
15
2
2
31
4
7
1
34
7
11
3
61
1
8
2
66
3
4
3
54
2
2
1
32
2
12
1
43
3
8
1
6
2
7
3
33
6
5
1
68
2
7
3
10
2
9
2
49
4
5
3
60
16
2
1
3
9
12
3
53
6
11
3
39
8
9
2
6
3
3
2
52
6
4
2
68
2
10
2
1
1
7
1
10
7
3
3
4
7
10
3
54
1
8
3
63
13
8
2
16
2
3
2
71
1
8
3
15
14
1
3
29
15
12
2
12
3
7
2
53
1
11
1
47
2
2
2
17
2
8
2
35
3
3
3
27
12
3
3
28
5
2
3
25
8
1
1
7
6
5
3
4
23
10
1
35
3
9
1
42
1
2
3
30
15
7
1
34
2
4
1
29
3
10
2
32
3
7
2
36
5
8
1
41
3
5
3
37
5
7
2
61
2
2
1
28
1
5
1
17
15
3
2
42
1
2
3
44
3
1
1
54
3
5
2
8
2
10
1
12
16
8
3
55
7
8
2
22
1
7
2
39
1
12
1
14
17
3
2
65
2
4
3
22
3
7
3
14
2
4
2
67
2
3
2
45
4
8
2
38
5
7
3
41
4
4
3
27
15
11
2
36
4
10
2
43
4
9
3
10
15
6
2
3
2
6
3
22
4
1
2
30
3
12
1
44
3
11
2
15
2
9
2
66
2
8
1
40
1
10
2
37
2
11
2
43
1
5
1
10
6
5
3
61
7
7
3
63
11
6
2
41
3
9
1
26
2
6
3
23
5
10
1
26
3
9
2
11
2
9
1
30
19
12
3
47
7
11
1
52
1
4
1
61
3
7
3
11
26
6
2
9
3
6
1
38
3
7
1
67
2
4
2
14
2
6
1
17
14
7
3
53
7
8
3
13
5
3
3
12
7
8
3
35
7
4
2
28
2
1
1
68
3
12
2
27
1
8
2
2
3
1
1
60
2
12
2
44
4
9
2
55
2
8
2
5
3
2
3
34
5
5
1
54
2
9
3
31
29
10
3
68
1
6
1
29
1
1
1
42
2
1
3
43
7
12
1
31
5
2
1
40
3
10
3
52
4
10
1
43
2
7
2
37
3
5
1
12
4
12
3
25
4
10
2
63
1
2
2
26
4
10
3
40
5
11
2
3
3
11
3
38
2
4
2
27
2
2
2
49
2
2
3
28
12
6
1
22
3
8
1
16
6
10
1
16
4
7
1
4
6
9
3
18
25
12
3
16
6
12
3
23
11
9
1
27
3
12
2
1
3
8
2
12
1
3
2
26
2
9
3
30
20
6
3
13
4
1
2
33
2
5
1
37
1
6
3
8
3
9
2
35
1
7
2
10
1
4
3
16
8
3
3
39
3
6
2
8
3
6
1
23
2
12
2
7
1
10
3
60
13
5
1
2
3
5
2
68
1
10
1
65
2
8
2
18
2
5
1
33
6
4
3
3
8
9
2
32
4
12
3
45
3
6
3
9
15
1
3
47
8
1
1
36
3
8
3
71
1
9
2
9
2
3
3
42
2
10
2
28
1
2
1
13
1
5
3
44
10
12
2
33
3
2
2
65
1
10
1
5
2
12
2
63
3
8
2
13
3
12
1
53
1
9
3
18
7
5
3
5
3
9
1
22
2
5
3
55
9
12
1
61
1
11
1
55
2
10
2
17
3
9
3
6
4
10
2
60
3
11
1
33
1
4
3
9
24
2
1
27
2
9
3
52
12
1
1
39
1
9
1
63
2
7
1
53
2
1
2
40
3
6
3
36
9
9
3
35
4
12
1
25
3
2
1
23
1
6
2
71
3
6
2
34
2
5
2
6
2
9
3
33
2
6
1
8
15
6
3
67
4
11
3
31
8
11
1
47
1
10
1
37
2
9
3
5
4
11
1
65
1
12
3
26
5
7
1
28
2
6
1
14
7
5
1
8
14
8
2
29
1
6
3
7
3
4
2
41
1
10
3
32
12
2
1
18
12
4
3
32
11
9
1
5
1
11
2
42
4
6
2
15
3
6
1
67
1
7
1
7
8
1
1
2
5
7
2
53
3
4
1
71
3
7
2
2
1
7
