3
52
1
5
2
39
1
5
2
41
4
1
1
15
1
4
2
17
2
1
1
40
2
6
1
42
1
9
3
63
2
12
1
7
1
11
2
14
3
5
3
41
1
9
2
43
1
5
3
37
7
9
2
38
5
8
3
55
1
9
2
43
3
9
2
34
3
5
1
28
1
5
1
47
3
4
3
12
7
10
1
61
2
2
3
3
1
2
2
32
1
9
1
23
3
4
3
31
14
5
1
63
1
7
2
53
1
8
2
42
2
1
1
33
4
11
3
28
15
10
2
4
1
11
2
49
3
9
2
18
1
5
1
52
1
2
3
13
4
5
2
16
1
12
2
15
3
1
2
55
2
2
3
4
18
2
3
34
4
8
1
4
1
5
3
71
4
11
3
23
12
1
1
32
6
5
2
63
3
1
3
54
2
5
2
14
2
4
3
66
8
9
3
30
28
11
1
45
1
3
1
45
2
3
2
68
2
9
1
43
2
12
1
33
2
6
2
67
1
1
3
11
6
2
3
2
1
3
3
27
14
10
3
31
24
6
2
66
3
1
3
3
3
5
3
12
4
2
3
5
2
10
1
8
5
1
1
11
10
9
1
12
7
2
3
49
2
11
3
55
9
10
2
3
2
1
1
23
2
5
1
7
7
5
2
23
3
11
2
8
2
7
3
45
4
8
2
6
3
11
2
23
2
3
2
2
3
4
2
71
2
3
3
17
2
1
3
28
11
3
3
44
6
7
1
6
2
6
1
9
9
6
1
2
7
6
3
29
4
11
1
4
5
9
2
12
1
4
2
36
4
8
3
37
3
6
1
3
2
11
2
28
1
2
2
37
4
8
3
7
2
9
3
45
3
6
2
28
3
2
2
61
3
9
1
47
1
9
3
22
2
8
3
25
9
6
2
65
1
8
2
36
3
11
2
33
3
7
3
41
3
6
2
44
3
6
1
5
1
12
2
40
2
3
3
40
5
9
2
13
2
4
2
5
1
11
2
60
1
6
2
65
2
2
1
41
1
4
2
9
2
6
2
66
2
3
3
38
4
12
2
47
2
6
3
6
4
12
3
65
14
12
3
36
4
8
3
29
2
4
2
54
1
10
1
32
3
1
1
14
15
10
3
26
8
12
1
31
17
10
3
47
3
9
1
27
3
12
1
37
1
5
2
30
2
2
3
13
9
4
3
65
12
11
3
30
23
7
2
40
4
6
2
26
4
12
2
45
4
11
1
3
10
9
1
22
3
3
3
18
24
10
1
9
12
3
1
1
3
12
3
38
8
7
1
54
1
11
1
39
1
12
1
25
2
8
2
16
2
11
1
13
7
3
2
26
2
7
1
18
4
3
1
52
3
1
2
27
3
3
1
55
2
10
2
10
1
12
1
34
5
3
2
10
2
3
1
6
1
10
2
45
1
6
2
61
1
8
1
14
6
2
1
63
2
6
3
61
5
11
2
6
2
12
3
39
5
8
3
42
1
2
3
32
12
8
1
16
2
9
1
43
1
6
3
33
7
1
2
25
3
10
3
66
3
8
2
63
2
10
2
11
1
9
1
11
6
2
2
52
4
2
1
26
2
12
2
2
2
5
3
53
3
2
3
8
20
6
1
42
2
5
1
18
2
9
1
36
2
11
3
16
1
7
3
44
3
10
3
54
1
7
2
9
1
9
3
39
8
6
1
71
1
11
3
32
2
12
3
4
6
8
1
71
3
9
1
1
2
2
1
17
3
4
3
42
4
12
3
1
7
9
1
28
2
4
1
17
10
5
1
36
3
10
3
9
29
3
3
17
8
1
2
33
1
6
1
8
15
4
3
18
18
1
2
49
4
12
2
13
3
5
2
31
4
7
1
66
2
5
3
15
2
7
3
60
14
10
2
68
1
6
1
26
1
10
2
53
2
11
1
61
3
5
3
10
20
9
3
60
31
6
3
35
8
4
1
65
1
8
1
68
1
2
1
30
16
10
1
34
9
6
3
33
12
9
1
12
15
2
1
5
2
6
2
27
1
9
3
7
5
7
1
54
3
3
3
10
6
8
1
27
2
11
2
67
2
5
2
17
3
11
3
14
23
3
2
7
3
6
1
29
2
2
3
5
5
2
3
22
5
3
1
67
1
2
2
55
3
8
2
5
3
8
2
3
1
8
1
67
3
9
3
43
7
4
3
6
1
8
3
61
1
3
1
53
1
10
3
49
7
10
3
16
6
5
1
16
1
2
1
60
2
11
3
11
25
2
3
1
4
2
2
32
4
7
1
44
4
3
2
8
3
1
2
22
1
4
2
60
4
10
1
30
1
12
3
34
1
12
1
49
2
10
2
47
3
5
3
40
6
1
3
52
16
7
3
47
10
6
1
10
5
7
2
15
1
5
2
37
1
11
1
37
2
12
2
54
2
6
3
26
10
4
2
30
4
5
1
35
2
2
1
35
4
5
1
38
1
8
1
31
7
4
1
25
3
7
3
9
20
8
2
44
1
3
3
68
15
12
3
36
13
2
3
25
3
5
2
22
3
10
2
41
3
7
2
1
3
11
3
2
8
3
3
14
13
10
1
49
1
7
1
40
1
9
1
44
1
2
2
29
2
4
3
35
6
5
3
43
2
6
1
10
4
8
3
71
2
7
1
60
1
7
3
68
8
4
1
39
4
7
3
63
8
2
3
67
1
5
2
71
3
7
2
39
3
10
2
1
2
5
2
29
1
2
3
53
2
3
3
27
16
3
1
29
1
4
2
52
2
9
1
68
3
1
1
53
2
3
1
2
1
10
3
8
10
1
2
38
4
5
1
38
3
12
2
35
1
9
2
35
3
12
1
22
2
7
1
41
3
1
2
31
2
8
2
7
2
10
3
23
2
2
1
66
1
7
2
11
3
1
2
25
2
6
2
18
4
8
1
65
2
10
2
42
4
4
3
15
9
10
1
55
1
12
3
67
2
4
2
12
3
7
1
15
5
9
2
34
1
3
1
13
5
2
2
4
3
9
