1
65
1
10
1
16
3
8
1
6
1
1
2
54
2
6
1
71
2
3
3
34
3
12
2
41
3
12
3
17
13
8
2
44
1
11
3
3
2
4
1
8
6
3
3
22
9
11
3
16
2
1
2
10
3
6
2
15
1
3
2
11
2
3
3
40
6
10
1
63
1
7
1
31
12
9
3
63
2
3
3
45
5
5
1
29
1
11
1
13
3
3
2
15
3
7
1
12
6
3
2
38
2
11
3
28
1
3
2
16
2
11
1
18
4
2
2
9
1
5
3
30
8
7
3
71
1
11
2
55
1
1
3
13
7
7
2
68
3
2
1
6
2
10
1
17
2
6
1
71
3
1
2
49
4
8
3
54
1
1
1
34
11
1
1
37
2
1
2
29
1
2
3
60
12
6
2
55
3
11
3
39
7
11
1
31
3
5
2
35
2
10
2
31
3
10
2
35
1
4
2
31
2
8
3
32
4
6
2
27
2
12
1
32
2
4
1
28
1
2
1
15
1
1
2
60
2
7
3
65
15
2
2
7
1
9
3
12
1
12
2
12
1
9
1
13
5
2
3
8
3
1
1
33
5
3
1
61
2
4
3
8
15
10
2
22
1
11
3
18
11
8
2
47
2
6
2
34
1
2
1
63
2
9
3
31
4
7
2
42
2
2
2
4
2
3
3
38
12
10
2
43
4
9
1
49
2
12
2
40
1
12
3
25
2
10
1
25
1
8
2
60
1
9
1
67
2
11
1
4
3
6
1
1
3
1
1
10
4
2
1
14
16
2
1
23
2
6
2
53
3
6
2
26
4
8
2
63
2
7
2
11
3
11
3
35
5
5
3
34
8
9
3
27
10
12
3
26
11
10
1
36
1
10
3
42
1
11
3
45
1
1
3
47
9
10
1
27
3
10
3
14
20
10
1
40
1
10
2
8
3
1
3
37
3
6
3
29
19
10
1
14
11
11
3
38
10
3
2
6
1
12
1
61
3
5
2
13
1
4
3
5
5
8
3
25
9
11
3
52
5
6
2
17
2
5
1
55
2
4
2
16
1
4
3
28
13
5
1
52
1
9
3
67
17
6
2
18
3
12
1
2
1
2
1
3
6
4
2
30
4
10
2
1
3
9
2
14
3
3
2
67
2
12
1
60
1
1
1
35
4
8
2
65
3
12
3
44
7
2
1
17
9
12
2
43
2
3
2
52
4
6
1
54
1
1
1
30
19
3
1
23
1
8
2
66
1
7
3
61
5
3
1
40
2
3
2
23
2
1
2
34
3
3
3
36
9
9
3
23
7
6
1
45
2
8
1
9
11
2
1
35
3
8
2
6
2
1
3
26
6
6
2
33
2
8
1
7
6
8
1
36
3
8
2
22
2
2
1
22
3
8
1
68
2
12
1
42
2
12
2
65
4
8
2
49
3
6
2
25
3
4
2
18
2
9
2
38
1
12
3
6
2
9
1
53
1
9
2
32
1
7
2
3
3
3
3
14
15
12
3
39
2
12
1
68
1
3
3
31
11
11
3
43
1
12
1
30
9
8
3
41
1
2
3
15
15
3
3
42
3
1
1
44
1
5
3
68
5
5
1
33
8
10
1
65
2
2
3
7
4
3
2
5
3
12
3
10
7
6
2
25
1
10
1
5
2
7
1
37
1
12
3
37
1
12
2
45
3
11
1
1
2
11
1
49
1
4
1
44
3
6
3
9
5
6
3
66
8
1
2
36
3
12
3
4
28
3
3
71
2
8
1
66
1
1
3
54
2
11
3
60
8
4
1
41
2
5
2
13
3
2
1
47
3
9
2
42
4
7
2
36
1
6
2
37
2
10
2
12
3
4
1
25
3
12
3
49
1
1
3
35
2
2
3
3
9
3
1
39
2
3
2
28
2
10
3
41
3
8
3
33
15
7
3
12
3
5
2
17
1
4
2
40
3
10
3
66
1
10
1
27
1
3
3
33
6
5
1
43
3
11
2
66
2
12
1
12
16
5
3
55
10
1
3
2
5
10
1
18
7
11
2
52
7
6
1
43
2
12
2
47
4
7
2
44
4
1
2
14
2
12
1
39
1
7
3
18
20
3
2
2
2
5
1
7
8
2
1
32
5
3
1
53
2
11
1
47
2
4
1
2
4
2
2
71
3
4
2
68
2
10
1
5
1
7
3
23
13
4
3
11
15
12
1
4
4
4
3
53
7
1
1
26
2
11
3
67
3
3
3
63
11
7
3
15
7
9
1
28
2
6
2
10
2
9
3
40
2
3
1
34
2
10
2
27
1
8
1
38
2
8
3
11
22
8
3
47
10
8
2
32
3
12
2
63
1
11
1
42
1
12
3
7
3
3
3
61
9
5
2
61
1
12
2
45
2
4
2
33
1
8
3
52
1
8
2
23
3
7
2
8
2
1
3
13
3
6
2
26
1
1
1
3
3
12
3
32
5
7
1
22
1
8
3
9
3
12
3
43
8
3
1
26
1
2
1
8
14
8
2
41
1
12
1
11
4
4
1
38
3
10
1
66
2
8
2
2
3
6
3
29
10
2
1
29
3
1
3
55
1
4
3
2
12
12
1
60
2
6
1
67
1
2
3
53
4
2
3
22
1
5
1
16
5
7
2
54
1
1
3
10
17
1
1
54
2
3
2
5
1
4
2
7
3
12
3
68
8
6
2
9
2
4
2
53
2
6
3
49
6
5
2
30
2
9
3
27
15
10
2
4
1
8
3
1
3
12
3
36
1
5
1
15
5
10
3
4
24
4
2
1
2
2
2
28
3
12
3
1
8
2
3
44
6
4
1
52
3
7
3
17
7
10
2
61
3
4
2
29
3
7
2
37
1
2
3
6
1
9
3
65
11
10
1
45
1
9
1
11
12
5
2
71
2
11
3
5
3
11
2
39
3
3
1
10
3
1
1
9
6
2
2
67
1
11
1
55
1
6
3
16
5
11
1
41
3
3
2
3
1
4
3
30
4
10
2
39
4
3
