3
45
6
4
3
30
17
10
1
3
8
2
2
54
1
9
2
16
3
5
1
67
2
3
1
68
2
7
2
23
2
8
3
49
5
2
2
27
1
6
3
43
6
1
3
14
5
2
3
55
15
5
1
3
3
11
2
47
2
5
3
55
8
1
2
44
4
2
2
10
1
9
1
25
2
6
2
30
4
9
3
6
1
2
2
41
3
1
1
23
3
9
3
66
6
1
3
60
17
12
1
26
3
5
1
37
1
8
1
39
2
7
3
34
4
1
1
8
4
8
1
33
3
8
1
11
2
3
3
14
4
5
2
67
1
10
3
35
1
9
1
60
1
9
1
54
1
4
1
61
3
10
3
41
3
1
3
17
7
9
2
40
2
3
3
53
5
2
1
27
2
7
3
3
3
4
2
3
2
10
3
67
21
1
2
16
1
3
3
39
2
4
1
32
2
6
1
28
1
7
3
28
4
7
3
17
17
2
2
68
2
9
2
33
1
4
2
11
1
12
3
42
1
10
1
13
2
8
2
52
3
6
1
30
11
2
2
49
1
4
2
29
1
12
2
63
3
2
2
1
2
1
2
36
4
7
1
29
2
11
3
54
1
8
3
31
23
7
2
35
2
8
1
42
1
5
2
18
1
7
1
40
3
1
3
22
1
1
1
63
1
2
3
29
3
6
3
38
6
10
1
32
7
3
2
15
1
2
3
7
1
7
2
45
2
1
2
34
2
2
1
11
11
5
3
12
2
3
3
10
6
4
2
31
4
10
1
39
3
7
3
39
3
10
2
5
2
5
1
30
21
11
1
22
1
5
1
31
5
2
2
1
1
3
2
68
3
2
1
14
7
10
3
5
2
3
1
71
1
10
3
33
18
3
3
2
10
11
1
18
10
3
2
22
1
9
3
36
2
3
3
2
5
2
2
60
3
12
2
61
1
12
3
6
6
1
3
65
19
4
3
40
4
6
1
5
1
4
3
45
2
4
2
39
1
4
1
8
7
5
2
42
4
11
3
34
1
8
3
4
12
10
2
55
2
6
1
23
2
3
1
35
1
11
3
27
3
10
1
6
1
4
3
32
12
1
2
5
1
6
3
41
1
10
3
47
2
3
2
66
2
11
2
65
1
1
1
60
2
7
2
44
2
5
3
68
4
11
3
63
8
2
2
26
2
11
1
36
3
2
1
34
4
6
1
28
3
6
2
43
4
5
1
9
3
4
2
63
1
2
1
71
3
4
3
12
7
7
2
30
1
8
3
13
5
4
1
36
2
8
3
18
16
12
3
37
7
5
3
4
3
5
2
9
3
2
2
39
3
8
2
23
3
11
2
7
1
2
2
28
1
11
2
42
2
5
1
52
1
2
2
41
4
10
1
47
1
5
3
5
5
5
1
49
1
10
1
31
17
4
1
66
1
9
3
27
12
3
3
9
13
3
1
42
2
8
3
63
11
12
3
23
4
3
1
63
2
5
2
9
2
8
3
29
19
7
3
37
12
6
2
38
5
12
1
65
1
2
3
16
2
4
3
49
2
2
3
3
1
1
1
65
2
12
2
61
2
6
1
15
3
8
2
27
2
10
1
12
8
7
1
1
1
8
3
43
5
7
2
14
2
3
1
45
2
2
1
2
6
1
3
9
7
12
1
45
1
6
1
40
1
2
2
33
3
9
1
44
3
7
3
53
1
8
3
11
21
10
2
8
1
4
1
55
2
11
3
67
30
5
3
65
17
7
3
1
8
12
1
54
3
10
2
26
1
9
1
41
2
8
3
10
4
3
1
55
1
10
3
36
10
9
1
10
2
4
3
35
4
10
2
13
1
4
3
30
22
4
1
33
4
1
2
22
3
2
1
35
3
8
3
8
8
11
1
16
1
9
1
5
2
6
2
11
3
5
2
38
1
10
1
43
1
5
2
25
3
1
1
18
8
1
2
29
3
7
3
42
2
7
2
71
1
11
2
71
2
1
1
7
1
4
1
26
2
7
2
40
4
9
3
15
1
6
3
44
1
1
3
31
11
9
3
23
7
9
2
45
4
8
1
2
1
12
2
17
2
6
1
52
2
10
2
32
4
12
1
38
2
12
1
53
1
12
1
29
3
12
2
6
2
2
2
18
3
10
3
38
5
1
2
55
3
5
2
6
3
11
2
2
3
11
3
1
3
3
2
28
3
12
3
66
7
10
2
37
3
11
2
66
1
7
2
25
1
1
2
43
3
10
2
36
2
8
1
41
3
9
1
17
15
11
1
61
2
2
1
53
2
1
1
10
7
7
1
15
5
4
3
25
8
1
1
17
9
6
2
14
1
7
2
32
2
12
1
22
3
8
3
40
1
8
3
15
8
10
3
8
13
5
1
27
3
4
3
13
4
8
3
71
1
3
1
4
4
5
2
54
2
10
1
4
7
10
3
26
9
7
1
34
7
6
1
25
1
4
1
68
3
12
2
47
1
5
2
65
3
4
1
43
2
11
2
37
1
6
2
2
2
11
3
28
7
2
2
52
6
10
3
71
4
5
1
44
4
2
1
6
2
3
3
60
27
7
2
35
3
7
3
25
7
2
2
4
3
4
1
12
10
4
3
22
9
12
1
7
8
4
1
1
3
3
2
12
1
9
3
52
10
7
3
16
8
12
2
15
2
1
1
67
3
2
3
52
4
7
2
7
2
7
2
3
1
2
3
68
2
11
2
60
1
5
2
31
1
6
1
16
3
8
3
18
24
7
2
12
3
9
3
54
2
9
1
13
7
3
1
9
1
8
2
49
4
7
2
53
3
8
1
47
2
5
3
44
10
5
2
34
1
6
2
8
2
6
3
32
9
5
1
14
5
2
3
61
4
2
2
17
1
7
1
66
2
2
3
61
2
10
1
49
2
3
3
47
10
9
3
11
5
3
2
10
2
10
3
26
10
5
1
38
1
5
3
7
5
8
1
37
2
3
3
33
21
11
2
53
1
5
2
67
2
12
2
13
2
7
2
4
2
5
