3
10
17
10
1
4
6
2
2
11
1
3
1
52
1
5
3
47
6
5
1
28
2
10
3
49
5
11
2
49
1
11
3
18
6
3
2
8
2
4
1
31
17
5
3
55
11
2
2
35
3
1
2
4
1
10
3
63
8
5
1
42
1
10
1
13
2
5
3
26
10
7
2
67
2
8
2
68
3
8
3
67
8
8
2
45
4
5
2
54
1
6
1
8
17
12
2
7
1
4
3
12
3
5
1
27
1
10
2
28
3
7
3
30
3
4
3
42
3
1
3
65
13
1
2
25
2
7
2
40
4
6
2
61
1
5
2
52
1
1
2
38
4
3
2
67
1
1
2
53
2
7
3
11
12
7
2
27
3
4
2
16
3
10
3
68
17
10
3
31
17
2
3
33
11
8
2
60
4
6
1
9
4
3
2
11
2
10
1
32
1
10
3
6
4
9
3
71
3
11
1
44
2
5
3
65
17
7
3
5
3
7
1
41
2
10
1
61
3
8
3
39
1
12
1
22
2
9
3
52
14
6
1
52
3
9
2
61
2
1
3
8
19
2
3
12
6
11
3
22
1
2
3
44
6
5
2
60
3
8
1
1
2
6
2
29
1
2
2
22
1
2
2
2
3
9
3
30
22
11
1
10
5
4
3
16
3
8
3
49
6
3
3
32
10
8
1
12
18
4
1
39
2
6
1
10
7
5
1
47
2
9
1
37
1
4
1
54
1
12
1
8
3
8
1
42
2
10
3
9
30
1
2
9
3
3
1
6
1
7
2
34
2
9
1
49
1
12
1
65
2
10
1
26
2
10
1
54
3
3
1
32
2
8
1
29
2
8
1
67
1
3
2
1
2
10
2
34
3
9
1
15
4
4
2
55
1
4
2
49
2
1
1
6
2
6
2
15
3
9
3
66
2
6
1
9
5
11
2
22
3
8
3
22
2
2
1
30
1
8
2
8
3
3
1
67
3
5
2
41
1
4
1
7
8
5
1
2
6
9
1
40
1
9
1
37
2
3
1
63
1
12
2
36
3
2
2
12
2
8
3
44
8
11
3
67
5
7
2
63
3
3
3
18
25
12
3
4
9
4
2
38
3
5
2
13
2
3
1
43
3
11
3
47
8
11
1
7
5
12
3
17
12
1
3
31
3
6
3
28
4
7
2
39
2
1
1
43
2
7
2
26
2
3
2
45
3
10
3
55
16
6
2
41
5
5
2
18
1
7
1
36
1
10
1
27
3
11
1
25
3
6
2
32
1
8
3
40
4
4
3
40
3
7
1
55
1
5
3
52
15
2
1
17
16
5
2
23
3
12
2
27
2
1
2
17
1
11
3
29
5
6
1
16
2
10
3
23
18
9
1
71
1
9
3
16
2
6
3
13
3
9
1
13
6
9
1
5
2
9
1
1
3
11
2
13
1
6
2
66
3
12
2
35
2
10
1
66
3
11
1
28
3
7
3
8
17
11
3
68
16
5
2
32
2
3
1
55
2
3
1
34
6
1
1
45
1
5
3
66
4
4
3
27
1
11
2
31
5
6
1
29
1
3
1
33
8
9
3
7
2
12
3
61
6
10
3
32
5
2
1
4
3
7
2
30
4
10
2
14
3
3
3
25
5
11
2
43
4
2
2
42
3
3
2
42
1
1
1
26
1
1
1
41
3
8
2
1
3
2
1
12
6
2
3
37
10
7
2
4
2
10
2
65
3
8
2
16
2
9
2
39
1
3
2
66
1
10
2
17
3
7
3
35
3
10
1
3
6
11
2
7
3
9
2
12
3
9
3
15
14
5
1
11
5
5
1
15
5
6
3
15
7
1
3
10
1
9
1
17
8
1
3
9
9
11
2
33
2
9
1
44
1
1
3
43
7
12
1
40
3
3
3
60
16
11
2
40
3
9
2
15
1
5
2
9
1
5
3
27
8
8
1
45
2
8
2
37
2
6
3
36
2
9
2
25
1
9
1
39
4
4
3
26
8
10
1
11
2
9
3
43
4
1
2
44
5
4
3
23
16
5
3
45
5
8
1
18
10
3
3
2
10
2
2
23
2
8
3
3
5
6
2
18
3
2
2
43
2
10
3
2
5
11
3
54
2
5
2
31
1
8
1
36
2
7
2
26
3
3
1
35
3
12
1
14
7
6
1
49
2
7
3
33
9
1
1
60
2
9
1
65
1
1
1
34
3
10
2
55
2
1
3
36
10
1
3
37
1
12
2
5
3
1
1
3
5
1
3
14
23
5
1
68
3
12
3
14
18
10
1
53
1
2
3
3
4
10
1
30
2
10
1
61
2
1
3
61
3
6
2
33
1
3
3
45
4
4
2
5
1
1
1
25
2
1
3
25
9
1
2
28
1
8
3
38
2
11
2
6
2
1
1
18
2
3
2
30
1
4
2
71
1
1
2
47
4
5
3
38
5
10
2
52
3
9
2
3
3
8
2
2
2
1
1
68
1
5
1
16
7
4
3
71
5
3
1
14
6
4
1
23
3
1
3
34
2
10
2
6
3
1
3
53
5
10
3
54
1
10
2
63
2
3
3
6
2
12
1
38
1
9
3
4
8
9
1
23
2
1
3
42
1
1
3
1
3
9
2
47
1
2
1
31
8
4
2
3
2
6
2
37
3
4
1
33
1
4
3
41
2
12
1
60
1
2
2
10
1
4
3
60
32
12
3
53
3
3
1
5
1
4
3
7
3
6
1
47
1
5
2
71
3
4
1
38
3
11
3
5
4
1
2
53
3
2
1
35
1
5
3
41
1
12
1
53
2
5
3
28
6
7
3
13
9
12
2
10
2
3
3
1
1
4
1
63
2
8
1
66
2
7
3
29
2
7
2
14
2
5
2
29
3
11
2
68
4
2
3
11
14
12
3
34
4
6
3
17
1
2
1
22
3
2
2
54
2
1
2
65
1
8
3
63
13
3
3
35
8
3
1
2
3
6
1
71
2
9
3
39
10
11
2
44
1
3
2
36
4
12
