1
14
8
5
3
49
4
9
2
39
2
12
2
15
2
9
1
25
3
9
2
22
3
4
3
1
4
2
2
39
3
10
1
33
2
5
3
15
1
1
2
25
2
10
1
67
2
3
1
39
4
7
3
29
5
8
1
71
1
6
3
13
9
4
1
23
2
9
3
11
16
1
2
32
3
3
1
66
3
5
3
7
3
12
2
67
2
7
3
2
3
11
1
61
1
3
2
41
1
10
1
30
16
9
2
16
1
8
1
16
6
8
1
66
2
5
1
11
6
7
1
1
3
9
1
30
19
1
1
44
4
8
1
17
7
4
1
45
1
11
3
38
3
3
2
22
2
2
1
38
1
10
2
47
2
11
2
13
2
4
3
4
1
1
3
61
4
1
3
66
8
2
2
34
2
1
1
34
9
1
1
41
1
3
1
43
1
10
3
41
4
8
1
32
6
4
1
17
12
8
2
28
1
8
3
30
27
8
2
18
2
10
2
30
4
3
3
8
4
8
1
31
7
11
3
45
5
11
2
25
1
9
1
8
10
5
1
18
2
11
1
14
20
6
3
55
13
1
2
68
1
6
1
28
3
3
3
37
1
10
3
14
11
11
3
54
1
3
1
26
3
7
2
42
1
1
2
60
1
4
1
55
1
10
1
39
1
1
1
36
2
1
2
30
1
8
1
4
5
11
3
47
6
3
1
29
2
12
3
52
10
7
2
53
3
10
1
10
6
2
3
9
24
5
3
55
5
1
1
55
2
5
1
23
1
1
2
47
4
8
1
40
2
1
1
65
1
7
3
2
12
2
3
16
7
3
3
6
1
6
1
15
2
6
3
5
5
7
2
68
4
6
1
45
2
3
2
27
3
12
3
3
10
4
3
6
2
3
3
26
6
12
1
13
2
2
3
13
4
10
1
6
2
6
3
63
7
7
1
63
2
1
1
27
1
11
2
23
1
3
1
54
2
9
1
15
3
12
2
3
2
3
3
11
10
6
3
5
2
12
1
68
2
1
3
10
8
12
3
32
1
11
3
12
2
3
3
66
6
4
2
26
4
3
2
66
2
8
3
31
16
3
1
28
1
9
3
39
9
11
3
7
2
7
3
26
5
10
3
52
18
9
3
17
17
4
2
14
3
3
3
3
1
7
2
55
2
12
2
38
3
7
3
43
1
9
2
54
2
4
3
67
5
11
3
40
6
12
1
26
1
9
3
39
6
8
2
41
2
11
3
38
12
2
3
23
2
5
2
42
3
9
2
7
3
7
1
43
3
4
2
67
1
10
2
12
2
2
3
33
9
2
2
35
3
5
3
37
6
2
3
71
4
6
1
5
2
2
1
68
1
4
1
49
1
7
3
47
2
5
3
65
2
5
2
43
4
1
1
1
2
12
2
18
1
6
3
36
14
5
1
3
10
12
2
36
5
2
2
55
1
12
3
22
8
5
1
29
1
11
3
54
2
7
1
60
1
3
1
2
7
7
2
8
1
10
3
65
17
8
1
9
14
7
1
42
2
6
1
11
12
11
2
1
1
10
1
16
1
8
2
14
1
12
3
30
19
8
2
3
1
1
2
37
2
7
3
27
17
2
2
61
3
8
2
17
1
6
2
52
2
6
1
35
4
10
1
54
1
1
3
25
5
12
1
22
1
1
1
41
3
5
2
40
2
8
1
40
1
9
1
44
2
11
2
43
1
1
3
25
9
9
3
35
5
9
1
6
1
9
2
37
1
3
3
49
8
11
3
34
9
4
2
63
2
2
2
23
2
7
1
18
10
3
2
54
1
9
2
45
4
10
3
28
1
4
2
27
2
5
1
12
2
3
3
63
11
12
2
5
3
6
3
27
7
4
3
68
5
12
1
22
3
12
3
10
24
12
2
6
1
12
2
31
2
3
1
35
1
2
2
10
3
4
1
33
1
1
3
43
2
3
2
36
1
6
1
9
7
4
3
32
3
7
1
52
2
9
2
6
2
12
3
1
7
9
3
34
10
4
1
65
2
10
2
31
3
12
3
17
4
6
3
18
12
9
2
33
1
10
2
11
1
10
3
29
15
1
3
4
25
3
2
45
3
11
1
47
3
12
1
71
2
10
1
32
3
11
3
35
1
2
3
14
7
6
3
28
12
9
3
42
4
5
3
60
13
10
2
35
2
12
2
40
4
6
2
2
3
7
2
15
1
8
3
23
17
6
1
42
1
2
1
31
18
4
3
53
4
6
2
44
3
8
1
7
2
9
1
3
9
10
2
2
1
3
3
36
6
12
1
8
1
10
2
44
4
10
3
15
9
9
3
9
32
2
3
67
38
12
2
5
1
2
1
5
1
9
2
16
2
3
1
61
3
12
2
28
2
6
3
71
5
11
1
34
6
12
2
34
3
8
1
27
2
3
2
53
2
11
3
68
13
3
1
52
1
5
2
65
2
3
3
16
4
7
2
7
2
6
3
41
3
9
2
4
1
12
3
40
1
6
2
66
1
4
3
42
2
4
2
10
2
11
1
37
2
5
2
60
2
10
3
61
1
10
2
65
4
2
1
37
1
2
2
13
3
8
2
32
4
10
2
49
1
10
2
71
2
7
2
33
2
9
1
63
1
3
2
1
2
12
2
9
1
4
1
7
10
5
1
12
9
9
1
53
1
7
2
12
1
5
1
38
2
11
1
60
2
4
2
38
1
10
1
67
3
3
3
18
10
6
1
10
3
9
1
49
2
12
3
53
2
2
2
71
1
4
1
47
2
12
2
29
2
1
3
22
1
9
2
63
3
10
1
53
2
12
3
44
9
6
3
33
4
2
1
2
5
2
1
36
1
10
3
60
9
3
2
61
2
5
2
26
1
4
3
31
3
9
3
44
8
7
1
4
7
10
2
17
3
3
2
4
3
9
2
9
3
12
2
11
2
4
2
49
2
7
2
8
3
6
1
25
2
4
3
12
1
1
2
29
3
9
2
52
4
5
1
13
6
3
3
8
10
4
3
45
7
7
