2
34
3
3
2
8
2
5
3
63
4
4
1
60
2
10
2
17
3
12
1
1
3
10
3
23
15
10
1
4
8
4
3
10
25
12
1
52
2
6
2
42
3
5
1
3
7
3
2
1
2
10
2
15
3
4
1
22
2
7
3
36
11
8
1
65
2
7
3
23
12
7
1
53
2
9
1
71
3
8
3
13
5
3
3
34
11
3
2
52
4
6
1
11
5
10
1
31
10
7
1
67
2
2
2
14
1
10
2
4
3
9
3
1
8
12
1
27
2
12
3
55
11
9
3
3
2
3
2
68
1
6
3
4
5
6
2
29
1
12
1
18
11
2
3
18
24
5
2
11
1
10
1
71
1
12
2
71
3
10
2
67
2
10
2
3
3
11
1
66
3
6
1
4
7
7
2
34
2
7
2
23
3
10
3
12
6
4
3
33
18
6
3
61
10
4
1
30
17
10
2
47
4
4
2
52
2
3
2
14
3
8
2
9
1
6
1
29
3
3
1
17
8
8
1
32
2
9
1
14
16
11
2
4
1
12
3
42
3
2
3
11
17
6
3
61
2
7
3
66
6
11
1
40
3
5
3
40
2
11
1
43
1
5
2
1
3
3
1
8
8
8
3
14
8
8
1
45
1
4
3
25
4
1
1
68
1
8
2
54
1
4
2
16
3
7
3
31
26
10
3
9
29
5
3
52
2
10
3
7
4
10
3
30
6
1
2
32
1
1
1
44
1
11
3
28
2
6
1
28
2
12
1
16
1
11
2
71
1
10
3
32
9
12
1
30
2
12
3
29
10
10
1
65
1
7
2
35
1
11
3
44
6
7
2
27
3
4
3
18
12
5
2
9
2
8
3
60
7
11
2
5
2
11
3
22
3
1
2
39
2
10
2
22
2
11
2
13
1
11
3
40
3
11
1
34
1
6
2
26
3
5
3
12
1
3
3
44
9
11
3
37
12
9
3
34
3
6
2
53
2
4
1
22
3
9
2
60
1
11
1
52
1
10
2
67
1
4
3
42
1
7
2
68
3
12
1
13
7
10
2
61
3
6
1
31
5
3
3
47
2
10
2
25
2
4
2
8
3
2
1
8
11
10
2
30
1
5
3
11
16
5
3
71
4
8
1
42
1
6
3
33
7
11
3
52
3
1
1
5
1
4
2
7
3
9
2
41
5
12
2
15
2
11
3
16
3
5
1
44
4
2
2
36
4
1
3
25
2
8
1
26
3
4
1
15
2
8
2
33
1
2
3
63
3
10
3
49
6
8
1
35
3
1
1
49
1
12
2
43
5
9
1
67
1
6
2
42
4
7
1
39
2
11
1
47
1
6
2
45
4
10
1
27
3
8
1
47
3
3
1
2
2
6
2
33
2
6
2
13
3
4
1
3
10
6
1
9
1
6
1
42
2
7
2
65
3
5
3
49
5
11
2
40
4
1
3
3
9
12
2
63
2
11
3
38
7
7
2
44
3
7
3
10
16
8
3
53
6
4
1
34
3
10
3
29
13
12
2
45
2
9
1
55
2
7
2
6
3
7
3
65
2
1
1
10
7
10
1
68
3
5
1
6
1
10
3
5
5
9
3
43
8
4
1
11
6
9
2
38
2
4
3
45
5
10
3
4
23
12
1
18
7
5
3
16
5
3
2
31
5
1
2
66
2
2
3
36
15
12
3
27
5
9
1
9
9
5
1
14
17
2
2
35
2
7
3
31
2
2
2
53
1
3
3
45
6
10
3
2
6
8
1
10
8
11
2
54
2
1
1
7
11
4
3
26
4
7
2
40
3
12
3
41
3
9
1
39
4
5
2
43
4
6
2
11
2
10
1
16
2
3
3
35
4
2
2
31
3
10
2
17
2
6
3
7
5
9
2
60
3
6
2
36
5
12
3
9
17
5
1
23
2
12
2
37
4
1
2
10
2
10
3
39
2
6
2
25
1
5
3
13
3
10
1
23
1
7
1
26
2
6
1
32
6
2
2
10
3
3
3
22
8
8
1
37
2
1
1
38
2
2
2
7
2
8
1
61
3
7
1
13
6
3
2
41
3
4
2
2
3
1
2
23
1
6
3
47
6
10
3
27
12
1
2
49
1
12
3
68
4
1
3
66
9
8
3
68
10
2
3
53
5
8
1
15
4
6
3
37
6
3
1
2
3
11
3
17
7
12
1
41
1
12
2
22
1
6
3
60
17
6
1
41
2
6
1
7
6
2
3
26
3
11
2
28
3
3
2
12
1
11
2
16
1
2
3
54
1
4
3
71
5
7
2
63
3
1
2
66
3
4
3
14
17
5
3
15
6
10
2
3
2
8
3
67
22
4
1
66
1
10
3
8
3
5
1
6
2
6
1
25
2
9
3
35
5
2
3
32
12
4
1
38
1
8
1
55
1
7
1
36
3
3
2
27
2
10
3
30
23
7
1
33
5
1
1
45
2
2
3
67
28
8
3
6
2
11
3
15
14
3
2
39
3
6
3
1
6
8
2
18
4
11
2
30
2
10
1
63
1
10
2
49
4
4
1
60
1
2
2
28
1
10
3
28
6
5
1
43
3
1
2
12
2
8
2
37
2
5
1
1
1
10
1
35
1
7
3
39
1
6
2
2
2
10
2
32
2
5
1
5
2
8
2
5
1
5
2
61
1
3
1
12
4
7
1
49
2
5
3
38
11
10
3
65
3
2
1
61
1
10
1
40
1
9
3
54
2
3
2
26
1
1
1
29
1
1
1
36
1
10
3
2
8
4
1
54
2
9
2
44
2
4
2
29
3
5
2
18
3
2
3
17
14
2
3
8
10
12
1
54
1
9
1
63
2
1
2
55
1
7
1
37
1
2
2
38
1
11
2
6
1
10
1
28
3
9
1
53
1
3
1
25
1
6
1
33
3
8
1
12
18
9
2
47
1
7
3
5
1
7
3
6
1
8
3
55
13
7
1
17
7
6
3
41
1
6
2
65
1
7
2
55
3
12
3
43
3
6
