1
3
10
7
1
44
1
8
1
28
1
2
1
23
2
10
2
44
3
11
3
55
1
8
1
42
1
6
1
30
12
8
1
39
4
10
1
68
2
6
3
31
17
6
1
49
1
1
3
43
8
12
1
29
1
2
1
32
6
4
2
3
1
2
1
30
11
8
2
65
2
11
2
15
3
8
1
1
2
8
1
31
15
11
2
67
1
9
2
11
3
11
1
37
1
8
2
42
1
2
1
55
1
6
3
26
12
2
2
60
2
7
3
23
16
9
1
28
3
5
3
52
7
7
1
26
2
3
1
18
7
2
1
40
1
7
3
5
1
2
1
10
2
12
1
52
3
10
3
52
14
10
2
47
2
1
3
23
9
1
1
67
1
11
2
27
3
4
3
41
2
8
2
22
2
5
2
52
2
6
2
35
2
10
2
13
3
5
3
39
5
7
3
32
10
12
2
15
1
3
3
37
1
9
3
3
2
8
3
22
11
4
1
29
2
11
2
5
1
4
3
3
10
10
1
18
10
2
2
9
1
5
2
14
2
6
1
32
5
9
1
13
1
2
1
61
3
12
1
35
3
9
2
45
4
4
2
66
3
2
2
29
2
12
3
38
10
7
2
32
2
9
2
40
3
11
3
18
9
1
2
43
5
10
2
7
3
4
2
71
3
4
3
10
3
8
1
53
1
7
3
26
8
9
1
5
2
5
3
44
10
12
1
34
8
4
3
15
9
2
3
16
3
8
2
54
2
6
2
40
1
5
1
4
4
6
2
49
1
11
2
34
1
6
1
27
3
12
2
8
1
12
1
41
3
8
2
6
2
8
2
26
2
6
2
68
3
12
3
40
6
6
1
15
2
7
2
8
2
4
3
53
4
6
2
26
1
9
1
47
1
8
1
3
8
12
2
1
3
5
3
47
10
12
3
36
5
11
2
4
2
9
3
36
3
3
1
54
1
2
2
38
4
2
3
4
14
1
2
1
2
10
1
63
1
4
3
7
4
1
2
14
1
5
2
25
3
9
2
29
1
9
2
61
1
2
3
67
14
9
1
6
2
12
3
17
14
11
2
71
2
6
1
25
1
8
1
17
9
5
3
29
3
6
1
65
2
9
1
45
2
12
2
30
2
10
2
39
4
2
3
68
12
9
2
36
5
2
3
66
7
10
2
6
3
10
1
17
4
1
2
18
4
12
2
2
3
2
3
31
19
7
2
27
2
5
1
71
3
4
3
65
7
10
2
31
3
5
3
7
2
5
1
16
5
10
2
34
3
8
1
16
1
1
1
26
3
7
3
25
5
12
1
12
14
11
3
30
24
1
1
71
2
10
2
23
3
2
2
17
1
1
3
68
7
8
2
37
4
1
1
33
7
2
2
11
2
5
2
61
2
7
2
7
1
12
1
23
3
5
2
52
1
3
2
47
1
8
2
28
2
2
2
22
1
4
3
6
5
8
3
54
1
5
2
53
2
2
3
33
15
12
3
22
12
8
3
40
3
4
2
17
2
12
2
5
2
8
3
1
9
8
1
33
8
3
2
10
2
11
1
52
2
5
3
2
6
4
2
44
2
8
2
9
2
1
3
11
20
2
3
34
8
5
1
7
8
3
1
67
3
5
3
14
16
12
3
35
7
11
3
10
24
3
1
2
1
8
2
12
2
4
3
45
3
8
2
16
1
3
3
27
2
3
3
66
2
4
2
4
1
2
2
33
1
10
3
42
1
5
2
3
3
4
3
63
12
12
2
68
4
2
3
8
15
7
3
34
1
4
3
14
26
8
1
47
2
5
1
45
1
3
1
12
11
3
3
27
7
4
3
29
19
5
2
39
2
9
3
71
4
4
2
63
1
12
2
23
1
9
1
61
2
11
1
10
5
11
1
11
11
2
3
15
8
6
1
22
2
11
2
10
1
2
2
41
4
7
2
35
1
10
2
55
3
2
3
9
25
5
1
11
4
8
2
45
1
12
1
68
3
10
1
60
2
11
3
63
13
12
3
32
4
7
3
18
11
10
2
65
4
5
1
49
2
3
2
12
1
10
3
28
13
6
2
66
2
4
1
14
11
12
2
31
2
7
3
11
13
7
1
9
1
12
3
49
8
12
1
36
3
12
1
4
3
11
3
47
3
11
1
7
4
7
3
9
23
5
3
60
6
4
2
33
3
12
1
8
14
4
3
54
2
5
1
37
2
5
1
31
18
10
3
38
11
5
3
4
19
11
1
63
2
6
2
63
3
4
2
18
1
11
3
45
1
11
1
36
2
12
2
25
1
5
3
37
10
7
3
12
2
12
1
14
19
12
2
13
1
6
1
8
8
10
2
16
3
8
3
17
17
11
1
65
1
4
1
1
3
3
3
1
8
5
3
6
6
3
3
35
8
2
3
13
9
8
1
60
1
8
3
71
1
11
2
30
1
4
3
60
11
6
1
42
2
12
1
2
2
2
3
43
4
2
3
16
6
4
2
37
1
7
3
12
3
5
2
2
1
12
3
30
11
9
3
33
1
10
2
60
3
6
1
22
3
4
2
53
1
11
3
13
3
10
3
2
2
3
2
49
4
11
3
25
2
7
1
9
12
12
1
25
3
3
3
41
3
3
3
42
3
9
3
53
7
10
1
55
2
1
1
43
1
12
2
36
3
9
2
28
3
5
2
32
1
2
3
49
2
12
2
55
1
12
1
41
2
10
2
54
1
6
1
6
1
4
1
15
1
2
2
67
2
1
1
13
7
4
2
38
5
10
1
40
2
7
3
67
9
11
1
66
3
12
2
41
3
3
3
61
3
1
1
54
2
4
1
35
1
11
1
39
2
1
1
38
2
5
3
65
10
10
1
53
2
11
1
66
2
8
3
28
14
3
1
43
3
7
1
44
4
11
2
43
2
12
3
39
6
7
1
27
1
9
1
5
1
2
3
61
7
10
1
38
1
8
3
5
4
11
1
34
10
1
3
8
3
8
3
44
3
7
3
55
12
7
2
42
4
7
