2
55
3
1
1
35
1
5
2
16
3
12
2
1
2
7
3
33
14
5
2
18
2
5
2
47
2
10
1
61
2
12
2
53
3
11
1
5
2
11
1
14
7
11
3
3
2
2
2
25
3
4
3
9
29
4
3
15
10
5
1
45
1
10
2
12
3
10
2
45
3
7
1
52
2
10
1
54
3
1
1
54
2
12
3
53
1
12
1
28
3
10
3
23
9
11
1
23
1
9
3
18
8
6
2
66
1
2
3
10
16
1
2
2
1
7
1
13
6
12
2
65
3
11
2
7
3
3
3
49
5
6
3
26
4
7
3
11
13
6
3
54
2
12
2
68
4
12
1
9
5
12
1
27
3
5
2
11
2
9
1
47
1
2
1
18
12
2
1
4
1
4
2
71
2
10
3
15
16
10
3
29
3
5
1
7
10
11
1
9
13
7
1
60
2
3
1
32
3
12
1
49
1
6
2
3
1
11
2
49
4
1
2
63
1
6
3
12
5
1
3
44
7
2
2
4
1
6
3
68
10
5
2
47
1
1
1
66
2
11
1
29
1
12
3
14
8
7
1
39
2
3
3
40
1
4
3
30
27
3
1
30
13
6
2
71
3
12
1
37
2
1
3
28
12
9
2
27
1
9
3
49
3
2
2
30
3
8
1
42
1
6
2
63
3
3
2
34
2
3
1
34
11
10
3
55
8
6
1
36
2
1
1
17
9
12
2
60
3
1
3
60
17
8
2
29
1
6
3
3
5
11
1
18
9
9
2
14
1
10
2
6
1
11
1
44
4
3
3
43
1
12
3
45
2
4
1
15
4
3
2
10
1
10
1
26
3
7
2
8
1
6
2
5
2
4
1
38
1
12
2
29
3
9
3
36
12
10
2
12
1
11
2
27
2
5
2
35
3
1
3
17
3
4
3
8
9
11
2
14
3
2
3
27
2
6
3
18
15
5
2
7
1
8
2
28
2
6
3
35
1
11
1
2
4
10
1
33
1
7
3
55
12
5
2
34
3
3
2
15
2
11
2
26
3
12
3
8
7
1
3
65
18
2
2
41
4
4
1
68
3
10
3
5
3
7
1
52
3
2
3
6
5
4
3
7
1
4
3
36
4
7
2
22
3
11
3
17
17
8
2
41
5
12
3
4
13
3
2
13
1
12
1
36
3
4
1
12
9
2
2
9
2
2
1
53
2
7
2
39
3
5
2
39
4
5
2
45
1
12
1
10
2
1
2
42
2
6
1
5
1
6
3
42
4
2
2
3
2
3
2
65
4
3
1
35
4
1
1
27
1
11
2
28
3
6
3
66
9
1
2
13
2
7
2
37
2
9
3
41
1
5
3
37
12
5
1
28
2
8
1
8
13
1
1
6
2
1
1
63
1
5
1
41
1
8
3
13
3
5
3
54
1
5
2
4
2
8
2
37
3
5
3
47
5
2
2
17
1
4
1
40
2
10
3
71
2
4
2
9
1
2
3
2
10
1
3
33
17
7
3
26
3
12
1
25
1
5
2
53
1
8
2
31
3
1
1
31
15
9
3
4
4
9
1
71
1
6
3
22
2
4
2
25
2
6
1
11
11
2
3
27
15
11
2
52
1
5
2
61
1
4
3
52
5
12
1
15
2
4
3
44
5
12
1
11
10
8
3
61
8
3
2
30
2
10
3
38
8
12
3
5
1
2
2
38
3
2
1
38
3
8
3
9
10
6
3
43
8
7
3
25
1
12
2
2
3
12
1
14
10
11
2
1
3
7
3
12
3
3
3
35
6
4
3
22
12
1
1
65
1
9
3
10
7
11
3
40
5
3
2
6
2
4
3
34
10
3
2
55
1
5
2
54
1
7
3
34
7
4
3
63
2
9
3
67
1
1
3
31
13
1
2
11
3
8
3
38
9
7
1
42
2
8
3
28
5
2
1
10
8
12
2
60
2
1
1
16
2
11
1
31
3
1
1
43
2
1
1
67
1
6
1
43
1
12
1
23
3
1
1
63
2
12
1
1
2
2
3
45
1
8
1
1
3
2
1
68
1
5
3
65
6
2
1
26
1
9
1
29
3
8
2
23
1
4
1
8
10
11
2
33
1
9
3
53
6
12
2
18
3
2
2
23
2
11
1
71
3
7
2
35
1
4
2
40
3
2
3
47
2
1
3
32
1
8
2
43
3
4
2
8
3
4
1
22
1
4
3
61
2
4
2
52
6
8
1
47
2
11
2
17
2
1
3
16
7
10
1
17
11
9
1
61
3
10
3
25
5
12
1
3
7
3
2
5
1
9
1
3
4
12
2
43
1
5
3
37
9
3
3
68
12
6
1
16
3
10
2
36
5
5
1
60
1
7
2
10
2
9
3
42
3
11
2
67
2
3
1
66
1
8
2
49
1
11
3
63
12
10
2
40
2
1
2
33
3
6
3
14
16
6
2
31
2
2
2
36
1
11
3
39
9
1
3
1
6
7
2
38
5
11
1
4
2
4
1
32
4
9
3
30
1
4
1
33
3
4
3
2
5
7
3
11
19
4
1
37
1
7
2
67
1
8
1
53
1
9
1
65
2
5
3
29
10
10
2
66
2
4
1
22
2
9
3
60
12
10
3
66
2
6
1
49
2
7
2
44
5
11
3
32
7
10
1
7
7
8
3
23
17
9
1
55
1
6
3
7
2
1
3
67
3
11
1
40
3
5
1
67
2
7
3
13
8
6
3
71
5
1
2
16
1
9
1
30
8
6
1
55
2
1
2
26
2
9
2
61
2
1
1
12
7
9
1
41
3
1
3
1
8
10
2
32
2
3
2
42
4
3
2
15
3
6
3
41
2
11
3
31
4
6
1
45
2
5
2
44
2
12
2
22
1
8
2
68
3
2
1
39
1
12
2
54
2
7
3
52
16
2
1
13
9
8
2
32
3
8
3
16
2
8
1
25
2
3
1
2
2
11
3
39
5
8
1
6
1
10
1
44
2
12
3
6
2
9
1
34
10
8
