1
49
1
6
1
3
3
4
3
18
22
2
3
40
2
3
3
5
2
1
1
10
5
8
1
30
18
6
3
34
11
11
2
13
1
10
2
5
2
6
2
29
2
6
1
15
3
5
2
45
1
5
1
30
14
8
1
61
1
3
2
44
2
9
3
40
4
10
3
10
4
4
3
38
3
11
3
45
3
9
1
9
9
8
3
44
6
2
1
71
3
3
3
8
13
9
1
23
2
8
2
10
1
3
1
36
3
1
3
34
5
4
2
30
2
3
2
42
2
8
1
14
20
11
1
31
7
10
2
14
3
8
3
1
1
11
3
2
11
2
1
60
1
10
2
68
1
2
2
55
3
4
2
5
1
8
3
6
2
9
2
54
2
4
1
11
10
8
1
5
1
8
3
71
3
4
1
71
2
1
1
63
1
1
3
29
9
5
2
39
3
5
2
55
1
7
1
7
7
7
3
41
2
7
1
45
1
4
2
67
2
9
1
44
3
1
3
16
8
2
2
32
4
9
1
18
13
6
3
12
7
10
1
26
2
10
2
38
1
12
3
15
12
11
1
63
2
8
1
38
1
2
2
12
1
7
2
9
3
10
3
9
21
2
1
17
5
8
3
49
8
12
3
28
15
4
3
39
2
12
1
2
6
11
3
11
24
9
1
8
11
1
2
16
3
2
2
29
1
7
1
60
2
1
2
12
2
11
3
54
1
6
2
47
3
12
3
36
12
2
3
33
17
1
3
67
8
1
2
22
1
9
2
35
2
3
2
52
1
6
1
10
1
8
1
55
2
2
1
25
3
1
2
41
4
7
1
7
11
10
1
5
2
5
1
67
2
4
2
3
1
7
2
22
3
3
2
4
3
9
2
17
3
6
3
45
4
9
2
18
2
6
1
34
3
12
1
29
2
1
3
25
7
2
3
41
3
11
3
43
1
11
3
36
5
10
3
60
32
12
3
9
6
12
1
16
5
4
2
65
1
9
3
66
8
7
3
52
18
11
1
27
2
6
2
43
3
3
1
52
3
1
2
32
3
10
2
63
2
9
3
13
3
6
1
39
4
10
2
26
2
6
1
13
9
10
3
42
1
6
3
3
8
11
3
16
2
3
3
49
2
8
1
36
1
8
2
17
1
2
2
60
3
6
2
61
3
8
1
40
3
1
3
14
14
10
1
26
3
4
2
61
2
8
3
32
10
9
1
44
2
3
1
28
1
9
2
37
1
2
2
15
3
8
3
68
17
10
1
68
3
4
2
6
2
6
3
35
7
2
1
45
2
5
3
65
20
10
3
22
1
5
2
66
3
11
1
41
1
12
1
6
2
4
3
31
28
1
3
60
5
8
2
11
2
7
2
31
2
3
2
52
6
6
3
17
8
2
2
44
3
8
1
1
2
12
1
8
15
1
3
7
2
8
3
2
10
2
1
39
2
2
3
6
6
6
2
33
2
8
1
65
2
6
3
1
4
8
3
12
2
1
3
52
1
3
3
53
6
3
1
52
1
12
3
22
2
5
1
54
3
1
1
42
1
6
1
35
1
5
1
47
2
2
2
34
2
11
2
63
1
5
3
42
2
5
2
28
1
8
2
71
2
11
2
60
2
5
2
35
3
12
3
27
4
4
2
65
3
4
3
47
2
8
3
43
7
11
3
35
5
5
3
27
14
7
3
37
3
12
2
47
1
7
3
7
1
12
2
40
4
4
1
22
2
11
1
12
13
6
1
13
7
9
1
34
6
1
3
55
1
3
3
4
8
10
1
17
10
11
3
67
25
2
3
55
5
6
1
29
1
5
2
28
3
3
2
42
3
12
3
61
3
1
3
38
7
1
2
49
3
4
2
36
3
11
1
4
5
12
3
68
6
3
2
1
3
7
1
3
4
2
1
40
1
11
1
15
5
12
2
71
1
10
3
47
8
11
3
26
9
10
3
65
2
5
2
43
5
8
1
2
5
2
1
1
1
9
3
26
5
5
3
17
1
4
2
25
3
9
1
12
7
11
3
54
2
12
2
14
1
3
1
37
2
6
2
41
2
2
1
66
2
2
1
68
1
4
1
31
9
3
2
40
1
11
2
7
2
11
2
16
1
4
3
32
12
8
2
18
3
1
2
67
1
12
3
15
9
11
2
8
3
12
2
45
4
2
3
63
6
8
1
32
3
9
1
18
9
9
1
33
7
1
3
10
11
6
3
63
13
6
1
41
3
12
2
49
1
3
1
23
1
7
1
22
1
4
2
2
3
3
1
28
2
10
1
65
1
7
1
49
2
1
2
36
1
11
2
37
4
1
1
9
4
2
1
38
3
3
3
23
2
4
3
30
9
7
2
23
3
9
2
38
3
6
2
9
2
4
3
25
9
1
1
37
1
3
2
39
2
11
3
29
18
4
1
53
1
2
3
39
9
7
2
54
1
1
2
1
1
11
2
25
1
7
3
53
8
11
3
5
1
12
2
3
2
10
1
43
2
4
2
4
2
6
2
26
3
10
2
53
2
4
3
28
9
1
2
30
4
7
2
27
2
6
1
25
1
9
2
34
1
10
1
53
2
4
2
7
1
4
2
6
3
8
2
10
3
10
2
11
1
2
1
11
12
6
3
71
4
7
3
37
6
1
2
15
2
8
1
33
8
1
2
27
3
12
1
14
19
10
1
32
1
6
1
61
3
6
1
27
3
11
2
66
2
10
1
47
3
6
1
67
3
1
3
13
5
2
2
23
1
5
2
31
3
3
3
33
24
8
2
33
1
10
1
55
1
11
1
54
1
3
3
66
9
2
1
35
2
9
3
44
4
1
2
53
3
8
1
42
2
7
1
6
1
8
1
16
3
2
1
4
8
1
3
61
7
7
2
2
2
11
3
8
20
5
2
8
2
10
2
68
2
7
1
43
1
11
3
30
28
8
3
23
12
8
3
3
10
1
3
14
2
12
3
4
23
9
3
11
7
6
3
31
6
2
3
18
6
4
1
66
3
9
2
13
2
12
