1
28
3
9
3
27
1
8
1
18
7
7
1
67
3
8
1
53
2
3
2
49
1
4
2
13
3
8
3
18
21
3
1
23
3
5
1
14
12
1
2
4
3
10
1
45
2
11
1
30
4
3
1
33
4
11
2
23
3
3
2
68
4
12
1
8
6
3
3
13
6
10
3
66
3
7
3
16
6
11
3
71
2
7
1
9
4
5
2
29
1
11
1
42
1
10
2
14
3
11
1
42
2
3
2
17
1
1
3
12
1
6
2
13
1
5
2
28
2
7
3
25
7
2
1
44
1
8
2
44
3
1
3
52
10
9
1
5
1
9
3
67
31
11
1
28
2
2
3
7
5
9
3
14
12
1
3
66
6
10
1
15
2
8
3
15
15
6
1
39
3
9
3
10
2
2
3
42
4
9
1
13
6
1
1
55
1
9
2
54
2
3
2
71
3
5
1
13
9
12
1
52
1
2
1
27
3
10
3
27
17
11
2
66
1
1
3
40
3
2
1
23
2
2
3
11
18
1
3
16
7
10
3
60
32
8
1
2
7
1
1
61
2
7
2
3
3
7
1
31
12
11
1
18
3
3
2
5
3
9
3
2
1
2
3
1
7
7
2
2
2
6
3
44
9
7
3
43
3
4
3
6
1
8
1
61
1
2
1
1
3
10
1
7
9
12
3
63
8
7
2
33
2
4
1
22
3
9
2
67
2
11
3
44
10
7
3
41
2
5
3
8
16
5
3
28
2
10
2
16
2
10
3
39
8
2
3
31
12
7
3
10
12
9
1
71
1
10
1
32
2
1
1
43
1
4
1
68
2
8
2
6
3
9
1
60
1
5
2
32
1
5
3
25
8
2
1
3
2
1
2
55
3
2
2
8
3
1
1
54
2
12
3
34
8
9
2
39
1
1
2
41
5
5
2
17
3
1
3
23
3
11
3
41
4
8
3
15
10
1
3
30
12
8
1
11
10
4
2
63
2
12
1
65
2
8
3
7
2
10
3
31
5
11
2
18
3
3
3
3
7
10
2
53
2
4
2
26
1
11
2
42
4
6
1
35
1
9
2
49
4
12
2
47
4
4
1
39
1
7
3
9
22
7
2
22
2
2
3
40
5
6
2
37
4
4
3
65
10
10
2
34
3
4
3
39
4
3
1
38
3
7
3
18
25
9
1
33
1
9
3
54
2
8
1
27
1
2
2
11
2
6
1
41
1
11
2
22
1
12
3
5
5
11
3
30
1
7
1
12
9
10
1
25
2
3
2
45
3
1
3
36
13
4
2
18
1
10
1
10
7
9
2
40
3
2
2
68
1
12
2
37
1
8
2
26
3
3
2
71
1
2
2
42
1
1
1
49
1
7
2
10
1
9
3
4
4
1
1
45
1
9
2
40
2
11
1
52
2
6
1
10
2
7
2
4
1
10
1
47
1
2
2
60
4
6
3
54
1
5
3
35
7
1
3
2
8
12
1
26
1
2
1
63
2
6
1
44
2
4
2
2
3
10
3
49
5
7
1
35
3
7
1
9
9
9
2
28
1
2
3
43
8
10
2
9
2
10
2
30
5
2
1
37
1
6
1
17
7
9
3
23
2
5
1
11
7
9
1
5
2
4
2
36
3
11
2
33
1
12
2
39
3
11
3
1
4
7
3
12
5
7
2
16
1
4
2
43
5
11
2
35
3
6
2
5
1
1
2
32
3
5
1
22
1
6
3
17
3
4
3
28
4
6
2
52
4
8
1
34
8
3
2
12
2
9
3
29
13
3
2
63
1
10
3
65
18
9
2
27
1
9
2
61
2
11
2
15
1
4
3
53
7
4
3
5
2
9
3
9
30
8
2
61
1
10
3
37
6
7
1
16
4
1
2
7
1
10
3
22
11
6
1
36
2
10
1
68
1
9
1
17
13
1
1
4
5
6
1
41
3
4
3
14
17
11
3
47
3
12
3
63
1
6
2
9
3
9
2
43
4
5
3
33
8
10
3
38
6
8
3
55
1
1
1
47
2
8
1
32
7
2
3
8
19
5
1
7
1
5
1
36
3
6
2
38
2
2
1
1
1
12
3
3
4
2
1
55
2
12
3
47
9
4
3
37
4
7
2
66
3
4
1
6
1
1
3
45
1
10
1
66
2
3
3
45
4
12
2
1
2
5
2
65
4
4
3
26
3
12
2
54
1
2
3
52
5
2
1
40
2
1
2
8
1
11
1
16
5
12
3
33
10
7
1
25
3
11
1
12
18
3
3
38
8
12
1
38
2
2
2
23
2
5
2
30
2
3
1
71
2
10
3
67
3
5
3
34
9
2
1
53
1
11
3
4
3
3
2
6
1
5
2
27
2
3
2
14
2
6
1
2
2
8
2
31
5
4
1
37
2
6
1
34
10
4
2
10
2
7
3
42
1
10
3
6
5
8
3
32
6
7
1
66
1
8
1
40
3
4
1
67
1
6
3
60
29
5
3
36
8
12
3
55
2
1
3
61
6
1
2
67
1
9
2
52
7
8
1
14
5
3
1
8
13
10
2
55
2
5
2
36
1
9
1
60
2
5
3
71
1
7
2
31
4
10
2
44
5
12
1
26
3
7
3
11
8
8
2
47
1
5
1
4
3
7
2
65
2
11
1
63
1
11
1
3
7
8
2
25
3
8
1
29
3
6
2
45
4
9
2
12
1
2
3
68
13
6
2
29
2
4
2
53
1
7
2
34
1
1
1
30
15
10
2
11
3
11
3
53
2
10
3
17
9
12
2
25
1
8
3
35
3
10
3
61
10
4
3
32
10
5
2
15
3
6
1
43
2
11
3
13
5
6
2
7
2
8
2
35
1
5
1
6
2
2
1
29
2
11
3
49
7
3
1
49
2
10
1
15
5
11
2
60
2
5
2
3
1
5
3
68
7
2
1
65
1
8
3
29
17
12
3
26
1
2
1
54
1
6
2
38
5
1
3
22
12
11
2
1
3
1
2
41
3
2
1
31
8
3
