2
36
3
5
2
7
1
1
1
34
9
3
1
33
7
5
1
47
1
6
3
32
10
8
1
18
1
8
1
5
1
10
3
15
9
4
2
54
1
10
1
54
1
3
1
63
1
11
3
17
14
3
2
43
5
2
3
8
16
5
2
55
3
1
3
18
24
6
2
53
3
12
3
49
3
10
1
16
1
5
2
2
2
8
2
28
2
7
2
33
3
11
3
67
2
2
2
8
2
7
3
68
16
10
2
38
4
5
3
63
7
3
1
36
3
10
3
45
1
3
1
3
9
12
3
41
4
3
2
65
1
11
1
36
2
8
3
66
1
10
1
71
1
1
2
63
3
7
2
49
2
5
2
39
2
2
3
55
2
12
2
42
1
2
2
63
1
9
1
49
2
4
3
30
4
3
2
31
4
4
2
38
3
12
2
16
1
9
1
9
5
7
3
67
31
2
1
29
2
11
1
44
4
2
1
37
1
7
2
29
1
1
1
16
2
2
1
32
7
6
2
61
2
6
1
8
11
3
3
71
4
3
2
71
1
3
3
45
2
12
1
49
1
1
1
11
8
12
2
10
3
6
2
5
2
8
1
53
1
9
2
45
1
2
2
3
3
11
1
52
3
11
2
34
2
10
3
49
6
6
2
4
2
12
3
55
3
2
3
27
8
7
3
35
4
9
1
10
3
6
2
15
3
6
3
26
10
2
1
13
5
4
1
37
2
10
3
42
1
3
2
26
1
8
1
38
2
6
1
34
10
8
2
44
2
10
3
2
6
10
2
30
1
10
3
37
6
9
1
23
3
3
2
3
2
10
2
52
7
7
3
29
10
2
1
28
1
8
3
53
7
7
2
36
2
9
1
23
1
4
3
27
13
11
3
47
7
8
3
14
7
12
3
39
7
3
3
68
1
3
1
71
3
2
1
27
2
5
2
27
2
4
3
1
4
3
3
65
16
2
1
67
1
3
1
3
10
3
2
68
2
9
2
6
3
10
2
39
1
3
2
8
1
7
1
2
2
3
3
37
5
7
3
71
3
8
1
41
2
3
2
23
3
8
3
38
4
4
3
17
13
4
2
32
3
9
3
61
4
3
3
11
11
7
3
22
1
8
1
14
16
3
3
23
14
8
1
15
1
9
1
8
12
11
3
43
8
4
2
10
2
4
1
30
16
4
1
14
21
3
2
53
1
12
1
35
1
11
3
16
8
5
1
11
4
2
3
7
1
8
3
3
10
7
3
6
5
7
2
22
3
10
2
54
2
4
1
45
2
10
3
38
8
9
1
25
2
5
2
67
1
2
1
40
3
4
3
10
9
11
3
44
1
1
2
12
3
11
1
54
3
6
2
11
3
2
2
68
3
12
2
6
2
1
1
30
2
10
1
31
3
2
2
66
3
3
3
12
2
1
1
68
2
12
2
2
1
10
1
5
2
3
3
31
13
7
1
40
1
3
3
60
12
9
3
1
10
2
2
26
3
5
2
25
3
2
3
36
13
2
1
42
1
9
2
37
4
8
3
6
6
9
2
55
2
2
1
22
3
8
1
4
7
12
3
53
1
3
1
55
2
3
2
35
1
6
2
31
5
9
1
44
1
1
3
29
15
10
1
12
3
2
3
16
7
8
3
31
10
2
3
54
1
6
2
23
2
1
2
1
2
1
3
40
2
3
2
49
4
3
3
13
7
10
1
1
3
11
3
9
9
9
3
47
4
2
2
7
2
7
2
27
3
3
3
44
7
7
3
34
2
10
1
41
3
8
1
12
2
1
1
27
1
10
2
61
1
10
2
9
3
4
3
42
4
3
1
7
5
9
2
47
2
9
2
4
3
5
2
65
4
5
1
31
16
8
1
65
2
5
1
61
2
12
2
15
1
5
2
12
2
12
2
60
4
1
3
3
1
1
1
15
2
7
1
22
2
10
2
52
4
4
3
35
3
7
1
2
4
6
1
6
2
11
3
30
23
11
2
40
3
7
3
66
6
1
3
7
2
6
1
47
3
9
1
13
3
5
3
61
6
4
3
63
6
4
1
55
1
10
2
22
2
3
3
34
7
7
1
43
1
12
2
34
1
8
2
30
2
7
1
7
9
1
1
10
4
7
3
5
4
4
3
54
2
8
1
60
2
5
3
52
14
11
3
28
11
7
2
47
4
3
2
1
1
8
3
36
2
12
2
17
2
11
1
42
2
3
3
18
18
6
2
25
2
3
2
35
3
5
3
11
19
2
2
71
2
9
2
14
3
3
2
13
2
2
1
68
1
6
3
9
27
3
1
66
3
7
1
25
3
9
3
8
2
8
2
14
1
9
1
67
2
1
2
41
3
3
1
60
1
12
3
15
17
11
3
13
2
11
2
42
2
7
2
13
1
10
3
60
27
10
2
11
2
12
1
66
2
2
2
43
3
2
3
25
3
9
3
32
12
5
3
28
2
8
1
17
3
4
3
52
18
4
2
40
4
11
1
29
1
6
2
18
2
11
2
66
1
7
1
9
14
8
2
17
3
9
1
39
3
10
1
26
2
12
1
53
2
8
3
4
22
8
1
1
1
3
2
18
1
11
3
12
6
4
3
14
15
3
1
6
1
5
3
22
8
8
1
32
1
12
2
67
2
3
3
10
20
7
1
43
2
4
3
25
5
8
3
65
7
5
1
38
3
3
1
4
4
4
1
63
2
8
1
18
11
3
2
5
3
11
2
41
5
6
2
32
2
12
1
35
2
10
3
33
3
3
1
17
11
7
1
33
6
12
3
43
4
11
3
5
2
6
2
16
2
9
2
28
1
9
2
29
3
5
2
44
3
1
1
45
1
3
3
26
8
6
2
37
2
6
1
39
1
8
3
2
10
10
1
26
1
7
3
4
18
1
2
45
2
5
3
40
6
10
2
9
1
11
1
61
1
9
3
33
20
8
3
39
10
11
3
23
3
11
2
60
3
11
1
65
1
10
2
33
2
7
1
28
3
4
1
52
2
4
3
41
1
1
