1
41
2
3
1
55
1
12
1
43
3
5
2
25
2
6
3
30
1
1
1
36
2
9
1
8
15
8
1
54
1
11
1
60
1
10
3
30
24
2
3
40
5
7
1
33
5
2
3
38
7
2
1
23
2
1
2
38
3
1
2
18
2
7
1
6
1
10
1
13
4
5
2
14
1
1
3
17
12
9
3
12
7
12
1
34
11
12
2
9
1
3
2
43
4
7
2
60
4
8
3
68
3
12
3
53
3
10
3
63
3
1
1
37
2
5
3
54
1
12
3
68
1
11
3
27
8
5
3
34
1
11
1
1
1
8
3
16
6
10
3
9
14
12
1
32
7
12
1
3
2
7
1
16
6
8
2
3
3
11
2
63
1
3
2
13
3
11
1
16
5
8
2
4
2
6
1
66
1
10
1
47
2
8
1
30
6
3
2
23
3
11
3
66
6
1
2
16
3
3
3
39
5
1
1
10
6
1
2
49
1
7
3
2
10
12
2
42
1
3
3
8
8
9
2
10
1
4
3
43
4
7
3
18
25
4
2
15
3
10
2
12
1
12
2
1
1
6
2
33
2
1
2
61
1
8
3
44
7
6
1
44
3
5
3
7
5
6
2
71
1
1
3
67
35
12
3
11
4
2
1
9
3
12
1
15
3
12
3
26
3
1
1
38
2
3
3
54
2
1
1
25
2
9
2
4
1
7
2
47
1
9
1
63
1
10
1
52
3
5
3
9
21
8
3
3
3
8
3
13
5
4
2
53
3
4
1
17
12
7
2
37
4
5
1
13
9
7
2
30
3
5
3
41
3
9
3
25
2
2
1
44
2
12
2
39
1
3
1
6
2
8
2
9
2
6
2
54
1
9
3
5
3
12
3
41
2
2
1
68
1
3
1
22
1
2
2
34
2
8
2
66
3
6
1
31
17
6
2
52
6
5
1
17
9
4
3
44
4
5
2
53
2
1
2
31
3
4
2
40
4
6
1
28
3
3
1
27
1
12
2
44
3
3
1
10
8
3
2
37
1
5
3
28
12
7
2
12
3
6
2
2
2
1
3
3
4
4
2
15
1
12
2
26
2
1
3
32
4
7
1
36
3
10
1
3
4
7
3
45
6
5
1
11
11
3
2
6
2
5
1
61
3
2
2
49
3
2
2
30
2
4
1
15
2
7
1
7
1
10
2
17
2
10
1
54
3
8
3
49
1
1
3
29
18
4
3
65
17
7
3
13
9
3
3
23
16
12
2
45
4
5
2
55
3
2
3
1
6
9
3
42
1
4
3
47
8
7
3
45
4
7
2
18
1
2
3
7
2
9
1
32
6
8
3
55
8
1
1
39
2
1
3
15
7
3
2
52
3
10
3
22
12
9
3
39
9
4
3
35
3
6
1
12
13
3
2
61
3
2
1
40
2
5
2
25
3
11
1
53
2
1
3
12
1
10
3
23
15
1
1
38
1
2
1
33
1
7
3
61
10
1
2
13
1
9
1
45
2
2
2
67
2
8
2
54
2
6
2
22
2
9
2
60
3
9
1
71
1
6
3
8
20
7
1
4
6
1
2
33
1
6
1
65
2
3
1
7
8
12
3
66
1
8
3
26
6
11
1
26
3
1
2
41
2
12
2
42
2
1
2
32
3
6
1
34
1
2
2
10
2
11
2
43
2
2
2
66
1
3
2
7
1
8
2
38
2
6
2
8
1
6
2
11
2
4
3
18
8
11
2
11
3
2
1
9
14
6
2
6
1
10
2
40
2
6
1
26
1
7
2
29
2
3
2
41
5
3
2
39
2
10
1
31
4
6
3
31
18
9
1
30
3
2
3
67
10
9
3
35
8
4
1
71
2
9
3
17
2
3
2
27
3
2
1
65
1
2
3
52
5
9
1
67
1
9
1
12
16
3
2
71
3
8
2
55
2
2
1
29
3
4
1
45
1
3
3
25
5
10
3
10
2
8
1
68
2
3
1
11
2
12
2
36
1
11
1
2
1
8
3
37
2
5
2
45
2
3
1
42
1
2
3
40
4
10
1
23
3
12
3
36
14
3
3
15
15
6
1
43
1
8
1
66
3
5
2
68
1
3
3
6
5
9
1
25
3
4
1
5
2
6
1
5
1
7
3
55
5
3
3
10
8
1
3
31
24
10
3
34
2
8
2
44
1
9
1
49
1
8
2
2
1
1
1
2
4
11
2
35
1
5
1
53
1
11
1
67
3
11
2
27
1
6
3
32
9
1
2
63
3
12
3
71
5
3
1
35
3
4
3
37
9
12
3
60
12
5
2
23
1
9
1
63
2
9
1
55
2
11
2
7
3
12
3
52
15
11
1
18
7
2
2
34
3
4
2
67
1
6
3
14
17
3
1
41
3
2
3
28
10
9
3
60
9
5
3
53
1
9
1
29
2
6
2
47
3
6
3
63
11
12
1
60
2
1
3
38
4
9
3
71
4
8
1
28
1
6
1
40
1
5
1
18
2
7
2
29
1
11
2
28
3
6
1
8
11
10
2
14
2
12
2
31
1
11
3
36
2
10
3
1
5
10
3
43
3
4
2
17
3
8
1
35
1
2
2
32
2
12
3
42
2
3
3
4
1
4
3
16
3
3
1
42
2
12
3
4
18
12
2
26
4
4
3
14
13
1
3
29
5
10
2
3
2
11
1
61
1
6
1
49
2
5
1
27
2
9
2
5
2
4
2
35
3
11
3
65
4
4
1
14
3
9
2
8
2
8
2
16
1
12
1
37
1
5
3
27
7
7
2
28
2
12
2
1
2
6
3
61
5
1
3
5
4
9
2
68
3
5
3
47
3
2
1
14
15
2
2
65
1
6
1
4
4
2
2
36
3
3
3
6
4
11
2
65
4
3
3
22
9
6
1
47
3
5
1
39
4
5
1
22
2
9
1
52
2
12
3
2
2
10
3
33
7
9
3
33
21
7
2
5
3
11
2
22
3
2
3
49
6
1
3
11
11
5
1
1
2
8
