3
34
1
12
1
42
1
7
1
17
7
12
1
60
2
2
2
13
3
11
2
32
3
10
2
65
2
12
3
30
20
8
3
38
7
9
2
3
3
9
1
34
11
1
2
9
1
7
2
66
1
6
1
12
10
12
2
26
1
3
2
33
3
2
3
26
10
2
1
53
1
6
2
33
1
4
2
11
3
9
2
61
1
4
3
39
5
2
1
53
2
7
1
14
19
11
2
40
4
8
2
39
1
1
2
1
2
5
1
8
13
7
3
2
10
7
3
25
1
9
3
40
5
8
3
6
3
9
2
65
1
6
2
18
3
8
3
18
2
3
2
67
2
3
2
43
3
12
3
31
21
3
2
4
1
7
1
22
3
2
3
9
16
11
1
3
11
1
3
53
6
1
1
68
2
10
1
67
3
9
1
8
1
10
1
28
1
12
1
63
2
2
2
53
1
4
1
54
1
2
1
35
1
2
3
11
12
9
1
34
3
8
3
33
18
8
2
55
2
11
2
17
2
8
1
3
10
5
2
68
2
11
1
49
2
9
1
1
1
4
3
60
26
12
2
28
1
11
1
30
17
11
3
10
12
2
3
44
7
7
2
71
2
6
3
12
4
6
2
49
1
7
2
8
3
11
3
65
14
10
2
36
2
10
1
29
3
7
1
25
1
5
1
16
7
3
2
30
3
1
3
27
8
6
3
13
5
4
3
49
1
11
3
15
7
2
1
28
3
12
2
14
3
4
1
40
2
8
3
5
5
5
2
41
4
1
3
60
16
7
1
23
2
2
2
26
4
12
1
2
4
11
1
42
2
11
1
47
1
3
1
66
3
10
1
61
1
10
1
71
3
6
2
67
1
6
3
23
6
8
3
33
14
12
1
32
2
10
1
41
2
2
3
27
12
4
2
29
1
6
1
67
1
8
1
32
7
1
1
23
1
12
1
52
3
4
1
12
6
12
1
63
1
9
3
35
5
12
3
5
3
6
2
23
1
1
3
66
2
3
1
45
1
9
2
47
4
7
1
44
2
2
2
60
3
6
1
26
2
3
3
13
3
7
3
39
4
11
3
29
14
1
1
33
6
9
3
55
13
12
2
36
3
11
1
13
2
11
1
25
3
9
1
65
2
1
1
55
2
11
2
29
2
12
2
17
1
2
3
10
7
5
3
6
5
1
1
40
1
12
3
66
5
10
2
13
2
2
2
40
3
3
2
27
1
11
2
61
3
4
2
7
3
2
1
37
2
6
1
35
4
1
2
45
2
2
3
61
5
6
3
47
5
1
1
55
1
1
1
49
1
12
1
5
2
4
3
43
4
7
2
41
5
2
1
66
1
5
2
49
2
8
3
1
10
2
3
45
2
7
3
34
2
7
1
37
1
6
1
6
1
9
1
4
4
12
2
63
2
9
1
11
2
1
3
2
6
8
2
39
3
10
3
68
9
10
1
4
7
2
3
71
3
5
2
37
2
7
3
22
10
10
3
16
6
7
3
11
20
9
2
3
1
6
3
42
2
7
1
27
2
9
3
16
2
5
1
39
3
1
3
3
3
4
2
10
1
12
1
31
10
4
2
15
2
5
2
30
4
6
3
29
18
3
1
10
2
8
1
44
4
10
3
63
6
7
2
11
1
6
1
27
1
6
3
41
1
2
3
8
10
10
3
36
2
7
1
45
2
7
3
9
11
9
2
12
3
8
3
47
6
4
3
54
2
2
2
22
3
12
2
4
2
11
2
43
2
8
3
54
1
1
1
38
1
12
3
38
6
4
3
49
2
12
3
4
16
2
3
37
8
8
1
16
1
9
2
2
3
8
2
16
3
6
2
53
3
7
2
8
2
2
2
16
2
12
2
28
2
2
3
67
11
2
3
43
3
4
3
55
15
11
1
9
2
3
2
44
3
3
1
39
2
10
3
7
2
9
1
5
1
11
2
22
2
12
2
55
3
8
2
63
1
3
3
61
2
2
2
6
1
3
3
7
5
6
1
36
3
8
3
41
2
12
3
52
9
6
1
13
6
4
2
14
2
12
3
68
11
7
1
9
11
8
3
28
10
4
3
63
2
6
1
61
2
9
3
14
16
5
2
38
2
10
2
18
1
9
2
60
2
4
2
31
3
3
3
23
10
5
3
14
9
10
3
67
16
10
2
42
2
6
2
52
3
4
1
31
15
7
1
43
2
11
3
17
13
12
3
4
1
9
2
2
1
8
2
44
2
1
3
30
22
10
3
1
4
2
3
71
1
6
2
38
5
9
1
26
3
7
2
15
3
4
2
10
2
1
2
27
3
4
1
2
3
1
1
6
2
10
2
5
1
1
3
32
11
12
3
18
5
10
3
65
13
7
3
31
13
1
3
44
9
12
3
45
1
1
3
12
6
4
1
7
7
6
2
37
3
4
2
6
2
10
2
71
1
12
3
8
3
8
3
52
12
11
1
41
3
8
2
68
4
10
3
42
3
1
3
25
3
12
1
68
1
7
3
40
3
8
2
52
6
4
2
31
4
4
2
7
2
11
2
23
3
6
2
35
3
12
2
9
3
10
2
54
2
7
2
32
1
10
3
26
8
2
1
29
1
7
1
65
1
4
2
34
1
8
2
42
1
6
1
47
3
3
2
1
1
3
2
34
3
8
1
60
1
7
3
53
1
3
1
11
12
5
3
35
8
4
1
18
14
4
2
45
4
6
1
22
1
10
2
12
2
10
2
54
1
11
3
3
1
8
1
1
2
1
2
25
1
6
1
33
7
7
1
43
1
7
1
10
4
10
2
25
2
12
1
7
4
5
3
17
6
12
1
15
1
1
3
36
8
1
1
38
3
1
1
18
5
8
2
35
1
1
1
14
6
11
1
17
13
3
2
47
2
10
3
15
3
5
3
28
11
2
3
32
10
6
1
30
11
6
1
52
2
9
1
54
3
12
1
71
1
12
2
66
3
2
1
15
2
5
3
37
7
9
2
5
2
10
1
36
1
1
3
22
3
6
