1
31
5
5
2
16
3
10
1
12
6
4
1
36
3
6
3
8
20
4
1
66
3
10
3
44
7
4
2
31
2
11
1
6
1
1
3
17
12
9
1
55
1
7
3
9
6
8
1
45
1
9
3
67
33
5
1
44
1
2
2
10
3
10
3
43
3
9
3
61
1
2
2
44
4
10
2
8
2
12
1
37
1
9
1
54
2
11
2
52
5
11
1
61
3
3
2
30
4
6
3
5
3
4
2
16
2
4
2
47
3
6
1
65
2
11
2
25
3
2
1
40
2
4
3
29
17
1
3
31
14
8
1
33
8
2
2
18
4
1
3
29
4
1
3
45
3
9
1
38
3
10
2
26
1
9
1
31
10
6
3
63
13
1
2
38
2
7
1
68
3
11
2
45
2
8
1
71
1
9
2
8
1
6
3
28
5
2
1
13
4
1
3
12
5
1
1
39
1
3
3
63
2
2
1
29
2
4
2
18
1
7
1
16
2
12
1
1
1
6
1
36
2
12
2
30
1
6
3
33
16
6
2
14
2
3
3
23
19
4
3
6
6
1
3
52
8
4
1
42
1
3
1
28
1
8
1
35
3
8
2
12
3
2
3
7
4
3
3
26
6
1
3
31
29
6
1
26
1
6
3
39
6
1
1
28
3
9
1
22
3
2
2
33
2
4
3
47
5
3
2
38
1
4
3
1
8
9
2
4
3
9
2
35
1
7
1
16
4
11
2
13
2
8
1
68
2
12
3
41
2
2
1
47
3
10
2
66
3
4
3
10
9
10
2
55
2
5
2
15
1
3
3
47
7
1
1
66
2
7
2
17
3
3
2
17
1
1
3
67
30
6
3
8
7
11
2
7
1
10
1
14
21
10
3
25
3
2
1
47
1
4
2
13
1
4
2
28
2
4
3
34
5
6
1
52
1
6
2
44
2
11
2
42
2
10
3
65
11
12
1
1
2
2
3
71
2
9
3
49
3
6
2
1
1
12
1
7
6
5
3
18
7
7
1
55
2
2
1
6
2
2
3
39
4
11
3
22
4
2
2
3
1
4
1
4
3
8
2
36
1
5
2
61
1
12
2
28
3
3
3
30
17
12
1
63
1
2
1
38
1
10
2
54
1
4
2
12
2
5
2
53
2
3
3
23
16
2
1
10
2
7
3
17
6
10
3
7
1
4
2
34
1
1
3
37
3
11
3
35
4
1
2
23
3
6
1
42
2
1
3
5
4
1
2
35
2
12
2
63
1
5
2
33
3
10
1
39
4
9
3
33
23
10
3
13
1
3
2
9
2
5
2
2
2
1
3
14
6
3
1
30
19
12
3
38
1
9
2
67
1
10
2
65
2
9
3
36
10
4
3
55
16
5
3
1
7
7
1
27
2
10
3
3
9
1
3
40
5
8
1
60
2
1
3
18
3
1
1
23
3
1
1
3
3
11
3
32
4
8
3
36
11
3
2
54
2
7
3
22
2
4
3
27
7
12
3
45
6
10
1
53
1
5
1
12
9
6
3
55
3
5
2
49
1
12
1
2
3
7
3
11
9
7
2
27
2
7
1
32
1
7
2
40
3
10
2
2
3
7
1
5
1
12
2
47
1
5
3
65
20
9
1
23
2
8
1
67
3
10
3
34
7
6
2
29
1
3
2
9
3
4
3
3
8
12
2
6
3
8
2
22
3
6
2
3
2
4
3
61
10
10
2
29
2
12
3
52
5
4
1
8
6
4
3
38
6
10
3
41
1
11
2
25
2
7
3
53
4
4
2
41
4
11
2
1
3
10
2
71
1
3
1
65
1
1
1
25
2
8
3
16
5
4
1
41
1
10
1
44
4
1
2
49
4
2
2
40
4
9
1
34
6
2
2
45
1
10
3
10
24
3
2
6
1
5
3
43
1
3
2
52
4
8
2
60
4
4
1
41
3
2
1
63
2
8
3
14
9
10
3
16
8
5
3
42
2
1
2
14
1
12
1
22
2
6
3
25
5
12
2
41
3
12
3
60
16
11
3
11
24
5
3
30
6
5
1
34
2
8
2
32
4
6
3
54
2
4
1
60
1
9
2
22
2
10
1
37
2
3
2
27
3
1
3
66
8
4
3
15
3
9
1
15
3
10
1
25
3
9
2
66
2
11
3
60
25
6
3
44
2
3
1
45
2
1
2
26
2
6
1
61
1
1
1
3
10
6
2
11
2
10
3
32
10
9
3
54
1
2
3
40
1
8
3
4
19
3
3
2
4
12
1
5
2
3
1
18
4
9
1
32
4
1
2
39
2
7
2
53
1
5
1
35
1
6
1
54
3
8
1
33
7
12
1
30
4
9
3
71
4
3
1
11
5
12
2
65
4
2
3
26
9
8
3
2
3
10
1
27
1
12
3
68
3
8
3
4
12
3
3
9
7
8
1
7
11
7
3
6
3
2
1
2
5
11
3
15
4
3
2
63
3
12
1
4
6
7
1
49
1
9
3
49
1
11
3
42
4
3
2
5
1
10
2
11
3
6
1
14
22
6
1
53
2
6
2
15
3
12
2
37
3
12
3
13
7
2
3
53
8
6
2
39
3
8
2
68
1
11
2
68
2
10
1
9
10
12
1
52
3
2
1
17
4
11
3
37
1
11
2
71
2
2
1
11
7
12
1
17
13
10
2
10
1
6
3
35
2
3
2
7
3
1
2
4
1
4
2
37
4
10
1
43
3
5
1
26
2
5
1
9
8
12
2
36
3
4
2
5
3
4
2
61
2
3
1
67
1
12
3
28
7
12
2
60
2
7
2
43
3
2
1
18
6
9
1
43
1
1
1
29
3
7
2
43
5
5
3
27
12
1
1
8
3
9
2
23
2
4
1
71
2
10
1
10
7
11
2
31
5
5
2
42
1
6
1
15
2
3
3
68
4
2
3
66
5
11
3
12
3
6
2
55
1
4
2
32
1
6
2
34
3
1
1
49
2
2
2
67
2
10
1
13
2
3
1
40
1
10
