2
18
2
9
2
52
1
3
1
65
1
9
1
41
2
2
3
33
24
8
3
14
4
12
1
30
16
2
2
22
2
1
1
60
1
5
2
61
2
12
1
11
3
2
2
3
1
10
1
18
6
12
3
31
19
4
3
3
7
10
2
17
1
2
1
68
3
12
1
66
3
4
3
35
5
9
3
65
18
11
1
26
1
11
1
36
2
2
1
28
2
1
2
40
1
11
1
49
2
7
3
55
14
10
1
17
16
10
3
66
6
9
2
37
2
11
1
41
1
10
2
10
2
10
3
30
11
4
1
22
2
10
3
61
6
2
2
9
3
7
2
8
3
12
3
9
20
2
2
55
3
12
1
28
1
9
2
61
3
12
2
13
1
4
1
45
2
7
2
17
2
10
1
42
1
9
1
55
2
6
1
39
1
12
1
25
1
2
2
63
2
2
3
13
6
2
1
13
8
11
2
66
2
3
3
7
5
1
3
34
10
3
2
29
2
5
1
10
6
4
3
36
3
8
3
38
5
12
1
7
7
3
3
12
3
1
1
13
3
5
1
33
8
5
2
49
3
1
1
8
2
1
3
17
15
4
3
36
4
11
2
66
1
7
2
8
2
11
3
66
7
1
3
15
8
4
1
47
3
6
2
43
5
8
3
26
7
2
1
5
1
9
3
52
3
10
2
37
4
10
3
26
10
1
2
35
2
10
2
68
3
6
1
5
2
11
1
37
1
7
3
45
6
5
1
8
12
12
2
38
1
3
2
12
2
1
3
33
19
4
1
38
3
4
2
71
2
4
1
26
3
1
2
5
1
7
3
1
1
4
1
18
10
9
1
52
2
6
2
54
2
4
1
35
4
11
1
54
1
10
2
38
4
10
1
61
1
9
3
28
16
6
1
2
3
6
2
14
1
3
3
16
3
4
1
3
5
10
3
53
4
5
3
3
1
1
1
33
1
11
3
27
16
5
2
42
2
5
2
45
4
2
3
25
2
4
2
65
4
8
1
11
6
7
1
34
9
6
3
10
13
12
1
23
3
4
2
53
3
8
1
32
3
12
3
32
9
3
3
8
4
9
2
60
4
11
1
27
3
3
2
5
3
12
3
40
1
12
1
47
2
5
2
1
3
3
3
61
1
8
2
23
3
1
2
54
1
8
1
14
8
9
2
15
3
7
2
23
1
9
3
44
9
8
3
43
6
5
3
71
1
6
3
11
20
12
1
67
1
10
2
25
1
9
3
39
5
3
3
13
1
12
3
22
7
5
3
63
1
2
2
16
1
4
3
29
3
11
3
8
2
9
3
41
2
12
3
17
12
2
3
1
6
10
3
68
6
12
3
29
18
3
3
18
24
11
1
71
1
11
2
7
2
11
2
33
3
6
2
10
3
9
3
6
3
1
3
5
4
7
1
36
3
1
1
71
3
6
3
9
9
7
2
16
3
3
2
63
3
11
1
34
8
5
1
40
3
4
2
55
2
4
3
67
37
12
1
4
6
8
2
4
3
1
1
1
3
3
1
52
3
4
2
39
3
1
3
71
2
7
3
63
9
4
2
35
3
4
2
11
3
7
1
15
5
10
1
16
2
11
1
25
3
9
3
22
5
7
2
52
7
9
1
43
2
9
2
2
2
1
3
2
8
1
3
15
5
8
2
42
1
9
3
67
25
6
3
55
16
11
2
45
1
6
1
16
1
3
1
65
2
7
2
34
3
11
1
39
4
4
2
36
4
2
2
28
1
3
1
6
2
2
2
15
1
6
1
6
1
4
2
49
2
3
1
44
2
5
1
30
8
6
3
32
10
6
2
67
1
12
1
10
5
6
2
18
1
8
3
37
11
9
3
39
10
2
2
3
3
5
3
7
3
6
1
14
16
11
2
30
1
12
3
25
1
6
2
60
2
2
3
54
2
10
2
9
1
12
1
38
1
1
1
55
1
3
2
7
1
9
2
71
1
9
2
32
3
2
3
4
2
4
3
60
12
10
3
42
2
9
2
32
1
10
1
42
2
3
3
54
1
7
2
41
5
6
2
30
5
7
1
63
2
3
1
22
3
3
3
5
5
4
2
13
2
2
3
12
6
2
1
60
2
12
2
67
2
2
1
23
2
2
3
44
7
5
2
31
4
4
3
34
2
10
2
6
3
2
3
42
3
12
1
49
1
3
2
4
1
5
3
6
5
6
1
1
1
10
2
53
1
6
1
66
1
12
2
34
2
11
1
29
3
10
2
6
2
2
2
47
2
2
3
49
3
5
1
43
3
7
1
63
1
8
1
45
1
3
2
27
2
11
1
40
1
8
1
31
14
9
2
40
3
8
2
28
3
8
3
41
3
11
1
53
1
6
1
2
2
7
3
28
7
7
1
35
1
6
1
67
2
5
2
2
3
5
3
45
4
10
1
37
2
2
3
35
8
10
2
31
3
7
3
27
6
7
2
41
2
5
3
60
7
5
2
22
3
12
2
36
5
12
3
4
22
11
3
47
9
6
2
26
1
2
3
23
13
10
2
44
4
12
3
14
9
12
3
2
10
12
1
12
7
3
3
23
11
6
2
43
4
2
2
65
2
5
3
10
6
6
2
47
4
8
1
4
7
5
2
44
5
2
1
44
1
4
2
11
1
6
1
9
9
10
1
9
11
11
3
68
2
1
3
37
1
6
1
15
4
8
2
68
2
11
1
12
16
5
2
29
3
8
3
49
7
4
3
38
12
8
1
53
2
1
1
29
2
4
3
18
8
6
3
47
6
8
3
65
14
7
1
27
2
11
3
52
4
9
2
12
1
10
1
32
2
2
3
16
2
10
2
14
2
12
3
40
4
1
1
17
3
11
3
30
18
10
1
54
3
3
3
53
5
3
1
31
8
8
2
25
2
3
2
27
1
6
3
43
2
5
2
1
2
10
2
26
2
3
2
39
2
4
3
11
1
1
1
3
9
8
1
61
3
12
1
68
2
3
3
31
7
5
1
7
10
1
2
33
1
11
