3
1
7
4
1
71
3
2
1
42
2
1
2
38
3
11
1
32
4
11
3
9
5
8
2
66
3
7
2
30
2
5
1
45
2
6
3
28
11
5
1
60
1
8
1
43
1
9
1
45
1
8
2
28
2
7
3
36
7
2
3
42
2
5
2
6
1
11
1
42
1
10
1
36
2
9
2
26
1
1
3
7
2
10
3
29
9
4
2
4
3
3
2
17
3
2
2
13
2
7
3
33
2
11
3
47
4
7
1
3
2
1
3
52
7
11
3
53
5
5
3
32
3
4
2
47
1
10
1
35
3
12
3
43
5
8
3
12
4
3
2
49
2
7
3
12
1
8
1
23
3
7
3
22
2
2
3
35
4
8
2
63
3
4
2
42
4
1
1
63
1
6
1
5
1
11
1
11
2
2
2
37
2
8
1
39
3
9
2
22
2
3
2
28
1
4
1
66
1
3
2
52
2
1
3
3
9
4
1
61
2
6
2
13
3
1
2
3
1
2
3
14
26
9
3
45
6
2
2
18
1
9
2
61
1
12
1
15
2
8
3
10
24
1
2
34
3
5
2
37
4
6
1
11
12
7
3
66
4
1
1
17
7
2
1
30
11
3
1
37
2
6
2
18
3
3
3
16
3
2
3
68
12
6
3
60
19
7
3
47
7
1
2
32
4
9
1
4
8
3
3
22
5
10
3
31
5
4
3
28
2
11
1
22
3
4
2
1
2
9
2
2
3
2
2
47
3
2
3
63
10
10
3
54
1
8
1
43
3
12
3
30
18
8
3
44
7
2
1
67
1
9
3
23
14
1
3
29
16
9
1
31
16
10
1
4
7
5
3
26
3
3
2
6
2
8
3
40
4
8
2
7
1
11
3
40
2
8
3
13
7
5
2
43
5
6
2
22
3
7
1
23
2
2
3
9
9
2
1
47
1
12
1
38
1
3
2
68
3
9
1
27
1
5
3
25
8
4
2
33
1
11
1
71
1
9
2
33
2
2
2
60
1
6
2
11
2
8
3
61
6
4
1
33
6
7
2
45
2
3
1
28
2
5
3
26
1
4
3
33
13
10
2
53
1
8
3
38
11
8
1
5
2
8
2
60
4
2
2
8
2
6
3
7
4
1
1
37
1
8
1
6
2
2
3
31
10
2
3
6
3
6
2
41
1
6
3
66
1
6
3
61
3
11
1
63
2
5
2
42
1
12
1
29
3
1
1
22
2
2
1
35
2
4
2
49
1
11
1
31
5
6
3
17
12
4
2
12
1
4
1
39
4
5
1
54
1
8
2
5
1
9
2
31
4
11
1
66
3
8
2
52
3
5
2
9
3
9
3
3
8
5
2
39
4
7
2
14
3
12
2
17
2
2
3
60
32
10
2
8
1
11
2
10
3
11
3
37
9
6
1
55
1
1
3
41
2
10
1
10
1
12
3
55
2
1
1
16
4
2
1
44
3
3
3
27
13
10
3
4
21
6
3
67
14
1
3
18
15
12
3
49
2
7
3
53
6
9
1
65
1
9
1
55
2
5
2
53
3
11
3
8
5
9
3
35
8
2
3
1
3
2
2
35
2
7
1
8
9
6
1
15
5
10
1
68
2
2
1
13
9
9
1
60
2
12
2
61
3
4
2
68
4
12
1
18
11
5
3
34
3
10
3
2
8
5
1
67
2
5
3
13
1
3
2
5
3
4
1
44
2
12
1
40
2
4
1
52
3
1
3
16
2
3
3
71
3
2
1
14
11
1
3
6
1
10
2
15
2
3
3
45
7
7
3
30
21
3
1
3
3
9
2
63
2
4
1
25
1
3
3
68
5
7
3
5
2
9
3
39
1
10
2
45
4
12
2
27
1
1
1
7
2
11
1
18
14
5
1
12
10
6
2
26
2
2
2
65
1
8
2
34
1
10
3
41
1
8
2
71
2
7
2
54
1
3
1
49
1
1
2
39
2
8
2
66
2
9
1
61
3
11
3
37
12
4
2
25
1
12
3
18
24
2
1
9
12
8
2
15
3
9
1
13
5
4
3
65
5
11
2
71
1
12
2
38
4
10
1
33
3
1
1
53
1
11
3
54
2
5
1
2
3
2
1
2
2
6
1
1
2
6
2
40
1
10
3
55
17
9
1
53
2
3
3
49
3
12
1
47
3
11
1
34
2
10
1
28
1
3
3
17
4
3
1
12
4
9
1
38
3
11
2
54
2
6
2
35
3
9
1
40
1
1
2
12
2
5
2
30
3
9
2
9
2
2
1
26
2
1
3
8
10
12
3
43
7
12
1
17
2
1
2
7
3
7
2
44
3
6
3
39
5
2
2
67
1
4
3
25
7
7
2
16
3
1
2
1
3
2
1
65
2
4
2
43
2
8
3
11
19
12
1
36
1
7
2
16
2
7
1
68
1
7
1
1
1
10
2
23
2
11
2
29
3
4
1
49
2
12
3
63
6
7
3
36
8
1
3
11
7
12
2
27
3
9
1
26
1
11
2
36
2
1
2
65
2
5
3
2
1
10
1
27
2
6
2
31
5
12
2
10
1
5
2
41
2
9
3
42
3
12
3
15
9
8
1
14
9
6
3
52
13
9
2
55
3
8
3
38
6
10
2
55
1
7
3
44
4
8
3
15
8
10
2
32
3
11
3
67
25
12
3
4
14
6
1
6
1
2
1
34
4
8
3
65
8
10
3
10
19
3
1
30
5
11
1
8
11
11
2
2
2
7
2
40
3
12
1
25
3
7
2
67
2
9
3
71
2
4
3
5
3
1
2
11
1
9
3
14
3
4
1
10
2
4
1
32
7
2
2
36
1
7
2
14
2
12
3
23
8
9
2
4
2
9
2
29
1
11
1
16
2
9
1
54
2
5
1
41
1
3
2
23
3
1
2
44
4
6
1
52
1
5
1
9
7
9
3
27
7
10
1
41
2
5
1
7
8
11
2
25
2
10
1
29
2
12
3
32
9
11
3
34
5
8
2
3
2
7
