3
35
5
10
3
54
2
4
3
52
16
7
3
12
1
3
3
32
3
12
1
67
2
12
3
68
6
8
3
53
5
9
2
11
2
2
1
11
7
1
2
45
4
12
2
6
1
3
2
47
3
10
3
47
9
7
1
7
2
8
1
68
1
9
3
28
12
2
2
42
2
7
2
15
1
12
3
34
1
8
1
32
4
1
2
2
1
2
2
4
3
3
3
13
1
8
2
66
3
2
3
33
16
6
1
66
2
4
2
14
3
6
1
1
1
4
2
23
2
12
2
63
1
6
3
30
6
12
1
44
3
11
3
15
10
11
3
47
6
5
1
22
3
8
2
7
3
4
3
4
8
10
1
6
2
7
2
17
3
4
3
49
4
10
3
18
7
3
1
32
7
10
1
18
4
5
1
67
3
9
1
52
2
6
3
12
2
10
2
53
1
6
1
42
2
6
2
26
3
11
3
68
9
4
2
61
2
4
1
10
6
3
3
1
2
3
3
4
10
8
1
31
14
6
2
65
2
9
1
37
1
2
1
40
2
5
2
31
3
7
1
27
2
1
2
60
4
8
3
29
11
9
3
23
16
1
3
37
11
4
1
30
10
6
1
45
1
2
3
38
9
7
3
63
2
1
1
26
3
5
3
28
1
3
1
4
8
12
3
9
15
4
2
6
3
9
1
43
1
12
2
55
2
8
1
28
1
3
1
15
4
5
2
39
4
8
3
9
1
11
2
42
3
4
1
35
4
10
1
5
2
1
1
36
1
12
3
23
5
5
1
22
1
10
1
38
1
9
2
44
3
7
2
27
3
5
2
67
2
1
1
65
2
3
1
23
3
1
3
40
4
9
1
3
2
9
2
25
1
4
1
11
3
3
1
17
7
11
2
25
3
4
1
66
3
2
2
40
3
6
1
6
1
4
2
8
1
10
3
25
4
5
1
71
2
7
3
43
2
4
3
41
2
2
2
9
3
11
2
16
2
6
2
65
4
5
3
22
5
3
1
16
3
7
3
10
23
7
2
71
1
10
3
66
2
5
1
13
4
3
1
65
1
3
3
8
6
2
3
42
3
4
3
5
3
6
3
36
14
5
2
60
2
2
3
6
3
3
3
3
8
5
2
5
2
4
3
67
30
1
1
55
1
5
1
33
6
8
2
32
2
1
1
26
2
11
2
30
5
6
2
2
2
2
2
8
3
5
1
63
1
2
1
43
3
1
3
45
7
2
2
38
1
3
1
61
3
11
2
28
3
1
2
63
2
8
2
68
3
1
3
42
4
2
1
14
14
1
2
4
2
6
1
53
2
11
2
36
5
2
1
14
12
11
3
26
11
7
1
7
9
12
3
2
11
5
2
52
2
8
3
55
9
11
3
8
12
4
2
54
2
12
3
60
3
5
3
34
8
10
2
29
1
4
1
28
3
11
2
31
4
5
2
5
3
8
3
61
3
2
2
27
1
10
1
49
2
2
1
34
3
2
1
38
2
11
1
36
3
3
1
45
2
2
1
15
5
10
2
3
1
10
1
41
1
2
1
40
3
10
2
10
1
1
2
26
1
7
2
10
2
12
1
29
2
2
3
1
3
12
3
10
21
2
3
18
17
8
1
5
1
2
1
47
2
6
1
31
18
3
3
37
4
9
2
33
3
2
2
66
2
12
3
31
7
8
1
55
2
4
1
54
1
4
3
17
7
12
2
9
2
12
3
5
2
5
3
15
1
6
3
27
7
6
1
25
1
2
1
8
11
3
1
4
6
11
2
18
4
1
3
71
2
5
2
7
1
9
3
29
10
3
2
55
1
12
3
7
4
7
1
44
4
2
3
44
9
8
2
54
1
4
3
13
9
12
2
61
3
9
3
60
6
6
2
49
2
1
3
44
6
10
2
37
1
1
3
26
2
8
3
53
3
4
2
68
2
8
3
39
8
1
3
25
7
10
2
34
3
10
2
14
1
12
3
52
10
7
1
49
1
1
2
44
1
2
1
39
4
10
1
12
4
6
2
12
1
2
2
41
4
9
1
39
1
10
3
7
2
12
1
47
3
6
1
10
8
5
3
45
2
6
3
36
10
7
1
13
3
3
3
16
7
11
2
29
3
3
1
68
3
12
1
53
1
4
2
23
1
7
3
11
1
7
3
40
5
5
2
36
4
9
2
3
2
1
1
60
1
10
3
6
4
7
2
35
2
3
1
52
3
4
1
34
9
1
1
3
5
9
2
16
1
7
3
2
2
9
2
67
1
1
3
16
3
3
1
16
2
2
1
54
2
1
1
41
2
10
2
1
1
3
2
35
3
1
3
35
2
10
3
38
11
3
3
54
1
2
2
39
2
7
3
30
3
5
1
29
3
2
2
37
2
3
2
11
1
8
3
27
4
5
2
30
3
12
2
52
4
9
2
33
2
5
1
27
1
8
3
49
1
9
3
11
2
9
2
41
2
11
2
22
1
5
2
53
3
9
3
41
1
7
2
15
2
7
3
71
5
5
2
71
2
10
1
9
7
4
2
43
2
3
1
37
2
1
3
65
16
7
3
43
3
11
1
35
3
5
3
63
5
7
1
2
1
11
3
32
2
10
1
25
2
5
1
63
2
7
2
22
3
9
2
1
3
11
2
38
4
7
3
3
5
2
1
71
1
3
1
8
17
8
1
30
11
11
3
33
1
7
3
31
19
1
3
39
5
2
2
32
1
6
2
43
4
12
1
17
8
6
3
66
9
11
2
17
2
3
3
67
37
9
2
13
3
6
2
47
4
3
1
33
3
2
1
18
11
3
1
60
2
1
1
12
2
7
2
18
3
8
3
22
6
1
3
55
7
6
1
9
11
8
3
17
6
9
1
1
2
4
1
23
1
11
3
61
7
5
2
40
1
9
1
61
1
1
3
14
18
6
2
49
1
11
2
34
1
3
1
42
1
5
1
2
4
9
2
12
2
7
3
65
9
12
2
45
3
7
2
28
1
8
2
13
2
8
3
14
3
7
