2
52
1
6
3
18
15
11
3
8
15
10
2
6
1
4
1
52
3
5
3
28
10
2
1
27
1
10
2
11
2
6
2
26
1
10
2
61
2
6
1
15
5
11
2
31
5
5
1
13
7
7
2
65
2
12
1
31
7
1
3
43
1
11
2
15
2
5
1
37
2
2
2
61
3
9
2
35
2
11
1
53
1
2
2
25
2
5
2
6
3
4
3
12
6
6
1
66
2
4
2
14
1
6
1
45
1
12
3
17
13
1
2
31
4
11
2
10
3
4
1
26
1
12
1
44
1
6
2
15
3
4
2
38
5
8
2
1
2
11
2
22
3
9
3
16
5
12
1
2
4
12
1
60
2
6
1
8
13
6
1
23
2
5
1
47
3
3
1
63
2
8
1
32
3
4
3
49
3
7
2
52
6
6
1
32
7
7
3
9
7
3
3
41
1
7
1
30
6
1
3
13
8
3
1
54
3
10
2
41
1
6
1
8
7
8
3
40
2
11
2
34
3
7
2
45
1
7
3
55
5
5
2
28
1
9
3
44
10
9
1
33
8
10
3
34
5
6
1
12
6
4
3
22
5
1
2
7
2
1
1
6
1
5
2
17
3
6
2
13
2
9
1
49
2
6
1
29
2
5
2
54
1
3
1
3
9
9
1
16
6
8
1
61
1
9
2
39
3
1
2
23
1
2
1
71
2
5
2
67
2
11
3
47
1
2
2
38
3
3
3
14
5
8
3
8
20
3
1
4
1
10
3
32
1
1
1
25
2
5
3
5
2
2
2
8
1
5
1
28
1
10
2
45
4
6
3
42
4
3
2
13
3
7
3
71
2
7
1
55
1
8
2
65
1
7
1
9
5
12
1
52
1
7
1
44
2
10
3
68
5
10
3
7
2
11
1
1
3
12
3
38
9
5
3
65
20
10
1
67
2
2
1
27
3
4
1
43
1
9
1
22
1
11
1
22
2
3
1
35
2
8
1
6
2
1
3
54
1
10
2
55
1
12
2
67
1
12
3
1
8
4
2
27
2
3
2
63
2
9
3
45
7
11
3
66
4
11
3
37
12
6
3
4
18
3
1
55
2
7
2
39
2
5
1
39
4
10
2
12
2
9
1
61
2
7
1
54
1
10
1
7
11
1
3
45
2
6
1
39
3
8
3
34
7
7
2
42
2
10
3
7
5
8
1
2
7
12
3
44
5
2
1
15
3
6
1
40
1
1
1
16
1
7
3
30
8
4
1
36
2
5
2
11
3
11
3
63
13
2
1
17
8
1
3
37
4
10
3
26
8
6
3
25
7
10
3
17
12
9
2
4
3
10
2
53
2
8
2
30
5
6
2
22
1
6
3
52
1
12
2
28
3
5
1
11
8
2
3
65
19
1
3
33
20
10
3
67
35
10
3
31
25
1
2
10
1
5
2
14
3
2
2
37
3
6
2
44
2
10
2
29
1
4
1
71
3
8
3
63
12
9
2
16
3
7
2
33
3
12
3
13
9
3
2
47
1
6
2
17
2
1
3
27
14
8
3
14
22
5
3
43
5
12
1
68
1
6
3
36
5
1
1
9
13
3
3
32
6
11
1
25
3
11
2
30
2
5
1
37
1
3
1
18
5
6
1
53
2
10
3
16
8
8
1
30
9
8
1
38
3
3
1
17
6
7
1
14
8
1
2
12
1
1
3
9
18
10
2
18
2
11
3
67
37
9
3
39
5
12
1
10
5
8
1
7
10
9
2
2
3
5
3
18
22
2
2
32
1
11
3
35
6
2
2
71
3
11
1
28
3
4
2
3
3
2
1
41
2
8
3
3
8
6
3
33
19
11
2
42
3
6
3
41
2
3
2
49
1
4
3
23
7
5
3
2
2
6
1
4
8
3
1
60
1
10
3
1
9
3
3
6
5
12
1
33
5
4
3
61
5
3
3
52
8
2
3
11
22
12
3
11
20
5
2
54
2
4
3
71
1
2
2
29
3
5
2
37
2
5
1
26
2
11
2
40
1
11
3
54
2
6
2
49
4
3
2
36
3
9
1
3
10
9
2
26
3
1
3
53
2
11
2
25
3
3
3
12
4
5
2
44
5
10
2
9
3
12
3
42
3
2
3
25
2
1
3
6
1
9
1
68
2
3
2
32
2
7
3
10
19
7
1
5
2
12
2
18
3
1
1
66
1
6
3
38
8
2
2
1
1
8
2
5
1
1
1
47
2
6
1
65
1
5
2
35
3
7
2
53
3
11
3
4
13
11
3
29
8
5
3
30
11
9
1
34
8
1
3
53
3
3
2
8
3
12
3
36
3
6
2
68
4
3
3
26
12
10
1
10
6
10
1
36
3
11
1
14
14
4
2
68
2
6
2
5
2
6
2
66
2
1
2
55
2
12
3
68
9
6
1
23
1
12
1
49
1
6
3
55
8
8
3
66
9
3
2
9
2
8
1
40
2
2
3
29
2
9
3
35
3
9
3
60
2
8
1
5
1
6
1
38
1
12
1
18
14
2
1
42
2
8
3
49
4
7
2
71
1
7
1
35
1
12
2
66
3
1
2
34
1
3
1
12
3
4
2
4
1
3
3
27
2
1
1
29
3
9
1
65
2
6
3
22
11
2
1
34
2
4
3
15
3
12
2
2
2
8
2
33
2
1
2
47
3
6
2
7
1
5
3
5
4
2
2
63
3
6
3
23
6
4
2
23
2
7
3
61
1
1
2
60
3
8
2
43
1
9
1
13
6
4
2
36
4
2
2
60
4
5
3
2
11
4
1
31
12
1
3
40
3
2
2
40
3
10
1
1
1
8
3
31
13
10
1
63
1
10
2
3
2
5
1
45
2
9
3
28
1
11
1
43
3
6
1
11
10
6
3
10
17
10
3
15
16
2
3
3
3
6
1
41
3
12
2
16
1
9
1
67
3
3
2
27
3
4
3
39
8
4
2
41
5
11
3
60
32
3
1
42
1
2
2
43
5
4
3
47
8
2
