3
27
17
8
3
36
10
3
1
71
2
11
2
36
4
1
2
66
3
8
3
2
4
5
2
29
1
11
2
32
4
3
2
4
2
8
2
49
3
5
1
38
3
2
2
44
5
3
3
28
3
8
2
5
1
10
2
40
4
7
2
14
2
2
3
43
4
7
1
5
1
12
3
3
8
4
3
25
7
5
3
17
5
8
2
25
3
6
3
13
7
11
3
8
19
10
1
32
5
7
3
4
28
5
1
16
4
1
2
9
2
12
1
54
2
8
3
30
14
1
2
37
2
11
1
34
9
11
2
71
2
8
3
5
5
5
1
33
4
11
1
22
2
6
3
68
2
4
3
71
4
5
3
9
9
7
1
47
2
12
2
6
2
5
1
47
3
12
1
26
2
6
3
39
10
6
1
49
1
11
2
36
3
11
2
35
2
9
3
7
1
10
3
68
12
11
2
40
2
8
3
7
3
11
1
55
1
8
3
3
5
11
1
5
2
6
3
29
17
2
2
17
2
11
1
38
1
1
1
25
2
6
1
68
3
5
1
27
3
10
2
63
3
12
2
63
1
12
3
35
5
3
3
66
4
9
2
68
1
5
2
43
4
4
2
4
3
2
3
12
5
9
1
35
1
4
1
55
2
3
2
38
5
5
1
42
2
12
3
36
4
4
2
26
3
12
3
31
25
11
3
53
3
3
2
52
4
3
3
55
15
2
3
32
2
10
2
34
3
6
2
12
1
9
2
53
1
3
2
39
4
2
1
30
1
5
1
2
4
6
3
45
5
2
3
9
31
2
1
42
1
6
2
60
1
4
2
7
3
9
1
31
16
11
1
40
1
5
3
22
10
11
1
14
19
3
2
61
2
9
2
65
3
5
1
13
7
6
3
18
8
2
3
61
8
2
1
10
3
10
2
27
3
6
3
47
9
12
1
61
2
7
3
67
5
10
1
1
3
8
2
67
2
9
1
1
1
3
1
23
1
5
3
35
2
5
2
28
3
10
2
66
1
12
2
5
3
9
3
18
16
7
2
7
1
11
2
42
3
11
1
67
1
10
1
65
2
12
3
26
6
1
2
35
3
9
2
47
2
8
1
54
3
9
3
37
2
4
2
65
4
5
2
49
4
7
1
25
3
2
1
10
1
7
3
44
10
5
1
15
5
4
3
12
6
9
3
40
2
2
1
30
9
5
3
71
2
9
2
23
2
2
3
39
6
10
1
11
5
10
3
43
2
3
1
6
1
8
1
7
10
3
3
32
1
4
2
1
2
4
1
60
1
10
1
13
6
7
1
8
17
2
2
38
1
8
2
12
2
1
1
40
2
10
1
37
1
8
3
33
12
8
2
18
2
9
2
37
3
2
3
41
1
5
3
23
17
1
1
66
3
2
2
31
5
9
3
23
5
9
1
22
1
5
3
41
3
2
1
61
1
3
3
26
11
3
3
37
4
3
3
29
18
11
3
5
1
12
1
12
11
5
2
45
1
12
3
15
7
4
2
30
1
5
1
52
1
4
1
18
11
2
1
39
1
12
2
8
1
4
2
13
3
9
2
13
2
10
3
54
1
9
2
39
1
4
1
27
1
8
1
14
4
2
3
10
21
7
1
44
2
3
1
44
4
7
2
42
2
7
3
65
19
1
3
31
8
4
3
60
20
8
1
9
6
2
2
16
2
7
2
41
5
8
3
65
5
7
3
52
10
2
2
10
1
8
1
8
9
2
1
4
8
5
1
11
4
3
2
55
2
6
1
31
8
8
3
14
4
6
3
60
30
3
2
2
2
2
1
67
2
7
3
10
10
3
1
45
2
1
3
63
7
8
1
63
2
3
3
47
5
6
2
71
1
3
3
42
3
8
2
6
1
12
2
45
4
11
3
15
9
7
1
9
14
7
1
45
1
9
1
17
5
4
3
8
20
9
3
44
8
6
1
39
4
12
1
3
6
6
3
27
10
8
1
68
1
8
2
34
2
4
3
52
12
6
3
34
3
5
3
22
8
5
2
47
1
12
3
4
20
12
2
26
4
11
3
33
1
1
3
49
4
7
3
28
13
10
2
15
1
1
3
16
2
2
3
34
9
12
2
61
3
9
2
23
1
12
3
66
8
6
2
17
3
3
3
17
3
11
1
7
2
11
2
55
3
9
1
28
2
7
2
43
1
7
1
43
1
3
1
4
7
3
2
11
2
10
1
60
2
3
2
33
1
1
1
17
13
7
2
3
3
8
1
52
3
5
3
25
2
12
1
34
4
9
1
36
3
3
1
41
2
3
2
25
2
2
2
44
2
4
2
1
1
12
3
45
4
4
1
65
1
7
3
40
5
2
3
55
4
10
1
18
9
1
3
11
2
5
3
2
12
9
1
63
1
1
1
12
9
1
3
61
4
7
3
30
20
5
2
53
2
9
2
9
1
8
1
23
3
3
2
15
3
3
3
38
7
7
1
29
3
6
3
63
6
4
2
11
1
10
1
43
2
10
1
71
1
2
3
11
5
2
1
16
3
12
2
18
4
1
1
66
2
2
3
1
2
9
3
6
6
7
2
16
1
10
2
3
2
4
2
8
3
4
1
36
2
8
1
37
2
1
1
2
1
4
2
67
1
12
2
31
1
6
3
67
32
9
2
32
2
7
1
28
3
3
1
32
4
6
1
15
2
5
3
13
6
1
3
42
1
4
1
6
2
10
3
49
5
1
3
53
6
3
3
6
2
8
1
33
2
10
3
38
1
2
2
14
1
1
1
29
1
12
2
52
3
3
2
41
2
12
2
28
2
8
1
35
3
10
2
22
1
8
2
27
2
10
1
53
1
1
1
49
2
12
2
29
3
4
2
30
2
3
1
41
1
3
3
14
10
12
1
26
3
1
1
53
2
5
2
60
2
5
2
33
2
2
2
54
1
4
2
68
3
10
3
54
2
7
2
22
2
11
2
54
2
11
2
10
2
3
3
16
5
8
1
3
5
4
3
1
8
1
2
2
1
1
