3
38
3
1
3
68
12
3
1
32
5
10
2
44
3
6
1
23
1
2
3
53
6
7
3
26
8
1
1
17
1
5
2
39
3
2
1
49
2
10
3
8
19
10
1
10
7
10
2
33
1
11
3
49
8
4
1
25
2
10
3
30
14
1
3
34
2
11
1
60
1
10
3
3
5
6
3
6
2
11
3
6
3
8
1
39
3
4
2
3
1
6
1
33
4
6
1
17
12
6
2
47
2
5
1
45
1
4
3
22
2
6
2
17
2
11
2
66
2
7
2
63
1
4
2
68
3
10
1
68
3
3
3
40
3
1
3
39
7
2
3
55
8
3
2
54
2
6
1
13
7
7
1
13
6
11
3
10
2
4
2
28
1
5
1
15
5
12
1
52
1
2
1
16
3
5
2
18
1
1
3
41
2
5
3
18
6
3
3
66
6
1
2
9
3
3
3
49
7
5
1
43
2
2
3
42
4
7
1
18
12
8
1
67
1
3
2
34
2
3
3
4
7
3
3
38
1
10
1
53
1
9
1
12
6
3
1
71
3
1
1
67
3
4
2
67
2
6
3
68
1
6
1
66
2
6
3
60
6
3
2
32
1
9
3
35
7
1
2
11
1
9
1
6
2
7
2
55
3
3
1
18
10
12
2
12
1
9
2
1
3
7
2
15
3
8
1
29
1
11
3
9
26
4
1
47
2
5
1
65
1
10
2
43
3
4
3
5
3
1
1
31
16
3
1
11
6
2
1
42
2
4
3
36
3
9
2
60
4
3
1
34
9
3
3
47
2
7
3
16
3
3
3
63
13
3
2
60
3
9
1
6
1
8
1
37
2
2
3
61
5
3
2
26
2
10
3
7
5
5
2
23
3
8
2
6
3
8
2
10
3
9
2
40
3
7
2
42
3
10
2
45
4
11
3
40
6
4
2
37
2
6
1
27
3
5
2
3
3
4
3
54
2
7
2
32
3
4
2
71
2
4
2
27
2
9
3
63
8
7
1
30
20
6
2
34
3
12
1
3
8
5
2
2
1
1
3
71
5
5
1
37
1
8
1
8
8
2
3
1
4
11
3
15
14
3
2
65
3
8
2
38
4
9
1
41
1
1
1
41
3
8
1
34
5
7
3
26
7
5
1
9
8
6
3
67
23
7
3
55
16
2
1
35
2
2
3
7
3
9
3
37
8
1
3
12
6
9
3
22
1
2
1
40
1
6
1
47
3
3
3
17
9
2
2
23
2
11
3
65
12
2
2
52
7
6
1
31
5
2
2
37
4
12
3
53
4
1
3
45
6
9
2
53
2
5
2
27
3
8
3
1
3
7
1
3
2
1
3
17
10
11
1
5
1
9
1
2
6
11
2
41
1
9
3
60
13
5
1
2
7
5
1
23
3
2
2
61
3
4
2
41
2
7
3
3
7
9
1
43
3
6
1
1
3
9
3
25
4
12
1
25
1
11
1
60
2
11
2
10
2
4
2
28
2
2
3
33
14
6
2
7
1
2
1
22
3
4
3
31
29
3
1
63
1
1
2
36
5
5
1
5
2
11
1
54
3
8
2
54
1
11
2
4
1
1
2
15
2
9
3
5
4
3
1
44
4
3
2
33
2
7
2
35
3
10
2
39
1
12
3
23
9
4
1
49
1
10
3
65
4
5
1
66
1
11
3
13
9
8
2
63
3
4
3
47
9
9
1
33
6
4
1
7
1
10
3
54
1
4
3
11
25
2
1
11
5
2
2
25
1
8
1
52
3
9
1
32
6
2
2
55
1
10
2
8
3
4
1
65
2
2
2
44
4
7
2
13
3
8
2
40
1
11
1
71
1
7
1
22
1
3
3
15
17
4
2
30
2
6
2
2
3
8
1
36
1
3
2
67
1
3
3
71
2
9
2
43
1
7
2
12
3
10
1
27
1
5
1
53
2
9
2
22
1
1
1
28
3
2
2
16
3
9
2
29
1
1
2
25
2
5
3
52
4
10
2
14
2
9
3
66
1
1
1
44
3
4
3
45
7
12
2
68
2
2
3
30
5
6
3
28
8
11
1
38
1
8
1
45
2
12
3
25
7
9
2
65
1
8
3
2
4
2
3
42
1
9
2
14
1
11
2
1
1
7
3
37
4
2
1
14
21
4
3
27
1
4
3
35
3
5
3
28
10
7
2
11
2
1
1
28
1
11
3
12
7
3
1
14
19
1
1
55
1
6
3
18
25
7
3
2
10
2
2
53
1
12
2
61
2
8
2
71
1
7
2
4
2
4
1
61
2
3
1
30
15
10
2
6
2
8
2
31
4
1
2
17
1
5
3
14
15
8
3
10
16
11
1
10
4
5
2
45
1
5
3
44
7
6
1
12
12
4
1
38
2
5
2
42
1
6
3
52
16
10
3
44
4
7
1
61
3
2
3
27
4
6
3
39
4
2
2
29
3
6
3
8
4
6
1
54
1
2
3
29
18
6
1
35
4
11
2
18
2
11
2
30
5
6
1
26
3
5
2
5
3
11
2
22
3
10
3
43
7
2
3
4
18
10
3
34
4
4
2
35
1
6
1
55
2
5
1
4
3
1
3
67
14
2
1
4
7
5
1
36
2
12
2
26
1
8
2
7
3
8
2
36
4
10
1
8
17
1
1
40
2
7
3
16
8
8
3
32
5
4
3
41
4
4
3
32
6
6
3
9
25
6
2
38
1
8
1
7
8
1
2
49
3
4
3
33
21
9
2
52
3
2
3
36
13
3
3
14
14
11
3
31
14
7
1
15
1
10
2
13
1
5
3
61
6
10
3
11
22
5
2
9
1
4
2
16
2
4
1
68
2
12
2
8
2
8
3
13
4
12
1
42
1
7
1
39
4
4
1
1
2
10
3
43
2
3
2
31
2
2
1
29
2
7
1
16
4
7
1
26
1
4
2
49
2
10
2
47
3
6
3
23
17
1
2
66
3
7
1
63
2
12
2
5
1
3
1
9
4
11
3
29
6
10
