3
43
2
12
3
41
1
4
1
44
4
8
3
39
6
11
1
18
6
7
1
31
1
11
1
32
6
6
3
37
1
6
1
4
4
3
2
1
3
5
1
43
3
1
2
11
3
10
2
61
1
5
3
42
2
1
2
42
3
8
2
29
2
5
2
38
3
7
1
39
3
8
2
52
6
11
1
12
2
7
3
53
8
1
1
36
3
6
2
6
2
4
2
35
2
12
3
67
10
8
2
36
3
3
1
27
2
3
3
53
4
7
3
71
1
2
1
5
2
9
3
4
14
11
3
65
7
11
2
47
2
11
1
71
1
8
3
15
1
3
2
44
4
10
1
52
2
8
2
37
2
10
2
18
3
1
1
71
3
11
3
67
31
11
1
4
1
5
1
28
1
4
1
16
1
5
1
6
1
7
3
49
2
5
3
14
4
6
1
52
1
7
1
7
2
7
1
18
11
2
3
26
4
8
1
2
5
3
2
33
1
1
3
42
3
2
2
40
1
9
2
18
4
8
1
37
1
9
2
49
3
7
2
63
3
4
3
47
4
6
1
16
2
1
3
26
6
12
1
68
2
1
3
63
11
5
2
22
1
11
2
1
1
6
2
68
4
10
1
17
8
8
2
29
1
11
1
28
2
11
1
30
16
12
1
22
1
9
3
11
14
8
2
54
1
7
2
55
2
1
3
55
6
12
2
17
3
10
3
35
1
1
1
29
2
11
3
36
4
2
1
2
4
4
1
63
1
7
1
9
7
6
3
30
3
7
3
54
2
7
3
16
2
12
2
6
3
5
3
54
1
12
3
35
3
7
2
11
1
3
2
8
2
6
3
14
22
4
3
31
23
2
3
44
3
3
3
33
3
6
2
30
3
9
2
26
3
7
1
22
3
6
3
27
2
6
3
13
9
3
3
7
5
8
1
38
3
11
3
1
8
8
3
47
3
8
3
17
17
7
2
65
1
2
2
42
2
12
2
13
3
12
1
8
16
1
2
47
3
2
3
55
15
2
3
63
13
7
2
45
1
9
3
43
8
5
2
39
3
10
2
28
1
7
2
15
1
6
3
38
1
11
2
61
3
10
1
32
2
5
2
36
1
8
1
41
2
3
1
34
1
8
1
1
1
4
1
13
7
3
1
36
1
2
2
34
3
5
2
63
2
11
1
39
1
10
2
40
3
8
3
60
4
12
2
52
2
12
2
12
2
1
1
38
1
7
2
32
4
9
2
43
3
12
3
22
7
12
3
45
3
11
1
27
1
6
1
67
2
12
3
8
14
2
2
13
1
10
1
35
1
2
1
23
1
12
3
5
2
12
3
6
1
2
2
3
1
3
1
45
2
8
1
43
1
6
2
44
3
11
2
9
3
1
2
43
5
3
3
2
7
3
3
27
14
10
3
66
9
10
1
42
1
10
1
8
6
10
2
54
2
1
3
38
2
5
2
5
3
4
2
33
2
12
1
29
1
7
1
12
10
8
1
55
2
12
1
9
11
5
2
2
3
2
1
33
1
12
2
17
1
3
1
53
1
6
3
17
5
9
2
10
1
5
3
12
6
4
1
65
2
12
1
60
2
2
1
49
1
4
3
39
7
10
2
71
3
7
1
65
1
1
2
68
3
11
3
16
3
10
1
37
2
11
2
2
1
7
2
39
2
7
3
33
22
3
3
40
2
11
3
37
9
6
1
44
3
12
2
31
3
11
3
29
18
12
1
35
4
7
3
65
15
12
1
5
1
9
3
8
15
9
1
15
2
10
1
11
8
3
3
28
6
7
1
10
8
5
3
9
29
8
3
25
5
11
1
3
5
2
2
23
2
3
3
25
1
1
2
4
2
12
3
7
2
5
1
26
2
8
3
3
7
1
3
61
11
1
2
25
1
2
3
71
2
12
2
38
2
11
1
49
2
12
2
66
1
10
3
29
19
9
3
32
6
3
3
45
1
2
1
14
21
2
1
31
4
7
2
41
3
4
2
3
2
7
2
66
3
5
1
30
12
5
3
10
17
12
2
34
2
5
3
52
16
11
2
9
1
6
3
1
6
5
2
32
3
12
1
40
1
3
3
15
4
4
3
49
7
10
2
7
2
11
3
6
5
3
3
3
8
1
2
65
4
3
3
60
29
1
3
61
5
10
1
61
2
5
2
60
2
2
2
26
1
11
2
14
2
2
2
25
2
1
3
23
16
6
1
67
3
2
2
71
1
10
3
12
5
11
1
55
1
2
1
66
3
6
3
28
2
2
1
47
1
2
1
33
6
8
3
23
1
5
2
35
3
1
1
45
1
10
3
44
5
6
1
41
1
10
1
47
3
8
2
4
1
6
1
10
2
8
3
31
3
7
1
3
6
5
1
34
4
4
2
67
2
4
1
40
3
1
1
13
5
9
3
32
7
4
1
11
12
11
1
17
6
2
2
37
4
9
2
49
1
11
3
40
1
1
2
31
1
1
1
15
5
5
3
41
4
12
3
22
12
6
2
30
4
12
3
18
10
6
2
7
1
2
3
5
3
9
3
4
10
6
2
27
3
5
2
22
2
12
2
53
1
11
3
34
11
2
1
63
2
4
2
60
1
3
1
42
2
10
2
53
2
10
2
27
1
7
2
14
3
1
3
52
8
8
3
66
8
4
3
10
20
2
2
67
1
12
2
41
4
3
3
36
3
11
2
23
3
3
1
23
3
8
1
25
2
6
1
26
3
10
1
53
2
7
1
1
2
1
2
16
2
3
2
5
2
8
1
14
11
8
2
45
4
5
3
30
6
4
1
68
1
4
3
9
5
4
2
28
3
10
3
68
13
11
2
10
3
10
1
54
1
10
1
7
7
7
2
15
3
7
3
13
6
8
2
12
1
12
2
16
3
9
1
6
2
3
2
8
1
1
1
61
3
6
2
55
1
8
3
11
12
1
3
18
24
11
3
68
7
2
3
34
10
5
3
2
1
12
1
54
3
10
1
25
1
3
1
66
2
5
1
60
1
2
