1
42
1
3
2
44
4
9
3
27
14
4
1
14
16
4
3
15
15
2
3
37
8
6
3
60
12
10
1
37
1
4
2
15
2
7
1
10
1
4
3
31
13
5
3
4
7
5
3
27
4
9
3
22
1
1
1
38
3
11
3
12
1
3
2
12
3
12
2
49
1
10
1
39
1
2
3
3
9
9
2
67
2
3
2
8
2
1
1
43
2
1
1
71
2
5
3
45
2
3
2
60
2
1
3
52
13
1
3
6
6
9
2
3
3
1
2
55
3
7
1
9
4
10
1
61
1
1
2
27
2
4
2
38
3
3
3
29
10
7
3
14
13
1
2
23
2
11
1
18
8
2
3
71
5
10
2
45
3
8
2
54
1
1
1
31
15
5
2
16
1
9
3
6
1
5
1
43
3
10
1
1
1
5
1
2
5
4
2
41
4
5
2
12
1
9
2
2
3
9
3
7
3
11
3
63
10
4
1
61
2
6
2
47
2
10
2
63
1
4
2
29
1
4
1
52
1
12
2
4
2
1
1
60
2
2
2
22
2
12
3
61
3
7
3
68
14
5
3
33
18
11
3
1
1
4
3
39
1
10
1
11
8
10
2
7
1
9
2
6
1
12
1
17
5
5
1
71
1
4
2
43
5
11
1
14
20
8
3
25
4
7
1
26
1
11
1
39
3
6
1
15
3
6
2
68
4
8
1
15
4
11
2
17
1
5
3
68
11
8
3
16
8
12
1
40
1
10
1
44
3
12
3
53
5
6
3
65
7
12
2
34
3
10
1
35
3
12
3
30
5
8
3
18
12
11
3
8
12
8
2
38
2
7
3
43
1
8
3
15
1
2
2
37
2
8
1
53
1
4
1
41
3
6
2
40
3
4
1
2
2
4
1
6
1
6
1
27
1
1
3
13
4
2
1
32
5
10
3
63
8
10
1
12
6
11
1
63
2
1
2
13
1
3
3
67
3
1
2
25
3
7
3
12
7
2
3
49
6
3
1
7
11
10
2
27
1
10
2
60
1
2
2
1
2
8
3
28
11
11
2
66
1
5
2
18
1
8
1
1
2
11
2
33
3
9
1
60
1
5
1
29
1
9
2
55
1
1
2
17
3
12
3
66
9
12
2
49
3
2
1
45
1
3
1
49
2
2
1
8
12
8
2
22
3
6
2
71
2
3
1
68
2
7
2
9
1
6
3
33
20
9
1
54
2
8
3
32
10
12
3
42
4
4
3
61
5
1
1
23
3
8
1
54
3
11
3
40
5
2
1
8
15
9
2
53
1
4
1
66
2
8
3
35
1
2
3
41
4
2
3
39
7
10
1
30
11
10
3
23
8
9
1
3
11
8
2
16
2
6
3
34
1
4
1
47
3
11
2
54
2
9
3
11
9
3
2
63
3
2
3
44
10
8
3
22
5
5
1
3
2
12
1
65
1
4
1
32
7
7
3
71
3
12
2
3
1
3
2
29
3
1
3
54
2
5
1
67
3
12
3
9
3
10
3
49
5
9
3
2
2
5
1
36
3
8
2
61
3
2
2
10
1
2
3
44
2
8
2
42
2
4
2
1
1
4
3
8
20
9
1
34
6
6
1
34
7
6
1
10
8
9
3
26
10
5
2
39
3
12
1
22
1
11
3
53
7
5
2
30
1
4
3
47
1
8
1
23
1
9
3
54
1
5
1
22
2
12
1
7
5
1
3
9
22
8
2
32
2
1
1
25
3
12
3
47
8
4
1
26
2
5
3
1
6
2
1
18
11
12
1
28
3
11
1
4
8
4
1
16
3
9
3
26
7
8
2
47
4
4
2
26
2
1
1
9
6
12
2
68
3
4
3
10
16
8
2
7
2
2
3
3
7
4
2
52
2
4
3
5
1
3
3
17
10
6
2
28
1
6
2
18
2
8
1
52
2
8
2
67
1
8
2
36
3
9
1
42
2
6
1
16
2
5
1
67
2
10
1
12
18
11
1
53
2
7
1
11
6
7
1
55
1
3
3
28
16
7
3
17
1
5
3
38
4
2
1
13
1
12
3
32
4
12
2
26
1
5
2
23
3
10
2
45
4
10
3
7
4
7
1
30
8
12
1
5
1
12
3
23
17
7
2
33
2
12
1
27
2
9
3
13
1
3
2
66
3
9
2
11
2
6
3
37
4
4
3
18
23
9
2
10
3
3
3
34
4
3
3
45
6
7
1
47
1
1
1
49
1
4
2
42
3
2
2
13
2
9
2
28
2
6
2
31
5
3
3
41
3
8
2
31
1
4
1
36
1
4
2
40
4
10
2
43
3
12
2
15
3
1
2
14
1
2
3
42
1
6
2
6
3
2
1
44
4
2
2
65
3
8
3
40
6
4
2
71
3
12
1
6
2
4
1
41
2
7
2
37
3
9
1
25
2
10
3
36
15
3
2
32
4
6
3
29
11
5
1
28
1
1
1
5
2
3
3
38
5
9
2
14
2
8
1
13
4
9
2
30
5
12
1
29
2
5
3
35
2
5
3
66
1
8
3
31
10
4
2
9
2
12
2
65
4
4
2
8
3
4
3
25
7
4
2
41
1
3
3
67
11
8
1
33
1
12
1
37
2
2
1
68
1
5
2
35
3
9
3
55
17
10
3
52
8
2
3
5
5
3
3
10
15
8
2
11
3
12
2
53
3
12
1
4
6
10
1
38
2
9
2
4
1
5
1
55
2
8
2
35
1
5
1
66
1
12
1
33
8
2
2
5
2
2
3
43
8
5
1
40
3
6
1
35
4
2
2
34
2
9
3
36
13
10
3
2
4
6
2
39
1
12
3
55
8
9
1
63
1
8
2
25
1
11
2
52
3
4
3
60
7
2
1
45
2
1
3
16
3
11
2
44
1
7
2
2
2
11
3
14
4
7
2
36
4
10
1
17
10
12
3
65
13
10
2
61
2
7
1
31
12
5
3
30
14
1
3
4
3
1
1
65
2
7
3
11
20
3
2
5
3
8
