3
12
1
12
1
10
2
12
1
63
2
5
2
33
1
11
2
11
2
3
3
40
3
4
3
49
7
3
1
41
2
7
1
63
1
12
2
10
2
12
3
67
4
12
3
45
5
1
1
1
2
3
2
49
2
9
1
55
1
5
3
9
32
7
2
47
3
4
2
8
1
9
3
22
1
6
3
33
2
3
1
3
5
4
1
67
1
3
3
53
5
6
1
30
1
4
3
8
14
11
1
35
2
7
3
13
4
10
1
31
2
11
2
52
7
3
2
36
3
8
2
66
3
2
3
71
1
7
1
22
1
11
1
38
1
2
2
67
2
7
3
2
2
2
1
52
3
11
3
29
17
1
3
71
5
2
3
15
16
10
2
49
4
6
1
49
1
10
2
63
3
10
3
36
4
8
1
12
4
1
3
9
13
5
2
17
1
11
3
4
6
4
3
44
7
8
2
27
1
4
3
7
4
2
3
8
8
9
2
22
3
7
3
3
6
7
2
35
1
2
1
15
2
12
3
47
3
8
1
42
2
3
1
9
6
10
1
36
3
10
3
49
8
12
2
15
2
5
2
53
3
12
2
41
3
8
2
54
1
8
1
17
7
1
3
11
8
9
3
41
4
7
3
61
4
3
1
23
2
7
1
38
3
3
2
45
3
3
2
32
1
11
2
34
2
9
3
31
17
2
1
37
2
11
1
61
2
4
3
66
2
11
1
23
3
12
3
68
5
12
3
7
1
1
1
47
1
3
3
25
9
4
1
68
1
4
2
39
1
8
2
41
1
12
3
33
11
10
1
34
8
3
1
27
1
8
3
28
2
9
3
6
2
2
2
53
1
4
1
4
3
6
1
16
2
10
3
29
3
6
3
10
15
10
1
37
1
10
2
28
2
1
3
60
4
5
3
39
6
10
1
17
9
11
1
55
2
11
2
38
1
11
3
11
5
12
2
12
3
1
3
18
25
8
1
11
12
8
2
13
3
3
3
54
2
8
3
43
5
10
1
44
1
4
1
66
3
9
2
40
1
6
1
5
2
8
1
43
2
5
2
52
6
9
2
37
3
12
3
30
22
8
3
23
10
4
3
47
9
9
2
31
1
12
2
30
5
2
3
55
16
7
3
67
3
3
2
65
4
4
1
6
1
6
2
15
3
12
3
30
1
8
2
66
2
12
2
14
1
7
3
55
14
2
3
26
4
1
3
65
5
6
1
52
1
8
2
3
1
7
3
52
16
7
2
31
5
6
3
41
3
2
1
40
1
1
3
27
16
10
3
42
3
6
3
1
8
10
2
45
1
11
1
12
6
11
3
63
2
12
2
22
2
3
3
53
1
9
1
32
7
5
2
61
2
7
2
68
3
12
2
63
2
4
3
65
20
4
2
61
1
3
1
26
3
6
3
25
7
12
2
68
4
11
2
35
2
11
3
36
5
11
3
34
9
7
3
37
6
4
3
14
12
5
3
61
5
9
2
38
2
9
1
49
2
6
2
7
3
1
2
16
2
6
2
30
3
5
3
10
7
11
1
61
3
6
3
38
10
11
1
6
2
4
3
1
10
11
1
45
2
1
2
7
2
10
2
23
1
6
2
18
1
6
2
55
1
11
3
31
24
12
1
40
2
6
3
3
2
1
1
33
4
1
1
53
1
1
1
26
2
11
3
17
11
5
3
32
1
6
1
43
1
10
1
18
14
9
2
37
4
11
1
15
3
1
1
22
2
7
1
10
3
3
1
30
7
9
2
1
2
1
3
45
7
8
3
2
11
5
1
41
1
9
2
43
5
2
1
16
1
5
1
14
10
4
2
26
4
1
2
6
2
9
2
25
3
4
2
44
4
8
1
7
11
12
2
40
4
5
2
60
1
9
1
5
1
10
1
2
2
6
2
36
5
9
2
4
1
6
3
66
5
2
2
71
2
1
1
2
7
9
3
23
14
3
1
44
4
2
1
71
2
6
1
65
2
8
1
53
2
3
2
9
1
1
2
23
3
3
1
7
2
3
3
27
5
11
2
34
3
11
2
26
2
5
2
44
1
8
3
15
6
9
1
42
1
7
3
16
3
8
2
9
2
2
1
60
1
10
2
39
4
6
1
71
3
4
1
8
16
7
2
1
1
4
1
32
5
10
2
2
3
11
3
38
7
6
1
33
2
7
2
4
2
9
3
16
5
12
1
28
2
7
1
29
3
12
3
12
3
6
3
68
3
12
1
60
2
1
3
35
6
7
3
22
12
4
1
36
2
12
3
14
1
1
2
27
2
2
1
1
1
2
2
29
2
10
3
63
1
8
2
25
1
4
2
2
1
8
3
52
7
12
1
35
3
10
2
71
1
10
1
66
2
2
3
37
4
8
3
6
1
4
3
40
6
12
2
47
4
5
1
27
3
2
1
54
1
10
2
17
2
1
2
32
2
6
2
10
3
1
1
4
5
7
2
29
1
12
1
18
13
11
1
31
5
8
2
8
2
7
1
14
17
2
1
25
2
4
1
68
3
11
1
3
8
6
3
28
3
7
1
39
3
4
3
44
6
2
3
32
6
9
2
5
2
5
3
18
6
7
1
11
9
10
2
67
1
7
1
28
3
3
2
16
3
12
2
14
2
5
3
17
9
4
3
54
1
5
1
29
1
6
1
54
2
5
3
35
2
1
1
25
3
7
3
4
8
3
2
65
3
5
2
5
1
9
2
6
1
9
2
33
2
2
1
45
1
4
1
39
4
5
1
67
3
9
2
55
3
9
2
12
1
11
3
26
5
10
3
60
29
2
1
65
1
4
3
5
4
10
1
34
11
2
2
28
3
6
2
42
2
11
1
9
7
5
3
13
7
3
2
11
1
3
1
13
9
5
3
42
1
5
1
13
1
4
2
13
1
11
2
42
3
3
3
43
7
10
3
39
10
1
2
18
4
4
2
54
2
5
3
34
1
1
1
8
4
3
2
60
3
10
2
3
3
2
1
47
3
4
2
43
1
5
3
5
1
2
