2
49
3
10
3
60
2
4
2
68
3
10
3
55
15
12
3
28
6
9
3
54
2
12
3
26
4
10
2
35
3
12
3
42
2
8
3
32
9
7
1
25
3
4
3
60
9
12
3
11
26
4
1
17
1
9
3
13
4
4
3
12
2
11
2
43
2
9
1
36
2
11
3
4
5
9
2
52
2
12
3
6
1
8
3
27
6
11
1
47
2
1
2
28
3
2
3
63
9
10
1
3
10
6
1
4
6
4
1
16
7
5
2
38
2
9
2
1
2
5
3
11
25
10
1
42
1
5
2
4
1
2
2
18
4
8
1
31
12
5
1
12
8
2
2
63
1
3
3
4
22
10
2
6
3
7
3
26
10
10
2
66
2
7
3
40
3
7
2
54
1
3
3
18
25
9
2
55
3
2
3
45
6
9
2
5
2
11
3
16
2
3
3
17
7
7
1
10
5
2
2
42
3
5
2
54
2
11
1
22
1
5
3
63
13
3
1
61
1
11
1
5
1
12
1
12
13
6
1
32
2
12
3
15
7
12
2
41
4
1
3
25
3
4
3
67
13
2
2
28
2
7
2
41
1
12
1
10
2
2
2
47
1
10
2
33
2
2
1
2
1
12
1
39
3
11
3
1
10
11
1
29
3
7
3
5
4
11
2
67
2
12
1
14
6
1
3
45
4
10
3
31
25
7
1
34
9
1
1
37
1
9
2
29
1
6
3
37
2
12
1
18
15
5
3
27
8
12
2
63
3
6
2
17
2
5
2
34
3
5
2
27
3
7
2
12
3
10
3
10
19
11
2
16
2
2
1
43
3
2
2
35
2
12
3
52
2
8
3
39
6
6
2
23
2
4
2
66
3
9
1
60
2
11
2
40
4
11
1
27
3
10
2
9
1
12
3
31
15
11
2
71
3
10
2
15
3
9
1
43
1
5
3
2
5
4
1
49
1
9
2
3
2
12
2
15
1
6
3
10
15
8
3
53
8
10
3
9
18
3
1
11
5
8
1
13
7
3
1
34
7
9
3
61
9
11
2
7
3
12
1
23
2
9
1
14
19
1
1
2
2
4
1
18
5
11
3
42
4
9
3
14
23
7
1
9
9
9
1
53
1
1
1
16
4
6
3
8
11
7
1
61
3
12
3
16
3
11
3
29
19
8
1
42
2
2
2
22
2
4
3
68
14
9
1
54
1
10
1
52
1
9
2
8
1
4
1
22
3
8
1
39
4
4
2
37
1
7
3
49
5
10
2
32
1
4
3
39
5
3
2
26
1
10
1
71
1
4
1
40
2
8
1
38
3
4
1
63
2
9
3
54
1
10
2
13
1
7
2
18
3
5
3
61
8
2
2
16
3
3
1
15
1
2
3
23
10
9
1
66
3
8
3
52
9
5
3
36
13
6
3
2
12
2
3
44
10
7
3
22
4
7
3
14
25
5
1
28
1
7
1
54
2
4
3
32
5
5
1
7
5
10
1
6
1
8
2
40
2
6
3
44
7
7
3
30
18
11
1
13
1
5
2
12
2
11
1
6
2
10
3
33
24
8
1
30
4
7
3
66
9
11
3
6
4
11
3
30
21
8
1
29
1
2
3
3
5
8
2
8
2
5
2
30
2
4
2
53
3
2
3
22
9
3
1
63
1
3
3
65
12
4
2
45
3
7
3
29
16
1
1
71
2
11
2
65
2
10
2
25
3
1
3
1
7
10
3
55
9
3
3
33
3
9
2
5
3
9
2
49
2
7
1
41
3
5
1
45
2
2
1
68
1
8
3
41
2
2
1
5
2
10
2
47
3
8
2
38
3
5
1
9
13
11
2
53
1
7
1
44
1
1
2
3
1
2
1
68
2
3
2
39
4
3
2
10
1
6
2
45
4
9
3
23
4
12
1
65
1
11
1
32
4
3
3
13
2
7
1
38
2
6
3
47
6
3
1
52
2
9
1
15
5
10
3
12
1
6
3
53
1
9
2
10
3
3
3
5
1
12
1
45
1
9
2
68
4
3
3
36
4
6
1
44
3
6
1
27
2
1
2
60
4
9
2
29
3
9
2
26
3
2
2
6
1
6
2
4
3
7
2
61
1
11
3
49
1
2
3
8
8
3
1
47
1
4
2
27
1
8
3
18
5
4
1
31
15
6
2
11
2
9
2
71
1
12
1
35
3
3
3
35
8
4
3
25
4
7
2
31
3
1
1
26
1
8
3
38
2
5
2
44
3
3
1
60
1
5
3
66
4
2
1
66
1
8
3
7
1
7
3
43
7
11
1
67
3
12
2
14
3
5
1
7
9
1
3
28
5
8
3
15
13
3
1
3
6
12
2
31
2
3
1
67
1
12
2
33
3
11
2
9
3
1
1
8
15
9
2
11
3
1
3
47
5
2
1
1
1
10
1
28
2
8
1
1
2
7
1
53
2
8
2
36
5
8
2
25
1
9
3
34
8
7
2
42
1
12
2
23
1
9
2
55
1
3
2
32
4
9
3
41
1
8
1
36
3
1
2
2
3
5
2
52
7
1
3
35
3
10
3
65
15
7
3
34
10
11
1
35
2
1
2
2
2
11
3
7
5
1
2
7
1
12
2
37
2
12
3
71
5
9
2
1
3
8
3
9
30
8
1
25
1
6
1
11
6
6
2
43
5
12
1
55
2
6
1
33
8
3
2
34
2
3
1
37
2
6
2
39
1
3
1
65
2
1
1
23
3
12
2
65
4
4
3
17
9
9
2
36
2
8
1
30
19
6
2
17
3
12
1
40
3
7
1
26
2
5
3
43
8
3
2
14
1
8
1
55
1
11
2
67
1
1
3
38
10
5
3
67
20
8
3
68
8
3
3
3
3
7
1
33
1
6
1
4
3
6
2
60
1
6
2
22
3
1
2
61
3
4
1
17
9
12
1
8
3
7
3
71
1
12
2
13
3
6
1
41
2
5
3
40
5
4
2
44
2
10
1
49
2
4
3
37
8
6
2
30
1
8
