2
49
3
4
2
28
3
3
3
23
10
8
3
32
1
12
2
40
4
7
1
29
1
11
3
67
21
7
2
5
2
3
1
37
1
1
3
39
9
1
1
13
7
5
2
27
3
8
1
4
2
2
1
35
3
8
1
71
3
8
2
2
3
9
2
10
1
12
2
11
2
9
1
66
1
12
3
37
6
3
2
31
3
10
1
33
5
10
1
49
2
11
1
34
1
1
2
33
3
9
2
61
3
2
2
34
2
9
1
36
1
10
3
30
15
5
3
39
5
4
3
42
1
9
3
36
14
11
1
43
1
10
3
61
4
12
1
28
3
6
1
39
1
3
1
39
4
4
1
43
3
5
1
5
2
11
2
68
4
9
2
4
1
10
2
7
2
10
1
42
1
3
1
37
2
5
1
49
1
7
3
17
7
7
2
40
2
12
1
11
9
12
1
6
2
4
3
22
5
10
1
15
2
8
1
67
1
5
1
7
2
9
2
38
3
8
3
8
13
2
2
1
1
6
1
1
2
2
1
53
1
3
3
29
10
6
3
38
10
3
1
71
2
3
3
6
5
11
3
31
25
7
1
25
1
5
3
65
5
1
1
61
2
11
2
12
2
10
1
23
3
1
1
54
1
6
3
27
2
8
2
35
1
8
2
39
4
7
2
4
2
3
1
16
1
4
2
23
2
9
1
31
3
6
3
40
5
2
2
67
1
10
2
39
3
6
1
13
5
2
1
6
1
11
2
63
1
1
3
67
3
12
1
9
6
3
1
4
8
6
3
18
21
6
3
63
1
2
3
10
10
7
3
27
1
2
1
54
3
7
3
44
1
11
3
25
3
7
1
45
1
9
3
28
6
2
2
6
2
4
1
41
3
12
2
31
5
6
1
2
2
11
3
25
8
1
1
33
6
4
3
26
6
3
2
42
2
9
1
16
2
5
1
60
2
9
1
67
3
12
3
9
17
10
1
11
3
10
1
18
9
11
2
13
3
7
2
45
1
12
2
17
1
1
1
45
2
4
3
55
16
7
2
10
3
5
2
5
1
4
3
71
2
4
1
42
2
1
1
25
2
1
2
43
3
7
1
40
3
4
3
7
2
9
2
16
2
1
1
18
7
11
3
12
2
9
1
12
7
1
3
37
4
11
2
15
1
8
3
38
6
2
1
22
1
2
3
15
3
12
1
47
2
10
3
45
4
11
1
5
1
12
2
28
1
1
3
52
7
4
1
32
1
7
1
44
4
4
3
41
3
10
3
6
3
12
1
28
1
6
3
45
2
3
2
26
2
4
2
37
2
3
2
7
1
5
3
34
6
2
3
2
5
2
2
65
1
6
1
38
2
12
1
3
4
10
2
12
3
3
3
61
5
10
1
27
1
3
3
66
9
8
2
47
3
5
3
3
4
3
1
32
2
7
2
14
2
11
2
49
4
4
1
9
12
5
3
35
3
4
2
65
2
8
3
32
9
12
3
13
3
7
2
71
3
8
3
33
16
3
2
15
3
2
1
1
1
2
2
61
2
10
1
22
2
8
1
35
2
2
1
66
3
10
2
23
3
9
3
35
2
11
1
63
1
9
3
28
12
5
2
14
3
6
2
44
5
2
1
12
4
7
2
29
3
10
1
52
1
2
3
30
10
3
2
29
2
4
1
68
1
6
2
60
1
8
1
23
1
10
3
49
7
11
1
53
2
6
3
9
16
8
1
65
2
11
2
34
1
3
3
68
12
8
2
63
3
7
1
15
1
9
3
42
4
12
3
29
18
3
2
26
4
5
3
16
5
3
3
18
2
10
2
18
2
10
2
2
1
9
1
34
3
12
2
60
4
7
2
53
1
11
2
52
4
1
2
16
1
10
2
53
3
1
3
17
14
3
2
36
5
7
1
8
6
6
2
36
2
8
3
71
5
5
3
31
15
2
1
41
2
1
2
13
2
4
3
23
11
2
3
1
4
6
1
40
2
10
2
71
2
12
3
11
14
6
1
26
3
12
1
14
16
11
3
54
1
1
3
47
10
10
2
66
2
8
2
66
1
6
1
52
2
2
2
1
2
9
3
41
1
9
2
52
3
8
2
44
4
7
2
11
1
9
2
68
1
11
3
3
7
8
2
33
2
11
1
30
18
6
1
55
1
1
3
52
14
4
3
5
5
1
2
30
1
6
2
17
3
5
3
66
1
11
3
43
3
12
2
41
4
1
3
13
5
2
2
25
1
5
3
14
19
4
2
54
2
4
1
14
14
2
3
1
3
2
3
40
4
11
2
67
2
11
1
10
7
5
2
22
2
12
2
42
4
11
1
65
1
3
1
63
2
10
3
34
9
4
2
25
2
12
2
41
2
10
3
14
7
1
1
26
2
12
3
47
7
8
3
65
8
1
1
38
3
5
2
35
2
4
3
7
1
3
2
27
2
8
3
2
2
7
2
8
3
8
3
10
21
9
3
12
4
9
3
5
1
4
3
53
8
9
3
16
2
8
1
68
2
9
2
47
1
1
2
38
5
11
3
53
1
7
1
55
2
6
3
44
8
1
3
60
27
11
1
27
3
2
1
2
7
12
2
8
2
3
1
29
3
7
3
22
3
3
3
43
8
9
3
49
6
5
2
30
5
1
2
37
3
12
1
17
6
8
2
43
2
5
3
4
22
11
2
6
3
11
1
17
10
7
3
4
17
6
1
36
3
6
1
8
13
9
3
60
8
6
3
68
3
1
2
55
1
7
3
63
7
4
2
22
1
3
3
54
2
11
1
31
18
2
3
15
17
3
1
30
10
12
2
3
2
3
2
3
1
7
2
18
3
10
1
60
1
12
2
54
1
11
1
61
1
9
2
9
3
2
1
7
1
9
3
55
3
5
3
33
4
2
2
45
3
4
2
32
1
9
1
47
3
4
1
10
6
8
1
44
1
8
3
36
3
11
1
3
7
2
3
26
4
3
3
8
9
8
2
9
2
7
2
32
2
7
2
55
2
2
3
11
26
5
