1
55
2
5
3
37
4
2
3
7
5
4
3
14
5
9
1
38
2
11
1
54
2
2
3
31
8
3
3
6
1
11
3
10
1
11
2
43
3
7
2
12
2
9
1
52
1
7
2
29
3
6
1
13
9
1
3
17
7
11
1
65
1
10
3
2
2
4
2
15
2
6
2
41
4
9
1
10
4
3
3
17
3
12
3
6
6
6
2
27
3
3
2
15
3
2
3
55
14
9
3
32
7
6
3
65
9
4
1
25
1
2
3
30
8
11
1
23
3
8
1
22
3
5
3
13
6
5
2
7
1
6
3
1
6
7
2
16
3
12
1
55
1
12
2
10
1
11
3
27
3
12
2
44
5
3
3
68
8
3
1
53
2
11
2
17
3
6
3
60
16
11
2
8
1
6
3
52
10
6
2
11
2
7
2
17
1
5
1
18
1
6
1
3
1
10
3
71
4
4
2
2
3
5
3
26
8
9
1
37
1
7
1
49
2
8
1
28
2
8
3
8
11
2
3
1
3
4
3
30
17
4
1
63
2
5
3
54
1
10
3
44
8
3
1
5
1
8
3
43
6
7
2
66
1
4
3
28
9
5
2
13
1
1
2
12
1
8
2
37
1
11
3
16
6
5
2
60
2
3
2
31
3
7
3
28
16
11
1
49
1
3
3
11
26
8
3
63
9
7
2
6
2
10
2
53
1
10
1
41
2
10
1
66
2
12
3
47
5
7
3
36
1
12
2
36
3
10
3
29
18
1
3
49
1
2
1
60
2
8
3
45
6
3
2
65
2
10
1
36
1
6
1
67
3
2
2
40
1
5
1
37
2
2
3
45
3
9
2
60
3
7
1
42
2
12
1
30
10
2
2
71
2
12
1
53
1
10
1
43
2
10
1
15
3
11
2
27
1
1
2
53
2
12
2
52
3
11
3
16
2
4
3
29
15
4
2
23
2
8
1
39
2
10
2
16
2
12
2
45
4
10
1
66
3
12
2
6
1
9
3
18
12
12
3
8
13
2
2
31
2
11
2
68
2
12
3
3
8
7
1
61
2
4
1
71
2
2
3
53
1
5
1
38
1
1
1
2
4
6
2
28
1
2
3
12
7
9
1
11
4
7
1
41
3
6
1
43
1
5
2
55
1
8
3
25
8
1
2
13
2
3
1
34
9
2
2
63
2
5
3
7
1
4
2
61
1
4
3
38
6
10
2
65
3
7
3
38
7
2
1
18
14
12
3
11
8
5
1
6
2
7
3
66
5
9
1
63
1
3
1
33
4
12
2
34
3
4
2
34
2
2
1
27
1
12
3
52
17
2
3
40
3
12
1
8
3
12
3
34
6
10
3
22
2
5
2
47
2
2
3
34
8
6
2
44
4
7
3
44
5
10
2
22
3
5
3
9
4
10
2
3
1
7
3
53
3
6
1
45
2
2
1
39
4
7
2
54
1
10
1
44
3
11
1
7
1
7
3
15
14
10
1
45
1
9
3
2
5
11
2
35
2
7
2
18
1
11
1
68
1
1
3
18
19
7
2
2
2
10
1
9
1
1
2
30
1
8
1
16
1
12
3
14
18
2
1
68
2
6
2
28
2
2
3
68
15
7
1
8
15
5
2
1
2
6
1
5
2
12
2
25
3
4
3
36
15
11
2
18
2
8
3
27
14
12
3
12
2
2
1
35
4
7
1
29
1
5
3
40
4
2
1
32
6
11
1
9
4
7
3
41
4
7
1
26
1
9
2
68
1
2
2
67
1
9
2
26
3
6
2
25
2
5
2
3
2
4
3
42
1
4
3
4
10
11
1
4
4
8
3
55
15
10
3
10
20
2
2
49
3
1
2
45
1
1
1
10
8
2
3
22
5
2
1
71
1
8
2
61
2
4
1
54
3
9
1
40
1
2
3
71
5
12
1
16
5
3
3
39
4
3
2
52
5
10
2
32
4
1
3
41
2
3
2
11
1
12
2
30
3
5
1
14
22
3
2
67
2
2
1
27
2
2
3
33
18
10
2
5
3
12
3
42
2
9
1
4
8
7
3
37
6
10
1
17
12
2
1
17
10
12
3
5
1
4
1
47
2
6
3
60
3
3
1
22
1
9
3
39
9
7
3
4
15
5
3
61
5
10
3
25
6
1
1
29
2
11
3
67
13
10
1
61
3
7
1
6
1
4
2
33
3
5
3
9
3
2
2
1
3
1
2
14
3
1
2
4
3
9
2
36
2
1
1
2
1
12
1
32
5
8
3
61
4
8
2
38
1
2
2
9
2
2
1
12
15
12
3
5
4
9
3
35
3
10
2
23
3
1
3
43
8
4
3
31
21
9
1
52
2
6
3
49
2
2
1
26
2
4
1
65
2
4
3
35
6
10
2
4
1
8
1
33
7
1
1
35
1
5
1
30
8
12
2
38
3
10
2
66
2
4
2
39
3
9
2
29
1
2
1
47
3
6
1
11
5
9
1
67
1
1
3
3
3
11
1
7
7
6
2
8
2
2
1
25
3
10
3
65
2
5
1
3
2
1
1
14
3
11
3
33
13
6
3
23
5
2
2
42
2
8
3
26
12
11
1
1
2
8
3
15
1
4
2
33
2
1
1
28
3
2
3
47
3
7
2
7
3
3
1
31
3
7
2
37
2
6
1
13
8
5
3
32
11
8
1
44
4
4
1
60
1
6
2
32
2
12
2
54
2
1
1
42
1
9
2
43
2
2
2
41
1
3
2
5
1
1
2
47
1
7
2
42
3
11
1
36
2
3
2
55
2
4
2
71
1
5
1
12
16
7
3
66
7
10
3
13
4
12
2
49
2
8
2
39
1
9
1
40
2
9
3
23
7
6
3
63
4
7
2
26
4
11
2
14
1
12
2
63
1
1
2
9
3
3
2
40
2
3
1
15
1
11
1
23
2
3
1
31
5
11
1
34
8
6
3
67
16
1
2
35
1
4
2
10
3
10
3
54
2
4
1
1
1
11
2
22
2
7
