2
47
4
7
2
27
1
2
2
49
1
2
3
41
1
3
2
45
3
11
2
60
1
11
1
47
2
11
1
35
4
11
2
28
3
6
3
28
13
8
2
63
3
6
1
13
2
2
2
67
2
7
1
22
1
8
2
28
1
9
2
35
1
11
3
60
26
9
3
55
13
3
2
54
1
10
3
43
6
7
1
6
2
5
2
5
1
9
1
40
1
2
1
34
8
5
2
33
2
9
3
33
9
12
2
52
7
3
1
37
1
6
2
6
3
4
3
39
1
9
2
65
2
10
2
4
1
6
1
8
3
10
2
55
2
6
2
8
3
1
2
17
1
9
3
30
25
11
3
49
5
12
2
60
4
5
3
42
2
4
2
9
3
10
2
53
1
5
1
3
1
12
2
71
2
10
3
7
4
2
1
25
3
11
1
18
3
12
1
42
1
8
1
1
1
11
1
53
1
1
3
71
1
6
1
33
7
9
3
40
4
9
3
63
7
8
3
8
4
4
3
18
10
7
2
14
3
4
2
23
1
1
1
45
2
4
1
5
2
1
2
15
3
4
2
12
3
4
1
10
1
2
2
1
1
12
3
44
10
12
2
43
1
12
1
8
5
12
2
44
2
3
2
2
3
10
3
71
2
10
2
61
3
11
2
2
2
8
1
68
1
12
3
53
7
5
1
36
2
7
2
42
1
6
3
47
4
6
3
31
14
1
3
65
1
2
1
22
2
1
3
68
8
8
1
7
4
10
2
25
1
6
2
42
4
1
2
36
4
9
3
7
2
10
2
1
2
11
3
23
17
5
2
18
2
9
1
41
3
3
3
10
23
6
2
37
3
1
1
28
1
11
1
15
4
3
1
7
10
6
1
23
3
4
3
32
11
11
3
68
7
5
2
6
2
7
3
65
5
2
1
32
1
7
3
36
9
3
2
10
2
1
2
7
2
9
1
55
2
10
1
39
2
11
2
27
2
5
3
34
2
12
2
67
1
3
1
3
9
7
3
38
9
9
3
49
3
10
2
43
4
8
3
40
6
10
1
66
2
8
1
65
2
4
3
66
8
6
3
23
19
7
2
22
1
2
3
35
2
2
1
25
2
3
1
61
3
11
3
44
5
1
3
11
10
9
1
68
3
7
3
67
7
9
2
66
3
6
2
11
2
1
3
52
7
9
3
3
9
1
1
65
1
8
1
17
16
7
2
11
1
7
2
29
2
9
1
4
3
4
1
53
2
5
1
71
2
9
2
39
3
3
2
68
4
9
3
6
4
11
2
3
2
12
2
30
5
4
1
32
6
2
1
60
1
4
3
29
12
8
3
47
1
2
1
35
2
8
1
38
2
6
1
30
8
6
2
29
3
1
3
4
22
7
3
8
2
6
2
44
4
7
3
29
18
10
3
61
7
2
2
34
1
1
1
66
3
2
3
13
5
8
1
4
2
12
3
9
23
10
1
29
2
9
3
17
4
2
1
16
1
5
1
12
18
7
1
30
21
8
2
4
2
3
3
31
8
2
1
5
1
1
3
36
10
2
1
13
3
8
1
67
3
9
1
36
1
2
1
31
14
4
3
2
2
2
3
10
6
9
2
14
1
5
2
26
2
6
1
16
7
3
1
29
1
3
3
5
5
5
3
37
12
1
3
25
3
5
3
4
15
4
3
37
8
8
2
34
2
2
3
66
3
10
1
26
1
11
3
38
10
9
3
26
7
7
1
14
13
11
2
38
5
1
3
54
1
12
2
3
1
6
3
55
15
1
3
35
7
6
1
42
2
4
1
55
1
6
3
54
2
10
2
16
3
6
2
68
3
2
2
40
4
2
1
61
1
10
2
41
5
4
2
71
3
5
1
33
3
12
2
17
2
5
3
42
3
3
1
18
2
4
3
30
10
10
1
49
1
1
1
12
6
5
2
9
1
7
3
16
8
12
3
60
13
7
3
16
4
12
3
63
11
3
2
63
2
12
1
45
1
10
2
5
2
3
2
30
3
10
2
13
2
8
3
3
3
10
2
39
4
2
1
2
6
8
1
67
1
6
2
54
2
3
1
11
4
6
3
9
12
9
3
34
10
8
3
27
17
5
1
6
1
2
1
54
1
8
3
14
24
11
3
41
4
2
2
66
1
12
2
65
4
8
2
12
2
9
1
49
2
3
2
31
4
9
3
61
2
1
3
28
3
2
3
39
10
5
2
53
2
1
1
40
2
10
2
38
1
3
3
22
11
11
3
6
1
3
3
53
4
1
2
61
2
2
2
8
1
3
3
2
11
5
3
25
4
12
3
15
17
7
1
63
1
1
1
60
2
3
1
47
3
11
2
52
2
12
1
28
2
8
1
54
3
8
1
9
6
9
2
13
1
9
3
32
6
6
2
45
4
9
1
44
4
8
2
41
1
1
2
40
3
12
1
23
1
11
3
12
5
7
2
32
2
1
2
47
1
11
2
15
1
1
2
55
3
7
2
10
3
11
1
52
1
6
3
22
2
8
2
26
1
2
1
26
2
10
3
45
2
6
1
31
12
5
1
71
3
12
3
18
15
7
1
14
9
6
3
14
5
2
1
37
2
2
3
43
8
5
3
27
16
1
3
67
25
4
2
32
4
9
1
27
1
4
3
12
4
3
3
13
7
9
1
41
2
8
2
18
1
2
1
1
3
3
1
2
1
1
1
43
3
10
3
15
7
6
3
5
4
3
3
26
10
12
1
52
2
2
1
38
3
3
3
1
3
1
1
43
2
5
1
11
2
6
3
45
4
10
2
23
3
8
2
33
3
12
1
34
7
3
1
44
3
7
2
22
3
2
1
17
5
12
2
35
3
8
1
9
3
8
1
15
2
8
3
52
18
9
1
63
2
9
2
16
1
2
1
39
3
9
3
33
14
9
1
27
3
9
2
49
2
2
2
31
2
12
2
25
2
7
1
10
8
3
3
11
4
12
3
17
7
2
2
37
2
12
2
7
1
11
2
36
2
5
3
1
10
3
