1
7
2
9
3
8
16
4
2
18
2
6
1
23
1
7
2
3
3
2
2
71
1
9
3
14
1
6
2
33
2
8
2
65
1
5
3
11
3
7
1
33
2
2
1
30
19
1
3
42
1
11
1
18
12
1
2
13
3
9
2
4
1
6
2
63
1
10
1
17
12
11
3
16
3
11
3
10
25
10
2
6
1
3
1
7
11
12
3
29
18
8
2
23
1
11
1
9
13
12
2
68
3
2
1
2
4
3
3
53
1
5
2
25
2
9
2
12
3
10
3
29
2
1
1
13
6
12
2
18
4
8
3
14
15
8
1
39
1
5
1
17
8
5
1
35
4
9
3
36
8
9
3
32
5
2
3
55
11
10
2
29
3
11
2
32
1
11
1
31
8
6
3
11
24
2
2
38
5
8
2
71
2
7
3
31
23
3
2
17
3
11
3
15
1
12
3
68
17
11
2
49
1
9
3
15
16
3
1
55
1
7
3
55
5
5
3
7
1
12
3
38
10
12
1
40
2
2
1
54
3
7
2
4
3
5
2
22
2
6
1
22
3
10
2
15
1
4
2
9
3
2
2
34
1
3
1
9
3
10
2
33
3
12
2
45
2
1
1
1
1
6
2
30
5
1
1
61
2
6
3
17
12
7
2
5
1
12
1
53
1
10
3
52
2
5
1
5
2
9
2
6
3
3
3
66
8
6
3
53
7
10
3
25
2
1
3
2
7
5
3
32
6
12
1
40
1
8
3
40
4
5
3
4
10
10
3
22
1
10
1
45
1
8
2
3
1
3
2
9
1
4
2
31
1
5
2
26
2
2
1
3
2
11
1
42
1
5
1
39
4
11
3
42
3
12
2
49
2
7
3
52
10
10
3
26
2
6
1
63
1
3
3
67
14
6
1
36
1
7
3
47
7
1
1
65
2
9
2
44
2
2
3
41
4
4
1
35
1
5
2
52
7
9
3
25
8
9
2
10
3
12
2
61
1
7
1
27
3
10
3
39
5
6
2
35
2
2
1
66
2
9
2
42
4
10
1
47
2
8
1
38
3
5
2
41
5
3
1
66
3
6
2
13
2
4
1
44
3
5
3
6
3
2
1
15
3
6
3
3
2
10
1
15
5
6
3
9
25
8
3
47
3
7
2
66
1
11
1
52
2
9
2
12
1
12
3
68
10
10
2
53
2
4
2
39
3
7
2
26
1
11
1
11
11
6
2
63
3
5
3
35
4
5
1
6
1
7
1
47
3
4
3
9
11
9
2
68
4
1
2
10
2
12
1
5
1
6
1
32
5
2
1
41
1
4
2
54
1
11
3
67
36
11
1
34
4
9
1
12
14
6
1
38
2
3
3
30
7
11
1
32
1
4
1
68
1
7
2
53
3
5
3
33
6
3
2
35
1
2
3
34
1
7
3
39
10
6
3
43
6
6
1
28
1
7
3
71
3
10
3
43
7
10
3
10
16
9
1
43
2
6
3
45
4
11
1
63
2
4
3
3
7
9
2
44
3
2
1
23
2
4
1
71
3
12
1
11
7
9
2
32
3
1
1
68
3
3
1
30
20
9
2
29
2
11
3
4
5
11
1
16
7
8
2
40
1
12
3
63
7
12
2
52
5
8
2
16
1
12
2
43
1
9
1
31
3
11
3
37
11
6
1
6
2
12
2
39
4
2
1
49
1
9
3
1
6
3
3
41
3
2
2
54
2
2
1
16
3
12
3
61
4
3
1
22
1
7
1
14
14
4
1
12
11
5
2
37
4
9
2
16
2
12
1
61
1
7
3
26
6
10
3
13
6
8
3
38
11
10
2
14
2
5
2
36
5
9
2
55
1
11
1
1
3
6
1
45
2
5
3
5
3
7
1
10
7
1
2
2
1
9
3
23
3
3
1
13
7
11
2
27
3
3
3
71
4
2
2
36
2
9
2
1
3
3
1
18
5
4
2
28
3
6
1
67
3
11
1
8
15
4
3
27
11
10
2
60
2
2
1
36
2
4
1
55
2
11
3
22
9
9
3
34
7
2
3
18
20
1
2
66
3
3
2
7
3
1
2
11
2
9
1
4
4
3
3
60
3
5
2
14
1
5
2
23
3
6
2
7
2
12
3
44
8
3
3
65
1
8
2
5
2
12
1
60
2
2
2
27
1
12
1
53
2
11
2
47
1
1
3
13
4
4
1
49
2
10
1
41
2
12
3
33
18
6
2
38
2
10
3
65
16
1
3
1
1
3
1
4
5
4
2
45
4
5
2
11
1
5
1
25
2
5
3
45
3
4
3
8
1
4
3
66
3
6
1
34
5
11
2
17
2
1
3
2
1
11
2
31
2
4
1
54
1
6
1
26
3
7
1
44
2
1
3
63
11
3
3
60
32
2
3
7
4
4
1
29
3
11
1
60
1
7
2
28
2
2
3
27
4
9
1
25
3
8
1
37
1
3
3
28
2
1
3
16
5
3
2
61
2
3
2
43
4
4
1
52
1
9
3
54
1
1
2
2
3
10
3
40
3
4
3
44
1
1
2
40
2
6
2
37
2
11
1
33
1
9
1
26
1
7
3
5
4
7
2
41
2
10
3
49
4
10
3
30
9
10
1
71
1
11
3
23
5
3
1
65
1
10
1
28
3
5
3
6
1
10
2
22
1
5
1
3
5
2
1
29
2
12
3
18
8
6
2
34
3
8
1
2
3
2
3
35
1
7
3
28
12
10
2
65
4
10
3
12
3
5
2
47
3
6
3
12
7
6
3
54
2
8
1
10
1
3
1
27
2
3
1
8
5
10
1
14
3
4
3
37
6
10
2
55
3
6
2
42
1
10
1
43
3
1
2
25
1
5
2
60
1
8
3
61
6
12
2
30
4
4
2
15
2
12
3
49
5
1
3
31
16
4
2
1
2
11
2
67
2
8
3
36
3
12
1
42
2
11
2
8
3
1
1
67
1
9
3
17
16
2
2
8
1
3
2
67
1
8
1
37
2
8
