3
67
20
11
2
5
2
2
1
47
2
7
1
22
3
3
2
49
1
3
2
26
4
10
1
68
3
3
2
17
2
11
2
42
2
12
3
54
2
9
1
17
6
6
1
67
1
2
2
36
2
1
2
47
4
2
3
38
1
7
2
29
3
2
1
45
2
10
2
6
1
3
2
53
2
8
1
1
2
8
2
33
2
3
3
28
1
11
1
3
4
7
1
38
3
12
3
3
4
10
2
11
1
10
1
28
2
3
3
66
1
8
3
27
10
11
1
31
4
6
3
60
2
10
1
40
2
9
3
27
5
11
3
5
2
3
1
63
2
6
3
17
14
7
2
26
3
7
2
54
2
12
2
7
3
7
3
68
14
1
3
13
1
4
2
8
2
12
2
45
4
11
2
68
4
2
1
26
3
4
3
43
4
5
2
9
3
9
3
26
5
9
1
25
2
3
3
37
11
2
1
44
2
6
3
16
2
12
1
35
1
3
3
1
3
3
3
10
10
1
1
18
12
10
1
55
2
7
1
53
2
1
1
66
2
9
3
31
22
4
3
43
3
3
3
25
7
6
1
6
2
5
3
45
4
2
1
22
2
7
1
33
6
3
2
16
1
8
2
37
1
11
3
44
6
8
1
65
1
6
1
42
2
4
2
18
3
8
3
15
9
5
1
37
2
1
3
23
18
8
2
53
3
3
3
61
9
12
1
34
4
9
1
28
3
12
1
54
3
2
2
2
3
4
1
65
2
10
1
16
4
7
3
9
3
7
1
35
3
1
2
71
1
2
1
23
1
10
1
30
14
11
1
37
1
9
2
4
1
3
1
55
1
7
2
44
1
8
3
29
4
2
2
31
1
5
2
27
1
10
3
6
2
9
2
14
3
7
1
29
3
2
1
71
3
12
2
10
2
5
2
29
1
7
3
29
15
8
2
65
3
6
3
41
3
4
2
63
2
3
1
36
2
12
1
29
2
11
2
3
2
7
2
32
1
9
2
40
1
9
1
39
1
11
3
47
2
8
3
17
7
9
2
52
2
9
1
8
3
10
2
13
3
6
2
55
1
2
2
43
2
6
2
66
3
10
2
16
3
5
2
10
3
12
2
28
3
5
3
67
8
8
2
25
3
3
3
61
2
12
1
26
1
10
1
8
4
10
1
71
2
12
2
27
3
10
3
32
12
1
1
18
9
2
1
60
1
4
1
12
10
11
2
43
4
5
3
55
9
10
3
4
24
8
2
4
2
9
3
25
8
9
3
30
13
12
2
22
1
4
2
9
1
9
1
61
3
6
3
16
5
7
2
32
2
5
3
5
4
1
3
60
6
2
2
55
2
9
3
30
3
4
2
3
1
1
2
41
3
10
3
37
9
1
1
68
2
7
2
8
3
6
2
68
3
7
3
44
1
5
1
47
3
5
2
52
4
11
2
42
4
12
2
39
4
5
1
17
13
4
1
49
2
9
3
12
1
11
3
1
7
11
3
14
25
11
3
40
5
4
2
47
2
6
1
7
10
2
1
15
2
12
2
63
1
9
2
23
3
3
3
31
5
4
2
12
2
10
2
1
1
11
2
25
2
4
1
16
1
2
2
15
1
7
3
18
4
12
2
34
3
8
1
61
2
6
2
31
4
8
3
42
1
7
1
27
2
1
3
35
8
1
1
45
1
12
1
11
3
2
3
65
4
4
1
15
3
4
2
33
1
6
2
11
2
6
2
2
1
1
3
7
2
9
1
4
5
12
3
9
12
2
3
53
3
8
2
14
2
9
1
2
3
11
2
45
1
3
1
49
1
10
1
4
7
11
3
53
5
10
1
1
3
8
1
67
3
12
2
28
2
9
1
38
2
4
2
38
4
10
1
39
2
3
3
2
12
8
1
34
1
12
2
37
4
4
3
65
6
5
3
7
4
1
2
30
3
12
2
35
1
2
1
41
3
11
3
26
7
10
3
45
2
4
3
23
11
10
1
41
2
9
2
61
2
2
3
49
6
9
2
13
1
11
2
44
2
12
3
33
2
3
1
9
4
4
1
53
1
9
1
5
2
2
2
41
4
5
1
43
1
8
3
71
1
1
1
3
6
10
3
32
3
9
3
52
4
7
3
71
5
7
1
25
1
6
1
63
1
3
3
33
1
12
3
39
5
12
3
8
7
9
3
36
14
8
2
60
4
7
3
10
2
7
3
14
7
5
3
15
3
3
2
38
5
10
1
14
3
10
3
22
6
11
3
38
11
12
1
12
7
9
2
60
3
12
1
5
1
9
3
34
6
6
1
66
3
5
2
7
1
2
3
28
6
11
1
9
14
1
3
34
9
8
3
8
13
10
1
27
3
12
1
30
18
8
1
52
2
9
2
30
2
9
2
18
2
4
2
36
4
9
1
32
4
7
2
54
1
3
3
3
3
1
2
40
3
8
3
55
2
12
2
61
3
2
3
40
1
2
1
13
5
9
3
22
1
2
1
44
4
10
1
31
1
10
1
33
3
10
3
36
11
6
3
42
4
5
3
4
28
4
1
6
1
7
3
6
5
7
1
60
2
4
1
13
3
12
2
65
1
3
3
35
2
11
1
11
12
5
1
54
2
9
2
35
3
11
2
1
3
11
2
39
3
2
1
14
12
12
3
68
5
11
1
52
1
4
2
66
2
5
3
41
1
12
3
66
8
2
1
10
8
7
3
18
3
5
1
2
6
7
3
47
1
12
1
43
2
3
3
13
4
12
3
11
18
5
3
54
1
3
3
63
10
1
1
10
4
12
3
2
2
5
1
23
3
11
2
12
3
2
2
22
3
12
2
6
2
12
2
34
1
8
1
36
3
7
3
11
19
4
1
32
7
8
2
15
2
2
2
71
2
8
3
52
13
1
2
23
2
5
2
67
1
9
3
39
9
4
3
12
6
2
3
49
8
9
1
40
3
3
2
5
1
7
2
17
1
4
2
67
2
9
3
63
7
8
2
49
2
10
1
42
1
2
1
7
2
9
