3
66
3
9
1
26
3
2
3
25
2
11
1
3
5
5
1
36
2
3
2
49
4
2
3
71
3
12
1
10
4
12
2
36
4
9
2
26
2
11
3
39
7
9
2
65
4
4
2
39
3
6
1
17
2
8
2
55
1
10
3
65
16
3
2
2
3
8
1
28
1
9
1
39
2
5
2
5
3
7
1
17
16
11
2
3
3
11
3
23
17
12
1
45
1
9
1
13
4
8
2
4
1
6
3
45
5
1
1
44
3
11
1
15
4
3
1
49
1
12
2
67
2
7
2
71
3
4
3
14
16
3
2
25
1
3
1
30
8
11
2
28
3
11
1
8
4
10
2
23
3
6
2
60
3
7
3
41
2
3
3
1
9
8
3
36
7
10
1
53
1
6
3
6
4
5
3
67
5
1
1
23
1
10
2
22
2
7
2
5
1
9
2
61
3
3
2
63
1
2
3
65
10
9
3
68
12
12
1
27
3
6
1
41
3
7
1
65
2
2
3
2
7
2
1
28
3
1
1
63
1
3
3
38
11
12
3
4
27
9
1
71
1
1
2
33
3
2
1
61
3
5
2
16
3
11
2
52
4
11
1
30
19
4
1
55
1
4
3
2
2
8
3
26
3
1
2
34
3
8
1
34
11
8
3
10
6
5
3
13
5
11
1
6
1
4
2
3
1
1
1
5
2
12
3
4
5
9
3
7
5
12
2
14
2
5
2
49
2
6
2
66
2
5
2
10
1
10
3
43
7
1
3
54
2
12
2
28
1
5
3
54
1
2
1
61
2
1
2
13
1
6
2
71
2
9
2
18
3
12
3
71
5
6
1
34
3
8
1
7
8
7
2
26
1
11
1
18
6
5
2
12
2
10
3
29
12
7
1
23
2
4
2
1
2
12
2
61
1
1
2
15
3
11
3
67
9
9
1
22
1
7
2
23
2
1
1
44
4
3
3
9
11
8
1
1
2
9
2
47
1
4
3
32
3
1
1
52
3
2
2
12
1
5
3
12
2
6
1
71
3
8
2
44
2
10
1
16
2
1
2
53
3
4
1
47
3
10
3
40
5
11
3
39
9
3
2
2
2
10
1
12
15
11
1
16
1
9
2
38
4
6
1
9
14
6
3
7
1
2
1
5
1
5
1
63
2
3
1
39
4
2
1
33
8
1
1
60
1
2
3
27
4
6
1
52
2
12
2
36
1
9
1
40
2
8
3
35
8
11
1
32
2
12
3
47
7
12
3
31
26
11
1
7
1
4
3
66
4
2
3
44
10
9
1
14
10
5
3
25
3
6
2
47
4
12
3
49
4
7
2
11
1
11
2
31
4
3
2
43
3
12
2
29
3
11
3
53
6
6
3
49
8
6
3
68
2
4
2
13
3
1
1
38
1
8
3
47
2
6
3
16
8
8
3
53
2
4
1
32
1
7
3
11
23
10
2
41
5
10
1
53
2
6
1
67
2
12
2
6
3
3
3
52
7
7
2
42
3
9
3
38
3
9
1
25
3
3
2
6
1
7
3
37
2
10
2
30
3
7
3
22
3
10
2
1
3
9
3
11
26
8
2
45
4
9
1
9
1
2
2
43
1
4
2
63
3
12
2
60
2
8
3
42
2
4
1
49
2
11
3
22
11
1
1
68
1
1
2
37
1
3
2
22
3
10
2
15
2
7
2
42
4
1
3
60
30
5
2
9
3
10
3
14
25
4
3
28
7
7
2
17
3
12
2
35
1
8
3
33
24
7
1
18
4
9
2
40
2
1
3
43
3
9
1
4
4
3
2
67
1
9
3
33
7
12
2
4
2
6
2
9
1
9
2
54
1
1
1
37
2
11
1
35
2
8
3
55
6
2
1
42
2
2
1
10
7
8
3
18
24
2
1
4
5
6
2
37
2
1
3
9
15
7
1
54
3
4
2
35
3
5
1
33
6
4
3
63
10
7
3
28
4
3
1
60
2
1
1
67
3
4
2
32
2
4
3
40
3
6
2
7
1
7
1
41
2
1
1
13
9
12
1
11
6
2
2
41
2
1
2
34
1
12
3
61
4
3
1
66
3
12
3
27
13
6
3
18
2
11
3
30
27
2
3
12
6
6
2
8
1
11
2
44
3
9
1
2
7
11
3
13
8
11
1
3
1
2
1
31
13
5
3
10
11
6
3
41
3
3
1
2
4
12
2
68
1
2
1
42
1
11
3
60
1
2
3
44
2
10
2
53
1
9
3
26
1
10
1
15
3
8
1
36
1
2
3
17
4
2
1
38
3
9
1
37
1
6
3
30
22
12
1
22
2
9
3
34
6
1
1
35
1
1
2
32
3
11
3
61
11
7
3
37
1
12
1
45
2
4
1
43
3
11
2
7
2
6
2
54
2
12
3
23
9
7
1
11
1
9
1
54
2
6
3
6
6
4
2
17
2
11
2
18
2
2
2
10
3
11
3
3
1
9
3
29
14
11
2
65
2
4
2
11
2
6
2
68
2
12
3
55
15
12
1
25
1
6
1
31
18
7
3
32
2
11
3
8
18
11
1
40
1
1
1
8
16
9
2
8
3
6
1
1
3
7
3
45
3
9
2
14
1
7
2
39
1
1
2
30
1
10
2
66
1
6
3
17
3
2
3
15
16
10
3
31
28
10
2
29
2
7
1
55
2
10
1
14
8
4
3
35
7
9
3
63
8
3
1
65
1
10
2
25
3
5
3
42
1
1
2
38
1
11
3
1
6
8
1
47
2
7
2
40
4
11
3
36
6
3
3
3
8
9
3
34
2
11
2
45
1
4
2
55
3
6
1
29
2
2
1
66
1
3
3
15
3
11
3
8
11
4
3
5
5
12
1
27
1
9
1
68
2
11
2
27
2
9
1
43
2
1
3
52
9
11
2
52
6
11
2
27
1
11
2
31
2
12
2
33
2
6
1
6
2
7
1
12
12
11
3
16
2
1
1
26
2
9
1
29
3
3
3
5
3
7
2
16
1
9
