2
14
3
1
2
37
1
6
2
1
1
8
2
17
2
11
1
53
2
5
1
26
1
2
3
45
7
2
2
9
1
3
3
60
25
8
1
28
3
3
3
35
5
5
3
49
5
2
3
4
10
1
2
28
3
4
2
66
2
12
3
44
8
6
3
10
5
10
1
1
3
9
2
34
2
4
2
3
1
1
1
4
6
9
2
33
1
5
2
52
4
6
2
42
3
2
2
60
4
8
2
4
1
10
2
3
3
4
2
33
3
12
3
44
3
10
2
68
3
8
2
37
2
4
3
10
21
5
2
14
2
10
2
31
5
3
3
14
25
4
2
17
1
8
1
47
1
11
1
61
1
2
3
11
4
1
2
22
2
7
1
23
1
1
2
13
3
2
3
71
2
7
3
12
2
4
2
10
3
1
2
25
3
10
3
16
4
6
3
37
1
2
2
8
2
2
3
23
1
4
1
63
1
11
2
42
2
6
1
68
1
12
1
38
3
11
2
55
2
11
1
4
4
8
2
55
3
4
3
42
4
6
3
61
8
8
2
5
3
3
1
14
17
4
1
42
1
8
2
67
2
8
2
29
1
2
3
29
6
6
1
49
2
2
1
65
1
12
2
39
1
4
3
63
4
4
3
7
2
10
1
43
2
6
2
54
1
2
1
17
15
2
1
29
3
9
3
18
10
3
1
17
16
7
2
30
5
10
2
47
3
4
1
43
3
12
2
27
1
6
1
6
1
4
1
29
1
10
3
7
4
5
1
71
1
9
3
12
4
2
3
34
10
5
2
4
3
6
1
16
1
9
2
23
2
11
1
13
9
7
1
2
6
12
3
16
8
1
2
2
2
11
1
55
2
3
2
2
1
12
1
31
10
1
1
1
1
9
2
61
3
9
2
6
1
2
2
38
3
8
1
68
2
3
3
11
26
2
3
54
1
11
2
39
4
7
2
41
2
10
3
25
5
5
3
49
1
6
2
53
1
11
2
49
4
5
2
8
1
3
1
13
4
7
3
47
6
9
2
7
1
5
1
18
2
11
2
65
4
7
3
41
4
6
1
15
5
7
1
47
3
4
3
34
11
11
1
45
1
2
3
31
13
6
1
52
3
2
2
54
2
11
1
28
1
1
2
25
1
10
1
7
4
6
3
2
7
1
3
67
13
10
3
1
10
2
1
38
1
4
2
22
3
12
2
12
3
5
3
68
7
11
1
7
7
12
2
31
4
4
3
71
3
5
3
33
9
8
1
8
13
11
1
63
2
9
3
60
14
12
3
29
10
8
2
26
4
11
2
43
4
12
1
35
4
2
3
66
5
10
2
10
2
1
1
60
1
11
1
45
2
12
2
18
2
2
2
53
3
8
3
43
8
9
3
30
15
7
1
2
4
6
2
63
1
2
1
36
3
5
1
35
2
7
1
32
4
1
1
40
3
11
3
39
9
7
2
23
3
10
1
3
2
7
1
16
5
10
3
67
24
9
2
9
2
2
2
36
3
6
3
38
4
12
2
40
3
4
2
6
3
3
3
33
24
2
1
8
4
7
1
32
6
8
1
26
2
3
1
6
2
3
2
16
3
6
1
61
2
11
1
10
7
3
2
47
4
2
2
35
1
12
1
36
2
2
2
11
3
3
3
3
10
12
1
5
2
9
1
40
2
11
3
65
20
1
3
27
8
5
1
5
1
9
1
67
2
1
1
39
1
8
3
61
7
12
1
41
1
1
3
41
1
6
1
30
11
5
1
22
1
3
3
27
9
5
1
11
12
11
3
2
2
7
3
32
6
5
2
13
2
3
3
40
4
10
1
3
1
1
2
45
4
2
1
37
2
5
2
44
2
7
3
54
2
7
1
65
2
9
2
32
1
6
3
35
7
11
2
38
5
8
2
52
1
12
2
7
3
7
3
55
6
8
3
53
3
12
3
55
15
3
1
10
2
6
3
68
2
8
3
9
32
5
1
11
7
9
3
17
4
11
1
12
15
8
2
12
1
10
3
28
6
11
1
44
2
3
2
49
3
1
2
63
2
8
3
4
26
6
1
14
21
3
3
37
12
6
1
67
3
10
2
36
2
12
3
15
14
7
1
52
2
2
1
42
2
1
3
9
16
7
1
23
3
3
3
15
12
10
3
22
7
3
2
45
1
5
1
12
2
6
1
49
1
11
1
39
3
9
3
3
1
6
1
44
1
4
3
36
10
5
2
30
3
6
2
27
2
8
2
67
1
5
3
31
18
2
3
32
4
12
2
11
2
6
3
25
2
5
1
25
3
12
3
40
5
10
2
15
3
12
1
37
1
5
3
13
2
12
3
17
12
9
2
29
3
3
1
66
1
4
3
26
2
6
2
71
1
3
2
34
1
4
2
26
3
5
1
66
3
5
3
66
8
9
3
52
14
8
2
1
3
5
1
34
6
7
2
15
2
6
3
14
9
10
2
71
3
3
1
25
2
1
2
32
3
6
3
6
3
12
3
53
7
2
3
38
7
7
1
9
6
12
1
31
17
5
3
22
12
2
3
26
12
3
2
28
1
10
1
54
2
10
3
42
3
2
2
16
2
8
1
22
3
1
3
8
3
8
2
44
3
3
2
65
1
3
3
47
1
7
1
33
5
7
3
63
8
6
2
61
1
12
3
5
3
10
2
18
3
7
2
41
1
8
1
55
1
5
2
40
1
9
3
52
12
9
1
15
4
9
1
33
7
6
1
41
2
10
3
23
12
10
1
27
2
1
3
65
3
1
3
6
4
5
3
45
3
9
2
60
2
9
3
5
1
8
2
66
3
7
3
30
26
1
1
71
3
4
3
18
2
8
1
34
1
8
2
35
3
4
2
68
1
11
1
18
14
10
3
43
1
9
3
36
13
10
1
27
3
3
3
39
8
7
1
60
2
3
3
28
9
9
3
1
9
6
1
30
10
8
2
5
1
12
1
53
1
8
1
54
3
4
3
13
3
6
3
8
2
7
1
9
2
1
2
43
5
12
