2
55
1
10
3
67
24
4
1
44
2
7
3
4
10
6
2
37
1
10
3
67
38
10
2
60
1
8
2
1
3
4
2
71
2
12
1
66
1
12
1
32
5
3
1
27
2
4
3
29
8
10
2
53
3
9
1
23
3
5
1
14
4
3
1
54
1
10
1
23
2
3
3
7
5
5
3
49
8
12
3
52
15
10
1
63
2
1
3
11
3
9
1
25
2
5
3
13
8
8
1
41
3
11
2
10
1
4
2
35
1
12
1
39
3
12
3
14
23
9
1
49
1
7
2
41
5
2
1
43
3
10
1
36
2
4
2
40
4
6
2
15
1
7
2
13
1
5
3
60
5
1
2
47
4
9
2
44
2
10
3
36
14
5
2
65
4
9
1
52
3
10
1
37
1
1
2
54
2
6
2
8
3
7
3
35
8
5
1
1
3
8
1
65
1
11
1
61
3
11
3
18
4
7
2
17
3
6
3
15
17
4
3
65
11
8
1
12
16
6
3
40
6
12
2
54
1
3
1
54
2
7
1
34
1
9
3
15
13
9
2
30
2
6
2
18
1
8
1
38
1
4
3
28
9
9
1
16
7
4
3
34
8
5
2
7
2
9
3
52
17
10
3
8
16
3
2
45
1
12
3
61
6
6
2
23
2
2
3
53
6
5
3
22
4
9
2
32
2
4
3
41
1
4
2
16
1
6
1
2
2
5
1
30
4
3
1
15
1
5
2
22
1
10
3
55
16
2
1
13
5
5
1
42
2
3
2
55
2
11
3
45
1
6
3
45
4
1
3
30
17
11
1
22
2
5
3
2
2
9
2
16
3
5
1
1
2
11
3
23
6
10
2
1
1
3
2
12
2
9
1
6
1
11
1
17
16
6
3
54
2
9
3
37
9
10
3
71
1
5
3
7
4
5
3
9
6
7
3
3
3
11
2
61
3
8
2
2
1
3
3
22
9
4
1
68
3
4
3
5
4
9
3
8
12
8
1
28
3
10
2
38
3
2
3
38
6
9
3
39
9
4
1
5
1
12
1
53
1
6
1
28
2
6
3
5
3
10
2
32
3
11
1
41
1
2
3
30
22
4
1
31
15
8
2
53
1
10
1
4
3
2
1
52
1
3
2
42
4
6
1
36
3
5
2
63
3
9
2
45
4
8
2
33
3
10
3
54
1
5
2
4
2
1
3
43
1
8
1
18
13
1
1
32
7
11
2
23
3
5
1
55
1
6
2
63
2
10
2
18
4
8
3
68
1
8
3
41
3
1
2
29
1
8
3
6
5
8
3
33
11
11
2
65
1
8
1
71
1
4
1
25
1
2
2
37
2
4
3
11
26
6
2
49
3
5
1
55
2
11
1
10
2
8
2
6
2
11
2
39
4
12
1
47
1
6
1
34
6
8
3
53
3
2
2
4
1
2
2
29
2
5
1
33
3
9
1
44
1
11
3
25
7
12
2
22
2
11
2
27
2
4
3
13
6
1
2
14
2
7
2
52
5
3
3
26
7
2
3
68
8
6
2
8
2
8
3
27
8
5
1
39
4
2
3
47
8
9
1
13
3
9
2
41
1
3
2
36
1
2
3
9
18
6
1
47
3
4
2
15
3
2
2
47
1
8
3
1
5
5
1
29
2
4
2
60
2
5
2
38
1
9
3
31
17
10
1
7
2
1
3
34
4
3
2
33
1
6
1
40
2
4
1
68
2
8
2
34
2
4
2
36
2
5
3
3
1
5
2
3
1
2
3
36
8
9
3
16
1
3
1
8
16
8
1
26
3
12
1
6
2
6
1
66
3
6
3
42
3
4
2
34
3
9
3
12
4
2
3
32
2
7
3
61
9
12
1
43
2
4
2
66
2
9
1
12
14
1
3
10
14
11
1
5
2
10
2
43
5
4
2
39
2
6
3
14
2
3
3
43
6
8
1
11
5
1
1
15
2
7
3
26
8
6
2
5
3
12
2
31
2
10
1
8
10
2
2
40
1
8
2
43
1
11
1
3
10
5
3
1
1
3
2
25
3
1
3
12
6
4
3
60
7
8
3
29
1
2
3
66
4
12
2
10
2
1
3
47
2
9
1
33
5
4
1
40
3
4
3
66
9
10
1
10
7
7
2
68
4
3
1
38
2
11
3
28
6
3
3
37
4
5
3
44
3
8
3
4
17
4
1
35
2
12
1
4
8
11
3
6
6
8
3
33
13
12
3
32
5
7
1
60
2
8
1
27
1
1
1
42
1
7
3
18
7
1
3
23
17
12
2
35
3
1
1
9
12
5
1
61
1
7
2
61
2
7
1
65
2
8
3
38
5
10
1
11
10
11
3
49
6
3
2
31
5
12
3
42
4
5
2
26
1
5
1
3
4
8
2
9
3
6
2
67
1
10
1
53
2
11
3
39
1
4
2
30
1
8
2
26
2
2
2
52
2
8
3
55
11
6
1
49
2
7
2
12
1
12
3
10
15
2
1
45
1
5
3
44
5
9
1
22
1
8
3
40
2
9
2
14
1
4
3
17
14
7
2
27
1
5
2
42
1
8
3
25
1
10
2
28
3
3
1
9
13
1
1
60
1
7
2
3
2
1
2
13
3
5
1
31
11
4
2
11
2
12
2
5
2
2
3
2
9
5
2
6
1
5
1
26
1
10
1
14
16
6
3
31
5
11
1
71
3
10
2
7
3
3
2
2
3
12
2
28
1
1
1
67
1
6
1
37
2
11
2
66
3
6
3
71
3
8
2
9
2
2
2
11
1
3
2
49
1
1
1
2
7
5
1
67
2
11
2
25
1
7
1
30
6
1
1
17
14
7
1
18
4
4
1
35
3
11
2
67
2
4
2
44
3
10
1
16
4
2
2
17
1
5
3
63
12
9
1
63
1
2
3
27
14
8
2
68
3
10
1
45
2
11
2
71
1
6
3
63
3
2
1
29
1
6
3
35
6
11
3
65
2
1
3
16
5
8
1
7
7
1
3
17
7
6
