3
55
11
9
1
29
2
4
3
52
10
5
1
43
3
7
1
54
2
9
1
8
14
8
2
18
1
3
2
29
3
6
2
22
1
2
1
2
5
5
1
11
9
3
2
15
1
9
1
15
1
8
1
42
1
6
1
11
1
1
3
61
4
1
2
14
3
12
3
6
2
5
2
45
1
1
2
4
3
2
1
16
2
9
1
13
2
4
2
36
1
3
2
63
1
2
3
32
8
1
2
52
6
1
1
2
1
11
3
9
31
2
3
42
1
2
2
54
2
3
1
39
3
2
2
40
3
8
2
68
4
10
2
23
2
1
2
36
4
6
2
53
2
10
2
18
4
12
2
8
2
6
3
4
8
4
1
10
7
6
3
67
28
6
2
41
1
11
2
38
3
6
3
2
1
3
1
45
2
1
3
22
4
11
2
5
3
5
3
49
6
3
2
47
4
10
3
33
14
3
1
6
2
7
1
52
2
3
2
30
4
11
3
30
22
4
1
9
3
5
2
7
2
8
3
33
9
10
3
61
9
7
3
3
1
3
2
28
1
1
1
10
5
4
3
68
15
6
1
1
1
5
2
3
3
3
1
33
6
4
1
9
12
12
1
17
10
3
2
66
3
5
1
27
1
11
3
54
2
4
3
44
4
11
1
33
1
3
1
61
3
8
2
55
1
5
2
17
1
7
3
53
8
1
3
36
11
10
3
66
2
6
2
65
3
4
1
40
2
9
2
11
1
1
3
27
17
3
1
34
1
11
3
18
20
5
3
27
7
6
3
17
2
10
2
39
1
5
1
49
1
5
1
60
2
9
3
5
5
6
1
34
2
7
2
6
1
8
2
43
2
1
3
41
2
5
1
29
1
9
3
40
6
7
1
1
3
1
1
68
1
7
2
6
3
3
3
34
3
3
1
66
1
4
2
39
4
6
3
29
10
10
2
9
1
2
2
31
3
10
1
22
3
12
2
54
1
8
3
28
16
2
3
53
1
1
1
26
1
11
3
41
4
9
3
63
11
8
3
42
4
12
3
26
1
7
3
35
2
8
3
66
5
1
1
15
4
4
3
15
11
4
1
3
3
12
1
63
1
3
1
32
6
8
1
12
15
3
1
45
1
9
2
7
1
1
3
12
7
2
2
30
1
5
3
14
15
7
1
47
1
5
1
5
1
12
2
26
4
4
1
4
3
5
3
12
3
3
2
16
3
7
1
30
16
7
3
31
2
7
3
9
19
3
3
71
3
1
2
43
4
2
1
71
3
9
1
42
2
6
2
35
2
6
1
68
2
2
3
32
7
5
1
52
3
6
2
33
2
1
1
60
1
10
2
44
3
6
2
15
2
10
1
41
1
12
1
37
1
5
2
68
2
7
1
13
1
11
1
12
12
7
3
2
7
11
1
6
1
10
3
13
6
3
2
25
1
4
3
18
12
1
2
38
5
8
1
39
1
1
1
55
2
10
2
27
2
11
1
54
3
12
3
26
12
9
1
28
1
2
1
44
3
12
1
41
3
12
3
44
10
2
3
16
4
11
2
16
1
1
3
47
6
10
2
61
1
12
3
23
19
1
2
53
1
11
2
41
3
3
1
53
1
6
2
49
2
1
1
14
9
11
1
23
1
2
3
15
16
2
3
13
2
1
3
11
14
12
1
63
2
12
2
67
1
12
3
28
1
6
3
67
25
4
3
17
1
10
2
13
1
3
2
2
2
3
3
54
1
11
3
10
20
12
1
65
1
11
3
25
8
9
2
11
2
1
3
1
4
5
1
22
1
11
2
12
2
4
1
18
9
8
3
8
7
7
2
29
1
7
3
14
23
5
1
38
1
3
2
22
3
9
3
11
20
10
2
31
1
7
3
68
14
10
3
40
1
5
1
23
3
2
2
35
1
5
2
44
5
12
1
25
3
11
2
32
2
9
3
31
8
10
1
67
1
7
3
36
4
4
3
7
2
8
2
61
2
11
2
12
1
10
3
1
10
2
1
35
1
8
2
10
1
10
3
45
7
3
3
5
3
9
1
31
2
11
1
28
3
4
3
60
17
2
2
9
2
11
2
8
1
4
2
37
1
6
1
35
2
1
2
67
2
4
1
27
2
10
3
55
2
4
3
39
7
7
3
38
9
7
3
63
2
8
3
29
12
2
2
60
3
12
3
3
5
7
2
55
2
10
3
65
11
7
3
71
5
4
2
17
3
6
3
16
8
2
1
30
12
6
2
52
2
3
1
3
11
5
3
39
6
4
1
18
10
7
3
30
9
7
1
38
3
2
1
7
8
9
1
47
3
2
2
49
1
8
2
3
2
3
1
65
2
5
1
40
1
3
2
40
1
9
3
35
5
12
2
33
1
11
3
25
5
3
1
36
3
12
2
34
1
8
1
49
2
3
2
26
2
8
3
4
6
3
2
27
1
12
1
43
1
7
2
32
4
8
2
63
2
9
2
37
2
1
3
43
7
6
1
4
1
12
2
42
2
8
1
55
1
6
3
22
10
5
3
7
1
1
1
5
2
12
2
47
2
3
2
45
4
9
2
65
2
10
2
28
3
10
1
7
5
1
3
34
9
8
2
2
1
2
3
60
21
12
2
42
3
4
2
71
1
3
2
23
3
6
2
60
1
5
2
10
3
9
1
32
2
4
1
26
3
6
3
43
6
8
2
25
2
1
2
4
2
8
2
1
1
8
2
34
3
7
1
44
4
11
3
37
7
9
3
45
3
12
3
10
25
8
2
5
1
2
3
49
5
11
3
23
9
11
3
6
6
4
3
8
8
5
1
66
2
4
1
31
14
5
1
71
2
9
3
52
2
6
2
71
3
8
3
47
8
12
2
14
2
10
1
14
15
8
1
61
1
10
1
36
2
2
1
25
1
8
2
66
2
6
1
53
2
1
1
37
2
11
1
16
4
5
1
67
3
9
2
13
2
2
3
65
17
7
1
8
12
1
3
37
6
5
1
17
3
1
2
1
2
6
3
38
11
3
