2
63
1
12
3
8
9
6
2
14
1
4
2
45
3
6
1
26
1
6
2
27
1
11
1
42
1
4
1
4
8
9
3
18
14
9
3
9
9
11
3
53
3
11
1
40
2
5
2
11
3
6
1
5
1
5
1
36
3
10
3
17
6
6
1
25
2
4
2
29
1
6
2
38
3
12
2
34
1
7
3
52
9
1
2
27
3
1
2
35
1
1
3
16
4
11
3
10
15
1
2
10
3
7
2
6
2
4
3
16
7
7
2
37
4
9
3
55
13
8
3
5
2
8
2
40
1
5
1
18
15
4
3
14
5
10
2
17
1
5
2
32
4
4
2
4
3
3
3
45
3
9
2
55
2
12
1
61
3
8
2
9
1
4
3
42
1
4
1
61
1
12
1
5
2
5
2
8
3
11
1
52
1
9
2
52
6
10
3
30
17
8
1
53
1
12
1
71
1
4
3
33
7
12
3
32
9
12
3
66
6
8
2
2
3
6
3
43
3
8
2
30
4
6
3
63
10
3
1
45
2
10
1
65
1
11
2
65
3
3
3
2
7
6
1
30
16
3
3
61
7
7
2
1
2
2
1
3
11
11
3
71
1
7
3
40
1
1
2
71
2
3
2
42
3
11
3
2
11
6
3
67
17
1
1
31
8
2
1
32
7
8
1
67
2
8
3
17
3
11
2
25
3
2
2
33
1
9
3
44
10
5
3
60
14
3
1
37
1
12
3
29
9
8
3
1
7
9
3
7
2
11
3
3
9
7
1
53
2
4
1
42
2
8
2
4
1
9
1
43
1
1
2
52
5
3
1
22
2
5
3
1
4
3
3
4
9
11
3
10
6
8
2
8
2
8
2
44
1
4
2
54
2
6
3
31
5
8
1
60
2
6
1
38
1
9
1
63
2
6
1
27
1
8
3
13
8
11
3
32
2
1
1
13
4
12
3
37
5
8
1
49
2
2
3
54
1
4
3
60
29
12
3
41
3
5
1
37
2
6
2
22
1
12
3
23
15
2
2
68
1
7
1
60
1
10
2
25
2
10
2
47
2
1
2
39
2
9
1
28
2
4
2
12
2
1
3
39
2
6
2
42
4
5
3
36
4
3
2
26
3
8
3
67
7
10
1
17
16
7
2
15
1
10
1
68
1
3
2
13
2
2
3
4
25
10
1
11
9
9
1
39
4
2
3
63
2
5
3
45
5
2
1
23
3
3
3
11
21
12
1
54
2
6
2
1
1
10
1
27
2
12
3
71
3
12
2
18
1
5
3
27
14
5
3
66
9
11
2
34
2
8
2
67
1
8
3
30
5
4
1
34
3
1
3
38
4
4
3
65
9
4
3
18
16
7
3
23
17
12
3
27
10
8
2
2
1
4
1
8
1
8
2
53
3
11
1
47
2
4
1
9
7
7
3
40
6
10
2
45
1
3
1
6
1
7
1
18
10
5
1
49
1
1
1
16
4
7
2
16
2
10
1
63
1
3
2
66
2
2
3
34
9
8
3
35
5
4
2
7
1
3
3
47
7
8
1
25
3
10
3
25
4
2
1
39
2
5
2
13
3
5
3
33
23
1
3
9
7
6
3
49
6
10
2
17
2
3
1
15
2
6
2
66
1
2
2
49
3
10
1
26
3
8
1
71
2
4
3
14
17
3
2
49
2
6
3
3
2
10
1
22
1
8
2
15
3
7
2
7
3
9
2
60
3
5
3
25
5
8
2
31
1
5
3
68
1
9
3
65
3
6
2
37
3
3
2
18
3
2
1
36
2
6
3
28
15
6
1
9
12
7
1
12
12
4
1
33
5
3
2
44
3
10
2
11
2
9
3
35
8
2
1
23
1
6
1
45
1
8
3
12
6
1
3
55
11
2
2
29
3
12
2
6
1
5
2
35
2
12
3
68
17
6
2
68
3
7
2
16
1
2
1
2
7
4
2
33
3
9
3
44
7
7
1
2
6
11
2
55
3
3
3
42
4
11
2
28
2
5
3
41
4
1
2
43
5
3
2
38
4
4
1
7
3
6
1
15
3
12
3
8
3
4
1
55
1
6
3
13
6
1
2
31
5
9
2
53
1
4
2
67
2
11
1
47
1
10
3
12
7
9
2
63
2
12
3
49
8
3
1
4
4
1
1
33
2
1
3
15
7
12
1
7
9
6
2
23
3
5
1
66
1
5
3
7
1
7
1
11
4
5
3
47
1
8
2
71
1
4
1
30
12
5
1
10
6
6
1
66
2
6
3
22
1
12
1
65
2
3
2
9
3
7
1
6
2
1
1
13
8
12
3
5
1
7
3
15
15
9
2
32
3
9
2
23
2
4
1
35
2
8
1
41
1
10
1
40
3
10
3
54
2
5
1
54
1
3
3
52
18
8
2
10
2
10
1
1
2
11
3
38
6
12
1
17
6
10
2
5
2
5
1
28
1
4
1
14
22
12
3
29
7
8
2
5
1
12
1
52
3
2
1
8
9
9
2
26
2
5
1
16
7
9
2
36
5
1
1
55
2
6
2
39
4
6
1
38
3
12
2
43
3
5
2
41
2
5
3
26
11
6
2
14
3
9
1
12
5
1
3
6
3
7
1
41
3
5
1
68
2
2
2
22
3
7
3
26
1
5
2
28
3
5
3
37
3
5
1
29
3
5
1
1
1
12
1
3
6
8
3
36
14
10
1
29
1
4
2
61
2
2
2
41
4
4
2
54
1
7
3
39
9
5
2
36
4
4
1
44
2
5
3
28
5
7
3
53
2
4
3
11
24
10
1
10
4
2
1
44
1
11
2
30
5
1
1
43
3
2
1
34
4
3
1
35
3
3
2
47
3
6
3
43
5
8
2
3
2
11
3
61
2
10
3
31
17
5
2
65
2
11
1
14
11
3
1
67
1
4
2
3
3
4
3
34
3
4
2
40
2
11
3
6
2
4
2
60
4
9
1
31
10
3
2
12
1
4
1
32
2
12
3
22
4
8
2
61
1
7
