2
38
5
5
3
10
9
3
1
49
1
10
1
10
2
3
1
65
1
8
3
42
4
4
2
53
1
11
1
63
2
1
2
63
3
1
3
33
19
11
2
39
4
4
1
29
1
3
1
6
1
2
3
38
6
2
3
42
3
9
1
16
1
11
3
4
3
2
3
49
4
10
1
5
2
8
1
8
11
8
2
11
1
5
1
22
2
1
3
30
5
8
3
37
3
10
3
27
3
11
1
33
8
3
3
54
1
6
3
22
1
7
3
63
2
3
3
16
6
12
2
15
1
6
2
68
3
7
1
41
1
8
1
68
3
5
1
27
2
8
1
12
3
3
1
13
3
6
2
14
3
9
3
25
2
6
1
30
13
8
2
34
2
5
3
1
9
5
2
65
1
7
2
44
4
7
2
49
4
1
2
8
3
10
2
11
3
4
3
32
1
7
1
34
11
5
1
17
7
9
1
49
2
10
2
53
3
8
1
61
3
5
2
52
7
3
1
5
1
7
1
7
7
12
3
39
4
8
2
10
2
2
1
2
1
5
2
65
3
4
2
32
1
12
2
33
1
7
3
63
12
3
1
9
1
1
3
39
7
6
1
54
2
11
3
9
18
7
2
49
1
3
2
45
4
9
1
26
2
7
2
61
3
6
3
6
4
1
3
68
16
2
2
55
1
4
2
71
2
4
3
61
4
3
2
2
3
9
1
71
1
6
3
65
6
5
3
7
4
1
1
11
10
7
2
44
3
5
1
52
2
6
1
66
3
2
3
11
8
9
3
36
11
5
2
66
1
2
3
34
3
8
3
3
2
6
2
5
2
1
3
65
1
1
3
41
4
1
2
3
2
9
2
27
3
4
1
15
5
11
3
60
17
12
2
45
2
5
3
26
11
3
1
14
15
4
3
14
12
6
2
13
3
2
1
33
5
8
3
14
20
4
1
35
3
8
3
3
4
11
1
34
10
5
1
40
2
12
2
47
2
11
3
43
1
4
2
17
2
5
2
43
1
9
2
22
1
6
3
17
6
3
2
7
2
10
3
53
2
1
1
41
2
6
2
2
1
2
2
28
3
1
2
6
1
2
1
67
2
11
3
10
16
1
2
26
3
8
1
14
12
11
2
54
1
8
3
31
5
9
2
36
2
1
1
65
2
7
3
45
4
9
1
44
2
11
1
60
1
1
3
34
11
8
3
55
9
7
1
23
1
3
2
61
1
7
1
27
1
7
1
40
1
9
2
25
2
5
1
53
2
11
1
29
3
4
2
13
1
3
2
15
3
4
2
1
1
11
2
4
1
12
1
63
1
10
3
29
14
5
2
30
5
7
3
37
11
7
3
18
5
6
2
68
4
3
1
52
1
4
3
68
9
12
3
2
4
2
2
55
2
3
2
9
1
2
2
37
2
5
2
63
1
7
1
38
2
10
2
27
1
1
2
35
1
9
3
47
9
10
3
40
1
1
3
60
31
7
2
22
2
2
1
55
2
9
2
60
1
10
3
54
2
6
2
43
5
1
2
6
3
6
2
41
4
1
3
9
20
4
1
53
1
7
2
28
1
2
2
34
1
12
2
26
2
9
1
32
2
1
1
54
3
4
2
29
2
1
2
31
3
6
3
31
18
8
3
8
8
11
3
4
24
12
2
42
2
1
2
14
2
5
1
71
3
8
1
32
5
5
2
16
3
4
3
15
16
6
1
23
2
5
1
28
3
7
3
2
6
1
1
68
1
9
1
55
1
12
2
54
2
8
3
52
12
10
2
40
4
1
3
61
3
9
3
18
19
1
3
41
2
2
1
1
3
4
3
71
2
4
3
26
10
5
2
52
3
10
3
8
17
7
3
13
5
5
2
33
3
6
3
11
2
5
2
1
2
5
3
67
21
3
3
36
7
1
1
18
11
3
2
36
5
4
2
41
2
1
3
5
4
4
2
47
1
7
1
39
2
6
2
38
3
5
1
2
6
8
3
55
8
6
3
5
2
10
1
43
3
5
1
3
3
5
3
38
2
2
1
37
2
3
3
23
13
9
3
33
24
9
1
7
3
2
1
30
4
8
2
3
1
7
2
30
3
6
3
52
1
5
1
16
5
3
3
15
14
12
3
29
8
3
3
1
7
6
1
4
6
12
1
36
3
1
2
12
1
2
3
6
6
9
2
29
3
7
1
39
3
6
1
67
3
7
1
61
1
5
2
32
4
3
1
45
2
8
2
66
2
3
1
22
1
5
3
40
2
8
2
4
3
6
1
38
3
10
3
13
2
11
3
66
7
11
2
67
1
11
1
15
4
10
3
16
8
7
1
25
2
10
2
42
1
6
1
43
2
9
1
35
4
11
3
22
2
11
2
35
3
11
2
7
3
4
3
44
7
12
1
42
2
4
3
25
4
4
2
23
2
7
3
7
1
11
3
45
2
1
1
31
1
3
2
5
3
9
3
12
2
9
1
18
7
8
2
12
2
10
3
43
7
4
2
8
2
10
2
17
1
11
2
31
2
12
3
44
9
6
2
71
3
1
1
28
2
4
1
60
2
2
1
13
8
5
3
28
3
2
2
25
1
7
1
6
2
12
1
4
7
6
1
45
1
3
1
25
1
7
1
17
6
2
2
16
1
6
1
31
13
6
1
1
1
7
2
23
3
11
2
67
2
12
3
49
1
12
1
8
4
3
2
37
1
9
1
47
1
2
3
47
7
12
1
42
1
6
1
26
1
7
1
44
4
4
3
12
6
10
3
35
6
6
1
12
17
5
2
39
1
4
3
17
13
12
1
36
2
4
3
27
6
10
1
66
1
2
1
37
1
4
3
30
9
4
2
10
3
6
1
47
2
11
1
10
7
10
2
18
4
7
3
35
5
1
2
9
3
12
1
3
6
6
3
53
7
6
2
60
3
9
2
18
2
1
3
67
10
7
1
11
2
11
3
28
9
8
2
40
2
11
3
32
9
10
3
71
5
11
1
9
4
5
3
23
2
9
3
66
8
9
