2
33
3
2
1
6
2
7
2
32
2
5
3
61
11
9
1
36
3
4
1
14
19
9
1
7
7
10
2
7
2
1
3
3
2
10
2
39
4
12
2
55
3
4
1
66
2
12
2
36
2
12
1
30
11
9
2
66
1
7
1
12
9
2
2
60
1
12
1
68
1
10
3
33
23
1
3
9
8
10
2
26
2
5
1
2
1
3
2
13
2
10
3
55
12
2
1
41
3
4
2
25
1
4
1
32
1
7
1
52
2
11
2
63
1
2
3
44
9
7
1
55
2
9
3
11
13
3
1
30
2
6
1
53
1
7
3
13
4
8
2
9
2
11
2
31
5
8
2
45
1
7
1
54
1
6
1
22
3
9
2
42
2
6
1
67
2
3
2
12
3
7
3
45
6
8
3
65
19
6
2
41
5
5
1
31
11
2
1
63
2
10
2
34
2
3
1
60
1
4
3
53
4
1
3
67
17
3
1
15
1
1
2
27
2
10
3
13
5
11
2
54
2
2
1
65
2
10
1
63
1
5
3
61
10
3
1
39
1
5
1
41
2
10
1
27
3
5
1
38
2
9
2
14
1
1
2
23
3
7
3
28
5
11
1
28
2
10
1
61
1
2
2
49
3
11
1
29
1
10
1
22
2
11
2
18
2
7
3
53
3
6
2
7
1
6
3
55
10
1
2
71
2
7
3
2
11
9
3
37
7
10
3
23
4
4
2
43
4
3
2
28
3
11
2
49
1
11
1
47
3
3
1
3
6
11
1
61
2
8
2
11
2
7
1
71
2
4
3
15
13
2
3
6
4
3
3
25
3
3
2
35
1
2
1
35
2
2
1
32
2
2
1
13
1
11
3
38
7
10
3
5
1
3
1
31
17
8
2
61
1
1
3
49
4
4
1
9
7
7
3
68
7
9
1
33
4
12
2
17
1
9
1
40
1
12
3
14
22
10
2
68
4
10
3
44
10
12
3
34
4
10
3
35
1
2
1
18
15
5
1
43
2
11
1
11
9
3
1
5
2
5
2
9
3
10
3
47
9
7
2
5
3
10
3
11
2
8
3
4
17
7
3
8
8
7
2
4
2
1
1
60
2
9
2
3
3
3
1
4
3
8
3
8
6
9
3
18
11
6
3
25
7
4
1
23
3
4
3
68
15
9
1
55
1
8
1
37
2
6
2
2
2
11
2
14
2
6
1
33
6
7
2
30
4
7
3
45
1
1
2
29
2
7
3
43
1
12
2
71
3
12
3
16
8
8
3
31
21
5
3
40
5
4
1
35
4
8
3
36
5
3
2
54
1
10
1
27
2
5
2
47
2
7
3
36
7
5
1
14
10
11
2
31
4
7
3
40
2
6
1
68
3
6
2
23
1
6
3
10
22
10
2
66
2
10
3
63
11
12
3
26
5
10
1
26
1
7
1
10
2
5
2
27
1
9
3
37
3
5
2
1
3
7
2
45
2
11
3
41
2
7
2
65
1
9
1
23
1
6
2
22
2
2
1
16
1
4
1
5
1
3
3
1
5
4
3
18
22
9
2
2
1
2
3
7
5
12
3
3
4
5
3
5
2
7
2
36
5
8
3
60
3
7
2
17
3
6
2
37
4
7
3
22
12
12
3
30
22
4
1
40
2
4
2
61
2
12
3
65
21
7
1
4
6
6
3
54
1
4
1
15
4
6
3
31
5
4
1
42
1
5
2
12
1
11
2
44
1
5
2
37
3
12
1
34
9
5
3
38
9
8
3
41
4
4
2
40
3
3
2
44
2
3
3
23
1
5
3
4
21
12
2
26
3
7
2
15
3
7
3
66
9
5
1
6
1
6
3
42
4
4
2
39
1
4
2
10
2
12
2
32
3
8
3
63
13
10
1
38
1
7
1
45
2
1
2
53
1
7
2
65
4
2
1
71
3
2
1
54
2
10
3
32
9
6
3
1
2
2
1
47
2
9
2
22
3
10
2
18
4
5
1
66
3
1
3
47
5
2
1
44
2
2
2
41
2
3
1
25
3
2
3
7
3
1
2
33
1
10
1
16
7
12
2
47
3
7
2
25
2
7
2
6
2
12
1
10
3
4
1
37
1
1
2
67
2
7
3
32
6
9
2
38
4
3
1
28
1
12
1
34
6
8
3
39
10
10
2
1
1
8
1
7
3
2
2
42
1
5
3
43
2
11
3
26
10
9
1
42
2
9
2
6
1
9
2
55
1
8
1
43
1
6
2
34
1
2
2
8
1
1
3
14
21
12
2
13
3
1
3
49
8
12
3
6
5
11
1
53
2
8
1
49
2
7
1
49
1
6
1
36
2
1
2
15
1
10
1
26
3
3
3
9
29
11
3
17
9
9
2
43
2
8
3
67
24
4
2
16
1
1
3
27
6
9
3
12
5
2
3
15
9
1
1
39
2
10
1
45
1
3
2
53
3
9
3
35
8
10
1
12
18
11
3
29
13
8
2
63
3
10
3
52
11
1
3
39
5
3
1
44
4
11
3
52
8
2
1
3
2
1
1
67
3
11
3
66
1
10
1
29
3
2
3
2
8
2
1
13
6
5
2
10
3
4
1
17
10
6
2
5
2
11
1
1
1
1
1
1
3
5
1
25
2
2
3
16
5
3
3
28
6
10
3
34
6
4
3
30
12
8
2
67
1
9
1
17
11
8
3
12
3
2
2
28
2
1
2
52
6
5
2
60
2
9
2
29
3
7
2
38
1
12
3
27
2
9
3
29
1
1
1
52
1
8
3
17
11
11
1
9
11
2
1
11
8
7
3
22
11
12
1
8
16
1
2
35
2
5
3
10
16
6
1
8
5
1
2
3
1
1
1
2
5
5
3
71
5
5
3
33
10
7
2
52
5
11
2
4
3
8
3
71
1
2
2
30
3
2
2
68
3
2
3
60
8
7
3
42
1
5
2
8
3
12
2
16
3
9
2
11
1
3
1
65
1
6
2
40
2
8
1
18
1
7
3
54
2
5
