1
22
3
5
3
39
1
4
2
27
1
1
1
13
1
9
2
45
2
9
2
38
1
9
3
12
6
2
3
26
7
4
1
22
1
11
1
33
8
11
1
53
1
6
1
4
5
10
2
39
4
12
1
36
1
11
1
65
2
12
3
37
5
7
1
42
2
5
1
6
2
8
2
54
2
9
1
60
1
12
1
4
8
4
3
11
2
3
2
41
3
10
2
66
2
2
1
53
2
9
3
67
1
6
3
61
1
12
1
7
9
11
3
33
21
11
1
10
6
8
1
8
11
3
2
28
3
6
3
49
6
6
3
28
11
12
3
30
12
12
3
12
3
10
3
40
6
10
2
36
1
8
1
1
2
6
2
53
3
3
2
52
2
6
3
29
3
3
3
55
3
5
2
16
1
9
1
35
3
12
1
63
1
5
2
44
5
8
3
38
9
11
1
52
3
12
1
11
9
9
1
61
2
9
2
71
3
8
3
16
6
6
1
60
2
7
2
38
3
4
2
3
2
5
3
35
4
7
2
37
2
3
3
60
29
5
1
7
10
7
1
25
3
12
1
23
3
12
1
55
2
12
3
14
6
10
2
55
3
11
3
47
7
10
3
55
14
4
2
71
1
11
3
25
4
8
3
44
8
10
1
44
2
6
1
68
2
10
1
55
1
11
3
9
31
12
3
37
8
7
3
13
2
5
1
15
3
1
2
67
1
1
2
47
3
8
1
54
2
5
2
36
3
5
2
60
1
4
3
22
6
9
3
5
5
7
3
4
11
3
2
11
3
9
3
45
5
10
1
16
7
5
1
52
2
10
3
34
8
3
1
9
6
6
2
10
1
3
3
71
5
6
1
27
3
5
3
3
9
1
1
66
3
5
3
13
9
8
2
54
1
11
3
23
16
11
2
25
3
7
1
30
14
8
2
68
2
9
3
35
6
1
2
32
4
8
3
5
1
1
3
27
1
7
3
52
17
10
1
6
1
2
2
67
2
2
1
13
5
6
1
10
5
2
2
8
3
3
1
67
1
11
1
63
2
8
3
66
5
2
2
49
3
1
3
71
3
9
1
31
2
12
1
1
1
8
2
12
1
7
3
42
4
8
2
35
1
12
3
36
3
3
1
8
16
2
2
30
2
5
1
29
3
7
3
17
12
4
2
23
3
12
1
5
2
2
2
29
2
4
2
33
1
2
2
17
1
12
3
61
4
9
3
31
9
2
1
36
3
6
1
65
1
9
3
47
4
4
3
34
1
9
3
8
11
8
2
14
2
12
2
31
2
11
1
28
2
3
3
23
14
8
3
41
3
4
1
2
2
5
2
42
1
3
2
63
3
11
2
34
3
5
2
9
3
10
2
23
2
1
1
54
1
11
2
45
1
1
3
54
2
3
1
49
1
12
3
6
5
8
2
2
3
4
2
31
4
2
1
71
1
8
3
6
3
9
1
14
12
1
2
61
2
4
3
40
3
12
2
42
2
3
3
14
21
9
1
29
1
10
2
39
2
9
2
43
5
5
2
65
3
9
1
2
4
2
2
40
3
5
1
38
1
2
1
45
2
2
3
65
8
4
3
29
5
8
2
3
1
2
2
55
1
8
1
3
5
5
1
37
2
5
3
53
4
10
3
18
11
8
1
30
19
12
3
31
16
5
3
26
1
1
1
5
1
6
1
38
3
9
3
22
4
10
3
33
17
6
2
4
3
5
1
11
1
8
2
16
2
8
2
37
1
4
2
13
2
7
1
35
2
8
2
68
4
4
2
25
1
9
1
66
2
9
1
34
11
10
1
67
2
3
1
3
2
3
1
37
1
4
3
36
7
11
1
43
2
2
1
49
2
2
2
35
3
8
2
43
3
12
2
15
3
2
3
28
12
12
1
33
7
1
3
66
3
3
2
22
1
4
3
43
6
11
3
15
6
12
1
12
9
9
3
3
7
6
2
5
3
8
3
9
5
7
3
68
16
2
1
31
8
10
2
63
1
9
1
23
2
10
1
34
1
8
1
17
11
7
3
54
1
2
3
38
7
5
3
32
10
4
3
8
10
11
2
26
4
10
3
4
1
2
2
11
2
11
1
18
3
4
3
30
24
9
2
47
1
2
3
10
4
1
1
42
1
6
3
1
10
10
3
17
7
11
1
43
3
9
2
10
3
6
2
12
2
4
1
26
2
3
3
7
2
8
3
49
2
8
1
9
5
5
2
8
2
1
1
40
2
3
1
18
1
5
1
41
3
12
3
7
3
8
1
68
3
11
2
33
2
2
3
15
11
11
3
10
24
11
1
17
10
7
1
28
3
6
3
45
6
12
2
29
3
4
1
40
1
3
3
60
22
12
2
17
2
6
2
9
1
12
2
13
3
12
2
18
2
12
1
39
2
11
1
14
1
3
1
26
3
10
3
32
5
5
2
60
3
2
3
43
1
3
1
16
5
5
2
30
3
12
2
1
3
2
2
66
1
4
1
71
2
12
1
47
2
6
3
65
15
8
1
44
1
4
3
44
7
5
3
2
5
11
3
68
17
4
1
45
1
7
1
61
3
9
3
25
1
2
2
44
3
4
3
18
23
3
2
41
4
7
1
47
1
1
2
14
3
8
2
53
1
12
3
2
10
5
2
6
3
4
2
40
4
4
3
27
4
5
1
41
2
10
1
27
2
10
3
1
8
9
2
32
1
7
3
53
8
9
3
41
1
10
3
11
1
8
3
63
4
10
3
42
3
7
1
15
5
10
3
52
18
11
2
4
1
7
3
16
5
7
2
5
2
1
3
67
9
12
2
34
1
2
2
15
2
5
2
61
1
1
1
32
7
9
1
12
13
8
2
27
3
10
2
18
3
1
2
7
3
6
2
52
4
6
2
22
2
2
1
25
2
4
2
26
1
6
3
39
7
1
2
2
2
7
2
1
2
9
2
6
2
7
1
32
2
12
1
39
1
5
2
7
2
2
2
28
1
10
2
49
1
4
3
63
12
8
2
65
2
5
