3
44
8
6
2
23
3
9
3
3
5
6
1
1
1
8
1
55
2
11
3
13
2
6
2
36
1
1
2
33
3
10
2
36
4
9
3
52
18
1
1
60
2
6
3
16
5
1
3
15
4
5
3
37
3
11
2
29
2
8
1
25
2
4
2
1
2
4
3
17
12
5
2
17
1
7
1
6
2
11
2
66
2
12
3
9
9
12
3
40
4
2
1
39
3
10
1
11
10
3
2
9
1
4
2
63
1
11
1
3
4
12
3
54
1
11
1
37
1
7
1
10
5
5
1
28
3
10
3
8
4
6
2
26
1
11
2
54
2
9
2
39
3
12
1
18
11
2
1
9
14
6
2
23
1
1
3
63
3
1
2
10
3
3
1
30
17
5
3
42
4
5
2
55
2
7
1
3
5
11
1
71
3
6
1
41
2
6
3
1
9
2
2
10
1
2
3
67
12
1
2
67
1
2
3
28
3
10
1
8
16
6
1
11
4
6
1
7
1
11
3
60
3
7
2
7
1
3
2
42
1
10
3
30
1
9
1
45
2
4
2
53
2
9
3
47
8
9
2
45
1
2
3
41
2
12
1
8
3
8
2
35
1
9
2
53
1
7
1
68
2
4
2
4
3
1
3
22
1
8
2
47
4
4
2
15
1
2
2
61
1
12
3
11
12
10
1
45
1
9
3
7
4
1
1
35
2
4
1
6
1
12
3
38
4
12
1
61
1
6
3
4
18
10
3
15
13
5
3
41
3
9
3
23
13
3
2
30
1
3
3
47
9
8
1
42
1
12
3
36
14
1
1
25
3
11
2
4
2
11
3
39
3
6
3
33
11
5
2
30
4
2
3
12
3
8
2
41
3
1
3
16
3
1
2
61
2
5
1
2
3
10
1
33
6
6
2
71
3
10
2
12
1
12
1
61
3
2
2
13
3
10
3
4
14
8
2
43
5
12
2
28
1
3
2
68
2
3
1
42
2
3
3
44
2
1
2
2
3
1
2
26
3
6
3
6
2
4
2
3
2
12
1
37
2
10
3
5
2
10
3
10
10
12
2
49
3
10
1
7
5
9
3
31
9
10
3
61
1
3
3
66
5
11
3
35
5
9
2
66
3
7
1
34
2
6
1
35
3
10
3
60
19
12
3
35
4
3
3
3
10
9
2
45
2
9
1
13
5
5
2
12
3
11
1
10
7
4
3
5
5
7
1
60
1
8
1
33
5
5
3
67
1
9
1
15
4
2
3
49
2
6
3
18
8
6
1
67
2
1
2
34
2
8
2
1
1
10
1
12
4
9
2
28
2
5
2
34
3
12
2
40
4
1
2
7
2
9
2
8
3
6
3
49
7
10
1
63
2
12
3
26
5
9
1
54
3
3
3
55
7
2
1
44
2
8
1
34
5
1
1
14
5
7
3
65
19
2
1
38
3
1
1
65
2
6
2
18
4
2
2
3
3
8
1
54
2
4
2
6
2
8
2
65
4
10
1
22
3
1
1
68
3
3
3
55
11
12
3
2
10
5
1
14
3
10
1
66
3
1
2
16
2
10
3
30
15
8
2
32
4
5
2
2
1
8
2
6
3
3
1
53
2
8
1
16
6
9
1
26
3
12
2
43
1
12
3
34
11
3
1
55
1
11
2
8
2
2
2
18
2
5
2
37
2
7
1
40
3
12
3
25
7
8
3
29
1
10
3
43
1
12
1
67
1
3
3
68
16
2
2
63
2
12
1
27
3
2
2
14
3
3
1
29
2
7
3
39
9
9
3
31
10
6
2
27
2
10
1
41
3
7
2
31
2
5
2
16
1
5
1
40
1
1
3
34
8
7
1
43
1
10
1
28
1
7
3
28
6
11
3
71
4
1
2
42
2
1
1
47
1
1
3
12
6
6
3
18
18
1
2
49
4
6
2
38
5
5
3
10
2
10
3
7
1
1
2
31
1
6
2
37
1
3
3
11
3
11
3
53
1
7
3
65
8
5
1
38
2
10
1
36
3
12
1
66
1
1
1
5
1
2
3
9
17
1
2
29
1
9
1
43
2
2
2
27
3
11
2
39
2
1
3
45
6
9
1
63
1
10
3
38
11
7
1
32
6
8
2
52
6
1
3
14
24
3
1
4
8
5
2
65
3
3
1
17
15
11
3
42
3
12
2
47
1
10
2
60
3
7
1
52
2
12
1
31
7
2
2
17
2
1
1
49
1
8
1
71
1
1
2
44
3
1
3
1
3
2
1
18
8
1
1
22
1
12
1
12
6
11
3
13
7
4
1
32
1
11
2
40
3
6
1
23
2
2
2
22
1
2
1
4
1
4
1
5
2
1
2
54
1
9
2
67
2
12
3
8
6
6
2
13
1
5
3
23
11
5
1
27
2
7
3
66
6
7
1
23
1
8
3
22
9
8
2
15
2
4
3
26
6
2
2
60
1
6
1
17
3
6
2
68
3
6
2
25
1
11
2
44
2
6
3
33
6
9
2
55
3
12
1
65
1
10
1
53
1
5
3
17
5
1
1
13
6
9
2
14
1
12
1
2
2
4
1
49
2
2
1
44
1
3
3
53
4
10
3
43
5
7
2
11
1
10
1
52
3
3
3
40
3
8
2
52
5
3
3
52
11
7
1
26
2
5
1
16
4
3
3
27
1
11
2
9
2
6
1
15
5
3
2
71
1
7
2
25
3
11
3
14
2
7
1
9
8
5
3
61
4
6
3
6
5
5
1
39
4
3
1
1
2
5
3
2
5
3
3
29
5
11
1
29
3
10
2
5
3
12
1
31
18
5
3
27
17
9
3
71
1
8
3
45
4
6
3
32
5
4
1
47
3
5
3
36
15
7
3
37
11
1
3
54
2
5
1
30
16
8
3
25
1
9
2
33
2
8
2
11
3
8
3
63
1
8
3
32
9
10
2
35
3
5
2
5
1
1
2
32
3
2
3
68
7
10
2
38
4
8
1
36
1
4
2
41
4
4
2
22
2
11
