2
52
6
7
3
22
7
10
2
34
2
10
2
25
1
12
1
36
1
8
3
15
12
12
1
31
12
10
2
23
3
8
2
43
4
5
3
41
3
10
2
39
2
11
2
1
1
3
3
15
17
1
3
8
3
4
2
17
2
4
3
44
5
11
2
32
2
4
2
18
3
1
1
55
1
12
3
43
6
4
1
49
2
5
3
13
1
11
2
49
2
11
1
66
2
11
3
42
1
10
2
43
5
10
3
2
10
2
1
33
7
5
1
68
3
1
1
6
1
3
3
28
11
11
3
71
2
2
1
10
3
6
2
14
1
6
2
31
4
11
3
65
21
11
2
47
2
5
1
9
8
12
1
27
1
5
3
25
1
12
3
53
6
6
2
35
3
12
3
26
9
11
3
32
11
8
2
55
2
1
3
55
17
1
2
36
4
10
1
65
2
12
1
28
2
1
2
25
3
6
3
28
15
9
3
39
8
7
2
37
2
1
1
17
4
6
2
6
2
7
1
45
1
10
1
16
2
2
2
15
2
3
2
18
1
9
1
63
1
5
1
34
3
1
3
66
6
5
2
44
3
11
2
65
3
5
1
61
3
12
2
8
1
1
3
31
19
3
2
30
3
5
1
3
6
12
2
71
3
10
3
36
5
5
3
41
1
5
3
55
14
2
2
17
1
7
1
52
1
12
1
7
7
3
1
11
7
10
3
67
15
7
3
6
4
10
2
45
2
12
3
7
4
6
1
52
2
1
1
18
13
2
1
54
3
7
3
31
2
9
3
14
12
5
3
68
3
4
1
27
2
11
2
30
5
7
3
32
12
3
1
41
2
5
1
37
1
1
1
25
3
5
2
60
1
12
3
9
12
11
2
7
2
11
1
66
1
6
1
17
15
8
1
3
4
7
3
33
10
6
1
41
1
9
1
1
3
3
1
30
10
10
1
2
2
4
1
6
2
2
2
14
3
1
2
22
2
11
1
23
2
12
3
61
2
3
3
34
11
11
2
41
5
9
1
30
2
5
2
52
4
2
3
4
22
4
2
38
4
6
1
53
1
5
3
38
5
7
3
54
2
2
1
15
2
10
3
12
2
4
3
3
5
4
1
35
1
1
3
52
10
12
1
35
3
11
3
47
9
6
2
4
2
4
2
11
1
7
1
38
3
5
1
65
1
12
3
40
4
12
2
61
1
7
1
34
11
7
1
32
1
6
1
26
3
1
1
16
6
3
1
23
3
11
2
44
2
7
3
66
7
12
2
53
3
6
1
42
1
1
2
37
4
7
1
40
2
10
3
39
6
11
1
53
2
8
3
17
5
1
3
35
3
10
3
10
9
9
3
35
7
7
2
16
1
9
1
43
2
1
1
31
14
9
2
54
1
5
2
23
2
2
2
26
2
4
2
10
3
10
2
1
2
8
2
29
3
4
1
4
1
3
1
26
1
6
3
33
21
8
3
22
12
8
2
67
2
2
3
34
7
4
2
3
3
1
1
60
1
6
1
5
2
11
3
37
1
8
1
9
2
2
2
27
2
2
3
63
6
3
2
45
4
11
1
22
3
8
1
29
3
12
3
5
5
9
2
60
3
3
2
13
2
3
1
54
2
6
2
63
2
8
2
38
2
8
3
38
8
9
2
53
2
9
1
71
2
2
3
5
2
7
2
26
1
2
2
65
1
9
2
41
1
10
2
29
1
2
1
61
1
6
2
13
1
3
2
7
1
1
3
67
30
9
2
2
3
11
2
63
3
12
1
36
3
10
2
4
1
4
2
40
1
9
2
66
2
10
2
33
1
3
3
30
12
1
1
8
7
11
3
40
6
9
3
68
7
5
3
4
12
3
1
2
1
12
2
67
1
11
1
47
2
9
3
37
5
12
2
9
2
5
1
5
1
7
1
68
1
11
2
42
2
8
1
42
2
10
2
3
2
2
2
32
3
2
3
23
2
12
2
34
1
11
2
49
4
7
2
27
1
1
1
45
2
6
2
66
1
3
3
71
3
2
1
18
11
2
2
35
2
2
3
45
3
8
3
16
7
4
3
6
6
10
2
5
1
7
3
45
1
4
3
2
4
6
1
71
3
1
3
23
10
8
3
29
10
7
3
8
20
10
2
8
2
7
1
28
3
5
1
12
6
12
1
67
3
10
3
49
3
10
1
29
1
1
2
28
2
6
3
53
5
11
2
55
1
11
2
40
4
11
3
42
3
8
2
28
3
10
1
33
4
2
1
55
2
4
3
44
10
12
1
43
1
8
3
29
1
4
2
16
2
9
2
11
2
7
1
13
5
7
2
54
2
10
3
65
8
5
1
7
6
11
2
6
3
12
1
13
8
6
1
63
2
9
1
25
2
8
3
11
21
6
2
5
2
2
2
15
3
9
2
12
2
10
1
44
2
7
2
47
1
7
1
40
3
8
2
42
1
8
3
27
15
2
3
14
17
8
1
4
8
1
1
49
1
8
3
54
1
12
3
27
1
7
1
8
12
7
3
60
28
5
3
12
5
1
2
71
1
12
1
11
8
8
2
2
1
4
1
15
4
11
2
68
3
6
1
10
1
12
3
60
29
5
2
39
4
8
1
39
2
10
3
18
7
9
3
63
7
5
1
60
2
1
1
67
2
10
3
7
2
3
1
12
3
1
1
39
1
4
2
22
1
4
3
1
1
7
1
22
1
10
3
43
4
9
3
11
16
7
1
14
21
6
1
37
2
8
1
38
1
7
1
47
1
12
3
9
6
4
3
3
2
3
2
10
1
7
1
1
1
12
2
33
3
11
3
25
4
3
2
12
3
4
3
10
24
10
2
31
3
3
3
61
8
9
3
47
10
2
3
13
8
4
3
16
4
12
1
32
7
2
3
52
12
2
2
61
3
7
1
14
6
1
3
49
6
2
2
68
2
5
2
36
3
4
3
26
12
11
3
17
17
11
3
18
14
5
1
44
3
11
2
9
1
11
3
30
4
5
3
1
5
8
3
36
15
7
