1
12
15
6
3
60
3
10
3
61
4
2
3
42
3
2
3
44
5
6
1
54
1
1
3
60
10
10
2
53
3
12
1
61
2
1
3
27
10
12
2
31
5
2
2
16
3
7
2
18
3
11
2
35
2
7
1
25
2
8
2
3
2
3
2
22
3
4
3
53
6
9
2
47
2
7
1
3
5
3
3
26
1
9
1
8
5
2
3
23
9
5
2
22
1
4
1
67
1
6
2
68
3
9
3
22
11
10
2
39
3
12
3
53
2
9
1
25
1
9
3
55
11
10
3
55
10
2
2
43
5
6
1
14
22
4
2
2
2
12
1
18
10
10
3
33
16
2
2
25
3
5
2
38
5
3
3
26
4
7
1
34
6
7
1
45
1
1
3
36
10
6
3
38
2
1
3
38
1
6
3
29
15
9
1
42
2
6
3
18
25
12
3
6
1
7
1
68
1
4
2
14
3
6
3
17
16
4
1
63
1
7
1
33
8
4
2
47
1
4
3
33
7
2
3
15
10
10
1
71
2
4
2
60
1
8
2
7
2
8
3
34
6
8
3
65
13
4
3
31
10
2
2
28
1
12
2
26
2
11
3
5
3
5
2
36
5
12
1
12
11
4
1
34
7
7
1
16
3
5
1
22
3
8
2
44
2
1
2
17
3
2
1
44
1
2
2
23
3
12
3
71
2
10
3
40
5
11
1
65
2
12
1
5
1
1
2
7
1
3
1
37
2
1
3
25
8
9
2
54
1
7
3
67
26
9
2
35
3
11
3
14
20
4
1
15
2
12
1
9
6
12
3
41
3
1
1
41
3
4
2
10
3
7
2
27
2
3
2
30
2
12
1
11
12
7
1
22
1
8
2
29
3
6
3
63
11
6
2
67
2
3
2
5
2
6
2
66
3
11
1
65
1
12
3
12
7
12
3
25
6
10
1
43
2
3
2
17
1
11
1
49
2
1
2
71
2
12
1
32
1
2
1
26
3
9
3
9
22
10
2
13
2
6
2
37
3
11
2
67
1
9
2
42
1
8
3
67
3
11
3
1
4
6
2
68
1
9
1
17
9
1
3
49
6
2
1
3
7
7
1
38
3
10
1
1
1
3
2
39
1
10
3
54
2
6
3
18
2
11
3
13
5
2
3
65
11
3
1
15
5
11
1
35
2
2
1
18
12
12
1
63
2
7
2
15
1
8
1
30
1
5
2
52
4
5
1
9
2
12
1
23
1
11
1
35
1
2
1
66
3
2
3
3
9
9
2
44
5
8
3
29
17
12
3
4
3
3
2
25
1
5
1
60
1
1
2
61
2
1
3
61
11
1
2
28
3
5
1
68
2
2
2
45
2
5
2
15
3
7
1
33
7
8
3
10
12
6
1
10
4
6
1
38
2
4
2
8
1
7
2
33
2
3
1
36
3
12
3
35
2
6
3
37
8
6
3
27
4
10
1
55
1
8
2
5
1
8
2
49
3
5
1
49
1
12
3
10
25
11
3
8
1
6
3
9
23
9
1
2
7
8
1
7
11
5
3
3
2
5
3
66
1
1
1
4
7
2
1
60
2
7
1
32
3
2
2
55
2
9
1
39
2
9
3
11
26
4
1
36
2
1
2
60
2
5
3
4
15
8
2
2
3
4
2
38
4
10
2
65
3
11
2
13
1
7
1
1
3
2
3
52
5
11
1
6
2
12
3
52
10
2
3
49
8
8
2
54
2
11
3
39
4
2
2
34
3
1
3
12
1
5
3
44
6
3
3
8
15
7
2
9
1
8
1
16
5
1
1
23
2
5
3
54
1
9
1
4
5
5
2
63
3
11
3
66
8
6
1
45
2
1
1
26
1
6
2
41
3
7
3
47
2
6
2
40
1
6
2
14
1
8
1
42
1
11
2
33
1
9
1
47
3
4
1
14
13
2
1
52
1
2
2
32
3
6
3
42
4
10
1
31
1
9
2
71
1
4
3
30
15
3
3
6
6
3
1
67
3
6
1
37
1
2
1
27
3
8
2
41
2
9
3
45
3
7
1
11
5
12
3
39
7
4
2
43
1
7
2
11
3
2
2
3
3
5
3
1
3
8
2
66
1
11
3
5
1
8
3
71
5
8
1
6
1
8
3
37
12
3
2
52
6
5
2
49
1
9
3
17
2
4
1
39
4
8
1
10
2
5
2
29
1
2
1
41
2
11
2
32
4
1
3
68
12
8
1
40
1
2
3
2
2
9
2
37
2
8
2
18
2
5
1
30
12
6
1
2
1
1
3
43
6
7
2
12
2
6
3
14
24
8
2
4
1
2
1
53
1
5
2
30
4
7
2
27
3
1
1
66
2
12
3
28
4
8
3
68
10
2
2
34
2
3
3
23
18
6
2
23
1
12
3
7
2
10
2
40
3
4
3
32
8
1
3
36
7
2
2
6
2
4
1
13
6
1
1
7
5
4
1
52
2
4
3
16
1
1
2
4
2
11
1
54
2
9
1
13
1
2
1
40
2
4
3
63
2
2
2
8
3
9
3
2
3
4
2
12
3
8
2
16
1
8
3
7
4
9
3
28
9
6
2
55
1
7
2
1
3
6
2
45
3
10
2
1
1
7
3
41
4
2
1
43
3
8
3
40
2
11
3
43
3
2
3
11
2
6
2
11
1
8
3
30
20
12
2
65
4
8
1
31
4
8
3
45
5
12
3
15
3
8
1
71
3
4
3
13
8
3
1
29
3
8
2
26
3
11
3
22
9
11
2
63
2
8
2
10
1
10
1
53
2
12
1
5
2
6
3
34
9
4
2
61
3
12
3
32
7
8
3
16
2
1
2
42
4
9
1
61
3
1
3
35
6
3
1
27
1
7
1
29
2
6
1
55
2
4
1
47
1
12
2
36
2
6
1
44
3
11
1
17
11
1
2
6
1
3
3
47
10
3
2
53
1
7
1
28
1
1
1
8
14
4
1
28
3
7
2
9
3
3
2
31
3
12
3
31
30
5
