1
4
1
9
1
65
1
1
3
29
19
6
3
8
18
6
2
40
1
4
1
44
2
2
3
28
2
6
1
54
2
9
1
9
4
8
2
11
1
2
2
14
1
7
2
61
3
10
3
14
5
10
1
38
3
2
3
30
15
8
2
27
3
1
1
37
1
8
3
25
6
7
2
28
1
7
1
63
1
9
1
63
2
7
2
61
1
6
3
44
7
1
3
37
12
4
2
15
2
12
3
54
1
12
2
2
3
6
3
67
2
3
1
28
3
1
3
11
16
1
1
9
6
9
2
10
1
8
2
2
1
1
3
71
2
7
2
1
3
2
2
17
1
11
3
1
9
2
2
34
3
8
2
54
2
2
1
40
1
6
3
47
6
10
1
13
3
7
2
1
2
7
2
63
2
7
1
23
1
2
2
3
1
10
1
41
2
2
2
49
4
10
3
4
11
3
3
45
5
4
2
44
5
7
1
27
3
6
3
68
3
6
3
27
6
12
1
26
2
9
1
26
3
10
2
30
3
10
1
49
2
1
1
17
7
12
2
45
3
11
3
47
10
12
2
29
2
1
2
26
3
5
2
43
4
7
1
49
1
9
2
16
3
11
1
43
3
12
2
71
3
2
1
55
1
7
3
35
2
7
1
55
2
3
1
17
14
7
1
5
2
8
3
35
5
5
1
10
2
1
2
38
3
7
1
71
2
10
1
8
16
4
1
45
1
2
1
5
1
3
1
36
2
9
1
6
2
8
1
25
3
4
2
9
2
5
2
65
3
7
3
3
1
1
3
55
15
3
2
38
2
2
2
55
2
6
2
65
2
5
1
1
3
12
3
34
7
6
2
27
1
9
2
15
1
2
2
7
3
7
2
8
2
8
1
28
2
6
1
3
2
4
3
15
13
5
1
44
4
4
2
39
2
11
2
18
3
3
3
36
5
10
3
36
3
7
2
17
3
5
3
38
11
11
3
25
5
9
1
52
2
3
2
5
2
3
1
41
1
11
1
45
2
12
1
2
1
12
2
18
2
12
3
31
24
8
3
67
34
2
3
30
25
4
3
68
1
3
1
47
3
12
2
43
5
7
2
39
1
5
3
37
8
4
2
45
4
3
1
1
2
3
3
32
5
5
2
63
3
7
3
41
4
5
3
65
18
5
2
68
1
9
3
12
3
8
3
61
11
10
2
14
2
2
2
66
3
9
3
54
2
4
2
13
2
9
3
43
7
2
3
55
17
8
2
25
2
1
1
35
1
5
3
13
2
6
1
42
1
5
3
27
9
9
2
13
1
7
3
9
14
1
1
36
3
10
3
8
8
7
2
53
1
5
2
35
2
4
2
60
1
5
3
6
1
11
1
7
10
4
2
22
3
12
2
49
3
7
2
47
3
8
1
53
2
6
1
66
1
3
2
71
2
3
2
16
1
6
3
40
6
4
2
52
5
12
1
60
2
8
2
32
3
11
1
12
8
12
1
32
6
6
3
2
8
10
3
31
27
5
3
26
11
1
1
37
2
3
3
41
1
7
3
34
11
1
1
53
1
4
1
16
6
1
2
8
3
12
3
11
24
2
2
37
4
11
3
42
3
4
2
25
1
3
2
66
2
3
3
65
11
9
1
15
4
7
3
14
17
8
2
55
1
4
3
53
1
2
1
52
1
9
1
39
4
2
3
43
5
5
3
29
7
5
3
13
3
1
1
18
7
9
1
31
10
6
3
26
9
4
3
53
2
11
1
25
2
8
2
42
1
8
2
31
2
10
3
18
18
5
1
15
2
11
1
67
1
11
1
30
6
8
1
2
5
11
3
7
3
9
1
3
9
6
2
28
3
1
1
8
9
4
3
33
11
6
3
4
16
3
3
15
2
4
1
66
3
4
2
5
3
8
1
16
3
11
1
43
2
12
1
54
1
1
1
34
10
2
2
36
4
10
1
71
3
10
1
31
2
10
1
32
3
4
3
40
5
10
2
31
1
7
2
7
1
4
2
67
2
3
1
18
5
7
2
32
1
3
1
4
2
3
1
68
3
1
2
9
3
5
1
10
8
6
3
12
5
3
3
23
9
3
3
3
3
6
3
49
7
7
2
33
3
7
3
66
7
10
1
35
2
8
1
11
12
7
3
60
7
6
3
71
1
10
2
30
1
9
2
11
3
1
2
40
3
4
3
63
2
3
1
12
5
5
3
22
6
12
3
2
5
11
3
17
7
3
2
35
1
1
1
65
2
4
1
47
2
3
3
17
15
6
3
6
5
7
1
68
1
3
2
41
2
6
2
3
3
8
3
66
4
6
3
60
9
11
3
5
4
12
2
4
3
4
3
32
12
8
3
52
15
1
1
61
2
6
2
67
1
10
1
11
8
8
1
38
2
12
3
42
4
2
2
41
4
2
1
29
2
8
2
23
2
5
2
23
1
11
2
47
2
5
2
34
1
2
1
27
1
1
3
39
3
8
3
38
12
2
2
6
1
3
3
44
2
6
2
12
1
8
3
28
1
2
2
22
2
2
3
61
8
1
2
42
3
8
2
36
3
8
3
33
4
4
2
68
2
6
2
6
3
10
3
49
5
4
3
10
17
2
2
4
2
1
3
10
8
6
1
23
2
3
3
9
31
8
3
1
5
6
1
33
6
6
1
14
8
9
1
40
2
2
1
67
2
8
3
7
2
8
1
42
2
12
1
22
1
12
2
12
2
11
2
10
3
5
2
53
3
3
1
29
3
1
1
13
5
2
3
16
3
6
3
52
17
6
1
30
20
12
2
33
1
8
1
22
3
7
1
34
1
8
1
60
1
6
2
60
3
10
3
39
6
7
3
23
8
1
2
44
1
6
3
22
12
7
3
5
5
11
1
33
7
2
3
16
4
4
3
18
7
2
2
26
1
7
1
7
5
9
3
45
6
7
2
29
1
10
3
63
12
2
2
54
1
6
2
52
7
8
1
6
1
2
2
37
1
7
1
14
7
6
1
39
3
10
1
61
1
7
