3
40
6
7
3
14
15
10
2
10
3
3
3
42
2
1
2
44
2
11
3
44
2
2
3
2
3
10
3
27
17
6
1
39
1
8
3
5
1
2
1
9
11
4
3
42
1
1
2
17
1
12
2
42
4
11
1
42
2
1
2
23
2
6
1
55
1
7
2
55
2
10
3
63
2
11
2
4
2
11
2
12
3
10
2
27
1
11
3
6
5
8
1
47
3
11
1
1
2
5
3
53
5
4
3
22
12
6
2
25
1
2
2
16
1
7
1
67
3
2
3
35
4
7
1
4
7
1
3
7
2
10
1
35
4
2
3
17
6
11
2
31
2
12
2
68
1
9
3
26
12
6
1
40
2
2
1
3
6
4
3
23
13
3
1
17
1
4
2
10
1
9
1
8
4
5
1
10
2
9
1
60
1
1
3
5
2
3
1
71
3
3
1
23
1
2
2
18
3
8
2
8
1
2
1
45
2
9
3
54
1
10
1
18
11
10
1
65
1
5
2
25
3
3
3
12
7
4
1
44
2
7
1
36
1
1
1
5
1
9
3
6
1
6
2
54
1
8
2
30
2
11
2
61
1
11
3
53
3
9
2
5
2
10
1
61
2
8
2
41
3
12
1
30
1
1
3
10
10
10
3
45
3
10
3
8
10
7
1
11
5
2
2
39
2
3
1
2
3
6
2
36
4
10
3
18
11
3
2
34
2
5
1
54
3
11
1
41
2
11
3
3
9
4
1
31
13
4
3
23
5
3
2
29
1
7
1
25
3
9
3
39
5
11
1
38
2
9
3
36
10
12
1
63
1
4
3
28
14
8
3
2
2
1
1
60
2
12
2
44
3
4
3
45
5
6
3
71
5
2
3
54
2
12
1
2
6
10
1
13
8
9
1
65
2
4
2
1
2
6
3
16
8
7
1
68
2
3
2
49
3
1
3
30
3
3
3
37
6
7
1
39
3
7
2
52
3
8
3
34
10
1
2
32
4
3
2
26
2
1
2
35
1
8
1
52
3
2
2
11
1
12
1
26
3
8
3
49
1
10
3
22
9
3
3
31
4
8
2
18
2
7
3
11
23
7
1
38
3
12
2
61
3
4
1
1
1
8
2
54
2
7
2
31
1
11
1
7
9
12
3
43
3
8
2
66
2
6
2
63
3
6
3
36
2
10
1
17
14
2
2
38
2
9
2
53
1
6
2
3
1
10
1
42
1
10
3
8
18
3
1
49
2
7
1
28
3
7
2
5
1
4
2
42
2
12
2
14
1
5
1
68
1
5
1
40
3
10
1
61
3
4
1
34
7
7
1
33
3
5
1
34
9
1
2
68
4
9
1
8
12
11
3
10
7
5
1
13
3
4
2
32
3
10
2
43
3
2
3
31
6
5
2
52
2
12
3
68
13
7
2
40
4
5
2
30
3
4
1
6
1
12
1
66
3
3
1
71
2
4
1
33
7
12
1
3
4
12
1
53
1
1
1
45
1
1
1
43
2
10
3
60
22
5
2
29
3
10
1
12
15
1
2
8
3
3
1
5
2
10
1
14
16
7
3
67
25
6
3
9
5
3
2
55
3
6
3
52
8
6
3
52
11
8
2
6
2
5
3
47
5
6
3
63
12
8
2
49
1
11
3
67
17
12
2
17
2
5
2
33
1
7
2
53
3
9
3
17
2
2
2
15
1
9
3
38
4
8
1
32
6
7
2
22
3
10
3
34
11
7
3
1
8
5
1
27
3
6
2
14
3
1
1
44
4
1
3
30
16
8
3
7
1
8
2
9
3
12
2
28
2
4
1
63
2
12
1
18
15
6
2
6
1
3
2
33
3
5
3
13
3
9
3
55
6
2
3
35
6
6
2
39
3
4
1
29
1
11
1
35
3
8
2
22
2
5
1
49
1
12
3
61
1
4
3
25
2
8
2
11
2
10
2
34
1
11
1
16
4
6
3
66
8
3
1
10
3
1
2
45
1
1
1
43
3
1
3
41
4
2
3
3
8
11
3
26
5
2
3
1
1
8
3
66
5
12
1
66
1
2
3
15
15
6
3
4
5
2
3
29
8
4
3
44
7
3
1
16
5
12
2
71
1
7
2
1
1
3
3
41
1
6
1
29
2
6
2
37
3
2
2
36
1
3
2
15
3
4
3
33
13
2
3
29
16
10
2
60
1
4
2
66
3
7
1
28
1
4
1
36
3
10
2
65
4
4
2
2
1
2
3
71
4
12
3
49
2
3
2
28
3
9
1
4
1
3
3
12
4
5
1
22
2
2
3
11
9
4
3
4
4
3
1
12
4
7
1
26
1
9
1
27
1
4
3
39
8
3
2
27
2
5
2
12
1
11
2
4
3
3
1
30
4
4
1
41
1
8
1
7
11
4
2
47
1
11
3
18
19
4
2
13
2
4
2
38
1
2
1
37
2
6
2
41
2
10
2
60
2
7
2
7
2
8
1
37
1
3
2
71
2
3
2
9
2
12
2
26
4
11
1
67
2
1
1
31
15
4
3
28
4
8
3
68
16
11
2
2
2
8
3
9
32
10
2
16
3
6
1
53
2
10
2
40
1
5
3
47
1
11
1
6
2
4
1
14
4
10
2
47
2
12
1
52
1
12
2
45
3
1
2
65
2
5
1
32
7
9
1
15
5
10
3
65
11
5
3
14
6
11
2
67
1
5
3
25
8
5
1
9
9
2
2
63
1
4
2
67
2
10
1
47
1
10
2
43
1
4
2
23
1
12
2
35
2
2
2
3
3
8
3
33
16
5
1
22
1
9
3
32
8
6
3
32
11
7
1
55
2
9
1
25
2
6
3
16
4
5
3
37
10
11
3
43
2
4
3
65
3
2
2
37
1
11
1
23
2
4
3
27
12
2
1
15
3
12
1
11
3
1
3
55
4
4
2
7
1
1
3
38
8
2
3
15
14
12
3
13
7
6
3
61
9
6
3
60
21
7
3
40
2
8
1
54
2
9
2
13
3
5
