3
15
9
7
1
34
9
3
1
60
2
3
1
6
2
7
3
52
4
12
1
34
5
10
2
11
3
5
3
39
2
2
2
33
3
5
1
47
3
12
2
60
2
12
3
28
1
5
3
61
7
2
1
49
1
6
3
25
3
7
2
52
5
3
2
28
2
3
1
47
1
8
1
45
2
9
3
66
6
1
2
41
3
4
2
47
2
2
2
31
1
7
2
31
3
3
2
32
3
1
3
40
4
1
1
17
1
9
1
2
2
9
2
44
1
2
3
12
4
7
1
32
3
7
1
33
8
12
2
18
1
2
1
29
1
7
1
28
2
3
1
39
4
6
2
63
1
4
3
3
10
7
1
45
1
12
3
35
6
7
3
37
7
1
1
43
2
6
2
43
3
11
1
40
3
8
3
30
7
12
2
26
2
12
2
61
1
7
1
40
2
2
1
42
2
10
3
31
3
1
3
41
4
4
1
1
3
5
1
27
1
3
1
71
3
6
2
15
2
2
2
25
2
9
1
30
16
9
3
40
3
1
2
30
3
2
1
43
1
7
1
4
7
7
3
23
19
12
1
28
3
5
3
6
3
11
2
9
1
7
2
55
3
2
2
66
1
4
3
34
6
6
1
66
2
8
3
26
4
4
2
71
2
10
2
40
2
7
2
43
5
7
3
9
3
10
2
35
2
2
2
40
3
9
1
36
1
4
3
23
14
1
1
26
1
12
1
35
3
11
2
67
1
3
1
52
2
3
2
60
1
8
2
8
3
10
3
5
3
6
3
27
2
2
1
9
3
4
1
54
2
10
3
8
12
6
3
68
15
10
3
18
25
12
1
68
1
8
3
1
1
4
1
25
3
9
1
12
9
1
1
42
1
4
2
13
2
8
1
18
15
12
2
12
3
1
1
27
2
2
3
33
3
2
2
61
3
7
2
68
1
2
3
44
10
4
1
8
10
10
1
37
2
11
2
68
3
6
2
36
5
1
3
66
8
10
3
49
1
1
2
8
2
1
3
60
2
6
3
5
5
12
2
1
2
4
2
36
1
9
3
63
13
2
3
11
17
2
1
22
3
5
1
55
2
5
3
10
26
12
2
1
1
11
1
11
11
6
2
23
1
1
2
66
2
3
2
28
3
2
3
55
7
2
3
25
2
9
2
18
3
7
3
28
12
2
2
3
3
8
3
22
12
8
1
5
1
8
3
14
17
2
1
54
1
3
3
18
20
5
3
49
7
2
1
53
2
5
2
9
3
11
3
17
13
7
3
71
3
5
2
65
3
11
1
68
3
8
1
29
2
4
3
61
11
11
3
2
12
8
1
61
1
2
2
44
3
7
3
71
5
3
3
42
3
6
1
32
1
2
1
3
5
8
1
38
2
10
1
23
1
11
3
60
6
2
2
4
3
6
2
30
4
8
1
6
1
3
1
23
3
12
3
44
8
2
1
52
3
11
3
12
5
6
3
4
2
1
2
14
1
2
1
49
2
1
1
66
1
3
3
13
2
8
3
43
1
6
1
5
2
10
3
17
7
12
2
63
2
7
1
16
1
7
1
16
5
2
2
41
5
1
3
54
2
5
2
34
2
9
3
16
8
9
3
47
10
10
3
32
3
1
2
37
4
8
3
45
6
1
2
52
6
6
1
60
1
10
3
38
9
9
1
15
2
10
1
14
12
8
2
10
2
6
1
67
1
2
3
39
4
10
2
17
3
9
2
49
2
3
3
65
2
8
3
36
8
4
1
7
2
7
2
23
2
9
3
8
18
12
3
42
1
1
1
71
1
11
2
53
2
4
3
52
5
12
1
39
3
4
1
8
4
2
3
47
8
6
1
31
4
6
1
7
4
9
2
29
3
3
2
6
2
10
1
41
3
2
1
65
2
5
3
26
12
4
2
34
1
10
3
43
6
2
2
15
3
1
3
4
28
10
2
38
5
4
3
33
1
2
1
25
2
10
2
14
3
4
2
4
1
8
2
45
4
11
3
35
2
6
2
45
2
7
2
27
1
11
1
13
2
1
1
53
1
3
2
42
4
8
1
30
20
6
2
5
1
8
2
6
3
12
2
37
3
10
2
55
1
4
2
7
3
3
3
67
14
10
3
68
11
11
3
27
10
12
2
54
1
5
2
11
2
5
1
9
11
10
1
37
1
9
1
10
6
6
2
3
1
11
2
53
3
6
3
2
11
12
1
36
3
3
1
17
13
2
2
2
1
2
2
67
2
4
3
34
10
9
2
27
3
3
3
45
2
6
3
41
2
9
1
3
8
1
1
18
5
10
2
71
3
11
2
33
2
6
1
1
1
10
3
3
7
3
3
1
4
12
3
6
6
10
3
22
2
2
2
38
4
6
3
14
10
8
1
2
3
3
2
39
2
9
3
36
14
10
3
7
1
1
3
30
21
6
1
38
1
3
2
29
1
4
1
61
3
8
2
42
3
11
2
26
3
3
3
38
5
11
3
29
12
3
1
65
1
2
1
41
2
2
1
44
4
10
2
16
1
12
1
67
3
10
2
16
2
4
1
35
2
3
1
12
4
3
2
54
2
4
2
13
1
11
1
31
3
9
1
10
5
9
2
25
1
2
3
63
6
12
1
26
3
11
1
55
1
12
3
11
3
8
2
39
4
7
2
10
1
7
3
32
8
9
2
49
1
12
1
44
2
2
2
2
3
9
3
9
32
3
3
29
11
9
3
65
13
4
2
17
2
12
2
5
3
2
2
65
1
3
1
11
8
1
3
67
28
6
3
31
17
6
1
63
1
2
3
10
7
9
1
13
7
11
3
15
16
2
2
35
3
3
3
53
5
12
3
53
6
1
1
15
4
12
3
55
15
11
3
37
2
5
3
54
1
6
2
22
1
2
1
22
2
4
3
16
1
8
2
22
2
2
2
32
4
4
1
63
2
12
3
13
5
6
3
7
2
8
1
4
5
4
2
7
1
7
2
12
1
11
2
47
4
6
1
33
3
8
1
14
13
11
