2
9
3
10
3
5
2
2
1
36
3
3
3
15
13
8
1
43
3
5
3
37
4
11
2
9
2
12
3
55
6
9
2
25
2
6
1
17
7
5
1
12
4
7
1
36
2
7
1
39
4
11
3
43
6
3
2
53
3
8
1
34
10
10
1
44
2
7
3
40
6
9
2
44
4
10
1
18
9
2
1
25
1
8
2
31
5
11
1
2
2
8
3
4
19
7
1
71
1
11
3
7
2
4
1
16
7
6
1
55
1
9
2
17
3
4
1
9
11
4
2
55
1
6
2
52
6
5
2
16
2
6
1
6
2
3
1
66
3
4
3
5
5
4
1
42
1
11
1
40
1
4
1
26
3
12
2
17
1
6
2
32
2
6
2
67
1
8
3
4
16
3
3
44
1
6
3
26
5
7
3
49
7
11
2
13
2
6
2
47
2
10
3
1
3
7
3
71
1
1
1
54
1
8
2
61
3
1
1
9
12
11
2
25
1
12
3
14
20
9
1
41
1
6
2
44
3
11
3
31
28
6
1
23
3
1
2
3
2
3
1
27
3
10
1
68
2
4
1
42
2
9
1
12
6
3
1
4
8
11
1
29
3
8
1
23
1
8
1
66
2
10
1
52
2
12
1
67
1
2
1
11
6
9
2
8
1
2
2
30
1
10
2
27
3
8
3
36
13
1
3
12
5
4
2
26
1
9
2
3
3
3
3
32
6
6
3
6
5
11
1
13
5
2
3
35
4
8
3
27
6
3
1
63
1
3
3
41
2
4
3
53
1
2
1
32
1
2
3
15
4
3
3
42
2
9
2
31
3
2
2
30
5
10
3
2
5
6
3
71
2
8
2
63
1
12
1
18
10
11
1
28
3
11
3
65
16
1
3
39
1
2
1
34
6
9
1
10
2
11
1
45
1
1
3
43
7
5
1
1
1
11
3
32
4
2
2
23
3
1
1
49
1
11
3
38
7
6
3
65
20
12
3
49
3
2
2
18
3
12
2
54
1
1
3
16
5
1
3
23
1
3
1
5
1
7
3
36
12
2
3
54
2
6
1
7
8
9
2
42
1
4
2
4
1
10
2
15
2
7
3
3
4
2
1
67
2
1
2
60
1
12
2
67
2
8
1
31
14
8
2
5
3
8
2
26
4
7
2
55
3
2
3
25
2
8
2
40
2
12
3
29
2
1
1
8
9
4
2
12
2
3
1
29
2
12
1
65
2
4
1
17
14
11
3
8
8
11
1
61
2
11
3
13
3
4
1
61
3
12
3
3
2
1
1
5
2
10
2
35
3
4
2
32
3
1
3
12
3
9
3
26
9
10
2
2
3
9
2
4
2
4
3
61
8
2
2
29
1
11
1
53
1
7
2
68
1
8
1
47
3
2
2
61
2
2
3
67
32
5
1
35
4
9
2
10
2
11
3
13
8
9
1
33
3
4
1
7
5
10
3
52
16
3
3
55
16
5
2
40
1
4
3
54
1
6
2
28
1
5
2
71
1
1
1
22
2
1
1
65
1
8
2
6
3
11
3
67
21
6
2
7
2
4
1
55
2
11
3
38
11
3
1
13
9
12
1
63
2
6
2
71
2
3
2
45
1
1
2
8
2
7
1
38
2
11
2
14
2
4
3
40
2
7
2
63
2
3
3
28
7
12
1
33
7
9
1
8
3
7
3
10
7
12
1
60
1
3
3
8
10
5
1
2
1
8
3
52
4
1
2
43
2
6
2
18
4
5
1
41
2
8
1
3
8
3
2
66
1
9
3
41
1
11
1
26
2
8
2
14
3
3
3
63
2
1
3
18
22
5
2
54
2
10
1
22
1
12
2
41
1
5
1
53
2
4
2
16
1
10
1
31
7
2
2
68
3
3
1
27
1
6
1
30
7
1
3
60
32
1
1
37
2
11
1
47
2
6
3
31
20
7
1
39
2
5
2
13
1
3
1
15
3
11
2
23
2
3
1
1
2
9
2
35
2
8
3
53
3
7
2
49
3
8
2
52
5
11
2
11
1
1
2
43
5
10
2
66
2
1
3
6
4
9
3
68
7
3
1
38
1
8
2
60
2
12
3
30
5
7
3
60
1
10
2
36
2
5
3
11
18
1
2
12
1
1
3
66
2
9
3
2
7
2
3
63
12
9
2
10
1
4
1
15
1
4
2
22
3
8
3
17
6
2
2
39
4
4
1
4
2
2
3
28
13
8
1
30
6
6
1
71
2
12
1
54
2
8
2
34
1
6
3
61
11
11
1
3
5
10
2
42
2
2
2
38
5
2
3
9
8
8
3
1
6
9
1
6
1
2
3
44
7
11
3
29
15
9
2
33
1
10
1
60
2
12
3
33
8
1
2
41
3
3
1
28
1
7
2
5
1
10
3
34
4
1
3
68
1
9
1
45
2
6
2
11
2
12
1
40
3
11
2
15
3
3
1
52
1
1
3
47
6
2
3
17
14
9
1
14
9
7
1
16
1
1
3
22
7
6
2
28
2
9
3
18
3
2
2
6
1
10
2
7
3
9
1
68
1
11
3
34
11
5
2
37
4
8
3
45
3
5
2
36
4
3
3
37
10
5
2
65
4
12
2
27
1
6
1
44
4
4
3
27
5
11
1
11
12
1
3
7
3
6
2
39
3
2
3
30
2
10
3
23
2
6
3
14
8
8
3
33
22
1
1
25
2
1
2
37
2
2
2
65
3
4
2
49
1
4
2
45
3
3
2
33
3
1
3
9
25
9
3
42
1
6
1
14
2
9
1
35
2
5
2
29
2
3
2
1
3
3
3
22
12
4
2
53
1
10
1
10
5
8
2
34
2
10
2
22
2
9
3
39
3
9
3
25
1
7
3
45
2
4
3
47
2
11
2
1
2
6
1
43
1
7
1
32
3
7
3
35
6
1
3
10
16
12
2
38
2
10
2
47
1
3
2
2
2
8
3
16
4
6
3
11
15
9
1
37
1
1
1
49
2
2
3
66
7
8
