1
22
1
1
3
29
1
2
1
36
2
4
1
61
3
3
1
32
6
1
3
54
2
12
1
23
1
9
2
15
3
11
3
25
9
2
3
1
1
6
2
13
2
3
1
67
2
2
2
60
3
5
1
34
8
2
3
43
5
3
2
29
2
2
1
5
2
1
1
38
2
10
2
2
3
6
3
15
16
11
3
45
5
5
2
43
2
6
2
16
3
12
1
54
2
7
1
12
17
9
3
1
7
3
1
44
2
7
1
6
1
5
3
60
15
3
1
16
4
4
2
52
6
4
2
38
5
2
1
39
1
6
2
40
1
11
3
4
24
3
3
65
12
3
1
31
7
12
3
68
16
9
3
11
19
6
2
42
3
4
2
67
2
5
2
6
2
12
3
5
4
4
2
49
4
5
3
15
4
2
3
33
1
11
3
26
11
10
2
18
2
2
2
16
1
7
1
29
1
9
1
34
9
12
1
7
6
9
3
38
6
10
1
18
9
1
1
8
9
4
3
30
9
11
1
45
1
3
1
15
2
4
3
66
7
1
2
66
3
11
2
71
3
8
3
38
9
10
3
41
1
9
3
36
5
5
3
9
18
2
1
43
1
10
3
6
2
3
3
4
20
8
1
55
1
6
3
43
6
4
2
32
4
3
1
22
3
9
3
16
4
8
2
67
1
7
3
16
8
7
1
60
1
11
1
17
2
5
3
39
3
10
2
32
2
9
3
61
6
3
3
35
2
3
1
8
11
2
1
39
2
2
3
6
4
5
1
25
3
5
3
27
16
4
2
30
4
6
3
11
26
8
3
40
2
5
2
65
1
6
2
12
3
6
1
44
1
8
3
7
2
10
1
66
2
6
1
25
2
4
3
14
12
12
3
34
11
4
3
3
2
12
3
41
2
7
3
61
5
2
2
41
4
3
2
14
1
4
3
49
5
11
1
13
6
11
3
12
3
8
2
52
1
8
3
10
8
12
3
55
8
6
2
55
2
6
2
36
2
7
1
7
1
11
3
60
17
1
2
23
3
8
3
35
7
6
1
27
1
2
2
12
1
7
3
54
1
7
2
68
2
9
1
53
2
12
2
61
3
5
1
40
1
7
2
8
1
3
3
2
4
2
2
65
3
8
3
44
10
10
2
7
1
9
2
28
3
7
1
33
3
8
1
10
3
6
1
26
3
5
1
37
1
10
1
28
1
11
3
7
5
8
3
9
1
8
2
3
1
2
2
26
4
12
3
32
2
3
2
61
1
6
3
40
4
8
3
18
17
4
2
43
3
2
2
49
1
10
3
47
7
2
2
39
1
2
2
63
3
11
2
39
3
8
2
47
1
7
3
65
14
9
1
38
1
4
1
52
3
5
2
18
1
6
1
40
2
5
1
55
2
9
3
3
9
12
2
40
4
9
1
10
8
3
1
60
2
10
3
71
5
3
3
27
17
1
1
11
11
8
3
42
2
3
3
28
3
5
2
35
2
3
1
12
9
11
1
35
1
1
2
33
2
11
1
42
2
3
3
2
6
6
1
27
2
1
2
38
2
3
1
63
1
5
2
14
2
1
3
12
4
11
2
44
1
6
2
5
2
5
3
45
2
9
3
5
2
11
1
65
2
1
2
34
2
4
2
6
1
6
1
4
6
9
3
23
18
5
3
53
3
10
1
52
1
8
1
42
1
6
1
54
1
4
1
13
4
5
3
14
24
3
2
10
1
1
1
71
2
3
1
61
2
1
2
25
3
8
3
17
12
12
2
31
2
8
3
67
10
11
1
14
2
3
1
45
2
11
3
63
2
10
1
68
1
10
2
55
3
9
2
42
1
1
2
13
3
5
3
22
6
4
1
47
1
5
2
31
5
9
2
53
2
8
3
22
5
3
2
36
5
4
2
1
2
2
2
11
1
6
2
8
2
6
1
66
1
10
1
4
8
10
2
17
2
7
3
67
4
9
2
71
1
6
2
17
3
6
2
22
1
11
3
52
17
10
2
47
2
10
1
32
1
7
1
63
2
6
1
67
1
6
1
23
2
1
1
30
12
7
1
14
10
4
2
28
1
6
1
3
6
3
1
2
6
4
2
68
4
3
3
17
9
4
3
68
11
9
3
71
1
11
3
23
12
5
1
29
2
8
2
4
1
12
3
36
11
9
2
54
1
12
1
35
4
10
1
9
1
1
3
39
5
7
2
4
3
9
2
29
1
2
2
2
2
9
2
45
1
5
3
44
3
2
1
68
3
11
1
9
4
2
2
54
2
6
3
30
1
3
1
1
1
2
1
5
1
9
3
29
10
9
3
10
23
4
1
3
9
2
3
37
4
12
3
32
6
7
2
37
2
9
3
47
1
12
1
65
1
1
2
23
2
2
1
49
1
9
2
27
1
7
3
13
9
2
1
28
2
9
2
9
1
10
2
45
4
6
3
8
16
8
1
1
2
1
2
22
2
1
3
63
10
3
3
18
9
3
2
44
4
11
2
11
3
8
2
1
1
7
2
53
3
12
2
25
2
10
1
30
4
7
3
28
16
9
2
30
1
12
3
66
5
6
1
33
2
9
1
16
1
4
2
66
1
3
3
55
14
2
3
34
5
1
2
5
1
5
2
15
1
7
2
34
3
4
3
8
14
12
1
11
2
9
1
47
2
1
3
37
2
11
2
60
4
11
2
9
3
1
3
53
2
8
3
49
6
1
1
36
1
11
1
41
3
12
1
49
2
12
3
31
6
11
2
33
1
3
3
52
12
11
1
15
3
1
1
43
3
7
3
26
6
6
1
53
1
1
2
37
1
5
1
6
2
11
2
41
5
10
3
13
4
12
1
37
2
12
2
7
3
11
2
3
2
12
2
35
3
7
2
63
2
8
1
41
1
1
3
42
3
3
1
71
1
9
1
31
14
4
1
18
12
8
2
10
2
11
2
27
2
1
3
31
22
9
3
25
8
1
1
17
3
6
1
26
1
12
3
33
23
1
1
2
7
3
2
26
2
12
