3
34
3
2
1
26
2
9
1
35
2
2
3
47
7
8
1
27
3
3
1
13
2
6
2
61
3
9
2
55
1
12
2
60
3
1
2
22
3
6
1
45
2
4
1
65
2
4
2
22
1
5
3
9
9
12
1
8
12
4
2
63
3
5
2
40
3
1
2
36
3
11
3
55
12
12
2
17
3
9
1
2
7
11
2
38
4
12
1
15
3
6
2
35
2
11
2
14
1
7
3
10
9
5
2
37
2
10
2
10
3
6
2
1
1
10
2
8
1
11
2
67
2
7
2
30
2
10
1
28
2
4
2
40
4
5
1
26
3
3
2
6
1
12
3
68
13
9
1
36
3
11
3
35
7
8
2
11
3
7
1
54
2
8
3
61
11
4
2
31
4
5
1
38
1
11
3
32
1
11
3
68
1
1
2
68
1
11
3
37
7
7
3
25
5
2
3
60
11
4
3
38
7
6
2
9
3
2
3
27
10
10
1
6
2
3
3
4
10
5
3
28
7
8
1
68
2
10
2
23
1
6
2
14
3
10
2
5
1
7
1
7
7
2
3
29
12
5
1
52
2
1
1
12
13
2
1
35
4
4
2
25
3
3
3
11
6
6
3
47
4
4
3
52
16
11
2
49
3
12
2
39
1
9
3
26
7
6
3
8
13
11
3
32
4
6
2
39
4
8
1
9
7
8
1
66
3
1
3
45
3
10
2
29
3
5
3
17
17
12
1
7
8
4
1
34
1
6
2
26
4
12
2
28
3
11
2
2
3
4
2
66
1
12
2
60
4
7
3
66
8
4
2
13
1
4
1
5
2
7
2
28
2
4
1
3
11
1
2
7
2
10
2
49
1
6
1
66
2
10
2
29
1
1
3
27
16
1
3
66
7
3
3
36
11
5
2
42
2
2
2
55
2
3
2
25
2
7
2
66
3
12
1
4
8
11
2
10
2
12
3
33
15
3
2
4
2
5
2
65
1
12
1
22
3
5
1
55
1
6
3
45
1
2
3
1
8
6
1
37
2
9
2
44
2
1
3
7
1
1
2
6
3
9
3
1
6
2
3
63
7
2
1
37
1
11
2
53
1
5
3
13
5
5
2
47
2
4
1
33
4
1
2
9
2
2
2
27
2
3
3
16
2
2
1
4
6
4
2
15
1
2
2
44
4
8
2
45
4
5
1
43
1
3
3
23
18
4
2
43
4
11
3
8
8
5
2
34
2
2
3
44
8
2
3
4
21
12
1
67
3
5
1
22
1
9
3
30
26
2
1
71
3
4
2
3
1
8
2
38
5
1
3
29
15
11
3
18
21
8
1
55
2
5
2
3
3
12
3
5
1
12
1
16
6
6
2
35
3
11
3
40
3
12
2
32
2
1
3
54
1
7
1
10
3
1
1
10
4
8
3
63
2
3
1
16
5
2
2
71
2
9
1
67
2
2
2
32
1
12
3
52
9
11
3
23
7
2
1
14
19
12
2
16
3
10
3
71
4
6
1
39
3
12
1
18
13
3
2
54
1
4
3
25
6
7
1
27
1
1
2
12
3
7
1
23
3
10
1
12
7
11
1
30
9
3
1
39
2
3
3
41
3
8
1
14
3
5
2
52
3
10
2
54
2
7
1
53
1
6
1
71
2
10
1
3
2
1
3
3
7
4
1
25
2
10
2
53
3
6
1
60
2
2
1
45
1
4
1
49
2
4
3
38
2
1
3
67
28
2
3
42
1
6
1
44
1
8
3
60
3
11
3
2
11
3
1
31
17
5
3
11
23
10
1
44
2
7
2
18
1
10
2
34
3
11
3
39
7
11
1
63
1
3
1
61
2
4
2
1
2
8
3
43
4
2
3
33
2
6
1
18
12
11
1
53
2
11
2
16
2
12
3
2
9
2
2
2
2
9
1
40
2
11
3
39
3
3
2
33
2
11
3
43
3
5
3
10
16
6
3
36
13
4
1
11
7
11
1
32
6
10
3
65
3
4
3
22
5
10
3
6
3
10
3
44
6
2
1
11
3
10
3
30
10
1
1
60
1
6
3
12
1
5
1
41
3
3
1
40
3
11
3
16
1
11
2
18
3
5
2
71
1
4
2
63
2
3
1
31
4
1
2
23
2
4
3
14
17
4
2
67
1
9
3
49
4
2
2
68
4
7
1
6
1
8
1
52
1
6
3
54
2
11
3
18
15
4
1
13
3
10
2
12
2
7
1
54
3
2
3
65
6
8
2
7
3
7
3
61
3
4
3
6
5
2
3
42
3
8
3
40
5
10
3
28
8
12
1
33
5
8
2
8
3
6
1
25
1
12
1
42
2
2
3
13
1
10
3
37
6
2
1
29
1
11
2
30
5
11
3
9
7
7
3
53
7
10
2
47
1
9
2
11
1
10
1
1
3
9
3
67
2
4
3
17
6
2
1
42
1
12
2
61
2
2
3
15
12
5
1
47
2
1
1
41
2
3
3
26
4
4
2
42
1
6
1
1
2
1
1
29
2
9
2
4
3
7
1
68
3
10
3
55
3
6
2
31
1
5
2
27
3
2
3
22
6
9
3
12
6
11
1
63
2
5
1
38
3
12
2
41
2
7
2
33
3
7
2
5
3
3
3
34
11
3
2
26
1
6
2
45
1
3
1
43
2
2
1
34
9
10
1
17
3
11
3
53
4
3
1
5
1
1
2
43
5
12
2
17
1
9
2
37
1
5
1
9
10
1
2
65
2
10
3
31
18
5
3
7
5
4
3
14
18
4
1
2
4
10
3
49
6
1
2
52
2
11
3
5
4
4
1
23
2
4
3
3
6
4
1
47
1
5
1
30
7
11
1
8
16
1
1
17
10
6
1
61
1
5
1
15
2
12
3
31
19
5
2
13
2
9
2
41
4
8
1
36
1
11
2
15
3
5
1
65
1
8
3
35
3
1
1
28
3
8
1
32
5
1
3
41
1
11
2
36
2
3
3
71
2
1
1
49
1
4
3
15
10
2
