2
28
1
2
3
39
2
5
3
22
1
9
2
5
2
7
2
35
1
12
1
15
1
6
3
35
8
5
3
7
5
8
3
27
6
11
1
10
5
9
3
33
12
3
3
31
21
3
2
22
3
9
1
39
4
11
2
32
1
10
1
8
12
12
1
63
2
4
1
23
3
9
1
6
1
6
3
8
16
7
1
13
6
2
3
16
5
6
3
63
13
1
2
63
3
12
1
42
2
8
1
37
2
10
2
14
2
5
3
14
1
9
1
26
2
7
1
5
2
6
2
10
2
8
1
38
3
4
2
5
1
1
1
61
1
10
3
23
9
11
1
49
1
9
1
32
5
11
3
11
9
6
2
61
2
7
1
35
1
6
3
34
9
2
2
66
3
12
2
9
2
4
3
67
14
3
2
7
2
8
2
1
3
12
1
41
1
4
3
33
3
9
1
66
2
7
1
61
2
5
3
28
4
2
2
39
2
7
3
53
8
4
2
71
2
9
1
52
3
9
3
65
11
10
3
68
9
5
1
36
2
4
2
6
1
10
2
22
1
1
3
5
1
7
1
12
6
5
3
63
2
8
3
32
5
10
2
60
4
6
2
52
6
2
3
31
1
6
2
38
3
4
3
18
1
2
1
27
2
2
3
55
6
6
2
15
1
12
2
55
2
1
1
37
1
7
2
53
2
6
3
6
3
1
3
25
7
8
2
11
2
10
3
28
3
7
3
41
4
12
2
34
2
4
1
17
1
9
3
11
5
5
3
13
2
4
3
1
1
6
3
68
1
3
2
16
1
8
1
71
2
10
2
25
1
4
3
9
25
9
2
9
3
6
1
39
2
8
1
15
3
8
2
67
2
1
2
30
5
12
3
71
2
3
3
60
20
6
1
17
6
11
3
23
12
11
3
9
10
9
3
60
27
9
2
30
4
11
1
49
2
11
1
40
3
2
3
52
14
7
1
12
11
9
1
1
2
11
3
41
3
12
3
35
6
2
3
40
5
4
1
66
3
10
3
45
3
5
1
44
1
11
3
3
8
12
1
67
2
4
1
47
2
11
3
34
7
6
1
32
1
2
1
26
1
12
2
54
2
11
3
15
10
8
1
41
2
1
2
6
3
4
3
38
3
6
3
49
4
4
3
36
6
12
1
16
5
6
1
67
3
1
2
17
2
11
1
29
1
4
3
44
5
3
2
43
4
4
3
29
8
3
2
29
1
2
2
27
2
3
1
68
2
12
1
7
7
4
1
42
1
2
1
43
2
11
1
7
8
6
2
13
3
3
3
6
4
4
1
43
3
12
3
5
3
11
1
33
3
5
3
47
1
7
2
27
3
10
3
67
17
4
2
12
3
7
1
30
2
12
2
34
3
3
1
1
3
2
1
60
1
3
3
4
21
10
2
65
1
11
1
22
2
5
1
27
3
9
2
13
2
4
1
2
3
9
2
49
2
7
1
54
2
9
2
31
5
1
2
16
3
10
3
30
23
7
2
31
2
6
3
43
3
3
1
36
1
2
3
61
6
10
1
45
2
5
1
23
1
12
2
43
2
12
2
41
3
9
1
11
6
2
3
54
2
1
2
42
3
6
3
7
2
11
1
9
4
8
2
44
3
12
1
65
2
12
2
39
4
1
3
14
11
2
1
31
8
12
1
68
1
1
3
40
6
7
3
12
5
2
1
9
10
4
1
4
5
11
2
17
1
12
2
45
3
2
1
14
5
7
2
28
3
9
3
2
12
8
2
55
3
7
1
53
1
9
2
40
3
10
1
22
3
1
1
25
2
8
1
28
2
9
3
43
2
4
1
38
1
4
3
71
4
11
1
25
1
5
2
11
1
8
3
18
25
5
2
7
3
6
1
2
4
9
3
29
11
3
3
22
10
9
2
23
3
11
2
8
1
2
2
42
1
4
3
38
10
6
1
52
1
12
1
55
2
7
2
29
2
12
3
4
18
7
2
10
3
9
1
10
7
11
3
44
4
7
2
67
1
2
1
30
6
2
3
39
4
8
1
54
1
2
1
29
2
1
2
37
1
12
2
45
1
4
1
5
1
10
3
36
4
2
3
66
6
4
3
27
11
7
2
4
2
9
2
2
2
11
1
3
9
12
2
40
2
11
3
42
4
1
2
68
4
10
2
36
1
12
1
45
1
5
1
35
4
1
3
26
1
8
2
36
4
6
2
35
2
6
3
49
6
12
1
53
2
9
2
1
2
6
1
34
7
11
2
8
3
2
1
18
13
7
1
11
11
4
2
25
2
2
2
65
3
7
3
26
5
5
1
34
11
4
2
18
2
8
2
60
2
5
3
65
12
6
2
49
4
3
1
40
1
6
3
12
1
1
3
32
8
3
3
25
2
10
2
23
2
7
3
42
3
11
1
6
2
9
2
38
5
5
3
37
12
5
3
55
5
4
1
13
4
8
2
33
1
6
2
3
1
7
2
71
1
12
1
65
1
4
3
17
7
3
2
18
3
10
3
1
3
12
3
10
17
9
1
63
1
6
3
15
14
8
3
54
1
7
2
66
1
10
1
4
3
7
2
26
3
11
1
18
10
2
1
33
7
7
2
54
1
6
3
52
12
12
1
31
14
5
2
63
2
12
3
66
8
3
3
10
18
2
3
53
5
6
3
8
7
12
1
55
1
2
1
8
6
9
1
71
1
4
2
33
3
10
3
17
14
1
2
14
1
12
2
37
4
11
3
2
8
6
3
30
27
1
2
52
5
3
2
47
3
7
2
4
1
11
1
3
6
8
2
61
3
3
2
15
2
5
3
61
8
9
3
37
7
3
1
14
4
4
1
47
3
8
3
3
10
3
2
41
1
3
2
26
4
7
1
44
3
10
3
16
1
2
2
12
1
6
1
28
1
7
2
3
3
3
3
45
4
12
2
2
3
6
3
13
8
4
1
16
6
1
2
47
1
6
2
68
1
7
3
47
9
7
2
53
3
4
2
44
5
3
2
32
4
4
1
60
2
1
