2
44
1
7
3
17
12
6
3
63
2
7
3
11
12
11
2
13
2
8
1
34
8
3
3
43
5
7
2
36
3
11
1
27
1
7
3
66
9
3
3
14
3
12
3
18
17
9
1
13
8
8
3
4
17
1
1
66
3
12
3
67
28
11
1
55
1
10
3
36
4
5
1
5
1
9
1
53
1
1
1
25
3
8
2
15
1
3
2
29
1
11
3
67
12
11
1
38
3
11
3
27
2
2
2
32
1
1
2
71
2
12
1
6
2
10
3
25
7
10
3
5
1
10
3
8
1
3
1
71
3
1
3
6
5
1
3
1
4
7
2
23
3
3
2
71
1
8
1
61
2
9
2
61
1
4
1
63
1
8
2
3
3
6
2
18
1
7
1
39
4
5
3
28
8
2
1
52
2
10
2
49
2
10
1
8
1
6
2
43
5
4
1
7
10
2
1
26
2
12
3
15
1
5
2
68
3
9
1
6
1
10
2
41
3
8
2
15
2
9
1
16
2
9
1
11
5
1
3
16
4
1
3
28
15
11
3
36
1
7
1
42
2
6
1
47
1
4
3
35
6
2
2
12
1
6
1
31
17
12
1
42
1
11
2
55
2
5
3
22
1
7
1
5
2
8
2
34
2
2
1
15
3
3
2
26
2
9
2
27
1
1
3
31
28
7
1
29
3
12
1
18
6
6
1
1
2
8
1
28
3
5
3
32
4
7
3
27
1
3
3
31
9
10
3
41
3
11
3
55
8
3
3
35
7
2
2
6
1
7
1
43
3
4
1
32
3
8
1
22
3
4
2
22
2
11
2
28
2
3
3
60
1
5
1
68
2
11
2
34
3
3
1
4
5
1
2
36
1
12
1
39
1
12
2
14
2
1
1
49
1
10
3
26
11
5
1
60
1
7
3
44
2
3
1
3
4
4
3
1
3
8
3
30
17
10
1
66
1
6
2
5
3
5
1
41
2
5
3
63
6
2
1
1
3
8
3
61
8
7
1
43
2
1
1
12
10
7
1
41
3
8
1
26
3
1
2
4
1
7
1
54
1
12
2
8
1
3
3
23
11
6
1
14
6
12
3
12
6
8
2
47
1
2
3
53
6
5
2
38
3
10
2
31
4
11
2
52
4
11
1
10
6
7
2
14
1
11
2
9
1
11
2
32
2
11
1
63
2
12
3
2
12
2
1
12
15
3
2
30
1
7
3
39
5
8
2
11
3
11
3
39
3
9
2
1
1
6
3
38
3
2
1
28
2
12
1
7
5
6
1
52
1
12
2
27
3
12
3
18
9
10
1
18
9
8
1
65
1
10
2
30
2
4
3
54
2
7
3
7
3
5
2
39
2
5
3
61
6
3
2
45
2
4
2
63
3
5
2
40
1
1
3
13
7
2
2
43
1
11
3
55
3
10
2
6
3
6
2
37
3
11
2
7
2
6
2
60
4
7
1
10
2
7
3
34
8
8
1
15
1
10
3
25
6
3
3
3
3
6
1
11
11
5
1
30
21
9
3
17
5
2
3
11
16
3
3
6
2
8
1
34
5
5
1
68
1
7
3
9
1
11
3
32
6
8
1
9
4
7
3
38
12
6
1
16
6
2
1
31
8
9
3
49
2
1
3
15
9
4
3
43
3
6
3
65
18
3
2
16
2
7
1
67
3
1
1
23
3
5
2
54
2
2
2
29
2
10
2
60
1
9
3
53
2
1
1
54
2
5
2
35
1
12
1
22
2
1
2
8
3
10
2
41
2
9
2
10
2
11
1
32
4
7
2
54
1
5
2
53
1
7
1
17
15
2
3
42
1
2
2
10
3
7
2
1
2
5
3
16
6
11
2
25
2
3
1
27
2
3
1
60
2
11
3
5
3
6
3
60
26
2
1
25
1
6
2
66
2
1
1
36
2
7
3
4
20
4
3
26
7
9
1
65
2
11
2
65
4
12
2
37
2
4
1
45
2
10
1
33
5
3
1
17
16
5
3
2
9
4
2
16
3
3
3
66
7
8
1
29
2
5
1
2
2
2
3
10
1
10
3
29
6
6
3
29
2
5
3
8
16
2
1
67
2
6
2
39
3
6
2
11
1
6
3
3
7
3
3
14
22
2
2
33
1
3
2
2
1
8
2
17
1
9
3
47
7
8
3
71
3
5
2
38
4
8
3
45
5
2
2
55
3
11
2
23
1
7
2
5
1
1
1
71
1
9
1
47
2
3
1
2
3
3
2
65
1
4
1
30
7
8
2
7
1
12
3
47
3
3
2
67
2
3
3
30
20
7
2
13
3
12
1
35
4
1
1
45
1
1
3
37
5
10
3
13
5
2
3
49
1
10
2
17
2
9
1
23
2
3
2
42
4
2
2
26
4
4
2
68
2
11
2
3
1
4
3
54
1
7
2
28
1
3
2
31
3
6
3
68
9
2
2
66
1
6
2
35
2
2
3
68
1
1
1
36
3
3
1
53
2
9
1
55
2
5
3
45
1
11
3
71
1
4
3
9
29
11
3
33
24
4
3
42
4
1
2
42
3
5
1
44
3
7
2
18
3
11
3
7
1
9
1
44
2
8
1
4
7
8
2
12
3
6
2
4
3
10
3
52
15
7
2
52
2
6
3
41
2
4
1
9
11
12
1
3
7
7
2
9
3
4
3
10
19
12
3
34
5
5
1
35
1
8
1
61
1
10
3
23
17
7
1
38
2
7
1
37
2
2
2
63
1
11
2
22
3
2
3
40
3
6
1
8
3
8
1
37
1
6
2
61
2
12
2
67
1
5
1
49
2
12
3
37
4
12
2
2
2
1
2
49
3
4
2
44
3
12
2
45
1
10
1
40
2
4
1
14
10
9
1
33
6
2
2
47
3
9
3
12
4
11
2
53
3
3
3
65
1
3
1
40
3
6
3
44
10
4
2
25
1
5
3
52
7
5
3
22
3
5
3
40
5
4
1
13
4
6
3
33
7
7
2
33
2
9
2
40
3
4
