1
63
1
4
3
49
1
1
2
49
2
5
2
12
1
8
1
30
3
7
1
16
5
10
3
44
7
4
1
3
2
5
2
39
1
2
3
9
31
12
2
31
4
10
2
52
1
2
2
14
3
5
3
2
1
12
1
25
2
5
3
45
6
8
1
55
1
2
3
4
12
11
1
9
8
11
1
37
1
12
3
47
4
8
2
4
3
8
1
27
3
12
1
4
5
8
2
27
1
9
1
42
1
10
2
63
2
4
2
12
3
2
2
3
2
2
3
52
5
3
1
40
1
1
2
68
4
10
1
7
3
6
1
38
1
10
1
4
8
9
2
27
3
10
3
30
6
3
1
41
1
3
2
16
3
10
3
27
13
2
3
15
9
7
1
6
2
2
2
29
2
8
3
12
7
4
3
28
12
5
2
53
2
7
3
29
9
1
2
22
2
7
2
17
3
10
2
2
1
11
3
39
1
6
1
34
4
7
3
55
12
12
1
53
2
5
3
35
3
3
3
10
24
8
1
54
1
11
1
45
2
2
2
16
1
9
2
65
1
9
1
44
2
8
1
47
2
12
1
61
1
7
2
47
2
2
1
43
2
2
2
1
3
6
3
63
2
3
3
68
9
6
1
18
9
11
2
44
3
9
2
33
1
9
2
68
3
9
3
44
6
9
3
52
16
4
3
67
18
2
1
37
2
11
3
65
19
5
2
25
2
11
3
53
2
1
2
13
3
6
2
45
3
8
1
22
3
1
2
23
3
3
3
5
3
3
1
26
3
4
2
41
3
7
1
28
1
5
1
11
1
12
2
8
2
10
1
49
2
4
2
23
1
3
3
66
6
3
3
11
15
5
2
29
1
4
2
15
3
9
3
10
5
8
3
25
1
11
2
66
1
11
3
26
5
4
1
5
1
10
3
13
3
6
1
31
12
9
2
53
1
3
1
1
2
11
1
60
2
9
3
32
4
3
3
42
3
3
2
6
1
7
2
61
2
6
1
68
2
3
1
2
3
10
2
63
3
4
2
10
1
7
1
12
7
9
1
29
3
9
3
60
10
2
3
8
6
11
2
67
2
7
3
41
3
8
2
18
1
7
1
10
7
2
2
26
4
8
1
27
1
9
2
36
2
2
3
29
6
1
2
9
2
2
2
43
4
4
2
15
2
1
1
34
9
6
2
52
4
12
2
2
3
2
3
36
11
3
3
31
17
1
1
31
13
12
3
31
4
7
1
13
2
7
3
54
2
11
3
3
5
4
3
37
5
4
2
10
3
7
2
3
1
10
2
4
1
11
3
68
12
4
1
67
3
3
2
22
3
5
1
44
3
7
1
71
2
6
1
11
2
3
1
2
2
11
2
39
3
4
2
54
1
9
2
5
2
2
3
27
9
4
3
66
5
9
2
66
2
6
3
18
17
5
1
3
3
2
3
2
7
10
1
61
3
4
2
14
2
1
2
28
2
2
3
42
4
1
2
49
1
8
2
32
2
12
2
13
1
8
1
39
1
1
1
9
11
8
1
17
15
9
2
33
3
4
1
36
2
11
1
18
3
4
2
34
2
10
3
40
4
10
2
47
4
5
3
35
6
7
3
34
3
7
1
40
3
1
3
4
27
5
3
38
8
2
1
25
1
11
1
68
3
8
1
38
2
11
2
25
3
3
1
14
7
2
1
17
16
5
1
65
1
11
2
32
4
11
2
45
1
5
2
35
3
7
3
34
9
12
3
23
17
10
1
29
1
4
1
1
3
8
3
65
16
8
3
61
1
11
1
35
3
1
3
13
6
10
1
30
5
3
3
33
6
1
3
12
3
1
1
14
10
7
2
71
3
11
1
13
7
2
3
67
1
4
3
8
2
10
3
54
1
7
2
34
1
7
3
9
7
10
2
7
2
4
2
60
4
6
2
54
2
12
3
43
7
6
1
36
1
5
3
38
1
7
3
39
6
12
2
61
3
8
3
1
4
6
1
49
1
6
1
53
1
7
2
55
3
6
3
49
6
1
2
38
2
5
3
26
10
3
3
71
5
5
2
36
3
3
2
18
2
10
3
23
11
11
3
55
7
1
1
5
2
6
2
43
1
1
3
28
14
4
2
37
2
5
3
33
2
4
3
17
14
11
3
61
2
11
3
7
2
1
2
55
1
12
2
7
1
6
2
5
3
1
1
66
2
1
2
11
1
7
2
11
2
1
1
39
3
9
1
22
2
10
2
17
2
10
2
9
3
4
2
67
1
3
3
3
6
11
1
52
2
4
1
32
1
5
1
15
3
12
3
41
4
12
1
52
1
3
3
17
1
10
1
66
1
12
3
22
10
5
3
71
4
3
1
67
1
10
3
36
12
8
2
30
5
4
2
38
4
2
1
8
6
5
2
42
2
2
1
12
15
4
1
63
2
4
3
47
6
4
3
6
6
11
1
7
9
8
1
10
8
2
3
7
1
3
3
32
6
8
1
35
1
10
1
28
2
1
1
26
2
1
2
30
3
12
3
16
6
10
1
60
1
5
2
40
3
11
2
8
1
1
1
42
2
9
3
5
4
4
2
60
3
9
3
14
13
3
3
18
6
10
2
6
3
8
3
6
1
10
3
15
3
2
1
23
2
7
1
16
3
1
1
43
3
4
2
44
5
6
3
45
3
6
3
53
1
3
3
37
8
5
3
60
29
9
1
6
1
10
2
42
4
7
3
25
4
5
1
71
1
4
3
1
8
6
1
33
7
12
2
71
1
7
3
22
9
6
1
33
1
4
1
23
1
12
1
41
2
7
2
40
1
4
2
26
3
4
3
16
3
8
2
28
3
3
2
1
2
6
3
43
5
12
1
65
2
8
1
47
3
2
2
37
4
6
2
65
3
4
3
11
18
10
1
55
2
8
2
31
2
1
3
30
27
3
1
15
2
2
2
41
4
9
3
63
8
2
3
14
23
4
1
45
1
9
3
40
3
2
1
8
1
10
1
54
2
6
2
35
2
1
1
32
6
7
