1
66
2
5
1
25
1
1
3
8
11
8
1
39
1
10
1
30
11
2
3
49
6
10
1
1
1
3
1
33
7
5
2
65
3
12
1
68
3
12
3
28
12
9
2
17
2
4
2
45
4
5
3
68
10
8
3
32
12
8
3
25
4
3
1
42
2
5
3
39
7
1
2
66
3
9
1
60
1
8
2
61
2
3
3
41
2
4
3
11
12
5
3
9
22
11
3
10
18
5
3
18
23
11
2
29
3
1
2
42
2
6
3
22
1
12
1
41
1
9
3
6
4
9
1
44
1
6
3
35
3
12
3
26
5
5
3
8
19
2
3
13
2
2
3
54
1
10
1
22
1
11
3
2
6
1
1
8
12
8
2
13
2
1
2
47
1
9
1
39
2
7
3
71
4
1
2
66
1
11
3
33
1
5
3
38
10
12
2
27
3
7
3
68
17
4
3
66
4
12
2
49
1
4
3
29
3
8
1
32
6
9
2
6
1
8
2
37
3
2
3
32
8
3
3
55
10
7
3
40
1
2
3
71
5
11
3
65
2
12
2
28
3
4
2
18
2
9
1
71
3
11
3
23
5
1
2
25
2
11
1
55
2
11
2
31
5
3
3
60
6
10
1
53
1
4
1
55
1
8
2
15
1
10
2
4
1
5
3
23
6
4
3
15
1
9
3
67
35
7
1
31
14
5
3
16
3
4
2
3
3
1
2
32
3
3
2
60
2
8
2
35
2
5
2
41
2
3
1
45
1
8
3
5
1
1
3
47
7
6
2
71
3
5
2
32
4
5
2
7
3
1
2
2
3
5
2
8
1
1
1
63
2
12
2
12
1
12
2
53
2
5
3
2
11
9
1
2
6
10
1
29
3
12
3
36
7
8
2
68
2
11
2
40
4
1
3
1
3
10
3
35
6
3
1
16
3
10
1
11
11
8
3
25
7
6
1
1
2
3
2
1
2
9
3
4
20
6
1
52
1
10
2
63
2
9
3
3
6
10
1
30
5
2
1
3
1
3
2
67
1
11
1
44
2
8
1
18
13
6
2
16
2
2
2
52
1
12
1
10
1
3
1
42
1
12
1
37
1
5
2
14
3
8
3
33
2
3
3
49
7
11
2
54
1
9
2
42
4
8
3
55
16
4
1
49
2
11
3
27
15
2
2
5
1
6
2
68
3
8
3
15
8
4
3
41
1
11
3
44
2
2
1
11
1
4
1
41
2
7
1
3
4
11
2
27
1
10
2
4
2
12
3
63
2
1
1
66
3
6
3
54
2
10
2
60
4
3
2
67
2
7
1
31
16
12
2
44
2
11
2
34
2
2
1
6
1
2
2
11
1
7
3
12
1
11
2
38
4
5
3
26
2
9
2
5
2
12
3
4
27
1
2
22
1
8
3
18
3
4
2
9
2
12
2
12
3
4
1
33
4
12
1
4
8
1
2
16
3
9
3
6
6
11
1
22
3
6
1
67
3
12
3
65
9
12
1
15
3
10
1
52
3
10
3
17
17
11
3
22
3
9
1
9
2
6
3
5
5
5
1
23
1
6
3
38
7
3
1
65
1
10
3
36
3
2
3
13
7
8
1
12
15
2
3
37
12
9
3
7
3
4
3
37
11
4
2
53
1
2
1
40
3
9
1
14
5
5
3
63
4
10
2
33
1
7
3
40
2
8
2
61
1
8
1
43
1
10
1
16
4
2
2
40
2
4
3
42
3
2
3
53
1
11
2
30
3
4
2
35
1
3
2
23
1
11
3
60
17
3
1
6
2
7
1
15
5
10
1
36
1
2
1
13
4
5
1
17
8
2
3
10
16
9
1
7
5
4
3
45
4
11
3
1
10
7
1
5
1
5
2
17
3
5
1
17
16
5
2
44
4
7
2
55
2
6
3
45
2
3
3
44
4
6
2
28
2
2
3
61
8
6
1
35
3
9
1
14
16
7
2
37
1
1
1
25
2
6
1
68
2
7
2
10
1
2
2
3
2
11
1
54
1
5
2
36
3
12
1
54
3
1
2
30
5
10
2
34
3
12
2
33
2
6
3
27
3
8
3
31
15
1
1
13
1
2
2
65
1
10
3
7
5
10
2
29
1
7
3
14
3
3
1
18
9
12
2
38
3
10
2
22
3
11
3
39
3
7
1
47
1
2
1
36
2
4
1
28
2
11
3
43
6
9
1
45
2
5
1
26
3
1
3
31
7
12
1
61
1
6
1
9
4
5
2
47
4
12
2
15
2
2
1
63
1
3
1
37
2
4
3
28
10
12
3
30
3
5
2
54
2
1
3
30
21
2
3
3
1
4
2
52
6
4
1
38
3
8
3
12
2
11
3
43
5
3
2
49
2
6
2
39
2
8
1
35
2
2
3
16
1
10
1
27
2
9
3
53
7
7
3
52
9
12
1
28
3
2
1
34
2
4
1
8
14
8
1
53
2
6
1
40
1
3
2
39
3
7
3
11
17
11
3
9
25
6
2
18
3
1
3
42
1
6
1
38
1
12
1
60
2
7
1
7
11
1
1
61
2
7
1
71
2
1
2
2
2
11
3
34
11
4
2
55
3
8
2
45
2
10
3
17
4
2
2
11
3
4
1
23
2
1
2
43
2
12
2
9
3
2
3
34
7
10
1
4
3
3
3
61
11
3
2
26
2
6
2
6
3
5
2
25
1
10
2
23
3
12
3
66
3
2
2
71
1
1
1
49
1
9
3
52
15
3
1
67
2
6
1
5
2
10
2
41
5
8
3
67
14
4
3
29
8
6
1
65
2
8
2
31
1
1
2
36
4
5
1
43
3
11
2
7
1
1
3
47
4
11
1
32
1
3
2
1
3
6
2
10
3
12
1
47
2
11
1
26
2
7
2
63
3
7
1
10
5
1
2
8
2
7
2
43
3
3
1
29
1
12
3
14
10
3
1
2
4
3
1
27
3
2
2
26
4
5
2
14
1
9
1
34
6
11
2
13
3
6
1
12
9
2
