3
30
9
12
2
27
3
5
1
53
2
1
2
47
3
11
3
34
1
7
2
16
1
7
1
4
5
8
2
9
2
8
3
47
5
6
1
2
3
1
2
68
3
5
3
53
5
11
2
52
3
12
3
40
6
7
2
27
1
10
3
31
22
10
3
14
14
4
1
25
1
6
3
14
25
1
1
17
9
12
3
1
5
9
3
26
9
8
3
38
2
7
2
40
1
4
1
8
7
3
3
43
7
4
1
30
12
3
2
61
3
4
2
5
2
10
2
40
2
2
2
12
3
11
2
54
2
7
3
22
12
5
3
65
20
12
1
39
3
5
1
39
2
4
1
47
3
3
1
44
2
9
3
42
4
11
3
2
9
4
3
43
8
7
3
13
3
5
3
37
10
6
2
52
1
4
1
71
1
8
3
7
4
2
2
7
3
1
2
11
3
5
1
47
2
1
1
17
16
3
3
44
6
7
3
33
9
4
2
13
2
10
1
54
2
12
2
30
5
7
2
41
3
5
2
55
3
6
3
4
20
12
2
33
3
9
3
32
6
9
2
63
3
7
2
34
3
6
2
44
2
6
3
45
6
11
2
1
2
10
1
26
1
8
1
34
8
12
2
30
2
10
1
5
1
7
2
63
1
7
3
27
11
6
2
1
3
1
1
40
1
10
3
30
12
2
2
29
1
5
3
1
2
10
2
42
3
1
1
29
1
11
3
12
1
8
3
8
3
3
1
49
2
11
2
12
1
9
3
18
8
8
3
5
5
5
3
55
4
9
3
60
1
6
3
49
8
1
1
10
2
4
1
31
17
8
1
16
7
6
3
47
3
11
3
34
6
12
1
42
2
10
3
9
32
6
3
65
9
12
2
61
1
4
1
52
1
12
2
68
4
10
1
60
2
7
1
45
2
11
2
37
2
9
2
17
2
4
1
28
1
12
2
35
3
6
2
22
2
3
2
43
1
3
3
60
4
11
2
10
2
7
1
27
1
7
2
8
1
12
2
60
2
6
2
71
3
2
1
32
4
10
2
5
1
12
2
32
3
4
2
38
1
3
1
41
3
8
3
71
2
1
3
11
11
4
1
37
1
11
3
54
2
3
3
66
9
7
2
6
3
12
3
15
15
1
1
32
2
5
2
43
2
5
3
41
2
10
2
42
1
4
3
68
1
4
1
15
3
6
2
49
2
10
1
8
1
2
1
61
1
9
1
22
2
2
1
43
1
8
3
13
4
4
1
3
9
5
1
68
1
10
1
65
1
8
1
71
3
12
1
16
4
11
1
29
3
9
3
35
3
12
3
11
12
6
3
61
2
2
2
66
2
6
2
28
3
5
1
4
8
3
2
11
2
4
2
35
2
8
1
10
3
7
1
43
3
11
2
23
3
12
2
45
1
7
3
12
6
6
3
16
3
7
2
8
2
7
2
41
2
5
2
4
2
5
3
36
1
8
1
1
2
7
2
60
1
10
3
53
2
11
2
38
2
1
2
65
2
8
3
22
6
8
1
31
15
4
2
23
2
10
2
3
2
11
3
68
12
2
1
22
3
12
3
3
7
2
1
14
15
6
1
55
2
9
3
17
4
11
1
25
3
8
1
23
2
4
1
44
3
8
1
66
2
6
2
45
4
8
3
27
10
11
3
4
17
12
1
36
2
4
1
35
1
12
2
29
3
4
2
67
2
10
2
10
3
5
1
7
4
7
3
67
33
1
3
15
17
5
1
49
1
4
2
9
3
2
3
39
6
8
3
8
2
2
1
1
3
11
3
55
15
1
2
31
4
10
1
35
2
11
2
14
3
2
1
18
13
2
1
36
1
12
3
28
2
12
2
47
2
7
3
3
3
3
3
25
1
11
3
31
13
6
1
60
1
6
1
38
3
6
2
34
2
7
3
16
1
8
2
28
2
10
3
49
7
3
2
49
1
10
3
41
1
6
3
33
6
8
1
9
2
6
2
71
2
12
1
67
3
5
2
7
2
5
3
71
5
8
2
18
3
9
2
26
3
6
2
2
2
8
1
7
6
4
1
18
9
3
3
23
15
6
3
36
12
7
1
38
1
1
2
18
1
5
2
36
2
11
3
6
4
3
1
37
2
2
2
15
2
3
2
22
3
1
2
32
1
7
1
28
2
4
2
26
4
12
1
13
4
1
3
6
1
3
1
11
3
7
3
17
1
3
3
7
5
9
1
41
1
11
3
38
4
11
1
3
4
9
3
39
5
2
3
63
9
10
3
45
3
5
2
13
1
2
3
5
2
2
2
6
1
12
1
12
7
9
1
6
1
4
3
10
14
7
1
23
1
3
2
3
3
11
2
25
1
12
3
29
16
10
2
39
1
8
3
32
1
11
2
66
1
1
2
44
4
10
3
42
2
1
1
40
2
8
2
36
3
3
1
63
2
1
1
45
1
9
3
29
13
6
3
18
10
11
1
6
2
2
1
55
1
4
3
44
10
10
1
33
6
4
2
65
3
5
1
42
1
2
2
54
1
10
1
68
2
2
3
63
5
12
1
66
1
10
2
25
2
9
3
52
15
4
2
15
1
10
2
33
2
3
2
16
3
1
2
67
1
11
2
2
3
1
1
63
1
4
1
61
2
11
3
54
1
2
1
12
16
5
3
26
8
9
2
37
3
4
1
30
1
11
2
4
1
5
3
61
11
9
1
67
2
8
1
9
10
11
1
53
1
9
1
26
3
3
3
2
6
8
1
15
2
2
2
53
3
4
3
37
6
6
3
35
2
6
1
27
2
10
1
52
2
1
1
11
5
11
1
54
3
5
2
14
1
4
1
2
6
1
2
39
3
8
3
52
5
1
3
10
13
1
3
9
30
6
2
53
1
4
2
55
2
12
3
28
12
10
3
40
1
5
2
17
3
8
1
65
2
5
1
33
3
11
3
66
1
12
3
25
8
5
1
5
2
7
2
31
3
12
3
67
8
7
1
13
8
8
3
23
13
5
1
14
8
5
1
34
9
6
