3
54
2
5
2
3
3
11
1
30
11
1
3
25
2
1
3
37
9
5
1
65
1
10
1
11
4
5
2
42
4
4
3
43
4
8
1
2
2
4
1
28
3
11
3
71
2
6
1
17
4
1
3
27
3
10
3
47
9
4
1
7
2
2
3
22
6
5
1
44
3
5
3
28
9
5
1
5
1
9
1
33
7
2
3
45
7
10
1
41
2
8
2
35
1
3
3
12
2
5
2
9
2
12
3
22
12
5
3
67
11
3
1
33
8
7
2
26
2
8
1
34
3
10
1
37
2
2
2
53
2
9
1
9
8
10
3
37
4
1
1
61
1
1
1
53
2
10
2
11
3
1
3
13
2
11
2
12
2
8
1
67
2
5
1
54
3
9
1
3
2
10
3
52
11
5
2
11
2
4
2
38
2
2
3
60
27
3
2
18
2
3
3
17
3
2
1
32
3
8
1
13
8
4
2
39
4
5
2
1
3
6
1
8
4
1
2
60
1
7
2
63
2
6
1
52
3
5
2
28
2
7
3
18
25
7
2
32
2
1
1
66
1
2
2
27
3
12
2
25
1
4
2
14
1
7
3
67
8
4
3
8
7
11
2
9
1
1
3
34
10
3
1
25
1
10
2
22
1
6
1
65
2
9
3
55
13
9
2
55
1
8
1
17
5
8
2
65
1
2
1
71
3
4
1
35
4
6
3
3
5
5
2
66
3
10
1
25
3
6
1
15
5
12
2
41
1
1
1
53
1
11
2
4
1
1
1
22
3
7
2
60
3
1
1
15
1
9
2
61
2
4
2
36
5
3
3
44
9
11
3
12
1
5
1
14
3
12
1
60
1
9
3
35
7
11
3
1
7
11
3
39
3
8
3
43
2
11
1
16
5
1
1
27
2
5
3
29
13
12
3
52
1
3
2
3
2
5
3
3
10
8
2
10
2
9
2
12
3
8
3
41
1
7
1
39
3
2
2
22
2
9
2
10
3
12
3
47
8
5
3
18
19
10
3
16
6
1
2
41
4
8
1
10
2
5
2
61
1
9
3
2
4
1
2
31
4
8
3
60
6
10
3
33
21
3
1
42
2
7
2
8
2
6
3
23
15
8
3
36
15
7
3
55
7
5
2
26
3
6
2
39
3
12
1
12
10
6
1
68
1
4
2
16
1
2
1
49
2
5
2
16
3
8
3
38
3
11
1
54
1
10
1
43
2
8
3
30
15
7
1
47
1
4
2
55
3
8
3
65
7
6
3
45
4
3
2
45
1
8
1
68
2
1
2
37
1
11
1
45
2
12
3
27
14
11
2
2
2
3
1
1
3
9
1
61
2
10
3
33
15
2
2
2
3
12
3
61
3
6
2
42
2
2
2
13
2
10
3
23
18
9
2
15
1
8
1
22
1
8
1
5
2
4
3
39
7
7
2
34
2
10
3
6
3
2
2
63
1
8
3
36
11
2
1
71
2
9
1
55
1
5
2
7
2
2
1
43
3
4
1
4
1
6
2
7
3
6
1
60
2
7
3
5
2
10
3
10
19
4
1
3
9
7
1
31
7
8
1
39
2
3
2
25
3
11
2
28
3
5
1
44
1
1
1
30
21
12
1
42
1
1
3
30
20
2
1
32
1
8
2
52
5
3
2
44
5
9
2
27
1
10
1
67
1
7
1
27
3
9
1
14
16
4
1
29
1
6
1
8
13
8
3
4
6
8
1
10
5
7
2
29
1
12
3
7
1
9
2
23
1
12
1
29
2
8
3
17
2
10
2
23
3
1
1
18
9
2
1
37
1
2
1
40
1
12
1
16
2
8
3
42
1
2
3
42
2
6
3
2
10
9
3
53
5
5
3
6
6
9
2
6
1
11
2
31
2
8
1
7
4
2
1
26
1
11
2
1
1
6
1
4
8
10
3
9
5
12
2
33
3
2
3
65
19
6
2
54
2
6
1
36
1
10
1
1
1
2
3
9
31
2
3
11
14
4
3
35
8
2
2
47
1
12
2
36
3
12
3
31
23
3
3
41
4
5
3
63
9
8
3
34
1
12
1
66
3
11
1
45
1
1
2
40
1
5
2
43
3
1
2
29
3
1
2
45
2
12
1
31
1
3
2
71
3
12
3
63
1
4
1
23
2
1
3
4
3
11
3
15
17
1
2
47
4
3
1
47
2
10
2
5
1
9
3
66
9
9
1
49
1
4
1
63
1
7
3
29
14
10
1
11
8
6
2
30
2
9
2
65
4
5
1
26
3
8
3
13
3
3
1
6
1
10
3
10
6
10
2
17
1
4
1
18
14
8
3
16
8
12
2
17
3
8
3
68
10
11
1
63
2
6
2
38
4
4
3
61
11
5
3
71
3
7
2
5
2
3
3
68
8
4
3
38
4
5
3
66
7
8
3
25
7
4
3
1
5
10
1
9
11
7
3
7
3
2
2
8
3
5
1
35
1
10
1
38
1
12
2
30
4
9
2
67
1
3
2
43
4
3
2
49
4
10
2
40
2
7
2
6
3
8
2
15
2
10
1
28
1
8
2
35
3
5
1
2
3
9
3
54
1
4
3
31
18
1
3
26
10
3
2
13
3
5
2
49
2
9
3
40
5
3
1
41
1
9
2
33
1
2
2
68
1
12
3
15
2
8
1
55
2
5
2
4
2
3
2
71
1
7
3
32
10
6
2
66
2
1
3
11
25
9
2
54
1
2
1
23
3
6
3
32
7
2
3
8
11
7
2
14
3
6
1
34
8
7
1
6
2
3
3
49
4
11
1
40
2
7
1
36
3
10
3
26
5
11
2
18
1
3
1
52
1
12
3
40
1
2
2
32
4
7
2
44
2
11
3
49
8
7
2
34
1
6
2
53
1
10
3
44
8
3
2
68
4
6
3
14
17
8
2
67
2
9
3
14
4
5
3
53
8
9
3
28
13
12
1
12
9
11
3
5
3
3
2
37
2
12
1
38
3
5
1
13
5
11
2
52
7
4
