3
49
7
6
3
42
3
1
3
27
5
7
1
65
1
8
1
38
1
4
1
27
3
9
1
61
1
5
3
66
8
11
1
36
2
11
1
44
2
6
2
28
3
2
2
11
1
6
2
14
3
3
1
17
7
6
1
47
1
1
3
38
3
11
1
63
1
7
3
38
12
10
2
32
1
11
3
10
26
1
1
18
6
5
2
45
1
3
1
26
3
12
2
43
5
10
2
65
2
6
2
10
1
3
1
26
1
10
2
31
5
4
2
30
4
1
2
7
2
11
3
33
21
9
2
27
2
5
3
54
2
11
1
6
2
9
3
36
10
4
1
4
1
6
3
36
12
5
3
47
10
1
3
4
19
6
2
25
3
11
3
27
2
3
2
23
2
6
1
33
5
4
1
33
1
2
2
40
4
8
3
55
8
8
1
42
2
11
2
66
1
11
1
60
2
4
1
52
1
3
1
66
2
8
3
34
5
12
2
13
1
8
1
8
10
7
2
52
4
7
2
37
2
9
2
14
2
4
3
37
3
11
1
27
1
2
3
37
6
7
1
7
10
10
1
10
5
8
1
7
2
6
1
2
2
2
1
40
1
9
1
25
2
9
3
9
21
6
3
23
3
9
1
36
1
5
3
7
5
8
3
61
2
4
2
5
2
3
2
6
2
4
2
41
1
8
3
11
9
6
2
63
2
9
3
5
2
8
2
4
1
6
2
3
3
2
2
29
2
6
1
5
2
11
2
42
3
12
3
43
4
7
2
1
2
10
2
25
2
11
1
31
9
5
3
47
4
7
1
44
3
3
3
8
11
3
1
41
3
5
1
71
1
9
3
12
6
3
2
3
1
12
2
38
3
5
2
9
2
3
2
53
1
3
2
37
4
7
1
39
3
11
2
61
2
7
3
25
6
10
2
33
2
1
3
49
3
8
1
32
4
2
3
41
1
6
2
68
4
4
2
2
2
3
1
53
2
2
1
40
3
8
1
4
8
12
3
29
18
12
3
12
7
2
2
40
3
5
1
16
1
2
3
31
10
5
2
6
3
10
1
30
9
12
2
67
2
11
3
53
1
11
1
47
2
11
1
54
1
10
2
33
1
4
1
34
2
9
2
13
2
8
3
40
3
2
3
2
9
6
3
15
1
11
2
2
3
1
3
34
1
4
1
3
3
12
1
68
1
3
1
1
3
1
3
26
12
3
3
4
2
5
2
8
1
7
1
37
2
7
3
60
29
4
3
45
2
3
2
49
4
2
3
16
8
2
1
49
1
2
1
60
1
1
3
63
11
7
2
42
1
11
2
12
1
7
3
71
1
2
2
18
4
4
3
1
6
9
1
23
2
2
3
25
5
2
2
35
3
4
3
60
2
3
2
1
3
6
1
43
2
6
2
17
3
1
2
15
3
2
2
29
1
1
1
35
2
11
1
42
1
9
2
55
2
3
3
13
4
3
3
52
1
7
1
28
1
5
2
8
3
2
2
11
3
2
3
39
1
5
2
7
1
2
1
13
9
7
2
67
1
9
2
53
2
4
2
31
1
12
1
68
2
5
1
63
2
5
3
40
2
8
3
18
3
12
3
35
8
11
1
8
11
3
3
28
8
3
1
29
3
6
1
38
2
3
2
17
1
11
3
67
17
8
3
17
7
1
1
54
2
7
3
14
21
2
2
22
3
3
3
35
4
2
2
66
3
7
3
68
12
6
3
16
2
11
1
9
5
7
1
45
1
3
1
41
1
7
3
11
20
10
1
53
1
12
3
52
15
1
1
43
1
12
3
6
2
1
3
3
5
2
2
36
1
6
2
34
3
8
3
22
4
11
2
52
5
5
3
55
5
11
2
49
1
8
1
16
6
7
2
47
3
1
3
33
5
6
3
17
9
6
3
9
11
2
2
12
2
1
3
28
10
7
1
18
15
6
1
55
1
12
2
54
1
5
3
29
17
12
2
18
1
11
3
22
2
12
2
43
1
11
2
63
1
5
3
65
17
9
1
17
2
1
1
55
2
5
2
44
4
10
1
66
1
8
1
67
1
3
3
42
1
1
1
49
2
9
3
41
3
7
2
39
2
11
1
15
4
7
2
61
3
9
2
30
1
5
2
4
3
2
3
45
5
5
3
71
2
6
3
15
9
10
2
16
1
12
2
55
1
4
2
9
3
5
3
44
9
4
1
61
2
4
1
35
4
8
1
2
4
9
1
25
3
5
1
13
7
8
3
7
2
2
3
5
1
1
1
23
1
2
1
1
2
1
2
44
3
12
3
8
19
8
1
11
4
10
1
39
1
10
1
28
2
10
3
23
12
7
3
39
9
6
1
67
2
10
2
41
3
11
3
10
23
12
3
54
1
1
2
71
3
9
1
31
13
7
2
26
3
9
2
26
1
11
1
30
20
2
2
10
2
8
3
61
5
2
1
14
15
12
2
15
1
7
1
52
3
1
2
5
1
3
1
65
2
7
1
3
9
12
1
11
7
12
3
14
9
7
3
3
4
3
2
60
4
1
3
1
4
7
1
5
1
3
2
36
2
4
2
22
2
8
2
47
4
5
1
14
9
1
3
30
23
11
2
34
1
4
1
34
5
9
3
65
12
3
2
39
4
6
1
32
5
5
1
10
7
2
1
37
1
6
3
6
1
3
2
65
3
1
3
43
5
9
2
35
1
1
1
29
1
6
2
45
3
10
2
28
1
7
3
26
2
2
1
22
3
1
2
32
4
10
3
68
11
3
2
60
1
12
2
68
1
8
3
13
3
9
2
71
1
9
3
30
12
11
3
32
3
8
3
31
15
7
3
2
6
2
2
23
3
4
1
9
12
1
1
15
2
4
3
44
3
11
2
16
3
12
3
32
6
2
3
67
26
9
3
53
2
6
3
63
6
4
2
38
2
6
3
18
11
11
1
12
2
5
1
6
1
4
1
12
7
3
2
54
2
11
2
27
1
11
3
66
7
12
1
45
2
3
1
71
3
5
1
22
2
7
