2
5
1
1
1
71
2
8
3
35
4
3
2
42
3
5
3
10
9
10
2
15
2
7
1
4
7
12
2
55
1
11
2
38
2
11
2
41
4
8
3
11
13
1
2
23
3
5
2
33
3
3
3
41
2
8
3
49
5
12
3
41
1
7
3
15
5
12
2
47
4
9
1
37
1
1
2
5
3
5
1
63
2
6
1
17
12
3
2
63
1
4
1
44
4
10
2
28
2
2
1
23
3
12
3
28
8
3
2
41
3
11
3
3
7
5
3
37
4
9
2
25
3
12
3
68
17
3
1
18
6
12
1
39
1
6
1
26
3
9
2
54
2
4
3
11
16
5
3
38
11
5
3
54
1
7
3
29
7
12
2
14
3
7
2
2
3
3
1
35
1
8
3
40
4
4
1
23
1
3
2
16
2
2
3
34
3
8
3
17
14
3
2
38
3
10
2
32
3
9
3
28
2
3
1
67
3
2
2
43
5
2
3
26
4
10
3
66
1
1
1
22
2
8
1
68
3
6
3
23
6
8
1
45
1
5
1
14
7
7
2
13
1
3
1
52
1
6
2
30
2
6
2
42
2
9
2
37
1
8
1
10
3
12
1
37
2
11
3
30
21
9
2
9
3
11
2
6
1
5
3
42
2
6
2
8
3
10
1
11
8
12
1
35
3
11
2
3
2
3
1
45
2
2
3
13
8
6
1
36
3
8
3
26
12
8
3
36
4
4
1
2
2
4
1
30
1
11
3
5
5
7
3
4
12
8
1
66
3
1
2
6
3
4
3
25
5
8
2
66
1
5
3
37
10
1
3
52
10
5
2
68
3
5
3
8
12
9
3
33
15
6
3
71
5
9
3
13
4
6
1
32
6
9
1
30
16
6
1
63
1
2
1
6
1
5
1
15
5
2
3
44
6
2
1
47
3
1
3
39
8
9
3
9
6
2
1
32
7
4
2
10
1
10
2
53
3
3
2
27
2
4
1
65
1
3
2
4
2
5
3
67
21
8
2
71
3
3
2
29
1
6
2
35
1
1
1
22
3
12
2
49
1
10
3
22
7
2
1
13
3
2
1
6
2
10
1
33
6
12
3
40
1
10
2
22
1
9
3
31
12
10
1
29
3
4
1
7
7
12
2
34
3
3
1
67
1
10
1
5
2
3
1
29
2
10
3
2
10
1
1
39
4
3
3
16
6
8
2
12
1
9
1
13
2
11
2
17
3
9
3
6
6
4
2
40
3
11
2
34
2
8
3
5
3
11
3
27
6
6
2
27
3
7
1
27
3
1
3
63
6
4
2
55
3
5
1
40
2
1
3
66
3
7
2
7
2
4
2
43
4
3
1
8
12
8
1
40
3
4
3
31
27
3
2
66
2
7
3
53
7
3
1
42
2
2
1
43
2
11
3
71
1
6
3
39
6
2
2
1
3
3
1
15
2
9
3
33
22
11
3
67
13
12
3
9
9
3
1
14
18
2
2
23
1
7
3
22
3
8
2
26
2
7
1
10
7
2
3
43
7
12
2
3
1
8
2
10
2
3
2
1
2
4
2
36
2
5
3
1
2
8
2
39
4
12
1
31
10
1
3
30
27
2
3
27
3
8
3
15
12
5
2
67
1
2
3
55
15
8
3
16
4
4
3
60
3
10
2
7
1
2
3
54
2
11
1
41
1
1
3
47
4
4
1
16
7
2
3
10
25
8
2
52
7
9
2
45
4
4
3
25
8
7
3
2
9
11
2
2
2
7
1
16
3
1
3
32
2
5
1
65
2
1
3
18
21
4
1
4
6
6
1
68
2
11
2
26
3
12
2
14
1
7
1
47
2
8
2
35
2
10
2
22
2
12
1
38
2
3
3
29
18
10
2
39
1
10
1
25
1
12
3
53
1
12
1
43
1
10
1
9
5
9
2
44
4
12
3
63
9
2
3
7
2
2
3
18
12
7
3
44
2
1
1
3
2
9
1
53
1
6
1
9
4
11
1
1
3
5
2
16
3
9
2
47
1
7
1
42
1
12
1
34
7
7
2
29
2
5
2
40
2
5
3
43
3
8
2
60
3
11
1
52
3
2
3
32
10
1
2
53
1
1
2
45
3
4
2
67
2
4
3
4
15
11
1
18
9
3
3
12
7
9
1
17
10
3
1
54
2
5
3
45
7
4
2
61
1
6
1
38
3
12
2
18
4
2
1
28
2
9
2
13
3
4
1
1
2
3
1
28
1
11
3
61
7
4
1
31
16
1
1
55
2
8
3
34
5
7
1
7
10
1
1
25
3
3
1
5
1
1
3
65
6
1
2
37
2
4
2
32
4
5
1
61
2
1
1
55
1
4
2
18
2
9
1
41
2
1
3
14
10
6
3
65
3
3
2
68
2
12
2
36
1
3
2
63
3
11
1
27
1
6
2
12
3
2
1
60
1
1
3
60
31
11
1
3
7
3
2
8
2
6
2
60
2
8
2
4
1
1
1
44
3
7
3
23
5
4
2
25
1
2
1
12
3
2
3
42
4
3
1
49
2
6
1
12
2
11
3
38
3
6
1
34
8
2
3
45
2
12
3
7
3
12
3
55
12
10
2
11
1
7
3
3
1
11
2
54
1
7
3
17
13
11
1
61
1
8
1
66
2
11
2
44
5
12
1
33
7
3
2
65
4
1
1
11
12
3
3
35
5
5
2
33
1
1
3
52
6
4
2
9
1
10
2
71
2
2
1
71
3
1
2
11
3
4
2
17
1
6
3
68
6
3
3
12
2
3
2
65
3
10
2
61
2
7
1
36
2
12
3
14
24
3
1
60
2
12
3
49
3
11
3
47
5
1
1
2
3
9
2
52
3
6
3
8
3
12
3
61
2
12
1
49
1
9
1
26
2
7
3
1
10
2
3
36
9
9
2
31
5
7
1
54
1
4
2
28
1
12
2
30
1
3
2
49
4
4
1
53
2
6
3
6
5
10
1
8
13
11
2
31
2
10
2
15
1
8
