1
5
1
1
3
27
5
9
1
8
11
4
3
52
13
6
1
10
7
10
1
40
2
5
3
68
12
12
2
37
3
9
3
18
21
11
1
15
4
3
1
42
2
7
1
27
2
9
2
67
1
5
1
34
3
9
3
34
11
2
2
14
3
7
2
37
1
5
1
29
2
3
3
17
13
12
1
54
2
7
3
45
5
9
3
49
5
5
1
35
1
3
3
25
8
4
3
3
1
1
3
54
1
1
2
23
1
9
2
40
4
6
2
31
2
12
3
68
15
10
1
16
2
12
1
30
18
11
3
55
10
6
3
13
3
11
1
29
1
4
1
39
4
7
1
14
17
2
3
35
2
4
1
61
3
8
2
9
2
8
1
33
6
8
1
13
5
10
3
36
4
2
2
63
3
4
3
8
12
10
1
38
1
9
2
33
3
11
1
39
2
6
3
12
2
9
3
31
9
5
2
53
3
11
1
41
1
2
2
11
1
11
2
15
3
11
1
13
2
10
1
27
3
3
2
67
2
12
3
29
14
7
3
2
5
1
1
16
5
12
3
10
14
1
1
35
4
5
2
5
2
12
3
71
3
5
1
45
2
4
1
12
16
6
3
42
3
12
2
68
2
10
3
53
1
2
2
10
2
11
3
9
7
10
3
60
3
3
3
30
19
10
1
53
2
12
2
43
5
1
3
41
4
1
1
18
14
6
1
38
3
8
3
43
5
6
3
44
8
6
1
36
1
5
2
45
3
6
2
12
3
11
1
10
5
6
2
3
3
8
3
5
1
9
2
44
1
10
2
47
4
2
3
67
33
9
1
42
1
9
3
41
1
2
3
37
9
5
3
47
2
11
1
63
1
4
1
32
1
3
3
65
3
8
3
11
15
1
2
28
2
5
3
4
8
6
1
44
4
4
1
11
1
9
2
1
1
2
2
66
3
12
2
35
1
12
1
47
3
2
2
45
1
7
1
43
2
9
1
65
1
8
1
37
1
10
2
25
3
10
2
27
2
11
2
36
1
6
2
71
2
6
3
40
3
9
1
44
3
6
2
18
3
8
1
30
7
4
2
23
3
4
3
18
16
12
2
33
1
6
3
39
1
11
1
6
1
10
1
5
2
7
1
11
4
2
3
17
2
3
2
29
1
11
3
16
6
8
1
68
1
7
2
39
2
7
3
25
4
7
2
41
1
12
3
45
6
4
2
2
1
5
3
8
19
11
3
26
5
2
3
61
6
3
2
55
3
3
1
71
3
1
3
32
10
8
2
52
1
5
3
67
37
6
2
52
7
11
3
5
3
4
1
36
2
5
3
22
1
1
3
32
2
9
2
6
2
2
3
60
16
8
3
31
1
9
2
15
2
9
2
8
2
5
2
38
5
9
2
65
3
9
2
16
2
9
3
23
1
4
1
67
1
2
3
42
2
11
3
28
15
4
3
6
2
7
2
43
1
8
1
61
1
7
3
65
20
11
2
9
1
10
1
4
1
7
2
61
1
7
1
41
2
6
3
15
4
5
1
47
1
5
1
34
7
1
1
32
2
2
3
38
6
1
1
49
1
8
1
68
2
7
3
22
11
10
3
63
9
8
3
63
7
2
3
7
4
10
2
28
1
4
1
7
1
8
1
26
2
12
3
16
3
6
1
8
3
5
1
3
3
12
1
37
2
5
3
10
16
5
2
14
1
9
3
28
1
5
3
12
6
9
3
1
10
8
3
14
23
3
2
11
3
11
1
54
1
2
3
43
6
6
3
34
9
2
2
68
1
12
1
22
3
10
1
22
2
10
2
35
2
2
3
36
7
1
1
31
14
3
3
40
1
6
1
28
1
2
1
2
1
8
3
66
1
5
1
25
1
5
1
45
1
11
1
43
1
11
1
60
1
6
1
9
7
11
2
47
3
10
1
65
2
12
3
29
18
2
2
16
1
10
1
4
4
1
3
54
2
12
2
25
1
12
1
3
9
11
1
55
1
1
2
32
1
1
2
34
3
4
3
15
11
4
2
42
4
12
3
6
6
7
1
17
3
5
1
66
1
2
1
60
2
3
2
39
4
4
2
54
2
8
2
42
1
6
3
53
6
5
3
37
1
2
2
31
3
11
2
38
4
4
3
44
1
5
2
12
1
2
2
29
3
9
1
71
2
2
1
2
2
4
2
66
2
10
3
26
12
8
2
71
3
2
2
4
3
11
2
17
3
2
1
66
2
9
2
27
1
4
3
52
2
11
2
60
2
8
1
53
1
1
3
1
8
4
2
60
1
4
2
6
1
10
3
2
3
6
2
61
2
6
3
39
8
5
1
52
2
4
1
55
2
10
3
7
2
1
1
6
2
11
1
40
3
3
2
32
3
5
3
38
5
11
3
11
3
8
3
3
3
7
1
1
3
6
2
1
3
6
2
53
2
5
1
9
6
2
1
31
8
2
2
5
3
12
1
49
2
12
1
28
2
2
3
35
4
7
2
49
3
9
2
2
2
12
3
9
27
4
1
15
2
3
3
33
3
4
3
55
5
3
1
26
1
4
2
65
2
9
3
27
12
6
2
40
3
2
2
30
3
1
3
49
4
6
3
33
9
8
2
34
2
1
1
23
3
2
3
47
5
1
2
3
1
6
2
63
2
12
2
55
2
5
3
71
2
4
1
1
1
1
2
10
1
9
2
18
1
1
1
18
12
10
2
44
3
8
2
36
3
4
1
12
15
10
1
33
2
6
3
13
9
12
1
25
2
7
2
26
4
1
2
8
3
6
1
14
13
7
3
30
11
1
1
67
3
3
3
66
7
2
3
23
18
2
2
41
4
2
2
26
1
10
2
30
1
3
3
4
14
6
1
7
8
12
2
22
1
4
1
23
1
6
1
52
3
3
2
7
1
5
2
22
2
2
2
4
2
3
2
7
2
2
3
61
2
6
1
17
6
4
2
13
2
5
2
54
1
2
3
14
4
1
1
63
2
1
2
13
3
2
2
17
2
12
2
49
2
2
