1
67
3
7
3
8
12
5
2
32
4
1
2
60
3
2
3
45
5
12
2
6
3
12
3
68
11
10
3
52
17
10
3
47
8
4
1
12
6
8
3
44
10
6
2
6
1
1
1
3
7
12
1
42
2
6
2
67
1
1
3
49
5
3
1
30
19
6
1
2
5
3
3
42
2
11
1
60
1
6
1
53
2
12
1
55
1
9
1
49
2
11
2
34
1
1
2
3
1
8
3
38
12
7
1
39
2
10
3
12
7
4
1
16
2
4
3
23
8
12
1
8
8
8
1
49
1
5
2
22
3
5
2
36
4
2
3
2
2
3
1
35
4
6
3
9
10
9
3
60
9
11
3
14
13
8
2
55
3
10
3
12
2
5
3
3
8
9
3
40
6
8
1
4
5
7
3
16
1
11
2
12
3
5
3
41
1
9
3
4
27
4
2
5
2
5
3
34
6
12
3
29
1
2
2
4
1
8
3
4
13
2
1
71
2
2
1
17
4
6
3
39
10
12
3
32
5
3
3
15
1
5
3
31
17
9
1
68
3
9
2
45
3
10
2
52
7
12
2
26
4
1
2
11
1
11
3
61
3
12
2
63
2
6
2
33
1
10
2
29
2
2
1
42
1
5
3
27
14
7
3
43
2
10
3
10
11
5
2
18
1
12
2
13
2
2
2
37
4
1
1
1
3
4
2
63
3
6
1
5
1
8
3
11
5
4
1
14
20
2
3
11
4
7
1
9
2
3
3
18
9
2
1
25
2
8
2
17
2
8
1
6
2
12
1
22
3
1
2
71
2
3
1
36
1
10
1
55
2
9
2
18
2
5
2
52
4
9
1
45
1
7
1
47
1
7
3
71
5
5
1
65
1
7
3
30
16
11
2
14
2
10
3
16
8
2
3
60
27
7
3
66
5
1
3
13
4
11
2
29
3
9
3
68
3
8
3
9
14
8
2
9
1
5
3
63
1
7
2
5
3
9
1
3
10
3
1
26
1
7
3
54
1
11
1
52
1
3
1
27
2
10
2
44
1
3
3
17
13
2
1
66
3
7
3
42
4
1
1
16
7
4
2
68
3
1
2
12
2
3
1
47
2
4
2
27
2
2
2
1
3
8
1
5
2
7
1
43
3
5
1
12
15
8
1
34
2
5
2
71
3
12
2
11
3
12
2
9
2
2
3
67
30
9
3
55
11
8
1
36
3
7
2
38
2
8
2
10
2
9
3
52
11
11
3
37
11
4
1
43
2
8
3
8
1
1
1
33
5
7
3
41
2
11
2
53
3
9
2
39
1
1
2
47
2
8
1
29
3
11
1
11
1
12
2
4
2
5
3
26
9
2
1
44
2
3
3
6
3
8
1
23
2
5
3
37
12
6
2
61
2
11
2
39
3
7
3
40
3
5
1
23
3
11
2
28
2
4
2
45
2
3
2
3
3
9
1
41
1
4
3
36
14
12
3
32
10
6
1
52
3
5
3
55
12
7
2
44
2
11
3
28
16
5
2
42
2
5
2
30
4
4
2
36
2
6
3
30
25
2
3
26
3
4
1
17
11
10
3
25
5
9
2
54
2
9
3
5
2
6
1
37
2
5
1
4
4
1
2
37
3
11
3
3
4
12
3
2
1
11
1
32
6
2
3
6
5
11
1
61
2
12
1
61
3
4
3
31
1
4
1
1
1
9
2
42
3
1
2
23
1
12
1
13
1
3
1
54
3
3
1
29
1
7
2
47
1
1
3
15
17
1
2
23
3
1
2
8
2
8
3
7
1
4
1
2
1
8
1
25
3
10
2
2
3
5
1
18
13
12
3
66
3
5
3
71
4
2
2
49
4
2
3
22
3
7
3
53
2
7
2
2
1
9
2
49
2
8
2
65
4
6
3
14
23
1
1
30
15
11
2
53
2
8
3
35
4
2
1
10
4
10
2
35
2
10
3
35
2
2
2
43
1
7
2
54
1
8
2
17
1
2
1
65
2
4
1
60
2
5
1
54
1
11
1
18
11
11
1
15
1
3
3
43
7
12
1
41
3
3
3
65
12
1
1
31
6
2
1
63
1
10
1
32
2
7
2
26
2
5
1
28
3
3
1
7
3
6
3
13
7
12
1
15
4
3
1
31
10
5
3
5
4
6
1
45
2
5
3
38
5
9
1
7
7
11
1
26
2
5
2
43
2
3
2
15
2
2
3
1
9
12
3
67
37
4
2
30
5
12
2
33
3
7
1
38
2
6
2
28
1
4
3
53
7
6
1
71
3
3
3
25
3
12
3
63
10
1
1
39
4
6
1
67
2
2
3
1
8
3
1
13
9
8
2
40
1
7
1
68
2
6
2
41
4
2
3
10
23
3
3
28
9
2
2
13
1
10
1
53
1
9
1
34
6
12
2
27
1
4
2
7
1
7
2
15
1
7
2
38
1
2
1
40
1
4
2
34
2
3
1
35
3
9
2
41
3
11
3
18
1
8
2
22
2
4
2
61
1
8
1
63
2
4
1
8
4
5
2
65
2
10
1
11
7
9
3
34
4
9
1
44
3
12
1
22
1
10
2
35
1
9
3
23
5
8
1
10
3
10
1
33
4
6
3
45
1
7
1
38
3
6
2
31
3
1
2
14
3
7
3
17
1
2
3
22
11
12
2
32
1
5
3
47
9
2
3
39
5
3
3
65
6
8
3
44
2
8
2
31
2
7
3
27
15
12
2
66
3
9
2
60
4
7
3
36
6
1
2
66
2
1
1
6
1
2
1
66
1
7
2
1
1
1
2
67
2
4
3
61
4
3
3
54
2
11
2
25
1
1
2
8
1
12
1
27
3
8
2
55
2
12
3
29
12
9
2
68
4
2
2
25
3
9
3
33
7
12
3
33
21
6
2
16
2
12
1
14
22
4
2
16
1
8
1
40
3
12
1
28
1
11
2
40
3
5
3
7
2
12
1
37
1
2
2
10
3
3
3
49
8
10
2
7
2
1
1
9
12
7
