3
60
12
6
2
13
3
1
3
17
17
4
1
12
18
1
3
38
5
4
2
40
4
6
3
26
11
1
3
60
28
6
2
28
1
6
2
52
7
2
1
18
5
1
1
36
3
4
1
25
2
6
3
10
15
1
1
3
10
1
2
8
3
1
3
43
7
2
1
52
3
4
1
3
11
5
3
42
3
1
3
32
10
4
3
38
8
1
3
52
7
4
2
71
3
5
1
66
2
5
2
61
3
1
3
22
1
6
1
30
14
6
3
8
12
6
1
27
1
6
2
68
1
1
2
7
1
6
2
22
1
4
1
42
1
4
1
71
3
6
1
26
1
2
1
45
2
6
3
33
24
5
2
1
2
2
3
49
8
4
1
68
3
6
3
34
8
6
2
32
1
6
3
13
2
4
3
47
9
6
3
22
12
6
1
28
2
1
1
39
3
2
3
41
3
5
2
12
1
6
2
2
3
4
1
23
2
1
2
34
3
2
1
31
5
3
2
6
3
6
1
67
2
2
1
2
7
2
1
68
1
6
2
71
2
1
3
6
5
5
3
53
4
5
1
37
1
5
1
53
2
2
2
35
3
1
3
55
13
1
3
65
8
1
1
47
1
1
1
16
2
1
3
7
3
6
2
55
3
5
2
30
3
6
2
67
1
1
2
49
1
5
2
53
1
6
2
13
2
6
3
3
10
5
3
61
3
1
2
47
2
1
2
28
3
4
3
12
6
6
2
36
3
6
1
15
4
1
2
30
5
1
1
9
4
6
2
29
1
1
3
41
2
1
2
35
1
6
1
14
1
5
3
16
3
4
2
8
1
1
1
7
5
2
1
32
2
6
3
30
27
1
2
42
3
1
1
8
7
4
1
67
1
6
1
63
2
3
3
36
11
1
3
37
10
6
1
7
10
6
2
10
1
4
2
32
3
2
2
34
2
6
1
4
7
1
3
25
8
5
2
7
3
4
3
34
11
1
2
16
2
6
1
35
4
5
1
23
3
1
3
27
16
5
1
25
1
4
3
28
14
5
2
66
2
2
3
23
4
2
1
15
2
2
3
66
8
5
2
40
3
6
3
40
5
6
3
45
2
1
1
63
1
5
3
42
2
1
1
10
8
5
1
18
6
4
3
71
2
1
1
40
2
6
3
11
3
6
3
10
5
5
3
43
4
6
3
17
5
6
1
49
1
3
1
31
18
6
1
32
7
1
3
44
5
4
1
54
2
3
3
11
23
1
3
63
7
1
2
9
2
6
1
60
1
6
3
15
5
4
1
11
12
1
3
14
15
6
1
11
2
1
3
31
3
6
1
41
2
6
1
61
1
4
2
10
3
6
3
15
17
1
1
6
2
2
2
2
2
1
2
44
1
5
1
43
1
5
1
8
8
1
2
39
1
1
2
45
1
6
2
65
4
4
1
29
1
3
1
17
12
5
3
52
11
6
2
12
2
6
2
3
3
5
1
1
1
6
1
13
3
1
2
67
2
6
3
54
1
4
3
67
19
6
2
4
3
5
2
44
4
6
2
14
2
6
1
37
2
4
1
43
3
2
2
43
5
4
2
66
1
5
2
18
1
2
1
65
2
4
2
14
3
1
2
41
1
1
3
1
4
1
3
23
9
1
2
63
1
1
2
37
2
5
3
8
8
6
3
9
30
4
1
53
1
2
1
2
3
3
3
67
32
6
3
36
7
6
2
11
2
6
3
32
11
6
2
1
3
6
2
11
3
4
3
1
6
1
2
68
3
1
1
27
3
6
2
54
1
2
1
66
1
1
2
38
1
4
1
26
3
6
3
18
24
5
2
27
3
5
2
25
1
1
3
63
5
1
3
5
2
5
2
60
4
1
3
53
8
1
1
45
1
6
2
36
2
6
2
25
2
5
1
38
2
6
2
42
1
4
1
54
1
6
1
42
2
2
2
6
2
6
1
28
3
3
1
29
2
5
3
31
17
1
3
29
19
1
3
5
3
6
3
6
4
1
3
39
7
1
2
16
1
2
1
40
3
4
3
45
5
6
2
52
6
2
2
65
2
1
2
63
2
6
1
13
9
2
1
41
1
3
1
65
1
1
2
15
3
6
3
35
5
6
3
27
2
5
2
23
1
1
2
5
3
4
3
54
2
1
2
27
1
1
1
44
3
1
1
33
4
2
1
9
2
1
2
47
3
1
3
25
5
5
2
41
5
1
1
60
2
2
1
17
14
6
3
29
7
6
2
33
3
1
1
35
3
1
1
5
2
5
2
17
3
5
3
47
5
5
2
49
3
5
3
3
6
5
3
66
9
1
1
36
1
2
2
38
5
5
3
4
20
6
1
55
2
6
3
68
14
4
3
30
17
5
2
61
1
2
2
33
1
6
3
4
23
6
2
26
2
1
3
65
10
4
1
14
19
1
3
71
1
6
1
1
3
4
2
15
2
1
3
9
22
4
2
17
1
1
3
44
7
6
2
3
2
6
3
16
5
1
2
60
2
1
1
38
1
3
1
39
2
4
2
31
4
1
3
18
10
6
2
37
1
1
1
4
5
3
1
34
3
1
3
12
1
1
3
2
12
5
1
6
1
6
1
34
11
6
3
61
1
1
1
22
3
1
1
49
2
1
2
5
2
5
2
54
2
6
2
29
3
2
3
2
9
5
3
7
1
1
1
47
2
4
3
39
8
6
2
45
3
4
3
26
6
1
1
5
1
5
3
14
20
1
1
22
2
2
1
44
1
1
2
39
2
1
3
33
10
4
2
53
2
2
3
40
4
1
2
22
3
1
1
30
7
3
2
9
1
1
1
12
10
3
1
33
8
2
3
28
4
6
3
37
2
2
2
23
3
5
1
71
1
6
1
10
2
1
3
35
3
1
2
55
1
3
3
13
5
5
3
68
11
4
1
61
3
1
1
16
5
2
3
49
7
1
2
26
3
2
2
43
3
1
3
55
11
1
1
55
1
3
2
31
3
1
2
18
4
1
1
52
1
6
2
4
2
1
