3
54
1
5
2
29
1
6
1
39
2
6
1
55
1
6
2
5
3
4
1
8
6
6
2
52
6
6
1
4
5
2
3
13
2
5
1
67
2
1
1
12
14
2
1
34
3
1
3
44
1
4
2
36
1
6
1
37
2
2
3
27
13
1
3
25
3
6
2
39
1
2
1
60
1
6
2
36
4
1
3
40
5
5
1
29
2
4
3
53
5
5
1
9
4
5
2
71
1
6
2
7
2
6
2
53
2
1
1
54
1
2
3
47
8
6
3
37
5
6
3
16
4
6
3
2
6
1
3
30
13
5
2
5
1
2
2
9
1
6
2
42
4
6
3
28
15
5
2
55
2
5
3
31
28
1
1
22
1
2
2
3
1
6
1
67
1
6
1
11
2
1
2
35
2
1
2
41
2
6
1
28
2
5
3
41
2
6
3
10
12
6
3
17
9
6
1
37
1
4
1
36
1
1
3
42
3
1
3
18
9
6
2
54
2
5
3
30
22
4
2
8
1
1
2
29
2
1
3
38
5
4
2
25
3
2
3
68
17
5
1
35
3
1
2
40
1
1
1
3
7
5
1
4
8
5
3
14
3
1
2
14
3
1
3
6
3
5
1
5
2
3
2
67
1
3
3
43
1
2
1
40
3
4
1
49
1
6
3
39
7
6
1
66
1
6
2
52
1
6
3
12
1
1
1
66
3
1
3
39
9
1
2
1
2
6
2
18
3
4
3
9
25
5
2
7
1
1
3
11
15
5
3
27
9
6
3
32
7
6
3
4
28
6
3
68
12
2
1
65
2
2
1
1
2
2
1
2
1
1
3
60
10
1
1
16
7
5
3
38
11
6
1
15
1
2
2
61
2
6
2
26
2
2
2
27
1
1
2
28
2
6
2
18
4
1
2
23
1
1
1
25
1
2
2
37
3
5
3
52
15
6
2
13
3
1
2
66
1
5
3
32
2
6
3
34
6
5
3
15
6
2
2
2
3
3
1
42
2
3
1
31
14
3
2
12
1
6
2
4
2
5
2
32
2
6
1
25
2
5
2
26
1
1
1
30
15
2
3
55
17
5
2
23
2
1
1
61
2
5
1
71
2
2
2
12
3
2
3
43
5
4
2
53
3
3
3
61
6
5
3
71
3
6
3
10
6
5
2
43
1
4
3
33
6
2
3
26
6
6
2
8
2
6
1
9
13
6
2
28
3
5
2
10
3
2
3
35
5
4
1
45
1
5
1
7
10
6
1
54
3
3
2
3
2
1
3
42
4
1
2
61
3
1
1
13
6
5
2
9
2
6
1
8
2
4
3
53
6
1
1
63
1
5
2
55
1
1
3
3
3
1
3
66
5
5
1
10
2
4
3
29
4
4
3
23
18
4
3
61
5
5
1
33
3
1
1
52
2
4
3
36
14
5
1
26
1
4
2
54
1
2
3
45
6
2
3
63
3
1
1
7
2
6
2
39
3
1
2
22
1
4
3
7
1
6
2
65
3
6
2
6
3
6
1
16
6
6
2
22
3
1
2
6
2
2
1
53
1
5
1
68
2
4
3
7
5
1
1
18
14
1
1
41
3
1
1
44
4
5
3
34
9
6
3
6
5
5
1
39
4
3
1
13
8
6
1
3
1
6
1
44
3
1
1
71
3
6
1
55
2
1
3
3
8
4
1
6
1
2
1
33
8
4
1
36
2
4
2
32
3
2
3
1
10
6
1
65
1
1
1
63
2
3
2
11
1
6
1
30
3
5
3
4
3
6
3
65
13
6
1
23
3
6
3
52
18
6
2
47
2
2
1
10
3
1
3
54
2
1
2
42
2
2
2
31
1
1
1
14
18
6
1
29
3
3
2
34
3
1
2
45
4
3
1
52
3
6
3
66
9
1
3
60
1
6
3
13
8
6
2
44
4
1
3
55
16
1
3
22
3
4
1
17
16
5
3
15
8
5
3
14
17
5
2
49
4
2
1
5
1
3
2
63
3
5
1
1
3
6
1
27
1
1
2
10
2
1
3
8
13
6
1
41
1
3
1
34
6
1
1
32
5
5
3
31
29
6
3
37
12
1
2
13
2
1
3
41
4
1
3
49
3
5
1
26
2
1
3
36
10
6
1
38
3
5
1
68
3
6
2
49
3
6
1
22
2
4
2
71
3
1
3
47
1
5
1
28
3
4
2
25
1
6
2
14
2
6
3
9
15
1
2
35
3
1
2
30
4
6
3
26
3
1
2
47
3
1
2
68
3
2
2
37
4
6
2
43
5
2
3
63
12
2
2
16
2
6
2
60
1
2
1
60
2
3
3
22
8
6
3
33
4
6
2
15
1
1
2
31
2
5
2
34
1
1
3
5
5
5
2
33
2
2
2
44
1
5
1
38
1
1
1
35
2
6
2
4
3
2
1
2
4
1
3
44
7
1
1
61
1
3
2
38
2
1
3
5
3
5
2
68
2
4
1
53
2
1
3
25
9
6
2
38
5
3
1
18
7
6
2
60
4
6
1
43
2
2
1
32
7
1
1
31
4
1
2
40
2
6
3
40
1
1
1
47
2
4
1
11
3
3
2
33
1
1
3
49
2
1
1
23
1
1
2
27
3
4
2
15
2
6
1
45
2
2
3
1
8
4
2
16
1
6
3
11
7
1
1
47
3
6
1
15
4
3
3
8
20
5
3
28
9
6
2
17
1
6
3
23
15
5
1
40
1
5
3
67
17
2
1
6
2
3
3
16
5
6
2
63
2
6
1
42
1
1
3
71
5
1
3
29
14
4
2
30
1
1
2
1
1
5
2
65
4
4
3
45
5
1
3
65
1
6
1
49
2
1
1
27
2
2
1
12
18
1
2
41
5
4
2
67
2
6
3
17
17
5
3
35
8
5
1
14
2
6
3
67
19
2
2
17
2
5
1
17
9
1
1
43
1
5
3
2
12
6
3
18
5
4
2
66
2
1
2
11
3
2
2
45
2
4
2
2
1
5
3
12
6
1
