3
68
17
6
3
1
9
1
3
32
3
1
1
29
2
5
2
67
2
6
1
53
1
5
2
22
1
4
2
43
5
5
2
5
1
5
3
49
7
6
3
17
2
5
2
54
1
1
2
16
3
1
2
71
1
5
1
10
3
4
2
39
2
1
2
15
1
6
3
54
2
1
2
39
4
4
2
44
1
4
2
49
4
2
1
27
3
6
1
41
3
1
1
49
1
6
1
67
2
1
3
68
7
6
1
7
1
1
2
42
2
2
3
66
4
1
2
29
1
5
3
63
8
1
3
37
7
4
3
1
3
1
3
45
5
6
1
9
11
3
3
36
5
1
1
63
2
3
2
47
4
3
1
38
1
4
3
25
2
4
1
10
4
1
3
65
18
6
1
65
1
1
2
35
3
1
2
18
3
6
3
15
13
6
3
26
10
5
2
34
3
5
3
10
14
2
3
27
2
4
1
61
1
6
1
43
1
5
2
27
3
4
2
65
2
6
2
14
3
6
3
71
5
1
1
14
16
6
3
67
22
6
1
2
7
1
2
10
3
1
2
67
1
5
2
5
3
1
1
44
4
6
1
8
7
4
3
11
15
5
2
37
2
4
3
9
31
5
2
14
1
1
3
41
4
1
2
45
2
4
2
60
1
1
1
68
2
5
1
1
2
1
2
53
1
2
3
60
20
1
3
44
10
5
3
29
2
6
3
16
4
5
1
8
2
2
2
63
2
5
2
30
3
4
2
28
3
5
1
45
2
1
1
35
3
1
1
4
1
6
2
17
2
2
1
26
2
1
2
63
1
1
2
31
3
6
3
7
3
6
1
11
10
1
2
3
1
1
2
35
1
1
3
23
19
5
3
17
14
1
1
25
2
1
3
25
9
4
1
31
9
5
1
35
1
1
3
39
2
6
1
37
2
6
2
4
1
1
2
10
2
1
2
47
3
1
1
12
6
1
2
13
1
1
3
14
4
6
1
66
3
1
1
41
2
1
3
43
5
6
3
42
4
1
2
34
1
6
3
47
8
6
1
34
3
6
2
28
1
5
2
31
2
5
3
65
15
6
3
66
1
1
2
17
3
5
1
22
3
2
2
29
2
6
1
31
1
5
3
18
1
1
2
18
1
2
1
7
11
4
1
71
2
1
3
54
1
6
1
53
2
2
2
54
2
1
3
18
7
4
3
31
18
1
3
47
1
2
2
26
3
1
1
40
1
4
3
28
15
5
1
14
3
5
3
11
25
5
3
38
6
1
2
66
2
1
3
14
17
6
3
10
13
5
1
47
1
1
2
9
3
2
1
1
3
2
1
16
5
4
1
22
2
2
2
44
4
6
2
16
1
1
3
43
3
6
3
7
4
4
1
17
4
5
1
4
2
6
1
66
2
1
1
34
5
3
3
41
2
6
1
54
1
6
1
43
3
5
2
25
1
1
2
37
3
5
1
2
3
6
2
55
3
5
3
34
9
6
1
6
2
3
1
47
3
6
3
52
1
6
2
36
1
6
3
4
10
5
3
34
8
1
1
54
3
3
2
42
4
1
3
53
4
5
3
55
17
6
1
36
1
1
1
9
3
1
2
11
3
3
1
37
1
5
2
12
2
1
2
13
2
5
1
5
2
5
2
27
2
1
1
60
2
2
2
38
3
5
1
16
1
1
1
55
2
1
2
9
1
1
3
2
3
6
1
6
1
2
2
33
1
1
2
45
1
1
2
3
3
1
3
67
26
4
2
23
2
2
3
53
5
4
2
2
1
3
2
23
3
2
1
45
1
1
1
60
1
6
3
15
4
5
1
26
1
2
1
30
16
2
1
28
1
1
3
44
2
6
1
63
1
2
2
7
2
5
1
25
1
2
2
33
2
2
1
52
1
2
1
32
2
3
2
8
1
6
3
55
12
1
3
42
2
1
3
30
26
1
2
61
3
1
1
33
4
6
3
32
7
6
2
36
3
2
2
11
2
1
1
40
2
6
3
8
5
5
2
1
2
2
3
29
14
5
1
39
1
5
3
6
5
6
2
66
3
1
3
22
4
5
3
30
1
5
1
13
8
2
1
55
1
5
2
52
6
1
2
15
2
1
2
6
2
6
3
22
7
5
2
25
3
2
2
1
1
5
3
27
16
4
1
33
8
1
1
68
3
1
3
9
3
1
1
42
1
2
3
13
4
2
1
17
1
4
2
7
1
6
1
32
4
1
3
16
5
6
3
28
9
6
2
61
2
1
1
11
5
5
2
49
2
6
1
13
3
2
2
53
2
4
2
52
3
6
3
26
4
6
3
12
4
5
3
5
5
4
1
52
3
4
3
4
4
6
3
38
10
6
3
71
3
1
3
23
9
6
3
35
2
1
3
5
2
4
2
68
1
1
1
15
5
5
3
37
8
6
3
61
10
2
1
67
3
6
3
36
12
6
2
8
2
6
3
61
5
6
1
23
1
3
1
15
4
3
2
22
2
6
3
40
3
4
1
71
1
5
1
3
10
3
2
40
2
6
2
2
3
4
3
45
1
6
1
12
5
1
3
12
6
6
3
6
3
6
3
13
2
4
2
30
4
6
1
5
1
6
3
35
7
6
3
3
7
5
2
55
1
5
1
38
3
1
3
40
2
1
2
32
4
2
1
30
19
2
1
61
2
4
2
38
5
4
3
33
14
5
2
43
2
2
1
23
2
6
3
31
26
1
2
6
1
4
2
60
2
1
1
36
2
6
2
65
1
6
3
49
5
2
1
29
3
1
3
3
8
4
1
44
2
3
1
27
1
6
1
39
4
2
2
4
2
2
1
18
9
2
2
40
1
1
3
2
5
1
2
41
5
2
2
26
4
6
2
12
3
2
3
39
10
6
1
28
3
5
2
68
2
6
3
8
15
4
2
41
4
6
3
63
6
1
1
18
6
4
1
49
2
6
1
65
2
2
1
3
4
1
3
52
5
2
1
42
2
4
3
33
15
6
3
60
4
1
2
32
2
1
2
71
2
1
