3
34
4
6
2
29
2
1
2
3
2
1
2
25
2
6
3
52
6
1
3
45
2
6
3
12
5
6
2
49
3
2
3
3
9
1
2
30
4
2
2
52
3
2
1
61
3
4
1
17
16
5
3
55
8
6
2
37
3
6
1
29
3
6
1
44
3
6
2
6
1
6
1
67
1
2
1
45
1
2
1
66
2
2
2
44
1
5
3
33
11
2
2
13
3
1
3
8
5
5
2
5
3
2
1
28
2
1
2
4
2
2
1
23
3
5
3
61
11
6
3
71
1
4
3
63
9
1
2
10
2
6
1
12
4
6
3
49
7
6
1
38
1
2
2
15
2
1
1
12
11
6
2
35
3
1
2
42
4
6
1
52
1
4
2
47
3
1
3
7
3
1
3
43
4
5
1
14
6
2
1
65
1
1
1
35
4
2
1
36
3
3
1
1
1
1
1
61
2
6
3
26
2
1
1
2
5
6
3
10
26
1
3
1
4
6
2
5
1
1
1
15
3
1
2
28
3
6
2
60
3
6
2
43
3
1
3
67
37
6
3
33
21
1
3
13
7
1
1
65
2
3
3
38
1
1
1
42
2
3
1
4
6
6
3
40
2
6
3
22
8
5
1
10
6
6
1
31
4
6
3
30
4
5
2
39
1
2
1
37
1
6
3
61
4
6
3
53
2
1
2
31
1
2
3
5
1
5
3
23
7
6
1
28
3
5
3
38
3
4
1
63
2
4
3
17
4
1
2
43
1
5
1
5
1
5
1
49
2
4
1
27
2
6
2
18
3
5
2
14
1
1
1
37
2
6
2
54
1
1
3
14
26
5
2
36
4
1
2
11
2
3
3
25
8
6
2
13
2
5
3
1
3
2
1
45
2
2
1
43
1
6
1
68
2
5
2
37
2
4
1
31
5
3
3
6
5
5
1
38
2
1
1
39
2
6
2
1
2
2
2
66
1
5
1
7
7
2
2
60
2
3
1
22
2
1
2
41
2
5
3
65
16
6
3
37
8
4
3
47
2
6
2
41
1
1
3
31
21
6
2
2
2
6
1
47
3
1
3
60
21
1
1
49
1
5
2
35
1
1
2
32
3
2
3
13
5
5
1
14
12
1
3
4
6
6
3
39
4
5
2
53
3
3
3
10
3
6
2
66
3
1
2
4
3
5
2
49
4
2
3
17
3
1
1
68
3
6
3
2
2
6
2
18
1
1
2
65
2
1
1
33
5
4
1
7
8
5
3
29
13
5
1
25
2
6
1
27
3
1
1
34
1
1
1
13
4
2
3
35
2
1
1
9
13
6
1
66
1
2
1
29
1
2
3
29
9
6
3
44
7
1
3
9
19
1
1
43
3
2
2
55
3
4
3
8
10
1
3
9
7
1
1
39
3
2
2
8
2
6
3
22
11
6
3
15
2
6
1
54
3
2
2
23
2
2
3
30
27
1
3
25
7
1
2
32
4
6
3
63
13
5
1
40
2
6
2
15
1
6
2
12
3
1
2
34
1
6
3
2
11
6
1
26
2
2
2
3
1
1
2
38
2
6
1
60
1
1
1
36
2
4
3
28
11
5
2
30
2
1
2
6
3
6
2
36
3
3
3
36
15
6
3
65
3
6
1
6
2
2
1
41
3
1
2
45
4
2
2
61
2
1
1
3
6
3
1
11
4
1
2
65
4
4
2
40
2
2
1
13
8
1
2
29
3
3
3
40
5
5
2
34
2
1
2
47
4
2
2
68
4
6
1
10
7
6
3
41
1
6
3
68
10
6
3
18
12
6
3
32
6
4
2
2
1
1
2
71
2
1
1
67
3
1
3
4
19
2
3
31
13
1
1
5
2
5
2
45
3
6
3
28
16
6
2
52
4
5
3
45
3
6
3
14
12
6
2
1
1
5
3
11
11
2
2
25
1
6
2
22
1
4
2
54
2
1
1
55
2
2
3
39
2
6
2
61
3
1
3
67
33
6
2
53
1
4
3
42
3
6
3
27
16
5
2
16
2
5
2
22
2
6
1
6
1
3
2
40
1
5
1
60
2
3
1
32
7
1
2
55
2
6
2
67
2
5
1
71
2
6
1
26
1
3
2
7
2
3
2
33
1
2
1
34
9
1
1
18
10
5
1
55
1
1
3
54
1
4
2
27
2
1
3
41
2
1
1
17
6
3
1
22
1
3
3
71
4
6
3
37
10
4
3
68
2
1
2
38
5
4
1
71
3
6
2
44
2
5
2
31
2
5
3
34
7
4
2
28
2
5
1
63
1
5
1
35
1
6
1
53
1
5
3
43
8
1
3
15
4
5
2
9
2
1
3
66
7
2
1
1
3
6
2
71
3
3
2
63
1
2
2
14
2
4
3
18
1
1
1
25
1
1
1
16
6
5
3
47
7
5
1
8
6
1
3
16
7
6
1
3
4
3
2
63
3
5
3
26
11
1
1
11
3
3
3
27
2
5
3
49
8
4
2
10
3
2
3
16
5
6
1
18
6
1
3
23
14
6
3
66
4
1
2
11
1
1
3
44
1
6
2
7
1
1
1
30
20
6
2
33
2
3
3
32
11
6
1
30
2
1
3
12
2
4
2
39
4
4
1
53
2
2
1
41
2
1
2
26
1
1
3
52
5
1
1
2
3
5
3
54
2
1
3
3
4
6
2
16
1
5
2
26
3
2
2
9
1
1
2
23
1
6
2
68
1
6
1
15
4
6
2
8
3
1
1
42
1
6
3
42
1
6
1
44
4
6
3
35
4
5
1
33
6
1
1
47
1
1
3
53
1
1
2
12
1
6
2
27
3
6
1
4
5
4
1
54
1
1
1
9
11
6
3
6
2
6
3
36
10
6
1
16
5
5
2
17
2
6
2
17
1
1
3
60
5
6
3
5
3
6
1
32
4
1
1
40
3
2
1
8
14
2
2
67
1
6
1
23
2
1
3
7
2
5
3
55
14
6
1
52
3
6
3
11
19
1
2
42
2
2
