1
41
2
6
1
31
3
6
1
12
9
6
3
10
11
6
3
53
1
1
1
61
1
3
2
49
2
6
2
47
3
6
3
65
21
4
3
47
2
1
2
17
2
2
1
60
1
1
2
27
1
6
2
45
1
6
1
63
1
2
2
60
3
5
1
13
1
5
3
6
1
5
2
15
3
6
2
54
1
2
1
42
1
2
1
9
13
6
1
26
3
2
3
37
7
5
2
32
2
1
2
11
1
1
2
9
1
1
3
18
20
6
3
38
11
5
1
36
3
6
1
33
7
2
1
65
2
4
1
49
2
1
3
34
4
5
1
60
2
3
2
2
1
6
1
52
3
6
1
28
2
5
1
13
3
2
3
36
7
6
2
3
3
1
2
45
4
2
3
8
14
5
3
55
3
1
1
16
4
1
2
37
3
5
1
55
2
6
2
12
3
6
3
43
3
6
1
27
3
1
1
30
21
5
2
37
2
5
3
33
7
5
3
26
9
5
3
65
9
6
2
1
1
1
2
34
2
6
3
18
17
4
1
45
2
1
3
1
8
6
2
41
3
5
2
2
2
6
1
67
2
5
3
36
3
6
3
9
12
6
2
1
2
1
2
49
4
6
3
71
4
6
1
40
3
2
3
68
16
6
1
45
1
1
2
34
1
1
1
36
2
5
3
23
6
2
1
43
1
4
1
8
12
6
1
54
2
3
2
67
1
6
1
47
2
4
3
3
7
1
2
55
2
5
2
53
2
5
3
2
1
1
2
22
2
5
2
27
2
1
1
37
2
3
3
34
8
5
1
5
2
6
3
27
13
6
1
61
3
6
3
61
1
6
2
4
1
6
2
53
1
1
1
33
6
1
2
3
2
1
1
42
2
4
1
35
2
2
2
29
2
1
2
61
3
6
2
22
3
1
3
7
3
1
2
32
1
4
1
4
1
1
1
32
3
1
2
44
3
2
1
25
3
5
2
44
1
5
1
43
3
6
3
25
8
5
3
55
14
4
3
35
4
6
1
67
3
3
3
54
2
6
3
27
7
5
2
8
2
1
2
36
3
4
3
12
4
6
1
63
2
1
3
67
35
5
1
11
6
2
2
61
2
6
2
7
2
1
2
26
2
6
1
27
1
6
3
29
9
4
1
55
1
1
2
43
3
1
2
67
2
6
2
29
3
2
2
63
2
6
2
16
3
6
3
42
4
1
1
34
10
2
2
18
2
3
3
41
1
6
2
14
2
6
1
8
2
6
2
4
2
2
1
38
1
2
2
39
1
6
3
43
4
4
2
6
3
5
2
60
4
1
2
9
2
1
1
2
3
2
3
38
8
6
2
28
3
4
2
35
2
1
2
68
3
5
1
5
1
5
1
66
1
1
3
28
7
6
2
39
4
6
1
71
3
5
3
40
5
4
1
53
2
2
3
4
6
6
2
35
3
6
2
5
3
2
3
45
3
1
3
3
10
5
3
63
4
6
2
65
2
1
3
40
3
6
1
14
10
2
1
11
4
1
2
15
2
6
3
41
4
1
3
7
2
5
1
14
13
4
1
26
2
1
2
71
2
1
2
52
6
5
3
49
7
1
2
42
1
5
2
41
2
6
1
29
1
6
1
52
1
1
1
54
3
6
2
55
1
5
3
60
20
2
3
13
1
5
2
66
2
2
3
17
9
6
1
53
1
1
2
65
1
6
2
23
2
6
1
47
3
6
3
5
4
6
3
39
10
5
2
38
3
3
3
25
5
5
3
14
14
6
2
33
2
1
3
10
24
1
1
25
1
3
2
25
3
1
3
29
12
1
3
68
14
5
2
30
4
1
2
11
3
3
1
28
1
2
1
3
9
6
2
63
1
6
1
66
3
6
3
31
23
2
1
40
1
1
3
63
12
5
2
10
2
1
1
38
3
1
3
47
3
5
1
34
9
6
3
52
13
1
3
52
11
1
2
30
2
1
2
68
2
6
3
26
12
6
1
18
2
1
1
44
2
1
1
49
1
5
2
36
1
1
3
71
3
1
3
44
7
6
1
29
3
2
3
49
3
1
1
30
2
1
2
54
2
6
3
42
2
6
1
16
3
6
2
13
1
6
2
16
2
1
1
23
2
1
3
6
5
6
3
60
23
4
2
12
2
2
3
44
10
6
3
33
20
6
1
2
2
3
1
35
4
5
2
10
1
5
3
61
11
1
2
8
1
6
3
9
27
6
2
38
1
6
3
30
22
4
2
7
3
4
1
7
1
6
1
4
4
3
2
25
1
1
3
39
1
1
2
13
2
5
1
15
3
1
3
35
8
6
1
23
3
1
2
5
2
5
3
66
3
5
1
12
11
5
2
71
1
5
1
68
3
6
2
40
2
6
2
26
4
6
3
67
30
5
1
9
2
2
3
15
16
1
2
6
1
6
3
13
3
6
1
44
4
6
2
52
1
6
1
39
2
5
1
6
1
6
2
31
3
1
3
31
24
5
3
22
5
6
2
18
4
5
1
22
2
1
1
41
1
1
3
16
2
5
3
4
2
6
1
71
2
5
3
15
6
2
1
10
6
1
2
40
3
5
3
17
5
6
3
1
3
2
3
12
7
4
3
32
8
1
2
42
4
1
3
53
8
1
2
66
1
4
3
11
17
1
2
17
1
6
3
8
16
5
1
1
1
1
3
22
2
6
2
43
5
2
1
18
3
1
3
30
9
1
1
3
5
4
2
47
4
1
3
45
6
5
3
32
2
5
1
10
7
5
1
17
11
2
3
23
2
6
3
11
3
1
1
1
2
1
3
16
4
5
1
39
4
4
1
65
1
1
3
28
8
5
1
7
11
2
3
2
10
6
1
32
5
2
2
31
2
6
1
22
3
2
1
68
2
2
1
37
1
6
2
33
3
1
1
15
4
6
2
23
3
1
1
17
4
1
2
14
3
2
1
6
2
1
3
14
22
6
3
37
9
1
3
66
8
5
3
54
1
6
2
28
1
5
3
5
2
6
1
31
4
1
