2
7
1
1
1
38
2
6
1
7
8
1
3
42
3
6
3
61
10
1
2
26
4
6
1
5
2
2
3
63
1
1
1
3
6
2
2
25
3
2
3
66
8
4
3
65
18
1
3
65
5
6
3
18
17
5
2
63
2
6
2
30
2
1
1
4
1
6
3
52
16
1
2
60
4
6
3
37
12
1
1
53
1
2
2
23
3
6
1
14
6
1
3
45
6
5
2
42
3
1
2
22
2
5
2
27
3
4
2
9
1
6
1
63
1
5
1
8
12
1
1
31
11
2
2
32
1
6
1
7
2
6
3
2
3
6
2
65
2
1
1
44
1
2
3
12
2
4
2
67
1
3
3
68
12
5
2
61
1
6
2
38
1
4
2
13
1
1
1
32
6
1
3
16
7
5
1
4
5
5
1
65
2
1
1
23
1
1
2
16
2
1
1
63
2
3
3
60
5
1
3
33
4
2
1
43
1
5
1
30
13
3
2
54
2
5
1
61
2
4
3
63
9
2
3
2
12
1
3
71
5
1
1
2
2
3
3
39
6
5
3
3
4
1
3
27
6
6
3
36
8
1
1
23
3
6
3
34
8
6
3
26
1
1
2
35
2
5
2
44
5
1
2
31
1
6
1
6
1
3
1
35
4
3
1
71
3
6
3
17
14
1
2
49
3
6
1
67
3
3
3
30
12
1
3
38
1
6
2
3
2
6
1
52
2
1
1
28
1
5
1
54
1
5
2
68
4
2
3
22
6
6
3
35
7
4
2
42
1
5
2
1
3
1
1
38
3
2
1
26
3
6
1
37
1
6
3
4
15
6
3
40
5
4
1
49
2
3
3
5
2
4
1
34
5
2
2
33
2
4
3
31
10
2
2
61
3
1
3
55
17
5
3
71
4
6
1
39
4
5
2
41
4
6
2
47
1
6
1
12
16
6
3
11
18
6
1
45
2
2
3
14
26
6
2
18
1
2
1
47
3
1
3
14
11
5
2
13
2
5
1
36
2
5
1
12
18
1
3
54
2
1
3
15
5
4
3
35
5
6
3
15
2
1
1
54
3
2
2
53
3
5
2
4
1
1
2
49
4
1
2
29
1
5
1
68
2
5
2
71
2
6
2
27
2
6
1
42
2
4
2
35
3
6
2
10
3
1
1
14
7
1
3
68
8
5
3
10
9
6
3
17
1
6
2
36
1
6
3
3
6
1
2
3
1
6
2
40
2
1
2
40
1
1
1
35
1
1
3
43
6
1
2
37
1
6
3
52
13
5
3
29
12
6
1
60
2
3
3
31
28
1
1
42
1
4
1
22
2
2
1
60
1
5
1
36
3
2
1
11
12
2
1
61
3
2
2
8
2
1
2
43
2
1
2
66
3
1
2
32
4
1
3
30
28
1
2
5
2
5
1
6
2
2
1
49
1
6
3
23
19
6
1
3
8
6
3
27
5
6
1
52
3
5
2
29
2
1
2
22
1
5
2
52
2
6
1
26
1
2
1
55
1
4
3
34
10
6
2
1
2
5
1
41
3
1
2
43
4
5
1
41
2
1
3
53
8
6
3
8
17
5
1
67
2
2
2
45
3
4
2
11
2
2
1
31
5
1
2
55
2
5
3
5
1
5
3
36
9
5
3
53
5
6
1
66
3
1
1
10
4
6
1
13
8
6
3
1
1
6
2
38
3
6
1
32
2
6
1
68
3
1
1
22
1
2
1
5
1
4
2
7
2
3
2
17
2
6
3
23
3
1
3
8
15
5
3
9
12
1
2
60
1
1
2
33
1
4
3
6
2
5
3
67
18
6
3
22
1
6
3
54
1
6
1
8
10
4
2
6
3
4
2
11
1
1
1
16
6
6
3
12
3
5
1
18
15
6
3
40
2
6
1
66
2
2
2
53
1
2
2
14
1
1
2
12
2
6
2
12
3
6
3
49
3
5
2
44
1
4
3
13
6
2
3
67
37
5
3
60
15
6
3
33
2
4
2
67
2
5
2
31
4
2
2
65
3
1
3
41
4
6
2
2
3
2
3
61
8
1
1
40
3
5
2
28
3
5
3
32
4
1
1
43
3
1
3
25
3
1
3
41
3
4
3
44
8
1
3
29
15
6
3
11
19
6
3
13
7
1
2
34
3
1
2
36
2
1
1
55
2
6
2
14
3
5
1
9
10
5
2
54
1
2
1
10
1
1
1
39
2
6
3
7
4
6
3
38
11
5
1
1
2
2
3
37
4
5
2
26
3
1
1
9
14
1
3
45
5
1
1
27
3
2
1
71
2
6
1
17
5
6
1
15
2
1
2
30
5
6
1
27
2
2
2
17
1
6
1
1
3
1
3
25
6
4
2
52
5
4
2
16
3
1
1
44
3
6
3
4
22
6
2
15
3
6
2
9
3
2
1
37
2
3
1
34
8
1
3
28
7
6
3
16
3
4
2
8
1
6
3
1
3
5
3
26
12
6
1
25
2
5
1
33
2
3
1
47
2
5
1
28
2
2
3
6
1
6
2
71
3
6
3
43
2
1
2
68
3
6
2
39
1
2
2
18
3
6
1
53
2
5
3
47
9
6
2
23
2
6
3
42
4
1
3
9
17
6
2
39
2
1
1
2
3
1
1
17
9
2
2
2
2
6
2
4
3
2
3
47
10
6
3
18
12
1
1
33
3
2
1
16
7
4
3
7
1
1
2
55
1
6
1
25
3
3
3
32
5
1
2
6
1
6
1
15
4
5
2
28
1
6
2
37
2
4
2
63
1
2
3
55
6
4
2
5
3
2
2
10
1
5
1
29
2
6
1
11
6
2
2
15
1
1
2
47
3
6
1
65
1
1
3
10
8
6
2
25
1
1
2
34
1
1
1
18
10
1
1
40
2
6
3
44
6
6
3
66
9
1
3
49
5
2
2
41
2
6
2
45
1
2
2
66
1
5
1
45
1
2
3
28
15
5
1
13
1
1
3
39
1
1
1
29
3
5
1
30
1
1
