3
45
4
6
2
61
1
1
1
67
1
6
3
32
11
6
2
25
1
1
2
47
2
1
1
45
1
2
2
7
3
5
2
68
4
2
2
8
1
6
1
42
2
1
2
32
3
6
2
49
3
2
1
10
5
2
3
22
5
6
2
42
1
6
2
4
3
1
1
8
16
1
2
3
2
1
2
3
1
1
2
22
3
1
1
33
3
5
3
49
5
5
2
5
1
5
3
54
1
6
3
52
9
6
1
52
3
2
3
41
2
1
2
5
3
5
3
47
8
6
3
53
7
1
3
28
1
1
1
44
3
1
3
27
3
4
2
26
3
5
1
30
5
1
1
41
1
2
3
29
3
6
1
45
2
2
2
13
1
1
2
30
5
1
1
31
14
3
1
60
1
1
2
52
5
5
1
12
15
3
3
13
8
1
2
71
1
1
2
6
2
1
3
16
1
4
3
43
4
4
2
11
2
4
3
63
2
5
2
65
3
6
3
42
2
1
1
67
2
1
3
60
7
6
2
49
4
1
1
28
1
5
2
28
2
6
3
5
4
1
3
31
24
6
1
52
1
6
3
67
25
1
2
6
3
5
3
32
12
2
3
17
14
1
2
38
5
1
1
1
2
1
2
35
1
6
1
5
2
1
2
71
3
1
3
5
3
6
3
39
5
5
2
44
2
1
2
30
3
2
1
38
3
6
2
37
4
2
2
43
4
5
3
38
4
4
3
65
6
4
1
23
3
5
1
2
5
4
2
60
1
5
3
54
2
1
3
25
4
6
3
14
23
1
2
41
1
6
3
3
9
6
1
35
4
5
2
34
3
6
1
43
3
2
2
33
1
4
3
1
10
6
3
3
6
1
3
11
6
6
3
53
6
1
3
47
9
6
3
22
11
1
1
68
2
5
3
28
11
4
2
66
3
2
2
26
4
4
1
14
3
3
2
16
1
2
2
23
3
2
1
39
4
2
3
71
1
6
1
22
3
6
1
65
1
1
1
17
3
1
2
39
3
1
1
36
2
6
1
61
1
3
2
68
3
2
3
4
15
6
2
44
4
6
1
39
3
5
1
11
5
5
3
55
6
4
2
29
2
1
1
12
5
1
3
35
5
5
2
9
1
1
3
4
13
6
3
23
1
5
1
47
3
1
3
37
11
5
3
25
1
4
1
38
1
4
1
31
7
1
2
27
1
6
3
34
4
4
1
15
5
5
1
13
9
6
1
32
4
6
3
39
2
1
1
17
16
5
1
1
1
1
3
26
3
6
2
12
3
1
1
29
2
1
2
43
5
5
2
22
1
5
2
15
1
1
3
6
6
6
3
16
8
1
1
27
1
6
2
27
3
6
1
68
1
1
3
15
6
2
1
30
14
4
1
6
2
3
2
18
2
2
2
25
3
5
2
31
5
5
2
37
1
6
1
71
1
5
2
61
2
5
2
36
5
4
2
17
2
2
1
55
2
1
3
8
9
5
1
26
1
2
3
18
7
5
1
23
1
3
1
25
2
1
3
12
2
6
3
37
12
1
2
54
1
1
3
13
1
6
2
16
3
1
3
35
4
5
1
29
1
2
3
40
2
1
2
10
2
6
1
15
2
2
1
5
1
6
1
25
1
1
3
65
7
6
1
63
2
3
1
55
1
6
1
40
1
6
3
33
14
6
1
18
7
6
2
4
2
2
3
63
7
1
2
14
2
4
1
9
1
6
1
34
8
1
3
18
6
6
3
2
6
1
3
30
14
6
3
44
10
5
2
42
2
6
2
67
2
6
2
33
3
6
1
22
2
3
1
3
11
1
2
55
1
6
2
63
2
6
1
26
3
6
1
37
2
4
3
29
1
6
2
13
3
5
2
2
3
5
2
53
3
4
2
47
3
6
2
29
1
6
2
38
2
1
3
10
1
5
1
16
1
1
3
2
3
5
2
2
2
6
1
10
7
2
3
60
11
2
2
45
3
5
2
52
3
1
1
16
7
3
3
66
7
2
3
44
6
1
2
14
1
1
3
36
1
5
1
63
1
2
3
11
19
6
1
61
2
2
1
49
1
5
1
42
1
6
1
33
8
3
1
8
2
3
1
27
2
5
2
60
3
4
1
49
2
3
3
68
14
5
3
9
20
6
1
37
1
4
1
35
2
1
3
30
11
1
3
52
13
2
1
43
2
3
3
7
2
5
2
66
1
5
2
40
2
1
2
35
3
1
3
33
3
6
2
12
2
2
2
36
1
1
2
7
1
5
2
8
3
6
2
65
2
1
3
7
4
4
3
45
5
6
2
32
4
5
2
63
1
6
2
18
4
5
2
45
2
6
1
32
2
4
1
7
6
3
1
4
7
2
2
40
4
2
3
66
8
5
1
66
2
5
1
6
1
2
3
8
14
6
2
1
2
5
3
40
6
5
2
15
2
1
2
39
1
1
2
34
2
6
3
41
3
6
2
67
1
4
3
61
8
1
2
23
2
6
3
12
1
1
1
34
5
1
3
43
8
6
1
36
3
3
2
53
1
1
2
10
1
5
3
6
3
6
2
1
1
6
2
11
3
5
1
65
2
6
3
71
3
6
2
31
2
4
1
44
1
4
3
15
10
2
1
71
3
6
1
54
1
6
3
49
4
1
3
31
18
1
3
17
12
4
1
66
1
1
1
60
2
5
1
47
1
6
2
55
3
6
3
1
8
5
2
54
2
1
1
4
8
4
1
53
1
6
3
61
2
2
1
3
10
4
3
27
1
4
2
17
3
6
1
41
2
1
3
34
8
6
3
23
13
1
2
28
1
5
3
10
14
2
1
54
2
5
2
9
3
6
2
41
4
6
3
36
7
6
3
26
7
4
3
55
11
6
3
38
1
2
1
2
1
6
3
42
1
1
3
67
17
1
1
11
7
5
3
68
16
2
1
53
2
5
3
9
23
6
1
13
2
1
1
18
8
1
1
14
14
3
3
14
24
1
1
9
2
5
1
28
3
3
1
7
10
2
1
40
3
1
