2
14
3
1
3
34
10
6
3
52
4
1
1
30
1
1
2
5
1
2
2
9
2
1
2
49
4
1
1
54
2
5
3
67
24
1
3
45
3
1
3
16
8
1
1
42
2
3
1
35
2
6
3
55
8
6
1
43
2
3
1
49
1
3
1
33
7
3
2
3
1
1
1
52
2
3
2
26
3
4
3
36
6
6
2
39
3
1
3
7
2
5
2
34
2
1
3
55
14
5
1
1
1
1
1
32
6
1
1
14
1
2
3
67
9
6
2
53
1
1
3
63
9
5
2
11
1
6
1
53
2
6
1
33
1
3
3
8
16
5
1
38
1
1
2
66
2
2
3
35
8
5
2
31
5
1
2
13
1
1
1
39
1
1
2
42
1
6
3
28
4
5
1
27
1
6
3
10
6
5
1
42
1
1
3
26
7
5
1
16
2
2
2
32
4
2
2
54
1
2
3
33
2
5
2
4
3
2
1
34
9
1
3
33
6
1
3
5
2
6
1
25
2
1
1
61
2
6
1
63
2
4
3
44
8
1
2
44
2
4
3
23
18
4
2
52
1
1
2
55
1
4
1
10
6
1
1
23
3
6
2
42
3
6
1
71
1
5
1
10
7
2
1
28
1
6
3
22
1
1
2
61
3
1
2
26
2
2
1
32
3
4
1
2
1
6
2
23
2
2
2
6
2
2
2
7
2
2
1
63
1
1
1
8
7
4
3
42
3
1
3
49
2
1
3
35
4
5
2
23
1
6
2
35
1
1
2
32
1
4
2
11
3
6
2
40
3
6
2
15
3
4
2
12
2
5
3
31
6
6
2
25
2
5
2
68
2
5
1
44
3
2
2
16
3
1
2
35
2
6
3
28
2
4
3
18
18
6
3
38
3
4
1
4
4
5
3
41
1
1
1
17
8
1
2
43
2
2
3
14
16
6
2
47
4
2
1
11
4
1
3
61
2
2
1
37
2
1
1
22
3
2
3
45
1
1
1
25
1
1
3
2
8
6
3
23
4
1
2
45
2
5
3
68
3
6
1
60
1
2
2
22
3
2
3
4
16
4
2
36
4
6
2
28
2
5
1
67
3
3
2
63
3
5
1
6
2
4
3
43
6
1
2
71
3
1
3
47
2
6
1
61
3
6
1
52
1
3
2
44
4
1
3
15
14
5
2
52
6
5
2
6
3
4
3
11
23
1
3
61
4
6
3
12
7
4
3
65
14
5
3
49
1
6
3
63
8
6
1
44
4
6
1
18
1
4
3
42
1
6
3
14
10
6
1
53
1
2
1
41
2
1
1
26
1
5
1
15
4
3
3
54
1
4
3
41
3
4
1
7
5
6
2
41
2
6
3
32
11
5
2
43
3
2
1
55
2
5
3
47
5
5
2
37
4
2
1
29
2
3
1
13
5
2
3
13
6
6
3
66
8
6
1
65
2
2
1
47
1
6
3
1
6
1
2
60
4
6
2
27
2
1
2
2
1
3
2
33
2
4
3
68
15
6
1
23
1
5
1
31
18
4
3
40
2
1
1
40
2
1
3
22
8
6
1
6
1
3
1
71
2
1
1
34
11
1
3
11
11
2
2
10
3
2
3
10
15
6
2
37
1
6
2
27
1
1
2
18
1
6
1
29
1
3
3
26
12
6
1
38
2
1
1
47
2
4
1
65
1
1
3
37
10
4
1
67
2
1
1
13
7
6
3
29
1
6
1
43
1
4
2
61
2
6
2
45
4
6
1
18
4
2
2
1
3
6
1
66
1
2
1
49
2
5
3
8
12
5
2
38
5
4
2
65
4
4
3
12
2
6
2
40
1
2
2
9
1
5
1
35
4
4
3
71
2
6
2
38
2
6
1
12
9
6
3
15
2
6
3
2
9
6
1
8
6
3
3
30
22
5
3
17
13
5
2
10
2
1
3
25
6
6
3
9
5
1
3
13
9
6
2
63
2
5
3
39
3
1
2
13
2
2
3
60
9
6
3
5
5
5
3
6
6
5
3
17
3
1
2
8
2
1
3
16
2
6
1
9
6
6
1
66
2
6
1
39
4
4
1
54
3
3
2
25
3
2
3
27
17
1
2
67
2
5
2
36
1
6
2
17
1
1
2
30
1
6
3
37
7
4
3
54
2
1
2
39
1
6
3
31
1
6
2
14
1
1
2
30
5
6
1
41
3
6
1
7
6
4
2
67
1
2
3
18
13
1
1
60
2
2
3
9
11
5
1
9
2
2
3
27
4
6
3
44
9
5
2
29
3
1
2
1
2
1
1
1
3
5
1
5
1
2
3
30
1
4
3
40
3
4
1
36
1
2
3
25
4
6
2
5
3
5
1
3
7
1
1
45
2
6
3
53
1
6
3
4
19
6
1
30
18
2
3
36
4
2
1
28
2
1
3
39
8
6
1
12
15
6
1
40
1
3
1
26
3
5
2
15
2
1
1
11
9
1
3
3
6
3
2
7
1
2
3
32
1
1
2
18
2
1
3
60
26
1
1
36
2
5
1
68
1
2
2
16
2
6
3
3
2
2
1
2
6
2
1
68
3
1
1
16
1
3
2
12
1
6
1
17
1
2
3
1
10
6
1
31
12
4
2
41
3
5
2
4
2
5
3
43
3
6
2
8
3
6
2
49
3
5
2
2
3
6
1
45
1
2
2
53
3
2
2
28
3
4
3
6
3
5
3
53
4
4
1
15
1
5
1
27
2
2
3
29
17
5
2
60
2
5
2
54
2
5
2
17
2
1
1
22
1
2
2
66
1
6
2
68
1
6
3
52
8
6
3
7
1
1
2
65
1
1
3
71
4
6
1
14
16
2
1
37
1
4
2
22
2
5
2
71
1
1
2
3
3
6
1
4
7
3
2
55
2
6
3
38
11
5
3
65
12
1
2
29
2
6
2
47
2
1
1
3
8
3
1
55
1
3
3
66
3
1
3
34
6
6
2
31
4
2
2
33
1
4
2
34
1
1
1
5
2
2
