3
10
3
6
2
41
5
3
2
25
2
4
1
12
1
1
1
47
3
1
3
32
8
1
2
17
3
1
1
14
17
1
3
38
5
4
1
8
8
6
2
63
2
6
1
29
3
4
1
68
1
1
2
41
2
5
2
34
3
2
1
26
1
1
3
68
15
5
2
13
1
1
3
65
8
1
2
6
3
5
2
18
3
5
3
17
11
4
3
66
8
5
3
11
6
5
2
16
1
3
2
11
1
6
3
6
4
1
1
40
2
6
1
36
3
5
2
7
1
5
1
15
2
1
3
61
1
6
2
66
3
5
2
71
2
6
3
63
11
1
1
5
2
3
2
47
3
1
1
42
2
5
1
11
9
2
2
7
2
3
3
60
27
5
3
43
5
4
2
37
1
6
3
23
14
6
3
3
1
5
1
45
2
5
1
1
3
3
1
39
4
1
3
26
7
6
3
6
2
5
1
27
2
6
3
39
2
1
2
3
3
1
1
54
1
1
1
52
1
4
3
52
12
6
2
23
2
6
3
36
5
1
2
1
2
1
1
41
1
3
3
14
24
6
2
29
1
5
3
67
19
2
2
38
1
5
1
27
1
1
3
1
9
6
3
7
5
1
1
54
3
4
1
33
6
1
3
3
8
4
3
67
5
5
3
44
5
4
3
34
2
4
1
8
4
6
3
45
6
6
2
25
3
1
2
47
1
6
2
1
3
1
2
55
1
1
1
7
10
2
3
9
11
5
2
33
2
2
3
71
3
1
3
4
12
1
2
16
2
6
2
32
3
1
2
12
2
6
1
6
2
4
2
31
3
1
2
10
2
6
2
17
2
1
3
15
17
1
1
23
2
6
2
71
3
4
3
8
4
1
1
1
2
1
3
49
3
2
3
60
5
1
1
35
1
6
3
41
1
6
3
27
12
1
2
53
2
6
1
6
1
3
3
42
3
1
3
65
21
4
2
18
2
4
1
60
2
3
2
45
1
1
2
9
1
1
2
60
2
3
3
16
1
4
1
29
1
4
1
43
3
1
2
12
1
1
2
36
5
5
1
66
1
6
3
41
2
1
2
38
2
1
1
36
2
5
2
29
3
1
3
32
1
6
1
63
1
6
1
13
3
2
1
17
9
3
1
38
2
1
2
4
2
2
2
8
2
6
3
2
8
1
1
18
7
6
3
13
5
5
2
26
4
5
1
67
2
2
3
54
2
6
1
55
1
5
3
40
4
1
3
47
1
2
3
7
2
6
1
31
13
5
1
44
4
1
3
10
22
6
2
40
4
2
1
2
1
1
3
66
9
1
2
65
2
6
1
18
13
5
2
40
2
2
2
61
3
1
1
22
2
1
3
16
5
1
3
33
19
1
1
16
2
1
3
28
11
6
3
47
9
1
2
61
2
5
3
61
6
2
3
17
17
4
2
65
4
4
1
65
1
1
2
53
3
5
1
67
1
2
1
4
1
1
3
45
3
1
1
26
2
2
2
49
4
2
3
29
2
5
1
28
1
2
1
52
2
3
1
61
1
5
2
39
4
5
2
43
2
4
2
35
1
1
3
43
1
2
1
22
1
4
1
66
2
6
1
39
2
4
2
28
1
6
1
4
3
3
2
30
2
1
1
43
2
2
3
42
2
6
2
4
1
1
3
52
18
6
2
68
4
6
1
33
8
6
1
3
7
1
3
12
4
6
1
25
2
1
3
71
4
1
2
52
4
6
1
31
7
6
1
10
1
6
2
15
2
6
2
10
3
1
1
53
2
5
2
6
1
6
3
53
2
1
2
43
3
5
2
52
6
5
3
1
8
6
2
42
1
5
2
22
1
6
2
14
3
6
3
15
3
6
3
8
12
5
1
53
1
1
1
14
6
6
1
68
3
1
3
5
5
6
3
5
3
6
2
36
1
1
1
11
2
1
1
38
3
1
3
18
1
5
3
22
7
5
1
25
3
2
1
61
3
2
1
30
8
6
1
5
1
1
2
44
4
1
3
27
2
4
1
63
2
4
2
33
3
1
3
9
32
6
2
32
1
6
3
25
6
5
3
55
11
1
2
31
4
6
2
11
2
2
3
68
16
5
3
30
19
6
2
67
1
5
3
13
9
6
1
17
12
5
3
18
14
6
2
30
3
1
1
60
1
1
1
44
2
1
3
40
5
4
3
30
13
2
1
40
3
4
1
12
6
1
1
49
2
2
3
25
3
1
1
34
11
6
3
26
6
1
2
37
2
5
3
28
6
5
3
34
10
5
1
15
5
3
2
45
4
6
2
2
3
3
3
4
17
4
1
37
1
4
2
8
1
1
2
28
3
4
3
55
4
5
2
27
3
5
1
35
4
1
3
31
30
5
2
44
2
5
3
12
7
4
3
36
12
6
3
53
6
1
1
37
2
1
3
37
11
5
3
35
4
6
1
34
3
1
3
39
10
5
1
2
7
5
2
3
2
6
1
10
4
1
1
16
1
1
2
66
2
5
3
38
1
2
2
35
2
5
3
31
1
1
3
33
7
5
2
13
3
2
2
42
4
1
3
23
5
1
2
9
3
1
2
15
3
5
2
67
2
5
3
2
2
6
1
30
11
6
1
71
2
2
3
22
4
5
2
22
3
1
2
63
1
5
1
49
1
2
2
54
2
5
3
11
25
5
3
14
5
1
1
28
3
5
1
32
4
6
3
29
4
4
3
54
1
5
2
5
3
1
2
49
2
2
1
3
10
1
1
13
4
2
2
23
1
6
1
9
12
2
2
55
2
4
1
9
3
6
1
32
6
1
2
26
2
1
2
60
4
6
2
34
2
1
3
37
5
4
2
5
2
4
1
65
2
3
3
44
10
6
2
14
2
5
1
45
1
6
1
55
2
1
1
42
1
3
3
35
1
5
2
2
1
6
2
27
1
6
3
49
1
5
2
39
2
6
2
54
1
5
1
47
1
2
1
23
1
2
3
63
12
5
1
41
2
6
1
71
1
5
2
68
2
5
1
7
3
4
