1
66
1
1
3
17
4
2
1
6
1
2
3
44
4
6
2
2
3
5
1
71
2
2
3
2
7
6
3
35
2
1
1
35
1
6
1
63
1
6
3
2
9
6
1
30
8
6
1
4
4
2
2
39
4
5
2
22
2
5
1
47
3
1
2
37
4
5
2
16
1
3
2
18
1
1
3
37
2
5
2
12
2
4
1
3
8
3
3
65
4
6
2
71
3
5
3
55
16
1
1
17
3
2
3
38
7
6
2
35
1
1
2
44
4
1
2
61
3
1
1
3
7
3
3
10
5
5
3
49
1
6
1
9
4
6
3
33
2
5
1
52
3
1
1
34
5
1
1
41
1
5
2
8
3
6
3
5
1
6
1
39
2
4
3
47
4
1
1
53
1
5
2
28
2
6
1
49
2
3
3
9
19
5
1
44
1
2
2
13
3
2
1
40
1
5
3
41
1
1
2
23
3
1
3
65
7
5
2
7
1
6
1
44
3
1
3
31
22
6
3
6
3
5
3
4
2
2
3
26
2
6
1
45
1
2
3
4
23
1
3
54
1
6
1
25
2
5
2
33
1
5
2
42
2
5
1
2
2
1
1
29
3
2
2
8
1
6
3
52
2
1
1
37
1
5
3
37
6
5
3
67
23
4
1
36
3
5
2
67
1
1
1
53
2
6
1
17
7
6
1
29
1
3
3
40
3
5
3
11
18
6
3
42
2
1
3
68
14
5
2
1
2
5
2
60
1
5
3
67
9
6
2
3
3
5
3
12
7
4
2
25
2
6
2
49
2
1
3
16
6
5
2
15
1
6
3
16
3
5
3
34
2
5
1
45
2
1
1
38
3
2
1
67
1
2
2
30
1
1
3
14
1
4
3
13
3
5
1
60
1
1
1
12
18
6
2
45
1
1
2
40
4
2
2
67
2
6
3
43
2
1
1
1
3
6
1
18
7
6
2
54
2
6
1
61
2
1
1
11
10
1
2
1
3
2
1
14
8
6
3
22
2
1
2
63
3
6
1
6
2
3
2
42
3
2
3
18
17
5
1
34
11
1
3
26
10
5
2
43
3
5
2
38
1
6
3
23
1
1
3
12
2
6
3
42
3
1
1
66
2
6
2
32
4
2
3
61
7
2
2
63
2
6
3
32
7
1
3
44
9
2
1
65
2
1
2
17
1
6
2
44
3
6
1
33
5
1
2
9
2
1
3
40
5
6
1
5
1
1
2
52
6
2
3
45
3
1
3
3
4
1
3
1
5
5
2
41
3
2
3
29
8
1
1
40
2
1
2
66
1
5
2
55
2
6
1
30
17
4
2
28
3
4
2
27
2
1
1
1
1
1
2
4
3
1
3
60
27
1
3
28
6
1
1
71
1
6
2
38
3
6
2
6
3
5
3
71
5
1
3
13
7
1
2
52
4
6
3
53
3
6
1
38
1
1
1
35
3
1
2
29
1
6
3
1
4
6
2
10
1
6
3
34
8
5
3
71
1
4
2
30
3
2
1
11
3
2
2
14
3
1
2
33
3
2
3
15
8
6
2
26
2
6
1
47
2
6
1
2
1
6
1
43
2
4
3
54
2
1
3
29
17
5
1
28
2
2
1
36
1
5
3
27
17
6
2
66
2
6
2
5
1
1
3
45
4
1
1
16
7
5
1
39
4
6
2
61
2
6
1
7
5
5
3
10
22
1
1
49
1
1
2
16
2
1
1
15
2
4
3
47
3
5
3
5
4
6
1
32
6
1
3
17
11
6
2
15
2
6
1
14
13
1
2
2
2
1
1
23
2
1
1
42
2
6
2
43
4
5
1
10
8
1
1
68
2
3
3
25
1
6
1
41
3
1
1
65
1
6
3
15
1
6
2
17
2
5
3
8
14
6
3
23
15
6
3
3
1
1
2
22
1
5
1
32
1
4
3
14
10
5
2
37
3
5
1
26
2
5
2
7
2
2
2
47
1
1
1
15
3
1
2
34
1
6
1
25
1
3
1
7
10
5
3
55
6
6
1
42
1
1
1
8
9
3
1
8
12
1
2
10
3
2
3
28
7
4
3
22
6
5
3
39
7
1
3
36
1
1
3
31
10
5
1
61
3
1
1
23
3
6
3
36
14
1
3
25
5
5
2
29
2
6
2
36
4
1
2
12
1
1
2
31
3
1
1
52
1
1
1
16
6
3
2
60
4
6
3
6
6
6
2
27
1
6
1
13
5
1
2
54
1
5
2
34
2
1
1
28
1
6
2
13
2
6
2
68
2
5
1
9
1
1
2
39
2
6
2
49
3
4
3
38
9
1
2
47
2
5
1
55
1
3
1
12
9
1
3
8
13
5
3
35
7
6
3
30
17
4
1
27
3
1
3
27
11
1
1
67
2
1
2
71
1
5
2
41
4
1
2
68
4
1
2
32
2
6
2
25
1
1
1
60
2
4
3
49
3
1
1
37
2
3
1
55
2
6
2
18
3
6
2
65
1
2
1
54
2
3
2
4
1
1
2
26
4
4
2
45
4
1
2
3
1
1
1
27
1
1
3
43
3
1
1
54
1
2
1
31
16
6
1
13
9
6
2
53
3
1
1
31
11
4
3
41
2
6
1
22
2
6
3
39
6
5
2
36
1
1
3
32
5
5
3
63
10
1
3
9
30
5
3
30
10
6
1
33
4
3
2
40
1
1
1
63
2
3
2
14
1
1
1
68
1
1
3
33
14
5
1
22
3
4
2
9
1
1
2
5
3
3
2
53
1
5
2
65
2
1
3
52
1
6
3
7
2
6
1
5
2
4
3
63
11
6
2
11
3
6
2
35
3
1
1
43
1
5
3
60
17
6
3
53
4
5
1
10
7
5
3
61
8
1
1
4
6
5
3
7
1
1
3
11
20
6
2
6
1
5
1
26
1
6
1
18
1
3
3
68
11
5
3
66
9
6
2
55
1
6
2
11
1
1
2
31
2
6
3
18
22
6
3
66
1
6
2
23
1
1
