3
26
10
5
1
68
2
4
2
61
1
5
1
39
2
6
3
41
1
6
2
9
1
1
2
68
1
1
2
34
1
1
1
22
2
5
2
32
1
4
2
16
3
1
1
66
3
6
3
16
5
6
1
14
18
3
2
67
1
5
2
41
1
6
3
35
2
6
2
33
1
4
2
26
4
6
3
71
2
1
1
23
3
6
3
29
15
6
1
31
14
3
2
42
4
6
2
60
4
1
1
35
1
6
2
9
2
1
3
23
2
6
2
25
2
4
3
54
1
6
1
63
1
5
2
18
4
1
2
35
1
1
3
16
3
6
1
3
1
1
1
66
2
2
1
28
3
6
3
37
10
5
1
29
3
2
2
63
1
6
2
44
2
5
3
5
5
4
2
8
2
1
3
36
15
1
1
17
16
5
1
28
1
6
1
1
2
1
2
40
2
5
2
67
2
6
3
71
3
1
3
8
19
1
3
49
4
6
1
44
3
6
1
5
1
4
1
71
1
4
1
53
1
1
3
17
1
5
1
6
2
5
2
11
1
1
2
16
2
2
3
26
5
6
3
6
1
5
3
29
3
2
3
36
8
1
3
40
6
6
1
7
2
1
3
41
3
6
2
42
3
6
1
18
1
2
2
14
3
6
3
67
8
4
3
60
13
5
2
43
4
2
3
22
12
6
3
13
8
1
2
29
3
2
1
16
4
4
2
32
4
6
1
7
3
1
1
25
3
2
2
61
3
6
1
54
3
4
1
13
6
5
3
49
2
1
2
66
2
6
3
63
12
5
3
34
1
6
2
6
3
4
3
40
1
6
3
38
2
6
3
66
9
1
1
41
1
3
3
30
27
5
1
26
3
1
1
8
2
3
3
14
18
5
2
1
3
5
2
2
3
4
3
15
3
1
3
13
6
5
2
7
3
6
2
36
1
6
3
65
5
6
3
15
16
6
2
23
3
1
3
1
1
1
1
40
2
1
1
31
16
1
1
4
6
1
2
13
3
6
3
2
2
5
3
30
11
6
3
10
5
6
2
26
1
6
3
44
8
6
1
39
1
2
1
18
6
1
2
39
2
1
2
15
3
6
2
8
1
6
2
60
1
6
1
36
1
1
1
71
3
5
2
55
2
4
2
7
2
2
1
30
9
1
1
10
1
1
2
4
2
6
2
28
1
5
1
30
16
2
1
27
2
5
3
55
3
1
1
17
1
2
3
47
9
6
2
53
2
6
1
26
2
5
1
32
7
1
2
52
4
4
1
65
1
6
3
42
2
1
1
11
3
4
2
10
1
5
1
33
1
3
1
52
2
3
3
3
5
1
3
31
27
6
2
71
2
6
2
37
3
5
2
35
3
6
2
31
3
1
3
5
2
4
3
54
2
1
2
25
1
1
1
38
2
1
2
53
3
1
3
32
1
1
3
9
17
1
2
54
2
1
1
53
2
5
1
54
2
3
1
8
16
1
3
7
3
6
1
27
1
1
2
3
1
1
2
63
2
6
2
49
4
5
2
37
4
6
3
28
7
4
2
29
2
1
3
52
6
1
1
41
3
6
2
65
3
1
2
66
1
5
1
65
2
4
2
2
2
1
3
27
13
6
1
32
1
1
1
1
3
6
2
18
1
2
1
12
2
1
1
55
2
2
3
11
19
5
1
2
2
2
1
5
2
6
2
36
3
4
2
13
1
1
2
30
4
5
1
29
2
6
2
38
1
6
3
12
6
6
3
39
8
6
3
47
5
5
1
16
3
2
1
43
3
6
3
8
1
5
2
27
2
6
2
15
2
1
3
44
10
4
2
5
2
5
2
30
1
1
2
54
1
2
1
15
1
2
2
45
2
6
1
49
1
4
1
12
8
2
3
45
2
6
2
40
4
2
1
9
2
5
2
68
2
4
2
27
1
6
2
38
2
6
3
28
1
6
2
44
1
5
3
55
10
1
3
35
3
6
3
10
16
1
3
31
20
2
3
53
1
1
1
67
3
6
1
61
3
5
1
35
4
5
1
63
2
4
3
68
14
6
2
33
3
5
1
10
6
1
1
37
2
1
2
12
3
6
2
12
1
1
3
43
3
6
3
2
9
1
3
22
10
1
3
42
3
1
1
22
1
5
1
68
1
2
2
3
3
1
2
22
1
6
1
14
9
4
3
37
5
5
3
12
3
4
1
49
2
2
1
45
2
2
3
32
7
1
3
61
10
4
2
23
2
2
3
33
9
6
1
40
1
6
2
17
1
6
1
55
1
3
2
1
2
1
1
33
7
1
2
5
1
1
1
38
1
2
1
13
2
1
3
60
26
1
1
15
4
5
1
45
1
2
1
47
1
2
3
3
8
4
2
34
2
1
3
33
23
5
3
53
3
5
2
43
3
6
3
45
7
5
1
3
5
3
1
52
1
2
2
55
1
4
2
14
2
6
3
25
1
6
2
11
3
1
3
63
11
6
2
39
1
6
1
67
1
2
2
6
2
2
2
22
3
2
3
9
21
6
2
45
3
4
2
28
3
6
3
4
13
6
3
65
20
1
3
1
8
6
1
9
1
6
3
6
4
1
3
68
3
1
3
18
8
1
1
44
2
3
2
10
2
1
2
52
3
2
1
2
5
4
3
17
17
6
3
66
8
6
3
52
11
6
3
7
5
6
3
27
7
5
2
17
2
1
1
4
5
3
2
49
1
5
2
65
1
2
1
61
1
2
1
34
8
1
1
47
3
1
3
34
6
6
2
41
3
2
3
61
6
2
1
25
1
1
1
42
1
2
3
39
4
6
2
47
2
2
1
23
1
4
3
67
26
5
2
47
3
1
3
14
19
6
1
43
2
1
1
42
2
2
3
38
12
1
3
25
5
5
1
37
1
4
1
36
3
5
1
6
1
3
2
71
1
5
3
11
20
5
1
60
2
1
3
4
14
1
3
43
7
2
1
60
1
6
2
4
1
6
3
18
10
5
3
23
6
6
2
31
2
5
1
34
11
1
1
11
2
1
