1
37
2
3
1
4
6
5
3
65
6
5
2
71
2
6
3
37
1
5
2
40
3
6
1
35
1
1
2
54
1
5
3
30
12
5
3
5
3
5
3
44
10
4
1
25
3
2
3
47
1
1
1
10
6
1
3
71
1
5
1
36
3
2
2
17
3
5
2
14
1
6
1
6
2
6
1
14
5
2
3
32
2
4
3
29
14
5
2
41
4
6
2
44
2
4
2
35
2
5
1
52
3
2
3
68
8
4
1
2
5
6
2
39
2
6
1
15
3
1
2
27
3
4
1
65
1
1
3
35
2
1
1
11
8
6
2
36
5
6
3
18
15
5
1
42
2
6
2
60
3
4
1
22
2
6
3
10
11
1
2
26
3
3
1
28
1
5
3
14
8
6
1
47
3
1
1
7
3
1
3
49
6
1
3
40
5
5
3
63
12
5
2
47
1
1
2
38
3
1
2
18
2
1
3
8
13
2
3
41
1
6
3
41
4
6
3
67
21
4
2
22
2
6
1
11
7
5
1
8
14
5
1
45
1
2
2
66
1
4
1
38
3
1
1
31
5
1
1
1
2
5
3
5
5
5
3
3
2
5
3
36
1
4
3
7
5
1
1
30
16
6
1
15
2
6
3
47
9
6
1
12
11
6
1
55
1
1
3
16
5
1
2
9
2
1
2
34
2
6
1
63
2
2
1
17
7
6
3
36
9
4
3
3
1
5
1
61
3
3
3
12
3
6
2
5
1
1
3
61
7
6
1
38
2
6
2
14
2
4
2
32
1
6
3
29
1
6
1
35
4
1
2
26
4
6
1
60
2
1
2
45
1
6
3
66
5
4
2
63
1
6
3
18
3
6
3
17
12
5
3
42
4
1
3
65
8
1
1
40
2
1
1
68
3
1
1
41
2
1
2
16
1
1
2
2
3
1
2
30
2
1
3
17
6
6
2
34
3
5
3
54
1
5
1
23
1
1
2
60
4
1
1
1
3
6
2
4
1
1
2
44
3
5
2
65
4
6
3
61
9
6
1
65
2
2
1
18
13
1
3
10
22
6
2
37
4
2
2
36
2
1
1
39
3
4
2
38
4
1
1
13
6
2
3
22
7
5
3
1
3
6
3
44
5
5
1
71
2
1
1
3
6
1
3
71
2
6
3
38
1
2
3
22
3
6
2
11
3
6
1
68
2
1
2
67
2
5
1
18
8
1
3
23
17
5
1
29
1
2
1
16
4
4
3
9
25
4
1
23
3
1
1
39
2
6
3
25
4
6
1
8
17
5
2
71
3
1
3
33
20
1
3
30
2
6
3
26
3
1
3
34
1
1
3
13
3
6
2
68
1
6
2
13
3
5
2
7
3
5
2
27
2
6
3
38
7
6
1
34
8
6
3
12
5
6
2
47
3
1
3
11
3
6
1
71
3
6
2
9
1
6
1
4
1
1
2
6
1
5
2
25
3
2
1
27
2
2
3
40
3
4
1
34
1
6
3
37
6
6
2
55
2
5
2
49
1
6
2
61
1
1
2
5
3
1
2
40
1
1
3
55
2
6
1
45
2
1
1
60
1
5
3
26
2
1
2
18
3
6
3
16
7
5
1
44
1
4
2
23
3
6
3
68
12
1
1
7
7
2
3
23
12
1
2
3
2
1
3
35
4
6
2
12
1
6
2
41
3
5
3
4
19
2
3
33
15
2
3
15
3
1
3
52
17
6
1
53
1
1
3
45
3
6
1
53
2
1
3
43
2
1
2
42
4
6
3
11
13
4
2
30
4
6
2
52
7
6
2
4
3
5
3
39
1
1
1
25
2
1
3
25
1
4
1
66
3
6
3
31
7
6
1
42
1
2
1
12
10
3
2
2
2
1
1
22
1
2
2
53
1
5
2
37
2
5
3
45
2
1
1
49
2
4
2
28
1
5
2
22
3
2
2
17
2
2
1
26
1
1
2
28
3
5
2
61
2
1
3
27
3
6
1
55
2
5
2
63
3
1
1
44
4
6
3
43
1
2
3
60
15
2
2
68
4
6
1
67
3
3
1
41
1
3
2
42
1
4
2
23
2
6
3
39
10
1
2
43
4
5
3
8
1
5
1
43
1
4
3
49
8
6
3
28
6
6
2
13
1
6
2
53
2
6
2
8
3
6
1
32
5
4
2
67
1
5
2
55
1
2
1
6
1
2
1
14
2
1
1
32
1
1
1
29
3
3
2
1
3
1
2
54
2
5
3
32
8
1
1
52
1
1
1
40
1
2
1
66
1
1
2
7
1
5
1
5
2
6
2
32
3
1
3
14
13
5
2
10
3
6
1
16
6
6
1
9
4
1
3
6
5
6
1
9
3
2
1
5
1
2
3
27
17
1
1
13
2
5
2
66
2
6
1
27
3
6
3
42
2
1
3
2
9
1
2
33
2
3
3
31
29
1
1
17
12
1
3
52
11
1
3
60
13
1
3
2
12
5
1
47
1
2
3
13
5
2
2
43
1
5
1
33
4
3
3
63
9
2
2
25
1
1
2
39
4
6
2
31
5
1
1
3
4
6
2
16
2
5
1
61
1
6
2
33
1
3
2
1
1
5
3
7
1
1
3
1
8
4
1
33
3
2
2
6
2
5
1
2
7
6
3
66
1
1
2
15
1
1
2
29
2
6
1
49
1
5
2
52
1
1
1
54
1
2
2
31
1
6
1
36
2
6
1
54
3
2
1
43
3
1
1
10
5
6
1
63
1
6
3
28
11
5
3
34
4
4
2
29
3
4
1
28
2
1
1
67
2
2
3
53
4
6
1
30
3
2
1
26
3
6
2
15
3
4
2
49
3
2
2
8
2
1
2
11
2
3
2
10
1
4
3
4
20
6
3
9
19
6
2
35
3
1
3
53
5
4
1
31
10
6
2
12
3
2
2
45
2
4
3
67
14
5
3
6
2
1
3
55
6
6
2
65
2
6
3
15
9
6
1
37
1
4
2
3
1
6
3
54
2
6
