1
36
2
6
2
67
2
5
3
15
15
6
2
4
2
5
1
47
1
1
3
3
6
2
1
68
3
6
3
26
6
1
2
5
2
5
3
71
4
6
1
49
1
5
3
47
2
1
1
26
3
6
1
54
2
6
2
17
2
1
2
44
1
5
2
45
2
5
2
34
3
2
1
40
3
5
1
2
3
1
3
16
7
5
2
26
2
2
2
35
1
6
2
26
4
5
3
66
9
6
1
14
11
4
1
44
4
2
3
45
3
1
3
14
14
6
2
13
1
1
3
39
10
1
1
35
1
6
1
14
3
2
1
68
1
6
2
52
5
5
3
12
4
4
1
67
2
1
3
25
8
6
1
2
2
2
2
6
1
4
3
22
10
1
1
28
1
1
2
63
2
5
2
14
3
2
2
27
3
4
3
23
11
6
1
63
2
6
1
53
2
5
2
33
3
2
3
41
3
4
3
18
9
1
3
18
10
5
3
53
8
6
3
52
13
2
1
35
3
6
3
10
6
5
1
17
10
1
3
38
7
2
3
8
14
5
3
8
7
5
2
31
2
5
1
66
3
1
1
22
3
6
1
33
6
1
2
28
3
4
3
1
3
6
3
2
5
6
2
43
5
1
3
4
28
2
3
52
9
1
2
29
1
1
1
11
9
4
2
63
3
2
3
29
7
5
1
5
2
6
2
66
1
6
2
2
1
4
3
65
5
1
2
30
3
3
1
33
7
3
2
3
2
1
2
7
3
5
3
26
1
1
1
25
2
1
3
42
2
6
3
61
3
6
1
49
2
4
2
55
3
6
1
65
1
1
3
13
5
1
2
14
1
1
2
8
3
1
3
30
25
6
1
8
17
6
2
40
2
6
1
42
2
5
2
1
1
6
2
15
2
6
2
54
1
5
1
67
1
1
3
60
4
1
2
6
3
4
1
31
14
4
3
1
5
5
2
25
3
1
1
25
3
3
1
1
3
6
2
7
1
5
2
32
1
4
1
66
1
6
1
18
12
4
1
26
2
5
3
35
4
5
3
47
10
6
2
38
1
5
1
3
6
2
2
28
1
5
3
67
35
6
2
65
3
6
1
5
1
5
3
12
7
6
1
10
7
1
1
29
2
2
1
55
1
5
1
32
5
3
3
11
20
6
1
54
1
2
1
43
2
4
3
30
16
5
3
36
14
1
3
44
10
4
2
53
2
3
2
37
1
6
1
7
10
1
3
65
16
4
2
22
2
5
3
3
3
5
2
11
2
4
2
41
4
6
3
5
1
6
1
37
1
5
1
47
2
3
3
61
8
6
2
33
2
1
2
68
3
6
3
33
9
1
3
71
5
1
1
34
9
1
2
42
1
4
1
40
2
6
1
45
2
1
1
23
3
5
1
38
3
2
1
43
3
1
2
60
4
1
3
38
4
4
2
9
2
1
1
41
1
5
3
34
3
5
3
68
4
6
1
17
13
5
3
45
4
1
3
60
14
1
2
54
2
1
2
41
5
2
1
44
1
4
1
39
3
3
1
16
6
4
1
61
2
1
2
66
3
1
2
9
1
6
1
18
10
2
2
71
3
6
2
12
3
1
1
22
2
1
3
4
5
5
1
23
2
1
1
61
3
2
1
34
2
6
1
16
1
3
2
49
3
1
2
42
4
6
1
29
3
6
1
31
5
6
3
7
1
1
3
6
1
6
1
4
8
6
1
27
3
5
3
63
10
6
1
1
1
1
3
6
6
4
1
39
1
6
1
65
2
1
2
11
1
1
3
31
8
5
1
15
2
3
3
54
2
1
3
16
6
6
3
39
1
6
1
11
8
1
1
3
11
2
3
27
6
5
1
60
1
5
2
18
2
4
2
53
3
3
2
2
3
3
1
15
3
6
1
6
2
4
3
55
1
6
3
23
1
1
3
43
4
6
2
71
2
1
2
45
1
1
3
41
4
1
2
29
3
3
1
30
8
5
2
43
2
2
2
22
1
4
1
32
1
5
2
5
3
5
1
45
1
1
3
32
5
2
3
43
1
2
1
71
2
6
2
32
3
6
1
9
10
3
3
36
3
1
3
17
3
5
1
38
1
4
3
40
2
1
2
37
3
5
2
12
1
6
2
55
1
1
1
8
8
6
2
4
1
1
2
16
3
1
2
44
4
1
3
13
6
1
1
52
2
3
2
27
2
6
1
53
1
1
1
60
2
1
2
35
2
1
3
63
7
6
3
15
17
5
1
55
2
2
3
29
13
6
1
37
2
3
3
2
1
6
3
35
5
4
1
71
1
6
3
42
1
6
2
47
1
6
2
1
2
6
2
68
2
6
2
65
1
2
2
36
5
4
3
66
4
6
2
16
1
3
2
39
2
6
2
3
1
6
1
41
2
6
3
53
5
6
1
10
5
5
3
31
17
1
1
36
3
4
2
36
4
1
3
11
25
5
2
31
1
6
2
47
3
1
3
27
15
5
3
22
1
1
3
34
2
4
2
13
3
1
3
9
8
1
2
34
1
6
3
7
5
1
3
68
3
6
3
32
8
1
2
61
2
6
3
49
5
1
3
10
8
1
3
28
3
1
2
38
5
3
3
9
19
6
3
55
10
2
3
17
15
4
3
25
6
6
1
12
4
3
2
49
2
1
2
52
6
6
2
8
1
1
2
10
3
1
3
54
1
5
1
63
1
2
1
13
8
1
2
39
1
1
2
60
1
1
1
7
8
6
2
25
1
1
1
42
1
4
2
18
3
4
2
67
1
6
3
37
2
6
1
12
3
5
3
40
1
6
3
5
5
6
3
14
21
6
1
27
2
1
2
30
5
1
3
44
8
6
2
61
1
5
2
23
2
6
1
52
1
3
3
49
6
1
3
28
2
4
2
10
2
1
1
9
1
6
3
67
8
6
2
17
1
1
1
4
4
1
2
15
3
4
1
28
3
5
3
33
7
5
2
23
1
6
3
37
8
4
1
6
1
3
2
40
1
5
1
30
11
4
1
13
1
1
