1
8
9
6
3
18
6
1
1
53
1
2
2
36
2
1
1
11
4
1
3
2
7
6
3
71
4
1
1
44
4
6
2
66
3
1
3
34
6
6
3
61
7
5
1
68
1
6
2
13
2
2
2
65
2
1
3
47
4
1
2
23
1
6
1
18
2
6
1
52
2
2
1
45
2
6
2
15
1
1
3
32
7
6
1
61
3
5
2
6
3
5
3
28
2
6
3
53
1
5
1
10
3
1
3
66
2
6
3
5
5
5
3
53
3
6
3
42
3
6
3
23
6
2
3
35
8
6
3
4
22
6
2
63
2
5
2
37
4
5
1
6
1
3
1
5
2
3
3
3
9
1
2
52
2
1
1
3
6
2
1
17
9
2
2
68
1
1
1
13
4
5
3
37
2
1
1
22
2
5
2
22
1
4
2
5
1
2
3
49
5
1
2
63
3
5
3
14
19
1
2
29
1
1
1
6
2
5
1
38
1
3
3
13
8
6
2
36
3
4
1
22
3
4
2
11
2
2
1
60
2
3
2
28
3
5
2
47
3
6
3
8
18
2
2
29
2
1
2
18
2
3
3
27
14
1
2
17
3
6
1
25
3
2
2
33
3
6
2
38
3
2
3
65
5
1
2
12
2
1
1
33
1
1
2
2
2
1
2
11
1
6
1
41
2
6
1
60
1
6
2
55
1
2
2
55
3
4
2
31
2
6
2
30
2
1
3
14
16
1
3
33
17
6
1
63
2
1
1
2
2
2
1
67
1
2
3
38
1
5
1
7
9
5
3
11
13
5
2
17
2
2
3
42
4
6
2
35
3
6
3
7
4
4
1
40
3
2
2
67
2
5
1
47
3
6
2
3
1
6
1
41
1
2
2
7
1
1
3
10
24
1
1
55
1
6
2
61
1
5
3
60
11
2
2
33
2
4
3
67
21
4
2
40
4
2
2
39
3
1
3
31
9
5
3
37
3
1
2
61
3
6
2
53
2
2
3
25
3
6
2
16
1
4
1
1
2
2
1
34
1
1
1
66
2
1
1
53
2
6
1
67
3
2
2
66
1
4
3
10
15
6
1
55
2
2
2
13
3
1
1
44
3
2
3
26
8
1
1
49
1
2
3
60
31
2
3
54
2
1
1
31
16
1
1
71
3
6
1
14
20
2
3
28
15
6
2
15
2
6
1
36
3
2
2
39
4
4
2
28
2
5
3
1
4
1
2
9
2
1
3
11
5
6
1
63
1
6
3
22
11
1
2
26
2
2
2
37
2
6
3
52
7
4
3
32
12
1
3
7
2
6
1
37
2
3
3
43
7
6
3
25
8
5
1
38
2
1
3
68
11
5
2
49
4
2
3
17
10
6
2
1
1
1
3
27
15
6
2
42
4
6
3
63
1
6
2
45
1
2
2
32
1
4
1
45
1
1
1
8
14
2
1
4
3
6
2
9
3
1
1
9
12
1
2
54
2
5
2
4
1
1
1
18
1
4
1
29
1
2
2
26
3
5
3
67
6
5
3
33
10
5
3
45
5
1
1
15
3
6
2
34
2
6
2
10
2
6
3
45
4
6
1
23
1
2
3
36
14
1
3
6
5
6
1
26
3
1
2
40
3
2
2
43
4
1
2
3
2
1
2
38
4
6
1
27
2
1
3
44
9
2
3
12
3
4
3
35
5
6
3
22
5
1
1
36
1
2
3
3
2
2
1
49
2
2
3
30
17
5
3
61
10
2
3
68
15
6
2
30
1
1
1
71
2
6
2
41
3
5
2
2
1
5
1
2
7
2
2
14
2
6
1
42
1
4
2
12
1
1
1
5
1
5
3
41
4
6
3
40
3
5
1
33
7
5
1
16
2
1
3
43
1
5
3
54
1
5
2
49
2
2
2
5
2
5
1
31
17
6
2
42
2
5
1
39
4
3
1
30
7
4
1
34
10
2
2
16
2
1
2
43
1
5
2
4
3
5
1
35
4
3
3
55
4
1
2
52
4
4
1
29
2
2
2
45
4
3
3
5
2
4
2
8
3
6
3
26
12
1
1
14
6
2
3
15
16
1
1
25
2
5
3
66
8
4
1
68
2
3
2
41
1
6
1
52
3
4
2
34
3
2
1
54
3
2
3
29
14
4
1
47
1
1
1
26
2
5
2
32
2
6
1
32
2
3
2
53
1
3
1
15
2
5
3
6
2
1
1
65
2
4
3
34
9
6
3
17
8
5
1
4
4
5
2
31
4
3
1
61
1
6
2
44
1
5
1
30
20
2
1
23
2
1
3
4
27
6
1
66
3
1
3
9
27
1
3
71
1
6
1
65
1
6
2
10
1
6
2
23
3
1
2
65
3
1
2
8
2
1
2
54
1
1
2
25
1
1
2
27
1
6
2
25
3
6
2
71
3
5
3
52
16
1
2
22
3
2
2
6
2
1
3
2
12
1
3
12
5
6
1
43
2
6
2
7
3
4
3
13
2
4
1
17
16
2
2
68
3
5
3
36
3
1
1
28
1
1
3
15
9
1
1
40
1
2
3
16
4
4
3
31
14
6
1
11
9
3
2
18
1
1
1
3
7
5
2
47
1
1
1
39
1
1
3
38
7
1
2
60
3
5
3
47
2
6
1
32
3
1
2
67
1
1
3
44
5
5
3
9
24
4
1
27
1
1
2
1
3
5
1
43
1
5
1
12
15
2
3
39
2
6
3
30
1
6
3
63
4
1
3
55
16
6
3
41
1
1
1
54
1
2
3
29
12
1
3
16
5
1
3
18
12
6
1
9
7
1
1
28
2
2
3
1
8
6
1
13
8
2
2
60
2
1
2
14
1
1
1
42
2
3
1
16
3
1
1
12
8
1
2
27
2
6
3
49
3
5
1
1
1
1
1
37
1
4
3
8
5
6
2
44
4
1
3
23
7
1
1
10
2
3
1
7
2
5
2
71
1
1
3
65
15
1
3
40
5
5
2
35
1
1
3
39
9
6
1
35
1
1
