3
38
1
1
2
35
3
6
3
30
28
1
1
17
15
6
3
29
4
5
3
60
6
6
1
44
4
5
2
36
3
1
2
38
3
4
1
28
1
1
3
55
3
6
2
54
1
2
2
12
2
3
3
41
4
1
2
35
1
1
1
45
2
1
2
55
2
5
1
71
2
6
2
23
3
5
2
42
3
2
3
42
2
1
2
42
1
4
3
43
1
6
3
68
5
6
2
3
3
5
3
52
9
1
2
29
2
1
3
22
9
5
1
12
17
5
3
61
7
1
1
47
3
1
3
43
4
4
3
60
30
6
3
26
5
6
2
43
3
2
3
35
6
5
1
28
3
4
1
14
20
5
1
23
1
6
3
67
15
5
1
68
1
1
1
30
16
2
2
53
2
6
2
7
2
6
2
47
4
1
2
40
4
5
2
12
3
2
3
55
2
6
1
67
3
6
3
44
8
1
3
68
9
5
1
63
2
3
1
34
3
1
1
55
2
2
2
68
2
6
2
67
1
5
3
41
2
6
3
36
3
6
1
36
1
6
1
18
6
6
1
37
1
5
2
31
5
5
2
16
2
5
2
34
1
6
1
41
2
1
2
32
3
1
1
15
1
3
2
10
2
6
1
11
8
1
2
37
4
6
1
40
1
5
2
40
2
5
1
60
2
6
3
18
3
6
3
67
8
5
2
11
1
6
1
4
1
1
2
15
1
1
1
53
1
5
3
37
7
6
3
14
23
1
1
68
3
1
3
23
10
5
2
61
1
5
2
49
2
6
3
1
4
1
2
28
2
6
1
54
1
2
3
27
15
6
3
5
4
6
2
25
1
6
3
34
4
5
3
40
4
1
3
12
5
6
1
5
1
5
2
2
2
1
2
49
1
1
3
66
3
1
2
18
2
3
2
1
2
2
3
38
11
5
2
45
2
6
3
13
1
4
3
31
2
6
2
37
3
6
3
65
2
2
2
30
2
6
1
31
1
5
1
52
3
5
3
37
8
4
1
33
7
3
1
3
1
6
2
27
1
6
2
2
1
2
1
5
2
4
1
35
4
5
3
28
11
4
1
4
2
1
2
52
6
3
2
33
3
1
2
65
2
1
1
66
2
6
1
60
1
1
3
2
6
1
1
2
2
3
3
22
5
5
1
8
16
2
1
32
3
3
2
52
3
2
3
3
1
2
2
27
3
6
3
27
4
1
3
5
2
6
3
17
15
5
1
7
7
2
2
22
2
6
2
55
1
3
1
15
5
2
2
15
2
1
2
3
2
6
3
6
3
6
1
22
1
1
2
32
1
6
1
18
3
6
2
66
2
2
1
10
6
6
2
63
2
5
2
39
4
6
3
34
2
6
2
14
3
1
1
10
3
4
1
52
1
6
1
41
3
1
3
9
25
6
1
2
1
1
2
41
4
1
1
53
2
2
1
7
3
4
3
15
15
1
2
8
1
1
1
40
3
2
3
45
5
6
1
36
3
4
3
45
4
1
2
43
1
5
1
27
2
1
3
35
3
5
2
60
2
5
1
43
1
4
3
53
1
1
1
32
4
1
2
6
1
5
1
49
1
6
3
42
3
1
3
8
12
6
2
26
1
6
1
47
1
5
1
34
6
6
2
68
1
6
2
5
2
4
3
33
11
1
1
30
19
5
3
23
17
1
3
66
6
1
1
42
2
1
2
47
3
1
2
25
3
1
1
27
1
6
1
16
2
1
3
2
8
1
2
71
1
1
1
37
2
4
1
55
1
5
3
7
5
6
3
25
2
5
2
5
1
5
3
40
1
6
1
33
6
6
2
45
4
2
2
17
2
5
2
9
3
1
3
9
4
6
3
16
7
6
1
11
4
1
1
38
2
6
1
31
14
4
3
6
6
5
1
65
1
1
3
1
1
1
1
16
7
5
3
39
4
6
1
67
2
6
2
63
1
1
3
16
8
6
2
65
4
6
2
8
3
6
3
18
5
5
3
12
6
1
3
36
15
5
1
14
4
3
3
54
1
6
3
29
14
5
3
47
1
1
1
66
1
5
3
10
23
6
3
32
9
6
1
22
3
1
3
53
4
4
1
1
2
1
1
43
3
1
2
4
3
2
2
1
1
1
3
65
17
5
1
9
14
2
3
54
2
1
2
71
2
1
1
38
3
1
3
31
5
6
3
28
14
5
2
14
2
6
2
26
4
4
2
30
5
6
1
25
1
1
1
8
12
1
1
9
7
1
2
11
2
6
1
71
1
4
1
65
2
4
1
26
1
3
2
18
1
1
2
36
5
5
3
17
5
6
2
39
3
6
2
66
3
2
3
71
1
5
2
41
5
4
2
7
1
2
3
32
6
5
3
3
3
2
3
30
11
1
1
6
1
3
2
22
1
5
3
26
3
6
1
45
1
2
3
10
12
1
2
60
4
1
3
33
7
6
3
52
11
1
1
49
2
6
3
15
1
1
3
8
4
6
3
49
1
1
2
10
3
2
3
49
4
6
1
61
2
5
1
26
2
2
3
11
2
1
1
13
6
2
2
44
3
2
2
9
1
1
3
7
2
6
2
61
2
5
3
25
4
5
2
17
3
5
1
23
3
1
3
4
28
1
3
4
3
4
2
13
2
6
1
17
13
1
2
67
2
6
2
28
3
4
2
4
2
1
1
42
1
1
1
35
1
1
1
54
2
6
2
53
1
6
2
31
3
6
1
25
3
6
2
29
3
1
2
44
5
1
2
34
2
6
3
61
3
6
1
29
3
6
3
44
10
6
3
63
5
6
3
71
3
6
1
1
1
1
3
11
13
4
1
29
1
5
1
61
1
5
2
54
2
5
1
13
1
6
1
12
18
1
1
39
4
6
3
39
7
6
1
44
2
2
2
16
3
1
1
39
1
1
2
23
2
5
3
13
3
4
3
47
5
4
1
6
2
2
1
63
1
1
2
38
1
6
2
6
2
1
1
3
9
1
2
13
3
2
2
33
2
4
3
63
12
5
3
14
2
6
