1
17
6
4
2
27
1
1
2
71
3
3
1
18
13
2
3
49
5
2
3
35
7
6
2
54
1
2
2
15
2
6
3
66
9
1
2
26
2
6
2
44
4
6
1
49
1
3
2
27
2
1
2
29
1
1
1
35
3
1
1
63
1
6
3
16
2
5
2
6
1
6
1
38
3
5
3
40
2
1
1
39
2
5
3
38
1
5
1
44
4
6
3
3
9
6
2
34
1
1
1
8
3
1
2
34
3
1
1
36
2
4
3
16
5
6
2
28
3
4
3
40
5
5
3
71
2
1
2
67
2
5
1
63
2
5
1
2
6
6
2
40
3
6
1
54
1
2
2
10
2
6
2
53
3
3
1
61
2
3
3
11
13
5
2
43
5
2
3
44
4
4
1
34
3
1
1
15
4
3
3
60
31
1
2
33
3
5
3
36
10
5
1
11
1
4
1
27
2
6
3
6
3
6
1
37
2
1
3
15
15
1
2
8
3
1
2
53
1
1
3
29
8
5
2
61
1
6
3
2
4
1
2
17
2
2
1
6
2
3
2
25
1
6
3
53
5
6
3
67
32
6
3
65
13
6
1
10
2
5
2
31
5
3
1
22
3
5
3
25
7
6
1
32
6
1
3
32
12
2
1
13
5
4
1
67
2
2
3
33
14
5
3
53
3
4
3
54
1
4
2
30
4
2
2
42
1
5
3
52
11
1
2
18
4
2
2
55
2
6
3
3
2
1
1
55
2
1
1
66
3
1
1
30
18
4
2
61
2
1
2
45
1
2
1
25
3
5
2
68
2
5
1
52
2
6
1
45
2
1
1
66
1
5
2
25
2
4
2
8
1
1
3
27
10
4
1
60
2
5
3
34
3
4
1
4
2
2
3
10
14
5
3
61
8
1
3
4
21
6
3
35
5
6
2
63
2
5
2
1
1
6
2
2
1
5
2
38
2
1
1
23
1
6
2
55
1
4
1
27
3
6
3
34
1
1
2
23
3
6
3
18
8
1
2
66
2
6
3
36
5
6
1
41
2
1
1
29
2
3
3
65
17
6
1
31
1
1
2
37
2
5
2
47
1
1
3
29
10
4
3
42
4
6
1
5
2
4
1
53
2
1
1
30
11
1
2
4
1
1
3
12
5
1
2
11
2
3
3
52
15
4
3
9
20
5
1
9
5
5
3
8
10
6
2
60
3
6
1
26
2
5
1
7
8
5
1
33
6
1
1
2
3
1
2
15
3
6
2
52
2
1
2
36
1
1
3
17
11
6
2
39
3
1
1
47
1
6
2
41
2
6
2
47
3
6
3
28
15
5
1
28
2
2
1
65
1
1
2
60
1
2
2
13
1
6
1
40
1
2
2
71
1
6
2
26
4
5
2
17
1
6
1
40
2
6
2
33
2
2
2
9
1
1
3
41
2
1
1
42
2
3
2
49
1
1
1
17
10
6
1
29
3
2
2
31
1
1
1
4
1
6
3
18
1
5
2
6
3
4
3
37
2
5
1
47
3
1
2
38
3
2
3
32
5
5
1
71
1
5
3
31
23
6
2
66
1
4
1
22
2
5
1
39
4
2
2
1
2
1
3
10
7
1
3
30
1
6
2
5
1
2
2
49
2
1
3
45
3
1
2
3
3
1
3
54
2
6
1
53
1
6
1
43
1
5
2
32
4
6
1
3
11
5
2
22
3
5
1
16
4
1
2
54
2
2
3
44
10
5
2
35
1
1
1
65
2
6
2
4
3
5
1
6
1
3
1
1
1
6
3
38
11
5
3
4
12
6
1
10
4
6
3
7
5
5
3
63
9
5
1
15
1
6
3
13
8
1
3
26
7
4
1
68
2
2
3
43
6
6
2
36
2
6
2
42
3
2
1
13
9
2
2
67
1
2
3
26
6
1
3
60
12
1
1
11
8
1
2
7
3
6
3
33
4
2
1
67
1
1
3
43
8
6
2
9
2
6
3
22
12
1
2
39
1
5
2
10
1
6
1
49
2
5
3
1
10
6
2
14
3
5
3
15
6
2
1
18
15
1
2
18
1
1
3
68
12
2
2
22
1
5
1
38
1
5
3
17
16
1
2
23
2
5
2
44
2
1
2
30
3
2
3
61
9
6
1
12
15
2
1
41
1
6
1
25
1
2
3
5
1
6
1
23
2
6
2
52
6
4
3
12
4
5
3
6
6
5
2
68
3
2
1
43
2
3
1
28
1
2
1
45
1
6
1
12
2
1
2
3
2
1
2
35
2
1
3
42
2
6
3
14
9
6
1
16
1
6
1
31
17
2
3
55
5
2
2
2
2
6
1
7
10
6
3
22
5
1
1
55
1
6
1
54
3
3
3
2
10
5
3
63
13
5
3
45
7
4
3
39
6
6
1
3
1
6
1
14
16
3
3
47
10
1
1
5
1
2
3
30
4
2
1
35
4
2
3
25
2
4
3
71
3
1
1
9
2
6
3
31
22
6
1
61
1
4
2
13
3
2
1
14
4
5
1
68
3
1
3
1
9
1
3
23
17
5
3
27
15
4
1
34
9
1
2
32
1
5
2
65
3
1
2
40
4
6
2
12
1
6
3
55
15
4
3
8
12
6
2
7
2
1
3
67
33
6
3
66
3
6
3
37
6
4
2
63
3
5
1
42
1
4
1
71
3
6
3
7
1
1
2
37
3
6
3
5
5
4
2
29
3
5
2
16
1
1
2
11
1
6
1
60
1
2
3
47
1
2
2
5
2
5
3
68
4
1
3
23
18
4
3
14
3
6
1
44
1
4
3
11
12
5
1
36
1
1
3
41
4
1
1
8
2
6
2
28
2
5
1
52
1
3
3
28
5
5
1
26
1
6
2
16
3
6
1
33
2
1
1
37
1
6
2
43
2
4
1
1
3
5
3
39
3
6
3
49
3
5
2
14
1
1
3
9
30
4
1
32
7
1
2
12
2
3
3
13
5
6
2
41
3
1
2
45
3
6
2
65
2
1
