3
68
11
4
3
16
8
6
1
9
10
3
2
45
1
6
2
1
1
5
2
7
3
4
3
8
3
4
1
65
2
3
2
14
3
1
3
32
10
5
2
13
1
1
2
26
1
6
3
67
37
6
2
12
2
3
2
44
5
6
2
71
1
1
2
53
2
1
1
5
1
4
3
30
21
6
1
35
1
6
3
32
9
1
2
37
3
6
2
5
3
5
1
67
1
2
2
18
4
1
1
33
6
1
1
49
1
3
2
1
2
2
2
65
4
6
3
63
11
1
2
52
4
6
2
15
3
4
3
35
7
5
2
6
3
4
3
28
13
6
1
71
2
5
2
39
2
1
1
4
8
6
1
65
1
6
2
6
1
5
2
31
5
3
2
17
3
1
2
52
6
6
2
55
1
2
1
25
2
6
3
42
3
1
2
40
4
1
2
13
2
1
2
22
3
5
1
10
8
1
3
1
5
4
1
52
2
1
2
11
1
6
2
2
3
3
1
12
14
1
1
38
2
1
1
40
2
6
1
55
2
5
2
27
3
6
2
9
2
1
1
37
1
5
3
60
9
1
1
45
1
1
3
41
2
6
3
47
7
5
2
16
1
3
1
45
2
1
3
49
5
2
1
13
9
1
2
37
1
1
3
23
12
1
1
22
2
2
3
67
17
2
2
14
1
1
1
60
2
2
2
4
3
1
3
22
5
5
2
30
2
1
1
32
2
3
2
67
2
5
1
14
20
4
1
12
8
1
1
41
1
4
1
38
1
6
3
71
3
1
2
66
3
2
1
34
2
1
1
14
8
4
1
68
3
6
2
23
3
6
2
47
2
2
2
61
2
6
3
39
4
1
1
67
3
4
3
63
7
1
3
29
11
6
3
25
5
5
2
32
4
1
3
9
12
1
2
60
3
5
3
38
2
4
1
8
4
2
3
53
1
1
3
4
23
6
3
11
3
1
3
25
2
5
1
53
1
6
2
3
3
6
3
29
18
5
1
1
3
5
2
49
4
6
3
68
12
2
2
40
1
1
3
7
5
1
1
35
3
1
3
27
10
6
3
49
4
6
1
34
5
2
3
40
1
1
1
42
1
3
2
67
1
1
3
4
9
4
3
71
1
5
1
23
1
6
1
27
1
1
2
45
4
3
3
10
15
1
3
31
9
5
2
63
3
2
2
31
1
5
3
66
3
1
1
71
1
4
3
17
3
6
3
8
6
6
1
7
4
2
1
15
3
1
2
65
2
6
3
38
12
5
3
37
1
5
1
30
14
2
1
17
6
1
2
38
2
1
1
30
18
6
1
1
2
5
1
44
4
5
1
53
2
5
2
5
1
1
1
47
3
1
2
41
3
1
2
2
2
1
2
25
3
2
3
2
7
1
3
53
4
5
2
49
3
4
2
36
1
1
2
27
1
1
3
61
3
6
3
12
3
5
1
39
4
3
2
17
1
1
2
22
2
5
3
16
1
6
3
2
10
6
3
11
13
5
2
15
2
1
1
5
2
6
1
63
2
4
3
45
6
6
3
13
1
6
1
4
5
3
1
40
3
5
3
7
2
1
3
26
3
1
2
39
4
6
2
41
4
6
2
42
3
1
1
54
1
6
3
65
6
5
3
40
5
5
3
3
3
6
1
36
3
6
2
25
1
1
2
43
2
3
3
52
3
1
1
6
1
5
2
33
2
2
1
16
2
1
1
29
3
3
2
61
3
6
2
54
2
2
1
47
2
1
1
7
11
5
3
28
4
5
1
8
6
6
3
33
7
6
3
1
2
6
1
60
1
2
2
3
1
1
3
22
9
4
1
54
2
5
2
35
2
1
3
54
2
1
1
36
2
5
1
2
3
3
1
22
3
2
1
63
1
2
2
8
2
6
2
43
3
1
3
14
21
5
1
18
8
6
1
11
7
5
3
43
6
6
1
33
3
6
3
13
4
2
1
23
3
6
1
29
1
6
3
35
4
6
2
68
3
2
2
34
2
1
2
60
4
1
3
33
11
6
1
68
2
2
3
15
1
1
3
9
23
6
2
36
2
1
3
5
1
5
2
12
1
1
1
3
3
1
2
42
1
6
1
9
9
2
2
8
1
1
3
6
6
5
3
3
9
1
1
39
2
6
3
34
5
5
3
27
12
6
2
4
2
6
3
42
1
6
3
34
8
6
1
44
2
6
3
54
1
6
1
16
7
5
3
55
4
6
3
5
3
6
2
18
1
6
3
26
12
6
2
23
1
1
3
31
10
5
1
11
10
2
2
44
2
3
3
18
1
5
3
37
9
1
3
44
7
6
1
42
2
5
3
18
12
6
1
49
2
5
2
55
2
4
1
52
1
1
3
36
13
6
3
44
9
1
2
68
4
2
1
28
2
2
1
28
3
5
1
31
16
5
2
35
3
1
1
31
14
5
1
61
3
4
1
26
1
1
2
9
1
6
1
3
9
2
2
38
5
4
3
65
8
1
1
43
1
4
1
43
3
1
2
29
2
1
2
16
2
2
1
6
2
1
1
55
1
3
2
66
1
5
3
43
4
5
3
61
2
2
1
66
1
1
3
30
11
6
1
26
2
1
2
28
1
5
2
29
1
1
1
18
7
5
2
30
1
6
3
39
1
6
1
13
5
5
3
15
13
6
3
6
1
4
2
34
1
1
1
32
3
2
2
10
1
4
1
61
2
4
1
15
4
2
2
63
2
5
1
37
2
2
2
47
3
1
2
71
2
1
1
66
3
1
3
47
8
6
2
32
1
4
3
17
2
5
1
27
3
5
2
10
3
5
1
17
15
5
2
28
3
4
2
33
3
5
3
14
18
4
3
10
18
1
2
54
1
6
3
55
13
1
3
23
17
5
1
10
2
4
1
25
3
5
3
52
2
6
2
7
2
5
2
53
3
1
1
41
3
1
3
45
1
5
3
66
5
5
3
60
20
1
3
36
2
6
2
26
2
1
1
2
1
6
3
12
2
4
2
11
2
5
3
41
4
1
