2
38
2
6
2
63
1
1
1
37
2
2
1
8
1
3
3
18
8
1
2
13
2
6
1
12
17
6
1
44
3
6
1
17
9
3
2
52
6
1
1
54
2
6
2
16
3
6
2
6
2
2
2
1
2
2
1
33
4
6
3
44
10
5
3
71
2
1
2
35
1
6
3
12
2
6
3
65
5
1
2
11
1
1
2
30
3
6
2
39
2
1
1
41
1
6
1
44
2
2
3
7
5
5
2
52
7
4
3
49
3
1
2
33
2
5
1
1
1
1
3
37
2
2
2
26
2
1
2
25
3
2
3
16
7
5
3
63
4
6
1
27
2
1
2
11
3
3
2
38
5
2
1
26
1
4
2
9
3
2
2
55
2
4
2
53
3
4
1
7
8
6
3
47
9
6
2
65
1
2
3
31
15
6
2
55
3
4
1
5
2
1
1
27
1
1
3
29
17
5
3
54
1
5
2
37
4
2
3
6
1
4
1
18
4
2
2
54
1
1
2
8
1
6
1
5
1
4
3
11
4
6
1
52
3
3
3
68
9
5
2
60
4
6
3
33
10
4
2
68
1
1
2
14
2
4
1
55
1
3
2
6
1
4
2
66
2
2
2
63
2
6
3
18
16
5
2
8
3
1
1
11
7
5
3
27
7
6
2
22
2
5
2
22
1
6
3
3
1
1
3
11
7
2
3
53
3
6
1
4
4
6
1
17
13
1
3
10
18
1
1
10
2
2
3
13
7
1
3
4
6
6
3
12
3
5
2
10
1
5
3
31
10
5
2
39
4
4
3
28
8
5
2
12
1
1
1
37
1
6
2
31
5
3
1
65
2
4
1
7
7
1
1
43
2
2
1
8
7
5
2
15
3
5
2
54
2
6
1
49
2
5
2
53
2
2
2
34
2
6
3
14
16
6
1
61
2
1
1
47
2
5
2
10
2
1
1
2
5
5
2
37
1
6
1
34
1
1
3
27
11
1
1
6
2
6
3
60
11
1
3
41
3
5
3
44
9
1
3
29
18
6
3
2
8
1
1
30
20
4
2
43
5
4
2
14
3
1
3
2
9
2
3
26
2
6
1
41
2
6
1
16
7
1
1
67
1
1
2
33
3
2
3
16
8
1
2
2
3
2
3
65
13
2
3
60
20
2
2
43
3
1
2
18
4
5
3
34
11
6
3
17
10
1
2
47
1
6
3
35
7
6
2
23
2
1
2
66
1
4
2
25
2
4
1
47
3
6
2
15
2
6
2
71
3
2
3
71
1
6
2
40
1
2
1
36
2
4
1
55
2
1
3
34
3
6
3
14
25
5
1
25
3
3
1
3
9
5
1
15
1
4
3
42
4
1
3
8
16
6
3
49
5
5
1
9
14
1
3
1
9
1
1
40
3
6
1
42
1
1
2
49
2
6
2
17
1
1
1
53
2
1
1
42
2
2
3
22
7
6
3
15
6
2
3
47
7
6
1
32
4
1
1
30
9
6
3
4
19
2
2
7
2
1
2
5
2
6
1
53
1
1
2
4
2
5
3
13
1
5
2
61
1
6
2
34
3
5
3
3
9
1
3
67
20
6
2
44
2
2
2
41
5
4
3
22
8
5
3
54
2
6
1
18
6
1
3
55
7
5
3
36
11
6
3
5
3
5
2
4
3
1
3
42
2
6
2
49
4
5
3
45
4
6
3
36
14
1
2
2
2
1
3
67
28
6
3
53
4
4
2
45
1
2
2
29
2
1
1
67
3
6
2
27
2
6
1
11
12
5
2
68
4
5
2
1
3
2
2
29
3
2
3
38
5
5
2
36
2
1
3
23
5
1
1
16
3
1
1
23
2
1
3
25
8
5
3
40
5
4
1
52
1
3
3
26
12
1
1
26
3
2
1
22
2
6
3
32
9
1
1
39
4
4
1
65
1
6
1
71
2
1
3
10
10
5
1
25
1
2
3
41
4
1
3
52
10
6
1
68
1
2
3
28
13
1
3
39
7
1
1
4
2
1
3
52
9
1
3
30
12
1
1
28
3
3
1
35
1
5
2
16
1
4
2
32
1
5
1
38
3
1
3
15
3
1
1
60
1
2
2
28
1
6
3
9
13
1
1
1
2
5
3
9
24
4
2
67
2
5
1
49
1
4
3
63
11
1
3
61
5
1
1
38
2
1
3
8
12
6
1
40
2
1
1
22
1
2
1
66
1
6
2
7
1
5
3
32
2
5
2
23
1
1
1
60
2
4
2
26
1
1
1
63
2
3
3
55
11
6
3
38
12
2
2
40
4
2
1
3
3
1
2
47
4
4
1
36
1
1
1
14
14
4
1
10
5
1
1
31
14
1
2
42
3
2
2
45
3
4
1
23
3
1
2
30
1
6
2
18
3
5
3
30
22
4
1
31
11
6
3
1
8
6
3
23
6
1
2
71
1
6
3
66
1
6
1
71
1
4
1
13
4
1
2
65
4
5
2
17
2
6
2
44
5
1
2
27
3
6
1
13
9
2
2
13
3
2
2
35
2
1
3
61
3
1
1
45
1
6
2
42
2
1
1
45
2
1
3
43
3
1
1
61
1
1
1
14
3
3
2
36
5
6
1
66
2
2
1
33
8
3
3
39
3
1
3
45
6
2
1
43
1
5
3
66
5
4
3
33
19
2
1
68
2
4
3
37
8
6
1
29
1
5
3
7
1
6
1
54
3
6
2
41
4
6
3
43
4
6
1
32
2
5
2
5
1
2
2
9
2
1
3
68
2
1
1
2
6
6
2
31
3
1
1
29
2
4
2
61
3
6
3
25
1
4
1
28
2
5
2
12
3
2
1
35
3
6
3
5
1
6
1
39
3
6
3
17
15
4
1
6
1
3
2
32
4
6
3
35
1
5
2
3
2
1
2
67
1
6
3
6
6
6
1
9
3
6
1
12
4
3
3
40
2
1
2
60
1
2
1
34
5
3
2
28
2
5
2
3
3
1
1
15
3
1
1
63
1
1
