3
6
4
1
2
34
3
2
1
27
3
5
3
63
9
1
2
26
4
5
2
27
1
1
3
23
19
5
2
32
1
4
2
28
3
4
3
43
8
6
1
23
1
5
1
30
16
1
2
2
3
5
1
8
15
1
3
36
10
6
3
15
17
1
3
6
1
6
3
42
3
1
1
67
3
2
3
10
17
6
2
8
2
1
3
52
17
4
3
68
10
1
2
4
3
5
1
7
9
4
3
66
5
5
2
42
1
6
2
30
2
1
3
31
19
1
2
29
2
6
3
35
5
6
1
52
3
2
3
33
18
2
3
12
5
6
1
41
2
1
2
42
2
2
2
67
2
5
3
12
2
6
3
32
10
4
3
34
4
5
1
10
8
1
2
8
1
6
2
5
1
2
1
71
3
6
3
18
18
1
1
16
4
3
3
47
8
6
3
16
6
4
2
22
2
6
1
39
3
1
3
42
2
1
3
71
3
1
1
54
2
3
1
61
3
2
2
52
1
1
1
42
2
4
3
14
2
5
3
55
12
1
2
71
1
5
2
16
3
1
1
10
6
6
3
45
2
2
3
65
21
6
3
2
7
6
2
6
1
4
2
32
2
1
3
1
8
5
3
37
7
6
2
44
4
1
3
33
6
1
1
43
3
1
3
22
5
1
1
47
3
1
2
49
3
1
1
68
3
1
3
37
12
1
1
4
3
3
3
40
3
4
3
55
5
2
3
16
1
4
1
7
1
1
3
5
3
4
1
23
2
6
2
47
1
6
3
68
17
5
3
43
6
6
2
60
1
2
2
33
1
4
1
5
2
6
1
14
8
2
1
35
2
3
2
4
1
6
3
35
1
5
1
17
3
1
2
67
1
4
1
44
4
3
3
8
5
6
3
66
7
5
1
61
1
4
3
63
10
1
1
54
3
3
1
11
8
6
3
25
4
4
2
55
2
4
3
45
4
1
2
5
2
5
2
11
2
5
3
29
12
1
1
52
2
6
3
44
8
2
3
26
9
5
1
9
12
4
2
9
3
6
1
37
1
5
3
4
1
5
2
29
3
3
2
30
5
6
1
4
5
1
3
3
2
2
2
3
1
1
2
60
3
6
1
31
4
6
1
6
1
6
2
15
1
6
1
40
1
2
3
39
6
4
3
31
11
6
2
53
2
3
2
11
3
2
3
39
5
4
1
63
2
2
1
9
9
4
2
14
2
6
3
49
7
6
1
41
1
6
3
41
2
6
2
52
6
1
2
61
1
1
1
49
1
4
1
30
18
4
2
37
3
6
1
18
8
1
1
33
2
5
2
45
2
6
1
22
1
1
2
25
2
6
2
41
1
6
1
5
1
5
3
26
5
6
2
23
2
5
2
25
3
6
1
25
1
2
3
71
4
6
2
18
4
5
1
34
6
2
1
45
2
1
1
66
2
1
2
63
1
1
3
30
8
5
2
17
3
1
1
60
1
1
2
16
2
1
3
13
7
1
2
23
3
1
3
54
2
1
1
29
1
5
1
31
5
1
3
40
1
1
2
55
3
4
2
66
3
6
2
22
3
1
3
61
8
1
3
61
7
2
3
67
3
1
1
36
2
6
2
65
3
1
1
16
5
5
1
28
2
1
1
55
1
2
2
43
2
1
3
52
4
6
1
12
6
1
1
29
3
6
3
36
2
4
2
13
1
6
1
13
3
2
2
33
3
2
2
15
3
6
2
47
2
2
2
34
1
1
3
18
24
5
2
68
1
6
2
28
1
6
3
67
21
4
2
1
3
6
3
17
7
6
3
60
6
1
1
3
3
1
1
67
2
2
3
38
12
5
3
1
4
1
3
53
6
1
3
49
8
4
1
26
3
6
1
33
8
1
1
65
1
6
1
6
2
4
3
2
2
6
1
68
2
1
2
12
3
6
3
65
18
1
2
44
3
6
3
60
13
2
3
11
15
6
3
25
5
4
3
9
10
6
1
55
2
5
1
22
2
2
3
27
13
1
2
36
3
1
2
7
2
5
1
13
5
4
2
36
2
6
3
47
4
1
1
15
3
1
3
22
12
1
3
17
14
1
1
28
3
3
3
4
20
5
2
49
1
1
2
43
4
5
2
61
2
1
3
7
3
1
2
6
3
4
2
7
3
5
1
2
7
2
2
65
2
6
2
39
1
1
2
41
2
6
2
2
2
6
3
41
4
1
1
17
11
3
1
39
1
2
2
18
2
3
1
38
1
4
2
14
3
1
1
60
2
1
1
11
6
6
2
26
2
5
1
15
5
6
2
9
1
6
3
15
13
1
1
14
19
6
1
38
2
6
2
1
1
6
1
47
1
5
2
66
1
4
1
1
1
1
1
25
3
6
1
2
5
4
1
32
5
1
2
38
5
6
1
53
2
2
3
28
7
4
1
43
2
1
2
27
2
1
3
38
1
6
1
27
1
6
2
10
1
4
1
40
3
3
2
35
1
6
3
7
2
1
2
53
1
2
3
29
19
1
3
54
1
5
1
8
14
2
2
3
3
6
1
44
3
6
3
27
7
6
3
23
10
5
3
34
7
5
3
9
30
5
3
32
5
6
2
38
1
6
2
13
3
6
2
54
1
5
3
3
4
6
1
26
1
2
1
3
2
1
3
8
10
6
1
53
1
2
2
12
1
6
3
14
5
1
2
45
4
4
2
63
3
2
1
34
8
6
3
10
14
5
2
68
2
6
3
53
3
5
1
18
15
3
1
42
1
3
1
37
2
6
3
44
6
1
1
1
3
4
1
49
2
6
2
10
2
1
1
66
3
1
1
63
1
5
1
35
4
1
1
12
2
1
2
31
3
6
2
37
2
5
2
40
1
1
2
40
3
6
2
71
2
1
2
54
2
5
2
17
1
1
1
65
2
1
1
71
2
5
3
5
2
5
3
28
13
1
3
13
9
6
2
35
2
6
2
31
4
1
1
45
1
5
3
30
7
4
1
32
3
3
3
11
1
5
1
36
3
1
2
39
3
6
