2
45
4
6
3
12
5
6
2
63
3
5
1
49
2
5
3
14
7
6
1
28
3
4
2
18
3
6
1
53
2
1
2
5
3
2
1
40
3
4
2
9
3
2
3
40
3
5
1
12
14
3
1
14
8
5
3
40
5
4
1
53
1
2
2
41
5
1
1
47
2
1
1
29
2
3
2
66
3
5
2
32
4
1
3
44
4
5
2
42
1
6
1
44
2
6
3
45
1
1
2
18
4
2
2
40
4
5
2
41
4
1
1
30
12
3
3
13
1
5
2
15
1
1
3
22
4
6
3
9
30
6
3
41
1
1
2
32
3
2
1
26
1
3
1
13
8
6
2
9
2
6
1
2
1
1
1
61
3
1
2
36
4
1
1
41
2
6
3
44
9
2
1
9
1
6
3
2
12
2
2
53
2
2
3
38
6
1
2
35
2
6
2
15
2
6
3
43
5
4
2
60
4
1
2
55
3
4
3
15
3
1
2
17
2
6
1
33
7
6
3
18
13
6
1
55
1
3
1
67
2
6
3
36
14
1
3
42
4
1
3
68
14
6
2
10
3
1
2
33
3
3
1
52
1
5
2
4
3
1
3
32
1
6
1
15
2
2
3
25
5
4
1
65
2
6
2
6
1
6
2
3
2
1
3
33
2
4
3
55
4
6
1
29
1
2
3
22
3
5
3
15
4
1
2
29
2
6
1
68
2
5
2
44
1
6
2
13
2
2
3
37
12
6
1
22
2
2
2
68
2
4
1
43
2
4
2
36
5
6
2
16
3
6
1
71
1
6
1
25
2
1
2
8
3
1
1
71
2
1
2
27
3
6
3
38
4
6
1
11
5
5
1
17
3
2
2
1
1
6
3
6
3
4
2
61
3
1
3
10
5
5
2
8
1
6
2
26
3
3
3
26
1
1
3
3
5
6
2
33
1
1
2
54
2
5
2
38
2
1
2
17
1
1
3
23
9
1
1
61
2
2
1
25
3
3
1
39
1
1
1
23
3
1
3
11
18
6
2
39
4
6
1
45
2
1
3
14
8
1
3
63
10
1
3
42
2
6
1
8
15
1
1
40
2
6
1
31
9
4
1
5
1
5
2
27
2
1
1
4
4
1
1
16
3
1
1
13
5
6
3
27
6
5
2
28
2
6
1
7
2
2
2
22
2
6
2
63
2
5
1
16
1
4
1
14
18
5
1
30
3
3
3
34
8
2
3
39
8
6
2
12
2
2
1
31
18
6
2
25
3
1
3
66
6
1
1
45
1
1
3
60
19
1
1
4
8
4
3
8
7
5
2
34
1
6
2
44
2
3
3
49
4
6
1
27
3
2
3
17
10
6
2
52
5
1
1
34
1
6
2
52
1
1
3
1
10
6
1
36
1
3
3
47
8
6
2
12
1
6
2
40
3
2
2
39
1
2
3
28
10
6
2
67
1
4
3
67
35
4
3
35
1
6
2
23
2
1
2
45
3
5
1
37
1
6
3
43
4
6
3
10
19
2
1
55
2
5
3
71
2
6
3
39
4
6
2
42
3
6
3
2
7
1
1
26
3
2
3
3
10
6
3
53
3
6
2
60
3
6
2
16
1
6
3
16
4
6
2
61
2
6
1
54
1
2
3
60
2
6
1
1
3
3
2
2
2
1
3
35
7
4
1
35
1
5
2
31
5
2
3
71
5
6
3
67
34
4
2
65
2
1
2
67
2
5
3
12
7
4
2
30
2
1
2
6
3
4
3
61
9
1
1
22
3
6
3
55
3
1
2
37
1
1
2
47
2
1
2
43
4
6
3
6
6
6
3
30
5
4
1
42
2
6
3
23
6
6
1
44
1
6
1
52
2
5
2
54
1
1
1
54
3
2
3
25
3
1
1
10
2
2
3
31
24
5
2
14
3
1
1
66
3
1
3
4
8
6
1
6
1
1
2
13
3
6
2
68
3
2
3
28
16
4
2
43
3
5
1
17
4
1
1
42
1
3
1
49
1
2
3
36
8
6
3
27
10
4
1
15
5
6
3
17
17
4
3
54
2
1
1
18
11
6
1
47
1
2
3
37
11
4
2
1
3
2
3
11
16
6
2
34
3
5
1
38
3
2
3
63
8
6
1
6
2
2
1
27
1
1
3
13
8
6
3
30
27
6
1
9
6
1
3
29
18
5
2
49
4
2
2
47
4
3
2
10
1
6
1
35
2
4
1
65
1
1
2
4
2
1
2
11
2
6
2
29
1
1
3
65
1
6
1
33
2
6
3
49
3
5
3
18
14
5
2
22
1
6
1
43
3
2
3
61
6
5
3
54
1
6
2
71
3
1
3
53
6
6
1
2
2
5
3
5
4
6
3
68
8
5
1
23
2
6
1
60
2
5
3
4
1
5
1
5
2
6
3
26
9
4
3
47
6
5
2
71
2
6
1
38
1
3
1
12
9
6
3
29
3
6
1
1
1
1
1
32
7
1
2
38
5
3
1
41
1
1
3
45
2
1
2
55
2
6
3
41
2
6
3
33
8
5
3
32
6
6
2
11
3
3
2
23
3
5
2
37
3
6
3
9
1
2
1
63
2
3
1
67
3
4
1
28
2
2
1
63
1
1
2
65
3
1
1
18
7
5
2
66
2
6
3
65
11
6
1
36
3
1
1
8
4
1
2
28
3
6
2
30
1
1
2
7
2
3
2
53
3
3
1
3
4
3
2
26
4
6
1
3
10
4
3
31
2
6
3
7
4
6
2
35
3
1
2
5
2
5
3
52
14
1
2
7
1
2
3
34
9
6
1
11
8
6
3
7
5
1
1
7
3
3
3
8
2
6
3
1
7
6
1
32
1
3
1
68
1
2
1
66
2
2
3
66
4
6
2
2
3
5
2
14
1
6
1
39
4
2
2
31
1
1
2
49
3
4
1
10
8
2
1
37
2
6
1
34
9
1
1
60
1
5
3
52
8
2
2
25
1
1
3
16
8
1
3
5
5
6
2
3
3
1
