2
4
3
2
2
17
1
6
2
61
1
1
2
16
2
2
1
13
4
2
2
8
2
6
2
7
2
3
1
3
4
1
1
5
1
6
2
47
3
6
3
13
9
1
2
55
3
5
3
63
8
6
2
4
2
2
3
44
9
1
3
27
4
1
3
47
3
4
2
22
2
6
2
32
3
1
2
12
1
6
2
25
2
6
3
71
4
1
3
26
10
2
3
7
4
6
1
16
5
4
3
63
1
5
1
1
2
1
2
31
1
2
2
9
1
6
2
17
3
1
1
36
1
6
3
17
12
6
1
33
7
3
1
7
6
2
1
6
2
5
2
11
1
1
3
38
2
5
2
30
4
2
2
65
4
5
2
40
1
1
2
40
4
2
2
26
3
4
3
45
1
1
3
18
18
6
1
44
1
5
1
55
1
3
1
38
2
6
1
52
1
1
1
13
2
6
1
53
2
2
3
9
2
1
3
41
2
6
2
5
1
2
3
68
11
4
1
25
2
1
2
31
4
1
1
14
7
5
3
47
6
5
2
2
3
3
2
23
3
1
1
31
5
4
1
36
3
1
2
39
1
1
2
42
2
1
2
5
3
3
2
35
1
1
1
34
6
1
2
14
1
1
2
35
3
1
1
15
4
4
1
47
2
6
3
2
4
1
2
2
2
1
2
23
1
6
1
11
9
4
1
60
1
5
2
45
2
5
1
54
1
6
1
26
1
4
2
37
2
4
1
54
3
1
3
1
4
6
3
26
4
5
3
39
6
5
2
63
2
5
2
53
3
1
1
49
1
5
3
8
3
5
1
29
3
1
2
10
3
6
3
22
2
1
2
37
1
1
2
45
1
1
2
36
3
4
1
71
3
6
2
10
2
1
2
29
1
1
3
71
2
1
2
67
1
4
1
41
1
4
3
52
1
1
3
34
11
6
1
11
5
4
1
2
3
3
1
1
1
6
2
28
2
5
1
9
6
1
3
3
1
2
1
31
12
2
3
1
8
4
3
11
24
6
2
9
3
2
1
65
2
4
2
15
1
1
3
54
1
5
1
71
2
1
3
33
20
6
3
37
7
6
3
67
36
6
3
54
2
1
3
2
6
1
1
12
4
3
3
31
5
5
2
68
3
1
3
27
7
5
1
60
2
1
2
8
3
6
3
35
2
1
2
44
3
6
1
27
3
6
3
49
7
1
3
6
2
1
1
47
1
1
1
44
4
4
3
55
5
2
1
14
13
2
3
31
29
6
3
28
16
5
1
32
1
4
3
12
4
4
2
54
2
2
2
6
1
6
1
26
3
6
3
10
20
1
3
4
6
1
2
28
3
4
3
40
3
5
2
63
1
6
2
65
3
1
1
40
2
6
1
65
1
6
3
42
2
6
3
60
29
5
3
36
14
6
3
65
16
6
2
15
3
6
2
12
3
1
2
49
3
6
3
42
1
6
2
68
1
6
3
29
5
6
3
17
11
4
1
10
2
4
2
30
5
1
1
23
2
6
1
61
1
2
3
44
1
6
3
36
11
1
3
12
2
6
2
43
1
5
3
38
5
6
1
33
1
6
2
16
1
5
1
68
1
1
2
67
2
5
1
18
7
5
2
53
2
6
1
67
1
2
3
40
1
6
1
22
3
5
1
67
3
1
2
29
2
6
2
42
1
6
3
23
19
4
2
39
4
6
3
61
1
1
3
13
3
6
2
54
1
6
3
53
2
6
3
8
17
4
1
4
6
2
2
26
1
1
3
61
6
5
1
66
3
1
2
27
3
4
2
38
3
6
2
1
2
6
2
41
1
1
3
9
17
1
2
66
2
6
2
34
2
1
1
23
1
1
3
25
8
6
3
33
17
6
1
40
3
5
1
2
6
3
3
28
14
5
1
37
2
5
3
66
4
1
2
22
1
4
2
38
1
5
2
52
1
1
1
39
4
3
2
33
1
5
3
5
2
4
2
55
1
4
1
52
2
2
3
15
8
6
2
1
1
5
3
32
7
1
3
41
3
5
3
45
7
6
1
68
2
5
1
5
2
2
1
45
1
5
1
12
16
6
3
25
9
6
3
37
3
6
2
71
1
5
3
16
7
5
1
39
2
6
1
43
1
6
2
32
2
6
3
30
12
2
3
30
14
6
1
30
4
3
2
13
1
1
2
49
1
2
1
38
1
4
1
35
4
5
1
15
5
3
3
6
6
5
1
8
10
2
3
65
1
6
3
66
3
5
2
66
1
5
3
32
5
2
1
55
2
2
1
27
2
6
3
15
5
4
2
60
3
4
1
49
2
4
2
44
5
1
2
61
3
1
1
6
1
5
1
63
2
6
2
52
6
2
3
52
7
4
2
34
1
1
3
34
8
1
2
14
3
1
2
47
2
1
1
3
3
5
2
36
4
1
3
14
14
5
1
17
5
2
3
5
3
4
2
43
3
1
2
41
5
1
3
55
6
6
1
16
7
2
2
27
1
6
3
53
6
6
2
11
3
2
3
60
22
1
3
3
3
1
3
10
8
6
3
18
7
5
1
8
16
5
3
29
16
4
1
42
2
3
3
35
8
6
1
53
1
6
3
16
4
6
1
28
3
4
1
17
7
6
2
13
3
1
1
45
2
5
3
11
6
6
3
68
6
6
2
25
3
6
2
60
2
3
1
29
2
2
1
4
1
1
1
63
1
1
2
33
2
1
2
6
3
4
1
37
1
6
2
3
1
1
1
32
2
3
1
7
1
1
3
39
3
1
2
7
3
4
3
23
14
5
3
43
4
4
2
3
3
6
3
67
20
6
1
25
3
1
1
41
2
1
1
18
10
6
3
4
3
4
3
22
9
6
1
9
9
3
2
18
3
5
1
35
1
1
1
22
2
4
1
30
19
4
3
14
17
6
1
43
2
4
1
10
6
1
1
61
3
1
3
49
8
4
1
42
1
2
1
34
5
5
3
7
2
6
3
43
3
1
2
18
1
5
1
28
2
1
1
66
2
1
2
71
2
6
