2
6
2
5
2
45
3
5
3
4
9
6
2
53
3
4
2
3
1
6
3
14
21
4
1
27
2
5
2
65
2
6
2
47
3
1
1
35
3
6
3
7
2
6
1
60
1
2
2
2
3
3
3
11
24
2
2
61
2
5
1
6
1
2
1
12
13
5
2
26
1
1
3
42
2
1
3
25
8
6
1
40
1
4
3
26
1
6
2
27
2
6
3
37
10
4
3
22
4
6
1
4
5
2
2
54
1
2
1
7
2
1
1
66
3
6
3
66
5
4
1
3
7
1
2
16
2
6
1
1
2
5
2
13
3
2
2
2
2
1
2
11
1
6
1
18
13
6
2
30
1
1
2
49
3
1
2
23
2
2
2
3
3
5
1
14
21
1
2
31
1
1
3
71
5
6
2
44
2
2
1
23
3
5
2
55
2
5
3
18
15
4
2
17
2
6
3
16
4
6
2
29
3
6
3
34
9
5
3
6
3
4
1
54
1
2
1
26
1
4
3
27
3
4
2
12
1
6
3
42
4
1
1
34
7
4
1
65
2
1
1
29
1
6
2
47
2
1
1
53
2
2
1
13
1
4
1
31
6
1
2
38
4
6
3
65
14
6
1
9
6
3
3
12
1
1
2
41
4
1
3
43
3
6
2
39
4
5
1
29
2
1
1
71
2
1
2
14
1
1
1
13
4
1
3
8
6
1
2
40
3
5
2
7
3
6
2
42
3
6
1
14
12
5
1
11
4
1
3
40
1
1
1
38
2
6
2
28
1
6
1
15
3
6
1
36
1
2
3
44
1
5
2
34
3
6
1
40
3
5
1
22
1
5
1
38
3
2
3
34
6
6
2
28
2
5
1
60
2
4
2
60
4
6
2
31
5
1
1
53
1
1
3
44
7
6
1
61
1
5
2
40
2
6
1
35
4
4
3
16
7
6
1
2
5
6
3
36
6
5
2
68
3
1
2
35
3
1
3
9
13
1
1
52
1
2
1
55
1
1
3
13
4
1
1
25
2
5
1
11
11
4
3
67
7
1
1
33
8
3
1
15
4
5
3
12
4
5
3
53
6
1
3
54
1
4
1
61
2
2
3
61
1
6
3
38
1
5
3
11
16
6
1
10
5
5
3
47
8
6
1
55
2
1
2
33
2
3
2
6
3
4
3
37
1
5
1
66
1
1
3
30
5
5
3
55
9
1
1
63
2
6
3
7
3
1
3
4
26
5
3
2
2
5
1
43
3
2
1
42
2
5
2
1
3
5
1
44
2
5
3
36
14
5
1
7
6
2
1
5
2
4
1
52
3
1
2
52
4
6
3
32
2
4
3
55
10
6
1
4
7
3
1
71
3
5
1
47
1
5
1
26
3
1
2
43
2
1
3
8
8
1
2
60
2
5
2
63
2
6
1
68
3
1
2
5
3
1
1
22
3
3
2
61
1
5
2
25
2
4
2
65
3
6
1
65
1
1
2
15
3
4
2
43
1
4
1
16
1
3
3
39
1
1
1
63
1
1
3
33
6
5
1
28
3
2
2
35
1
1
2
36
3
5
3
31
30
5
1
28
1
6
3
6
2
2
2
67
1
3
1
30
16
2
2
45
4
6
2
9
1
5
1
8
8
6
2
25
3
2
2
41
2
5
2
33
1
5
3
14
12
6
3
31
19
1
1
2
7
1
3
10
5
4
2
27
3
6
1
49
2
3
3
41
1
1
3
28
3
5
3
25
1
5
3
63
6
1
3
49
6
1
3
41
2
6
3
60
20
6
3
15
11
6
1
37
2
3
3
27
12
1
1
8
1
2
3
68
5
1
2
52
5
3
3
13
2
4
3
52
17
5
1
31
16
2
2
5
1
2
2
37
2
6
1
54
2
1
3
65
13
5
3
1
6
6
3
47
6
4
3
23
12
1
2
37
4
1
1
42
1
2
2
18
3
4
3
29
14
5
1
39
4
4
2
10
3
2
2
29
2
6
3
53
5
4
3
35
5
6
1
39
2
5
2
12
3
1
3
63
10
6
1
16
6
6
2
54
2
1
1
5
1
1
2
71
3
4
1
17
4
2
2
11
2
5
2
9
2
1
3
26
12
6
2
15
1
1
3
5
1
5
2
17
3
6
2
7
1
1
3
17
12
4
3
61
10
2
2
32
3
1
3
68
7
1
2
71
1
6
2
44
5
1
1
23
1
3
1
1
3
2
1
49
1
1
3
38
12
1
2
36
2
6
1
45
1
5
2
30
2
6
3
17
6
6
1
47
2
6
2
67
2
6
1
27
1
1
3
30
19
6
3
9
14
1
1
25
1
1
1
6
2
3
2
16
3
1
3
35
2
1
3
32
7
6
3
33
13
6
1
32
3
4
1
41
2
1
3
3
5
1
3
2
7
1
3
43
4
4
2
26
4
4
1
10
2
3
1
17
2
6
3
29
10
6
1
12
12
4
2
66
1
6
3
28
13
1
3
71
2
1
2
1
1
1
1
45
2
2
2
39
2
6
1
67
2
6
2
63
3
5
1
30
21
6
2
8
3
1
3
52
15
5
3
40
3
6
2
42
2
5
3
49
2
1
3
66
8
4
1
44
4
2
2
8
1
1
1
37
1
6
3
1
7
1
1
43
1
6
2
23
3
6
2
18
4
1
2
13
2
1
2
4
2
5
2
10
2
1
2
32
2
6
2
22
1
4
2
49
2
2
1
33
7
1
3
10
2
6
1
67
1
6
3
45
5
6
2
14
3
2
1
3
9
2
3
39
5
5
3
5
3
6
1
41
1
3
1
68
2
2
2
53
2
2
2
38
1
5
1
34
1
1
3
15
12
1
1
9
1
6
2
55
3
6
1
32
4
1
3
45
1
6
2
66
3
5
2
22
2
5
3
60
19
6
2
34
2
1
2
68
4
5
1
36
3
1
3
67
9
2
3
23
1
6
3
3
3
2
3
22
11
1
1
18
3
1
2
4
3
2
3
54
2
6
3
18
8
1
