2
35
2
1
3
39
3
6
3
5
2
4
3
17
15
6
1
33
5
1
2
44
1
4
2
29
3
1
2
29
1
1
1
68
2
6
3
37
12
1
3
26
10
5
2
8
2
6
1
16
4
5
1
40
1
2
1
42
1
3
2
67
1
6
3
55
14
5
1
63
1
2
2
71
2
6
2
45
2
5
2
49
3
1
2
4
1
1
1
66
2
1
3
4
17
6
1
15
5
6
3
16
6
4
1
34
7
1
1
14
17
6
1
10
5
1
1
1
2
6
2
30
3
1
3
1
10
5
3
12
6
6
1
9
14
1
1
16
1
1
2
65
2
1
1
32
5
2
2
40
3
5
3
54
1
5
2
15
3
4
1
26
3
2
3
29
8
1
2
23
2
5
2
54
1
2
3
68
4
1
1
27
2
6
2
15
1
6
2
2
3
4
1
71
3
5
3
27
8
6
2
31
5
4
2
53
2
2
3
32
11
5
2
3
2
1
3
41
4
1
3
4
5
6
2
61
1
1
2
38
1
6
3
11
7
1
3
18
22
1
2
41
1
6
1
66
3
6
1
17
1
1
2
41
3
1
1
41
1
4
3
35
1
5
2
54
2
2
1
31
2
4
2
18
2
5
1
71
1
6
1
37
2
6
1
38
3
5
3
53
2
1
3
34
5
1
1
54
1
5
1
9
10
3
1
6
2
2
1
49
2
1
2
55
1
1
3
31
25
5
3
60
1
6
2
16
1
5
1
8
6
6
1
42
2
1
3
45
2
1
2
71
1
1
2
35
3
1
2
36
3
5
1
33
6
1
2
13
1
1
2
5
2
6
2
44
2
4
3
42
4
1
1
2
7
1
2
10
2
1
1
49
1
1
2
47
3
1
2
8
3
1
3
17
6
6
1
25
1
2
3
61
11
6
1
35
4
4
3
18
11
1
1
60
2
5
1
61
3
3
1
52
1
3
1
12
9
6
2
3
1
1
3
52
5
6
2
22
1
6
3
68
3
2
2
63
3
1
1
52
3
2
1
54
2
3
2
66
3
6
2
66
1
5
1
18
7
5
1
5
2
6
1
63
2
3
1
47
3
1
2
45
4
3
2
60
2
6
3
60
2
6
1
43
3
1
2
30
1
1
2
7
2
5
1
11
5
1
3
7
2
6
3
55
17
5
2
32
4
2
3
22
9
6
3
41
3
6
2
10
1
5
3
2
1
6
2
7
3
5
3
26
5
1
1
18
2
6
3
28
14
6
3
14
12
6
1
26
1
4
2
43
5
3
1
45
2
5
3
6
5
5
1
29
2
5
2
6
3
6
2
12
3
2
1
47
1
2
2
40
2
1
3
43
8
6
3
38
1
6
2
28
2
6
1
30
3
5
1
65
2
3
2
22
2
5
1
23
3
5
1
7
3
6
3
27
10
5
1
13
4
2
2
47
1
1
1
27
3
1
1
6
1
2
2
33
2
1
1
3
3
4
3
33
11
5
3
40
1
6
2
2
2
1
2
49
4
2
3
7
5
5
3
39
7
6
2
39
3
6
1
35
1
5
2
14
1
1
1
12
1
3
2
4
3
1
3
61
10
2
3
67
7
6
2
55
3
6
3
35
4
5
1
43
1
6
2
18
1
2
2
11
2
6
1
14
10
3
3
5
3
4
2
13
3
2
1
67
3
2
2
32
1
6
1
41
3
6
3
3
2
2
3
65
14
4
3
23
2
4
2
17
1
1
3
10
15
1
2
52
6
1
2
16
3
6
3
44
7
1
3
31
1
6
1
38
2
1
2
39
2
6
2
23
3
5
2
37
2
6
2
11
3
1
2
65
1
5
2
27
2
6
1
31
18
6
1
60
1
5
2
27
3
5
1
15
1
3
1
23
1
3
1
1
1
6
1
2
3
3
1
29
1
5
2
63
2
5
1
45
1
6
3
37
4
6
2
67
2
6
1
55
2
2
2
33
1
4
1
55
1
3
3
45
1
1
3
42
1
6
1
5
1
5
3
63
4
6
2
31
1
2
3
44
4
4
3
3
10
5
3
54
2
1
1
3
4
1
3
25
8
5
3
36
13
1
3
13
8
1
2
5
1
5
3
52
1
1
1
34
3
1
1
4
7
3
3
30
24
1
2
9
3
5
3
23
18
5
1
30
6
3
2
43
2
6
3
38
4
6
3
1
9
1
1
10
1
6
2
25
3
1
1
13
1
5
3
66
2
5
1
11
3
5
3
47
9
6
3
2
2
6
3
15
5
4
1
53
1
5
3
63
1
1
2
6
2
5
3
33
8
5
2
68
3
2
2
34
1
6
2
12
1
6
3
47
1
5
2
42
4
1
2
25
2
5
1
17
3
2
3
49
4
1
2
1
1
1
3
14
2
4
1
39
4
2
3
8
14
4
2
26
2
2
1
39
3
5
2
34
3
2
2
53
3
6
3
9
28
1
1
40
2
1
3
8
13
1
2
28
1
5
3
65
16
5
1
28
1
1
2
68
2
5
1
53
2
5
2
26
3
2
3
40
2
6
3
30
4
2
3
22
8
6
3
36
11
1
3
49
1
2
3
12
5
1
1
22
1
2
1
8
10
6
1
7
5
5
1
32
7
1
2
61
3
6
3
15
1
1
3
25
9
4
3
43
2
6
3
32
8
6
3
11
25
6
2
9
1
1
1
65
1
1
1
68
1
1
3
28
3
5
3
10
20
6
3
66
4
6
2
14
2
4
2
52
7
6
1
25
2
5
3
53
8
6
3
13
3
6
1
36
3
1
3
67
33
1
2
36
2
1
1
22
3
2
3
6
6
5
2
42
2
1
3
16
7
5
1
44
3
6
1
44
1
4
2
37
1
1
2
1
2
5
3
71
2
1
2
60
3
5
3
34
11
1
1
36
1
6
3
29
6
6
3
9
20
5
1
4
5
2
3
71
3
1
2
17
2
2
2
38
4
1
1
28
3
2
1
61
2
5
1
67
2
5
1
37
1
6
