1
3
3
3
1
39
3
5
3
44
5
6
1
12
9
6
2
65
2
6
1
33
5
4
3
25
6
6
1
17
15
3
3
35
4
6
1
14
8
1
2
67
2
6
3
68
10
6
1
30
19
3
2
40
1
2
3
26
10
5
2
18
3
5
2
9
3
1
2
28
3
5
1
11
12
1
1
49
2
2
2
44
3
6
3
5
3
4
2
68
2
4
2
16
3
1
2
4
2
2
2
5
2
6
3
42
2
1
2
60
4
6
3
32
4
6
1
35
3
1
1
18
10
2
2
40
4
6
3
45
6
2
2
34
2
1
1
63
1
1
1
35
1
1
3
10
11
1
3
14
16
1
1
13
1
6
2
22
1
4
2
41
1
1
2
39
1
1
1
14
3
2
1
1
2
5
3
2
9
5
3
42
3
6
1
71
2
2
2
6
1
5
1
6
1
6
3
43
2
1
3
13
5
2
1
9
5
1
2
35
2
6
2
36
1
1
1
60
2
1
2
63
2
6
1
32
5
5
1
28
2
2
1
68
2
4
3
18
20
6
3
66
7
1
3
49
4
1
2
45
4
6
1
16
6
2
1
63
2
1
1
43
3
2
2
23
3
2
2
17
2
1
2
28
1
5
2
42
3
1
1
54
1
5
3
36
12
6
2
26
4
6
2
10
1
5
2
41
5
5
2
1
3
1
1
13
7
1
3
39
4
6
3
54
2
6
1
1
1
1
3
29
10
5
2
55
2
5
1
22
1
2
2
9
2
1
1
26
3
2
2
32
4
1
3
4
22
6
1
68
3
6
2
52
1
6
3
30
11
6
3
41
4
1
1
45
2
5
1
28
1
1
2
37
3
6
3
38
9
6
2
3
3
5
3
2
1
1
2
32
3
1
1
3
9
1
1
25
1
1
2
61
2
1
1
61
2
4
3
22
11
1
2
1
1
6
3
7
5
1
1
15
3
1
1
38
3
2
2
15
1
6
2
49
2
6
3
3
1
6
1
47
2
1
3
36
8
6
1
7
9
1
1
5
1
2
2
11
3
3
3
52
3
1
1
52
1
1
3
49
7
6
3
41
1
1
1
49
1
6
1
41
3
6
2
61
3
1
3
35
6
6
3
53
8
1
1
29
2
5
2
8
1
1
2
68
3
1
3
55
15
4
1
71
3
6
1
66
1
2
3
34
3
6
3
65
11
1
2
30
5
1
3
71
1
6
2
52
5
5
2
60
3
4
1
29
3
4
1
37
1
5
1
40
3
1
3
32
9
6
1
44
1
5
2
44
4
1
3
17
12
5
1
37
2
1
1
45
1
6
2
49
3
3
2
53
2
4
2
6
3
4
3
6
4
1
3
31
28
6
3
60
6
1
2
31
4
1
2
33
1
3
1
8
14
6
1
55
1
6
3
63
4
1
2
7
3
5
1
4
3
3
1
11
11
4
2
14
1
6
1
15
4
5
3
44
9
5
2
36
5
6
3
61
10
5
3
15
2
6
1
17
6
4
1
26
2
2
1
34
1
1
3
12
2
4
3
39
10
2
3
67
37
6
3
17
10
1
1
18
12
2
3
26
6
6
2
13
3
1
2
71
1
5
3
3
8
6
3
18
21
6
2
26
1
6
2
2
2
1
3
54
1
4
3
37
5
5
1
43
2
1
3
11
9
6
3
40
6
5
3
61
8
1
3
31
22
5
2
7
2
4
2
33
2
4
3
25
7
1
3
29
15
6
3
28
5
5
2
43
1
5
1
10
1
6
2
3
1
1
2
53
1
4
1
42
1
1
1
32
6
1
3
67
8
6
2
12
1
1
3
34
7
5
2
22
3
1
1
23
2
6
3
63
5
6
1
31
10
6
3
43
6
1
2
63
1
5
1
6
2
1
3
33
19
2
1
2
5
4
3
9
8
1
3
11
17
1
3
12
4
4
3
52
15
5
1
39
4
2
2
15
3
4
3
45
3
6
3
1
5
6
2
14
2
4
1
2
6
1
1
38
2
6
2
65
3
1
2
47
2
5
3
37
1
6
1
61
1
6
1
53
1
6
1
9
8
6
1
34
8
6
2
18
4
5
2
17
3
6
3
16
6
6
1
7
6
5
3
23
14
5
2
16
2
1
3
30
21
2
2
27
2
6
2
54
1
5
3
53
5
5
2
67
1
4
3
27
16
6
1
25
2
5
2
43
4
6
1
36
3
5
1
67
2
1
2
2
3
1
1
65
1
6
1
27
3
1
1
66
3
1
2
27
1
1
3
1
2
1
3
47
8
5
2
71
2
1
2
29
1
5
1
16
1
5
1
67
3
5
2
66
3
6
1
22
2
3
3
14
11
5
3
28
4
5
1
8
15
1
1
23
1
4
3
23
6
1
1
60
1
1
2
45
1
6
2
37
1
1
1
30
11
1
3
33
15
6
3
71
2
6
3
10
26
6
2
8
2
1
2
47
4
3
1
42
2
1
2
11
2
1
2
23
2
1
2
66
2
2
3
47
10
1
1
54
3
2
3
9
29
6
3
4
24
1
1
40
2
6
3
15
15
1
1
10
4
6
1
55
2
1
2
31
2
4
1
31
17
5
2
39
3
1
1
5
2
2
2
38
1
6
2
25
1
6
3
65
14
6
3
5
4
6
1
12
11
1
1
47
1
2
3
8
2
1
1
44
4
3
2
54
2
1
3
60
22
2
1
33
8
2
2
12
2
4
2
55
1
2
2
38
2
1
2
4
1
1
3
38
3
6
3
7
2
6
2
13
1
6
3
16
1
5
1
52
3
6
2
34
3
5
1
65
2
3
2
29
2
1
2
10
2
1
1
41
2
1
2
42
1
4
1
36
1
3
1
4
7
1
3
66
8
6
3
27
12
1
2
5
3
1
2
30
2
6
3
68
16
5
3
8
10
6
2
35
1
1
1
27
1
1
2
25
2
5
3
13
6
2
3
6
3
6
1
53
2
1
3
40
4
6
3
22
2
1
3
55
13
1
