1
16
2
2
3
10
2
1
3
2
5
6
2
63
3
1
3
54
2
1
3
38
10
5
1
60
1
1
2
53
2
5
2
67
2
6
2
52
4
4
1
8
5
3
2
2
1
4
1
16
7
4
1
37
2
2
1
67
2
5
1
12
12
2
1
49
2
4
2
67
1
2
1
13
2
1
2
23
2
1
3
47
8
6
2
71
2
6
3
36
2
5
1
5
2
3
2
37
4
2
2
26
1
1
2
47
4
2
2
26
3
4
2
44
4
1
1
40
1
1
1
9
5
1
3
33
20
1
3
27
4
6
3
39
1
1
3
2
10
5
2
41
3
1
3
11
15
5
1
11
6
2
3
44
5
6
2
8
1
6
1
67
3
5
2
13
3
5
2
31
2
6
1
3
9
6
3
1
6
1
3
33
22
5
2
68
2
6
3
54
1
5
2
27
3
4
2
18
3
4
1
61
1
4
2
39
1
1
3
53
4
6
3
34
3
5
2
44
2
1
2
13
2
1
1
36
3
3
3
17
7
6
1
31
2
5
1
2
3
2
3
55
10
2
1
4
7
4
2
7
2
2
1
68
2
6
2
45
1
5
1
65
1
1
3
67
38
6
3
32
11
1
3
44
4
5
2
36
5
5
3
41
4
6
3
14
25
6
2
17
2
6
3
67
14
6
3
49
5
1
2
6
3
4
2
25
1
1
1
3
3
3
1
15
2
5
1
52
3
1
3
18
20
5
1
23
1
1
2
53
1
3
2
66
3
1
3
1
9
1
2
25
3
6
2
38
2
1
1
2
4
6
1
55
1
3
2
43
2
4
3
37
6
5
3
25
5
5
2
5
1
1
3
36
10
6
2
3
3
6
2
23
3
1
1
29
3
1
3
43
7
2
3
9
30
6
2
30
5
6
3
5
5
5
1
36
2
6
3
42
2
6
2
17
3
1
1
34
11
6
2
68
1
6
3
34
1
1
3
5
1
6
1
27
2
1
2
9
1
6
3
60
9
6
1
29
1
5
2
49
2
1
2
29
3
4
3
45
3
6
3
35
8
6
2
66
2
5
3
30
18
6
2
65
4
4
1
7
11
4
3
65
17
4
1
49
1
5
1
44
2
5
3
26
4
5
3
53
6
6
3
38
9
6
2
37
1
6
3
4
24
6
1
45
2
2
1
22
2
1
2
16
1
3
2
2
2
6
1
17
1
6
2
34
2
1
3
31
10
2
2
39
4
6
2
30
4
5
1
68
3
1
2
15
2
1
3
40
5
4
1
66
3
1
1
1
2
1
2
35
2
5
2
14
1
6
3
61
2
5
3
12
4
5
3
43
6
2
2
71
1
5
3
6
4
6
1
53
2
6
1
33
7
1
1
25
1
2
1
6
2
1
2
14
3
6
2
61
2
5
2
55
2
6
2
43
3
2
1
25
2
6
1
35
1
2
3
55
12
6
3
18
18
1
1
5
1
5
2
42
1
6
1
34
3
6
3
39
8
1
1
37
1
6
3
52
9
6
1
14
6
1
1
39
3
6
1
6
1
1
1
41
1
5
1
60
2
1
3
13
7
1
3
27
5
1
3
16
2
4
2
3
2
1
3
29
19
6
1
61
3
5
1
22
3
1
1
11
10
6
1
30
19
5
3
41
2
6
1
4
5
3
2
35
3
6
3
7
1
1
3
28
14
6
1
13
3
6
2
1
1
6
1
38
1
3
2
7
3
4
3
47
10
1
3
14
10
1
3
30
16
5
1
10
1
1
3
49
1
1
2
60
3
6
1
53
1
5
1
14
21
3
1
41
2
6
2
12
1
1
2
61
3
1
1
8
7
3
1
9
9
3
3
71
4
6
2
54
1
1
2
63
1
5
1
43
3
1
1
71
3
5
2
4
3
5
1
43
1
6
3
66
9
6
1
44
1
5
2
60
1
5
1
39
4
3
3
40
2
6
2
40
3
1
2
16
2
1
1
10
6
1
1
26
3
5
1
7
4
5
3
68
11
4
2
10
1
5
3
8
6
1
1
65
2
4
2
22
1
4
1
23
2
1
2
42
2
2
3
10
1
4
3
23
14
6
2
11
1
1
3
37
10
6
2
33
3
2
3
63
5
1
2
31
5
4
2
55
1
2
1
12
13
4
3
9
26
1
3
66
5
4
2
40
1
2
3
13
9
6
1
35
3
1
2
9
3
1
3
52
6
1
2
29
2
1
1
28
1
2
1
55
2
5
3
12
6
1
2
65
2
1
3
61
10
3
3
42
3
1
3
45
4
6
1
38
3
5
2
52
2
1
3
68
8
5
2
38
1
6
2
28
1
5
3
71
2
1
1
15
3
1
2
32
3
1
3
4
9
5
3
28
4
6
1
66
1
6
3
35
5
4
1
40
3
5
3
22
11
6
2
18
2
4
1
17
8
2
3
15
3
6
3
22
8
4
2
10
3
2
2
36
1
6
2
4
1
1
3
60
14
1
2
45
3
4
3
65
9
6
3
25
3
6
2
22
3
1
3
32
5
1
1
54
1
2
2
11
3
3
1
71
1
4
3
8
9
6
1
63
2
1
3
15
16
1
1
32
4
1
1
47
2
3
2
27
2
6
3
26
5
1
2
34
1
6
2
5
2
5
3
16
5
1
1
47
1
6
2
47
1
6
3
3
10
5
1
33
5
2
2
8
2
1
2
49
3
6
1
32
1
3
2
54
2
1
2
33
1
2
3
3
6
2
1
42
2
6
3
7
4
6
2
41
5
4
3
6
1
6
3
29
10
5
2
32
1
4
1
42
1
1
1
18
12
6
1
31
15
6
1
45
1
2
3
31
4
5
1
26
2
6
1
54
2
6
1
27
1
1
3
63
7
1
3
17
14
1
2
6
2
5
3
23
11
5
1
52
1
2
2
15
3
5
1
18
6
1
1
30
20
2
2
28
2
6
1
1
3
2
3
11
25
6
1
63
1
5
2
12
3
2
1
28
2
6
2
1
3
1
