2
23
1
6
2
17
1
1
3
3
6
2
3
32
3
1
2
27
2
6
2
26
3
2
1
55
2
1
2
6
3
4
1
25
3
3
1
42
2
3
3
17
10
6
3
49
7
1
1
15
1
2
3
34
5
6
2
30
5
6
3
23
18
6
3
30
28
1
3
54
1
6
1
42
1
1
3
65
2
1
3
68
6
4
3
12
7
5
1
11
7
4
1
22
3
3
1
30
8
5
3
29
14
5
2
1
1
6
2
34
2
1
2
63
3
2
3
6
2
5
1
71
3
6
2
60
4
1
1
54
2
3
1
13
5
6
1
5
2
5
1
40
2
6
1
33
4
2
1
28
3
4
3
54
2
1
1
32
7
6
1
26
2
6
2
68
1
6
2
30
4
6
1
41
1
6
3
61
7
2
3
4
22
4
2
17
3
6
2
11
1
6
3
10
4
6
2
35
2
5
3
27
7
6
2
16
3
1
1
7
9
4
3
42
1
6
2
29
1
6
3
30
18
6
3
37
4
5
2
45
3
5
2
1
3
5
1
39
3
5
1
49
2
1
1
17
10
1
2
63
2
5
2
60
3
6
3
60
20
2
2
54
2
1
1
43
1
6
1
16
5
3
2
55
2
5
1
22
2
1
3
15
7
2
2
54
1
6
2
66
3
2
2
42
3
2
2
38
4
6
3
67
6
4
1
30
7
5
3
36
3
6
2
9
2
1
1
8
2
3
2
16
2
6
1
37
1
4
3
28
1
6
1
14
7
2
3
60
1
6
2
31
2
6
3
52
3
6
3
22
3
5
1
41
2
1
1
4
3
1
3
25
9
6
3
39
6
4
3
13
7
1
1
23
1
4
2
6
1
4
3
40
1
6
1
65
2
2
2
12
3
5
1
29
3
1
1
13
3
1
1
61
1
6
2
49
4
2
1
9
11
6
2
7
2
5
2
61
1
5
1
23
3
6
3
22
9
4
2
49
2
2
1
43
3
6
1
39
4
2
2
4
1
6
3
28
4
6
2
13
1
6
3
44
8
2
3
45
7
5
3
41
1
1
2
22
2
5
2
68
2
5
2
9
1
6
2
31
5
6
1
38
1
5
2
33
2
6
1
10
4
1
1
63
2
2
1
71
1
4
2
8
2
1
3
43
2
1
2
29
3
3
2
35
1
1
1
34
9
1
1
52
2
6
2
32
3
2
3
44
7
1
3
5
5
6
1
44
1
4
3
34
8
6
1
37
2
2
2
47
4
6
1
35
3
1
1
35
4
4
2
25
2
5
1
53
1
5
2
44
3
1
2
52
4
6
1
25
1
3
2
37
1
6
1
36
3
6
2
41
3
2
3
25
6
6
1
12
5
1
3
71
3
6
2
11
3
6
3
63
6
1
3
32
12
5
1
55
1
5
2
13
2
2
3
18
20
6
3
26
8
5
1
2
1
6
3
14
26
6
3
17
15
4
2
32
2
6
1
7
5
5
2
23
3
6
3
16
1
6
1
6
2
3
3
47
4
1
3
7
2
5
3
2
12
2
1
67
3
3
1
14
12
1
2
3
1
6
1
67
1
1
2
5
1
5
3
38
12
2
1
1
3
3
1
44
2
4
2
4
3
1
1
3
6
4
2
41
2
5
3
4
8
5
1
33
3
2
2
2
3
2
1
53
2
2
3
1
9
1
1
4
5
2
3
12
6
6
3
45
3
1
1
17
14
1
2
52
1
1
1
34
10
1
3
55
4
1
3
9
19
1
3
11
1
5
3
39
8
6
1
15
2
4
3
11
13
6
3
27
12
6
2
26
4
4
3
3
4
1
1
40
1
3
1
6
1
2
2
7
3
5
3
10
10
6
2
14
2
4
3
41
3
6
1
9
9
3
2
33
1
2
2
36
4
6
3
9
8
1
2
53
2
3
2
53
1
3
2
5
3
1
1
52
1
6
1
36
2
5
3
15
16
6
3
61
1
1
3
66
9
1
2
67
2
5
1
47
3
1
1
12
1
5
2
65
1
1
2
65
3
1
1
65
1
1
3
29
19
6
3
33
14
5
2
18
3
4
2
47
1
6
2
22
1
5
1
26
1
4
2
43
3
2
2
39
1
5
1
27
1
6
3
33
12
1
3
16
2
6
3
8
18
6
1
54
3
6
1
29
2
4
3
37
8
4
3
42
2
1
3
63
12
2
3
53
1
2
3
40
3
6
2
12
2
5
1
31
6
2
2
38
2
1
3
14
20
1
3
38
8
1
1
32
4
6
1
68
2
2
2
45
1
2
1
28
1
5
2
71
2
1
2
10
3
2
3
2
1
6
1
11
3
2
3
71
4
1
1
63
1
1
1
16
1
1
1
3
3
2
2
27
3
5
2
44
5
6
3
8
11
5
3
6
3
4
1
45
1
5
3
23
10
6
1
8
11
4
2
40
3
2
1
18
14
6
1
61
3
2
2
15
2
6
1
66
2
2
1
68
3
1
2
40
4
1
2
67
1
4
3
53
3
6
3
35
2
6
2
43
2
1
1
66
3
1
1
38
2
6
2
42
1
4
3
65
5
1
3
55
5
5
2
3
3
6
3
67
35
4
2
28
2
6
3
52
17
4
2
28
3
4
3
35
5
6
3
1
5
6
2
66
1
5
3
7
5
6
2
37
3
6
1
45
2
1
1
1
1
1
1
18
5
2
3
18
5
4
2
10
2
1
2
25
3
1
2
15
1
1
2
34
1
1
2
8
1
1
3
26
5
1
1
60
2
6
3
13
1
5
2
71
3
5
2
61
2
6
2
39
2
1
3
47
8
6
1
47
2
2
3
49
2
1
3
43
3
1
3
5
3
6
3
36
8
6
1
31
3
6
3
66
7
2
1
2
7
6
2
18
1
2
2
14
1
1
3
68
1
5
3
31
15
1
1
49
1
4
1
5
1
5
3
31
30
2
2
2
1
1
2
36
2
6
1
10
8
5
2
55
3
6
1
27
2
2
1
60
1
1
