3
60
6
6
1
63
2
1
3
27
5
6
3
6
6
4
1
4
2
1
1
28
2
2
2
32
4
2
3
30
10
1
2
25
3
2
3
66
5
4
1
47
2
6
2
23
1
6
1
23
2
1
1
12
1
4
3
3
2
6
3
23
9
1
3
10
3
4
1
43
3
1
1
9
5
1
1
3
3
2
3
55
10
1
3
23
7
1
3
66
9
1
3
54
1
5
2
5
1
5
1
36
3
1
1
52
3
6
2
43
3
6
2
45
1
6
3
68
3
6
1
25
3
4
2
39
2
6
2
13
1
1
3
37
4
1
3
18
18
1
1
15
2
3
1
68
2
6
2
16
2
5
1
26
3
5
3
9
27
1
3
26
5
1
3
41
1
1
1
10
8
6
3
61
11
1
1
44
2
2
3
65
7
2
3
17
11
6
1
54
3
2
2
37
3
5
1
11
8
6
3
40
5
4
3
7
3
6
2
29
2
1
2
38
3
5
3
52
9
6
3
33
2
6
3
45
5
1
1
13
9
1
1
65
1
6
1
6
2
3
1
15
5
2
1
25
2
6
1
30
15
5
2
15
1
1
2
11
2
4
1
2
2
3
2
17
1
6
1
47
1
6
2
13
3
5
1
67
1
1
2
33
2
6
1
45
1
2
3
10
8
6
3
44
6
6
2
4
3
5
3
28
9
5
2
29
1
1
2
16
1
3
2
22
1
4
1
53
2
2
2
47
2
1
3
22
10
1
2
60
1
1
1
17
16
2
1
3
5
3
3
36
13
1
1
61
1
6
1
11
2
1
1
34
4
2
1
32
7
1
1
35
1
2
2
37
4
2
1
44
1
5
2
27
1
6
2
14
1
6
2
52
7
2
2
31
2
4
3
26
4
5
1
54
2
4
2
1
1
1
2
63
1
6
1
2
5
5
2
65
2
1
2
44
2
3
2
23
2
6
3
71
3
1
3
47
9
1
2
71
2
6
2
53
3
2
1
53
1
2
3
4
23
6
2
26
3
1
2
6
1
4
3
5
2
5
1
65
2
1
1
40
2
5
3
16
1
5
3
13
9
1
1
71
2
2
2
10
2
1
1
17
10
6
2
7
2
4
1
30
2
6
2
35
3
1
3
17
8
6
2
42
3
1
1
33
7
2
1
22
1
1
2
66
1
5
3
55
6
5
1
66
2
2
2
34
1
6
3
43
8
6
3
42
4
1
2
2
1
2
1
9
14
3
2
8
2
6
3
32
2
4
2
47
4
6
2
5
3
1
3
1
2
6
2
1
3
1
1
23
3
6
1
63
1
5
3
53
4
4
2
35
1
1
3
61
3
1
3
40
3
5
2
9
1
1
2
71
3
3
3
15
13
6
3
35
4
6
3
71
4
1
1
60
2
5
3
22
4
5
1
7
11
3
3
7
1
1
2
61
2
1
2
52
4
5
3
2
8
6
3
4
4
1
2
12
2
5
1
39
1
1
1
1
1
1
2
38
1
5
1
37
1
6
3
41
2
6
3
36
7
1
1
31
5
1
2
32
3
6
3
67
13
5
3
25
4
5
3
28
16
6
2
22
3
2
1
68
3
1
1
32
2
5
2
67
1
2
3
1
7
1
2
30
2
1
1
28
1
5
2
60
2
6
1
49
1
5
2
6
3
4
3
6
1
4
3
63
5
1
2
2
2
6
3
31
13
1
3
15
15
1
1
55
2
1
1
49
2
5
1
45
2
5
3
12
6
6
2
39
3
6
3
9
30
6
1
41
3
1
3
2
5
1
1
14
18
2
2
63
2
6
2
43
1
6
2
10
1
4
2
15
2
6
1
66
1
5
2
61
3
6
2
65
3
6
3
29
17
5
1
18
14
6
3
8
2
6
1
5
2
6
3
49
2
1
1
22
3
6
3
39
3
1
3
38
10
6
1
1
2
6
1
52
2
1
3
63
6
1
1
5
1
6
1
29
3
2
2
55
2
6
1
8
11
5
2
17
2
5
1
12
3
5
2
30
1
1
3
33
15
5
3
49
5
2
2
28
2
5
3
27
3
6
2
42
2
1
1
29
2
1
3
16
6
5
2
40
1
1
1
18
5
5
1
26
1
2
3
12
7
4
2
7
3
4
3
43
5
6
2
40
2
6
2
45
4
6
2
41
5
5
2
18
2
4
3
14
9
5
2
54
2
1
1
39
4
5
3
39
4
5
1
60
1
1
3
14
6
2
1
38
2
6
3
67
9
2
2
27
3
4
3
54
2
6
3
42
3
6
1
13
7
3
2
8
3
6
2
12
3
2
3
53
5
5
1
67
2
1
3
30
21
2
1
14
20
1
3
13
5
1
1
37
2
3
3
47
10
1
3
34
2
4
1
8
13
6
3
60
26
1
3
3
6
2
2
67
2
6
2
66
2
5
2
41
2
5
1
16
5
1
2
28
1
6
1
7
5
2
3
11
20
1
2
18
4
6
3
25
7
6
3
8
12
5
2
36
1
1
2
3
3
1
2
9
2
1
2
53
2
6
3
32
6
4
2
49
2
2
2
34
2
1
1
4
5
6
3
68
2
1
2
68
3
2
1
27
1
1
3
38
6
1
1
40
3
6
1
38
3
2
3
11
26
1
1
27
3
2
2
68
2
5
3
18
8
6
3
29
7
6
3
34
7
4
3
45
4
1
1
35
4
1
2
25
2
5
2
54
1
6
1
31
10
5
2
4
1
6
3
35
1
4
3
5
5
6
1
34
10
6
1
42
1
3
1
43
1
5
3
65
11
6
2
55
3
6
1
10
6
1
2
3
2
1
2
14
2
4
2
49
3
6
2
31
4
1
3
52
18
6
1
41
1
1
1
33
2
4
2
11
1
1
1
16
6
1
2
36
5
5
1
6
1
5
2
33
3
1
1
71
3
5
2
44
5
1
1
36
2
6
1
55
1
3
1
42
2
3
3
37
7
6
1
61
2
1
3
31
26
1
3
44
7
6
2
26
1
6
