2
17
1
6
2
27
2
1
3
8
6
6
1
40
2
5
3
25
1
5
3
29
8
1
2
54
1
5
1
13
4
2
1
54
1
2
3
26
10
6
1
49
2
3
2
37
2
4
2
67
2
5
2
67
1
3
2
6
1
5
3
63
4
1
1
63
1
2
1
27
2
2
3
2
8
6
3
16
3
4
3
40
1
1
1
54
2
3
3
45
3
6
1
17
3
2
2
45
3
5
2
5
1
6
1
6
2
3
1
28
1
2
1
13
7
3
2
35
1
1
1
1
1
1
1
11
9
3
3
3
4
6
3
7
3
1
2
34
2
6
1
25
2
5
3
60
22
6
3
52
17
4
2
14
3
6
2
23
1
6
1
37
1
6
3
42
3
6
1
38
1
5
1
41
2
6
2
65
3
6
2
44
2
1
1
45
1
2
3
22
9
5
2
13
2
6
1
36
1
3
3
5
3
6
2
2
3
1
3
49
1
2
2
6
3
6
3
35
4
5
2
53
2
1
2
13
3
6
2
16
2
2
1
3
9
2
1
22
3
3
2
36
2
1
2
35
3
6
1
12
5
1
2
44
3
2
2
52
1
1
2
16
1
2
2
40
3
2
1
47
1
5
1
5
1
6
2
15
3
5
3
43
3
6
1
30
1
1
3
11
6
6
2
1
3
2
2
22
3
2
3
22
12
1
3
17
14
6
3
25
6
6
2
26
2
2
1
10
8
2
2
34
1
1
3
68
1
6
3
38
12
5
1
18
7
5
2
26
3
2
1
43
1
5
2
5
2
6
2
2
2
6
3
28
8
5
3
6
1
4
3
55
2
6
2
8
1
6
1
53
1
6
1
55
1
2
3
37
6
5
1
15
5
2
2
12
1
1
2
47
4
2
2
41
5
2
2
71
1
5
1
66
2
5
3
27
17
1
1
34
3
6
3
8
19
1
2
49
3
5
1
12
10
6
3
44
10
4
2
18
4
1
3
65
7
1
1
26
1
3
2
39
4
6
2
30
1
6
1
14
20
2
3
30
24
1
3
67
38
1
1
35
1
1
1
31
3
1
1
67
2
1
2
7
1
2
2
63
1
2
1
67
3
4
2
39
3
1
3
5
5
4
3
26
7
5
3
23
13
6
2
61
1
1
3
43
7
1
1
66
3
1
1
41
1
4
1
60
2
2
3
67
35
4
1
52
2
3
1
1
2
2
1
37
2
4
3
41
4
6
2
11
1
6
2
28
2
5
2
7
3
5
3
71
4
6
3
71
2
1
3
41
3
6
3
28
7
4
3
33
2
5
1
65
2
3
2
41
3
2
2
10
3
6
2
71
3
2
1
31
10
2
1
15
2
5
2
11
2
2
1
39
2
4
3
66
8
4
1
45
2
5
1
26
3
1
1
3
5
4
2
28
1
5
3
9
7
6
1
71
3
5
1
17
7
1
3
11
4
6
1
68
2
5
1
4
8
6
3
34
5
1
2
60
3
5
2
29
1
1
1
14
13
3
3
10
3
4
2
8
2
6
3
12
4
5
3
39
10
6
1
9
1
1
3
60
3
5
2
36
4
6
3
4
3
4
3
33
20
1
2
55
1
5
1
7
1
1
3
1
3
5
1
33
7
6
1
22
1
1
1
36
3
2
2
9
2
6
2
47
2
1
3
14
16
6
3
6
3
5
3
18
10
6
2
66
2
1
1
18
14
6
2
53
1
3
1
53
2
2
1
9
13
5
2
18
1
2
1
35
3
6
2
32
1
4
2
22
1
5
3
31
19
6
2
33
2
2
1
43
3
1
2
29
2
1
2
42
3
5
2
9
1
6
2
42
2
2
3
55
15
4
1
33
6
6
1
42
2
2
1
38
2
6
3
31
8
6
3
68
12
5
3
34
6
6
2
32
2
1
3
23
6
2
1
34
8
1
1
71
2
1
2
52
2
1
3
40
3
5
2
37
3
6
2
33
3
3
1
28
3
2
2
43
3
6
1
61
3
6
1
6
1
3
3
54
2
6
3
32
11
1
2
30
5
6
1
2
2
2
3
54
1
5
3
9
9
6
3
36
12
1
3
15
1
1
2
55
2
4
1
55
2
5
2
1
2
5
1
63
2
4
3
65
14
4
3
45
5
1
2
49
4
6
2
10
2
6
3
39
6
4
1
68
3
1
3
37
4
5
3
63
11
6
1
29
3
1
2
27
3
4
1
65
1
1
3
4
23
5
1
29
2
1
1
47
3
1
2
31
5
3
1
5
2
3
3
17
6
6
1
2
6
3
3
13
7
1
1
8
13
5
3
61
4
2
2
66
3
2
3
18
8
6
3
42
4
1
1
52
1
2
1
23
3
1
2
38
3
3
1
61
2
4
2
25
2
4
3
16
1
4
2
63
3
1
2
17
2
5
3
61
2
2
2
23
3
6
2
45
2
4
1
32
2
3
3
7
4
6
2
4
3
6
1
32
4
6
1
39
1
1
2
12
3
2
2
25
3
2
3
13
3
6
1
8
2
3
3
66
6
1
1
44
2
4
2
40
2
1
3
3
5
6
2
15
1
1
1
23
1
1
1
27
3
2
3
52
6
1
3
2
12
5
3
30
27
5
2
54
2
6
1
44
3
2
2
14
1
1
3
12
7
4
3
44
6
6
1
4
3
2
3
29
2
5
3
53
7
1
3
38
10
5
1
42
1
2
2
65
2
1
3
53
2
1
1
16
2
6
2
38
4
6
3
36
10
6
1
11
10
2
2
68
1
6
3
15
17
5
1
30
16
2
2
60
1
5
3
35
5
6
3
47
3
4
3
32
6
4
3
1
8
6
3
14
26
5
3
10
9
6
2
68
4
6
2
61
2
6
1
10
1
6
2
4
1
6
1
16
4
4
1
40
1
5
1
7
2
1
1
25
1
2
1
49
1
3
3
47
7
6
2
31
2
5
3
49
2
1
2
3
3
5
3
27
12
1
2
43
1
5
1
60
1
5
2
3
1
1
