3
37
6
4
2
26
4
4
3
10
9
1
1
15
1
5
3
44
10
6
3
23
17
1
3
54
1
4
1
34
9
6
2
68
4
6
3
30
17
5
1
67
1
2
2
4
2
6
3
41
1
1
1
52
2
3
2
45
1
2
2
12
2
1
2
9
2
6
2
23
1
1
1
38
2
1
2
11
3
2
1
7
2
5
1
30
18
1
1
35
4
6
3
49
5
6
1
14
7
5
2
42
4
6
3
52
8
2
1
23
2
1
2
14
1
1
3
13
7
1
2
33
2
2
3
53
7
6
2
60
4
6
1
22
3
3
2
29
1
5
2
65
3
1
3
22
1
1
1
8
4
2
3
26
3
1
1
67
3
4
3
22
8
4
2
7
1
2
1
4
5
3
3
18
19
4
1
33
2
6
3
32
11
1
1
52
3
1
1
39
1
5
2
1
3
5
1
29
2
2
2
36
5
6
3
12
7
4
2
66
3
1
2
66
2
6
3
9
30
4
3
10
20
1
2
71
3
6
3
37
1
5
2
10
2
1
2
22
1
5
3
1
7
1
2
26
3
3
2
30
2
1
1
27
3
2
1
23
3
5
3
1
10
5
1
9
14
1
1
34
2
6
2
7
3
4
1
40
3
1
3
63
10
1
3
5
4
6
3
27
12
6
3
8
10
1
3
9
6
4
1
1
1
6
1
37
2
5
2
35
3
1
2
36
4
1
3
68
11
4
2
29
3
1
3
31
6
5
3
55
15
5
1
16
2
6
2
28
2
6
1
8
11
5
3
71
3
6
3
40
1
6
1
36
3
5
3
44
5
6
3
47
3
6
2
40
2
1
3
2
8
6
2
38
2
1
3
65
8
1
3
28
9
6
2
38
4
1
3
43
5
4
1
68
3
6
2
34
3
5
2
32
2
1
1
39
2
5
3
29
14
4
3
34
4
6
1
54
3
4
3
17
15
5
3
52
1
1
1
65
2
3
3
39
2
1
2
40
4
2
3
38
4
4
1
3
11
2
1
5
2
2
1
33
1
3
2
18
2
1
3
23
11
1
3
31
5
1
3
15
9
6
2
14
2
5
1
6
2
1
1
26
3
2
3
27
3
5
1
42
2
5
3
43
4
4
3
60
23
6
3
4
19
1
2
31
5
3
3
54
2
1
3
36
10
4
1
49
1
6
1
54
2
4
1
71
1
6
1
37
1
5
1
41
1
4
1
60
1
2
3
61
3
1
2
22
3
1
2
32
1
5
3
39
5
5
1
38
1
6
1
26
1
5
2
42
2
1
1
18
5
3
2
5
1
1
2
37
1
6
1
66
3
1
1
12
2
1
2
44
2
2
1
2
6
2
2
39
3
6
2
15
2
6
3
47
8
5
3
2
4
6
3
33
19
2
1
43
3
2
2
13
3
1
1
66
1
2
2
61
3
1
2
54
2
6
3
66
8
6
2
31
4
1
2
6
2
2
2
65
1
2
3
71
5
1
1
32
2
2
2
17
1
1
1
1
2
1
3
45
6
2
2
55
3
6
3
3
5
1
1
36
1
3
3
67
12
5
1
65
1
1
2
18
4
2
1
47
2
3
1
22
1
2
1
49
2
6
2
27
3
4
1
9
3
2
2
54
1
2
2
3
3
1
3
63
5
1
3
49
2
1
1
10
6
1
1
55
1
1
2
15
3
6
3
68
2
6
2
4
3
5
2
17
2
1
1
63
1
2
3
13
2
6
3
38
2
4
3
42
1
6
3
14
18
5
2
61
2
6
1
44
4
2
3
12
4
4
3
4
3
5
2
16
1
6
1
60
2
2
2
2
2
1
1
18
11
1
1
11
1
6
2
37
4
2
1
7
7
6
3
40
5
5
2
25
1
6
2
63
1
2
2
68
2
5
3
11
17
1
1
30
4
1
3
35
2
1
2
28
3
6
2
43
1
5
2
43
4
2
2
30
4
1
1
45
2
5
1
25
1
1
1
42
1
1
1
45
1
1
2
12
1
1
1
61
3
1
1
13
1
3
3
32
1
2
1
29
1
6
3
55
9
6
2
3
2
1
1
16
3
1
1
61
1
2
1
47
1
5
2
27
1
1
1
14
2
2
1
25
2
1
3
3
3
5
3
41
4
1
1
17
7
1
3
65
3
6
3
15
14
6
2
8
3
1
1
55
2
1
2
67
2
6
3
42
3
1
2
2
1
5
1
28
2
1
2
33
3
3
3
26
2
6
2
63
3
5
1
5
1
2
1
31
1
1
1
32
1
3
2
71
1
1
3
6
5
5
3
29
6
6
2
47
3
1
2
9
1
5
3
36
6
6
3
33
11
2
2
53
2
2
2
39
4
5
3
7
1
1
2
67
1
1
2
60
3
4
3
61
2
5
2
8
2
1
2
44
1
5
2
5
3
3
3
35
3
5
1
41
3
6
1
12
6
2
3
6
4
6
2
34
1
1
2
52
6
4
3
28
11
4
2
47
4
2
1
53
1
2
1
35
3
1
3
11
10
4
1
27
1
6
3
45
4
1
2
41
2
6
2
10
1
6
2
41
1
1
2
16
2
5
1
13
2
5
1
15
5
5
3
14
23
1
3
17
8
5
2
25
3
5
2
23
3
2
3
30
12
6
2
49
1
2
1
3
9
2
1
28
1
1
1
63
2
1
1
44
1
3
3
66
9
6
3
34
2
5
2
11
2
3
3
53
8
1
3
16
2
4
3
67
28
1
2
49
3
6
1
68
2
2
3
18
1
5
1
4
8
6
3
60
13
2
1
2
7
2
1
11
8
6
3
25
4
5
3
5
5
6
1
43
2
2
3
16
7
6
1
53
2
2
1
17
11
5
2
1
2
2
2
6
3
5
3
25
5
5
3
8
1
6
1
31
15
6
3
7
5
6
1
71
2
1
2
53
3
1
2
13
1
6
1
6
1
4
1
40
2
1
2
55
1
3
1
10
4
1
2
52
3
1
2
35
2
1
2
45
3
5
