2
60
3
4
2
68
1
1
2
25
1
6
2
15
1
1
1
26
1
5
2
38
3
6
2
31
3
6
3
61
5
6
2
17
2
6
1
3
10
6
1
60
2
6
2
66
2
1
1
39
3
1
1
33
2
1
2
6
3
4
3
43
8
1
3
9
25
6
3
16
4
6
3
35
1
6
1
7
9
1
1
37
1
5
2
66
1
5
1
52
1
6
2
9
1
1
3
14
8
6
2
35
3
6
3
45
4
1
1
10
3
3
2
18
1
2
1
54
1
2
1
25
1
4
3
23
5
1
1
44
1
5
1
12
11
1
3
22
7
1
1
29
2
1
1
4
8
4
3
49
8
4
1
43
1
4
3
31
13
1
2
61
2
1
1
67
2
6
3
44
7
6
1
35
2
6
3
54
1
5
1
6
2
1
1
13
2
2
1
31
4
1
2
4
1
1
2
45
1
5
1
15
5
3
2
1
1
6
1
42
1
6
1
2
7
6
3
1
4
6
1
63
2
6
2
44
3
2
3
36
6
6
3
41
1
6
2
9
2
6
1
61
3
1
1
10
1
1
2
37
3
5
1
18
3
1
1
33
6
1
1
18
6
2
3
60
28
6
3
33
24
1
1
37
2
5
1
12
15
1
3
33
18
1
2
55
3
6
2
15
2
6
1
22
3
2
3
28
1
5
3
68
10
1
1
5
2
2
3
42
1
6
3
18
19
6
3
43
6
2
2
23
2
2
3
39
3
6
2
34
3
1
2
25
3
5
1
39
1
2
3
40
4
1
3
28
4
5
2
28
1
6
2
33
3
5
2
45
3
5
3
23
19
4
3
44
6
1
3
71
3
1
3
37
10
4
3
25
5
4
3
26
5
1
1
45
2
1
3
13
7
1
1
14
14
3
3
3
1
2
1
38
3
5
1
53
2
1
1
30
18
6
3
66
6
1
2
65
4
5
1
49
1
5
2
37
1
1
1
68
1
5
1
66
3
1
1
36
3
6
3
27
16
6
2
3
3
1
2
36
3
5
2
1
2
6
2
61
1
6
1
55
1
2
2
4
2
5
3
54
2
1
1
27
1
1
1
49
2
2
1
27
3
1
3
32
12
6
2
30
3
2
3
29
14
6
3
31
12
1
1
44
3
2
1
11
6
4
3
14
11
6
3
25
8
6
3
8
8
6
1
35
3
6
2
47
1
6
2
32
2
6
2
10
3
1
2
29
2
6
3
30
20
2
3
45
7
6
3
8
19
1
2
49
3
3
1
14
18
2
1
5
1
3
1
1
3
6
2
14
3
2
3
27
14
1
1
66
1
1
2
43
4
2
2
67
1
2
1
67
1
2
1
9
2
5
2
63
1
5
3
68
17
5
1
32
6
1
1
40
3
5
3
3
4
6
3
17
17
6
3
60
22
2
1
8
13
5
1
11
4
6
2
14
2
4
3
61
7
1
2
6
1
4
3
15
2
6
1
4
5
6
3
18
11
1
2
52
1
1
3
22
12
1
3
36
5
1
3
16
2
5
1
42
2
1
1
16
6
3
1
23
1
4
3
12
6
6
1
36
1
6
2
3
1
6
3
32
1
1
2
13
3
6
2
26
1
6
2
54
2
6
3
41
4
1
3
67
29
1
1
1
1
1
2
42
3
5
2
26
4
6
1
17
13
6
2
27
2
1
1
45
1
1
1
52
3
2
2
41
3
2
1
29
3
5
3
6
4
1
3
65
6
4
1
38
1
4
2
39
3
1
2
12
3
2
3
9
12
6
2
11
3
2
2
40
4
1
3
7
2
1
2
23
1
1
2
44
4
6
1
71
1
4
1
65
2
3
2
71
3
1
3
53
8
6
1
23
2
1
2
7
1
6
3
67
37
5
3
17
8
6
3
2
9
5
2
5
3
6
2
32
3
1
2
38
1
6
1
34
10
5
1
63
1
6
3
11
8
1
3
52
4
1
2
67
2
6
1
61
2
3
2
29
3
2
3
12
5
1
2
43
2
1
2
27
3
5
3
37
9
6
1
65
1
6
1
41
2
1
3
13
8
1
3
10
16
6
3
63
1
2
1
54
3
4
2
53
3
2
1
13
6
6
3
30
14
6
2
7
3
6
3
5
2
4
3
49
1
6
2
60
1
5
1
47
2
3
3
53
3
5
1
7
6
1
3
15
17
1
2
5
2
5
1
8
16
5
2
8
3
6
3
40
2
6
3
39
5
6
1
17
7
1
2
54
1
1
3
47
7
6
1
28
3
1
2
35
2
1
1
31
13
2
2
39
2
1
1
41
3
1
2
33
1
5
2
41
1
1
3
38
5
4
2
2
2
1
2
40
1
6
2
13
2
1
3
42
3
1
2
12
2
2
1
3
11
4
2
22
2
6
2
28
3
4
2
42
1
4
2
16
3
1
3
52
3
1
3
4
10
6
2
18
3
6
1
22
1
5
1
53
1
2
2
68
2
4
1
34
4
1
3
6
6
4
1
47
1
2
3
4
1
5
1
26
3
2
3
38
3
4
2
55
1
6
2
65
3
1
2
36
4
1
3
47
9
1
1
2
2
5
3
63
5
1
1
40
2
6
3
55
8
1
3
2
12
6
2
31
2
4
2
53
2
4
2
47
2
6
3
71
2
6
1
32
7
6
3
11
14
2
3
35
3
1
2
10
2
6
3
10
3
5
1
43
2
5
1
30
6
4
3
29
5
5
3
34
3
6
2
63
3
2
3
1
7
1
2
8
1
1
2
11
2
4
2
22
3
5
1
60
1
1
2
49
1
1
1
9
1
6
2
16
2
1
1
28
1
1
1
71
3
6
2
30
5
1
3
34
1
6
2
2
1
3
3
5
3
6
3
65
2
1
3
7
1
1
2
34
1
6
1
6
1
6
1
68
2
2
1
55
2
6
1
15
1
2
1
25
2
5
1
16
2
5
2
52
3
1
2
71
2
6
3
66
2
2
3
26
9
5
2
17
1
1
3
55
6
6
