1
60
2
2
1
39
2
6
2
17
1
6
1
13
2
2
1
65
2
2
3
17
2
6
2
49
3
3
1
28
2
1
2
42
2
2
3
2
5
6
3
52
11
1
1
39
4
5
2
8
2
1
2
12
2
6
1
41
2
1
3
17
11
5
1
42
1
4
3
23
8
6
1
42
2
3
1
28
1
2
3
4
2
6
3
31
15
6
1
35
2
5
2
41
1
6
2
4
1
1
3
6
4
1
2
52
1
1
2
60
4
6
2
5
3
2
1
18
4
6
1
9
11
2
3
6
1
4
3
60
14
6
2
65
2
6
1
1
1
1
3
53
1
1
1
67
3
2
3
67
5
2
3
27
13
1
2
55
1
2
1
6
1
2
3
28
12
5
3
10
1
4
3
3
8
5
1
25
2
1
2
54
2
1
2
6
2
1
1
52
3
3
2
71
1
5
3
13
8
1
2
2
2
1
1
12
18
6
3
63
8
1
3
29
7
5
2
47
4
2
1
33
3
1
2
68
4
5
2
15
3
5
3
41
2
6
2
43
5
6
2
37
2
5
2
33
2
3
1
60
1
2
3
36
11
6
2
28
2
5
3
35
1
5
3
37
3
1
3
15
17
1
2
27
2
1
2
45
3
4
1
38
2
1
3
63
12
1
3
66
4
1
3
33
22
5
1
13
4
1
1
65
1
6
3
33
8
1
1
15
4
6
1
27
1
1
1
44
4
3
2
23
2
1
2
25
3
5
3
45
1
6
2
2
3
5
3
54
1
5
1
23
1
1
2
42
4
1
1
4
8
5
3
61
2
1
1
68
1
6
1
55
1
5
3
39
3
1
2
63
3
6
1
40
1
2
2
40
4
1
3
38
4
5
3
18
2
4
2
44
5
1
3
11
16
6
1
29
2
4
2
53
3
2
1
16
4
3
1
38
1
5
3
25
2
6
3
36
4
2
2
31
2
4
2
71
3
3
1
47
1
2
3
54
2
1
2
5
1
2
2
7
1
2
2
32
4
2
2
14
3
2
2
1
1
5
1
45
2
2
3
65
17
6
2
14
1
1
3
60
29
4
1
7
10
5
3
26
11
1
3
8
9
6
2
38
5
1
1
71
2
1
1
45
1
6
1
32
5
6
2
40
1
5
2
39
2
1
2
67
1
2
1
54
2
2
3
44
10
6
2
13
1
6
1
47
2
1
3
23
3
6
3
4
16
6
1
29
3
5
1
34
4
2
2
18
2
6
3
16
6
5
1
2
5
4
2
9
1
5
2
35
2
6
1
26
2
2
1
2
4
1
2
52
2
1
2
7
3
4
1
66
3
1
3
29
2
5
1
9
8
6
2
38
2
1
1
40
3
2
1
11
1
2
2
68
3
6
3
40
4
1
1
63
2
1
1
49
1
5
2
34
2
6
1
44
2
2
1
10
6
1
3
5
1
6
3
45
7
5
3
71
5
1
2
17
3
6
3
43
3
1
2
10
3
2
1
63
1
2
1
5
1
3
1
30
21
6
2
9
3
2
3
49
4
6
2
53
1
1
1
15
3
6
1
5
2
2
2
41
4
1
3
38
3
6
1
43
3
1
2
27
1
1
3
42
1
6
1
26
1
2
1
36
3
1
3
12
2
5
3
66
2
2
2
22
2
5
1
3
3
3
3
52
8
5
3
25
5
4
2
11
1
6
3
40
3
5
3
2
3
5
2
34
1
1
1
36
1
5
3
22
3
4
1
55
2
5
1
41
1
4
2
33
1
1
3
37
1
5
3
14
26
6
2
30
5
1
2
32
2
6
1
14
16
1
2
16
2
1
1
17
9
6
2
35
1
1
2
10
1
6
3
32
2
6
1
8
7
5
2
25
2
6
3
9
10
1
2
45
2
5
1
52
2
3
3
8
5
4
3
49
5
5
2
3
3
6
1
53
1
5
2
65
4
5
1
54
3
2
2
29
1
6
1
35
4
2
2
54
1
5
1
1
2
1
3
42
2
1
3
55
5
5
1
33
5
3
2
8
1
6
1
22
1
1
3
26
4
5
2
13
3
2
2
61
3
1
2
49
2
1
1
68
3
6
3
61
1
1
2
16
1
2
3
67
27
6
3
1
10
6
2
6
1
6
3
53
4
4
1
23
2
1
1
31
3
6
1
8
4
1
3
30
27
2
3
41
4
6
1
37
1
4
2
26
2
2
3
7
1
1
1
3
2
1
2
22
3
2
3
5
4
1
1
53
2
2
2
37
3
6
1
6
2
5
3
71
4
1
2
18
1
5
3
68
8
5
2
36
4
1
1
61
2
5
2
29
3
4
2
55
2
4
3
65
19
1
3
30
4
1
3
32
5
1
2
36
2
6
3
31
11
6
3
18
14
6
2
39
1
2
2
61
2
5
3
16
4
6
1
16
7
6
3
11
3
6
2
60
2
6
1
71
3
6
2
11
3
6
3
15
13
1
1
31
13
1
3
44
9
5
1
25
1
2
2
31
1
2
3
47
9
1
2
67
2
5
1
14
19
1
3
12
5
1
2
63
1
1
1
67
1
1
1
11
4
6
3
47
10
1
2
23
3
6
1
12
10
3
3
43
6
2
2
66
1
4
3
35
7
4
3
9
30
6
2
30
1
1
1
7
4
1
3
34
7
5
1
61
1
4
2
1
3
5
1
18
7
5
3
68
3
1
1
4
6
2
2
3
2
1
3
14
24
6
2
12
3
2
2
15
1
6
2
44
4
6
2
28
1
5
2
4
2
2
1
17
6
3
2
43
3
1
1
37
2
4
2
66
3
5
1
27
3
5
1
66
2
2
3
10
19
1
3
28
2
5
3
39
6
5
2
26
4
6
1
43
2
5
3
34
5
6
3
3
5
1
3
13
2
6
3
1
1
1
3
55
6
6
1
34
10
6
2
47
1
1
1
49
2
4
3
27
10
5
1
30
6
2
3
22
5
2
3
7
3
6
1
10
2
3
1
32
1
1
1
22
3
5
