1
43
3
1
3
8
14
4
2
42
4
6
2
47
1
6
3
47
6
5
3
68
15
6
1
16
4
1
2
61
2
6
2
16
3
1
1
43
1
6
1
25
1
2
1
12
3
5
3
71
2
1
1
33
3
1
1
66
1
1
1
40
3
1
1
44
2
1
1
17
9
4
3
7
1
1
2
29
3
3
1
10
7
1
3
45
7
6
1
61
2
3
2
35
3
6
2
11
3
2
3
66
9
1
2
41
1
1
2
23
1
1
3
31
22
5
1
34
6
5
2
68
3
5
2
5
2
6
3
15
7
5
1
30
1
1
3
31
4
1
3
34
7
6
2
31
2
5
2
30
4
6
2
10
3
5
3
10
13
5
2
37
4
2
3
27
8
1
1
71
2
5
1
23
2
1
2
9
1
6
3
28
15
6
2
53
2
5
1
30
7
6
2
17
1
1
3
30
28
6
3
2
8
6
3
37
8
5
2
2
2
1
3
1
1
1
3
44
8
2
3
18
24
4
1
16
6
2
2
33
2
2
3
52
8
6
2
71
1
1
1
14
8
2
3
22
2
1
2
6
1
4
3
33
20
6
1
11
10
6
2
7
2
6
1
17
8
2
1
27
1
6
3
55
8
6
1
66
3
1
1
42
1
5
3
54
1
6
3
63
8
1
1
6
2
2
3
27
16
4
1
60
1
2
2
39
1
1
1
1
3
4
2
4
3
6
1
45
1
2
1
38
3
2
2
32
2
6
3
39
8
6
1
32
7
6
2
17
2
1
1
36
3
5
1
11
11
5
3
40
2
1
3
8
1
4
2
43
5
3
3
11
1
5
1
18
5
3
1
68
2
2
2
27
1
6
1
8
11
6
2
27
2
1
1
2
1
1
1
29
1
1
2
1
1
5
2
40
3
6
3
49
1
2
3
26
5
6
2
11
1
6
2
43
2
2
3
38
8
6
1
5
1
1
1
37
2
2
1
28
3
5
3
12
4
5
3
16
1
4
3
65
13
2
1
2
6
6
1
9
2
2
1
55
2
2
2
44
5
1
3
18
20
5
1
49
2
3
2
60
4
1
2
22
3
6
1
10
1
1
2
45
2
5
2
12
1
1
3
17
14
6
3
15
11
6
3
66
8
6
1
33
8
1
1
39
3
2
1
47
3
1
3
55
14
5
2
26
3
3
2
45
1
6
1
65
1
1
3
42
4
1
3
67
4
5
3
53
2
1
1
34
3
6
2
1
2
1
2
66
2
1
2
49
2
1
2
3
2
1
2
14
1
6
2
28
1
5
3
3
5
6
1
71
3
5
2
49
1
1
3
11
20
5
3
26
12
1
1
15
2
2
3
32
8
1
2
68
1
6
2
7
3
5
3
60
28
6
2
4
1
6
2
63
2
6
3
47
7
5
1
8
5
3
3
9
14
1
3
3
3
6
3
42
1
1
2
60
1
1
1
3
11
1
1
15
4
4
3
9
29
2
1
40
2
1
3
10
24
1
2
41
2
6
3
54
2
6
2
38
4
6
2
18
3
4
3
29
12
1
1
52
2
3
2
5
1
1
2
32
3
6
1
45
2
5
2
25
3
1
2
63
3
1
2
33
3
2
3
35
3
1
2
54
1
2
2
55
2
6
1
32
5
1
1
65
2
2
3
7
2
6
1
44
1
3
2
25
1
1
1
14
19
6
3
71
4
1
3
61
1
1
2
44
1
6
2
40
1
6
3
65
12
6
1
67
1
2
3
35
2
1
3
68
1
4
1
23
3
5
3
13
2
4
1
67
2
5
1
60
2
5
3
34
10
5
2
23
3
5
3
23
17
6
2
52
3
6
3
12
3
5
3
1
6
6
2
15
2
1
3
17
1
4
3
28
5
5
1
54
3
2
3
63
10
1
2
6
3
4
1
25
2
5
2
26
4
4
3
36
3
1
1
18
1
4
2
14
2
4
1
27
3
6
2
66
1
5
1
53
1
6
2
13
1
6
3
13
5
6
3
16
7
5
2
53
3
1
2
38
3
4
3
43
3
6
1
38
2
6
1
35
3
6
1
7
1
6
1
7
4
1
1
13
1
4
3
22
1
1
1
22
2
2
3
4
6
6
2
10
2
1
1
12
15
6
3
67
17
6
2
36
2
1
1
55
1
1
2
35
1
1
3
25
2
4
3
6
1
6
1
28
2
5
2
54
2
2
1
41
3
1
2
55
1
1
3
43
5
6
3
14
16
1
2
42
1
6
2
18
1
2
2
67
1
4
1
68
1
1
2
31
4
3
1
35
4
4
2
34
1
1
1
3
6
2
2
39
4
5
1
39
1
6
1
63
1
6
3
32
9
1
3
4
20
6
2
47
3
6
2
52
2
1
1
22
1
5
1
36
2
4
1
13
8
6
1
31
17
1
1
9
8
6
3
40
6
1
3
2
6
6
2
15
1
1
2
36
4
1
3
30
15
4
2
30
2
1
1
53
2
5
3
44
1
5
3
37
12
6
3
60
23
4
3
45
5
1
1
31
6
1
2
65
2
6
1
63
2
3
3
53
7
1
3
38
9
6
1
5
2
1
3
6
4
1
2
37
3
5
2
12
3
1
3
14
6
1
1
54
2
4
2
61
1
5
1
4
5
2
3
5
3
5
2
71
2
1
1
6
1
3
1
47
1
6
2
13
2
5
1
41
1
3
3
41
4
1
1
1
2
1
2
16
1
2
1
61
1
1
1
29
2
1
2
8
1
1
2
2
1
1
3
61
9
1
1
26
1
3
1
37
1
6
3
39
9
6
1
52
1
2
2
29
2
1
3
52
13
5
2
3
1
6
3
23
6
5
3
41
1
1
3
29
4
5
3
36
12
6
3
33
1
6
2
22
1
6
1
26
3
5
2
65
3
1
3
49
6
5
1
49
1
6
2
8
3
6
2
67
2
5
1
42
2
1
2
28
3
5
2
9
2
1
3
5
1
4
3
25
9
6
2
34
3
5
1
4
6
6
