2
10
2
6
2
35
1
1
3
9
17
6
2
34
3
1
3
3
10
5
3
15
1
1
3
7
4
6
2
26
4
6
2
71
3
5
3
38
11
4
3
33
8
6
3
30
4
1
3
2
10
4
1
12
4
3
1
35
1
1
1
6
1
2
2
39
1
1
1
39
2
5
2
23
3
2
2
11
2
3
2
44
1
5
1
39
3
2
3
34
8
1
1
44
1
1
2
26
3
2
2
6
2
1
3
9
9
6
3
45
6
6
2
54
2
5
3
5
5
6
3
53
7
1
2
65
2
1
2
12
2
5
3
44
3
5
1
2
4
1
3
67
21
4
3
35
2
1
3
44
5
6
3
1
4
1
2
32
1
4
3
32
3
6
3
12
6
6
3
3
1
6
2
38
3
4
2
15
2
6
3
12
3
6
2
18
1
6
1
68
1
2
3
6
3
4
1
9
14
3
3
63
6
1
2
8
2
1
1
34
2
1
2
71
1
6
1
10
5
6
1
16
3
5
1
26
2
2
3
30
25
5
3
68
15
6
2
11
1
1
3
67
31
6
1
65
1
1
2
13
1
6
2
52
6
1
2
66
1
5
2
47
2
6
3
27
4
1
3
68
12
2
2
8
3
6
2
35
2
1
1
63
2
4
3
40
1
6
1
41
1
3
3
4
14
1
3
39
7
1
3
26
8
1
3
13
1
6
3
18
15
6
3
53
2
1
2
30
1
6
1
65
2
6
3
47
5
5
1
55
2
2
1
52
2
3
1
37
2
2
3
26
12
6
2
49
3
4
3
25
4
5
3
14
22
5
3
60
3
5
3
31
18
1
3
49
8
5
3
55
17
5
1
31
10
5
1
5
1
5
2
23
2
2
2
28
1
6
1
67
2
2
2
42
4
1
3
4
28
6
2
68
1
1
3
28
12
6
2
49
4
2
3
37
3
1
3
36
8
1
2
37
2
6
1
53
1
2
1
47
1
6
2
30
2
1
2
65
3
6
1
31
2
4
1
10
1
6
3
32
8
1
1
53
2
5
1
3
7
1
2
44
4
1
3
34
2
6
3
52
5
5
2
25
2
6
3
54
2
1
1
30
14
5
2
7
1
5
3
16
7
6
1
67
1
2
1
7
4
2
1
29
1
1
2
4
3
1
2
55
1
2
1
27
3
2
3
71
4
1
2
1
1
5
3
8
16
6
3
52
8
6
1
18
14
6
2
13
2
5
1
25
1
5
1
11
2
1
1
15
5
4
3
61
5
2
1
23
1
6
2
63
2
6
3
43
5
5
3
18
14
6
3
47
6
4
1
15
2
1
1
13
1
5
1
45
2
2
1
18
1
5
3
66
6
6
2
67
2
6
2
29
2
1
1
42
1
1
3
22
9
5
1
44
2
3
2
43
4
5
2
66
3
6
3
35
1
5
3
71
1
5
3
16
4
4
2
34
1
6
3
41
2
6
1
52
1
6
3
40
3
5
2
4
1
1
3
63
11
1
2
16
2
2
2
1
3
1
3
43
6
2
3
1
7
6
3
42
2
6
1
35
4
1
1
49
1
6
2
27
3
4
2
3
3
5
2
61
2
5
2
36
3
1
2
2
1
2
1
5
2
6
2
25
3
5
2
41
2
6
3
38
5
4
1
22
2
4
1
13
2
6
3
5
2
4
2
42
2
2
3
27
1
6
2
6
3
4
1
37
1
5
3
31
15
6
3
45
1
1
2
53
1
1
1
1
1
1
1
36
3
1
1
17
12
1
1
25
2
5
1
22
1
1
1
33
1
3
1
28
1
6
3
36
6
1
2
36
5
6
1
34
4
1
3
7
1
6
1
8
3
5
2
60
1
1
1
33
5
2
1
23
3
6
1
71
3
6
2
9
3
5
2
12
3
2
2
41
3
1
2
31
5
5
2
43
2
6
3
65
8
1
1
36
1
1
2
14
2
5
2
52
4
4
1
1
2
6
2
18
2
1
3
11
7
2
3
25
8
5
1
8
14
3
3
23
7
1
3
55
7
4
2
2
2
1
1
7
6
3
1
49
2
5
1
55
1
5
3
14
24
1
1
3
2
6
2
15
3
6
3
65
9
5
1
17
16
6
1
68
3
1
1
38
3
2
1
61
3
5
2
17
1
6
3
39
6
6
3
37
6
6
1
14
12
4
2
7
3
5
3
10
10
5
1
29
3
3
1
43
2
5
3
42
1
1
1
9
3
2
1
47
3
1
1
63
1
6
1
4
5
2
1
4
8
4
2
29
3
1
3
11
16
6
3
29
16
5
1
41
2
1
2
3
2
6
1
60
1
2
2
47
4
6
1
2
7
4
2
45
4
6
2
33
3
6
2
40
3
6
1
60
2
1
1
12
17
2
1
38
2
1
3
61
7
5
1
71
2
1
1
11
1
1
1
66
2
2
1
40
3
4
2
5
3
2
1
16
7
6
1
42
2
3
2
28
2
5
1
32
4
6
1
45
1
2
1
30
9
6
2
54
1
6
1
32
3
1
1
43
3
5
1
40
1
3
2
22
3
1
3
28
14
6
1
6
2
5
1
54
1
5
2
39
3
1
3
2
9
2
3
17
5
5
1
14
19
1
2
60
3
4
2
22
2
6
2
63
1
2
2
14
1
1
2
17
3
5
1
28
3
2
3
23
11
1
1
54
3
6
1
61
1
4
3
22
5
6
2
33
1
4
2
67
1
5
2
27
2
1
2
32
3
1
2
55
2
5
2
5
1
1
3
41
4
1
2
61
3
6
3
54
1
5
2
10
1
6
2
68
2
4
3
17
11
5
3
66
1
1
3
6
1
5
3
29
4
6
3
60
14
6
2
9
2
1
3
8
10
1
2
37
4
1
3
10
5
5
1
26
3
1
2
40
1
5
2
16
1
6
2
38
5
1
2
53
2
3
3
33
24
5
1
27
2
6
3
15
15
1
2
45
2
5
2
31
1
1
1
66
3
6
3
13
2
6
3
49
5
5
