3
5
1
6
3
39
7
1
2
3
3
5
2
16
1
5
3
33
1
6
2
12
1
6
3
13
5
6
3
45
3
1
3
43
4
4
3
11
13
6
3
18
17
6
2
10
1
4
1
10
6
6
1
65
1
1
2
65
2
1
1
53
2
6
3
14
12
6
2
12
2
2
1
22
2
6
2
25
1
1
1
71
1
5
2
9
1
6
2
13
1
6
2
5
2
6
2
35
3
1
1
44
2
3
2
49
2
1
1
37
2
1
3
55
13
6
1
39
1
6
2
22
2
6
3
41
2
1
2
52
5
5
2
15
3
6
1
27
2
2
3
32
11
6
1
8
16
2
1
44
4
6
2
22
3
2
3
67
17
6
3
6
5
5
3
37
4
6
3
71
2
6
1
63
1
1
2
27
3
6
3
18
15
5
1
3
1
2
2
41
1
6
1
2
2
1
2
71
1
5
1
5
1
3
3
30
24
2
2
17
2
6
1
28
1
1
3
61
1
1
1
27
3
2
1
47
1
2
1
68
2
1
2
47
1
6
3
35
1
4
2
60
2
6
1
37
1
5
2
32
4
1
1
7
3
2
2
2
2
6
1
60
2
5
2
55
2
5
3
38
10
4
2
29
2
1
1
10
4
6
3
54
2
6
3
8
20
6
1
5
2
4
3
25
5
6
3
4
13
5
2
37
4
1
2
7
1
6
1
1
3
2
3
9
12
6
3
36
15
5
3
23
10
5
2
33
1
3
1
18
9
4
3
37
3
6
1
61
1
2
2
43
5
3
2
10
2
1
1
49
2
1
1
7
8
1
2
47
4
5
1
42
2
5
3
8
14
5
1
25
3
6
3
40
1
1
3
65
2
5
2
67
2
5
1
28
2
6
2
18
1
2
3
27
14
1
1
13
9
2
2
5
1
2
1
35
3
1
2
6
3
5
3
13
1
4
3
66
8
4
1
31
18
4
1
17
4
6
1
29
3
1
3
22
4
6
1
16
7
4
3
2
4
1
2
71
3
3
2
4
1
6
1
55
2
1
3
35
4
6
1
36
1
5
3
52
16
6
1
42
1
4
1
23
2
1
3
26
4
5
3
63
2
4
1
32
4
1
2
18
2
1
3
54
1
5
1
23
3
1
3
63
8
6
1
1
2
1
2
38
2
1
1
11
5
2
2
30
1
1
3
61
11
1
1
12
4
3
2
42
3
2
3
41
3
6
2
35
2
5
3
44
2
6
1
52
2
1
3
65
16
4
3
32
12
1
2
7
3
6
2
14
1
1
1
61
2
4
3
45
7
5
3
1
4
1
2
25
2
4
1
25
2
1
2
66
3
5
2
34
2
6
2
26
1
1
3
27
8
6
2
11
3
2
1
38
1
2
1
43
3
2
1
71
2
5
3
44
3
1
3
49
6
1
1
14
6
2
2
40
2
2
2
36
5
6
3
6
2
2
1
32
7
6
2
45
4
5
2
6
2
2
3
30
11
1
2
39
1
1
3
15
4
1
3
53
5
5
3
29
14
6
1
49
1
1
3
60
15
2
2
40
3
2
3
16
2
4
2
41
4
1
2
4
2
1
1
63
2
2
3
25
2
4
2
26
2
2
1
41
2
1
2
37
2
4
2
23
3
2
1
30
6
3
3
11
26
1
1
66
3
1
1
54
2
5
3
49
1
2
1
9
12
5
1
4
7
2
1
17
3
1
1
33
8
2
2
52
4
5
1
29
2
1
1
31
16
6
3
68
17
5
2
55
3
4
1
34
8
6
2
68
1
6
1
13
6
6
2
8
2
1
1
65
2
4
1
14
2
5
3
15
3
6
3
53
1
2
3
29
18
6
3
52
9
1
2
8
3
1
1
68
3
1
3
67
5
5
1
6
2
5
1
60
1
6
3
47
3
5
1
43
1
6
2
66
2
6
1
34
7
6
2
53
3
3
1
12
17
5
2
33
2
1
1
38
3
1
1
36
2
4
2
11
2
4
1
15
4
3
1
26
1
5
1
67
3
3
3
4
26
6
1
54
3
3
3
47
9
1
1
9
3
1
3
42
4
1
3
68
3
1
1
55
1
1
3
36
7
6
2
15
1
6
3
43
5
4
3
5
2
4
3
39
2
6
2
1
2
6
2
44
4
1
2
34
3
5
2
27
1
1
1
67
2
5
2
38
5
3
3
28
15
6
3
7
3
1
1
18
4
1
2
17
3
6
2
45
3
4
1
26
3
2
3
60
19
6
1
2
6
6
1
45
1
6
1
4
4
1
3
22
12
6
1
39
4
5
2
42
4
1
3
10
23
1
3
40
3
5
3
71
3
6
3
38
3
4
2
32
2
6
3
42
1
6
3
1
1
1
2
36
3
6
2
63
1
1
2
9
3
1
1
16
1
1
2
1
1
1
1
33
2
5
3
26
7
4
3
66
2
1
3
33
12
2
2
16
3
6
2
13
2
2
1
40
2
5
1
41
3
1
2
49
4
2
2
39
3
6
1
15
2
2
2
28
3
5
3
16
6
6
1
40
3
2
3
31
15
1
2
60
4
1
2
61
3
6
1
11
8
1
3
31
19
6
1
3
5
4
3
14
19
6
2
2
1
4
2
3
2
6
3
9
8
1
1
30
15
2
3
12
3
6
2
44
3
5
3
10
12
1
1
35
1
2
2
63
2
6
3
28
6
5
3
17
14
1
3
55
3
1
2
54
1
1
2
67
1
5
1
8
13
5
1
53
1
2
2
43
1
5
3
3
6
2
2
31
2
5
1
45
2
6
2
54
2
1
2
61
1
1
1
47
3
6
1
22
1
2
2
30
4
2
3
34
4
6
3
3
3
2
3
17
12
6
3
23
16
5
1
66
2
6
3
34
7
5
2
29
3
3
2
65
4
6
3
12
1
1
2
68
4
1
2
14
3
1
1
52
3
6
3
7
1
6
2
31
3
6
1
6
1
5
3
2
8
6
2
23
2
1
2
53
1
5
2
28
1
5
