3
3
6
1
2
15
3
6
3
15
13
6
2
25
2
5
2
8
1
1
2
33
2
4
2
54
2
2
1
16
1
6
2
16
1
3
2
7
2
1
1
41
3
1
2
67
1
3
1
34
9
1
2
52
6
3
1
43
1
5
2
6
3
4
2
30
1
6
1
53
2
2
1
37
1
5
2
66
3
5
1
18
14
1
3
14
19
6
2
67
2
6
1
67
3
3
3
4
21
1
2
5
2
6
2
28
1
5
2
60
1
1
3
18
12
1
1
35
3
1
1
52
2
4
3
34
6
6
2
12
3
2
3
67
34
5
1
15
5
4
1
26
2
5
2
11
1
6
1
52
1
6
1
32
4
1
3
32
4
1
2
11
2
2
2
68
3
5
1
42
2
5
1
22
2
3
2
25
3
1
2
23
1
6
2
49
1
2
2
13
3
2
1
38
3
6
2
63
3
2
1
26
1
4
1
39
2
6
3
1
2
1
3
67
13
4
3
22
9
4
1
28
1
1
1
25
1
6
1
36
2
6
2
15
2
1
3
18
24
5
3
36
10
5
3
45
6
5
2
27
1
6
2
37
1
6
2
31
1
2
3
36
11
1
3
60
11
1
2
71
1
5
1
63
2
2
2
12
2
6
2
36
3
3
3
31
2
4
2
17
3
5
3
54
2
1
2
52
4
4
3
16
4
5
3
12
5
1
1
41
2
6
3
40
4
1
3
49
5
5
2
41
5
3
2
39
2
1
3
3
1
6
1
2
1
6
2
38
1
4
1
6
2
6
2
39
4
6
1
6
1
1
1
49
2
6
2
68
4
1
1
40
2
1
2
38
5
3
3
10
25
5
2
28
2
5
3
5
4
6
3
13
8
6
1
37
2
2
2
47
4
4
2
18
4
2
3
2
4
6
3
47
4
6
1
14
20
1
1
33
6
1
2
43
4
5
3
4
4
1
3
28
10
5
2
30
4
1
1
7
4
5
1
11
3
2
3
65
7
2
2
65
3
1
2
53
2
1
1
23
1
2
3
44
4
5
3
71
4
1
3
63
3
1
3
31
9
6
2
63
2
5
3
7
2
1
3
17
16
1
1
25
3
1
2
47
1
6
1
47
3
1
1
44
4
4
3
37
10
6
1
30
12
5
1
14
11
5
1
7
1
1
3
66
4
6
2
14
1
1
3
65
18
1
3
35
6
6
1
65
1
6
2
4
1
6
2
55
3
5
2
42
2
2
3
38
7
1
2
42
1
5
3
38
5
4
3
52
13
6
2
66
2
1
1
23
3
1
2
32
3
5
3
26
11
6
1
2
3
2
3
41
1
1
2
26
1
6
2
9
3
2
1
53
1
2
1
4
3
2
1
55
2
1
1
9
11
4
2
29
2
1
2
65
2
6
2
27
3
5
1
38
1
3
3
27
2
6
2
10
2
1
1
13
7
5
3
66
5
6
1
71
2
1
3
8
15
5
2
16
2
1
3
30
21
2
2
34
3
5
2
26
3
1
1
44
2
5
3
23
9
1
3
68
4
1
1
61
2
1
2
34
1
6
1
15
3
1
2
61
1
2
3
52
11
1
1
27
2
2
3
9
20
6
1
47
1
1
1
68
2
3
3
29
1
5
3
41
2
6
3
13
3
5
3
33
11
6
1
9
1
1
3
32
8
6
1
40
1
5
3
53
5
4
3
60
3
5
1
65
2
6
3
5
5
6
1
32
6
1
3
63
12
1
3
10
8
1
2
45
3
4
2
5
1
5
3
15
5
4
1
3
1
1
1
42
1
1
1
4
2
1
3
11
15
5
2
40
2
5
1
17
7
1
1
3
6
5
3
55
7
6
2
13
1
6
3
61
11
1
3
42
1
1
1
5
2
1
2
22
2
6
3
44
1
6
2
71
3
6
3
55
4
6
3
25
6
6
1
10
3
1
3
45
1
6
2
1
1
6
1
12
9
1
3
29
2
6
2
61
2
6
2
36
5
4
3
33
5
1
1
29
2
6
3
71
2
6
1
68
3
1
2
23
3
2
1
5
1
5
2
3
1
6
1
60
1
1
1
34
8
1
1
30
19
2
1
39
3
4
1
36
1
3
1
10
2
4
2
54
1
5
3
39
4
6
1
31
5
5
2
9
2
1
2
32
2
1
1
35
2
6
2
40
3
6
1
33
5
4
3
25
9
4
2
4
2
1
2
1
2
1
2
18
2
4
2
6
2
2
3
22
7
1
2
8
3
1
3
23
5
1
1
66
2
6
1
66
1
2
1
54
3
1
3
26
4
5
2
2
3
4
1
61
1
3
3
49
1
2
3
1
9
1
2
41
4
6
2
35
2
5
3
34
2
5
1
11
9
5
2
43
3
1
1
43
3
2
2
44
5
6
3
54
1
6
3
6
4
6
1
22
1
2
3
17
10
6
3
39
6
5
3
28
16
6
1
31
10
1
1
55
1
3
1
12
16
1
1
16
6
4
2
7
1
1
1
18
11
1
3
43
1
2
2
29
1
6
3
7
1
1
1
29
3
2
1
60
2
5
3
35
8
5
1
45
2
1
1
1
1
1
1
8
14
1
3
16
1
4
2
10
3
2
2
14
2
6
3
14
14
6
1
28
3
3
3
30
22
4
1
27
3
5
3
61
8
6
3
9
7
6
2
33
3
3
1
8
2
3
2
22
3
2
3
47
10
1
3
53
7
1
1
17
11
4
2
45
4
4
2
17
2
5
2
55
2
5
3
6
2
5
3
2
3
6
1
49
1
5
2
44
2
2
2
2
2
1
3
27
10
6
1
71
3
6
1
13
4
1
2
53
1
1
3
37
9
6
3
42
3
6
1
63
1
5
3
43
2
6
2
60
4
1
3
12
7
5
2
3
2
1
2
49
2
5
3
68
17
5
3
8
2
1
3
40
1
1
2
37
4
1
1
54
1
5
1
1
3
2
1
67
1
1
1
45
1
2
2
31
2
5
2
35
3
1
3
11
19
1
