1
60
2
3
3
38
6
1
2
10
3
2
2
41
3
6
2
4
2
6
2
68
1
6
2
2
2
1
1
71
2
5
3
29
13
5
1
25
1
1
2
67
1
1
2
33
3
2
3
36
12
6
3
6
4
1
1
31
2
6
1
49
1
6
1
3
3
4
2
68
3
2
3
49
7
1
3
35
7
4
1
23
1
5
1
61
3
2
3
43
8
1
3
3
9
6
3
22
4
5
3
14
3
6
3
25
4
5
1
28
1
2
3
7
5
6
1
68
3
6
3
10
24
5
1
5
2
3
3
60
8
1
2
39
4
5
3
37
12
1
1
10
8
5
2
47
2
6
1
3
8
6
2
45
1
1
2
60
4
6
1
45
2
2
2
66
2
6
1
54
3
5
3
40
5
6
1
39
1
1
2
65
1
6
2
17
3
6
1
61
1
3
3
29
12
5
2
13
3
1
2
35
1
1
2
65
2
1
3
28
11
6
1
33
6
1
3
5
2
6
2
14
2
5
3
49
5
5
3
42
3
1
3
52
13
6
1
65
2
4
2
25
1
1
1
7
2
5
3
71
1
6
3
2
4
1
2
47
1
6
1
67
2
6
3
68
12
1
2
53
1
6
2
16
2
2
3
15
8
6
1
45
1
1
1
65
1
6
1
14
4
3
3
35
3
6
2
23
3
1
1
22
2
3
1
68
2
5
2
27
2
6
3
65
18
1
2
26
3
6
2
13
1
1
1
35
1
6
3
38
9
1
2
9
3
1
2
54
2
2
2
17
2
2
3
4
13
6
1
29
2
1
1
27
3
1
1
32
2
5
1
18
6
1
3
55
2
6
3
26
10
2
3
25
9
4
1
13
1
6
3
37
7
5
3
63
4
1
2
11
3
2
3
14
12
6
2
30
5
6
3
61
8
1
1
52
1
2
1
37
2
3
2
31
5
1
1
11
2
1
1
22
3
4
1
7
7
2
1
52
3
5
2
33
1
1
2
63
2
5
2
43
2
3
3
18
8
1
2
38
4
6
1
34
8
1
2
34
2
1
3
68
11
4
1
38
3
6
2
15
2
6
2
3
2
1
2
14
3
1
2
32
2
6
2
34
3
5
2
44
4
1
2
54
1
2
2
71
1
5
1
25
3
1
1
47
1
5
3
53
4
6
3
44
4
6
3
47
1
6
3
41
4
6
1
8
10
1
3
6
6
6
2
11
2
3
3
53
6
6
1
1
2
1
3
65
10
5
3
13
4
2
3
30
20
2
2
49
3
2
3
55
7
4
3
31
8
6
3
7
3
6
1
29
1
6
1
13
9
2
3
12
7
4
2
36
2
1
2
22
1
4
3
41
3
5
1
38
2
1
2
55
3
4
1
11
4
6
1
6
1
3
1
44
1
3
3
11
4
1
1
8
14
2
1
53
1
2
1
55
2
2
3
66
3
6
1
49
2
3
3
27
5
1
1
30
9
6
3
23
9
6
2
12
1
1
1
2
5
4
1
66
2
1
2
26
2
2
1
36
2
6
3
3
2
2
2
39
3
6
2
52
3
1
3
5
5
5
1
43
1
6
1
47
3
1
3
1
3
1
3
39
5
5
3
47
7
6
1
14
21
5
2
18
1
1
1
18
1
6
3
66
4
1
2
66
1
4
3
23
19
5
3
18
16
6
3
22
8
5
2
22
2
6
2
40
3
6
1
9
3
1
2
36
3
1
2
18
3
4
1
43
3
6
3
15
3
6
3
67
13
4
2
40
1
2
3
26
8
5
2
16
3
1
3
28
16
5
2
29
1
6
2
61
2
1
1
23
2
1
2
4
3
2
1
66
1
6
1
60
1
1
1
32
3
3
3
10
2
6
2
5
3
2
3
8
13
2
2
67
2
6
2
29
2
1
1
54
2
1
2
28
3
4
1
33
5
2
2
23
1
1
1
17
2
2
3
33
10
6
2
1
1
1
1
12
15
2
2
7
3
6
3
12
5
1
2
42
1
5
3
36
6
5
3
45
1
1
1
41
2
1
2
60
2
5
3
17
16
6
3
54
1
4
2
41
1
6
1
40
2
6
1
71
1
4
2
32
4
2
3
11
17
6
2
61
3
6
1
5
1
3
3
9
5
6
3
1
4
1
2
37
3
6
1
27
2
1
2
5
2
5
3
52
11
6
2
42
2
5
2
30
1
6
1
67
1
2
2
45
3
6
3
39
10
6
2
28
1
6
2
44
3
2
2
37
2
4
3
9
8
1
2
7
2
5
2
52
1
1
2
8
3
1
1
2
3
1
2
6
2
1
1
37
1
5
2
55
1
3
3
45
6
2
3
33
7
6
2
53
3
5
2
43
5
6
3
31
10
2
3
32
2
5
3
32
4
1
2
49
2
5
1
39
4
2
1
30
6
4
1
35
4
1
2
9
2
1
2
2
1
2
1
53
2
2
1
4
3
5
1
28
2
1
2
38
3
4
3
71
5
1
3
61
10
6
3
16
6
5
1
31
9
1
2
63
1
6
3
13
6
5
3
43
2
6
1
26
1
3
1
42
1
3
3
34
10
6
1
42
2
4
1
15
1
3
1
44
3
5
2
27
1
1
3
34
3
5
1
16
1
6
1
36
3
2
3
27
7
5
2
12
2
1
2
15
1
1
2
10
1
4
1
12
4
6
2
71
2
6
1
41
3
1
3
54
2
1
1
26
3
1
2
25
2
5
3
16
1
5
3
30
26
5
3
42
2
1
2
35
2
1
1
16
4
3
1
17
6
6
1
10
3
1
3
67
30
6
1
63
1
2
3
63
8
6
2
1
3
6
1
4
6
1
1
55
1
1
3
60
15
1
1
63
2
2
1
15
2
5
1
9
5
1
2
8
2
1
3
44
8
2
1
6
2
5
2
6
3
4
2
31
4
2
3
17
14
1
3
40
3
4
2
3
1
1
1
1
3
6
1
40
3
1
1
34
7
2
3
2
11
4
3
8
17
4
3
4
6
6
