3
5
4
1
1
17
6
1
1
54
3
1
1
18
6
1
3
53
8
1
2
67
2
6
3
11
7
5
1
33
6
6
2
34
2
6
2
40
2
5
1
15
5
3
2
68
2
5
1
5
2
1
3
35
2
1
3
27
2
6
3
41
1
6
2
61
2
1
3
54
2
6
3
34
1
6
3
68
3
1
1
67
1
1
3
26
1
6
1
12
13
2
1
54
1
1
2
52
2
1
1
42
2
1
3
45
7
4
1
13
7
2
1
34
1
1
3
25
8
6
2
22
1
4
3
7
4
5
2
25
3
1
3
60
24
1
1
65
1
6
2
54
1
2
1
30
5
6
1
66
2
2
2
2
1
2
2
32
1
4
1
10
2
2
3
6
3
6
3
1
6
1
2
40
1
1
2
16
2
1
2
30
3
5
3
1
3
2
2
41
5
6
2
7
2
6
3
30
10
4
3
17
3
1
3
9
20
5
2
61
1
2
2
63
1
5
3
2
9
2
3
33
7
4
1
42
1
3
2
32
4
1
1
10
7
2
3
49
6
1
1
63
2
2
1
41
2
1
2
23
2
1
1
66
1
5
1
22
1
3
2
34
1
1
3
45
1
2
2
14
1
6
3
31
28
6
3
60
7
5
1
11
5
5
2
27
1
1
2
66
2
1
2
26
3
4
3
18
20
6
2
5
2
6
1
31
4
1
3
40
5
6
3
5
3
6
1
47
3
6
1
38
3
5
1
13
2
1
3
34
2
6
1
16
3
6
2
71
3
5
1
41
1
2
3
15
14
1
3
63
3
1
3
26
7
6
2
12
1
1
1
12
15
6
2
5
3
1
3
55
13
1
1
61
3
4
3
4
2
2
2
4
1
1
1
33
3
2
2
36
1
6
1
60
2
4
1
44
3
5
1
29
1
3
3
8
10
1
2
53
2
3
2
15
1
1
3
36
9
4
3
3
4
6
1
47
2
2
2
38
5
5
2
53
1
5
2
3
1
1
2
37
2
6
1
2
1
1
3
55
16
1
2
9
2
1
1
43
1
6
1
32
2
3
3
39
7
1
1
9
13
6
2
33
2
6
3
38
8
1
3
29
10
4
2
6
1
5
2
28
1
6
3
4
4
6
2
10
1
5
2
43
4
6
3
43
3
1
1
40
3
2
3
16
2
4
1
49
1
5
3
47
9
1
1
23
2
6
2
65
2
1
2
39
1
1
3
27
12
6
2
35
2
6
2
71
2
6
1
27
1
6
1
27
2
2
1
30
2
6
2
55
2
4
3
63
5
1
1
53
2
1
1
40
1
4
3
49
8
4
3
52
15
4
2
17
2
1
2
31
5
2
3
66
7
5
1
52
1
6
3
54
1
6
2
8
1
6
2
2
2
1
3
65
20
6
1
26
2
6
1
68
2
3
3
11
24
2
2
28
3
6
3
61
5
5
2
35
3
6
3
22
4
6
2
68
1
6
2
29
3
1
3
32
1
2
2
8
3
1
3
40
4
6
1
71
2
6
1
17
15
5
3
44
8
6
3
25
2
6
2
14
2
6
2
38
1
6
2
41
4
1
2
49
4
5
1
6
2
1
3
37
4
1
2
1
3
5
1
31
2
5
3
10
5
4
1
5
1
6
1
18
11
1
1
28
2
5
1
39
1
5
2
67
1
4
1
32
1
5
1
37
2
6
2
45
1
2
1
53
1
6
1
25
3
4
3
15
3
1
1
52
2
4
3
10
22
6
2
45
3
6
2
31
4
6
3
71
3
6
1
3
6
1
3
14
12
1
3
65
1
1
3
38
4
5
3
18
2
4
2
7
1
2
2
18
4
6
2
47
3
6
2
1
2
6
2
11
2
3
1
45
1
6
1
4
5
6
2
52
6
3
2
39
3
6
1
43
2
3
1
34
9
6
3
43
7
2
3
41
3
6
2
29
1
5
3
23
12
1
2
54
2
6
3
67
7
1
2
15
2
6
3
66
2
5
3
29
7
6
1
14
17
1
3
7
3
1
3
35
4
5
2
23
1
1
1
71
1
5
3
9
10
1
2
6
2
2
2
33
1
3
2
3
3
6
1
3
9
2
2
49
1
2
3
42
3
1
1
35
2
1
3
33
5
6
1
45
2
5
2
11
3
3
1
9
11
2
2
10
3
2
1
16
1
3
3
32
11
5
3
23
17
1
3
47
5
4
2
13
1
6
1
38
1
2
3
17
16
1
3
6
1
4
1
14
9
6
2
36
2
1
3
61
7
6
1
22
3
5
2
9
1
6
3
28
7
4
3
53
2
6
2
63
2
6
3
2
11
5
1
11
12
5
2
55
3
4
3
12
5
6
3
13
5
1
3
16
7
6
1
61
2
6
1
25
1
1
3
67
18
1
2
12
2
6
3
37
2
5
2
60
2
6
3
8
18
1
2
47
2
5
2
22
3
5
1
36
3
1
3
36
8
6
1
7
9
3
1
39
2
6
1
44
1
5
2
18
2
6
2
66
3
5
2
4
2
2
1
63
1
5
1
6
1
5
2
37
1
1
2
13
2
6
1
55
2
1
1
29
3
3
3
3
10
6
3
44
1
4
1
4
2
1
3
12
3
4
1
8
5
3
2
25
1
6
3
52
12
6
3
68
2
1
1
8
12
1
1
28
3
2
3
28
12
6
1
65
2
2
2
65
1
6
3
39
3
1
1
1
3
2
1
2
6
2
1
1
2
1
1
37
1
4
2
26
2
2
1
49
2
3
2
42
3
2
1
7
3
1
1
55
1
2
1
15
3
1
3
14
6
2
1
23
3
5
3
22
11
1
3
42
2
1
2
30
4
1
1
36
2
6
3
13
4
2
1
67
3
3
3
31
9
1
1
60
1
1
2
17
1
1
1
68
3
1
2
44
2
4
2
27
3
4
1
35
1
5
2
44
5
1
2
42
4
6
3
30
27
2
3
71
1
4
2
43
2
2
1
26
3
6
2
60
1
5
2
16
3
1
