3
29
1
5
2
42
3
1
3
2
2
6
2
29
2
1
2
34
3
1
2
40
2
1
3
66
5
5
3
49
4
1
1
4
2
6
1
3
7
6
2
29
3
4
3
44
3
2
2
16
1
4
2
18
3
4
2
1
3
6
2
35
3
6
2
40
4
1
1
14
8
5
2
7
2
2
1
16
5
3
3
39
2
1
1
53
1
2
1
5
2
1
2
25
1
6
1
41
2
6
3
45
2
5
1
15
1
6
2
6
3
4
1
23
3
5
3
6
2
6
1
15
4
2
1
12
16
1
1
54
3
2
3
45
7
6
3
53
8
1
1
31
9
2
3
43
7
2
3
14
2
6
3
25
8
6
2
34
2
6
2
18
4
2
1
40
2
1
2
52
5
1
2
10
1
6
1
39
2
6
2
15
3
5
1
4
5
6
1
65
2
1
1
6
2
6
2
15
1
1
1
10
2
5
2
60
1
5
2
22
1
5
1
49
1
5
3
9
7
1
2
8
2
6
1
40
1
2
3
2
5
6
3
7
1
1
3
26
11
1
1
31
1
1
3
55
3
6
1
27
1
1
2
9
1
6
3
31
8
6
1
2
7
4
3
23
16
1
3
67
23
6
3
32
10
5
3
29
6
5
2
71
1
5
2
42
1
6
3
1
1
1
2
43
2
4
2
17
3
1
1
66
1
2
3
71
3
1
2
52
2
1
1
22
3
2
2
11
1
1
1
44
4
6
1
9
12
3
1
35
3
1
2
28
2
5
3
35
5
5
3
18
2
5
1
17
12
6
3
68
8
5
3
22
12
1
2
67
1
5
3
40
1
1
1
13
5
6
3
34
3
4
1
1
3
3
2
45
2
6
3
35
2
1
1
45
1
5
2
68
2
5
2
54
2
1
1
43
1
6
3
9
4
6
1
67
3
4
3
10
7
1
1
55
1
4
3
39
3
6
1
60
1
1
1
11
9
1
2
44
2
1
2
14
2
6
3
41
4
1
3
36
2
5
3
49
6
2
3
17
14
1
2
37
1
1
2
39
4
5
1
52
3
6
2
55
2
4
2
12
1
1
1
16
3
5
3
15
4
1
3
16
3
5
2
53
1
4
3
16
2
4
3
12
5
1
3
55
5
5
1
13
9
2
2
26
4
4
2
63
2
6
3
67
35
5
3
66
1
6
2
36
2
1
3
28
15
5
2
23
2
6
3
26
6
1
1
37
2
3
3
1
5
6
3
43
4
5
3
6
5
5
2
66
2
2
2
65
3
1
3
38
7
2
1
18
5
1
1
41
3
6
2
66
1
4
2
5
1
1
2
37
3
5
1
68
2
1
2
55
1
1
3
44
1
6
2
49
2
2
1
66
3
1
3
30
12
1
1
34
6
1
2
39
3
6
1
63
2
4
1
29
1
3
1
61
1
4
2
31
1
6
3
40
5
4
1
18
12
1
2
4
2
1
2
13
1
1
3
41
1
1
1
1
1
1
2
32
3
2
1
6
1
3
1
29
3
6
1
32
4
6
3
15
17
6
1
63
1
1
1
38
1
4
2
3
2
1
1
42
1
4
1
43
2
3
3
34
5
5
2
38
5
3
1
36
2
4
1
55
2
1
2
47
2
2
2
33
1
1
2
63
1
5
1
5
1
3
2
30
5
1
1
68
3
6
2
14
1
6
3
54
2
1
2
2
3
2
3
61
2
2
3
42
3
1
3
32
7
1
3
53
7
6
3
36
6
6
2
65
2
1
2
1
2
2
3
25
9
5
2
22
2
5
1
26
3
5
2
9
2
1
2
5
2
5
3
52
11
6
3
8
13
2
1
25
3
1
3
65
1
6
3
47
1
2
1
52
1
3
1
30
16
2
3
13
7
1
2
61
1
5
1
27
2
1
1
8
17
5
2
71
3
1
3
30
8
5
3
27
4
6
3
13
2
6
3
10
13
6
2
13
3
1
1
34
4
5
2
10
3
6
3
63
12
6
2
54
1
2
2
44
4
6
1
14
11
5
3
31
24
4
2
16
2
6
3
47
3
6
3
33
7
6
3
68
3
5
2
27
2
1
2
12
3
1
3
18
7
6
1
71
1
5
3
33
20
1
1
67
2
2
2
25
3
5
3
11
14
2
3
5
4
1
1
65
1
1
2
7
1
2
2
8
3
1
3
3
3
5
1
11
10
5
1
44
1
4
1
2
4
1
2
61
3
1
1
25
2
5
2
41
2
5
2
49
4
5
2
6
2
6
2
11
2
2
2
36
3
3
1
9
9
2
3
28
3
6
1
8
3
3
1
10
1
1
2
60
3
4
3
4
23
5
1
47
3
1
1
7
3
1
2
4
1
1
1
39
1
5
1
60
2
2
3
52
12
1
1
12
6
6
3
8
11
6
3
3
10
6
2
45
1
2
3
27
15
5
2
27
1
6
1
36
3
2
3
54
1
5
3
14
15
1
3
60
1
1
3
11
25
1
2
43
5
6
2
67
2
5
3
4
11
6
1
22
2
1
1
71
3
5
2
68
4
2
2
17
2
6
1
61
2
2
3
37
12
6
2
47
3
1
3
12
2
4
1
7
2
2
1
30
12
1
2
3
3
5
1
28
2
2
1
33
7
3
3
61
8
1
3
42
1
6
1
47
2
3
2
38
4
1
3
5
5
4
3
38
4
6
2
23
1
1
3
60
10
5
3
22
11
6
1
26
1
4
2
53
2
3
1
54
1
1
2
28
3
5
2
30
4
1
1
23
1
6
1
38
3
2
2
2
1
1
1
28
3
4
2
26
2
5
1
3
2
2
1
42
2
3
2
31
3
1
1
53
2
2
1
37
1
6
3
23
18
4
1
49
2
3
1
32
3
4
2
33
3
3
3
37
8
4
1
17
9
3
2
41
3
1
3
7
4
4
3
63
3
1
1
45
2
2
2
35
1
6
1
33
5
5
3
71
2
1
1
35
1
1
3
65
12
6
3
17
16
6
2
32
1
4
