2
54
1
2
3
2
11
4
1
71
2
5
3
60
29
5
2
40
4
1
2
41
1
1
3
42
2
6
3
68
17
6
3
34
6
5
3
42
4
6
2
31
5
1
2
71
3
5
2
43
1
4
1
1
3
1
3
11
23
6
2
45
3
4
1
52
3
4
2
6
3
4
3
25
1
4
2
12
1
1
3
66
6
6
1
63
2
5
1
8
9
6
3
71
1
4
3
26
2
6
1
47
2
1
1
23
3
1
3
5
3
4
2
28
3
6
1
36
1
4
2
9
3
6
3
45
2
1
2
68
2
5
3
30
4
6
3
7
5
1
3
35
8
5
1
68
3
1
2
22
1
5
3
23
2
5
1
65
1
1
2
34
1
1
3
41
4
1
3
60
9
1
1
25
3
5
1
12
8
6
1
34
5
1
2
27
3
5
3
14
6
6
3
23
17
1
3
39
2
1
1
28
3
5
1
44
2
6
3
11
14
5
3
40
3
5
1
39
3
2
3
47
5
5
2
41
2
6
2
30
5
1
1
35
2
6
2
66
1
6
3
8
12
5
2
42
3
6
3
67
20
5
2
43
2
5
2
68
1
1
2
54
2
2
3
16
3
6
3
43
5
6
3
8
14
6
3
61
7
1
2
17
1
1
3
29
11
1
3
67
17
2
1
49
2
6
2
18
3
4
1
29
3
1
1
41
3
1
1
31
8
2
2
2
2
6
2
44
5
1
1
14
21
5
2
39
3
1
2
49
1
1
3
44
10
5
1
32
2
3
2
35
1
1
3
9
30
4
2
42
4
1
3
31
28
1
1
28
2
2
1
7
4
5
3
39
3
1
1
34
9
1
1
15
1
3
1
43
2
4
2
67
1
4
3
71
2
6
2
16
1
3
2
60
4
6
1
5
2
2
2
23
3
1
3
26
1
1
1
14
11
4
2
16
2
1
1
18
9
3
2
17
3
1
2
36
2
1
1
40
2
1
2
35
3
1
3
54
1
6
1
61
2
4
3
22
4
5
2
38
4
6
3
15
4
1
1
45
1
5
3
27
11
1
1
11
7
5
3
36
13
6
1
4
4
6
3
38
9
6
3
53
7
1
2
53
2
5
3
29
19
1
3
37
2
5
1
67
3
6
2
71
1
1
3
54
2
1
3
2
4
1
1
15
4
3
3
16
8
6
1
10
6
1
1
2
1
6
1
6
2
1
3
33
8
6
3
63
3
6
3
17
7
1
1
39
4
5
1
17
5
2
2
36
5
5
2
9
2
6
2
61
1
2
3
43
7
3
2
15
1
1
1
29
1
4
2
10
2
6
1
66
1
5
3
28
14
6
1
9
8
6
1
33
7
1
1
45
2
6
1
6
1
2
2
53
3
4
3
36
3
1
2
1
1
6
2
8
1
1
2
47
2
1
3
3
7
5
3
1
4
1
1
42
1
6
1
22
1
2
3
27
16
4
1
5
1
3
3
12
7
4
1
2
6
4
1
36
2
6
2
8
3
1
2
31
3
6
2
47
3
6
2
65
3
1
3
34
2
5
1
13
5
4
2
4
1
1
1
55
1
2
1
33
3
2
2
32
3
5
3
55
14
6
2
14
1
1
1
25
2
6
2
37
2
4
1
3
2
6
3
10
15
6
1
43
3
5
3
9
27
1
1
26
1
2
1
31
3
6
2
61
3
1
2
39
2
1
2
45
2
6
2
10
3
5
1
68
2
1
1
12
2
6
3
63
9
2
2
30
3
6
3
22
10
6
1
66
3
1
3
31
22
6
3
17
17
4
2
55
3
5
1
40
1
6
1
4
2
6
1
54
3
1
1
44
4
5
2
12
3
2
2
55
1
4
2
49
3
5
3
13
6
6
2
44
2
6
2
63
3
5
1
3
5
4
1
49
1
1
2
65
4
4
2
13
1
1
3
6
2
2
3
28
9
6
1
22
2
4
2
13
3
6
3
41
1
1
1
18
6
4
3
32
11
6
3
65
19
1
3
38
4
6
3
12
3
5
2
1
3
1
3
52
3
1
1
53
2
2
1
38
1
2
1
63
1
6
2
40
3
1
2
14
2
5
1
23
2
1
1
27
2
1
2
25
3
5
3
45
5
1
2
37
3
6
3
30
21
1
2
3
1
6
3
10
13
5
3
1
8
4
2
3
3
5
2
18
4
5
3
25
7
6
3
14
21
5
3
18
22
1
1
67
1
5
3
68
16
2
3
4
22
4
1
9
13
6
1
26
2
5
1
35
1
1
2
52
3
1
2
11
1
6
3
18
13
1
3
32
12
5
1
60
2
6
3
61
2
6
1
37
2
3
3
55
5
2
2
4
2
1
2
6
1
6
2
2
1
6
2
60
2
3
2
5
3
2
1
60
1
6
2
27
1
1
2
66
3
2
2
11
3
2
3
37
8
6
1
71
3
6
3
6
1
6
3
33
18
1
2
5
2
5
2
52
5
4
3
49
4
1
1
30
6
6
1
38
3
6
3
7
3
6
2
63
1
1
1
53
1
1
1
55
2
1
3
3
8
6
2
26
2
1
3
35
6
6
1
8
3
4
1
42
2
1
1
16
1
6
2
33
2
6
3
15
5
4
1
52
2
2
2
33
1
1
1
30
20
3
2
32
4
6
3
47
9
1
3
66
7
1
2
34
3
2
3
4
6
1
3
44
3
2
3
52
1
1
2
25
1
6
2
7
2
2
2
23
2
6
1
13
9
6
3
53
6
6
2
29
2
1
2
28
2
6
2
7
1
2
1
47
3
1
1
54
1
6
3
49
1
5
1
37
1
6
3
5
4
1
3
65
9
2
3
40
6
5
1
41
2
6
2
29
1
5
3
13
4
2
1
17
13
5
1
16
4
6
1
1
1
6
1
7
7
3
1
32
3
3
2
67
2
6
2
22
3
2
2
15
3
4
1
27
1
6
1
61
3
3
2
38
3
1
2
26
3
3
1
10
3
2
1
65
2
5
1
11
5
2
