2
52
2
1
2
38
4
6
3
35
5
5
1
7
2
6
3
7
1
1
1
71
3
5
3
9
17
1
2
44
2
5
2
63
1
6
1
31
18
4
2
53
3
6
2
16
3
1
3
65
8
6
3
3
7
2
3
53
1
1
3
38
8
6
3
16
7
6
2
32
4
1
3
14
21
5
2
23
2
2
2
7
2
6
1
29
3
2
1
27
3
1
2
8
2
1
1
43
3
1
3
2
4
1
3
63
2
6
1
2
5
4
3
54
1
5
3
12
2
6
2
55
2
6
3
28
3
6
1
52
2
5
1
8
12
1
2
27
2
6
2
14
1
1
3
1
4
1
3
44
3
1
1
2
2
4
1
8
1
2
1
65
1
1
3
4
17
6
2
26
2
5
3
65
5
1
3
68
3
5
1
5
1
3
3
39
2
1
2
6
1
6
2
55
3
5
1
16
4
6
1
47
3
6
2
3
3
6
2
63
2
6
2
11
1
6
1
7
7
1
2
4
1
1
2
40
1
1
2
37
2
5
1
39
4
2
3
29
15
6
2
60
4
1
1
18
10
2
2
65
2
6
1
28
1
5
2
11
2
4
1
66
3
6
3
6
5
6
2
15
3
6
2
39
1
1
1
4
1
6
2
68
4
2
1
31
13
1
3
2
10
4
3
22
9
5
1
9
13
6
1
44
1
5
1
63
2
5
2
68
1
1
2
32
3
6
2
67
2
5
1
15
5
4
2
41
1
1
3
7
5
6
2
7
3
6
3
67
18
1
3
13
9
6
3
41
1
6
3
40
2
1
3
15
10
5
3
68
1
6
2
41
5
4
3
13
5
1
2
2
2
1
1
5
2
3
3
30
14
5
1
33
7
2
1
44
2
1
1
10
6
6
1
53
2
2
3
23
10
5
3
36
4
1
3
67
5
2
2
4
2
6
2
22
1
5
2
40
2
2
1
13
2
5
2
29
2
1
3
28
7
6
1
10
5
2
3
25
6
6
3
11
7
2
2
36
5
6
1
38
2
6
3
22
6
6
1
54
1
2
1
47
1
6
2
23
3
1
3
45
7
5
3
45
6
1
1
18
15
3
2
13
3
2
1
54
2
4
3
5
5
4
2
54
1
2
3
4
3
6
2
8
1
6
3
66
4
6
3
34
10
6
2
42
2
1
1
60
2
5
3
17
6
5
2
13
2
2
1
17
16
1
1
25
3
4
1
22
3
2
1
23
3
1
3
32
1
5
3
9
29
2
2
53
2
3
1
40
1
2
2
45
2
4
3
26
11
6
3
66
2
6
1
37
1
5
2
18
1
6
3
3
5
6
1
15
2
1
1
32
7
6
3
10
2
1
1
11
3
6
3
60
15
2
1
35
1
5
2
16
1
5
2
6
2
2
3
30
26
5
3
43
5
6
1
45
1
2
2
36
2
6
1
30
20
2
2
49
1
6
1
25
2
1
1
16
2
2
1
49
1
3
1
67
2
2
3
35
8
6
1
43
1
4
3
61
5
2
3
61
10
2
2
42
4
1
1
30
12
1
1
36
3
3
2
34
1
1
2
31
4
3
3
55
11
1
1
14
1
1
1
14
11
1
1
12
16
6
2
27
3
6
1
34
6
5
2
33
2
6
1
55
1
4
3
41
2
1
1
37
2
4
3
25
3
1
1
41
1
6
2
33
1
5
2
2
1
2
2
66
1
6
1
61
1
3
1
27
1
1
3
32
3
6
3
5
2
4
2
9
3
2
1
22
1
6
3
63
9
1
3
33
3
1
3
39
10
1
1
4
2
1
2
60
1
1
1
49
2
2
2
49
3
3
2
5
1
5
2
34
2
6
3
60
1
6
1
3
3
1
2
47
3
6
3
23
1
5
3
55
9
2
2
12
1
6
3
31
5
6
2
1
1
5
1
38
3
5
3
18
19
4
2
65
1
1
2
37
3
5
1
26
2
6
2
43
2
3
3
36
5
6
1
42
1
1
2
30
2
1
3
12
4
4
1
3
1
5
2
17
3
1
2
67
1
3
3
47
9
6
3
71
2
1
1
36
1
2
3
71
3
1
3
29
14
4
1
63
1
1
2
71
3
3
3
8
19
1
1
53
1
1
1
32
5
2
2
47
2
2
1
17
13
1
2
43
4
1
2
14
2
5
3
37
2
2
3
8
14
4
1
1
1
1
1
41
3
1
3
10
13
5
1
71
2
1
3
26
3
1
3
54
2
6
2
5
2
5
3
27
11
1
3
43
3
6
2
61
2
5
2
28
3
4
1
12
18
1
2
45
1
2
3
42
1
1
1
39
2
5
2
52
1
1
3
33
12
5
3
34
9
6
3
1
7
6
1
28
3
4
2
9
2
6
3
47
4
6
3
52
10
6
2
17
2
2
1
33
4
4
3
42
3
1
1
52
3
2
1
9
8
5
2
26
1
1
2
66
3
1
3
14
19
6
2
44
4
6
3
15
8
5
3
17
9
6
2
35
1
1
1
68
3
1
2
1
3
6
1
65
2
3
2
10
2
1
1
13
1
3
3
49
2
1
2
30
3
6
1
61
3
1
1
6
2
4
1
40
3
5
3
31
28
1
1
34
4
6
1
42
2
5
3
44
6
1
1
29
2
4
2
61
3
1
3
11
22
2
1
55
2
2
2
31
3
1
3
18
4
4
3
16
8
1
2
38
5
5
2
25
3
2
1
11
1
5
1
66
1
6
2
10
3
2
1
23
1
1
2
39
2
6
2
18
3
6
3
37
10
4
3
6
6
6
1
68
2
6
2
28
1
5
3
53
5
5
1
45
2
1
2
25
1
6
3
38
9
1
2
54
2
2
2
71
1
6
2
12
2
1
1
6
1
4
1
60
1
1
1
26
1
2
2
3
2
1
3
27
1
5
1
35
4
2
2
15
2
1
3
52
17
6
3
49
5
2
3
40
3
6
1
1
3
1
1
67
1
2
2
22
2
5
2
29
1
5
2
35
3
6
