3
10
20
6
3
9
20
5
1
49
2
3
1
15
3
1
2
71
1
1
3
33
6
5
3
41
3
6
3
39
10
2
3
28
14
6
1
16
6
5
3
4
10
5
1
45
1
1
1
26
1
2
3
11
1
6
3
41
4
6
1
2
4
6
1
66
3
1
2
47
4
2
1
29
2
6
3
38
5
6
2
40
2
1
3
67
18
6
3
35
7
4
3
37
9
6
1
27
1
6
1
1
2
2
2
36
4
6
2
45
1
6
3
61
9
6
3
7
2
1
3
1
1
1
2
30
1
1
1
6
1
2
1
12
18
1
1
71
1
6
1
7
3
6
3
23
10
6
1
42
1
2
3
36
9
5
2
61
2
5
3
23
8
1
3
14
6
1
2
23
3
5
3
71
3
1
1
14
7
6
1
7
7
2
1
25
2
1
1
47
2
3
3
47
7
5
1
15
1
6
2
28
3
5
3
35
2
1
1
55
2
5
3
37
2
1
1
13
7
3
3
52
9
1
2
60
4
1
2
38
1
4
1
35
1
5
3
22
7
6
3
15
2
1
2
36
3
2
3
43
6
2
3
5
5
6
3
29
3
1
1
16
7
5
3
27
15
6
1
39
4
1
2
1
3
1
2
6
1
4
1
52
1
3
2
44
2
6
1
44
1
1
1
40
1
5
2
52
3
6
2
15
2
1
3
36
1
2
1
49
1
6
3
71
1
4
1
63
1
6
2
29
3
1
2
66
3
1
1
12
4
6
1
11
6
4
3
60
27
1
2
26
3
6
3
13
6
1
3
33
23
5
3
42
3
1
2
71
3
5
2
61
1
1
2
12
3
6
2
9
3
1
2
25
3
5
1
42
2
5
2
32
1
5
2
41
4
6
1
9
6
5
2
17
1
1
2
33
1
5
2
3
1
6
2
5
3
2
2
63
3
5
2
2
3
6
2
52
6
3
3
1
2
1
3
7
1
1
2
29
1
1
2
68
3
5
3
45
4
6
1
2
1
1
1
3
5
4
1
37
2
6
1
38
2
1
2
1
2
1
3
30
5
4
2
31
3
1
1
22
3
5
2
55
2
5
3
40
1
1
1
65
2
6
2
6
2
1
2
67
2
6
1
44
2
3
2
14
3
2
3
2
9
1
3
55
5
2
1
27
3
1
3
10
22
6
3
22
10
1
2
2
2
1
1
26
3
6
1
29
3
3
3
34
10
6
2
42
2
2
3
30
20
2
1
65
1
6
3
14
19
6
3
43
7
2
2
18
1
1
1
14
1
1
3
55
14
6
3
27
1
5
2
9
2
1
2
23
1
6
1
67
2
1
1
33
8
1
3
40
5
6
2
17
3
1
1
43
3
5
2
43
5
2
2
16
2
6
2
4
2
1
3
17
12
5
3
52
13
1
1
32
7
1
2
49
3
3
3
32
7
6
1
23
3
1
3
8
12
6
2
26
2
5
2
68
4
2
2
8
1
1
1
4
3
3
3
4
17
4
2
15
3
6
1
9
14
5
1
18
7
6
3
11
21
6
1
52
2
1
2
33
3
5
2
65
2
1
1
3
9
2
2
39
4
4
2
14
2
4
2
34
1
6
2
28
1
5
1
1
3
2
1
23
1
5
2
45
4
2
2
32
2
6
2
31
1
1
3
31
28
1
3
9
17
1
2
10
2
1
3
54
2
1
3
65
4
5
1
34
3
1
1
28
3
2
3
38
4
5
1
8
16
2
2
43
4
2
1
22
2
2
1
41
1
2
1
67
3
5
3
12
3
6
3
28
6
5
2
3
2
1
2
22
3
2
1
25
1
4
3
44
8
1
2
35
2
5
1
68
2
1
1
11
10
1
2
22
2
6
2
49
2
5
3
8
2
5
3
25
2
6
1
32
5
3
2
11
3
1
1
71
3
6
1
53
2
1
3
44
10
4
1
18
14
6
3
66
9
1
2
67
1
1
3
32
11
6
2
34
2
6
3
17
4
5
3
31
6
6
1
53
1
1
2
13
3
2
2
30
3
1
3
34
3
6
1
36
3
3
2
41
3
1
2
37
1
6
3
3
4
1
1
40
2
5
2
13
1
1
2
7
1
2
2
44
3
1
3
68
6
6
3
13
9
6
1
61
2
1
1
17
6
5
3
49
4
1
2
38
4
1
1
61
1
2
1
33
2
4
1
47
3
6
2
25
1
1
2
4
3
1
3
3
8
4
2
40
3
2
3
42
4
1
1
30
1
4
1
45
2
1
2
5
2
4
1
6
2
3
2
53
2
5
1
5
1
6
3
54
1
6
2
11
1
1
1
10
2
4
1
54
1
5
3
16
7
6
3
49
8
6
2
47
1
1
1
30
19
1
1
43
2
5
2
65
3
1
1
39
2
6
3
26
8
6
3
61
11
1
1
31
8
6
1
36
1
2
1
28
1
1
3
63
11
6
3
2
12
6
3
47
1
2
1
66
2
2
3
63
10
1
2
18
2
1
2
55
3
4
3
18
10
6
3
25
8
5
3
39
3
1
3
60
26
5
3
16
6
5
1
60
1
1
3
45
7
5
2
12
1
1
3
67
25
2
1
68
3
6
2
60
2
6
1
31
7
1
1
38
3
1
1
37
1
4
1
54
3
6
3
18
24
4
3
53
5
4
3
6
5
6
3
65
5
6
3
15
7
2
1
8
6
2
1
60
2
2
2
53
1
2
2
63
1
1
1
55
1
2
2
27
2
6
2
42
4
1
2
35
1
1
2
7
2
2
3
66
7
5
1
63
2
2
3
29
11
1
2
54
1
6
1
34
8
1
3
68
13
2
3
5
3
5
2
27
1
1
1
13
5
4
1
41
2
6
1
35
2
2
3
12
5
1
2
66
1
6
2
37
3
5
2
39
1
6
2
10
3
2
2
54
2
2
3
53
7
1
1
5
2
1
1
17
9
6
3
6
1
4
1
10
1
1
3
26
3
1
2
16
1
1
2
8
2
1
1
4
1
6
