2
9
2
6
3
68
1
6
2
43
3
1
3
43
5
5
2
26
4
5
2
8
3
1
2
32
3
1
3
3
2
2
2
17
1
1
2
23
1
1
1
68
3
1
1
30
6
3
1
14
4
6
3
53
8
1
3
47
3
5
3
18
4
4
1
8
11
4
2
27
2
1
2
1
3
2
2
5
2
6
3
8
17
6
3
42
3
6
2
41
1
1
2
40
3
1
2
43
1
5
1
28
1
6
2
12
3
2
3
37
1
5
3
3
4
1
3
17
6
4
1
33
2
4
1
37
1
6
1
40
1
3
2
53
3
2
1
23
2
1
1
47
2
5
2
23
3
6
3
35
2
1
1
34
9
1
3
41
2
1
1
53
2
5
3
33
5
1
2
15
1
1
3
32
7
6
1
25
2
1
3
16
7
5
2
3
1
6
2
60
3
6
2
71
2
1
2
17
2
1
3
71
5
1
2
61
1
6
3
13
7
6
2
37
2
6
2
42
1
6
3
36
11
6
3
34
9
6
1
66
2
2
3
4
9
5
1
42
2
1
2
49
2
1
2
34
3
6
3
45
5
6
2
33
3
2
2
27
3
4
3
5
5
6
3
65
18
6
1
63
2
1
2
25
2
5
3
44
3
1
3
36
9
6
1
44
1
3
3
18
21
1
2
15
2
6
1
11
10
6
3
32
2
5
2
8
2
1
1
44
4
3
3
38
11
6
1
31
9
6
1
66
3
6
1
18
7
6
2
49
1
5
3
13
9
6
1
5
2
5
1
55
2
2
3
16
5
1
1
12
7
5
1
25
3
6
1
22
1
4
3
15
5
4
3
6
2
6
1
37
2
5
2
37
3
5
2
25
1
6
3
29
18
5
3
26
12
1
3
29
16
4
2
35
2
6
3
27
6
5
3
30
27
2
2
32
4
6
3
11
21
6
1
2
5
6
2
29
3
2
3
38
4
4
2
11
2
2
1
4
5
6
3
67
9
2
1
71
2
6
1
5
1
4
2
6
2
2
2
65
1
1
2
54
2
1
2
30
3
6
3
43
1
6
3
39
6
5
1
67
2
2
1
6
1
3
2
71
1
1
1
10
8
2
1
36
3
5
2
5
3
4
2
52
7
3
1
9
5
5
2
18
4
1
1
15
2
3
2
4
2
6
2
39
2
6
3
49
7
1
2
67
2
5
1
49
1
2
2
13
1
1
3
71
1
4
1
4
6
1
1
53
1
2
2
36
3
1
1
41
3
6
1
40
3
1
2
40
4
1
3
8
2
6
3
10
3
4
3
65
1
6
2
1
1
6
3
27
11
6
1
27
1
6
3
37
8
6
3
1
10
6
2
63
2
6
2
45
3
4
1
61
2
6
2
42
4
6
2
14
1
6
1
6
2
3
2
33
1
5
1
65
2
6
1
2
7
3
3
42
4
1
3
55
9
2
2
55
3
6
2
53
1
5
3
31
1
6
2
38
4
6
1
36
2
5
1
39
3
6
1
18
8
6
2
35
1
1
3
25
2
4
3
54
2
1
1
23
1
3
3
9
24
5
1
3
1
6
2
10
3
1
3
12
2
5
3
10
11
6
2
47
1
6
1
41
1
2
1
60
1
5
3
41
3
6
1
49
2
5
3
7
4
4
2
18
1
1
3
52
5
2
3
40
1
6
2
13
3
6
3
35
7
4
3
11
23
6
3
66
2
5
1
13
2
2
1
17
10
6
3
23
6
1
1
15
3
1
2
31
2
5
3
31
12
1
1
52
3
3
3
63
11
6
1
7
9
1
2
2
1
3
1
3
3
1
1
29
3
5
1
29
1
4
2
54
1
5
3
28
12
5
1
60
2
4
3
39
3
6
3
7
1
6
2
36
1
6
1
67
3
2
1
22
3
6
3
61
9
6
1
16
1
1
3
68
10
1
2
28
1
5
3
9
28
6
1
26
1
5
1
14
13
3
1
54
2
3
3
14
24
1
1
35
1
6
1
11
3
5
3
52
14
1
3
49
8
5
1
43
2
6
2
52
6
5
1
42
1
6
2
22
3
2
3
2
7
1
1
45
2
6
1
38
3
1
2
10
2
6
1
12
6
5
1
28
3
6
2
28
2
5
1
1
3
3
1
68
2
2
3
40
4
1
2
66
2
2
1
55
1
2
2
65
3
6
2
39
4
4
1
8
10
1
2
3
3
5
2
66
3
2
3
22
1
1
3
33
24
2
2
38
5
5
2
12
2
3
3
30
9
5
2
45
1
5
1
38
2
1
3
60
25
1
1
43
1
4
3
63
7
6
3
53
4
6
3
25
8
5
1
27
2
2
1
54
1
2
2
41
2
6
2
61
3
1
2
47
2
1
3
6
6
4
3
60
11
2
3
47
9
6
3
17
17
6
3
23
10
5
1
17
15
1
2
7
1
6
2
44
3
6
1
45
1
2
1
71
3
5
2
29
1
6
2
2
3
5
1
32
2
4
2
9
1
5
3
45
3
6
1
32
1
4
3
12
6
1
3
22
6
6
1
47
3
1
1
7
11
2
3
4
22
4
2
68
3
1
1
31
12
6
3
5
1
4
2
16
2
2
3
14
3
6
2
60
4
6
3
28
8
5
3
44
10
5
2
6
1
6
3
1
6
1
2
22
1
4
2
68
1
1
3
66
3
5
1
52
1
4
2
67
1
4
1
61
1
5
2
63
3
1
1
63
1
6
1
39
4
1
2
11
1
6
2
44
2
5
2
31
1
1
2
16
1
1
3
54
1
5
1
30
12
1
2
14
2
4
1
33
3
4
2
55
2
5
1
10
5
6
2
7
3
6
1
9
1
6
1
34
10
2
1
26
2
6
2
26
2
2
3
34
7
6
3
26
11
1
1
13
5
1
1
35
3
1
3
15
13
1
3
61
8
1
1
65
1
1
3
67
12
6
2
30
5
1
2
34
2
1
1
16
6
4
3
55
5
1
1
1
2
1
2
4
1
6
3
2
9
5
