2
65
4
5
3
22
12
1
1
13
5
1
3
9
21
1
1
30
12
1
3
29
13
5
1
12
11
2
2
23
3
5
2
6
1
6
3
35
6
6
3
52
3
1
1
1
1
1
3
68
5
1
2
47
4
6
3
14
17
5
1
27
3
2
3
38
10
5
1
15
1
4
3
2
6
1
3
49
3
5
2
54
2
2
3
12
7
6
1
41
2
6
1
61
3
2
2
66
1
6
1
35
2
2
3
42
1
6
3
41
2
6
2
49
1
2
2
2
1
3
1
10
4
6
2
26
4
4
1
71
3
5
2
27
2
6
2
29
2
6
2
47
1
1
1
40
3
1
2
23
1
6
1
23
1
2
2
18
3
5
2
9
3
1
2
71
1
1
1
28
2
1
1
38
3
2
2
14
1
6
3
30
23
5
2
32
2
1
2
15
1
1
1
49
2
6
2
32
4
2
3
65
16
5
3
18
17
5
3
67
29
2
1
9
13
6
1
14
12
2
3
44
5
5
1
11
10
1
1
14
21
2
1
66
1
2
1
8
8
6
2
22
3
2
1
42
1
5
2
31
4
2
3
17
16
6
3
42
4
6
1
12
14
1
3
4
1
6
1
2
1
6
2
30
5
1
2
6
2
2
2
27
3
6
3
36
7
1
2
68
3
1
1
4
1
6
1
63
1
2
3
71
2
1
2
15
3
5
2
61
1
2
1
11
2
1
1
17
7
6
3
32
6
6
2
38
4
1
1
23
2
1
3
26
11
1
3
25
6
5
3
15
8
6
3
9
30
5
2
63
2
6
2
42
4
6
1
8
11
5
2
35
2
6
3
10
7
6
3
61
9
6
2
8
2
6
2
7
1
2
3
2
5
1
2
42
2
2
3
26
10
2
3
31
10
6
1
18
9
4
2
33
1
6
3
15
15
1
2
37
4
2
1
1
2
2
1
54
1
1
2
71
2
1
1
44
2
2
1
60
1
2
3
25
8
6
2
22
1
5
2
1
2
1
3
63
8
1
3
1
5
6
3
7
2
6
3
53
2
6
2
28
2
5
2
63
3
2
2
67
2
5
1
34
7
2
1
3
2
2
3
17
3
1
3
54
2
1
1
22
3
4
3
33
22
6
2
66
2
1
3
71
5
1
3
34
3
4
1
71
1
5
1
36
3
3
2
5
1
6
3
1
10
6
3
8
7
4
1
65
1
1
3
34
6
5
3
40
5
4
1
60
2
3
3
33
4
6
1
53
1
2
3
35
7
4
2
40
3
2
1
5
1
3
2
37
1
1
3
39
5
6
1
30
9
6
1
39
3
6
3
47
1
5
2
11
1
6
2
4
3
1
2
65
2
1
1
37
2
6
2
7
3
4
1
31
1
6
3
23
4
6
1
52
2
2
2
52
1
1
1
66
2
5
2
25
2
4
1
44
4
1
1
49
1
3
2
25
1
6
3
54
1
5
3
10
24
1
1
13
4
1
2
4
2
6
3
22
10
1
1
38
2
6
1
3
10
1
1
55
1
3
2
36
1
1
2
36
5
4
3
68
1
5
1
18
8
1
1
33
4
2
3
43
8
1
3
45
4
1
2
16
3
1
3
44
8
2
3
38
12
6
1
34
4
1
1
43
2
6
2
14
3
6
2
67
1
3
1
7
2
1
2
5
2
6
1
26
3
2
3
61
7
1
3
14
6
5
3
63
2
6
2
41
4
6
3
12
2
4
2
13
2
6
3
13
2
6
2
11
3
2
3
39
2
6
1
6
1
6
3
65
5
6
3
36
14
1
2
55
2
6
3
67
9
6
2
35
1
1
3
53
4
6
1
32
3
5
1
15
4
4
3
8
2
6
3
45
6
2
1
39
1
2
1
35
3
1
2
34
3
5
3
55
3
1
1
31
18
5
1
42
2
1
3
49
5
2
1
55
2
1
3
18
9
1
3
43
3
6
1
65
2
2
3
13
7
1
1
6
2
4
1
28
3
1
2
29
1
6
1
29
2
6
1
47
2
4
1
5
2
1
3
52
8
1
2
53
1
5
3
3
6
3
1
54
3
5
2
68
1
1
2
43
1
6
3
37
8
5
3
27
9
1
1
2
7
5
1
36
2
5
3
37
5
6
1
37
1
5
3
32
5
1
2
10
1
5
3
11
24
2
3
27
8
1
2
44
3
6
3
16
4
6
2
18
1
6
2
44
2
1
2
60
4
6
2
61
2
6
2
52
5
1
3
66
9
6
1
67
1
1
3
29
10
5
3
5
1
6
3
40
4
6
2
34
1
1
1
52
3
1
2
45
4
3
2
54
1
1
3
41
1
1
1
4
5
1
2
3
3
5
1
9
9
2
2
55
3
5
3
60
28
4
2
8
1
6
2
16
2
1
1
26
2
6
2
12
2
5
1
68
3
1
1
40
2
5
1
17
8
3
2
12
3
6
3
28
6
1
2
26
3
4
2
17
2
1
3
30
16
6
3
47
3
4
2
13
1
1
3
28
7
5
2
39
1
2
1
7
3
3
3
66
1
6
1
45
2
2
1
43
3
1
2
30
2
6
3
55
4
6
3
11
10
4
3
5
2
6
1
53
2
6
2
28
1
6
3
6
3
5
2
40
4
5
1
29
1
6
1
10
3
6
1
68
2
3
2
41
2
6
3
6
2
6
1
67
3
1
3
4
11
6
1
27
1
1
1
22
1
3
2
39
4
4
3
23
1
6
1
32
2
1
1
45
1
1
1
47
3
6
2
3
2
6
1
25
1
4
1
25
3
1
2
38
2
6
1
33
1
2
3
3
10
6
2
31
3
1
3
31
22
5
2
60
3
4
2
10
3
6
1
16
4
4
2
43
5
6
3
7
5
1
2
49
4
2
2
45
1
2
2
17
3
5
1
61
2
6
3
16
5
1
1
16
1
2
2
1
1
1
1
41
1
1
2
53
3
2
2
9
1
6
2
33
3
2
1
63
2
2
2
2
3
1
3
60
14
1
