3
68
3
2
3
17
10
1
2
3
3
5
2
11
3
1
2
40
2
2
3
42
2
6
3
12
7
4
3
37
7
5
1
14
13
1
3
42
3
6
1
49
1
3
3
55
16
1
3
23
5
1
3
37
8
4
2
8
2
1
2
53
1
4
3
15
6
2
1
67
2
6
1
8
4
4
3
3
4
6
3
52
2
6
1
65
1
1
3
38
9
6
1
40
2
5
2
44
4
6
2
60
3
4
2
7
1
2
2
28
2
5
1
8
17
6
3
2
10
5
1
47
2
4
2
6
3
5
1
2
6
1
3
63
10
6
2
25
2
4
3
43
3
1
1
39
2
6
3
35
4
5
2
36
1
6
2
4
3
1
3
26
3
1
1
52
2
2
3
47
6
4
1
12
12
4
2
16
2
1
2
32
1
5
1
67
3
4
1
16
4
2
3
63
2
5
2
10
1
5
2
67
2
5
3
35
7
6
1
71
3
6
2
23
1
1
3
17
7
1
2
11
1
1
3
18
20
6
1
42
2
4
2
49
4
1
3
25
9
5
2
2
3
3
2
33
3
5
2
1
1
1
3
52
1
1
1
66
2
1
3
41
4
1
3
11
18
1
3
39
5
4
3
33
12
2
2
31
4
5
1
63
1
1
2
1
3
6
3
13
9
1
1
43
2
6
1
37
1
4
3
25
2
4
3
31
15
6
1
12
8
6
1
55
1
2
3
31
5
5
3
9
7
1
1
1
3
1
3
66
3
5
2
26
3
5
1
25
1
1
2
44
3
1
2
60
2
1
2
4
2
5
1
49
2
4
2
35
2
1
3
34
7
6
1
29
3
2
3
23
12
1
2
41
3
1
3
5
3
5
2
6
2
1
2
68
1
6
2
27
3
5
1
41
3
1
1
33
7
5
1
32
7
6
1
22
2
1
1
3
6
3
1
68
2
1
1
5
1
4
3
43
5
6
3
33
9
1
1
11
11
4
1
60
1
5
1
23
1
3
3
44
7
1
2
15
2
6
2
31
1
5
3
6
6
4
2
39
1
2
2
47
4
2
1
45
2
2
2
30
2
6
3
16
2
6
2
67
1
3
1
55
2
1
2
14
3
6
3
54
1
4
1
6
1
2
3
67
24
1
1
13
4
6
2
30
1
1
1
22
3
6
3
28
5
5
1
18
1
3
3
49
1
6
1
34
1
6
2
22
1
4
3
45
4
6
3
45
7
6
3
60
6
1
1
17
5
2
2
22
3
5
2
34
3
1
3
4
23
2
3
30
12
6
1
39
3
3
2
13
3
2
2
66
1
5
1
5
2
2
2
10
2
6
2
29
3
3
1
15
5
2
3
53
6
6
2
16
3
1
1
13
6
2
2
2
2
6
2
29
2
1
3
26
1
6
2
45
4
6
2
36
4
1
3
34
6
6
1
54
2
6
3
47
10
6
3
44
2
6
2
34
2
1
1
25
3
1
3
29
6
5
2
39
3
1
1
4
7
1
1
40
3
1
2
5
1
1
2
15
1
6
3
39
9
1
1
44
3
5
2
40
3
1
1
53
1
6
1
41
2
1
2
53
2
4
1
4
5
1
2
18
2
1
2
66
2
5
1
27
1
1
1
66
3
6
2
63
2
5
2
41
5
4
2
52
7
2
1
63
2
4
3
8
8
1
3
55
8
6
2
14
1
1
3
27
10
4
2
23
2
1
1
35
4
3
1
14
14
2
1
18
9
3
1
10
6
1
1
23
3
5
2
54
2
2
1
29
1
5
3
38
5
4
1
45
1
5
1
9
3
2
1
52
1
6
3
71
4
6
1
38
2
1
1
16
2
2
3
67
13
6
1
43
3
5
3
29
18
6
2
55
1
1
3
66
2
2
1
68
1
2
3
65
18
1
2
63
1
1
1
3
8
1
3
9
23
6
2
65
1
5
1
47
3
6
2
12
2
1
3
54
2
1
3
13
2
4
1
9
4
2
3
41
3
4
2
7
2
2
2
9
1
5
3
53
2
1
1
7
4
2
2
43
2
5
3
65
17
5
2
71
3
6
2
35
1
6
1
32
5
5
2
42
3
5
3
14
6
1
2
25
3
5
1
36
1
1
3
1
7
1
2
17
3
5
2
32
4
2
1
1
1
1
3
71
5
1
1
34
10
2
1
31
2
5
1
36
2
4
3
32
10
4
3
1
4
1
2
9
2
1
2
52
5
4
2
37
1
6
3
10
18
6
2
12
3
6
1
17
13
2
3
7
2
6
2
5
2
4
3
14
12
1
3
22
10
6
1
27
2
1
3
36
1
3
3
6
2
5
1
44
2
6
3
15
10
5
2
33
2
2
2
13
1
1
1
37
2
2
1
26
2
5
3
28
6
6
1
2
2
1
2
61
2
6
2
47
1
6
1
53
2
1
3
61
2
1
1
28
2
6
1
30
9
1
3
4
26
5
3
30
8
1
1
26
3
5
2
54
1
1
2
45
3
6
1
10
8
6
3
8
9
6
1
15
2
1
1
54
3
1
1
60
2
5
3
5
5
6
2
38
4
6
3
12
3
6
3
60
24
1
3
27
5
6
3
40
5
4
2
28
1
5
3
49
6
2
2
27
1
1
1
35
1
2
2
43
1
5
2
17
2
2
1
61
2
3
3
16
4
5
1
7
6
6
1
6
2
5
1
61
3
6
3
7
5
5
2
55
3
6
1
42
1
3
3
61
7
5
1
11
1
2
2
3
1
1
3
36
3
6
3
2
2
4
3
68
13
5
2
61
3
1
1
71
1
5
3
40
3
4
3
3
8
5
2
18
3
5
3
18
1
1
2
65
3
1
2
42
4
1
3
32
12
1
2
71
2
1
3
22
4
5
1
38
1
6
3
10
3
5
1
30
16
5
1
65
2
3
2
38
1
4
2
68
3
2
2
8
1
1
3
11
7
1
2
37
4
5
1
31
3
5
1
28
3
1
2
49
3
6
2
26
2
5
1
33
4
6
