2
66
1
4
3
29
3
6
1
42
1
2
3
31
15
1
1
66
1
6
3
42
3
6
1
5
2
4
2
47
4
4
3
33
8
5
3
49
3
5
2
52
6
4
1
65
1
6
1
2
7
1
1
44
3
2
1
3
7
2
2
18
1
1
1
4
6
1
3
1
10
6
2
17
3
1
2
32
3
2
1
45
2
2
3
65
21
5
3
29
8
1
2
55
1
2
1
38
3
2
3
30
4
5
2
2
3
2
2
12
3
1
1
34
3
6
3
22
8
4
1
52
2
6
1
44
1
3
3
41
2
1
2
5
3
1
2
26
2
6
1
36
1
1
2
3
3
5
3
34
2
5
3
42
2
6
3
14
1
4
2
32
2
6
3
45
1
1
3
63
9
2
2
42
1
4
1
53
2
2
2
3
2
6
2
61
3
6
2
63
1
5
1
39
3
1
3
6
4
6
3
41
4
1
1
43
1
6
2
27
1
6
1
67
2
2
3
18
1
1
3
44
5
4
3
52
9
1
1
39
4
1
2
1
2
5
2
54
2
1
2
14
2
5
2
41
1
1
3
45
2
6
3
61
2
1
3
23
13
6
3
32
7
6
1
27
3
1
3
61
4
5
1
2
4
1
1
25
2
5
2
22
3
6
2
67
1
5
3
33
24
2
2
34
3
1
3
71
2
6
3
13
4
6
1
11
4
1
1
42
2
3
1
55
1
5
3
39
7
6
3
8
19
6
2
38
1
5
3
63
7
1
3
25
5
5
1
68
2
3
2
43
1
4
1
10
7
2
1
28
3
1
2
44
4
6
1
6
1
1
3
39
4
5
3
22
10
6
3
2
11
5
2
61
1
2
1
6
2
4
1
60
1
5
3
60
8
2
3
66
4
1
1
23
1
1
2
38
4
6
2
4
2
2
1
34
7
3
3
26
11
6
2
68
2
6
3
17
15
6
1
26
2
2
2
9
1
5
2
41
4
6
2
71
3
6
1
35
2
2
3
35
6
5
3
27
11
1
3
65
8
6
1
45
1
2
2
16
2
2
2
71
1
5
1
29
1
3
3
7
3
1
1
22
1
2
2
31
4
1
3
4
26
5
3
7
1
1
3
43
8
6
3
40
5
4
1
14
21
3
2
23
1
1
1
10
3
3
2
35
3
6
1
31
7
2
1
65
2
5
2
26
3
1
2
60
3
6
1
60
2
1
1
1
3
5
3
12
1
1
1
71
3
6
1
4
8
6
1
16
7
3
2
45
3
6
2
47
2
6
1
1
2
6
2
40
1
5
2
33
1
3
1
17
1
2
1
68
1
3
1
41
1
6
3
26
9
4
3
30
24
2
2
67
2
6
2
49
1
1
1
30
2
1
2
22
2
6
2
31
3
1
2
43
5
2
2
30
1
1
3
14
8
6
3
71
3
1
2
23
2
6
2
65
3
6
2
68
4
1
3
47
10
1
3
53
5
5
3
47
1
6
3
16
7
6
2
15
3
4
2
6
2
1
3
43
1
6
1
37
1
4
3
37
3
1
1
47
3
1
1
33
5
6
2
25
1
6
2
40
4
2
1
18
3
1
1
14
22
1
3
12
2
5
2
30
3
5
1
13
7
3
1
18
6
1
3
32
5
1
1
17
14
1
2
53
2
4
3
49
8
5
1
41
2
6
2
17
1
1
3
9
6
4
1
38
1
5
1
31
10
2
1
36
3
1
3
11
25
6
2
42
2
5
3
67
28
1
3
1
9
1
2
63
3
2
3
36
9
5
3
11
20
6
2
8
3
1
3
6
5
5
1
55
2
2
1
7
10
6
2
11
3
2
3
54
2
1
3
10
16
1
3
8
2
5
3
9
9
1
1
5
1
6
1
35
3
1
3
13
2
4
3
10
21
6
1
8
14
5
3
34
4
6
3
3
7
2
2
52
3
5
2
10
1
5
3
27
8
1
2
25
3
5
2
60
2
3
2
5
2
6
1
12
16
1
1
3
10
5
3
25
3
1
1
63
2
6
1
26
1
4
2
18
2
2
2
33
2
2
2
12
1
1
3
53
1
6
1
32
2
4
1
16
3
6
1
33
3
2
3
17
5
5
1
52
3
3
1
27
1
1
3
68
16
1
2
45
4
4
1
71
2
1
2
39
1
6
1
23
2
1
2
66
2
1
3
55
16
6
2
36
3
1
2
49
4
2
2
11
1
1
3
54
1
4
3
55
4
1
1
15
4
1
3
38
12
2
2
34
2
1
1
13
8
2
1
63
1
5
1
54
3
6
2
29
2
1
1
49
2
6
3
68
7
6
2
15
1
1
3
67
34
6
2
29
3
3
3
31
28
1
2
55
3
4
2
10
3
1
2
4
3
1
2
7
2
1
2
9
2
1
3
5
3
4
1
12
10
3
1
9
2
1
3
23
11
5
1
22
3
4
3
35
8
5
2
8
1
1
1
29
3
3
1
49
1
1
1
28
2
2
1
25
1
4
1
8
5
1
3
60
23
6
3
44
8
1
1
47
2
2
1
61
2
2
2
6
3
6
3
3
9
1
1
40
3
4
3
16
4
4
2
35
2
6
1
37
2
6
2
28
3
4
1
11
1
5
3
40
1
1
1
7
3
2
3
15
13
6
1
66
3
1
2
28
1
5
2
13
3
5
2
44
2
2
1
9
4
2
2
53
1
1
3
4
27
6
1
61
1
2
2
54
1
1
3
5
5
5
3
28
3
5
3
37
7
4
3
36
1
5
1
15
1
1
3
15
4
2
3
38
2
5
2
16
1
5
3
66
7
6
2
2
1
1
1
43
2
2
2
13
2
6
1
53
1
5
2
37
4
5
2
27
2
1
2
7
1
5
1
30
14
1
3
52
2
1
2
14
3
6
3
18
9
6
1
67
3
5
1
54
2
3
2
1
1
6
2
37
1
1
2
36
2
1
1
40
2
1
3
28
5
4
1
32
4
1
3
2
1
6
2
39
4
5
2
65
4
5
