2
40
4
5
1
16
6
5
1
4
5
1
2
12
1
1
1
2
1
1
3
44
7
1
1
17
16
1
3
36
9
4
1
15
5
1
3
55
4
2
2
36
2
1
2
52
4
6
1
43
3
2
3
40
6
1
3
6
3
6
2
42
4
6
3
2
7
1
1
5
1
3
2
29
1
1
3
43
8
1
2
2
3
6
2
55
1
2
3
65
1
6
1
26
1
3
2
54
2
1
2
23
1
6
2
22
2
6
3
52
9
1
1
71
1
4
2
34
2
1
2
3
3
1
3
3
1
5
3
10
10
4
2
16
2
1
2
67
2
6
3
34
2
5
3
5
2
4
2
66
3
5
2
47
4
2
2
30
4
5
1
28
1
2
2
26
3
5
1
32
6
1
1
10
6
1
3
6
1
6
2
33
3
1
2
9
3
2
2
1
3
1
2
32
3
2
3
7
2
1
1
30
1
4
2
1
1
6
3
27
5
6
2
14
1
1
2
33
1
1
3
45
6
2
1
49
2
3
1
8
15
6
2
37
1
1
2
66
2
6
2
25
1
1
1
37
1
6
1
9
1
6
3
25
7
6
1
12
1
5
2
27
1
6
2
43
5
3
3
26
3
1
3
22
4
5
2
45
1
2
1
63
1
6
3
65
4
5
1
37
2
3
1
35
2
3
3
35
4
5
2
54
1
1
2
5
1
2
1
9
14
3
2
49
2
2
1
22
3
4
3
27
2
5
1
41
1
5
3
25
4
5
3
71
5
1
1
1
3
4
3
7
5
5
3
31
30
1
3
16
4
5
2
28
1
6
3
39
3
6
3
15
17
5
1
34
8
6
3
36
14
6
3
30
8
2
2
3
2
1
2
7
1
2
1
38
3
1
2
2
2
6
1
2
3
6
3
38
5
6
2
7
2
2
3
12
3
5
2
43
4
5
1
14
3
5
3
18
20
5
3
33
3
1
1
3
3
1
3
44
3
2
2
31
4
2
2
32
2
1
1
16
3
1
2
35
3
1
1
68
3
1
2
63
2
5
2
60
2
1
1
18
14
1
2
60
1
2
3
31
7
1
3
40
5
4
3
26
8
2
3
53
1
6
3
49
4
1
3
23
19
6
1
44
4
3
3
67
19
1
2
18
4
5
2
42
1
6
2
55
3
6
3
32
10
5
2
17
1
1
3
28
1
6
3
37
12
1
1
13
2
6
2
29
2
1
2
53
3
4
1
66
3
6
1
47
2
4
2
18
3
4
1
7
2
1
2
47
3
6
3
63
4
1
3
41
2
6
1
25
1
4
3
60
32
6
1
60
1
2
3
9
27
6
1
43
2
6
1
36
2
5
2
13
1
1
3
11
3
6
3
49
5
1
1
11
11
6
3
53
2
1
1
30
18
3
1
39
4
5
2
61
1
6
2
38
4
1
3
35
7
4
3
4
27
6
2
41
2
5
1
63
2
2
1
23
1
5
1
36
3
2
2
30
2
6
3
61
7
2
3
42
2
1
1
40
1
3
3
68
4
6
2
45
4
3
3
17
4
1
1
28
2
6
3
8
4
6
1
33
2
5
3
33
2
6
2
12
2
4
3
14
9
2
3
23
15
5
1
67
2
5
3
39
5
6
3
22
3
6
1
31
8
1
2
36
1
6
1
18
12
1
3
11
24
5
2
10
3
2
1
45
2
1
2
31
2
5
3
67
10
6
2
9
1
5
2
37
3
6
3
60
12
1
3
32
3
1
3
13
5
5
2
8
1
6
1
10
4
1
1
60
2
2
1
55
1
5
2
65
4
4
1
65
1
6
2
53
1
1
1
17
5
1
2
11
2
1
1
1
1
6
1
54
1
1
2
13
2
6
1
35
3
6
2
44
1
4
1
34
7
2
2
23
3
6
3
15
13
6
1
29
1
3
1
52
2
1
1
65
2
3
2
44
2
3
2
68
4
1
1
53
1
5
2
16
3
6
3
3
8
6
1
55
2
5
1
6
1
2
3
18
10
5
3
34
6
5
3
17
14
6
2
28
3
5
2
22
3
5
3
61
9
6
2
8
2
1
3
47
8
5
3
71
2
6
3
47
6
6
1
27
3
6
1
53
2
2
2
10
2
1
3
45
5
1
2
41
4
1
1
41
2
1
1
42
2
1
2
65
3
1
2
39
2
1
3
52
4
1
1
33
3
3
1
23
2
1
1
32
5
3
1
26
2
2
2
61
2
6
3
30
27
5
2
63
3
6
3
10
4
6
2
68
2
5
1
71
2
1
3
42
4
6
3
66
8
4
1
61
2
1
1
27
2
2
2
4
1
6
1
3
4
1
3
41
4
1
3
37
1
5
3
43
1
1
1
5
2
4
1
22
1
2
2
14
2
5
3
2
3
5
2
15
2
6
1
25
2
5
1
40
2
1
1
49
1
4
3
63
6
6
1
7
6
4
2
39
1
1
2
71
3
5
1
13
3
6
1
15
3
1
1
8
11
6
1
12
17
2
1
61
1
6
3
29
1
5
3
9
4
5
1
29
2
1
1
44
1
2
1
47
1
2
3
5
4
6
3
66
4
6
3
1
4
1
2
6
3
6
3
54
1
5
1
14
1
1
3
38
4
5
2
4
2
2
2
11
1
1
1
42
1
6
2
35
1
1
2
34
3
2
3
54
2
1
3
14
20
1
1
39
3
5
2
49
3
2
3
28
6
6
1
11
5
6
1
38
2
6
3
13
3
6
2
27
2
6
1
6
2
2
3
55
7
6
1
66
1
5
2
67
1
2
3
1
3
6
2
40
3
1
2
6
1
5
2
38
5
1
1
52
3
3
2
52
1
1
2
5
2
5
3
4
1
6
2
25
3
5
3
16
6
4
3
68
12
2
1
68
1
2
2
17
2
1
3
29
5
5
1
45
1
5
2
15
1
1
3
12
5
1
2
26
2
1
3
8
1
4
2
71
2
1
1
4
7
1
1
31
7
1
1
54
3
2
1
67
3
2
