2
32
1
4
1
35
4
6
1
32
6
1
3
45
7
5
3
32
10
6
3
41
4
6
3
55
9
2
1
2
3
1
2
60
2
6
2
2
2
1
1
47
1
5
3
41
1
6
1
52
2
1
2
39
4
5
3
42
2
1
3
40
4
1
1
9
8
4
3
37
6
5
2
10
3
2
2
68
1
1
1
3
8
3
2
3
1
1
3
27
13
1
3
54
1
4
3
63
2
6
1
32
3
3
1
13
4
1
3
53
5
6
2
42
4
6
3
9
5
6
3
1
4
1
1
28
1
2
3
6
1
4
1
68
3
6
2
16
2
6
1
65
2
3
2
49
4
2
3
34
5
1
1
68
1
3
2
13
2
1
2
14
1
1
1
14
13
5
2
66
2
6
2
52
4
6
2
32
3
1
1
30
14
3
3
45
3
1
2
25
1
1
3
22
3
4
1
47
3
1
3
43
4
5
1
17
3
5
1
12
16
1
3
44
4
4
2
54
1
6
2
40
2
1
3
5
4
1
1
71
2
2
2
16
1
4
2
5
3
3
1
25
2
6
3
31
13
1
2
26
2
6
1
60
1
5
3
30
1
6
1
10
3
6
2
31
1
5
2
41
3
2
3
61
10
6
3
55
17
6
1
4
6
6
2
5
1
1
1
33
2
1
2
41
5
1
2
36
4
6
1
31
8
1
1
6
2
1
2
35
2
6
2
11
1
6
1
33
5
5
2
53
1
3
2
33
2
1
3
14
13
5
1
67
3
1
3
34
9
6
3
7
2
6
2
65
2
1
3
66
3
1
2
22
2
5
3
11
19
5
1
8
14
1
1
29
3
5
3
37
2
2
1
55
1
1
1
49
1
2
1
43
3
1
1
40
2
6
2
12
2
3
1
71
1
6
2
7
3
6
2
67
1
5
1
34
2
1
1
42
2
6
2
45
3
5
3
25
2
6
2
43
2
2
2
55
1
3
3
33
2
4
3
28
4
5
2
10
1
5
1
1
1
1
1
14
10
2
1
5
1
2
1
36
3
1
1
53
1
1
1
54
2
1
1
18
8
1
1
1
2
2
2
33
3
3
3
23
19
6
3
18
18
1
3
67
3
1
3
5
2
4
1
43
1
5
2
6
3
5
2
18
4
6
2
12
1
6
1
18
5
5
3
30
11
6
2
27
3
6
2
23
2
1
1
22
3
2
2
52
6
3
3
4
27
1
3
1
7
1
2
43
5
3
1
36
2
4
2
71
2
1
3
17
2
5
2
44
3
2
3
35
3
5
2
22
1
4
1
7
3
3
3
54
2
1
3
71
4
6
1
17
5
1
3
42
4
1
2
25
3
5
2
4
1
1
3
61
5
5
3
52
5
6
1
61
3
1
1
40
1
6
2
15
1
1
2
29
3
3
1
9
6
2
3
26
1
6
2
1
1
1
1
15
1
5
2
42
1
5
3
26
7
4
3
22
1
6
3
38
6
1
2
45
2
6
1
12
11
6
3
65
6
4
2
61
2
5
1
39
2
5
1
10
2
3
3
2
6
6
3
9
22
5
3
60
13
1
3
66
7
2
3
3
2
1
2
63
3
6
2
67
2
6
2
66
3
2
2
68
3
2
3
38
5
6
1
42
1
4
3
32
7
6
1
6
1
1
2
15
3
6
3
63
1
5
2
37
3
5
3
17
8
5
1
39
1
2
3
53
8
1
2
17
3
1
3
49
8
5
3
44
2
1
2
1
2
2
2
47
4
2
3
35
5
6
3
60
9
6
1
66
2
6
1
3
7
2
3
14
18
4
1
16
5
1
1
37
1
5
1
25
1
6
2
13
3
1
1
13
3
5
2
3
3
5
1
28
2
1
1
23
2
1
2
4
2
2
1
60
2
1
2
61
1
2
2
28
2
5
2
63
2
5
1
55
2
1
3
2
4
1
1
7
5
6
2
29
2
1
3
29
6
4
3
36
15
5
1
54
1
1
2
34
2
1
1
16
1
2
1
27
3
2
2
7
1
2
3
27
16
4
2
23
1
1
1
49
2
3
2
38
2
6
1
29
2
4
2
14
3
6
2
34
3
1
3
15
16
6
2
9
3
2
2
40
1
1
3
25
5
6
3
68
15
5
3
33
5
1
2
8
1
6
1
30
5
2
2
39
1
2
3
15
4
1
3
71
2
6
1
41
3
1
1
53
2
2
1
8
15
1
2
9
1
6
2
53
3
6
3
47
3
5
2
44
2
6
3
4
14
1
3
6
6
6
1
22
1
4
2
17
1
1
1
44
4
3
3
67
1
6
3
8
11
5
2
8
2
1
3
36
9
4
3
39
6
6
3
68
12
1
1
38
1
3
1
15
2
5
1
11
1
3
1
63
1
1
2
6
2
5
1
44
1
5
2
26
1
6
2
28
1
6
3
12
6
1
1
5
2
3
2
30
4
5
2
47
1
6
1
4
8
6
3
28
5
4
1
26
1
1
3
43
7
6
1
23
1
6
3
13
2
6
1
52
3
1
2
37
4
5
3
31
6
6
1
27
2
2
1
67
2
6
2
38
1
4
3
65
19
6
3
7
4
6
3
12
4
4
3
13
8
1
3
8
7
6
3
49
6
2
2
60
1
1
2
55
2
5
1
37
2
3
3
16
5
6
1
35
2
5
1
45
2
1
1
61
2
6
2
31
4
1
3
39
7
1
1
2
6
2
2
18
3
6
1
31
15
1
2
2
1
2
3
10
3
6
2
54
2
1
3
11
3
1
1
38
2
1
1
34
3
1
3
52
12
6
2
49
2
1
3
47
8
5
1
45
1
5
2
36
3
1
1
11
3
2
3
18
3
6
3
10
22
1
3
3
6
5
2
35
1
1
2
71
1
1
1
63
2
2
1
66
1
5
2
11
3
5
2
65
3
1
2
30
3
4
1
26
3
2
2
27
1
6
3
40
2
6
3
29
17
6
1
65
1
1
3
16
7
5
3
23
7
1
1
41
1
2
