1
63
1
6
3
66
4
6
3
71
4
1
1
31
12
6
1
31
16
2
3
14
25
5
3
15
15
1
1
37
2
5
1
35
3
1
1
36
3
3
2
43
2
4
1
36
2
5
1
5
1
6
2
41
1
6
3
16
2
4
3
47
5
4
3
1
8
4
3
55
5
2
3
42
4
6
2
9
1
5
2
47
3
6
2
27
3
5
1
7
4
6
2
67
1
4
2
8
2
1
3
10
25
6
2
9
2
1
3
67
37
5
2
41
3
6
1
3
9
1
1
14
17
1
1
53
1
2
3
66
1
1
2
6
3
6
2
25
1
6
3
39
8
6
2
35
3
6
1
49
1
1
1
39
3
5
3
41
2
1
2
42
1
6
2
42
3
6
2
38
3
5
3
44
1
5
1
55
2
1
1
65
1
6
3
29
4
6
1
38
2
1
1
67
2
6
2
31
4
2
3
63
6
1
1
1
3
3
1
10
7
6
1
45
2
5
3
36
14
1
3
52
10
6
1
6
2
3
1
22
2
6
1
30
2
1
2
4
3
1
1
47
1
1
3
32
2
6
1
1
2
2
1
41
2
1
3
47
7
4
3
13
3
4
1
67
3
4
3
28
10
5
1
34
7
6
2
63
3
5
1
49
2
3
2
67
2
6
1
12
3
6
3
1
5
6
3
45
3
1
1
47
3
6
3
61
10
2
1
8
17
5
2
1
1
6
3
32
4
6
2
14
1
6
1
40
1
3
3
60
16
5
1
60
1
5
1
28
2
1
1
71
2
2
2
7
3
4
1
63
2
3
2
13
1
1
2
30
1
1
1
23
3
6
3
40
3
4
2
36
3
4
2
33
3
1
1
40
3
2
2
40
4
5
2
39
3
1
3
23
9
6
1
6
1
6
2
10
2
6
2
65
1
2
2
5
2
6
2
44
4
6
1
65
2
3
3
52
4
6
2
12
1
1
3
30
12
2
3
12
3
5
3
53
1
5
2
65
2
6
2
47
2
5
2
54
1
1
1
13
3
2
2
15
3
4
3
3
6
3
2
23
1
6
2
54
2
2
3
14
16
1
3
9
7
1
3
5
5
6
2
7
2
6
1
25
1
4
1
32
3
6
3
31
18
1
3
11
6
5
2
11
1
1
3
10
12
1
2
3
1
6
2
66
2
5
3
25
7
6
3
61
3
1
3
54
2
6
2
53
1
5
3
6
1
6
2
49
1
2
2
16
3
1
3
65
4
5
2
34
1
1
1
23
2
1
1
71
3
5
1
22
1
6
3
2
12
2
1
13
1
2
3
37
4
5
1
27
1
6
3
35
6
6
3
42
3
6
1
44
1
3
1
15
1
4
1
15
5
6
3
28
12
5
2
45
1
5
3
12
1
1
3
36
15
6
2
1
2
1
2
29
2
6
2
26
4
5
2
31
2
6
2
29
1
6
2
52
1
1
3
33
15
1
2
27
1
1
1
42
1
4
1
18
10
5
2
18
2
1
1
54
2
5
1
2
1
6
2
44
3
1
1
68
1
5
3
15
4
6
2
28
2
6
1
68
3
1
1
37
1
6
1
44
3
1
2
28
3
5
2
8
1
1
2
12
3
6
3
18
16
5
3
39
4
6
3
53
7
6
2
68
1
6
2
16
1
3
3
49
5
2
1
11
3
4
1
14
6
2
1
61
1
2
3
49
6
6
1
9
7
3
2
17
3
6
3
4
25
1
1
30
4
1
2
55
2
5
3
34
7
4
1
43
1
5
3
7
4
6
3
22
7
6
2
30
2
6
2
68
3
1
1
55
1
1
3
44
2
6
1
29
3
5
3
8
6
6
1
11
1
2
2
53
2
2
3
3
8
6
1
29
2
1
1
12
14
1
3
67
10
1
1
26
2
6
2
25
3
2
2
15
1
1
3
65
2
6
2
38
5
1
2
63
1
5
3
17
17
6
1
41
3
1
1
45
1
5
2
2
2
6
1
8
5
2
2
60
1
5
3
38
6
1
2
61
3
6
3
68
5
6
2
32
2
6
1
28
3
3
1
66
2
6
1
33
5
3
1
60
2
5
3
43
4
5
3
35
2
6
1
26
1
1
3
41
1
1
1
39
4
1
2
4
1
1
1
17
11
1
2
39
2
6
3
37
8
5
3
5
1
4
1
66
1
5
3
11
2
1
1
10
1
1
3
45
1
5
1
4
1
6
2
13
2
6
2
37
2
4
2
66
3
5
2
26
1
6
2
18
4
5
2
52
7
6
3
63
13
1
2
37
4
1
2
2
1
6
2
43
1
6
3
60
12
6
3
26
6
1
3
55
1
6
2
10
3
2
3
7
1
1
2
5
1
2
1
33
2
1
3
26
11
1
2
60
3
5
3
71
2
1
1
52
3
4
3
40
6
5
1
2
2
1
1
9
8
4
3
33
13
5
1
34
10
2
2
22
1
6
3
68
17
5
1
35
4
1
1
5
2
5
2
3
3
5
3
34
9
6
2
32
4
2
1
52
2
6
2
33
1
3
3
25
6
5
1
42
2
1
3
27
12
6
1
54
1
5
2
55
1
3
3
31
21
1
2
71
3
6
1
32
7
6
3
17
16
1
2
49
2
2
1
61
3
2
1
43
2
6
3
8
17
6
3
2
7
1
1
53
2
1
3
13
4
5
3
38
12
1
1
38
3
2
1
3
11
4
2
35
2
1
3
43
8
1
1
18
2
3
3
30
18
6
2
6
1
5
1
16
2
1
2
36
4
6
2
23
3
2
2
17
2
6
1
7
1
1
3
22
8
4
1
17
9
5
3
9
12
1
2
61
2
5
1
4
7
4
2
11
2
1
1
16
1
6
2
71
1
5
3
23
3
6
3
4
10
6
3
54
1
5
1
27
2
5
3
6
4
1
1
25
3
6
2
45
4
3
2
40
3
2
2
22
3
6
2
34
2
1
3
18
24
4
3
29
8
5
2
14
2
5
3
27
2
6
3
16
4
4
