2
55
2
5
3
35
5
6
3
10
25
6
1
9
8
6
3
63
9
5
1
41
2
1
2
27
1
6
1
5
1
4
1
7
7
2
1
12
9
1
3
2
1
1
3
68
3
1
1
71
3
5
1
30
17
2
3
49
5
2
3
8
19
6
3
9
18
6
1
39
3
5
3
27
11
1
3
5
2
4
3
60
31
2
2
66
3
2
3
36
2
5
1
30
16
6
3
44
7
1
2
13
3
6
1
15
2
4
3
38
8
1
2
71
2
1
2
18
1
2
2
22
2
6
1
43
1
6
3
60
12
6
1
2
3
1
1
63
2
3
3
30
28
1
2
43
2
3
2
17
1
1
1
7
4
6
1
40
1
3
1
10
1
1
3
7
4
6
1
13
2
2
2
36
4
1
3
34
8
1
1
26
2
2
2
2
1
4
2
41
3
2
3
54
1
6
1
34
7
5
1
53
2
6
3
6
2
2
3
23
18
6
3
31
26
1
2
55
1
3
2
23
1
1
3
11
5
1
2
2
3
6
1
45
1
2
3
71
3
6
3
39
3
1
1
26
1
1
1
60
1
1
2
42
4
1
3
53
8
1
1
17
4
1
1
9
14
3
2
61
1
5
3
71
2
1
2
47
1
6
1
25
3
1
3
41
4
1
2
9
3
5
2
23
2
2
2
49
3
1
2
14
1
1
2
27
3
6
2
37
1
1
1
37
2
3
1
23
1
3
3
25
5
6
3
33
15
1
3
10
22
1
1
67
3
4
2
1
1
5
2
33
2
2
2
38
2
1
2
52
4
5
1
61
2
5
2
31
2
6
3
32
5
2
1
53
1
5
1
1
1
1
1
12
17
2
1
47
1
5
2
43
1
6
2
10
1
5
1
3
10
3
1
38
2
6
3
8
6
6
1
66
2
1
1
13
9
2
2
39
1
2
2
60
4
6
1
8
6
5
3
9
6
6
3
42
4
6
1
49
2
1
3
31
5
1
1
42
1
5
1
52
3
1
2
6
2
6
1
14
18
4
1
28
3
4
3
52
15
4
3
47
4
1
3
42
3
1
1
32
2
6
3
29
2
6
2
7
2
1
1
45
2
2
1
23
2
6
3
53
7
1
3
39
5
5
3
13
8
1
3
18
15
6
1
40
2
6
1
16
7
2
2
65
2
1
2
3
1
6
1
68
2
6
2
12
2
3
1
4
7
4
1
31
10
6
3
68
13
1
2
54
1
2
3
15
2
1
2
32
2
1
2
34
2
6
3
32
4
1
2
42
3
6
1
6
2
1
2
18
4
1
2
61
2
5
2
25
1
6
2
40
2
5
2
16
2
1
3
29
14
4
1
63
1
5
2
26
2
5
2
28
1
5
3
65
5
1
3
3
3
2
1
65
1
6
2
4
1
6
3
6
6
4
2
5
3
4
3
63
4
6
2
40
4
5
1
68
3
1
3
27
9
1
3
47
8
5
1
39
4
3
2
9
1
6
1
33
1
4
2
3
2
6
3
34
9
6
2
68
1
6
2
30
2
1
1
5
2
1
1
33
3
3
3
14
1
4
3
13
7
1
1
1
2
5
3
30
22
4
2
36
2
1
2
11
3
3
3
61
2
6
3
26
9
6
1
36
3
2
3
5
3
4
3
12
4
6
3
54
2
1
1
65
2
6
2
60
1
5
2
12
1
1
3
40
5
4
2
41
2
5
3
22
5
1
1
67
1
2
1
44
1
3
3
23
17
5
1
10
3
2
2
44
3
5
1
4
6
6
1
52
2
1
3
2
2
4
1
38
3
2
1
3
8
1
1
41
1
1
1
35
3
1
1
22
3
2
2
7
1
2
1
29
2
4
1
11
10
2
2
45
2
5
1
17
7
6
3
11
6
6
3
67
12
6
2
63
1
1
1
15
5
2
1
27
2
5
2
49
2
6
2
39
3
1
1
2
2
2
2
34
3
2
2
28
3
6
3
43
8
6
2
13
2
1
3
38
11
5
2
15
1
1
2
14
3
6
3
49
4
6
1
47
2
6
2
45
1
5
3
43
3
1
3
7
3
6
3
33
1
6
3
55
15
5
3
36
14
1
2
71
1
1
1
8
11
4
3
12
7
5
2
1
2
6
3
66
7
1
3
35
8
5
3
3
4
1
2
8
2
6
3
25
8
6
1
42
2
2
2
54
2
5
3
40
6
1
2
38
1
4
3
45
5
6
1
14
17
1
2
30
3
1
3
4
2
2
2
6
3
5
2
32
3
5
1
22
1
1
1
25
1
1
1
29
3
5
3
17
10
1
2
29
3
1
1
60
2
2
1
18
6
1
2
53
1
3
1
55
2
5
3
1
7
1
3
14
18
6
2
29
2
6
3
67
22
4
3
45
7
4
2
68
2
5
2
52
6
3
3
16
4
6
3
16
1
4
2
44
5
6
3
28
4
6
3
4
1
5
2
31
1
5
3
44
6
1
1
66
3
1
1
43
3
5
1
71
2
2
2
66
2
2
2
10
3
2
1
18
3
6
2
22
1
5
1
34
6
2
1
36
1
5
2
67
1
1
1
55
1
6
2
33
3
5
3
66
8
6
1
32
7
1
1
61
3
6
1
27
1
1
2
4
2
6
2
11
1
6
1
6
1
6
3
18
17
5
2
37
3
5
1
49
1
5
1
37
1
5
2
65
1
2
3
17
12
6
2
26
3
6
1
54
2
3
3
55
17
6
3
22
3
6
3
52
18
5
1
44
4
6
2
63
3
1
3
15
17
6
2
17
2
2
2
8
3
1
3
41
3
6
2
15
3
6
3
28
1
5
3
37
6
5
2
67
2
6
2
47
2
1
3
37
1
6
2
16
3
1
2
53
2
3
2
35
3
6
1
54
1
1
3
61
11
1
2
5
2
5
3
1
9
6
1
11
8
1
3
65
14
5
3
26
8
6
1
31
3
2
1
28
2
2
1
35
4
6
1
16
5
1
2
35
1
1
2
25
3
6
