3
9
27
1
2
54
1
6
3
61
7
1
2
37
1
1
1
68
2
2
3
43
5
4
2
30
2
1
3
15
11
1
2
3
2
1
3
16
6
6
3
3
10
5
2
11
3
5
2
42
1
6
3
32
4
6
2
44
2
6
1
1
1
1
2
53
2
6
3
53
2
1
2
4
2
1
3
35
2
1
1
32
2
2
1
9
11
2
2
28
2
5
3
25
6
5
2
27
3
6
3
39
8
6
2
13
1
1
3
42
4
6
1
63
1
1
1
18
1
2
1
14
15
1
3
17
6
4
1
6
2
2
3
23
15
6
1
29
1
1
2
12
1
1
1
7
3
3
3
29
5
5
1
47
1
5
2
26
4
4
1
52
3
2
2
53
3
4
1
5
1
5
1
18
5
2
1
35
4
2
1
53
2
1
1
15
5
6
3
29
14
5
1
47
2
2
1
33
6
6
3
31
4
1
3
22
3
4
1
23
2
6
1
26
1
3
1
60
1
1
2
34
1
1
3
40
3
4
1
27
2
1
1
16
1
5
1
6
1
3
3
23
11
1
2
65
2
1
1
44
3
6
1
3
7
5
1
4
6
6
2
66
3
6
3
38
12
2
3
1
6
1
3
52
12
1
2
3
3
1
1
45
1
1
2
25
2
5
3
15
5
4
2
11
1
6
1
23
3
6
3
5
1
6
3
39
5
4
2
71
3
1
2
6
3
6
3
10
5
5
2
16
1
1
1
42
2
3
3
13
8
1
2
13
3
2
3
71
2
1
3
11
15
6
2
28
1
6
1
34
7
3
3
36
2
4
2
61
1
2
1
68
1
3
2
63
1
2
1
31
3
2
3
41
2
1
1
12
11
5
1
30
17
3
2
35
1
6
3
28
6
6
1
67
1
6
2
4
3
5
3
61
6
1
3
10
23
1
1
37
2
2
1
60
2
1
3
12
6
1
2
60
3
6
2
18
4
1
3
32
2
6
3
14
6
2
2
17
2
5
1
49
2
4
3
63
8
1
1
22
3
3
3
53
6
1
3
47
7
4
1
15
3
6
1
3
6
4
2
31
4
6
3
45
4
1
3
7
5
5
2
31
3
6
2
1
3
1
2
2
2
6
3
13
4
2
2
37
2
4
3
63
7
1
2
1
1
1
1
40
2
1
1
10
3
1
1
13
7
6
2
39
2
1
1
34
9
1
1
67
3
2
2
42
4
1
3
68
12
1
2
27
2
1
2
55
1
2
2
41
2
5
2
10
3
2
1
16
4
6
2
38
1
5
1
71
1
6
1
61
1
4
3
6
4
6
3
44
4
5
3
37
9
1
3
30
23
6
3
54
1
4
1
7
5
6
1
22
1
6
2
16
3
1
2
66
2
6
1
31
12
6
2
32
3
2
1
65
2
1
3
42
1
1
2
9
3
6
1
11
11
6
3
34
10
5
2
22
1
4
1
66
1
6
3
33
9
6
2
44
5
1
3
43
2
6
3
4
28
2
1
8
7
4
3
18
8
6
3
71
4
1
1
71
2
1
1
32
4
6
1
13
4
1
2
33
1
5
1
44
4
2
3
4
10
6
3
60
13
2
1
45
2
5
2
15
1
1
3
2
7
1
2
14
1
1
2
68
2
6
3
16
8
1
1
33
2
1
1
40
3
5
3
55
1
6
2
52
6
1
2
5
2
4
3
44
6
1
3
40
6
1
3
22
12
6
2
35
3
6
2
32
2
1
3
28
14
6
3
1
7
6
3
55
15
5
2
55
2
6
3
49
6
5
2
65
1
6
3
65
12
1
1
2
7
3
3
11
4
1
3
60
20
2
3
3
3
5
1
41
3
6
2
23
1
6
3
67
17
2
2
6
2
5
1
41
2
6
3
47
4
1
3
45
7
6
2
22
3
1
1
28
1
6
1
5
2
1
2
29
2
1
1
2
4
6
1
29
3
5
2
26
1
1
1
25
2
1
2
30
1
6
1
11
10
1
2
61
2
6
3
17
10
1
3
26
8
2
1
37
1
4
2
43
1
5
3
65
9
1
2
14
2
4
3
18
5
4
1
61
2
4
2
38
2
6
1
30
9
1
2
29
3
2
1
17
14
6
2
10
1
6
2
41
5
6
1
39
1
2
2
67
2
5
1
26
3
1
1
17
3
6
3
5
2
6
1
38
3
2
2
33
2
1
3
27
12
1
1
52
2
4
2
45
1
2
3
7
1
1
2
68
4
5
2
7
2
4
3
41
4
1
3
9
30
6
2
8
1
6
2
49
2
2
1
12
5
6
1
8
3
1
1
4
1
1
2
71
1
5
3
14
12
6
2
63
3
2
1
42
1
5
2
7
1
6
1
39
4
3
3
27
6
5
3
12
3
6
3
33
4
1
1
38
2
6
3
49
8
5
2
67
1
4
1
49
1
6
2
40
1
2
3
30
1
6
3
6
5
5
2
8
3
1
2
52
2
1
2
9
1
6
3
67
29
2
3
38
4
6
3
8
19
1
3
37
8
6
2
54
2
5
2
40
4
2
1
65
1
6
1
54
1
6
1
55
2
1
1
43
3
2
2
15
2
1
2
17
3
1
3
35
5
4
2
18
1
2
2
49
3
6
3
34
2
5
1
55
1
5
2
36
2
6
2
47
2
2
1
43
2
1
1
1
3
3
2
43
5
6
3
26
10
1
3
25
3
6
2
25
1
1
1
66
2
5
2
5
1
6
1
28
3
6
1
14
5
1
1
36
2
5
1
9
10
1
2
23
3
2
1
63
2
1
1
53
1
6
2
12
2
3
1
54
3
3
2
60
1
5
3
66
5
6
2
39
3
6
1
25
3
1
2
2
3
1
2
34
2
6
3
2
12
1
2
47
4
1
3
36
6
1
3
66
1
6
3
31
18
1
3
8
12
6
1
27
3
1
3
52
4
6
1
10
7
1
3
68
8
5
2
45
4
1
1
36
1
2
1
35
2
1
2
36
4
6
3
54
2
1
