3
27
14
6
1
8
4
1
1
32
1
3
2
22
2
5
2
12
1
1
2
28
1
6
2
38
5
5
3
68
1
5
2
43
1
5
3
28
4
6
1
38
2
1
2
39
3
1
3
53
8
6
3
9
22
6
3
8
8
6
1
18
1
4
1
61
1
1
1
54
2
5
1
9
1
1
1
27
3
6
1
29
2
3
2
52
7
1
1
37
2
5
1
36
2
5
2
43
2
3
1
44
2
1
3
9
31
5
1
3
5
6
1
5
2
1
1
23
3
1
1
52
2
4
2
49
2
6
1
61
3
5
1
36
1
2
2
6
2
1
3
16
2
4
1
13
5
6
3
11
10
4
3
71
5
1
1
67
3
1
3
26
4
5
1
2
1
1
3
67
31
5
2
68
1
1
2
37
3
5
3
29
10
4
3
10
9
6
3
17
1
5
1
71
2
1
1
35
3
6
3
13
6
2
2
29
1
6
1
10
2
5
1
14
14
1
3
27
11
6
2
1
1
5
3
8
2
1
3
16
4
4
1
52
3
6
2
41
3
2
2
55
2
4
2
47
4
3
3
11
14
1
3
41
1
1
2
66
2
5
3
6
4
1
3
42
3
6
1
47
1
6
1
31
10
6
1
29
1
2
3
44
4
6
2
25
3
6
3
39
3
1
1
18
5
2
2
37
2
5
2
34
2
6
3
44
3
6
2
4
2
2
3
5
3
5
1
44
4
2
2
2
2
1
2
17
3
6
3
30
21
5
2
67
2
6
3
60
20
2
3
36
14
5
2
39
1
2
2
40
4
6
3
68
4
6
1
27
2
1
1
67
1
1
3
65
5
6
3
54
1
5
3
39
6
4
2
34
1
6
1
53
1
1
3
42
2
6
1
11
3
2
3
45
7
6
3
34
6
5
3
49
8
6
3
2
7
1
3
61
11
6
1
65
2
2
3
7
1
6
1
12
16
6
2
45
1
2
2
33
2
4
1
23
2
1
3
43
6
2
2
23
1
1
1
42
1
1
3
30
26
6
1
28
3
5
2
11
2
2
2
14
2
5
1
68
2
4
1
25
1
2
1
34
11
1
1
47
3
6
3
38
3
4
1
39
4
1
1
49
2
1
2
2
3
3
3
60
4
1
3
12
1
6
2
35
1
6
2
54
2
6
2
15
2
6
2
6
3
6
2
66
3
5
1
1
3
1
3
37
11
4
2
30
4
1
3
34
10
6
1
4
7
1
1
9
7
2
3
2
2
5
3
26
12
6
2
68
3
2
1
22
3
4
3
55
4
1
2
67
1
3
1
15
5
2
1
45
2
1
3
33
7
4
3
28
5
4
1
37
1
5
3
25
8
6
2
55
1
5
3
35
2
6
3
66
7
2
2
63
3
2
2
10
2
1
1
1
1
1
2
1
2
1
1
14
2
5
2
5
2
5
1
49
1
2
1
32
5
4
2
17
1
1
3
54
2
1
3
40
5
4
2
23
2
6
2
9
1
5
1
54
1
6
1
55
1
2
1
41
1
6
2
18
1
1
1
55
2
6
2
7
1
1
2
27
2
1
3
15
10
5
1
60
2
5
1
31
11
5
1
6
2
3
3
61
4
5
2
65
1
5
2
54
1
5
2
30
2
1
3
66
8
6
1
28
2
1
2
18
4
2
3
18
18
6
3
15
2
1
1
66
1
6
3
65
12
1
2
3
1
6
2
12
3
1
2
31
3
6
1
33
5
2
2
28
2
5
1
43
1
4
1
40
2
1
2
26
2
2
1
63
2
6
1
43
2
1
3
37
9
1
1
12
3
6
1
6
1
1
1
68
3
6
2
32
4
1
2
45
3
5
3
31
24
5
3
38
8
1
3
17
3
1
2
31
2
5
3
31
2
5
2
44
3
6
3
47
4
1
2
3
2
6
3
63
6
1
2
13
2
1
2
22
3
6
3
1
7
1
3
3
3
5
3
41
3
4
1
22
1
2
2
15
3
4
2
63
2
6
1
34
7
2
1
66
2
1
3
32
11
1
2
49
3
1
1
13
4
1
2
4
1
1
2
5
3
1
3
10
7
1
1
39
2
4
3
22
9
4
2
29
2
1
3
71
1
6
2
35
2
6
1
63
1
5
1
10
6
6
2
65
3
6
2
8
3
1
1
60
1
2
2
53
3
6
3
13
8
1
1
17
9
1
3
55
2
1
1
17
15
2
1
7
8
1
3
43
1
5
2
44
4
6
2
60
2
3
2
13
3
6
1
71
3
5
2
16
3
6
3
52
2
1
3
22
11
1
2
32
1
4
1
42
2
6
3
7
3
6
3
45
4
1
2
71
2
6
1
26
3
2
1
3
3
6
3
35
4
5
2
40
1
6
2
60
1
1
3
1
1
6
2
9
2
1
3
63
1
6
3
49
5
2
2
42
4
1
3
14
7
1
2
26
1
1
2
27
3
4
3
23
15
5
2
42
3
2
3
12
7
4
1
26
2
5
3
14
12
1
2
25
2
4
2
33
3
3
2
16
2
2
3
5
4
1
1
4
8
4
3
25
1
5
1
30
2
6
1
30
10
5
3
6
3
4
2
41
1
1
1
53
2
2
2
7
2
4
1
16
5
3
3
67
36
5
3
32
12
6
2
71
1
1
1
65
1
1
3
36
9
5
1
2
6
1
3
18
24
5
2
8
1
1
2
61
2
6
2
61
3
1
1
11
10
6
1
41
3
1
2
38
2
1
1
40
1
1
1
7
7
1
1
8
2
6
3
52
5
5
3
47
5
6
1
45
1
2
2
11
3
1
1
33
6
1
2
47
3
6
1
38
1
4
1
15
2
1
1
25
3
5
2
36
4
6
2
14
1
1
2
52
5
5
3
3
4
1
3
40
6
1
2
53
2
1
3
4
6
6
1
5
1
4
1
16
2
2
3
33
8
5
3
23
10
6
2
10
3
5
3
53
1
1
3
29
6
4
3
4
20
6
1
35
4
2
2
36
5
4
