3
34
5
5
1
42
2
6
2
65
4
4
2
71
2
1
1
52
2
3
2
44
3
2
1
40
3
3
2
31
4
6
2
31
5
2
1
9
10
1
3
60
29
5
3
38
6
6
2
67
2
6
1
63
1
5
2
36
5
6
3
6
4
1
1
11
7
6
1
49
2
2
3
13
8
1
3
43
3
6
3
10
2
1
3
37
7
6
3
40
6
5
3
15
15
1
1
67
3
1
1
5
2
6
1
67
2
5
2
47
3
6
3
65
13
5
2
23
2
2
1
33
2
5
3
63
1
2
2
9
2
6
3
17
6
5
2
5
3
5
3
25
8
5
2
6
2
6
2
34
3
2
3
44
7
1
3
68
10
1
1
14
20
5
1
28
1
2
1
60
2
2
1
60
1
6
2
35
2
1
3
26
7
5
1
36
2
6
1
43
1
5
3
5
5
5
1
5
1
5
2
30
1
6
2
25
2
4
2
6
3
4
3
4
3
5
1
53
2
1
1
13
8
5
3
45
1
1
3
4
6
6
3
8
16
6
1
54
2
6
1
45
2
2
2
32
3
5
1
53
1
5
3
10
9
1
1
49
1
3
1
1
1
6
2
49
3
1
1
34
9
6
1
12
18
6
1
52
3
4
1
65
2
1
1
41
1
4
3
43
6
6
2
36
4
6
1
71
2
2
1
39
4
4
2
17
1
1
2
43
1
6
2
60
3
5
1
44
1
4
2
39
1
1
2
61
1
5
3
65
3
1
1
44
2
3
2
7
2
4
2
53
2
2
2
5
1
5
3
61
2
5
1
55
1
2
2
2
2
6
3
53
5
5
1
23
1
6
3
67
5
2
3
6
5
6
3
12
3
5
3
3
2
6
3
31
28
1
1
68
1
5
2
11
2
3
2
55
2
5
3
30
1
6
3
31
14
6
2
52
6
4
1
36
1
6
1
35
1
6
1
27
3
1
3
36
14
5
3
37
1
6
3
2
8
1
3
55
11
1
3
41
3
5
3
7
2
1
2
1
1
6
2
28
3
5
1
66
2
5
2
3
3
1
3
33
13
5
2
63
3
2
3
16
8
6
1
15
1
4
1
30
16
1
2
15
2
1
2
9
1
1
3
41
1
1
3
11
16
5
3
11
3
6
3
60
15
2
3
23
11
5
1
2
6
3
2
1
3
2
2
4
1
1
3
53
2
1
3
5
3
6
2
37
4
6
1
39
2
6
1
22
1
4
3
22
10
6
3
12
2
5
3
8
13
2
1
10
8
1
3
27
9
1
3
29
14
4
3
49
2
6
1
61
1
6
1
12
15
1
3
9
12
6
2
16
3
6
1
61
2
1
2
2
3
6
3
35
1
5
2
17
3
5
2
15
3
5
2
25
1
1
3
71
5
1
3
30
3
1
1
8
12
1
3
13
5
1
1
2
7
1
1
66
1
1
2
13
1
6
3
17
1
5
2
18
1
2
2
45
1
1
2
29
3
1
3
14
5
6
1
34
5
3
1
54
1
2
1
18
14
6
3
18
9
1
1
16
2
6
3
54
1
5
1
41
2
1
3
26
5
6
1
47
2
2
1
37
1
5
2
40
4
5
3
25
3
1
3
47
6
6
2
10
3
2
2
65
3
6
2
4
3
5
3
44
1
6
2
32
1
6
1
6
1
5
2
27
3
5
2
30
2
6
1
4
8
4
3
23
4
2
1
26
3
1
1
29
3
3
2
41
5
3
1
11
12
2
2
66
2
5
3
1
7
6
2
22
3
1
3
45
5
1
3
38
12
5
2
27
1
1
2
53
3
5
1
23
3
1
3
27
12
1
1
32
6
1
2
41
1
6
1
17
9
4
3
54
2
1
1
31
5
6
2
49
1
5
2
18
4
5
2
7
3
6
3
28
2
6
2
38
4
6
3
68
5
1
2
42
2
5
3
35
5
4
1
14
1
1
1
71
3
5
2
16
2
6
3
55
1
6
2
35
3
1
3
42
4
6
2
54
2
1
2
3
1
6
1
26
1
6
1
40
2
1
2
47
4
5
3
66
5
5
2
54
1
5
2
60
4
6
1
22
2
4
1
42
1
4
2
68
2
6
2
42
4
6
3
34
2
5
3
39
8
1
1
7
2
2
3
7
4
4
3
36
15
6
1
31
11
4
1
10
3
3
2
14
1
6
3
63
7
6
1
47
3
6
2
33
3
2
3
47
2
1
3
71
2
6
2
29
2
1
2
61
2
1
1
3
11
3
1
63
2
3
3
15
6
5
1
16
6
4
1
38
3
5
1
38
2
6
1
4
3
1
1
8
7
4
1
3
9
1
3
1
8
6
1
17
3
6
1
68
3
1
3
14
3
1
2
44
5
6
1
45
1
1
2
38
2
6
1
30
17
6
3
67
25
5
1
32
3
2
3
32
10
5
3
39
2
1
2
45
2
6
3
66
6
6
2
55
3
4
1
55
2
1
2
12
2
6
3
18
17
5
1
28
3
2
2
28
2
5
1
27
2
2
2
11
3
2
3
9
19
1
2
40
2
2
3
52
12
6
1
43
2
1
1
37
2
5
2
22
2
6
2
14
2
6
2
43
4
6
3
49
7
6
1
25
1
1
2
39
3
6
3
22
3
6
3
29
19
6
2
12
1
1
2
67
1
1
3
16
2
6
2
26
4
4
3
33
15
1
2
52
4
5
2
23
1
6
3
32
9
6
2
10
2
1
1
6
2
3
1
1
3
6
1
29
1
1
1
15
4
3
1
35
2
4
2
37
3
6
2
33
2
6
1
33
5
2
2
26
1
1
2
68
4
6
2
8
2
1
3
52
16
1
2
13
3
5
3
3
4
6
2
63
1
2
3
42
3
6
1
25
2
6
3
2
3
4
1
18
1
1
3
61
11
1
2
34
1
1
1
13
5
2
1
65
1
6
2
71
1
5
2
8
1
6
3
28
4
5
3
40
5
5
1
9
2
1
1
7
8
2
2
66
1
6
