3
68
3
5
3
7
3
6
1
18
15
1
3
66
7
1
3
10
25
5
2
15
1
6
2
55
2
5
3
2
7
1
3
3
4
1
2
65
2
1
2
12
1
1
3
34
11
6
1
4
6
2
3
39
1
1
2
47
1
1
2
44
5
1
2
2
1
2
3
41
2
1
3
12
3
6
3
14
22
6
1
65
2
1
3
40
4
1
3
31
6
1
3
26
8
1
3
25
2
6
2
14
2
4
3
28
5
5
2
68
2
6
2
71
2
6
1
30
9
1
3
54
2
6
1
71
1
5
2
33
1
6
3
67
10
6
3
9
27
1
1
9
12
2
2
14
3
2
3
29
15
5
2
15
2
1
1
43
3
6
3
43
8
6
3
17
13
6
3
25
1
5
2
30
1
6
2
66
2
6
3
9
24
5
1
28
2
2
1
47
2
1
1
35
1
2
1
2
2
5
1
22
2
2
3
4
8
5
2
41
4
1
3
38
7
1
1
45
1
1
2
11
2
3
1
17
5
6
1
53
2
2
1
35
4
2
1
38
3
1
2
54
2
1
2
32
3
5
3
37
11
6
1
32
2
5
1
14
6
5
1
11
6
3
2
6
1
5
2
8
3
1
3
49
8
5
2
44
3
1
2
6
2
5
3
37
9
6
2
28
3
5
2
17
3
6
3
54
1
4
1
61
3
1
1
39
3
4
2
52
7
5
1
7
8
6
3
66
8
6
2
25
3
1
2
16
2
6
1
8
12
1
3
15
16
6
3
11
16
6
1
39
1
2
3
41
3
5
2
67
2
6
2
22
2
5
1
1
3
5
2
9
1
5
2
5
1
1
1
49
1
2
1
2
1
1
2
12
3
2
3
32
2
6
2
47
4
5
3
55
9
5
1
47
1
2
2
37
1
6
3
18
5
5
3
43
1
1
2
3
1
1
2
40
2
2
2
53
1
5
3
61
8
1
2
29
3
1
1
43
1
6
3
52
16
6
3
39
6
6
1
37
2
6
3
1
7
1
1
6
1
1
2
39
3
1
1
41
2
1
1
61
1
4
1
54
2
6
3
67
4
4
2
23
1
6
2
52
3
5
1
28
1
6
1
67
2
1
2
16
3
1
1
9
14
4
1
27
1
6
1
7
6
6
1
26
3
2
2
40
1
2
1
3
7
3
1
5
1
5
1
42
2
1
3
34
1
6
2
7
2
3
3
60
15
6
1
68
1
4
1
63
1
1
2
35
1
1
3
40
6
1
3
27
9
1
2
61
2
6
2
3
2
6
2
54
1
1
3
8
15
6
2
55
3
5
2
53
3
3
3
1
5
5
1
29
2
2
3
8
7
6
2
8
2
6
3
68
14
4
3
11
3
6
3
35
5
6
3
42
1
6
2
10
1
5
3
61
2
1
1
11
4
1
2
41
1
1
3
13
9
6
3
7
4
6
3
18
25
1
2
63
3
1
3
22
6
5
3
4
9
6
2
71
1
6
1
10
8
6
2
26
1
6
1
36
1
1
3
31
28
1
2
63
2
6
2
36
2
6
3
38
5
5
2
23
2
1
1
55
1
3
2
33
2
1
2
34
2
6
3
23
12
1
1
68
2
5
3
53
1
5
2
10
3
6
3
30
25
6
2
27
2
1
2
25
1
6
1
40
3
3
3
16
2
4
2
66
1
6
1
13
7
1
2
13
1
6
1
52
1
3
3
23
5
6
1
17
15
1
3
17
7
1
3
52
4
6
3
53
8
1
3
15
12
1
3
71
3
1
1
54
1
5
3
55
2
1
3
13
2
4
1
12
17
1
2
1
2
6
3
45
2
6
3
49
5
5
3
65
1
1
3
65
5
1
2
31
3
1
2
2
2
1
3
47
4
1
2
42
4
1
2
11
3
4
3
5
2
6
2
67
1
3
1
32
5
6
1
67
1
2
1
16
7
1
2
60
2
1
3
45
6
2
2
18
3
5
3
14
6
5
3
47
1
2
2
4
2
2
1
42
1
4
3
32
8
6
3
71
2
1
1
15
1
3
1
37
1
4
1
40
1
1
2
7
3
5
1
10
1
1
2
27
1
6
1
52
3
2
2
5
3
4
3
44
8
6
1
3
8
3
2
18
2
1
3
16
1
5
1
22
1
2
1
4
3
6
1
31
5
3
3
2
4
1
1
26
1
5
1
44
2
6
2
36
1
1
3
3
10
5
3
6
6
5
3
6
2
1
2
45
1
6
3
26
9
5
2
37
4
1
2
39
4
4
1
44
3
2
1
25
1
4
1
5
2
2
2
60
1
5
2
35
3
6
2
9
3
1
3
63
8
6
2
30
5
1
3
33
5
1
1
49
2
2
1
65
1
1
3
60
17
2
3
12
2
4
2
31
1
5
1
12
4
6
3
30
17
6
2
26
2
1
1
63
2
4
2
65
1
2
2
38
2
1
1
27
2
1
1
31
17
1
3
5
1
4
2
1
1
5
1
53
1
2
1
66
3
1
3
29
19
1
1
41
3
6
3
28
15
5
1
15
2
1
3
22
7
1
1
34
7
3
1
33
5
1
1
60
1
5
3
10
1
6
3
36
10
5
3
36
9
6
2
49
4
1
1
18
11
5
3
42
3
1
3
44
7
1
2
43
1
6
1
60
2
6
2
42
1
5
1
36
3
1
2
32
2
1
1
45
2
5
1
16
4
3
2
61
3
6
2
68
3
5
1
34
9
1
2
43
3
1
1
8
1
1
1
38
1
1
2
34
3
1
2
29
2
6
1
29
1
1
2
38
3
3
1
6
2
3
1
13
5
4
2
45
3
6
2
17
2
5
1
30
17
1
2
22
3
6
3
33
3
6
1
23
2
1
1
23
3
6
1
25
3
3
2
13
2
6
3
63
2
4
1
33
8
5
1
71
2
1
2
49
3
1
1
1
1
6
1
14
1
2
2
28
1
5
3
27
11
6
3
35
6
6
1
66
2
2
1
55
2
1
2
4
1
6
