1
5
1
3
2
49
3
5
2
26
4
5
1
13
3
2
2
43
3
1
1
14
18
4
1
45
1
1
2
33
3
2
3
1
1
6
3
43
7
4
3
54
2
1
3
12
5
6
1
61
2
5
3
41
1
6
1
29
1
1
1
55
2
5
1
49
1
1
3
18
4
5
2
27
2
1
1
53
2
6
2
6
1
4
3
11
14
1
3
36
9
6
3
1
9
6
1
32
7
1
1
32
6
1
1
23
2
6
3
7
3
1
1
7
5
2
2
30
2
1
3
11
5
5
3
68
5
6
3
53
2
6
1
11
10
2
1
54
1
1
1
3
11
1
3
9
31
4
3
26
2
6
3
6
5
6
1
47
3
6
2
31
2
6
1
22
3
1
3
23
11
1
1
25
2
1
3
65
20
1
2
60
4
6
3
40
4
6
3
54
1
6
2
47
2
6
2
18
3
4
1
34
5
5
1
28
1
2
2
68
1
6
2
34
1
6
2
61
3
1
2
44
1
6
2
14
1
6
3
38
11
4
3
9
13
6
1
35
3
6
3
14
7
6
2
28
3
6
2
49
1
2
2
12
2
3
1
30
2
1
2
40
4
1
3
27
10
6
3
53
8
6
1
3
9
5
2
4
3
6
3
32
8
1
1
71
2
1
2
2
3
2
1
2
3
6
3
15
2
1
1
9
11
4
3
14
8
1
1
42
1
2
3
29
14
4
2
47
4
6
3
29
19
1
1
71
3
5
2
12
3
6
3
10
20
5
2
33
2
2
2
18
4
1
2
53
3
3
2
6
3
6
2
54
2
2
1
12
11
6
1
39
4
3
2
29
1
1
1
37
2
1
2
16
3
1
1
11
8
6
2
23
1
1
2
39
2
1
1
10
1
6
1
2
7
5
3
16
8
6
1
18
14
6
2
31
1
1
2
55
3
5
2
60
3
4
2
45
3
6
1
52
3
4
1
68
3
1
2
10
1
6
1
6
2
3
3
61
2
2
2
14
2
4
2
52
3
2
1
49
2
4
3
17
7
1
3
35
3
1
2
13
1
1
2
42
1
5
1
4
3
2
2
66
1
4
1
10
3
6
3
8
11
5
2
7
1
6
2
5
2
5
2
5
1
5
3
71
1
6
1
15
3
6
3
27
3
6
2
40
2
2
3
55
7
4
3
45
6
2
3
34
4
4
2
67
1
4
1
14
1
5
2
63
2
6
3
30
9
6
1
68
2
3
1
28
2
5
3
36
11
1
3
5
2
6
2
2
1
4
2
8
2
1
2
65
3
1
3
37
6
6
3
13
9
6
2
25
1
6
2
17
3
1
1
40
2
6
2
66
3
1
3
34
3
4
3
18
19
4
2
41
1
6
3
10
18
1
1
43
1
6
2
71
1
1
2
38
3
3
3
28
1
1
1
36
2
5
3
63
3
6
2
52
5
4
1
52
1
3
2
45
1
2
3
35
8
5
2
7
3
4
1
55
1
3
3
66
3
6
3
44
9
2
2
29
2
1
3
63
13
1
3
7
5
1
2
22
1
6
3
60
27
2
2
1
1
1
2
17
1
1
2
1
3
1
3
30
22
4
2
26
3
5
1
15
4
3
1
26
3
2
1
44
2
5
1
66
2
5
3
68
14
4
1
36
3
5
3
3
7
1
2
54
1
2
1
29
2
3
1
17
10
1
2
36
4
1
3
4
16
4
2
27
1
1
2
3
1
1
3
2
2
4
1
12
9
1
3
22
9
4
1
34
9
1
3
45
5
1
2
42
4
6
2
25
3
6
2
10
2
6
3
47
6
5
1
1
3
6
3
52
6
1
3
40
6
6
1
38
3
2
3
66
7
6
3
47
4
6
1
33
4
4
1
47
1
5
1
67
1
6
2
55
2
5
1
16
3
1
1
35
1
5
3
25
7
1
3
31
12
1
2
15
3
6
3
65
14
6
1
33
2
6
1
61
1
6
1
25
3
5
1
53
1
2
3
42
1
1
1
1
1
6
2
34
3
1
1
40
1
3
2
9
3
6
2
41
3
6
3
71
2
6
1
42
2
5
3
61
8
6
1
5
2
4
1
44
3
2
3
28
5
5
3
33
22
6
2
11
2
6
1
9
5
6
2
11
3
3
2
23
3
6
1
39
3
4
1
17
16
1
2
53
2
1
2
44
5
1
2
39
3
6
3
44
3
2
3
42
3
1
3
39
4
2
1
66
3
1
1
6
1
1
2
38
1
4
3
12
2
6
1
63
2
3
3
16
3
6
2
13
3
2
3
49
6
6
1
30
18
6
1
31
2
4
2
36
5
6
1
8
1
2
3
32
7
1
3
67
1
4
2
16
2
1
1
26
2
2
2
22
3
1
3
55
13
1
2
3
3
1
2
32
2
1
2
4
2
1
3
43
8
1
2
61
1
1
2
35
3
6
2
37
3
6
1
65
1
6
3
33
5
6
2
30
3
5
3
8
7
5
3
38
7
1
2
32
1
4
3
41
4
1
1
8
4
1
2
15
2
1
2
71
2
6
2
65
2
1
3
22
4
6
2
8
3
1
2
28
1
5
3
37
12
6
1
60
2
2
2
37
1
1
3
25
6
6
3
6
1
6
1
18
4
1
1
22
2
3
3
5
3
5
1
16
6
1
3
15
11
6
1
45
2
6
1
41
1
1
1
60
1
2
2
67
2
6
3
31
18
1
3
52
1
1
1
31
7
2
1
54
3
6
3
4
8
6
1
7
3
6
3
26
6
1
3
60
19
1
2
63
1
2
2
68
4
2
1
67
2
6
1
37
1
6
2
9
1
1
3
2
5
1
2
43
4
6
3
67
15
4
1
13
1
6
3
17
6
4
1
65
2
4
1
38
2
1
2
35
1
1
3
13
8
6
1
27
3
1
1
41
2
1
1
43
2
2
3
23
17
1
1
63
1
6
1
23
1
4
3
49
4
1
1
4
2
1
3
3
3
6
1
27
2
5
3
39
2
6
