3
4
6
1
1
71
2
5
1
39
3
6
1
2
2
1
3
28
1
5
1
26
2
1
3
6
1
4
2
23
2
2
3
55
17
5
2
6
1
6
1
1
3
5
2
34
1
1
3
63
3
6
3
27
5
1
3
34
4
6
2
7
1
1
1
14
12
4
1
53
1
6
2
33
3
1
1
12
13
6
1
63
1
6
1
38
3
5
2
29
3
5
1
13
7
6
2
8
1
6
2
27
3
5
3
61
5
5
2
63
1
2
3
65
16
4
2
65
3
6
2
23
3
1
2
38
2
6
3
36
10
6
3
35
3
1
1
40
3
2
3
22
3
4
3
3
5
1
1
6
1
5
1
34
11
6
3
10
26
6
1
68
3
1
3
17
4
5
2
12
1
1
3
44
8
6
2
27
1
1
2
1
1
1
3
33
10
5
1
54
2
5
1
5
2
5
3
13
6
6
2
71
1
6
3
11
8
1
2
1
2
5
3
49
4
1
2
47
2
5
3
25
2
4
2
67
2
5
3
30
18
6
1
13
9
2
3
29
6
5
1
15
1
6
1
71
3
6
1
53
2
5
1
38
2
1
3
10
11
6
1
31
17
1
1
9
9
4
1
61
2
5
2
28
3
5
2
43
1
4
1
27
1
1
2
71
3
1
2
11
1
6
1
54
1
6
1
2
6
3
2
49
2
5
3
42
2
1
3
3
8
5
1
28
2
1
3
68
10
6
2
36
4
6
2
65
4
6
1
8
15
6
2
36
2
1
3
11
14
6
1
32
7
1
2
40
4
2
3
54
1
5
3
47
1
5
2
53
1
3
2
30
5
1
2
37
1
1
1
7
6
3
1
49
1
5
1
67
3
2
3
40
3
6
1
36
1
2
3
52
4
6
3
9
16
5
3
14
24
6
1
60
2
2
3
53
5
6
2
2
2
1
2
37
4
5
2
3
3
5
3
54
2
6
2
8
2
1
1
37
2
6
2
4
3
5
3
8
15
5
1
4
3
4
2
2
3
2
3
1
1
1
3
41
4
6
2
49
3
6
2
42
4
1
2
4
1
1
1
34
4
2
1
3
1
2
1
10
8
2
3
41
1
6
2
55
3
4
1
55
2
6
3
2
11
6
3
44
6
6
3
26
9
5
2
5
2
4
2
18
1
6
3
61
4
2
2
66
1
5
1
55
1
5
2
40
3
2
1
27
3
1
1
36
3
6
1
7
10
1
2
45
4
6
2
29
1
5
2
43
2
5
1
8
8
1
2
15
2
6
2
9
1
5
3
37
9
6
2
61
3
6
2
44
5
6
3
9
30
4
3
1
4
1
1
11
4
1
3
29
19
6
1
35
4
2
3
43
1
1
3
66
7
6
1
43
1
4
2
14
3
6
1
42
2
6
1
23
2
1
2
10
1
6
1
25
2
5
1
33
6
1
3
60
22
1
1
6
2
3
3
42
4
1
3
23
17
6
1
68
1
6
2
10
3
2
2
11
3
2
3
14
3
1
2
44
1
4
3
32
11
1
2
16
1
1
3
35
5
5
1
22
3
4
2
14
2
5
3
71
2
6
1
61
1
2
2
16
3
6
1
3
5
2
2
45
3
5
3
12
5
1
3
45
1
2
2
32
4
2
3
55
16
6
2
5
3
3
3
30
15
6
3
68
8
5
3
16
4
6
1
18
5
5
3
17
1
5
3
65
19
1
3
47
8
6
1
30
17
1
3
26
7
4
1
41
2
6
3
28
5
5
3
33
20
1
3
52
15
6
2
68
2
5
1
29
3
3
3
25
8
6
2
25
2
4
2
12
2
3
3
8
6
6
2
13
1
1
3
38
7
1
1
12
4
3
1
66
3
1
2
28
2
5
1
23
3
5
1
67
2
2
1
45
2
1
1
65
2
5
2
22
2
5
2
55
2
6
2
68
3
2
2
30
4
2
3
31
17
6
1
11
10
1
2
17
2
2
1
25
1
3
2
32
2
1
3
38
10
5
1
44
1
1
3
71
3
6
1
39
4
6
3
39
8
6
2
61
1
5
1
30
3
2
2
31
1
6
1
15
3
1
1
10
7
5
2
35
2
5
1
31
14
3
3
31
2
6
3
32
5
5
1
44
4
3
1
16
1
1
2
22
1
5
2
31
2
4
3
18
20
6
1
32
4
6
1
47
2
2
3
4
12
1
3
16
7
6
3
12
7
5
2
38
1
5
1
43
3
5
2
60
1
5
1
16
6
2
3
36
5
6
1
22
1
5
2
13
3
5
2
66
3
2
3
7
3
1
3
34
5
5
1
33
5
3
1
42
1
5
3
18
18
1
2
34
3
5
1
37
1
5
1
49
2
3
3
49
5
6
3
53
8
1
1
41
1
5
2
7
2
4
2
63
3
5
2
47
1
6
3
66
9
6
1
52
1
6
2
39
2
1
1
14
9
1
2
42
1
6
1
45
1
2
1
66
1
5
1
26
1
1
2
25
3
2
1
60
1
1
1
63
2
1
1
65
1
1
3
5
1
4
3
37
4
1
1
40
1
5
2
33
1
2
2
52
4
4
3
23
10
5
1
52
3
1
2
15
1
1
3
60
31
2
3
27
15
4
2
18
2
2
2
3
2
6
3
43
8
6
3
7
4
5
2
39
3
6
2
9
3
5
3
22
6
5
1
9
11
4
2
17
3
6
1
5
1
1
3
13
4
2
3
67
16
6
2
6
2
5
2
41
5
3
3
15
13
1
1
28
1
6
3
15
12
1
2
54
2
5
1
47
3
1
3
5
2
4
3
6
3
6
1
1
2
1
2
35
3
6
2
26
1
6
3
63
11
1
1
17
7
1
3
40
4
1
3
39
2
6
1
35
2
1
3
45
5
1
1
29
2
5
2
26
3
1
1
4
7
1
2
52
2
1
2
54
1
2
1
17
14
5
2
53
3
1
1
18
4
6
3
67
15
5
2
41
4
1
3
2
1
6
2
60
2
3
2
67
1
3
