2
34
3
2
2
37
1
1
3
1
9
6
2
45
3
4
3
52
14
1
3
67
27
5
2
13
3
5
1
40
2
5
3
54
2
1
3
44
5
5
1
66
2
1
2
26
1
1
2
54
1
1
1
7
4
6
2
38
3
6
2
66
3
2
2
47
4
4
2
11
2
3
1
47
1
1
3
27
8
6
1
9
10
6
2
53
3
2
3
60
23
4
2
6
3
5
3
18
3
6
2
60
3
4
2
65
4
5
1
47
2
6
3
44
8
1
1
49
1
3
1
60
1
6
2
47
2
6
2
1
1
6
3
53
2
6
1
32
1
6
3
41
1
1
1
13
1
4
3
23
8
6
1
43
1
6
2
40
1
2
1
54
3
3
2
71
1
6
3
8
9
4
2
16
2
1
3
28
3
6
1
32
6
6
3
52
4
1
1
17
15
6
3
6
1
4
2
27
2
1
1
35
1
5
1
15
3
1
3
25
1
6
1
55
2
1
2
35
3
1
2
17
2
6
3
39
7
6
1
54
2
4
3
71
1
5
1
33
1
2
1
44
3
2
3
54
1
4
3
35
4
5
3
65
9
5
1
4
5
1
3
17
8
6
2
42
3
2
2
39
2
6
1
28
2
1
3
47
10
1
3
53
5
5
1
43
3
5
3
11
18
6
1
60
2
1
2
10
1
6
1
29
3
5
3
30
13
1
2
3
1
6
2
65
1
6
2
67
2
6
1
37
1
5
3
22
12
6
1
17
5
2
1
27
2
5
2
10
3
1
1
5
1
1
1
27
1
1
3
4
18
6
2
12
3
6
3
47
9
1
3
34
2
4
3
68
13
1
3
7
2
6
1
65
1
1
1
31
9
6
2
41
3
2
2
11
1
1
3
3
7
2
1
40
1
3
2
14
1
6
1
9
12
4
1
61
2
5
2
13
1
1
1
36
3
4
1
35
2
2
1
25
3
4
1
45
1
1
2
39
3
6
1
2
2
4
1
12
1
6
3
68
4
6
3
5
1
5
2
61
3
6
1
61
3
6
1
4
3
5
1
52
1
1
3
61
3
1
2
28
3
6
2
4
2
2
3
63
6
6
3
14
24
6
1
22
1
6
1
42
2
1
1
26
3
2
2
18
1
1
3
65
3
6
2
52
6
1
2
32
4
1
2
66
2
2
1
18
7
6
2
16
1
2
3
55
7
5
1
18
12
2
3
60
6
6
2
38
4
6
1
67
2
5
1
49
2
1
3
26
9
6
2
15
3
5
1
16
7
2
3
2
9
1
1
2
7
1
2
5
2
5
2
15
2
1
2
55
1
5
3
49
6
2
2
7
3
5
1
8
16
1
3
41
3
5
1
30
20
1
2
44
4
6
3
39
2
1
3
1
2
1
1
42
1
3
2
4
1
1
1
33
5
4
1
34
5
5
2
49
1
5
1
23
1
6
3
35
7
4
2
68
2
6
3
66
9
1
1
11
9
6
3
4
13
6
2
17
1
1
2
37
2
5
2
2
3
1
1
1
3
2
1
39
1
1
2
71
2
1
2
3
3
1
3
32
4
6
1
65
2
2
1
29
2
4
3
6
3
5
3
42
2
6
2
44
5
1
2
36
2
1
3
43
5
4
3
15
11
6
3
34
8
1
2
42
4
6
2
8
2
6
3
7
4
5
3
55
17
6
3
40
6
6
2
14
3
1
1
8
12
1
2
60
4
6
2
22
3
5
3
29
7
6
3
17
16
6
1
66
3
1
2
8
3
1
1
26
1
1
3
32
9
1
3
28
11
4
2
45
4
2
1
10
2
5
3
25
6
5
3
29
10
5
2
18
4
2
2
34
2
1
2
41
5
4
2
31
3
6
1
63
2
3
2
27
1
6
2
36
3
4
3
33
21
1
1
14
11
3
3
61
2
2
1
23
2
1
2
28
1
6
3
12
7
6
2
1
3
6
3
31
29
1
2
33
1
2
1
7
3
4
3
33
20
1
2
32
3
2
1
36
2
6
2
25
3
6
2
2
1
4
3
49
2
1
2
33
3
1
2
53
2
1
3
2
10
5
3
15
17
1
3
10
24
5
2
61
1
6
1
45
2
1
1
38
1
2
2
25
2
5
2
9
3
6
1
44
4
5
1
31
8
5
1
1
2
1
1
34
2
1
1
13
5
5
1
12
14
6
1
53
1
1
1
11
2
1
3
11
13
5
3
3
10
5
1
3
9
2
1
6
2
1
1
14
13
3
1
71
2
6
1
6
1
3
1
37
2
2
2
43
1
5
1
15
5
2
1
5
2
5
1
52
2
3
1
22
3
2
2
52
5
5
2
54
2
1
3
18
12
1
3
71
3
1
2
5
1
1
1
25
2
6
3
22
3
4
1
3
1
2
3
36
3
6
1
41
3
1
3
31
17
6
1
55
1
3
3
45
2
2
1
28
3
1
2
30
5
1
2
12
1
1
2
29
2
6
1
38
2
6
2
63
3
1
2
55
2
5
3
38
6
6
3
13
6
1
1
53
2
5
2
68
3
6
1
67
1
6
2
31
5
2
2
26
2
6
2
30
4
1
2
49
2
6
3
12
1
1
2
40
3
5
3
16
6
6
2
63
2
6
3
13
4
2
3
10
19
1
2
35
2
5
3
43
4
5
1
68
3
1
2
67
1
2
3
67
37
4
3
40
5
6
1
30
5
6
1
41
1
6
1
68
2
6
3
16
4
4
2
6
2
1
2
43
4
6
2
22
2
6
3
37
6
6
3
26
6
6
3
38
11
4
3
30
23
1
3
9
17
1
3
9
23
1
1
10
3
5
2
29
1
5
3
42
4
6
2
23
1
1
3
45
6
2
3
66
6
1
1
39
2
4
1
63
1
1
2
23
2
1
3
27
9
1
3
5
4
6
2
9
2
1
1
71
1
5
3
8
10
1
3
23
7
6
2
7
2
4
1
16
2
2
3
36
11
1
3
37
4
5
3
63
1
6
3
14
17
5
