1
17
7
6
3
3
4
1
1
1
2
5
3
66
4
6
1
42
2
2
1
44
1
2
1
45
1
5
3
32
8
1
3
39
10
2
2
31
2
5
2
68
4
6
2
6
2
5
1
16
3
5
2
39
2
6
1
55
2
5
2
26
4
6
1
12
18
6
1
23
3
6
2
10
1
4
1
65
2
1
3
43
1
5
2
25
1
6
1
8
17
5
3
1
4
1
3
5
4
6
1
29
3
2
2
2
1
3
2
4
1
1
1
1
1
1
3
2
8
1
1
45
2
2
1
15
3
1
2
13
3
6
3
29
14
6
3
44
9
2
3
40
6
1
2
71
1
5
3
7
2
6
1
60
1
2
1
54
2
1
1
31
16
1
1
32
2
3
2
8
2
1
3
8
11
5
2
27
2
1
2
29
3
1
2
49
2
1
2
15
1
1
2
18
1
5
2
30
1
1
2
23
1
1
3
30
3
6
2
3
2
6
1
7
10
1
2
13
2
1
1
35
2
4
2
15
2
6
1
8
7
6
2
61
1
6
3
14
8
1
3
33
7
4
1
10
2
4
3
28
13
1
3
32
1
6
3
36
5
6
2
12
3
5
1
63
1
2
1
34
4
6
1
41
3
6
1
10
6
6
3
35
4
5
2
11
1
1
1
17
4
5
3
25
1
5
3
61
6
5
3
6
2
1
1
28
1
1
1
67
2
6
2
54
2
5
3
65
6
6
3
11
1
6
3
41
4
6
1
16
7
5
2
43
4
2
3
9
12
6
3
63
11
1
2
49
4
1
1
3
3
6
3
10
26
1
3
54
1
4
3
55
16
1
2
67
1
3
2
52
5
2
1
33
8
2
1
61
3
1
3
38
4
6
1
9
3
2
2
43
2
3
2
9
3
2
1
43
2
5
3
12
3
6
3
55
7
6
2
36
2
1
2
54
1
5
2
61
2
6
2
66
2
6
1
4
4
5
2
40
1
2
3
49
5
1
1
63
2
1
3
71
3
1
2
4
2
2
3
4
4
1
3
27
3
4
3
38
2
4
1
22
3
3
1
71
3
6
1
39
3
1
1
71
1
6
1
43
1
5
3
41
3
4
2
33
1
2
2
7
1
1
2
37
1
6
3
37
9
6
3
10
21
6
1
42
1
5
1
37
2
3
2
31
3
1
2
1
2
6
3
13
5
2
1
52
1
2
1
9
2
2
2
65
4
5
2
55
1
3
3
15
10
5
2
34
1
6
2
23
2
2
2
26
1
6
1
47
2
5
3
23
13
1
2
22
3
1
1
13
3
2
2
14
2
4
3
36
13
6
1
2
7
6
2
71
3
4
1
7
7
6
1
65
1
6
2
39
4
6
2
36
5
6
3
52
12
1
3
53
4
5
2
9
1
5
3
47
3
5
3
26
3
6
1
29
1
3
1
30
18
6
3
18
21
6
1
31
12
1
3
11
26
1
2
14
3
5
2
65
3
6
2
63
2
6
3
43
6
5
2
1
1
5
2
17
1
1
2
29
2
6
1
25
3
5
1
38
2
6
2
18
4
5
2
6
1
5
1
22
1
2
2
44
4
1
3
66
6
6
1
26
3
2
1
40
1
4
2
2
2
1
2
53
3
5
3
22
5
6
3
17
8
6
3
6
3
5
1
15
1
2
3
16
2
5
1
67
1
1
1
37
1
6
1
18
4
1
2
67
2
6
2
47
2
6
1
18
11
2
3
44
1
4
3
45
7
6
3
12
6
1
1
3
4
3
1
6
2
3
2
3
3
6
1
27
1
6
1
34
9
1
1
61
2
2
2
5
2
5
3
29
3
1
3
17
16
1
1
53
2
6
2
40
3
1
1
30
2
1
2
5
3
2
1
68
1
2
2
11
2
5
2
41
2
5
1
68
2
1
3
14
26
5
3
16
3
5
2
68
3
2
2
25
3
2
2
37
2
4
3
39
4
5
3
65
12
1
2
35
2
6
1
14
17
1
2
33
3
5
1
36
3
3
3
3
5
1
2
52
4
5
1
49
2
5
2
45
2
6
3
18
17
5
3
68
13
5
1
53
1
2
2
42
1
5
3
71
2
1
2
55
2
6
3
23
11
1
3
53
2
1
3
31
12
1
3
45
1
2
2
16
2
5
3
67
28
1
3
40
3
4
2
60
1
2
1
6
1
3
2
28
1
5
3
54
2
6
2
17
2
6
1
26
2
2
1
14
10
6
3
7
1
6
3
35
1
4
3
9
30
5
1
40
3
2
1
33
3
6
1
66
2
2
2
12
2
3
2
42
3
2
2
28
2
5
1
39
2
5
3
68
7
1
3
1
7
6
3
2
9
6
2
8
1
1
2
34
3
2
3
30
19
2
2
32
2
1
3
42
2
1
1
11
6
5
1
11
1
3
2
66
3
1
3
31
14
6
1
28
2
5
3
52
7
6
3
13
2
5
3
34
4
5
1
36
2
4
1
47
3
1
2
41
1
1
1
13
6
1
1
4
3
2
1
32
5
1
2
60
2
5
3
67
11
6
3
60
11
2
3
28
3
5
3
37
12
1
1
12
17
6
1
25
2
5
2
45
1
2
1
23
2
1
2
38
1
5
1
5
1
6
3
5
2
5
2
7
3
5
1
66
3
6
1
41
1
1
1
27
3
1
3
49
7
1
1
49
1
4
3
25
9
6
3
33
1
5
1
5
2
4
3
47
8
5
2
35
3
6
2
32
4
1
3
42
3
1
3
34
2
4
3
8
2
2
2
47
3
1
2
30
2
1
3
27
10
6
2
22
2
6
2
53
1
3
3
61
7
1
1
52
3
4
1
35
4
2
3
26
6
6
3
60
23
5
2
16
3
6
1
38
1
3
1
55
1
5
1
2
2
6
1
54
3
1
3
4
25
1
2
27
3
6
2
44
3
1
2
10
2
6
1
60
2
5
3
22
9
5
2
63
3
2
3
63
2
5
3
15
11
1
2
38
4
1
1
44
4
5
