3
25
3
6
2
16
1
3
1
38
2
1
2
23
1
1
3
45
5
1
1
4
7
1
3
37
2
1
2
10
1
4
2
67
2
5
3
15
13
6
3
67
20
5
1
13
7
4
1
33
2
6
2
61
2
1
1
27
2
5
3
45
7
4
1
22
2
3
2
31
3
1
3
1
3
6
2
16
2
6
3
15
6
6
1
37
2
4
2
35
1
6
3
29
12
5
1
13
8
1
1
16
3
1
3
67
29
6
2
63
2
6
2
18
1
2
3
16
8
1
3
54
1
5
3
32
4
1
3
44
4
6
2
17
1
1
3
60
29
5
2
10
3
6
2
67
1
4
3
17
16
1
2
60
2
3
3
7
5
1
3
6
1
4
1
7
11
3
2
18
3
5
1
43
1
5
3
60
32
1
1
14
17
6
1
32
1
1
3
42
2
1
3
17
15
4
1
23
3
1
1
67
3
3
3
61
4
1
3
27
6
5
3
28
16
6
3
43
6
2
3
13
9
1
1
28
3
2
3
31
13
6
1
68
2
6
2
8
2
1
2
52
6
6
1
40
2
1
1
66
3
1
1
47
3
1
2
30
5
6
2
1
1
6
3
2
8
1
3
47
3
6
2
2
3
5
1
63
1
2
2
14
1
1
3
42
3
6
1
2
6
3
1
33
7
3
3
49
6
6
2
25
3
2
3
54
2
1
3
39
9
1
1
44
4
6
3
18
22
6
3
41
4
1
1
9
3
2
2
71
2
6
2
22
1
6
2
44
5
1
2
23
2
5
1
25
1
1
2
32
4
5
1
7
1
1
1
10
3
1
3
14
21
6
1
17
8
5
3
5
3
6
2
32
2
6
3
25
5
5
3
39
3
6
1
54
3
3
1
60
2
6
1
41
1
2
3
4
15
1
3
22
8
6
3
53
5
5
1
40
3
2
2
41
1
6
1
16
2
5
3
2
5
1
3
27
7
5
2
43
2
1
1
32
2
4
3
33
22
5
1
49
1
3
1
6
2
1
1
45
1
5
3
63
3
6
2
8
1
1
3
63
7
1
2
27
3
4
1
4
3
3
1
65
1
1
2
55
3
4
1
9
2
1
2
27
1
1
1
22
3
6
1
27
3
1
2
44
4
6
1
66
2
6
1
2
3
2
2
9
1
6
3
66
5
5
2
39
3
1
2
9
3
2
1
14
13
3
2
33
2
6
1
35
1
2
1
15
2
3
1
53
2
1
2
11
2
6
2
13
1
1
1
17
16
2
2
54
2
1
2
37
2
6
3
37
10
4
1
61
2
1
3
36
5
1
3
18
12
6
1
23
2
1
1
39
3
6
3
66
7
1
2
42
1
6
3
31
26
6
2
66
1
4
2
42
4
6
1
15
3
1
2
39
4
5
1
60
1
6
1
47
2
2
3
52
7
5
1
31
15
2
1
26
2
2
3
43
2
1
3
61
8
1
1
29
1
4
2
60
1
2
3
40
3
4
1
38
1
2
3
12
5
1
3
52
3
1
3
36
10
4
2
71
1
1
1
34
2
1
1
30
8
5
3
30
21
5
1
12
10
1
3
34
2
4
1
65
2
2
1
55
1
4
1
35
4
5
2
40
2
2
3
16
6
4
3
41
3
6
3
23
7
1
2
38
4
1
2
34
2
6
2
7
2
3
3
11
9
6
2
7
1
5
2
34
3
5
3
1
5
5
3
3
8
5
1
53
1
1
1
11
10
6
2
35
3
1
3
11
14
2
1
63
2
6
2
38
2
6
3
71
2
6
1
3
1
1
2
1
2
5
3
40
4
1
1
34
5
5
2
37
3
6
3
12
4
5
2
40
4
2
2
26
2
1
2
3
1
1
1
29
2
2
1
1
1
1
1
68
3
6
3
34
6
5
3
32
10
5
2
49
4
5
2
12
1
1
2
36
3
3
3
30
13
5
2
4
3
6
3
55
10
5
2
68
1
1
2
5
1
6
1
31
10
5
2
47
4
6
3
44
6
6
3
23
12
1
2
14
3
1
3
38
4
6
1
42
2
1
2
63
1
2
2
29
1
6
1
44
2
1
1
36
1
4
3
10
14
2
1
49
2
1
2
11
1
1
2
43
3
6
1
5
1
3
1
8
5
3
2
28
1
5
3
4
9
5
1
41
2
6
3
9
31
5
1
6
1
3
3
38
2
6
2
13
3
6
2
31
2
6
2
65
2
1
2
45
2
5
3
35
7
4
3
3
10
5
1
3
6
3
3
53
3
4
1
45
2
6
2
66
3
2
3
10
17
5
2
54
1
1
2
55
2
4
2
65
3
1
2
25
2
6
1
10
5
2
3
29
11
6
3
55
7
4
1
1
2
2
3
33
6
1
3
65
8
1
1
30
10
3
2
15
1
6
2
33
3
4
1
18
4
1
1
36
3
1
2
45
3
5
2
61
1
5
1
39
1
2
3
28
3
5
2
17
3
5
1
67
1
2
1
11
6
4
3
47
8
5
3
13
6
1
2
26
1
1
3
9
25
6
3
26
3
6
3
22
6
5
1
54
2
2
3
68
2
1
3
8
19
6
3
68
6
4
2
53
1
4
3
7
2
6
1
37
1
5
3
49
5
5
2
2
2
6
2
36
1
1
1
52
3
1
2
52
1
1
2
41
4
1
1
61
3
2
3
71
1
6
2
30
2
1
2
3
3
5
2
22
2
6
3
6
5
5
3
5
5
5
3
8
12
5
2
15
3
4
3
14
17
6
3
35
5
4
2
47
2
1
3
26
6
1
1
71
1
5
1
26
1
6
2
49
1
1
2
28
3
5
3
65
19
6
1
55
2
1
1
18
10
5
2
53
3
2
2
68
3
5
1
25
2
6
1
52
2
2
2
6
1
4
1
71
2
5
2
12
2
1
2
29
2
6
1
28
2
6
1
12
14
4
2
6
3
5
1
43
2
4
2
4
2
2
2
5
3
3
1
42
1
5
1
5
2
1
1
8
14
6
