2
65
2
1
3
60
16
6
2
71
2
1
1
3
2
2
1
68
2
3
1
18
12
2
2
47
2
2
1
5
2
4
2
35
1
6
1
61
2
3
1
26
1
2
1
4
6
1
1
37
1
4
3
26
11
6
3
4
3
5
1
40
2
5
3
8
20
1
3
12
3
6
2
40
1
2
2
1
2
1
1
23
3
1
3
7
5
6
1
37
2
5
1
14
20
3
1
9
11
4
3
29
18
6
3
9
21
6
3
42
2
6
1
16
2
2
1
11
4
6
3
43
1
2
2
60
4
1
2
25
3
1
1
31
6
2
1
60
2
2
2
15
2
1
3
3
4
6
3
61
5
5
1
43
1
5
3
12
7
5
2
10
1
4
2
3
2
6
1
42
2
1
3
42
4
1
1
33
5
5
3
17
4
1
2
30
5
1
3
22
12
6
2
52
2
6
1
25
3
3
3
33
7
4
2
39
2
6
3
39
10
1
2
52
4
5
3
4
28
1
3
33
14
5
2
61
3
1
2
44
2
6
1
29
1
6
1
36
2
5
2
7
2
3
2
33
1
1
3
28
3
5
1
16
6
1
1
14
19
1
2
42
1
4
1
47
2
4
1
22
2
1
3
13
5
5
1
60
1
2
3
36
1
1
1
34
9
6
2
8
1
1
2
5
1
2
2
13
3
1
2
40
3
5
2
36
2
1
1
26
3
1
2
71
1
5
1
28
3
4
3
40
2
1
1
45
1
6
2
18
4
5
1
8
3
4
1
43
2
2
1
27
2
2
1
1
2
2
3
18
25
1
1
13
6
2
2
4
1
6
1
29
2
2
2
53
3
4
2
36
3
4
2
38
3
3
3
8
3
6
1
40
3
4
2
43
2
1
3
7
2
1
2
68
3
6
3
18
10
4
1
66
3
1
2
16
2
2
3
47
6
4
1
25
2
6
1
63
1
6
2
55
2
4
1
7
8
2
3
17
2
4
1
67
3
4
1
68
3
1
2
67
2
6
3
35
6
6
2
26
2
1
3
6
2
2
2
8
3
1
3
40
1
1
2
7
3
5
2
43
5
6
1
41
2
6
3
45
6
6
3
27
17
1
2
28
2
5
1
13
1
1
3
65
11
6
2
12
2
1
2
10
2
1
1
15
5
4
2
11
3
1
3
43
7
5
3
9
29
2
1
38
2
6
2
49
3
5
2
32
3
5
3
54
1
4
1
31
8
1
3
28
2
6
2
22
1
5
3
35
1
5
3
14
20
1
1
54
2
5
2
66
2
6
2
31
1
6
1
11
11
5
2
37
3
5
1
65
1
6
3
63
7
6
2
66
1
4
2
42
3
1
1
2
1
1
2
6
1
5
1
61
3
4
1
35
4
1
3
10
26
6
1
27
3
2
2
28
3
4
2
68
2
6
1
41
1
1
3
52
6
1
2
44
4
6
2
61
2
5
1
17
7
6
3
34
4
6
1
71
2
5
1
6
2
6
3
68
1
4
3
60
29
4
2
17
3
6
1
49
1
3
3
13
3
6
1
12
1
4
1
47
1
5
1
63
2
5
3
1
3
1
2
45
3
4
3
23
12
1
3
1
2
1
2
53
2
3
3
49
8
6
2
63
2
6
3
32
4
1
2
13
2
6
1
3
9
5
1
32
7
1
3
31
30
2
3
65
5
1
3
15
4
5
3
47
9
1
1
38
3
1
3
49
5
2
3
15
13
6
1
39
4
6
3
66
5
6
3
45
5
1
2
34
2
6
2
12
3
2
2
41
3
1
1
18
9
3
2
35
2
6
3
5
3
4
2
11
2
1
3
30
8
1
3
71
1
6
3
61
11
1
3
10
9
1
2
55
1
4
1
53
2
1
1
55
2
2
2
17
2
6
3
52
7
6
1
10
4
1
2
45
4
1
3
26
12
1
3
44
5
6
3
14
26
4
2
2
3
3
3
25
2
4
3
11
21
6
2
37
2
4
3
55
16
1
1
53
1
5
3
39
4
2
3
53
8
1
1
44
2
2
1
65
2
2
3
68
11
5
3
16
4
6
1
6
1
2
1
12
17
5
1
66
2
5
3
41
1
6
2
54
1
6
2
31
5
6
2
14
1
6
3
44
4
6
1
17
9
5
3
37
4
6
1
52
1
4
1
34
7
1
3
29
12
5
2
14
2
6
3
2
3
5
2
63
1
6
1
1
3
5
3
3
10
6
3
54
2
1
2
15
1
1
1
49
2
6
2
47
4
3
2
3
3
6
2
29
2
6
2
30
2
1
2
23
3
2
3
71
3
6
2
49
4
2
2
1
3
1
1
55
1
2
1
42
1
2
1
33
8
1
2
34
1
1
2
6
2
2
2
5
3
1
3
2
2
6
1
15
4
2
3
55
5
1
3
27
11
1
3
23
1
2
3
5
4
1
3
37
7
4
1
2
5
6
1
10
1
6
3
6
4
6
3
67
12
4
2
60
2
1
2
27
1
1
1
8
16
1
3
41
3
6
3
32
2
5
1
30
16
1
2
23
2
6
2
54
2
1
2
38
2
6
3
11
12
5
3
38
1
6
1
23
1
3
2
16
1
4
1
36
3
2
3
30
16
6
2
65
1
2
1
54
1
6
3
36
14
5
2
29
3
5
2
41
2
6
1
52
2
1
3
38
6
6
2
18
1
2
3
25
8
5
3
66
3
1
1
39
1
2
1
44
1
6
2
32
1
5
1
5
1
1
1
71
1
6
2
27
2
1
2
33
2
4
1
32
2
1
2
9
1
5
3
22
3
5
3
31
3
1
2
9
3
6
2
26
1
1
2
2
1
6
2
39
4
5
2
25
2
4
2
4
3
6
1
35
2
6
2
22
3
2
1
67
2
2
3
53
3
6
2
67
1
6
3
63
6
1
1
30
18
2
1
4
2
5
1
45
2
2
3
34
6
6
1
9
2
1
1
28
1
1
1
22
3
4
3
67
31
5
3
16
6
4
1
7
5
6
