2
40
1
6
2
5
3
3
2
22
3
6
2
28
2
5
3
1
9
6
3
63
13
6
2
18
4
2
3
33
23
5
3
22
10
6
2
52
1
6
1
23
1
4
1
47
3
1
3
36
11
1
2
14
1
1
2
12
2
3
2
55
3
6
3
65
6
4
1
42
1
2
3
66
3
5
2
26
3
5
1
65
2
4
1
15
4
4
3
7
5
1
3
9
6
4
3
65
1
6
1
41
3
6
1
49
2
1
1
36
3
1
2
30
2
1
3
67
11
5
3
32
1
1
1
10
4
6
2
45
1
1
3
28
5
6
1
27
3
5
3
68
2
6
3
45
7
4
2
18
1
2
3
37
12
1
2
30
5
1
2
17
2
2
1
14
15
4
2
53
1
5
2
2
2
6
1
4
7
3
3
16
7
5
2
2
1
2
2
29
3
3
1
22
3
3
1
63
2
4
1
40
2
6
2
68
4
2
1
33
7
1
3
13
9
1
3
53
7
6
3
17
10
1
2
33
2
4
1
35
4
5
2
34
2
1
1
45
2
6
3
29
10
6
1
8
6
4
2
47
3
1
1
38
2
1
3
2
7
6
1
32
2
2
3
7
1
6
2
65
1
6
1
7
10
2
2
6
2
2
1
29
3
3
2
44
2
4
3
3
3
2
3
34
9
6
2
23
3
1
2
45
2
6
1
39
1
1
1
2
5
6
1
55
2
1
1
39
2
4
3
55
3
6
3
55
6
5
3
47
6
5
2
53
2
2
1
37
2
1
1
71
3
5
2
8
2
1
1
11
6
2
3
10
20
1
1
4
3
1
3
30
10
4
3
26
8
2
2
71
3
3
2
67
2
5
1
54
3
2
3
54
2
1
3
31
26
6
3
63
6
1
2
6
3
6
1
33
6
1
3
40
2
1
2
36
5
6
3
14
20
1
2
52
6
2
1
15
2
4
3
5
2
4
3
23
11
1
3
10
3
6
3
47
3
4
1
42
2
3
3
25
7
6
3
67
22
6
2
15
1
1
2
16
3
6
3
29
3
1
3
52
10
6
3
68
16
6
1
61
2
2
2
43
3
5
3
27
6
6
3
38
7
6
3
12
5
6
1
12
12
3
1
44
3
1
2
14
2
5
2
34
1
6
1
23
3
1
3
17
14
1
1
14
5
4
3
37
11
5
1
36
2
6
3
18
11
1
2
32
1
4
3
32
10
6
3
5
3
4
2
32
3
1
1
5
1
3
2
5
1
2
1
66
1
6
2
43
4
2
2
41
5
6
1
53
1
6
1
22
2
6
3
61
4
2
1
31
1
5
2
33
1
2
1
12
18
6
3
35
1
6
3
30
27
1
1
26
3
1
3
6
6
5
2
67
1
6
3
71
1
4
3
38
9
6
1
26
2
6
2
42
4
1
1
34
4
2
2
37
3
6
1
60
1
6
2
71
1
6
2
39
3
1
2
16
1
6
1
7
4
2
2
38
1
4
2
63
2
6
1
47
1
6
1
2
3
3
2
37
2
5
2
35
2
6
2
7
1
1
2
68
3
2
1
38
3
1
1
68
1
3
3
11
10
4
2
9
2
6
1
6
1
3
1
44
1
6
1
63
1
6
1
16
4
4
2
29
2
6
2
66
3
5
3
3
5
1
1
18
4
5
3
49
7
6
3
36
15
1
2
27
1
6
2
47
1
6
3
49
5
2
2
31
2
4
3
8
14
6
1
60
2
2
1
66
2
2
3
15
15
6
2
8
3
1
3
45
3
1
1
49
1
1
1
43
2
6
2
23
1
6
3
53
1
1
2
9
1
6
3
44
8
1
1
1
2
1
1
40
3
3
2
10
3
2
3
39
1
6
2
26
2
2
1
8
15
1
3
15
9
1
3
31
21
1
1
3
1
2
3
13
1
6
1
30
3
6
2
35
3
1
2
40
2
1
1
10
6
1
2
60
3
6
2
61
2
6
1
32
1
1
3
9
24
4
1
6
2
2
3
2
10
5
2
28
3
6
2
22
2
6
2
27
2
6
1
13
2
1
2
17
1
1
3
44
5
6
3
34
6
5
3
16
2
5
2
38
5
6
3
14
16
1
1
37
1
6
1
1
3
4
1
41
1
4
1
17
15
5
1
52
3
2
2
12
1
1
1
30
2
1
1
43
1
5
2
3
1
6
3
60
12
1
2
49
2
2
1
28
3
1
2
54
2
5
1
67
1
6
3
26
2
6
1
67
2
1
1
13
9
1
3
22
2
1
2
3
2
6
1
18
6
4
1
68
2
4
3
18
18
6
2
65
2
6
2
13
1
6
3
35
2
1
1
16
7
3
3
41
4
1
2
7
3
6
3
12
3
5
1
34
7
2
3
54
1
6
3
42
3
1
1
3
10
1
2
49
3
6
2
25
1
1
1
45
1
2
1
71
2
5
1
5
2
5
3
27
7
4
1
55
1
6
3
39
10
2
1
35
2
2
3
60
6
1
3
8
2
2
3
23
10
5
2
41
4
1
3
40
5
6
3
41
3
5
1
29
1
1
2
44
4
1
1
31
7
2
2
42
1
6
1
11
5
1
1
9
8
4
3
43
1
5
1
27
1
1
2
63
1
2
3
71
2
6
2
1
3
2
2
15
2
1
2
10
1
5
2
54
1
6
1
52
2
6
2
13
3
2
3
66
1
1
2
36
3
3
2
31
5
2
1
25
2
1
2
25
3
1
3
61
5
6
3
43
4
5
2
61
3
1
1
65
1
6
3
4
23
1
2
66
1
5
1
61
3
3
3
28
14
6
1
25
1
6
3
1
5
4
1
53
2
6
2
55
2
5
3
11
22
5
2
60
1
6
2
4
2
5
3
25
4
4
3
33
10
5
2
39
4
4
3
4
17
6
2
11
3
4
2
1
1
1
2
11
1
6
1
54
2
2
2
4
1
1
1
28
1
5
1
17
2
4
1
9
7
2
3
42
1
1
3
52
11
1
3
6
5
5
