1
61
1
3
2
49
1
2
2
5
3
1
1
67
1
5
3
34
6
5
2
36
3
1
3
36
14
5
1
60
1
5
1
40
2
1
3
18
14
5
3
65
6
5
1
34
4
2
2
42
4
6
2
26
2
1
2
47
3
6
3
47
10
1
3
47
9
1
2
71
2
1
3
44
8
2
1
9
7
3
3
41
3
5
1
38
2
1
3
3
4
1
1
16
7
1
3
60
21
1
3
39
10
2
1
49
1
4
2
12
1
6
3
8
15
4
1
43
2
4
1
43
3
2
2
17
1
6
1
3
2
1
1
26
2
1
2
1
1
6
3
9
23
1
2
11
1
6
3
40
5
6
1
12
12
3
2
35
1
6
1
52
1
1
3
43
3
6
2
67
2
5
1
16
6
6
2
39
3
1
2
2
2
6
1
32
6
6
2
6
1
6
1
61
2
6
2
66
2
1
2
65
1
2
1
68
3
6
3
27
9
1
3
44
10
6
2
37
4
6
1
1
2
6
2
52
6
6
2
13
2
2
2
16
3
1
1
49
2
1
3
38
7
5
1
66
2
5
1
45
2
2
3
52
10
1
3
37
7
4
1
65
2
5
1
63
2
5
3
39
4
1
2
68
4
1
2
54
2
6
2
68
2
6
2
45
3
6
1
53
1
1
3
26
1
1
3
68
3
6
3
30
6
6
2
27
2
1
3
25
4
6
3
49
4
1
2
22
2
6
3
45
2
1
1
52
2
6
2
34
3
1
3
16
6
5
3
4
22
4
3
49
6
6
2
44
2
1
3
38
3
4
2
22
1
5
2
39
1
2
3
40
6
6
2
54
1
6
1
29
3
2
1
66
1
2
3
28
3
6
3
35
1
4
3
26
7
4
1
8
9
6
1
10
1
6
2
40
3
2
1
7
4
5
2
29
1
6
2
31
4
6
1
67
2
5
2
44
1
5
3
22
12
1
1
41
1
1
1
42
2
3
1
14
12
1
1
55
2
2
3
54
2
6
3
54
1
4
2
67
1
1
3
53
6
6
1
33
8
4
2
23
2
1
2
8
1
1
1
25
3
1
3
14
24
1
2
60
4
1
1
2
3
1
2
65
4
5
1
5
2
1
1
25
1
1
2
30
2
6
1
29
1
4
1
13
5
3
3
13
9
1
3
29
15
6
1
35
4
1
1
14
21
4
1
63
1
5
3
60
28
5
2
7
2
4
1
23
2
1
3
9
9
6
3
32
9
6
3
43
7
1
3
33
13
6
3
7
5
5
3
6
4
6
1
65
1
1
1
37
2
3
2
14
1
1
2
11
2
4
2
41
1
6
2
32
1
4
1
53
2
2
3
5
1
4
2
3
1
6
2
61
2
5
1
41
3
1
2
41
5
6
3
27
17
1
3
2
6
6
2
66
1
4
1
6
1
6
2
6
2
5
3
55
17
6
2
63
2
5
3
35
7
4
3
4
7
6
2
33
3
5
3
66
4
6
3
41
4
6
3
61
10
3
3
71
2
1
3
8
5
4
1
34
2
1
2
13
3
6
2
38
2
1
2
9
1
6
1
38
1
4
1
37
1
4
2
10
1
6
1
55
1
5
3
36
15
6
2
17
2
5
2
30
3
5
1
27
2
2
2
25
1
6
3
68
15
6
2
2
1
5
2
37
1
1
1
22
1
5
2
35
2
1
2
26
1
1
2
55
2
5
3
5
5
4
2
1
3
1
2
47
4
1
1
3
7
6
1
7
2
5
3
66
6
6
3
17
2
5
3
16
7
6
1
11
7
6
2
27
1
1
1
47
1
1
3
45
1
2
3
23
4
2
3
52
4
6
1
28
1
1
1
68
1
4
3
31
21
1
1
31
5
3
1
1
3
5
1
40
1
2
1
2
5
6
2
40
2
1
1
60
2
4
2
49
2
2
1
18
9
2
1
39
4
3
2
71
1
1
2
43
2
2
2
14
2
5
2
18
3
5
3
67
12
5
1
45
1
6
3
15
8
6
3
1
4
6
2
45
4
6
1
31
1
2
2
60
3
5
1
44
1
4
3
63
6
6
3
2
10
6
1
6
2
3
2
18
1
2
3
33
22
6
2
4
3
5
1
17
7
1
1
8
12
6
1
23
1
4
3
17
1
4
3
65
1
6
2
15
3
5
2
3
2
1
3
12
4
6
1
26
1
6
1
27
1
1
2
10
2
1
1
15
2
5
2
4
1
6
3
29
14
5
1
11
9
4
3
11
19
6
2
15
2
6
2
53
1
3
1
42
1
1
3
55
12
6
1
71
3
5
1
5
1
2
3
13
1
5
3
22
11
1
3
53
4
5
1
28
2
6
2
28
3
4
3
31
27
6
2
31
5
3
3
12
7
5
2
55
3
4
3
15
14
6
2
61
3
1
2
25
3
6
2
7
3
6
2
23
3
2
1
54
1
6
2
12
3
1
3
23
12
1
2
36
1
1
3
71
3
6
1
13
9
2
2
53
2
1
2
52
5
3
1
17
16
5
1
32
3
4
1
44
3
6
2
32
3
2
3
3
1
1
3
28
4
5
2
16
1
4
2
9
3
6
3
37
4
1
3
42
1
1
1
22
2
2
3
63
9
6
1
33
6
6
3
25
3
6
3
61
7
2
1
30
15
6
1
12
10
3
3
32
3
1
2
34
2
1
1
4
7
1
1
30
11
4
2
63
1
1
2
5
1
1
1
36
3
6
3
10
26
1
1
39
3
4
2
29
3
2
1
54
3
1
1
10
5
1
2
42
2
6
3
67
17
5
2
33
2
5
1
35
3
1
3
11
2
6
1
9
1
1
1
18
7
5
2
43
3
1
3
18
24
5
3
7
3
1
2
28
2
6
3
1
7
6
1
47
2
1
3
6
5
6
3
30
19
1
1
71
1
6
2
38
4
1
2
8
2
1
1
36
1
2
3
10
16
1
3
42
4
6
1
4
5
1
1
15
3
6
3
14
15
6
3
34
11
1
