3
6
4
6
3
39
3
6
1
61
1
1
1
38
1
1
3
40
4
1
3
18
15
5
1
43
2
2
3
18
9
1
1
42
1
6
2
4
3
5
3
34
10
5
3
36
4
5
1
1
3
2
2
71
2
6
1
13
1
2
1
25
1
5
2
14
2
4
2
68
4
1
1
45
2
1
2
17
3
6
3
66
3
5
3
65
19
5
1
68
1
2
3
13
4
1
3
12
2
4
1
53
2
6
3
12
1
6
1
47
2
4
3
33
7
5
3
37
1
6
1
33
3
5
2
16
1
1
1
15
2
6
1
60
2
5
3
4
17
6
2
63
2
6
2
1
3
1
3
67
33
6
2
33
1
3
1
6
1
5
1
14
15
3
2
44
3
6
3
44
3
2
2
41
2
5
3
41
4
1
1
45
1
6
3
16
2
5
2
33
2
2
1
7
10
2
3
66
9
6
3
26
5
1
3
54
1
4
3
2
2
5
1
2
4
6
1
12
11
6
2
6
3
4
3
9
6
6
3
15
1
6
2
14
1
1
2
27
2
6
2
11
3
2
2
9
1
5
2
65
2
1
2
28
3
5
3
32
12
5
3
52
5
5
1
8
4
3
1
44
4
6
1
22
3
1
1
17
11
3
2
39
4
5
2
17
2
6
2
66
2
5
1
63
2
5
2
15
3
6
3
31
22
5
2
42
4
1
3
45
1
5
2
32
1
4
1
39
2
5
2
36
1
1
3
53
7
6
3
13
1
5
3
33
1
4
2
12
3
2
3
67
36
5
2
27
3
5
2
39
2
1
1
9
10
5
1
14
8
2
3
3
5
1
2
2
3
4
1
30
2
1
2
30
1
6
1
30
8
6
1
71
3
6
1
27
3
1
3
7
1
6
3
40
2
6
2
22
3
6
3
29
6
5
2
2
1
6
3
55
14
6
1
37
1
5
2
67
1
1
2
54
1
2
3
1
8
5
1
7
7
1
2
55
3
5
3
23
11
1
2
41
4
6
2
5
1
1
3
17
16
6
2
23
2
1
2
9
3
2
2
34
2
6
2
55
1
2
2
40
3
1
2
7
1
5
2
45
1
1
1
44
2
6
1
23
1
5
3
28
11
4
2
31
3
1
1
10
5
2
2
26
1
6
3
26
2
6
2
8
1
6
1
35
3
1
3
15
3
6
1
52
2
5
1
38
2
6
2
38
5
2
3
22
1
1
3
49
1
1
3
65
15
1
3
17
10
6
3
30
28
6
3
10
14
5
1
60
1
2
1
61
3
2
3
35
3
5
3
60
29
5
2
13
3
2
3
7
2
1
3
61
10
1
3
34
6
5
3
32
4
1
2
35
2
6
3
31
20
2
2
32
4
5
3
68
9
6
1
49
1
3
1
67
2
1
3
45
3
1
1
66
3
6
1
16
5
3
3
35
8
6
1
55
1
3
1
55
2
1
1
28
2
1
2
8
3
1
3
9
28
1
1
40
2
1
1
34
9
6
1
36
1
2
2
61
1
6
1
6
2
2
2
7
2
3
2
12
2
1
3
25
5
5
2
63
1
2
2
36
5
6
3
43
1
2
1
65
1
1
1
31
11
3
2
3
3
6
2
61
3
1
1
36
3
4
3
14
15
5
2
5
3
3
1
2
1
1
3
16
5
1
3
47
8
5
1
54
3
4
1
9
3
2
1
42
2
3
1
23
3
6
1
11
6
5
2
29
2
1
3
41
1
6
1
3
1
2
1
29
1
4
1
31
10
5
1
65
2
5
2
44
2
4
1
71
2
2
2
49
1
1
1
34
11
6
1
67
1
1
3
52
13
1
2
60
4
6
2
60
1
1
1
26
2
2
3
3
6
3
3
61
1
6
3
25
4
5
3
54
2
1
3
36
1
5
3
11
19
5
1
28
3
5
1
25
3
6
3
39
6
5
2
3
1
6
2
31
2
6
2
22
2
6
2
10
2
1
2
35
1
1
2
18
1
2
2
47
4
4
3
14
12
6
2
37
3
5
2
28
2
5
3
10
18
1
1
8
9
2
1
41
1
2
3
22
7
6
3
63
3
6
1
16
3
2
3
29
13
6
2
65
3
6
2
53
1
1
2
71
1
5
2
10
1
6
2
40
1
1
1
43
1
6
1
32
5
1
1
5
2
4
1
39
3
3
2
43
4
2
2
18
3
5
3
43
8
6
2
30
5
1
2
54
2
2
1
49
2
1
3
42
4
1
1
11
3
2
2
45
2
4
1
12
5
6
1
52
3
1
3
63
4
6
1
63
1
6
1
53
1
2
1
1
2
1
1
15
4
5
1
35
2
1
2
53
2
3
2
25
2
6
1
26
3
5
3
49
5
2
1
68
2
3
2
6
1
6
3
30
3
1
2
11
2
2
3
23
8
6
3
44
10
5
2
25
1
6
2
42
3
5
3
60
32
5
1
13
5
6
2
15
1
1
1
5
1
2
3
5
4
1
3
5
1
4
3
8
7
6
2
52
5
5
3
27
15
4
2
52
1
1
2
1
2
2
2
29
3
4
2
47
3
1
1
40
1
3
1
4
2
1
2
26
2
6
1
33
5
3
1
29
3
6
3
1
5
5
3
37
8
5
3
47
9
1
3
27
6
6
2
43
1
4
2
13
1
1
1
18
14
1
2
4
2
1
1
47
1
2
1
37
2
1
1
3
4
1
3
2
6
1
3
6
1
4
3
42
3
6
3
53
2
1
2
38
4
6
3
38
11
4
2
67
2
6
1
18
5
3
3
71
4
6
1
54
2
1
3
55
10
6
2
34
3
1
3
8
16
5
1
32
6
1
3
4
2
2
3
38
1
2
3
11
13
6
1
17
7
1
2
16
3
6
2
66
1
4
1
41
3
6
3
68
16
6
2
23
3
6
1
4
5
5
1
27
2
1
2
37
1
1
2
49
4
2
3
28
3
6
1
22
2
3
3
71
1
4
2
68
3
2
1
66
2
1
1
10
1
1
