2
18
1
1
3
53
4
4
1
71
1
6
1
42
1
1
3
10
25
6
1
55
2
1
1
66
3
6
3
65
20
1
1
37
1
4
2
47
3
1
3
67
34
6
2
26
2
2
2
36
1
1
1
22
1
4
1
54
1
1
2
22
1
6
2
60
3
6
1
12
3
5
2
13
1
1
1
28
2
6
1
45
2
2
1
52
2
3
2
43
2
2
1
11
4
6
2
44
1
5
1
31
16
5
1
47
3
6
1
26
3
5
3
5
2
6
2
45
2
5
2
6
1
5
2
71
3
5
1
23
1
1
1
2
6
3
3
53
3
6
3
1
1
6
1
25
2
6
3
31
17
6
1
36
2
4
1
39
4
3
3
65
12
1
1
13
8
5
3
52
15
5
1
31
18
4
3
68
3
2
1
68
1
4
1
65
2
3
2
66
3
6
3
4
17
5
3
9
32
1
1
8
5
3
2
14
3
2
2
12
2
6
2
28
3
6
3
32
10
5
1
30
5
5
3
45
4
6
2
42
2
2
3
71
3
6
1
41
3
6
2
35
2
5
3
17
10
1
1
71
3
6
1
53
2
1
3
4
1
4
2
26
3
5
3
30
4
2
2
34
3
6
2
7
2
5
2
38
1
4
1
53
1
6
3
1
5
5
2
55
3
5
2
71
1
5
2
55
2
5
1
6
1
5
2
39
4
5
3
71
2
6
1
61
3
5
1
54
3
6
1
23
2
1
2
31
2
4
3
42
3
6
3
44
3
5
3
14
25
6
1
43
3
1
2
49
4
2
1
3
9
1
2
68
2
4
3
12
4
4
3
30
13
5
2
47
2
1
1
18
9
2
1
43
2
2
1
7
4
1
2
3
1
6
1
1
2
6
2
12
3
6
3
10
14
5
1
2
1
1
2
3
3
5
3
3
9
1
1
15
5
2
3
2
10
4
1
7
5
1
1
27
3
2
3
2
8
6
2
36
4
1
2
8
2
1
2
52
6
3
1
9
9
6
3
11
20
6
3
34
7
5
3
52
5
2
3
11
22
1
3
45
3
1
2
25
3
2
1
32
2
3
3
37
9
1
2
39
2
6
2
5
3
5
1
40
1
1
2
11
3
3
2
54
2
6
3
63
8
1
2
34
2
6
3
8
15
5
2
16
1
1
2
2
3
4
2
38
4
1
1
45
1
5
3
28
15
5
2
30
1
6
2
63
2
6
2
65
4
5
2
4
1
1
1
14
17
6
3
49
8
6
3
42
2
1
1
60
1
6
2
52
5
2
3
66
6
6
3
39
2
1
1
15
4
2
1
63
2
5
2
61
2
5
1
65
1
6
3
41
2
6
2
11
1
1
3
31
21
1
2
32
4
2
1
32
6
1
2
8
1
1
2
6
2
5
3
25
4
6
1
11
10
2
3
14
1
5
1
61
1
2
2
63
3
6
1
67
1
2
1
35
4
6
1
30
11
2
3
36
11
6
3
60
9
1
2
17
1
6
3
7
5
1
3
39
4
1
2
43
5
4
2
33
3
1
3
17
6
4
2
65
1
1
3
40
5
4
3
55
13
6
3
16
1
5
3
43
7
1
3
22
12
6
1
29
1
2
2
53
2
2
2
18
2
3
3
13
5
5
1
33
8
6
1
3
4
4
1
16
4
4
2
17
2
5
2
15
3
5
3
18
22
6
3
63
4
1
3
15
8
5
2
22
3
6
1
34
9
6
1
25
3
4
3
68
9
4
3
9
1
5
2
10
2
6
2
31
4
3
2
16
3
1
3
13
9
1
1
44
2
2
1
63
1
5
1
55
1
6
3
32
2
5
2
23
3
5
2
42
4
1
3
61
6
6
1
68
2
3
2
35
1
6
1
1
1
1
3
44
9
1
3
47
7
5
2
45
3
4
2
68
3
2
3
36
10
4
2
10
1
5
3
38
3
4
1
49
1
2
2
54
1
1
3
67
2
1
2
27
1
1
2
29
2
1
3
60
19
6
3
43
4
4
1
5
1
4
2
9
3
2
2
32
2
6
1
34
7
2
1
28
3
2
3
33
6
5
1
10
3
3
1
4
6
1
1
36
3
6
3
40
2
6
2
7
3
4
3
26
3
1
1
38
2
6
1
16
1
2
3
5
3
5
2
2
1
2
2
33
2
4
2
25
2
6
1
66
1
5
1
9
11
3
3
38
8
1
1
37
2
5
2
44
4
1
3
33
15
2
1
6
2
5
2
15
2
6
3
16
4
6
3
27
15
5
2
67
2
6
1
13
9
1
1
4
8
6
3
35
2
1
2
49
3
4
3
34
4
5
2
53
3
5
3
6
3
4
1
10
7
1
1
18
2
4
1
67
2
2
1
52
1
2
3
66
3
6
3
18
1
5
3
22
2
1
1
60
2
2
3
54
1
4
2
13
3
2
1
17
16
5
1
40
2
6
3
41
3
6
2
30
5
6
2
60
1
6
3
8
4
6
1
47
2
2
3
54
2
1
1
29
3
2
2
37
3
5
2
37
1
1
2
40
3
2
3
61
2
2
1
38
1
3
1
49
2
3
3
47
3
5
3
37
11
4
1
33
7
1
3
25
1
4
1
41
1
3
2
67
1
3
2
9
2
1
1
5
2
5
3
29
6
6
3
6
5
5
1
35
1
6
2
23
1
6
2
29
3
6
3
27
9
6
3
55
3
1
3
15
5
5
2
4
2
5
3
35
6
5
2
41
3
5
3
28
7
4
1
17
14
6
2
28
2
5
1
8
7
2
1
22
2
3
1
27
1
1
3
23
9
1
2
27
3
4
1
12
7
5
2
61
3
6
2
1
2
2
2
5
1
2
1
39
2
4
3
12
1
6
2
41
1
1
1
14
22
2
2
66
2
2
2
14
1
6
1
44
3
6
2
40
2
2
3
7
2
6
3
29
9
5
1
26
1
5
2
1
1
1
1
42
2
3
3
49
6
1
3
23
11
5
3
26
9
4
3
3
8
4
