2
2
3
1
2
38
2
1
1
18
13
4
2
38
3
3
1
28
2
2
2
3
1
1
3
14
7
6
3
65
16
4
3
9
14
1
3
4
21
6
2
31
3
6
2
68
4
1
1
10
3
6
1
22
2
5
2
36
3
4
2
16
1
4
2
60
3
4
2
23
2
2
3
32
9
1
1
61
3
2
2
44
4
1
3
43
1
1
1
41
3
1
3
66
2
1
2
63
1
6
1
14
13
4
2
4
2
5
2
10
1
5
1
23
3
6
2
9
1
5
1
13
5
5
3
37
8
4
3
33
9
1
2
52
6
1
2
55
2
6
2
43
3
1
2
49
3
5
1
5
1
2
1
38
1
3
2
27
3
4
1
15
4
3
1
42
2
5
3
42
3
1
1
13
2
6
1
61
1
3
1
32
3
3
3
11
12
4
1
52
2
3
1
5
2
2
1
49
2
3
2
8
1
6
1
9
9
6
3
33
22
6
2
42
3
5
2
22
2
5
1
9
11
6
2
71
2
6
2
17
1
1
2
13
3
1
3
5
4
1
1
27
3
1
1
41
1
2
2
6
1
4
2
32
3
6
1
47
2
3
1
6
2
1
2
39
4
4
3
28
8
5
2
67
2
5
2
15
1
6
3
15
14
1
1
22
1
6
3
40
3
6
3
2
6
1
3
9
20
1
2
11
2
4
2
68
3
1
3
39
8
1
1
37
1
4
2
44
1
5
3
49
1
2
1
71
2
1
1
8
15
6
1
54
3
2
1
67
2
2
2
12
3
2
1
55
2
2
3
36
6
1
2
33
1
4
3
2
11
4
2
5
1
5
3
53
1
5
3
17
6
6
3
22
4
5
3
40
6
5
1
12
10
6
2
18
4
2
3
41
2
1
1
39
1
1
2
25
2
5
2
2
2
1
3
54
2
6
2
45
3
5
2
39
1
2
1
52
1
5
2
12
2
2
3
31
21
1
1
44
4
3
2
10
3
2
2
53
1
1
2
67
1
3
1
42
1
1
3
49
7
6
2
17
3
1
1
18
5
3
3
23
5
6
3
52
9
6
3
71
2
1
2
28
2
6
1
12
18
1
2
26
2
1
2
15
3
5
2
6
3
6
2
65
1
1
3
11
5
5
1
34
7
1
3
34
8
1
3
3
6
1
3
17
15
5
1
17
1
5
1
10
7
1
3
4
4
6
2
47
4
4
1
47
1
2
2
43
4
5
3
1
4
6
1
3
9
1
2
8
3
1
2
61
2
5
1
67
1
5
1
16
7
6
2
54
1
1
2
45
2
6
2
66
2
2
2
52
4
6
1
27
2
5
1
55
1
5
3
28
14
5
1
30
15
2
3
65
13
1
1
8
2
2
1
49
1
1
2
4
1
1
3
71
1
6
1
7
8
2
3
3
8
4
1
26
2
1
2
47
1
6
3
12
7
4
1
4
4
6
2
36
4
1
3
42
2
6
1
4
6
6
1
25
1
4
2
5
3
3
3
10
11
6
2
13
2
1
1
40
2
5
3
60
2
1
2
37
2
4
3
63
1
6
2
7
3
4
3
18
6
1
3
52
11
1
2
22
1
5
1
16
1
5
1
31
2
5
2
29
3
2
2
30
4
6
2
34
3
6
3
45
3
1
1
2
3
3
2
41
2
6
1
54
1
1
3
14
17
5
1
60
1
5
3
63
7
1
1
33
1
3
3
26
11
1
2
42
4
6
2
7
2
6
1
63
2
4
1
60
2
4
3
8
13
1
3
61
5
1
2
40
3
6
3
25
3
1
1
25
2
6
1
45
2
5
1
1
1
6
3
55
14
4
1
45
1
2
1
32
4
1
3
44
4
6
2
66
1
5
3
5
1
6
3
37
5
4
3
27
14
1
1
66
2
6
1
33
8
1
1
15
1
4
2
37
3
5
2
35
2
6
3
31
17
1
3
44
8
5
2
30
5
1
1
71
1
6
2
60
4
6
2
31
2
4
3
1
3
2
1
29
1
1
2
26
1
6
1
43
3
6
1
40
3
5
2
49
2
1
2
61
3
1
3
18
25
1
1
44
3
1
2
14
2
4
1
11
4
6
3
60
32
5
3
7
3
1
1
65
1
1
3
26
10
5
3
32
11
6
3
35
7
5
3
6
2
5
3
22
5
1
3
47
3
6
3
45
4
1
3
67
2
1
2
55
3
6
2
18
2
5
3
13
5
1
3
16
6
5
3
68
14
4
3
67
5
1
3
38
1
5
1
36
1
5
2
14
3
5
3
29
16
4
3
30
26
1
2
65
4
4
1
35
1
1
1
38
3
6
1
53
1
2
2
41
4
6
1
7
9
1
3
53
3
4
1
36
3
3
2
54
2
1
3
68
8
5
1
17
16
1
2
29
2
1
3
38
5
6
3
15
1
1
1
68
2
2
2
33
3
4
3
27
8
1
1
65
2
1
1
34
5
3
2
25
1
1
3
16
5
6
3
29
13
6
2
35
3
6
3
39
7
6
1
6
1
3
2
40
2
2
2
1
2
2
1
66
3
1
1
14
17
1
1
28
1
6
2
28
3
4
3
54
1
4
2
1
3
2
3
8
15
4
3
47
6
4
2
9
2
1
2
32
2
6
1
29
3
6
3
12
4
6
3
34
3
5
1
2
1
1
1
53
2
1
1
11
6
3
3
35
4
6
1
68
3
1
3
36
13
1
3
43
4
6
3
25
5
5
1
23
1
1
3
30
12
2
3
61
7
1
2
34
2
6
3
10
6
6
3
6
4
1
1
31
11
4
2
63
3
6
1
30
18
5
1
35
4
3
1
3
8
4
2
11
1
1
3
66
7
5
1
37
2
2
3
55
11
1
1
26
1
2
2
53
2
1
3
23
7
1
2
16
2
1
2
3
3
5
1
43
1
5
1
1
2
5
3
7
4
5
3
13
9
1
3
41
1
6
2
71
1
5
2
27
1
6
2
23
3
1
1
39
2
4
1
63
1
2
