2
10
1
6
2
13
3
1
2
1
3
5
3
15
10
1
2
13
1
6
2
33
3
4
3
3
2
1
2
22
1
5
2
54
1
1
2
60
3
5
1
63
2
5
2
23
3
5
3
41
4
1
2
10
2
6
1
61
1
6
1
42
2
2
2
18
4
2
3
49
7
1
1
10
2
1
3
55
9
6
1
1
2
2
1
25
2
6
2
2
3
5
1
55
2
2
1
25
3
1
3
33
10
4
2
23
2
5
1
17
8
3
3
31
8
6
1
13
8
2
2
26
3
3
2
65
2
6
1
60
1
2
2
41
1
1
1
55
1
5
2
34
3
2
2
1
1
5
3
37
4
1
1
13
4
6
3
23
7
1
1
39
4
5
3
9
7
1
3
25
6
5
2
60
4
6
3
15
1
1
1
43
3
1
2
4
2
2
1
6
2
1
2
40
3
2
1
36
2
6
1
8
1
5
2
35
2
6
2
38
1
6
3
26
1
1
3
14
7
6
2
28
3
4
3
44
2
1
3
40
4
6
1
45
2
2
3
29
8
5
1
44
4
3
1
37
1
6
3
17
3
1
2
66
3
6
3
7
3
6
3
65
3
6
2
31
5
1
2
14
1
1
3
55
6
5
1
3
4
1
1
6
1
1
1
71
3
6
1
12
14
3
1
16
3
5
1
66
2
2
2
16
2
2
2
29
3
3
3
63
12
6
1
5
1
2
3
10
2
1
3
38
8
6
2
42
1
6
2
31
1
6
2
36
1
6
1
36
3
5
2
17
2
5
3
30
10
2
1
26
3
1
3
66
6
1
3
4
23
2
2
7
1
5
1
32
1
1
3
39
9
6
3
65
5
1
1
44
1
5
2
44
4
1
2
53
3
1
3
52
12
1
2
39
4
4
2
44
3
2
2
66
1
6
3
43
4
5
2
3
2
1
3
53
4
4
2
68
3
6
2
55
2
5
3
23
14
6
3
2
5
6
1
9
2
1
2
28
2
5
3
18
2
5
3
32
1
1
3
14
5
1
1
41
3
6
1
29
1
4
1
63
1
6
1
4
7
2
2
34
1
6
3
32
11
6
3
27
14
1
3
3
7
6
3
54
2
1
1
11
2
1
1
14
8
5
2
30
5
6
2
18
2
2
3
12
6
6
3
38
12
5
2
15
2
1
2
40
1
1
1
71
1
5
1
53
1
1
1
47
2
3
2
9
2
1
3
27
16
6
2
12
2
3
3
11
1
1
1
35
1
6
2
22
3
2
1
67
3
4
2
41
2
6
3
33
16
1
2
12
1
6
3
13
4
2
1
17
6
1
1
38
3
6
2
32
2
6
1
39
3
2
2
47
2
1
3
68
2
6
1
49
1
2
1
40
2
6
1
52
1
6
2
55
3
6
1
9
1
1
1
14
11
3
2
37
4
1
1
53
2
5
3
7
2
5
3
66
5
6
2
43
2
2
1
35
3
1
2
11
3
1
1
67
1
5
3
28
15
6
1
15
5
3
2
68
1
6
1
41
2
1
1
1
1
6
1
54
2
2
1
15
1
5
2
6
1
6
2
11
1
1
3
1
8
6
3
22
8
4
3
39
7
6
1
27
2
2
2
67
2
6
3
42
4
1
3
11
13
5
1
30
19
2
2
27
2
1
3
16
8
6
3
49
5
2
2
47
3
1
1
52
2
1
1
43
1
4
2
63
3
6
2
2
2
1
1
2
4
1
3
17
2
4
1
65
2
5
2
53
1
1
1
12
18
1
1
34
10
5
1
65
1
6
1
32
6
1
2
5
2
6
1
18
4
2
1
26
1
4
1
11
8
1
3
9
1
2
2
5
3
1
2
7
3
6
2
25
1
6
3
60
10
1
2
52
4
4
3
37
12
1
3
44
8
1
3
68
12
6
1
33
6
1
2
27
3
5
3
28
8
5
1
8
17
6
2
32
1
6
3
8
12
5
2
71
3
3
2
42
4
6
3
45
4
6
3
63
11
1
1
42
1
2
3
2
7
1
3
42
1
1
1
45
1
6
2
61
3
1
1
23
2
1
2
37
1
1
1
66
1
2
1
31
6
1
3
5
3
5
2
25
3
2
1
29
2
1
1
47
3
1
3
25
8
6
1
7
1
6
1
68
1
2
3
13
3
5
2
45
1
1
3
12
2
5
1
2
7
6
3
36
6
6
1
54
3
6
3
26
3
1
1
33
3
3
3
30
2
1
1
7
8
5
2
43
5
3
2
6
2
6
1
27
1
1
3
40
5
4
3
61
9
6
3
54
1
4
3
29
1
6
3
52
8
2
2
8
2
1
1
4
8
4
1
68
2
4
3
34
8
2
3
6
6
6
1
10
6
1
1
49
2
6
3
71
1
6
2
49
1
5
2
30
3
2
2
33
1
1
3
47
6
4
3
67
17
5
3
16
6
6
3
1
10
6
3
34
9
6
3
67
16
4
1
30
17
3
2
35
3
1
2
29
2
6
3
18
7
5
1
22
1
1
2
3
1
6
3
41
1
6
3
36
3
1
3
6
1
4
3
22
1
1
2
65
1
6
2
26
1
1
1
34
7
6
2
9
3
2
3
4
25
1
2
4
1
1
1
61
3
1
1
3
2
6
2
63
2
5
1
60
2
4
2
8
3
1
1
28
1
2
3
10
12
1
2
16
3
1
2
14
2
6
1
5
2
1
1
40
1
3
3
47
7
5
3
45
3
6
3
5
1
4
3
60
30
1
2
61
1
5
1
16
5
1
3
43
6
5
1
38
1
1
2
49
2
2
2
52
1
1
3
31
23
1
2
38
3
2
2
54
2
5
3
71
2
1
3
53
2
1
2
15
1
1
2
17
3
5
2
39
2
6
3
61
10
6
2
36
3
3
1
37
2
6
1
22
2
1
1
18
7
6
2
71
1
5
3
8
10
1
3
35
6
5
1
31
15
5
3
35
4
6
2
67
1
1
1
28
3
1
2
45
2
4
1
23
3
6
