2
28
3
4
3
16
5
1
3
3
4
1
1
49
1
1
3
32
12
1
3
13
9
1
2
65
3
6
2
9
2
6
1
7
8
2
2
44
4
6
1
40
2
5
1
37
1
4
3
37
9
6
1
18
13
3
3
25
7
1
1
71
2
1
1
44
3
5
3
52
18
6
1
60
2
1
1
5
1
5
3
61
5
1
2
27
3
5
3
41
4
1
1
9
11
5
1
3
10
2
3
2
4
1
1
61
3
1
2
5
3
2
3
17
1
4
3
6
5
6
1
52
1
6
1
47
3
1
1
28
2
6
2
65
2
6
3
34
5
5
2
47
2
1
2
18
4
5
2
67
2
6
3
39
10
1
3
22
3
6
2
25
2
4
2
12
2
1
3
11
14
2
1
25
1
3
2
39
1
2
3
43
8
1
1
16
5
5
3
39
9
1
1
12
7
2
2
1
1
6
1
45
2
2
2
67
1
5
3
28
14
6
1
26
3
2
3
53
8
1
1
27
3
2
1
40
3
1
3
49
3
1
3
31
27
6
2
37
3
6
3
10
22
6
2
34
3
5
2
33
3
3
3
67
29
6
2
40
1
1
2
2
1
4
2
32
2
6
3
7
2
1
1
63
2
5
3
36
8
1
2
47
4
1
3
53
5
4
2
15
3
5
3
8
19
6
2
29
3
3
1
6
1
3
2
7
2
4
2
31
1
5
1
13
2
5
3
37
10
4
2
54
1
1
2
40
3
2
2
16
3
1
1
33
3
3
1
1
2
6
3
40
6
5
3
40
4
1
1
33
5
3
1
29
3
1
3
2
12
5
3
4
8
6
2
63
1
2
2
6
2
5
3
12
6
1
1
23
3
5
2
6
3
4
2
68
1
1
1
7
5
2
1
36
2
6
2
11
1
1
1
30
1
2
1
17
8
1
2
60
2
3
3
61
9
1
3
9
31
5
2
4
3
5
2
66
1
4
2
33
2
1
3
47
7
5
3
4
24
1
3
25
1
5
3
38
1
1
3
44
7
1
3
26
2
6
3
23
16
1
2
49
3
6
2
13
3
5
2
10
2
1
1
53
2
5
2
43
2
3
2
35
2
5
1
18
5
1
3
33
19
6
3
29
14
4
3
29
15
5
3
6
2
5
1
65
1
1
1
66
3
6
2
66
3
2
3
54
2
1
2
27
2
1
1
34
10
5
3
66
5
4
2
49
4
5
1
4
8
5
1
16
6
3
2
71
3
1
1
55
2
5
3
67
6
6
2
61
2
6
2
8
1
1
2
1
3
6
2
5
2
6
3
35
4
5
1
52
2
1
3
5
3
4
2
31
3
6
1
37
2
2
3
22
8
6
1
10
6
6
1
4
4
1
1
49
2
3
3
28
10
6
1
31
4
1
1
68
3
6
1
38
1
3
2
38
1
4
1
17
15
2
1
35
3
6
3
34
6
6
2
9
3
5
1
26
2
2
1
28
3
5
1
32
1
3
2
37
1
1
1
8
9
1
2
55
2
5
1
10
5
2
1
43
3
1
2
22
1
6
3
45
2
6
2
23
2
5
3
60
5
1
1
5
2
6
3
42
2
1
3
27
10
5
3
14
17
5
1
43
2
3
3
7
1
1
2
53
3
3
2
26
1
1
1
12
5
6
1
39
2
5
1
15
5
3
1
68
1
4
1
60
1
2
2
22
2
5
2
45
4
6
3
10
10
5
2
35
1
1
1
1
1
1
2
43
3
6
3
65
21
5
3
54
1
5
2
30
4
2
2
71
2
6
1
13
5
5
2
26
3
6
1
14
8
6
1
63
1
1
3
1
8
4
3
43
7
3
3
15
5
5
1
38
2
1
3
71
3
1
1
65
2
2
2
14
1
1
1
6
2
6
2
54
2
2
3
31
17
1
3
30
26
1
1
61
2
5
1
30
15
5
3
49
1
2
1
8
17
5
1
11
12
1
3
33
11
1
2
52
1
6
1
67
1
2
3
18
5
6
1
54
2
6
1
9
13
5
1
44
2
6
2
34
2
6
3
23
8
6
2
30
2
6
3
65
9
1
3
26
7
4
1
2
1
1
2
42
1
4
1
41
3
6
3
32
2
6
1
31
10
5
2
36
4
1
1
22
2
3
3
16
3
4
3
13
4
6
1
42
2
6
3
11
11
2
3
45
1
2
3
36
10
4
2
13
2
2
2
28
2
5
3
14
13
5
3
55
2
1
1
66
1
6
3
8
9
4
3
71
1
5
3
41
2
6
2
18
2
3
3
15
13
1
1
14
14
5
2
25
3
1
3
1
6
6
1
32
3
3
3
5
5
5
2
45
3
4
2
29
1
5
2
52
7
1
2
23
1
1
2
36
3
3
3
3
10
6
1
45
1
2
1
42
1
1
1
23
2
1
3
42
4
6
2
16
1
4
2
61
1
2
2
39
2
1
1
2
3
3
3
35
7
6
3
30
2
6
3
63
13
1
2
38
2
1
1
53
1
6
3
66
4
1
1
22
1
2
3
12
5
1
3
47
8
6
1
47
1
1
2
10
1
5
2
17
2
1
2
4
2
1
2
68
2
6
2
55
1
4
2
11
2
1
1
11
9
4
1
39
3
3
3
27
6
6
3
60
28
6
3
44
5
5
1
29
2
2
2
60
4
1
2
32
3
5
2
63
2
5
1
55
1
6
2
44
1
6
1
54
1
2
3
55
15
6
2
41
1
6
2
2
3
6
1
3
4
1
2
7
1
5
2
14
3
2
2
42
3
6
2
17
3
5
1
41
1
3
3
68
17
6
2
8
3
1
2
12
1
6
1
27
2
1
3
52
15
5
1
67
3
3
1
36
1
2
1
25
3
3
2
15
1
1
2
3
2
1
2
53
2
2
3
38
3
6
1
71
3
6
1
34
4
2
1
15
1
1
3
17
13
6
3
18
3
1
2
41
4
1
3
68
12
2
3
63
3
1
1
35
1
5
3
9
32
1
2
3
3
6
