2
10
2
6
1
34
11
6
3
67
13
5
1
6
1
2
2
39
2
1
2
71
1
5
1
36
2
6
3
71
5
6
2
71
2
1
3
3
5
6
1
40
2
1
3
49
4
6
3
7
1
1
2
47
4
6
2
55
1
4
1
54
1
1
1
9
2
1
2
9
2
6
2
14
1
1
1
43
2
4
3
23
6
5
3
61
7
5
1
30
9
6
1
3
2
5
3
22
5
2
2
68
4
5
1
34
7
6
1
49
1
6
1
67
2
1
2
65
3
6
3
14
16
1
1
8
11
6
2
3
1
1
2
42
3
1
1
33
8
6
2
27
1
1
2
53
1
5
1
31
14
3
3
36
8
1
2
5
1
1
2
26
1
1
1
13
3
1
1
25
1
3
1
7
5
1
3
2
7
1
3
47
5
6
1
52
2
4
1
28
1
6
1
11
12
2
1
35
4
5
1
45
2
5
1
66
3
6
1
61
3
2
2
36
1
6
2
54
1
1
3
63
3
6
2
34
1
6
1
27
1
1
2
33
2
3
1
32
4
1
3
54
2
1
1
66
1
5
2
6
3
4
1
67
3
4
2
17
2
2
3
45
2
1
1
68
2
3
3
1
2
1
1
31
4
1
1
35
3
6
1
28
2
2
1
32
3
1
1
63
2
5
2
43
2
1
3
33
3
1
2
45
4
2
1
3
7
6
3
28
6
5
2
1
1
6
2
9
3
2
3
31
12
6
3
35
6
5
1
18
3
1
2
31
1
5
1
37
2
3
1
10
7
6
1
4
6
2
2
22
1
5
2
31
4
1
2
13
1
1
3
7
4
5
3
55
17
5
3
11
7
2
3
18
8
1
2
16
1
1
3
55
6
5
2
3
3
6
1
26
2
1
1
41
2
1
1
33
1
6
2
38
2
6
1
17
3
1
3
17
8
5
2
7
1
2
1
38
2
6
1
7
6
3
3
66
6
6
3
23
17
5
2
54
2
1
1
71
2
6
2
11
1
1
3
29
12
5
2
27
2
6
2
52
7
2
2
66
1
4
2
38
3
2
2
37
1
1
2
18
1
1
2
66
2
1
2
36
2
1
2
23
3
5
2
47
3
1
1
27
2
1
3
14
9
2
2
32
3
2
1
63
1
2
3
6
6
6
1
13
7
5
3
52
13
2
3
15
14
5
1
40
3
1
2
60
2
6
3
43
6
1
3
11
24
2
1
1
1
1
1
71
1
4
2
67
1
1
2
8
3
1
3
42
3
6
3
68
4
6
3
4
18
4
3
16
7
6
2
25
3
5
1
65
1
1
1
30
20
3
2
35
1
6
1
5
2
1
1
4
4
2
1
55
1
4
3
39
9
6
3
25
2
4
1
43
1
5
3
34
8
6
3
67
15
6
1
65
2
3
1
42
2
2
2
40
3
5
2
15
3
5
1
8
5
3
1
41
3
6
1
53
2
5
2
12
2
5
3
32
12
1
1
60
2
1
3
35
2
6
2
4
3
1
3
60
18
5
1
39
4
3
1
2
4
1
1
47
2
4
3
26
11
6
1
14
20
4
1
5
1
4
3
52
5
6
3
10
22
6
1
16
3
2
2
8
1
1
2
10
1
4
3
27
1
6
1
11
9
5
2
16
3
1
1
45
1
1
3
8
18
1
1
14
18
2
2
63
1
2
2
28
3
5
2
45
3
6
1
53
1
1
1
12
10
3
3
15
6
5
1
23
2
1
2
63
3
1
1
22
2
2
2
5
3
5
3
17
15
4
3
26
3
6
2
15
2
6
1
44
4
1
1
68
3
1
2
28
1
5
3
27
7
4
2
49
3
1
1
25
3
6
1
12
2
2
3
38
4
6
3
12
1
1
3
45
7
6
2
41
2
6
2
2
2
6
3
42
2
1
2
65
2
6
2
6
2
5
3
41
4
6
1
44
1
6
2
2
1
4
3
9
14
1
3
18
17
5
2
67
2
6
1
10
5
6
3
54
1
4
3
40
3
5
3
71
1
5
1
29
1
4
3
13
5
5
3
36
9
5
2
53
2
4
2
44
4
6
1
61
1
2
2
33
3
3
3
53
3
6
1
49
2
3
3
22
7
1
1
37
1
4
3
1
9
1
1
6
2
3
2
7
2
2
2
29
2
1
3
4
7
2
2
1
2
1
1
52
1
3
2
52
2
1
3
47
6
5
3
49
6
2
2
17
1
1
3
65
19
2
2
13
3
1
3
33
17
6
1
15
5
2
1
9
8
6
3
29
2
6
1
17
8
1
1
36
1
6
3
61
5
2
1
38
1
2
2
14
2
6
2
18
2
4
2
42
4
1
1
2
3
2
2
41
5
6
3
30
9
2
3
10
24
1
1
1
2
6
1
23
3
5
1
16
4
4
3
44
3
1
3
2
8
1
3
39
7
1
3
9
7
1
3
38
8
1
3
16
3
4
2
61
3
6
2
37
2
6
2
43
3
5
1
47
1
2
3
30
16
6
3
37
4
6
1
60
1
6
3
53
2
6
1
42
1
5
3
5
3
5
2
26
2
1
3
6
4
1
2
34
3
6
3
28
11
6
3
5
2
6
2
25
2
4
3
65
9
1
2
4
2
2
2
40
1
5
3
31
14
6
3
66
2
1
1
39
3
3
2
49
4
1
3
68
9
5
2
55
3
5
1
18
4
6
3
8
6
1
3
32
2
5
2
44
3
2
3
43
1
2
2
29
3
5
3
60
13
2
3
13
3
6
3
37
7
4
3
34
4
6
2
35
3
1
1
29
3
4
3
40
1
1
3
25
5
6
1
22
3
4
3
63
11
1
2
12
3
2
2
30
3
1
2
60
1
2
2
11
3
5
2
30
2
6
3
3
7
5
3
41
2
6
3
12
2
6
2
23
2
2
2
61
1
1
1
54
2
1
2
22
3
6
1
26
1
3
2
39
4
6
1
55
2
5
2
32
4
2
3
44
8
6
1
15
4
3
2
68
2
4
