2
22
3
2
1
30
19
4
1
17
6
4
3
4
15
1
3
41
4
1
3
22
4
5
3
27
2
5
3
34
10
5
3
53
7
6
1
53
2
1
1
32
4
1
1
53
1
1
3
32
7
6
2
34
1
1
2
28
1
6
3
17
17
6
1
55
2
5
1
18
12
4
1
12
9
1
2
63
2
6
3
6
2
5
1
23
2
1
3
14
2
6
3
18
10
5
3
11
26
1
2
60
1
1
2
47
4
6
3
2
6
1
1
68
1
1
3
36
4
2
2
18
4
2
2
47
2
6
2
14
1
6
2
43
1
6
3
22
2
6
2
40
3
6
1
67
2
6
1
35
3
6
3
66
8
6
1
37
1
6
2
28
2
5
2
55
1
4
2
25
2
4
3
26
4
5
1
16
2
6
3
68
15
5
2
40
1
6
3
18
21
6
3
33
22
5
3
47
2
1
2
35
3
1
2
9
3
5
2
44
4
1
1
3
1
2
1
29
1
4
1
41
2
6
2
52
1
1
2
15
3
4
1
60
2
4
3
17
6
6
2
14
3
5
2
61
3
6
2
35
1
1
3
39
10
2
1
34
11
1
2
23
2
6
3
66
5
5
1
61
3
1
3
1
1
1
1
63
1
2
3
43
2
6
1
30
6
3
1
22
3
3
1
31
3
5
2
44
5
1
3
35
7
6
2
71
1
5
1
28
3
2
1
40
1
6
1
3
5
2
1
11
4
1
2
25
3
2
3
33
21
6
3
6
1
6
1
66
2
5
3
12
5
1
2
10
2
6
2
39
2
1
2
39
3
6
1
43
1
5
2
5
1
2
1
16
1
3
1
26
3
1
2
30
4
5
2
49
3
3
3
35
2
6
2
60
4
6
3
53
3
5
2
6
2
2
2
52
7
4
3
43
7
2
3
28
6
6
1
27
2
1
2
54
2
1
1
9
10
1
3
30
20
1
1
35
4
2
3
25
9
4
1
31
9
3
3
55
11
1
1
39
1
1
2
67
1
2
1
37
2
5
2
3
3
5
3
65
2
1
2
32
3
1
2
33
2
1
2
16
3
6
2
63
1
2
2
3
2
6
1
52
1
3
2
36
1
1
3
29
17
4
1
2
5
4
2
26
1
1
2
11
1
1
1
65
2
3
3
61
11
6
2
37
3
5
3
42
1
1
3
41
1
1
3
26
12
6
1
22
1
6
3
40
6
1
1
49
2
4
1
25
3
5
2
54
1
5
3
65
4
5
2
17
1
6
2
26
3
3
2
67
2
6
1
65
1
1
2
49
2
2
3
10
8
1
1
44
1
5
3
63
12
5
2
7
3
6
1
5
1
1
1
15
5
2
2
53
1
6
1
47
1
2
3
47
8
5
3
2
12
6
2
38
3
1
1
7
11
3
1
71
3
6
1
66
1
5
3
3
6
3
2
37
1
1
1
47
3
6
1
18
3
1
1
13
1
3
3
1
3
5
3
60
25
2
2
31
2
4
3
40
5
4
1
26
1
2
2
22
1
5
3
34
5
5
2
18
3
6
1
60
1
1
2
61
1
1
2
5
3
5
2
32
1
5
3
54
2
6
2
34
2
6
3
55
6
4
1
11
2
1
3
45
5
1
2
38
4
1
3
10
15
1
2
41
2
5
3
67
32
4
3
71
2
1
1
54
1
6
3
16
1
4
1
10
8
5
2
7
1
2
2
27
2
1
1
45
2
1
1
5
2
4
2
17
2
5
1
54
3
5
2
2
3
6
1
41
3
6
1
10
7
1
1
71
2
6
3
49
4
6
2
65
2
6
3
7
1
1
2
16
1
4
1
9
8
4
2
8
3
1
3
60
28
4
2
9
1
1
2
42
2
1
1
14
22
2
1
8
16
5
1
6
1
5
1
6
2
5
1
7
7
1
1
38
3
2
3
13
3
6
2
4
1
1
3
38
3
6
2
27
3
5
1
29
3
3
2
33
3
1
2
1
2
2
2
6
1
6
3
68
11
5
1
55
1
5
1
43
2
1
1
23
1
5
3
23
15
5
2
41
3
1
1
1
2
2
3
29
13
6
1
61
2
3
1
34
9
1
2
45
2
6
3
38
6
1
2
31
4
3
2
13
2
2
3
15
13
1
1
39
3
3
2
36
2
1
3
44
6
6
3
31
6
6
1
12
17
1
3
13
5
5
3
5
2
6
1
52
2
6
3
37
6
4
3
39
4
2
2
10
1
4
2
8
2
6
1
17
7
1
1
32
6
6
2
43
5
1
2
1
1
6
1
44
2
3
3
8
14
4
1
25
1
1
1
40
2
5
2
66
2
5
1
36
3
6
3
42
2
6
2
55
3
6
1
68
3
6
2
30
3
4
1
67
1
5
2
12
2
2
1
38
1
2
3
25
2
5
1
45
1
1
1
49
1
6
3
37
2
1
3
49
7
1
1
63
2
5
2
68
3
2
3
15
10
2
2
12
1
1
3
30
14
5
1
28
2
2
3
11
6
5
2
53
2
4
2
29
3
2
3
12
2
4
3
9
3
6
3
8
10
1
1
2
4
6
3
32
2
5
1
4
8
4
3
7
4
5
3
16
3
5
3
14
12
6
2
4
3
5
3
3
10
5
3
23
10
6
1
15
3
1
3
71
3
1
3
54
1
5
1
8
1
3
2
11
3
6
2
65
4
6
3
52
15
6
2
15
2
1
1
1
1
1
3
5
3
6
3
4
21
1
2
66
3
2
2
42
3
6
2
2
1
3
2
71
2
6
2
29
1
5
1
33
8
6
3
44
1
5
3
67
28
6
2
23
3
2
1
33
3
3
1
27
1
6
3
36
13
6
2
68
4
1
3
61
6
6
1
13
5
2
1
14
10
4
3
52
12
1
3
27
12
1
1
42
2
6
1
36
1
6
2
13
3
2
3
28
14
6
3
45
7
4
1
42
1
2
3
9
17
1
1
4
3
4
3
31
30
2
3
63
11
6
2
45
4
2
