3
6
2
5
3
5
4
1
1
43
1
4
2
32
2
1
2
12
2
4
1
16
5
1
3
65
10
5
3
26
7
4
2
41
1
6
3
37
5
4
2
39
1
6
1
15
5
6
1
68
1
2
1
16
6
2
2
63
3
6
3
5
3
4
2
23
2
2
3
61
9
1
1
18
7
5
2
36
1
1
3
16
1
5
3
13
9
6
1
65
1
1
1
35
1
5
3
39
3
1
3
42
1
6
2
68
4
1
2
35
2
6
1
29
2
1
2
10
3
1
2
54
2
2
3
28
14
5
2
42
4
1
3
9
24
5
1
1
2
2
2
2
1
3
3
53
3
5
1
63
1
5
2
38
4
1
3
22
10
6
1
33
4
5
1
17
16
5
1
37
1
5
3
35
7
5
3
11
13
4
1
31
5
3
1
4
2
2
2
22
1
5
1
13
9
2
2
17
2
6
3
1
4
1
3
11
2
1
1
28
3
5
2
10
2
6
2
15
2
6
1
35
4
1
2
27
1
1
1
52
3
2
1
14
9
3
2
52
6
3
2
61
3
6
1
12
7
1
2
17
1
1
2
63
2
6
2
12
1
6
2
38
1
6
2
47
3
1
3
3
1
1
2
65
3
6
1
6
2
1
2
47
1
6
3
33
13
6
2
34
1
6
1
66
2
1
3
39
1
6
2
40
4
5
3
60
30
5
1
15
1
5
1
25
2
6
2
34
3
6
2
49
1
2
2
8
2
6
3
30
15
6
3
71
3
1
3
25
3
1
3
29
5
6
3
45
5
1
3
66
4
1
1
6
1
1
2
7
3
4
3
31
26
1
2
30
3
5
1
27
2
2
2
55
2
4
1
47
1
1
2
6
1
4
3
34
10
6
2
36
5
6
2
43
2
1
2
60
3
5
2
5
2
6
3
66
8
5
1
41
2
6
1
29
3
2
3
37
11
5
2
2
3
6
2
61
2
1
1
39
3
6
1
38
1
1
3
4
13
5
1
54
3
1
3
54
1
5
3
8
6
1
2
18
4
2
1
36
1
2
3
22
11
1
1
11
10
5
3
45
4
6
2
3
2
1
1
22
3
1
1
32
7
6
3
10
16
6
2
11
1
1
2
35
3
1
1
13
4
6
3
42
2
6
3
61
7
2
1
23
1
2
1
42
1
5
3
43
8
1
3
36
10
5
3
33
4
2
2
13
1
1
2
39
3
1
3
32
4
1
2
53
1
3
3
7
2
1
1
4
8
5
2
49
4
6
3
12
3
6
1
45
1
5
3
18
2
4
1
39
1
1
3
14
16
1
3
67
8
5
1
26
1
5
2
16
2
1
2
26
1
1
3
54
2
6
1
17
8
3
2
8
1
6
2
66
3
1
3
14
1
6
3
71
2
1
1
25
1
4
3
40
6
5
3
15
11
1
3
44
6
1
1
47
3
1
2
25
3
5
3
32
5
1
3
2
6
1
3
35
1
5
2
25
2
5
3
49
1
5
3
23
19
6
1
3
10
3
3
9
6
5
1
2
7
2
3
28
10
6
1
36
3
6
1
38
2
1
2
26
4
6
1
43
2
4
2
14
3
6
2
15
1
1
2
71
2
1
3
1
7
6
3
40
2
6
3
41
4
1
1
14
3
2
1
9
2
1
3
47
4
1
2
13
2
5
2
1
3
6
1
60
1
2
1
55
1
5
1
23
2
6
2
42
3
6
2
11
3
4
1
53
2
1
2
31
5
6
3
16
5
6
3
30
4
1
3
29
13
6
1
52
2
2
2
54
1
2
1
5
1
1
2
45
4
4
2
1
2
1
1
68
3
6
2
5
1
1
3
38
1
5
2
52
1
1
1
67
1
5
3
27
6
5
1
55
2
6
1
10
2
3
3
18
23
6
1
65
2
6
1
49
2
5
1
12
9
6
3
17
16
1
3
49
6
1
3
2
8
6
1
42
2
2
1
34
10
1
1
40
1
1
1
1
3
4
3
12
4
4
2
3
1
6
1
8
17
5
2
43
1
4
2
22
2
5
3
38
8
6
2
60
4
6
3
10
11
6
1
22
2
1
1
66
1
5
1
9
6
3
2
9
2
1
3
23
1
1
1
8
12
6
2
18
1
1
3
8
8
1
2
41
2
6
2
33
2
3
2
44
3
2
3
26
10
6
1
31
10
2
3
27
9
1
2
53
2
3
3
15
13
6
3
67
25
5
2
29
3
3
1
10
5
6
2
31
3
6
2
67
2
5
3
17
2
6
1
67
3
2
1
44
4
4
3
53
6
1
3
65
6
5
2
9
3
2
2
7
1
1
3
34
9
5
1
5
2
3
1
71
2
2
2
29
1
5
3
36
7
1
2
30
4
2
2
16
1
1
1
18
6
3
1
44
1
3
3
68
16
2
1
40
3
1
1
7
4
2
1
63
2
1
3
6
3
5
3
7
4
5
1
54
1
2
2
28
2
6
1
28
2
1
3
52
7
4
1
26
3
1
1
61
3
3
3
3
2
5
2
37
4
2
3
63
7
1
1
11
9
3
1
33
1
2
2
33
1
2
1
60
2
1
2
6
3
4
1
7
1
1
3
55
1
6
2
28
3
6
2
27
3
6
2
23
1
6
3
47
10
6
1
34
9
6
1
27
1
1
2
66
1
6
2
45
2
4
3
52
17
6
2
37
3
6
1
41
1
2
3
68
4
1
3
55
10
6
3
4
4
6
3
41
3
6
2
67
1
2
1
71
1
4
3
63
6
6
2
4
3
1
1
30
2
6
2
55
3
5
1
30
18
4
1
61
1
3
1
2
4
1
3
44
9
1
1
32
1
2
3
31
16
1
2
14
2
6
2
71
1
1
3
25
8
6
1
49
1
1
3
60
24
6
3
43
3
1
3
13
6
6
1
37
2
1
2
32
1
4
1
53
1
6
2
4
2
1
1
3
4
6
1
45
2
2
2
65
4
6
2
68
3
6
2
40
2
2
2
44
1
6
