1
27
3
6
1
60
1
1
2
63
1
2
2
31
5
2
3
4
19
2
2
61
3
1
1
6
2
5
1
67
1
5
3
13
8
1
2
52
1
1
3
44
5
6
3
38
12
1
1
45
2
2
2
10
3
1
3
52
2
1
1
6
1
2
2
28
1
6
1
63
2
1
2
31
2
4
3
67
4
5
2
41
5
1
1
5
1
3
2
40
1
2
2
60
3
4
1
30
7
1
3
41
1
1
3
66
4
1
3
33
8
1
3
47
3
6
2
38
1
5
1
27
2
2
3
1
3
1
2
71
3
2
2
52
6
4
2
43
1
4
1
33
4
5
1
41
3
6
1
13
4
6
2
33
3
2
2
28
3
4
3
11
13
4
1
31
4
6
1
25
1
4
2
10
1
6
3
11
26
1
3
40
3
6
3
8
20
1
2
18
1
2
2
14
2
5
3
39
3
6
1
4
2
1
2
38
5
4
1
37
2
1
1
22
2
1
2
55
1
2
2
7
1
1
2
5
3
2
3
29
19
1
2
54
2
2
2
34
3
5
2
15
2
6
3
71
5
1
3
27
15
4
3
53
8
6
2
16
3
6
2
67
1
4
3
37
12
1
3
68
5
1
1
68
3
1
3
31
27
6
3
60
6
6
3
60
26
1
3
15
4
2
3
66
8
5
1
3
1
2
3
37
6
4
1
1
3
3
3
52
4
6
3
16
4
6
2
45
2
5
3
34
4
6
2
32
2
1
3
61
6
1
3
35
8
6
3
8
1
6
2
54
1
2
2
3
3
5
2
60
4
6
1
43
3
1
2
34
2
1
3
63
8
1
2
9
2
1
1
11
6
3
2
65
4
6
2
5
2
4
3
65
8
6
1
2
4
6
1
37
1
6
2
41
3
1
1
35
2
1
2
26
1
1
3
23
5
1
1
5
2
3
1
38
2
1
2
26
3
5
2
13
2
1
3
26
11
1
1
71
2
6
3
13
2
6
3
7
3
1
1
14
13
5
2
25
2
6
2
30
3
1
1
28
1
1
3
14
10
5
3
22
3
4
1
15
5
5
3
23
6
6
1
9
11
1
1
16
2
5
3
33
18
2
3
54
2
6
1
63
1
6
3
28
1
5
2
47
3
1
3
28
9
6
2
11
2
3
1
44
3
1
1
66
2
1
3
1
9
1
1
38
1
3
1
61
1
6
1
23
1
5
2
30
5
6
2
45
3
6
1
42
1
3
3
18
1
5
3
38
11
6
2
53
1
5
1
71
3
6
2
8
1
1
2
16
2
2
1
12
14
3
2
33
1
3
3
63
4
1
1
10
3
6
1
12
16
6
3
71
4
1
1
29
1
1
3
5
5
5
3
16
3
6
1
41
1
3
2
63
3
5
2
12
3
1
1
49
1
2
3
2
12
5
3
43
4
6
2
14
1
1
3
5
2
5
2
23
1
6
3
9
3
1
2
25
3
2
3
25
4
5
3
18
2
6
2
27
2
6
2
40
3
1
1
66
3
1
2
3
2
6
2
49
2
1
2
36
5
6
1
16
4
1
2
29
2
6
2
37
4
6
2
47
2
5
3
65
3
6
2
22
1
4
3
3
8
6
3
36
5
1
3
45
1
1
1
22
3
2
1
34
9
6
2
65
1
5
2
23
2
1
3
61
2
5
3
26
4
5
3
17
10
6
2
49
4
1
3
31
11
5
1
30
3
2
2
1
3
1
1
18
10
6
1
26
1
5
2
2
2
1
1
52
3
6
1
15
2
1
3
41
4
1
2
1
1
5
1
40
1
2
1
32
2
4
1
53
1
1
3
43
6
5
3
47
1
1
1
17
16
5
1
13
6
1
1
67
3
1
1
35
3
1
1
14
22
1
3
55
10
2
3
68
11
6
3
45
3
1
1
34
4
2
1
49
2
3
1
17
8
2
2
67
2
6
1
54
1
2
2
13
1
6
2
17
3
1
1
45
1
1
3
49
4
1
2
12
1
1
3
9
29
5
3
32
9
1
1
7
5
5
3
2
8
1
2
39
4
5
3
40
5
6
2
15
3
4
3
27
9
1
1
43
2
1
3
55
7
4
1
32
6
6
2
35
3
6
1
60
2
5
2
6
2
5
1
31
3
1
3
12
6
6
3
6
5
6
2
7
3
5
3
49
2
1
3
12
5
1
3
32
5
6
2
6
3
5
3
3
5
1
2
71
1
6
3
67
2
1
1
36
3
4
2
37
3
6
3
35
7
4
3
10
17
6
2
68
4
6
1
18
3
6
3
44
2
1
1
9
7
1
2
53
2
1
2
44
4
6
3
15
1
6
3
42
1
1
2
11
3
4
1
53
2
6
3
42
3
1
3
36
8
6
2
44
2
3
2
17
1
1
2
18
2
3
3
39
6
5
3
10
20
5
3
7
1
1
2
43
2
2
1
25
3
5
1
55
2
1
2
39
2
6
2
35
2
5
3
34
8
1
1
68
2
6
3
30
6
1
1
39
3
5
1
52
1
1
1
23
2
6
1
1
1
6
3
6
1
6
1
26
3
1
2
22
2
5
1
7
2
1
1
55
1
1
1
42
2
3
1
33
2
5
1
36
2
5
1
54
2
2
3
17
1
4
3
53
3
5
1
40
3
2
1
3
8
2
2
66
3
1
3
14
7
1
1
29
3
3
2
42
1
4
2
27
1
1
3
22
8
5
2
66
1
5
2
68
3
6
1
65
2
1
1
28
2
1
1
61
2
2
2
55
2
5
1
44
4
1
3
30
27
1
2
61
2
6
2
2
3
2
3
54
1
4
1
8
1
5
2
8
3
1
2
29
3
6
1
2
5
4
2
42
3
2
1
39
2
4
1
47
3
1
2
4
2
1
1
11
3
4
2
36
1
1
1
65
1
1
3
4
7
1
2
9
1
6
1
8
2
6
1
47
1
2
1
4
7
1
3
29
9
4
1
10
6
1
3
25
6
5
2
4
3
6
2
32
1
5
