1
22
1
5
1
14
6
6
2
52
5
3
2
26
3
1
1
11
7
5
1
35
2
6
1
8
7
1
3
34
11
6
3
32
12
1
3
22
12
6
3
39
3
1
2
67
1
2
1
25
1
1
3
29
5
5
2
14
2
5
1
44
2
1
2
23
3
6
1
33
6
6
2
5
1
2
1
10
7
2
2
44
3
5
3
47
8
5
3
14
9
5
3
13
9
6
2
63
2
6
3
53
7
1
3
2
6
6
3
54
2
6
3
30
13
6
3
71
1
4
3
37
7
6
2
35
3
1
1
9
3
1
1
6
1
4
3
15
10
2
2
5
2
4
1
61
2
1
2
18
4
5
1
54
3
3
1
4
4
1
3
26
4
6
2
11
2
5
1
52
1
4
2
32
1
5
1
68
3
1
3
49
6
6
1
32
4
6
1
39
2
4
1
10
5
1
1
49
2
2
2
25
2
5
1
2
6
4
1
5
1
6
2
65
2
6
3
8
15
4
2
13
3
1
2
39
2
6
2
54
2
2
2
9
3
6
1
65
1
6
3
29
12
5
2
60
4
6
3
4
6
6
2
8
2
6
1
28
1
2
2
40
3
2
1
12
12
2
3
52
8
2
3
5
5
5
2
37
1
6
2
34
2
1
1
36
3
4
3
3
10
6
1
65
2
2
3
4
1
6
3
12
7
6
1
31
2
6
1
38
2
1
2
18
3
6
1
43
2
3
2
30
2
1
1
14
20
1
1
53
1
2
2
38
2
6
1
37
1
4
3
35
2
6
3
12
2
6
1
4
7
2
3
17
12
6
3
54
1
6
1
52
3
1
1
53
2
1
1
67
2
6
1
8
2
5
1
66
2
6
2
71
3
2
1
63
1
1
2
1
1
1
1
3
4
6
3
31
11
5
1
41
2
1
3
33
10
6
3
34
2
6
2
45
2
4
1
47
1
6
3
25
5
4
3
61
3
1
2
68
3
6
2
36
1
1
1
15
3
1
3
36
7
1
2
60
1
1
3
17
15
6
3
43
5
6
2
12
3
1
1
23
3
1
1
27
2
2
2
44
4
1
2
40
2
1
2
61
3
6
1
18
14
6
2
22
3
5
1
42
2
2
2
43
5
2
1
61
1
5
1
55
1
2
3
26
1
6
2
9
1
5
3
66
4
1
3
47
10
1
1
26
1
6
3
60
4
1
3
52
13
1
1
71
1
6
3
31
8
6
3
71
3
6
1
45
1
5
1
66
1
5
3
68
5
1
1
71
2
2
3
68
7
1
2
34
1
6
3
2
5
1
3
6
4
6
3
9
7
1
2
66
1
6
2
68
1
6
2
30
1
6
3
40
5
5
2
39
1
5
1
22
3
2
3
1
9
6
3
25
7
6
1
33
8
1
2
16
3
1
3
39
4
1
1
29
2
2
2
47
2
6
3
37
5
6
2
31
5
5
1
40
2
6
1
44
3
1
2
29
3
2
1
29
1
4
1
34
11
6
3
30
8
2
3
67
33
6
2
8
3
1
1
11
2
1
3
38
5
5
2
33
1
2
3
14
6
1
1
63
2
2
1
47
2
5
1
17
1
4
3
22
9
6
2
37
4
1
2
49
4
6
1
43
1
6
3
65
17
4
2
3
3
1
2
66
3
6
1
15
4
6
3
10
9
1
2
32
3
1
3
66
5
4
3
45
6
2
2
2
3
5
1
13
2
1
1
7
4
2
1
54
1
2
3
13
1
6
1
16
5
1
1
36
1
3
1
30
19
4
2
29
1
1
1
9
2
2
3
38
11
5
1
34
6
5
2
45
3
4
2
27
3
6
3
27
8
1
3
28
6
1
3
27
5
1
1
12
5
6
3
11
17
1
1
31
5
4
3
41
3
4
2
3
2
6
2
12
2
2
1
37
2
2
3
23
7
6
1
45
2
1
2
61
1
6
1
18
4
6
2
43
4
2
3
45
2
2
2
6
2
2
2
65
3
1
3
55
11
6
3
42
2
1
2
17
2
5
2
42
2
1
3
18
10
5
2
53
1
2
3
33
11
5
2
42
3
6
2
13
2
1
2
28
1
6
1
1
2
2
3
43
8
6
3
18
3
6
2
28
2
6
3
15
13
6
3
28
13
1
2
53
3
1
3
63
7
6
3
60
29
6
1
41
1
2
2
7
3
6
1
6
2
6
2
15
3
5
1
5
2
5
1
60
2
3
1
32
1
3
2
11
1
6
2
16
2
1
2
41
2
5
1
25
2
6
2
17
3
5
2
27
1
1
3
36
2
6
3
49
2
6
2
10
2
1
3
55
16
1
2
10
1
6
2
6
1
5
3
7
2
5
3
63
5
5
2
41
3
1
2
7
1
1
3
61
9
1
2
38
1
5
1
7
11
6
3
5
4
6
1
40
1
4
3
44
3
2
1
3
10
3
2
1
2
2
1
39
4
5
1
2
2
5
1
23
1
6
1
38
3
1
3
42
1
1
2
47
3
1
1
67
1
1
3
35
6
6
1
28
2
2
3
10
16
6
1
42
1
1
3
8
17
6
1
55
2
5
1
60
1
2
1
35
3
1
2
4
3
5
3
67
16
6
2
23
2
1
3
11
25
1
1
30
11
1
1
49
1
6
1
17
13
6
2
15
1
6
3
23
11
6
2
67
2
6
2
35
2
1
2
4
2
5
2
63
1
1
2
2
2
6
2
33
3
3
3
6
6
5
3
16
1
6
1
13
6
2
2
55
2
5
3
1
8
6
3
41
1
1
2
52
7
5
3
9
11
6
3
7
3
6
3
53
1
2
2
26
1
6
2
54
1
1
3
32
3
6
2
14
3
6
3
16
3
6
3
40
3
4
1
26
3
6
2
49
1
6
2
31
2
4
1
16
6
3
2
25
3
2
2
55
1
2
2
22
1
5
3
65
2
5
3
3
2
1
1
68
2
3
2
71
2
6
1
27
3
6
1
1
1
6
3
44
1
5
2
36
2
6
