3
11
6
5
3
33
5
6
3
67
20
6
2
65
1
6
3
42
1
1
3
29
8
1
2
14
1
1
1
71
3
6
1
45
2
1
2
60
2
3
1
35
3
6
1
26
3
2
1
47
1
1
2
33
1
6
1
10
5
1
3
27
4
1
3
9
19
1
2
44
1
5
2
9
2
1
2
39
1
2
2
30
4
2
1
3
4
2
3
25
2
4
2
26
1
1
2
66
1
5
1
23
3
6
3
13
4
6
1
53
2
1
3
12
4
6
2
6
2
1
1
37
2
3
1
31
14
6
2
53
2
4
2
38
2
1
3
6
5
6
2
45
3
5
2
27
2
6
1
39
3
2
2
7
3
5
1
43
3
1
3
8
14
6
2
3
1
1
3
67
34
6
2
39
3
6
3
60
23
4
2
49
1
1
2
5
3
4
2
31
1
6
1
52
2
6
1
27
1
1
3
4
28
6
3
35
3
1
2
54
1
2
2
42
2
6
3
10
23
1
1
38
2
1
2
36
3
6
3
38
1
1
3
17
5
6
1
14
1
2
1
11
1
1
1
26
1
6
3
41
1
6
2
67
2
6
1
5
2
6
2
3
2
1
1
2
5
5
3
16
3
6
3
52
4
1
3
61
6
6
1
61
2
6
2
49
3
2
2
40
4
2
1
43
2
1
1
32
1
4
3
13
1
5
1
6
2
6
3
1
3
2
2
32
2
1
3
5
2
4
2
23
2
1
1
3
8
5
3
2
1
1
3
53
4
4
2
47
4
5
3
44
1
6
3
41
4
1
3
7
5
1
1
39
1
5
1
16
3
6
3
34
2
5
1
13
3
1
1
49
1
1
2
33
3
3
1
30
10
5
1
25
1
1
3
52
5
6
2
35
3
1
2
71
1
5
2
67
1
2
1
8
13
4
2
42
1
5
2
28
3
4
3
53
1
1
3
10
20
6
1
54
1
1
1
36
1
1
3
1
5
5
1
12
6
5
1
63
2
6
1
7
8
2
2
38
4
6
1
11
3
3
1
53
1
1
2
8
2
6
2
68
1
1
1
17
4
2
2
34
3
1
3
18
9
6
1
15
2
4
1
29
2
4
3
39
7
1
2
23
3
1
3
37
2
6
3
5
1
4
1
37
1
6
3
71
4
6
2
22
3
1
2
40
2
5
3
26
7
5
3
39
3
1
2
43
2
4
3
54
2
6
1
52
1
3
2
12
3
1
3
43
8
1
3
18
18
6
1
4
4
2
2
18
4
1
3
65
1
1
2
10
1
4
1
68
2
1
3
27
7
6
3
15
4
2
3
68
11
6
1
1
2
2
2
61
2
5
2
55
3
6
2
5
1
5
1
22
2
1
2
65
2
1
1
40
1
2
2
32
4
1
2
41
5
3
3
14
7
1
2
6
1
5
3
65
20
6
2
36
4
6
1
2
4
1
3
11
8
6
1
13
2
6
2
25
2
4
2
53
3
1
1
18
8
1
3
45
3
1
1
1
3
3
3
31
15
1
3
49
4
1
2
4
2
2
1
25
3
2
1
66
2
1
1
71
1
5
3
55
3
1
1
45
1
5
2
61
3
6
2
11
3
2
1
41
3
6
2
28
1
5
2
9
3
5
3
8
3
5
1
31
7
6
2
63
3
2
2
27
3
4
1
47
3
6
3
34
7
6
3
29
14
4
2
22
1
4
3
28
14
6
1
65
2
4
3
61
9
1
2
17
2
6
3
63
9
1
3
49
7
1
2
18
1
5
2
45
1
1
1
41
1
3
1
7
1
1
1
17
3
5
3
32
7
1
1
9
1
1
2
63
1
2
1
12
12
5
2
47
3
6
2
16
1
2
3
40
5
6
3
42
4
6
2
37
4
5
2
15
1
1
2
26
3
3
1
63
1
6
2
1
1
1
2
1
2
6
2
30
3
2
3
55
4
1
2
8
3
1
3
44
4
5
3
66
5
4
3
9
24
6
3
36
3
1
1
68
3
1
2
54
2
5
3
38
5
5
2
15
3
6
1
10
1
1
2
37
3
6
1
22
3
5
1
30
13
2
2
10
3
1
3
15
12
6
2
16
3
6
3
16
8
6
2
60
1
1
3
63
1
1
2
55
1
4
2
2
2
1
2
35
2
1
1
55
1
1
2
52
4
6
1
33
8
2
2
31
5
4
3
66
9
6
3
45
7
6
1
38
3
2
3
26
2
6
3
31
12
1
2
29
3
1
3
60
10
1
3
47
4
6
1
16
1
1
3
68
3
6
2
71
2
1
2
4
1
6
1
60
2
1
1
44
4
5
1
42
1
3
3
54
1
6
1
66
1
1
3
4
24
6
2
17
1
6
3
22
12
6
2
14
2
5
3
22
8
5
1
28
3
3
2
13
1
1
2
41
1
1
1
4
8
6
1
27
3
2
3
37
6
4
1
35
2
3
1
40
3
4
3
47
2
1
2
13
2
6
1
6
1
2
3
40
6
5
3
17
9
6
3
3
1
5
2
52
5
2
1
55
2
1
1
36
2
4
3
35
2
1
3
71
2
1
3
7
1
1
2
68
4
6
2
11
1
1
1
23
2
1
1
34
1
6
2
44
2
2
2
7
1
6
1
49
2
4
1
18
12
3
3
2
6
1
3
28
15
5
2
12
1
6
2
34
2
6
1
32
6
6
3
36
10
4
3
14
5
1
1
8
17
6
1
44
3
5
3
30
20
6
3
25
4
6
2
2
1
1
3
30
11
1
3
43
5
4
1
61
3
1
2
43
1
5
1
28
1
1
1
29
3
2
1
42
2
2
3
3
9
6
3
6
1
5
3
12
7
4
3
23
14
5
1
33
2
3
1
65
1
1
3
33
4
1
1
54
3
3
1
67
3
5
1
14
15
4
3
23
12
1
1
34
3
6
1
67
1
2
2
25
1
1
1
15
4
5
1
5
1
6
1
9
13
5
1
60
1
6
3
32
10
4
2
66
3
5
2
29
2
1
