3
1
2
6
3
15
13
1
1
55
1
6
2
54
2
5
2
54
1
5
3
49
2
6
3
55
4
5
1
29
1
2
2
27
1
1
3
43
2
1
1
49
1
5
2
39
1
6
2
40
4
1
2
11
1
1
3
71
2
6
3
32
12
6
1
65
1
1
1
25
2
5
2
4
3
1
1
28
2
5
2
36
5
4
2
67
2
5
3
47
3
6
2
8
1
6
2
37
3
5
2
42
2
2
2
67
1
4
3
65
13
5
3
4
20
6
2
45
4
2
3
13
2
5
1
41
3
6
2
40
1
1
1
13
9
5
3
8
13
1
2
32
3
1
2
10
1
4
2
23
3
1
1
9
8
4
3
10
17
4
2
55
1
1
2
9
1
6
2
18
4
5
1
60
2
1
3
22
2
6
3
30
22
4
1
16
4
1
3
39
1
6
2
16
3
6
1
66
2
6
3
11
9
5
3
53
1
1
2
3
2
6
3
9
25
4
2
44
1
5
2
12
3
6
1
42
1
6
2
35
2
1
2
17
3
6
3
22
11
6
2
13
2
2
2
68
3
1
2
71
3
6
1
33
1
6
3
39
6
5
3
1
1
1
2
53
2
3
3
17
12
4
3
53
7
6
3
71
4
1
3
32
7
6
3
31
16
5
3
55
12
1
1
65
2
4
1
16
7
6
1
55
2
5
3
2
5
1
2
71
2
1
1
54
3
1
1
31
9
3
2
30
1
1
2
63
2
5
3
5
5
4
3
34
6
6
2
36
4
1
3
12
6
6
1
12
12
6
2
45
1
2
2
43
4
2
3
37
11
4
3
52
18
5
1
6
1
3
2
49
1
1
1
40
2
1
3
36
12
6
1
61
2
3
1
45
1
2
2
43
5
3
3
63
4
1
2
5
1
1
3
6
5
5
3
54
2
1
2
30
4
5
3
25
1
5
1
67
2
5
2
26
2
1
2
17
1
6
3
44
4
6
1
43
1
6
3
49
1
1
3
23
14
6
1
8
3
1
2
61
3
6
2
22
1
6
2
52
1
1
1
26
3
6
3
27
13
1
1
66
1
6
3
23
8
1
3
18
11
6
2
37
2
6
3
38
1
2
1
54
2
2
3
40
3
6
3
2
12
5
1
71
3
5
3
65
8
1
1
32
1
3
2
47
3
1
3
45
5
6
3
30
17
6
1
44
4
6
3
27
1
5
2
65
2
1
2
29
3
1
2
68
4
2
2
2
1
5
3
60
28
4
2
5
3
3
2
8
2
1
3
67
28
1
2
60
3
4
1
37
1
4
3
29
15
5
1
33
8
3
1
52
3
3
3
11
24
1
1
42
2
1
1
28
1
1
1
27
1
6
2
38
5
2
2
14
1
1
2
15
1
1
1
25
1
4
1
38
3
2
1
36
3
5
2
3
1
6
3
35
3
6
1
1
2
2
3
33
7
5
3
14
17
6
3
60
24
1
3
45
1
1
3
4
3
6
1
10
2
4
2
53
1
5
2
14
3
5
3
47
6
5
2
41
2
5
1
39
4
1
1
32
4
1
2
18
1
6
3
54
1
6
3
37
5
5
3
29
6
6
1
18
9
3
1
14
16
1
3
3
8
5
2
7
1
2
1
39
1
2
1
7
3
2
2
29
2
6
1
36
1
3
3
35
6
6
3
25
8
5
2
66
1
6
1
23
2
1
2
15
2
6
3
38
10
5
2
32
2
6
2
34
2
1
2
7
2
2
3
66
5
4
2
39
4
4
2
44
5
6
1
6
2
2
3
41
2
1
3
31
27
5
1
2
3
3
2
6
2
1
1
1
1
6
3
43
1
5
2
13
3
1
2
31
4
4
3
42
3
6
3
68
14
6
2
55
3
4
1
52
1
3
2
34
1
6
1
71
1
4
2
1
1
5
2
11
3
1
3
26
2
1
1
18
5
3
3
6
6
4
3
17
17
6
3
33
6
6
1
41
2
6
1
31
5
2
1
22
3
1
1
60
1
5
2
2
3
1
3
52
3
1
2
9
2
1
1
40
3
6
2
10
2
1
1
17
13
2
2
12
2
5
1
3
7
5
2
65
4
5
1
5
1
6
1
61
1
2
3
7
3
1
1
8
14
5
2
47
1
1
2
27
3
6
1
15
5
4
1
68
2
5
3
9
11
5
2
25
3
6
1
34
9
6
1
34
1
1
3
61
5
2
3
7
1
1
1
3
6
2
3
18
20
5
3
66
7
1
3
68
12
2
2
16
2
1
1
43
3
6
2
66
2
2
1
29
2
5
3
36
14
5
2
63
3
2
2
26
4
6
3
28
3
6
1
63
1
6
1
67
1
2
1
47
1
2
2
23
2
5
1
49
2
1
3
10
14
2
3
63
1
5
1
26
1
3
2
41
3
2
1
45
2
1
2
38
4
6
1
7
5
2
3
8
12
6
1
22
1
1
3
3
9
1
2
49
3
2
1
10
1
6
1
9
11
6
2
6
1
4
2
4
1
1
3
44
7
1
1
63
2
1
2
28
3
4
1
35
1
1
1
35
4
2
2
42
3
5
1
37
2
3
1
38
1
2
3
26
1
6
1
17
9
4
1
11
2
1
3
40
1
6
1
12
13
5
3
28
8
6
2
61
1
1
3
5
4
1
2
31
3
1
2
25
1
1
1
44
2
6
2
60
2
5
3
13
8
6
1
2
2
4
1
53
2
2
2
33
1
5
1
30
4
4
3
12
1
1
3
16
6
6
2
52
2
6
2
22
3
1
3
42
1
6
3
15
3
1
3
41
4
6
2
1
2
1
1
5
2
3
3
16
2
6
2
33
3
1
1
30
19
3
3
61
1
6
3
67
14
5
1
4
4
2
3
14
13
6
1
23
1
1
1
14
14
5
1
68
1
4
1
13
3
2
2
28
1
5
1
27
3
2
2
35
1
1
1
53
1
1
1
47
2
6
1
15
1
6
1
11
6
1
3
34
5
6
1
4
7
5
