1
55
2
6
3
49
4
6
1
63
2
4
2
53
1
6
2
6
3
5
2
12
3
2
2
15
2
1
2
42
3
2
1
53
1
1
3
52
18
5
1
1
2
2
2
41
2
5
1
7
7
1
3
39
1
1
2
71
2
6
1
15
1
1
3
6
1
6
1
6
1
6
3
45
5
1
2
31
4
4
3
11
3
6
2
37
3
5
2
63
3
2
3
23
19
5
2
61
1
2
1
38
2
6
1
2
2
3
1
6
2
1
1
26
3
5
1
54
1
1
2
33
2
2
3
65
10
6
2
23
1
1
1
68
3
1
3
30
17
6
3
8
13
1
3
26
7
4
3
60
2
6
3
43
5
4
1
7
4
2
1
45
1
2
3
8
3
5
1
13
5
4
3
17
17
4
2
66
1
5
3
10
5
6
1
29
2
5
3
27
8
1
3
33
6
2
3
31
11
4
1
18
7
5
3
29
8
6
2
63
1
1
1
61
1
6
1
16
5
2
3
68
14
5
1
9
2
6
2
68
4
6
1
43
3
5
1
23
3
1
3
60
24
1
3
61
6
6
1
9
13
6
3
63
3
1
3
28
4
6
1
11
6
1
2
32
1
4
2
6
2
2
2
12
1
1
3
36
2
4
2
27
2
1
2
22
2
5
2
52
2
1
1
23
1
1
3
5
2
5
2
1
3
2
1
47
1
5
1
15
2
4
1
14
8
1
1
60
1
6
2
49
3
4
2
22
1
5
2
55
3
4
2
39
3
1
2
35
3
1
2
52
1
1
1
28
1
2
1
28
3
6
2
11
1
1
2
28
2
5
2
28
1
6
3
14
17
6
2
29
3
3
2
44
3
1
3
71
2
1
2
36
5
6
2
17
2
5
1
45
2
1
3
38
12
1
3
23
12
1
1
53
2
1
1
5
2
1
3
16
5
1
1
52
3
2
2
38
5
2
3
18
17
4
3
44
2
1
3
3
10
6
3
2
6
1
1
32
7
1
1
10
5
5
1
41
3
6
2
9
3
1
2
10
1
6
2
2
3
5
3
26
9
4
2
8
3
6
1
37
1
6
2
16
3
1
1
17
2
3
3
27
13
1
3
9
15
1
1
14
11
1
3
61
9
1
3
9
4
5
2
29
2
1
3
18
9
1
2
3
1
1
1
65
2
5
3
7
3
1
2
65
4
5
1
43
2
3
1
47
2
5
1
36
2
6
1
5
1
2
1
40
3
5
1
42
2
2
3
22
8
4
2
38
3
3
1
13
2
5
3
68
1
6
3
32
8
1
3
22
2
6
3
71
5
1
1
35
2
3
2
34
3
5
3
4
17
4
3
39
2
6
1
60
2
1
2
25
1
6
3
47
2
1
3
45
4
1
1
2
5
6
1
65
1
6
1
17
11
6
1
30
3
4
1
18
5
3
2
16
2
6
3
2
1
6
2
43
3
1
2
45
2
4
2
4
2
5
3
42
4
6
2
23
2
5
1
26
1
1
1
32
6
1
1
35
3
6
3
25
1
4
1
33
6
6
3
52
2
1
3
13
6
6
2
18
1
1
1
36
1
2
3
15
14
1
1
10
6
6
3
37
5
4
2
40
4
2
2
11
3
5
1
44
4
3
3
40
2
1
3
42
1
6
3
13
2
5
1
8
10
2
1
41
2
1
2
54
2
6
3
34
2
5
1
68
2
5
1
30
19
3
2
17
1
1
1
33
1
6
1
27
3
2
3
67
25
5
1
66
3
6
1
63
1
2
3
6
3
6
3
47
3
5
1
49
2
2
2
68
1
6
3
54
2
1
2
1
1
5
3
5
1
4
2
45
3
6
3
29
10
4
1
54
3
2
1
39
1
1
2
43
2
4
2
4
3
6
2
7
1
5
3
49
3
5
1
4
7
6
2
35
1
1
3
66
3
1
2
27
1
6
1
39
3
1
2
47
1
1
1
34
6
1
2
44
4
6
1
3
3
3
2
39
2
6
2
40
2
5
3
36
10
5
1
55
1
6
2
42
1
6
1
3
7
3
1
52
1
3
2
30
4
5
1
1
3
3
3
41
3
6
2
5
3
2
1
37
2
3
1
67
1
6
2
18
4
6
2
26
3
2
2
34
2
1
3
54
1
5
3
35
8
5
2
10
2
1
2
3
2
6
2
13
3
1
2
66
2
6
3
1
1
6
2
7
2
6
2
49
1
1
1
71
1
4
1
12
5
1
3
37
11
4
2
26
4
5
1
40
2
1
2
36
2
1
1
27
2
6
3
25
6
4
3
3
8
4
2
13
1
6
2
30
1
1
3
16
1
6
2
5
2
6
1
42
1
4
2
71
3
6
2
61
2
6
3
12
5
1
3
38
4
6
3
34
7
5
2
8
1
6
2
67
2
6
1
25
3
4
1
22
3
3
1
61
2
3
1
29
1
4
3
4
23
6
3
43
3
1
2
37
4
1
1
11
8
6
3
63
1
6
3
30
5
4
1
66
2
5
3
40
6
1
2
47
4
3
3
44
4
6
1
38
3
2
3
14
5
6
2
2
1
6
2
9
1
5
2
15
3
4
2
60
2
3
1
8
13
4
2
32
3
2
2
25
2
6
2
14
3
5
3
53
5
4
3
55
8
6
1
34
1
1
3
1
5
4
1
22
1
1
2
54
1
2
3
55
3
1
3
66
7
5
2
55
1
1
1
67
3
1
3
67
15
4
1
16
7
5
3
31
23
5
2
14
1
1
1
31
2
6
3
11
19
5
3
15
1
1
3
53
2
1
3
33
12
5
3
32
11
6
2
31
1
5
3
65
9
5
2
67
1
4
3
17
10
1
1
25
1
1
3
35
5
4
2
53
2
1
2
41
5
4
1
31
16
2
3
10
21
1
3
41
4
1
2
33
1
2
2
65
2
1
1
12
3
1
1
44
3
1
1
4
3
1
3
28
2
4
2
60
3
6
1
49
1
2
3
7
4
4
3
12
4
4
1
71
3
5
