2
63
2
5
2
1
2
1
1
45
2
5
2
5
2
6
2
61
1
1
3
28
12
5
2
43
1
5
1
71
1
6
2
30
1
1
1
15
2
1
1
32
3
1
3
7
5
5
2
35
1
6
2
11
1
1
2
7
1
1
1
27
2
1
1
30
17
2
1
30
12
4
1
68
1
2
3
18
14
1
2
5
1
5
3
67
37
5
3
49
5
5
1
40
1
3
1
41
2
1
2
37
3
6
3
68
8
5
2
60
2
3
3
34
1
1
1
61
2
1
1
71
3
5
3
45
7
4
1
3
6
3
3
39
3
1
3
10
15
6
3
9
7
6
1
29
2
6
1
42
2
6
1
55
2
2
3
61
3
1
2
25
1
1
2
33
1
4
2
38
2
6
2
44
2
3
3
6
1
4
2
39
2
6
1
13
5
6
2
26
4
4
3
36
12
6
1
60
2
4
3
55
17
5
3
37
6
5
3
3
2
5
2
42
3
1
2
41
3
2
1
18
11
5
1
6
1
4
3
16
6
6
3
40
2
6
1
34
3
1
2
66
1
4
2
9
2
1
3
33
6
1
3
36
11
6
3
9
4
6
2
17
3
1
3
25
7
1
3
43
5
5
2
55
2
6
3
1
5
6
3
14
1
5
3
54
1
5
3
68
9
4
2
12
2
5
1
12
16
1
2
1
1
1
2
67
2
6
3
5
1
5
1
23
3
1
2
40
3
1
2
63
3
6
1
35
4
5
1
2
7
2
1
11
4
6
2
32
3
6
1
44
1
6
1
17
13
6
1
53
2
2
1
31
11
3
3
27
10
6
1
28
3
3
3
2
5
6
3
6
3
5
3
8
9
6
3
44
5
6
1
37
2
2
1
2
6
4
2
71
1
5
1
36
2
6
2
65
3
1
1
49
2
1
3
40
5
5
1
45
1
2
3
13
3
4
3
25
6
4
2
36
4
6
3
61
5
1
1
63
2
6
2
43
3
2
3
30
4
5
1
35
1
2
2
52
4
5
2
29
1
5
2
3
2
6
1
47
2
1
2
47
1
6
1
14
9
2
3
33
15
2
3
27
7
6
1
10
5
1
2
54
1
2
2
45
1
2
2
2
2
1
1
55
1
6
3
1
1
1
2
66
3
5
2
2
3
6
1
6
2
3
2
10
1
6
1
34
6
1
1
29
3
6
1
5
1
6
2
65
1
2
1
4
8
6
2
4
1
6
1
26
2
6
1
66
1
5
2
15
3
5
2
60
4
1
1
14
7
5
1
36
1
5
2
61
3
1
3
66
7
5
2
41
1
1
3
7
1
1
1
63
1
1
3
63
8
1
1
67
2
1
2
12
3
1
3
35
7
4
3
41
3
6
1
68
2
6
2
27
1
6
2
31
3
1
3
23
10
6
1
5
2
3
3
10
4
1
2
36
5
6
3
52
18
5
3
49
6
1
1
1
1
1
3
30
16
5
1
47
1
6
1
25
3
1
2
31
1
5
3
71
2
1
2
67
1
2
1
42
1
1
3
15
14
6
3
37
1
5
3
14
4
4
2
22
3
2
3
3
5
6
2
4
3
2
1
4
4
3
3
65
17
5
1
66
3
1
2
23
3
2
2
18
1
1
2
71
2
1
2
13
1
6
3
22
1
1
2
26
2
1
2
53
2
3
3
8
18
5
2
6
3
6
2
9
3
6
3
4
12
1
1
16
5
3
2
7
3
4
2
54
2
2
1
22
2
3
3
34
9
5
1
39
3
4
1
28
1
1
1
65
2
3
3
53
5
4
3
39
7
1
3
22
9
6
1
38
2
1
2
8
3
6
2
68
2
6
2
10
3
1
3
32
6
4
2
23
1
1
1
54
1
2
3
41
1
6
1
1
2
2
3
55
11
1
2
27
3
6
1
53
1
2
3
26
9
5
2
14
3
1
1
43
2
2
1
8
9
6
3
42
2
6
1
15
4
5
1
26
1
3
1
18
1
1
3
47
3
6
3
18
20
6
1
9
12
1
2
68
1
6
1
39
4
3
3
53
2
6
1
52
2
6
3
47
5
6
3
12
7
6
2
22
1
5
3
32
11
1
2
29
2
1
1
33
6
1
2
14
2
4
1
32
4
6
2
11
3
3
2
34
2
6
3
31
12
1
1
60
1
1
3
60
28
5
2
47
4
3
2
8
2
1
2
30
4
5
2
16
2
6
1
10
3
6
3
38
8
6
2
35
2
6
1
17
16
2
3
11
15
4
1
65
1
1
3
31
24
5
2
25
2
4
2
28
3
4
3
60
21
6
2
15
2
1
1
38
3
1
3
66
6
1
3
11
1
5
1
13
1
3
1
33
8
2
3
15
4
2
2
3
1
1
2
17
2
2
1
61
1
1
3
29
16
5
1
11
5
5
1
3
7
1
3
4
21
1
2
6
1
4
3
67
15
5
2
40
4
5
1
40
3
6
2
49
2
1
2
37
1
6
3
2
12
6
3
35
5
5
1
37
1
6
3
44
7
6
1
27
1
1
2
39
1
5
3
28
15
5
2
32
1
5
3
5
3
5
3
38
5
5
1
67
3
3
2
34
1
1
1
9
13
6
3
42
4
6
2
33
3
1
2
49
4
1
1
54
3
3
2
52
1
6
1
41
3
6
3
54
2
6
3
29
4
5
2
42
2
1
1
43
3
2
2
38
3
5
1
7
5
1
3
63
5
6
1
49
1
2
2
18
4
2
2
53
3
6
1
44
4
6
1
16
3
6
3
43
7
1
1
31
14
6
3
26
1
6
3
65
14
5
3
17
5
5
2
45
3
6
2
55
1
2
1
22
1
3
3
13
4
1
3
71
3
1
1
8
17
6
3
23
12
6
2
16
1
2
3
52
16
6
1
52
3
6
2
13
2
1
1
23
2
1
3
17
4
5
3
45
1
2
2
44
4
6
1
7
1
6
2
28
2
6
3
12
1
1
1
12
13
3
1
25
2
6
3
16
8
1
