3
27
13
1
2
30
5
1
1
11
2
1
3
39
8
6
1
60
1
5
2
41
5
2
3
13
2
5
2
16
3
1
3
43
1
1
3
13
4
2
3
53
6
1
2
45
1
5
1
10
2
6
2
38
1
4
1
27
2
6
3
42
2
6
2
18
3
5
3
40
1
1
2
36
2
1
2
11
3
1
3
34
8
2
1
44
1
5
2
2
3
1
3
7
4
4
1
29
3
6
3
8
20
1
2
23
1
6
2
15
1
1
1
52
1
6
3
54
2
6
1
66
1
5
2
16
2
2
3
44
10
6
1
14
13
5
1
11
7
4
3
37
7
4
2
31
2
4
1
38
2
6
1
7
10
5
1
15
3
1
1
2
4
1
1
36
2
4
3
55
7
6
2
68
2
4
1
6
2
6
2
41
1
6
3
60
10
1
2
18
1
2
1
71
3
5
2
42
1
5
2
67
1
4
2
8
1
1
1
10
1
6
1
33
8
4
1
66
3
1
2
1
2
6
3
67
37
4
3
53
4
6
3
40
6
5
3
41
3
6
1
54
3
5
2
34
3
6
3
3
8
6
2
55
3
6
1
26
1
3
1
30
13
5
2
71
2
1
1
61
3
3
3
71
4
1
2
33
2
3
3
22
8
4
2
22
3
6
2
6
3
4
3
25
9
6
3
6
6
5
1
45
2
6
1
40
2
6
3
45
2
6
3
63
1
1
3
66
8
4
2
14
3
1
3
33
7
6
2
4
2
1
3
18
15
4
1
6
1
2
3
12
6
1
1
29
1
2
3
23
19
5
1
25
2
1
1
18
4
2
1
12
14
2
1
18
12
6
2
54
1
1
1
22
2
5
2
27
3
6
3
30
11
6
3
9
4
5
1
3
3
2
3
27
1
6
1
68
2
1
2
32
1
4
3
52
16
1
1
2
7
6
1
35
2
3
1
13
6
2
2
9
1
5
2
38
4
1
1
41
1
2
3
10
10
5
2
60
2
3
3
68
10
1
3
28
5
4
1
36
3
2
2
25
3
1
1
53
1
2
2
61
2
6
3
6
4
1
2
30
3
4
1
55
1
5
1
65
1
6
3
16
3
4
3
12
1
6
3
4
9
4
3
14
5
1
2
44
5
6
2
60
3
4
2
7
1
2
2
47
3
6
1
43
2
5
2
37
3
6
1
3
8
2
3
5
3
6
1
53
2
2
2
29
1
6
2
9
3
6
1
35
4
4
2
22
1
4
1
47
2
1
2
25
2
5
2
49
1
1
1
16
2
5
1
4
8
5
3
26
5
1
2
35
2
5
2
35
3
6
2
17
1
1
1
31
2
5
2
53
2
4
2
34
2
6
1
68
1
4
1
7
8
1
1
26
3
6
3
17
14
1
1
8
14
2
3
36
5
6
3
17
15
4
1
14
1
5
2
2
1
3
3
34
11
1
1
25
3
6
1
13
9
2
1
4
4
1
2
68
1
1
2
12
2
3
2
29
3
1
2
31
5
6
2
1
3
2
2
63
2
5
2
66
1
4
2
32
2
6
3
23
11
6
2
54
2
5
3
29
4
4
2
52
6
6
2
12
3
6
3
36
9
4
1
41
3
6
3
68
5
6
3
55
12
2
3
49
4
1
1
17
1
3
1
5
2
3
3
38
8
1
2
11
2
2
2
37
4
5
2
4
3
6
3
65
5
1
3
47
8
6
2
33
3
1
2
52
7
1
1
63
2
2
1
1
1
1
3
45
5
1
3
52
17
4
3
33
1
4
2
40
4
2
1
31
10
1
1
16
1
3
1
34
10
2
3
32
2
4
3
3
7
5
3
11
9
5
1
15
4
6
1
52
2
2
3
61
5
6
2
7
2
4
1
54
1
1
2
28
3
5
1
23
3
1
1
38
1
1
2
43
3
1
2
40
3
1
1
49
2
1
1
49
1
3
3
15
10
5
1
40
3
2
3
16
4
5
3
71
1
6
3
2
9
6
1
60
2
2
2
65
2
6
1
63
1
2
2
14
1
6
1
8
17
6
1
39
2
5
2
13
1
6
3
5
4
6
1
28
2
2
1
39
1
5
1
61
2
1
3
42
4
6
1
42
2
2
2
39
2
1
2
5
2
6
1
9
14
6
3
8
16
6
2
17
3
6
2
13
3
6
3
31
5
5
3
32
8
6
2
71
3
4
3
66
4
1
3
18
21
1
3
65
16
4
1
33
1
2
1
17
7
1
2
44
4
6
2
61
3
6
3
67
31
4
2
3
2
1
2
26
2
5
2
43
4
2
3
63
6
6
3
35
1
6
1
32
6
1
3
49
1
1
3
25
7
1
1
22
3
2
2
23
3
1
1
45
1
2
3
54
1
4
3
43
7
2
3
30
16
6
1
28
1
5
1
12
6
1
1
44
4
5
2
53
3
5
1
55
2
2
3
37
1
6
1
5
1
5
2
28
2
6
1
65
2
1
2
3
3
6
2
36
4
1
3
44
6
6
2
45
3
6
3
31
30
1
1
37
1
4
1
23
2
6
3
26
4
6
2
63
3
1
1
37
2
2
2
26
4
6
3
15
11
1
3
28
13
1
3
61
10
3
2
39
4
6
2
47
4
4
1
9
13
6
3
1
9
6
2
8
2
1
2
10
2
1
3
2
8
6
3
29
9
4
2
67
2
6
1
67
3
2
3
39
10
6
1
1
3
5
1
30
2
1
2
66
2
6
2
5
3
5
2
55
1
1
2
65
1
6
1
34
8
1
3
60
22
1
3
11
21
4
3
47
2
6
3
14
20
1
1
32
7
1
2
10
1
6
2
42
4
1
3
1
10
5
1
47
1
2
3
22
7
5
3
4
21
1
1
71
1
6
3
7
5
5
1
27
3
5
3
10
17
4
2
15
3
5
2
49
2
6
3
35
8
5
3
41
1
1
1
42
1
2
1
43
1
6
1
67
2
6
3
9
1
6
2
6
1
6
3
38
10
6
2
27
2
6
