2
65
3
1
2
8
3
1
1
37
1
5
3
67
6
6
1
55
1
1
2
4
1
1
3
61
1
1
1
49
2
5
1
23
3
5
3
71
2
1
2
37
3
6
1
6
1
4
3
55
14
6
3
14
9
2
3
35
7
4
3
43
3
6
1
25
3
2
2
16
2
5
1
36
3
1
2
6
1
4
3
13
1
4
2
10
1
6
3
38
2
4
2
7
3
5
3
17
9
6
2
38
4
1
1
63
2
2
3
47
1
5
1
40
2
6
3
7
3
1
2
40
2
5
1
18
11
1
2
23
2
6
1
52
2
1
2
52
4
5
1
43
2
2
3
22
6
6
2
34
2
1
3
18
13
1
1
41
1
1
2
14
1
1
2
65
2
1
3
16
2
5
1
34
7
1
2
43
1
5
1
15
4
6
2
42
4
1
1
22
3
1
3
2
3
6
3
25
8
5
2
17
1
6
1
5
2
6
1
4
7
1
3
16
7
5
3
6
6
4
1
54
2
3
3
10
6
5
1
68
1
3
1
53
2
1
1
55
2
2
1
15
5
5
2
15
2
1
3
12
3
5
3
39
9
1
1
13
1
1
3
54
2
1
2
53
1
1
3
40
1
1
1
8
15
1
2
11
1
1
2
43
2
1
2
5
2
4
1
5
1
3
2
10
2
1
1
45
1
5
3
43
8
6
3
37
7
4
2
36
2
1
1
28
3
2
2
9
2
6
1
2
6
5
2
31
4
3
1
35
3
6
1
71
2
2
3
9
1
5
1
26
2
1
3
41
2
6
1
44
3
1
2
18
1
6
2
3
3
5
2
60
1
1
2
34
1
6
2
35
3
1
1
29
1
2
1
4
8
6
3
66
2
1
2
27
3
5
2
39
1
1
2
44
3
2
1
25
2
1
3
53
5
6
3
26
8
2
1
9
8
5
1
42
1
3
1
29
3
5
3
44
1
5
2
38
1
5
1
16
6
3
1
3
3
5
2
61
2
1
3
3
6
3
3
53
4
5
2
6
2
1
1
38
1
5
2
42
2
2
1
61
3
6
3
6
4
6
3
52
9
1
2
28
1
6
3
5
2
4
3
4
5
5
1
11
10
1
1
54
1
2
3
5
4
1
1
31
10
2
2
11
2
3
2
68
2
6
1
53
1
6
3
2
9
6
2
2
3
3
3
47
7
4
1
31
6
1
1
28
1
5
1
63
1
2
3
28
16
6
1
16
2
6
1
67
1
2
2
45
2
5
3
30
11
6
2
63
1
2
3
35
8
6
3
32
12
6
2
54
2
1
1
37
2
2
2
71
2
6
2
44
5
1
1
68
3
6
3
65
16
4
2
49
4
1
1
33
2
5
2
55
1
2
3
4
17
5
1
41
2
6
2
41
3
5
3
63
13
5
3
32
5
2
3
34
8
6
2
35
1
1
3
33
21
1
1
12
16
1
1
14
8
1
1
35
4
1
3
42
4
6
1
36
1
6
2
27
2
1
2
17
3
5
1
67
2
6
3
36
8
1
1
44
1
2
3
39
10
5
2
55
2
5
3
66
4
1
1
7
6
2
1
65
1
1
3
60
1
6
2
25
2
5
3
12
4
4
1
26
3
6
2
41
4
1
1
9
9
4
2
32
3
1
2
3
1
6
2
14
3
2
1
30
5
1
2
13
1
1
1
7
1
1
2
66
3
1
1
1
1
1
1
39
4
6
2
13
3
5
2
23
3
5
2
29
3
1
3
15
7
2
2
63
2
5
3
15
6
2
2
40
4
2
3
28
2
5
1
33
7
3
1
17
1
1
1
27
2
2
1
6
2
1
2
15
1
6
1
38
2
1
3
55
6
4
3
40
3
5
3
29
13
6
2
66
2
1
3
7
1
6
3
9
12
1
3
44
3
2
1
12
13
2
2
30
5
1
3
49
5
2
1
42
2
2
1
13
2
6
3
22
11
1
1
14
21
5
3
49
7
1
2
68
1
1
1
39
1
5
2
1
3
1
1
10
1
1
2
28
2
5
3
38
3
5
3
71
4
1
3
27
13
1
1
66
3
1
2
52
6
2
3
68
4
1
2
22
1
6
3
14
6
5
3
31
24
5
3
65
11
6
3
18
1
1
2
49
1
2
2
45
1
1
3
11
24
5
2
8
2
6
2
2
2
1
3
60
22
2
2
12
2
5
1
71
1
4
1
66
2
5
1
40
3
2
2
29
2
1
2
12
3
6
3
37
9
1
3
30
22
5
3
25
5
5
3
3
9
1
1
3
9
1
3
17
17
6
1
8
14
1
3
33
23
4
2
9
1
1
1
47
3
6
1
60
2
1
1
52
1
4
1
17
2
1
1
30
4
3
1
65
2
3
2
1
2
2
1
47
2
3
1
11
3
4
2
16
3
6
2
60
4
6
2
71
3
3
1
43
3
5
3
8
3
6
2
47
4
4
3
8
6
1
3
54
1
4
2
33
2
3
1
2
7
3
3
23
11
1
3
31
7
6
2
26
4
4
3
45
6
2
3
63
4
1
3
52
3
6
3
23
5
6
2
47
3
1
2
53
3
1
3
1
6
1
1
23
1
5
3
26
6
1
1
60
1
1
1
45
2
6
2
39
4
4
1
32
6
1
2
33
1
4
3
41
4
1
2
26
3
2
1
22
1
3
2
54
1
1
2
25
3
5
1
61
1
3
2
61
3
1
3
11
17
1
1
1
2
6
2
4
2
1
2
22
2
6
1
32
4
6
3
34
10
5
2
30
1
1
2
5
1
1
1
49
1
3
3
1
5
6
2
37
2
5
1
27
3
2
2
7
1
1
1
34
4
1
2
32
4
2
2
31
5
6
3
36
14
6
3
27
10
5
2
67
2
6
3
68
3
1
2
36
3
5
2
67
1
5
3
29
4
6
3
67
7
1
3
42
1
1
3
13
2
4
1
18
15
5
2
18
2
1
1
10
2
4
3
45
1
2
3
10
3
5
3
61
11
6
