3
44
1
5
3
66
9
1
3
61
3
6
2
34
2
1
2
14
3
5
1
2
4
6
2
31
4
1
3
31
2
6
2
4
1
1
2
6
1
5
1
43
3
1
2
39
1
5
1
52
3
1
2
36
4
1
2
9
1
6
3
43
8
1
1
5
1
2
3
5
5
6
1
8
13
5
3
4
22
5
2
23
1
6
2
47
4
1
2
32
2
1
2
30
1
1
1
39
4
2
2
18
3
5
2
29
1
6
2
30
4
1
2
8
1
1
3
7
5
6
1
30
2
1
2
71
2
6
3
14
18
5
3
3
3
2
2
26
4
5
1
5
2
2
2
8
3
6
1
32
1
1
3
31
17
6
3
30
11
1
2
68
1
1
1
53
2
2
3
2
11
4
1
44
4
6
2
28
3
4
1
67
3
3
1
54
2
5
3
5
1
4
1
47
2
3
3
61
1
6
1
1
1
1
2
40
2
1
2
5
3
3
2
40
4
1
3
44
8
6
2
13
1
6
1
12
4
3
1
39
1
6
2
35
1
1
2
7
1
2
1
34
5
1
1
4
7
2
1
35
3
1
1
10
7
2
1
36
2
5
2
2
3
1
1
8
3
3
1
3
6
5
3
26
9
5
1
41
1
1
3
17
1
6
1
31
12
2
2
10
2
1
2
33
2
2
2
67
2
6
1
1
2
6
1
3
9
1
2
12
1
1
2
29
2
6
3
6
6
4
3
54
1
5
2
35
3
1
2
6
2
5
2
26
3
4
1
18
2
3
2
27
1
1
3
68
4
1
1
67
2
2
3
12
3
4
3
63
12
6
1
12
15
5
3
30
20
1
3
38
5
6
2
54
1
6
2
49
3
4
2
66
1
5
2
38
3
3
3
41
2
6
2
60
1
6
2
61
1
1
1
71
2
1
2
53
1
6
2
65
3
6
2
15
3
4
2
34
1
1
3
65
19
1
1
25
2
1
2
22
2
6
2
45
4
1
2
10
1
5
1
6
1
3
3
35
4
6
1
2
5
4
3
49
3
2
2
33
3
1
3
13
7
1
2
3
3
1
3
52
18
5
1
22
2
1
3
28
3
1
1
27
1
6
3
4
19
5
3
36
3
6
1
36
3
2
1
55
2
2
1
35
4
1
2
39
4
5
1
23
1
2
3
29
12
1
3
36
10
6
3
1
6
1
2
9
3
2
1
16
3
1
2
42
1
5
1
27
3
5
3
65
9
1
1
41
3
1
2
61
2
1
2
18
2
6
3
66
6
1
2
11
2
3
2
11
1
1
1
43
2
5
1
28
1
5
2
65
2
1
1
42
1
3
3
23
11
5
1
63
1
6
3
32
6
6
3
16
1
4
3
7
2
1
1
25
3
6
1
16
7
2
3
33
13
6
2
37
3
6
1
37
1
5
2
1
1
5
3
60
5
1
3
10
13
5
1
7
4
6
1
61
2
5
3
47
1
1
3
40
5
5
2
22
1
5
2
60
4
1
2
15
1
1
2
12
2
1
2
17
2
6
3
27
17
1
3
17
9
1
2
23
3
1
1
26
2
6
3
13
1
5
1
7
6
3
3
23
15
6
1
18
15
5
2
38
2
6
1
4
1
1
3
67
28
6
3
22
2
1
2
71
3
4
3
28
8
5
2
43
1
4
1
65
2
4
3
3
9
6
3
53
5
6
3
41
1
1
1
33
3
3
1
47
1
5
1
38
2
6
2
36
2
6
1
60
2
2
2
44
2
2
1
31
6
2
1
15
5
2
2
63
1
1
3
40
6
1
3
60
23
4
2
28
1
6
1
68
2
5
3
45
4
6
1
42
2
1
3
8
2
2
3
42
2
1
2
52
1
6
1
29
3
1
1
9
11
3
3
37
2
1
3
39
4
5
3
54
2
1
2
4
2
5
1
13
3
5
2
41
4
1
3
63
2
6
2
1
2
2
1
49
1
3
1
26
3
6
3
15
17
6
3
18
10
5
1
71
1
5
2
63
3
1
3
68
14
4
2
66
3
2
3
10
10
4
3
25
1
6
1
32
2
1
2
49
4
6
2
68
3
5
3
34
4
4
1
66
1
2
3
8
19
1
1
53
1
1
1
17
7
1
3
11
11
2
2
47
2
1
3
1
2
1
3
32
1
1
1
10
4
1
3
43
5
5
2
27
2
6
1
9
8
4
3
18
15
5
1
60
1
6
2
55
2
4
2
31
1
1
3
67
38
6
3
12
7
4
2
3
1
1
3
55
17
5
3
16
6
4
1
45
2
1
2
43
2
1
3
33
21
6
1
14
20
1
3
27
8
1
3
53
1
1
1
33
4
4
3
9
21
5
1
44
1
3
1
28
2
6
3
42
4
6
1
13
9
2
3
26
10
5
2
14
2
6
3
39
8
6
3
25
2
6
1
37
2
4
3
55
8
1
2
55
1
3
2
67
1
5
3
2
7
1
2
25
3
6
1
45
1
1
1
55
1
1
2
16
3
1
1
65
1
6
2
7
2
1
1
63
2
1
1
23
2
1
3
45
5
1
1
11
3
4
1
11
10
5
3
37
7
4
3
71
1
6
1
66
3
6
1
22
3
5
1
6
2
1
1
38
1
3
2
42
3
1
3
47
3
6
2
37
4
6
3
38
6
1
2
13
2
1
1
54
3
6
3
14
5
1
2
54
2
1
2
5
1
2
3
35
2
1
3
29
16
5
1
61
1
3
1
15
2
1
2
44
3
1
2
17
3
6
3
6
5
6
1
14
14
2
3
34
3
4
2
45
3
5
1
29
2
6
1
30
19
6
2
41
2
6
3
9
24
4
2
32
4
2
1
49
2
4
3
11
4
1
2
16
1
1
3
22
10
1
1
40
3
2
3
71
2
6
2
53
2
6
3
49
7
1
1
17
8
6
1
34
3
1
3
52
6
1
1
52
1
1
1
40
2
6
2
25
2
6
3
15
13
1
2
52
3
1
1
68
3
6
2
2
1
2
