2
5
2
4
1
52
2
1
1
49
1
1
1
37
1
2
1
39
3
4
2
54
2
7
3
14
4
6
2
10
1
5
2
34
1
2
2
44
1
4
1
23
2
3
2
53
3
1
3
52
4
7
3
4
23
3
2
35
1
6
1
29
1
4
1
18
15
7
1
67
1
4
1
38
3
2
1
43
2
6
2
33
3
1
3
27
6
5
2
17
1
6
3
54
2
6
1
6
1
1
2
33
1
7
3
34
3
2
2
29
3
1
3
13
4
7
2
54
1
7
3
38
4
3
1
53
1
2
3
17
7
6
2
5
1
5
1
14
11
4
3
15
4
4
1
23
1
6
3
16
5
5
2
2
2
5
1
7
4
2
2
27
3
2
1
3
5
4
1
45
2
1
2
13
1
6
3
43
6
5
1
32
7
7
1
60
1
5
3
14
21
3
1
2
2
6
2
60
3
1
2
42
2
1
3
53
5
6
2
3
2
7
3
60
2
7
2
11
3
4
1
15
2
1
2
18
4
7
3
68
13
7
1
63
2
3
1
66
3
5
1
16
1
3
2
1
3
3
3
12
4
4
1
41
1
2
2
14
3
2
3
40
5
6
3
5
2
7
3
36
11
4
2
42
4
6
3
55
16
7
2
27
2
6
1
67
3
5
1
26
2
2
2
9
2
2
1
38
1
2
1
65
1
3
3
6
3
2
2
23
2
7
2
39
4
4
2
1
1
5
3
32
2
2
2
65
2
4
3
54
1
7
1
54
3
1
3
18
7
3
3
2
2
6
1
33
4
2
3
8
13
3
1
10
2
3
2
16
2
5
2
61
3
5
2
49
1
2
2
25
3
6
1
60
2
5
2
4
2
3
3
67
17
2
3
45
1
2
3
42
4
6
1
65
2
6
1
54
1
4
2
65
4
2
2
53
1
4
3
11
1
1
2
68
4
3
3
18
15
4
3
37
11
1
2
45
1
7
3
28
13
1
2
68
1
6
2
9
3
2
3
34
2
1
2
32
4
3
2
38
1
1
3
67
11
6
2
32
1
6
3
71
1
7
2
12
3
2
3
23
18
2
2
66
1
6
3
27
12
3
2
26
3
2
1
55
1
2
3
1
4
3
3
9
20
6
1
17
6
1
3
61
1
4
3
63
2
6
3
30
8
2
1
44
1
1
3
28
11
7
2
39
2
2
2
37
2
7
1
68
1
2
1
34
10
4
3
53
6
3
2
52
6
3
1
26
1
3
2
47
1
3
1
42
1
6
1
3
9
5
2
7
3
7
1
47
2
7
3
22
5
1
3
43
2
6
1
40
2
1
1
71
3
7
3
29
12
4
3
12
7
6
3
42
2
2
2
37
3
3
3
39
7
2
3
65
18
5
2
71
1
3
1
1
3
7
3
10
18
1
1
7
2
7
2
8
1
2
3
31
27
6
2
29
2
5
3
7
3
1
3
65
21
7
1
68
2
1
3
25
8
6
2
49
2
4
3
26
1
2
1
66
2
1
3
60
24
1
1
55
2
6
3
44
3
3
1
6
2
3
2
43
3
4
2
3
1
1
2
18
3
2
3
52
2
3
1
27
3
7
3
22
2
5
2
10
3
7
2
67
1
1
3
15
6
3
3
41
3
6
1
13
3
4
3
25
6
4
1
9
2
4
3
71
3
1
2
63
3
3
2
40
1
6
2
25
1
1
1
16
2
6
3
30
11
2
1
53
2
1
2
31
2
7
1
52
1
6
1
4
3
3
2
34
3
2
3
66
6
4
2
60
2
5
3
32
8
5
2
43
2
3
2
71
3
2
3
61
7
5
1
10
4
7
1
43
1
1
1
39
1
2
2
28
1
4
1
18
5
1
3
9
1
1
3
7
1
1
1
25
3
7
2
8
3
3
3
16
6
2
2
66
3
1
3
38
6
1
2
22
1
4
3
11
25
7
3
3
3
1
3
49
8
6
3
1
2
3
2
40
3
7
2
38
3
2
3
47
3
7
2
45
3
4
1
27
2
6
2
63
2
6
2
47
4
5
1
11
10
1
1
4
2
4
3
36
9
6
1
37
2
4
3
17
15
3
1
22
3
6
1
47
1
1
2
28
3
6
3
23
6
1
2
13
2
5
3
63
4
3
2
11
1
1
1
5
1
3
1
44
3
4
1
41
3
2
2
36
1
1
3
39
1
4
1
13
7
4
2
55
2
3
1
17
1
5
1
29
2
2
3
55
17
2
2
55
1
7
2
23
1
2
3
31
1
1
1
22
2
4
1
8
13
7
1
15
1
3
3
45
7
7
1
31
3
7
3
2
1
3
2
17
3
2
2
41
1
5
3
29
15
4
3
47
10
6
2
30
5
4
1
49
2
3
2
4
1
6
1
28
3
5
2
35
2
3
2
30
2
7
1
42
2
6
1
2
4
1
2
15
1
3
1
5
2
3
3
68
9
4
3
37
9
4
1
33
7
6
3
6
4
1
2
26
1
1
1
14
16
5
3
10
11
6
2
41
3
3
3
4
11
6
2
2
1
3
3
35
2
5
3
40
6
1
2
67
2
2
3
3
8
1
3
26
8
6
2
12
1
4
1
8
1
6
1
28
2
2
1
71
2
6
2
6
2
7
1
32
5
3
3
13
9
7
3
35
3
5
1
45
1
2
1
12
4
6
3
44
8
6
1
36
2
6
1
30
17
7
3
49
7
2
1
31
14
6
1
12
18
2
1
9
9
4
1
1
1
3
2
36
2
3
2
16
3
4
1
61
3
7
2
15
3
6
1
11
11
6
2
22
2
5
1
30
5
4
2
44
3
7
1
63
1
1
3
33
13
4
1
35
1
5
2
52
4
5
2
6
1
6
1
35
4
3
3
66
4
7
1
25
2
6
3
41
4
6
3
8
12
1
3
5
3
2
3
33
1
7
2
31
3
3
2
14
2
5
2
61
2
5
1
61
2
6
1
34
9
2
1
36
1
1
2
7
1
1
1
40
1
2
