2
12
1
3
2
31
2
3
1
63
1
7
1
54
3
4
2
44
5
1
3
13
7
3
2
5
3
3
1
26
2
3
2
10
2
2
1
23
1
2
1
25
1
5
2
1
3
2
3
38
8
6
2
6
3
4
2
37
2
6
1
32
7
2
3
1
3
2
2
11
1
5
2
13
2
2
2
33
2
5
1
60
1
7
1
49
2
1
1
28
3
3
1
1
3
3
1
40
3
5
3
39
2
4
2
41
5
4
2
7
1
5
2
63
3
3
1
47
3
6
1
37
1
5
3
61
4
2
3
36
15
2
1
2
7
2
1
40
2
6
1
71
1
1
1
17
5
5
1
38
2
3
1
27
1
5
1
66
1
4
2
12
2
1
2
9
2
7
1
44
2
7
2
49
4
3
2
4
3
6
3
67
20
2
3
52
2
3
3
28
3
5
2
65
1
6
3
41
2
6
2
67
1
6
3
12
3
6
2
42
3
2
1
5
1
2
1
23
2
1
2
25
1
5
1
42
2
2
1
44
3
2
2
28
3
5
2
8
1
7
3
45
3
3
3
27
15
7
2
40
2
3
1
27
2
5
2
33
1
3
3
26
5
5
3
17
1
7
1
53
1
6
2
30
4
7
3
49
6
1
1
1
2
7
3
16
7
6
2
71
1
3
2
36
4
4
3
28
9
1
2
43
3
4
3
71
4
7
3
23
15
6
3
31
12
2
2
5
2
6
2
26
1
3
2
3
2
2
2
27
1
7
2
47
3
5
3
17
10
3
1
12
7
3
3
35
2
1
2
66
2
6
1
33
7
2
1
13
5
4
1
71
3
5
1
8
13
1
1
30
21
2
1
67
3
3
3
15
13
5
1
25
3
1
2
38
3
4
3
34
8
2
1
39
2
1
2
17
2
1
3
52
16
3
3
43
8
6
1
3
11
1
2
18
4
4
2
32
1
3
3
6
1
1
2
1
2
3
3
18
2
6
2
52
7
2
1
35
3
2
1
4
2
6
2
49
2
4
2
10
3
7
2
9
1
5
3
9
9
6
1
7
2
2
3
55
16
5
1
66
2
6
3
33
13
3
2
45
3
1
2
65
3
3
3
47
4
2
3
9
15
7
1
45
1
3
2
55
3
6
1
54
1
6
2
18
1
4
2
17
1
1
2
8
3
2
2
63
2
6
2
36
1
5
3
47
3
7
3
68
8
5
3
2
10
4
3
30
14
3
2
37
1
5
2
45
1
5
1
55
2
3
3
11
20
5
2
41
3
2
2
60
3
2
2
60
1
1
3
71
2
6
3
39
9
5
3
37
10
6
3
29
9
3
3
11
12
6
3
6
6
6
2
44
2
4
3
27
6
3
3
65
7
7
1
7
3
3
1
41
1
2
2
29
3
1
2
22
1
4
3
4
6
7
1
28
1
6
3
29
3
7
1
4
1
4
1
53
2
7
3
15
14
5
1
16
3
1
1
31
6
6
2
61
3
2
1
18
9
7
1
68
3
2
2
23
1
1
3
10
8
5
1
43
1
5
3
5
1
3
1
34
6
7
1
34
1
4
2
47
4
2
1
49
1
4
3
23
12
6
3
7
4
6
2
68
1
2
1
30
7
7
3
13
9
1
3
14
16
3
2
53
3
3
3
66
4
4
3
14
8
6
1
61
2
3
2
43
5
1
1
15
2
4
3
18
6
3
3
36
14
7
3
54
1
3
2
34
1
3
1
26
3
3
1
22
1
3
2
16
1
4
3
66
8
7
3
2
2
4
3
22
12
4
2
3
3
1
2
25
2
3
1
65
2
5
1
15
3
1
2
14
1
4
2
15
3
1
2
11
2
2
3
60
30
4
3
5
3
3
2
71
3
3
2
14
2
1
2
53
1
7
3
16
4
4
2
2
3
6
1
3
7
3
1
9
3
7
2
29
1
3
2
30
2
5
1
63
2
6
1
33
8
6
1
52
3
5
2
40
1
1
1
8
7
6
3
55
8
2
2
39
3
1
3
31
15
5
2
55
2
7
1
61
3
6
3
67
19
6
1
35
4
7
3
7
5
4
2
16
3
1
1
67
2
1
2
38
1
7
3
3
6
4
3
63
9
1
1
18
1
7
2
34
2
7
2
32
2
7
1
45
2
6
2
35
3
4
2
15
1
5
2
39
1
1
3
32
1
5
1
6
2
5
1
42
1
3
1
10
7
2
1
47
2
2
3
34
7
4
2
67
2
1
3
44
5
7
1
6
1
2
3
30
12
1
1
16
5
1
1
29
2
4
1
68
1
1
3
42
2
5
3
8
20
7
1
11
1
4
3
41
4
5
3
1
4
4
3
54
2
3
1
65
1
3
1
9
13
7
3
42
3
2
3
35
3
6
3
38
3
6
1
14
11
1
1
43
3
5
3
40
2
6
1
12
12
5
2
31
4
1
3
25
1
4
1
36
3
3
3
33
11
2
2
6
1
2
3
32
10
1
2
68
4
7
1
52
1
1
1
55
1
3
1
39
1
6
2
52
6
1
2
54
1
7
3
60
29
4
1
36
1
2
1
22
2
5
3
53
4
7
1
13
8
3
3
10
5
1
3
12
2
2
3
25
6
3
3
44
7
2
3
61
10
1
3
4
26
3
2
28
1
1
3
26
3
2
3
63
2
6
3
45
5
1
3
53
3
4
1
11
7
5
1
37
2
2
1
14
2
1
2
26
2
7
2
61
1
2
3
43
3
3
2
2
2
3
3
22
11
3
2
22
2
2
3
68
14
6
2
7
3
2
3
40
1
7
1
32
1
6
1
29
1
4
2
66
1
3
1
10
4
7
2
42
4
6
2
4
1
7
1
31
11
6
1
41
3
7
2
35
1
2
1
60
2
2
3
37
2
1
1
17
15
4
2
13
1
2
3
65
20
5
3
49
3
6
3
8
16
2
2
27
2
7
2
23
2
1
2
54
2
1
1
2
1
2
3
3
10
1
1
5
2
6
1
38
3
7
