3
8
9
4
2
39
4
4
1
55
1
7
1
60
1
3
2
15
1
5
1
44
3
4
1
28
1
6
2
65
1
4
1
27
2
4
1
32
3
3
1
53
2
6
3
11
1
3
3
45
4
5
3
7
2
7
3
35
5
6
2
45
4
3
3
52
7
7
2
68
1
1
3
18
6
1
2
30
5
6
1
12
14
2
1
36
2
6
1
30
12
2
1
61
1
6
3
66
4
4
1
52
1
2
3
15
12
6
1
68
2
2
3
30
3
1
3
13
1
5
2
26
2
7
1
18
5
1
1
43
1
2
3
25
1
7
2
7
3
3
2
12
1
2
1
3
4
2
1
6
1
7
1
27
1
6
2
27
1
7
1
5
2
2
1
7
3
2
1
42
1
1
3
13
9
7
1
29
1
7
3
61
11
6
3
35
3
4
1
60
2
3
3
53
8
3
3
9
12
7
3
6
6
7
2
2
2
1
2
18
4
7
2
45
3
1
2
29
1
6
1
71
2
1
2
43
2
7
3
33
22
5
2
55
1
3
3
61
6
6
3
1
1
6
1
12
2
6
2
52
3
7
2
5
1
4
1
9
13
4
2
55
3
3
2
66
2
7
1
17
1
2
1
42
2
2
2
16
2
5
1
23
1
5
1
29
2
6
3
17
11
7
2
65
4
6
1
32
6
5
1
55
2
5
1
3
10
4
2
33
1
3
1
5
1
4
1
14
11
6
2
2
1
2
3
2
6
4
3
31
12
2
3
54
2
4
3
40
3
1
2
31
2
6
1
15
3
1
2
1
3
1
3
16
1
4
3
49
6
2
3
43
5
6
3
14
5
7
1
33
1
5
3
32
6
6
3
27
14
6
3
55
9
5
2
40
2
5
1
33
5
6
2
13
1
6
1
11
10
3
2
28
3
7
3
26
8
2
1
63
2
2
1
2
4
5
1
65
1
5
1
4
2
5
1
1
1
5
2
14
2
1
2
37
3
4
3
30
13
5
2
47
4
4
1
17
8
6
3
63
5
3
1
1
3
7
2
27
3
5
1
30
6
4
3
39
4
6
2
12
2
7
3
60
9
5
1
35
1
4
3
44
9
5
3
32
1
1
1
6
2
1
3
67
37
5
3
71
5
1
1
13
4
6
3
68
7
5
1
67
3
3
2
13
3
6
2
54
1
1
2
42
2
3
2
67
2
5
3
40
4
6
1
36
3
5
1
38
3
5
3
42
1
1
3
9
17
3
1
4
5
2
1
22
3
4
1
47
3
3
1
66
2
5
2
22
2
2
1
65
2
7
1
8
6
2
1
28
2
5
1
31
3
3
1
13
2
4
1
9
6
5
3
28
12
1
3
25
6
7
1
68
1
1
3
63
3
5
1
31
10
1
1
16
7
3
2
42
3
6
2
31
1
2
2
67
1
3
3
6
2
3
2
71
3
5
3
71
2
5
1
53
1
7
1
54
1
4
2
34
1
3
1
11
4
2
3
10
16
2
2
47
3
2
2
1
1
7
2
10
3
7
1
10
4
5
2
25
3
4
1
23
3
1
2
8
1
4
2
68
2
5
2
29
3
6
3
42
4
4
2
49
2
3
2
38
5
2
2
41
1
5
1
37
1
5
2
66
3
5
2
11
1
5
1
45
2
7
2
22
1
2
3
31
23
4
3
22
8
5
2
34
3
5
1
25
2
3
1
66
1
6
3
68
10
1
3
34
4
4
3
22
6
2
1
39
1
1
3
45
7
7
3
53
6
7
3
65
7
1
3
23
12
2
2
40
3
6
2
9
3
4
3
34
8
4
2
9
1
1
3
49
3
3
3
8
17
5
1
49
2
6
3
2
9
1
3
11
11
7
3
12
1
6
3
18
5
1
3
14
18
1
2
63
3
6
2
52
4
4
3
66
7
2
2
35
3
5
2
60
2
5
2
38
3
3
2
30
3
2
3
3
1
7
3
67
21
6
2
36
3
5
3
65
10
2
2
71
1
6
2
4
2
5
1
8
11
3
3
38
8
1
3
37
9
5
1
40
3
2
1
41
1
2
3
41
2
7
2
53
2
6
2
44
1
5
3
47
6
4
3
7
5
2
2
15
2
2
2
16
1
1
2
33
3
1
3
60
18
5
1
2
7
5
3
4
11
7
1
37
2
5
2
7
1
7
1
16
4
7
3
54
1
2
2
26
1
6
2
8
3
1
3
27
12
2
2
39
3
6
3
36
7
2
1
15
1
2
1
71
1
4
2
23
3
4
2
49
4
7
3
16
2
3
2
5
2
3
2
6
1
5
2
61
1
5
3
33
13
5
2
63
2
3
3
12
5
1
1
54
2
4
1
26
3
5
3
4
16
2
3
26
11
5
2
6
3
6
2
28
1
6
1
38
2
6
1
22
2
1
3
15
16
3
3
3
5
1
2
14
1
3
1
34
8
2
2
3
3
5
1
26
2
3
2
37
1
4
1
45
1
5
2
60
4
3
2
36
5
4
1
25
3
7
3
28
2
5
3
23
19
2
2
44
3
3
2
32
4
3
1
10
8
2
2
17
3
3
1
34
6
4
3
5
3
4
2
32
2
2
1
63
1
5
1
39
2
5
2
17
1
7
3
44
7
7
2
61
3
2
3
29
16
6
2
43
5
6
1
7
8
6
1
18
2
3
1
49
1
1
1
47
1
4
3
1
9
7
3
55
16
5
2
25
2
3
2
10
2
4
3
47
3
4
1
44
1
2
3
39
7
2
1
67
1
7
3
41
3
6
2
11
3
1
3
10
23
2
1
52
2
2
1
61
3
4
2
53
1
4
3
5
2
3
3
29
3
1
3
36
9
6
2
18
3
2
1
40
2
4
1
43
2
4
1
35
2
2
1
41
2
7
2
3
1
5
3
17
15
6
1
14
19
5
2
23
2
7
3
38
12
1
2
35
1
1
2
41
5
1
3
52
1
1
2
54
2
4
3
37
2
4
3
43
6
1
2
4
3
5
