1
39
2
5
3
34
9
2
2
4
1
1
2
2
2
2
1
33
4
6
2
12
2
5
1
25
3
5
3
1
4
2
3
47
2
1
3
33
11
1
3
26
12
3
3
8
6
4
3
8
13
5
2
65
1
7
2
12
3
6
2
10
2
4
3
9
9
5
2
39
2
6
3
23
7
1
1
71
3
6
2
30
2
4
1
37
2
4
3
14
2
6
1
61
3
7
2
55
2
3
2
17
2
3
1
29
2
6
2
33
2
5
2
53
3
2
2
53
2
7
2
27
2
3
3
14
10
2
1
61
1
4
2
67
1
7
1
41
2
3
2
37
2
5
2
66
3
5
2
32
4
7
1
27
3
3
1
68
2
1
3
37
4
7
3
13
4
4
1
30
9
5
1
54
1
3
1
38
1
7
2
67
2
2
1
22
3
5
3
12
6
1
1
44
4
3
3
22
6
7
2
40
3
3
3
68
15
1
1
60
1
1
1
29
1
6
1
53
1
2
3
25
7
4
1
13
9
5
2
43
4
7
1
12
6
5
3
25
1
6
1
36
3
5
3
65
7
2
1
42
2
3
3
35
7
3
3
33
23
4
1
47
2
3
3
2
12
3
2
25
1
4
2
54
1
6
2
26
1
4
3
45
3
1
1
34
5
5
2
14
1
1
2
31
2
5
3
2
10
3
2
3
1
1
1
32
6
5
3
37
6
6
2
7
2
5
1
17
2
6
3
40
2
6
2
35
1
1
3
61
9
6
2
30
3
7
2
6
3
6
1
9
1
4
3
66
7
7
3
44
9
5
2
11
1
1
1
33
3
4
2
40
4
3
2
71
2
3
3
52
9
3
2
14
2
1
1
52
2
7
2
36
3
5
3
23
4
6
1
11
1
5
3
41
3
6
3
10
12
5
1
53
2
1
1
63
1
2
2
7
3
4
3
55
8
5
3
10
26
2
3
31
17
1
2
49
4
7
3
71
5
6
3
68
12
2
1
1
3
4
1
60
2
4
2
41
2
7
2
52
5
2
2
29
3
3
1
44
1
3
2
41
5
7
3
43
5
1
2
32
3
1
1
10
4
2
2
61
2
3
1
66
3
5
2
6
1
6
1
16
1
1
1
49
2
3
1
45
2
4
3
3
2
7
2
26
3
7
1
3
3
4
2
68
4
4
2
63
2
2
2
18
1
6
1
7
5
6
3
11
2
6
1
55
2
1
2
1
1
7
2
31
5
1
2
34
3
6
2
71
1
7
2
43
3
4
3
16
1
6
3
65
17
1
3
40
3
6
2
15
1
2
3
39
7
5
1
35
1
5
1
13
8
6
2
68
2
4
3
17
8
3
1
36
2
4
3
60
7
4
3
7
3
3
2
2
3
2
2
8
1
4
3
71
2
5
1
2
3
7
2
25
2
7
3
16
7
6
3
38
1
5
2
13
2
4
1
12
1
4
2
42
1
4
3
7
5
6
1
1
1
1
3
61
1
5
1
8
6
2
2
23
1
6
2
55
1
1
1
65
1
2
1
10
7
7
3
60
16
1
1
18
11
4
2
35
3
5
3
44
1
7
1
26
3
5
3
27
17
2
1
25
1
5
3
1
9
6
1
5
2
5
3
17
2
6
1
5
1
3
3
29
3
5
2
11
2
6
2
47
4
6
1
6
1
2
3
41
4
4
1
37
1
2
1
18
12
4
2
13
3
3
1
71
1
2
3
28
15
7
1
22
1
5
3
42
2
1
2
38
3
7
2
47
1
1
3
32
6
4
2
42
4
1
3
6
3
6
1
26
1
1
2
34
2
4
1
14
8
2
3
53
2
1
3
4
19
1
1
49
1
2
1
43
3
4
2
17
3
3
1
42
1
4
1
39
3
4
3
32
5
7
1
16
2
1
3
27
1
4
2
15
2
1
1
15
2
5
2
66
2
3
1
14
1
6
2
60
4
2
2
5
1
6
3
49
2
6
2
28
1
2
2
27
1
1
1
8
13
5
3
9
18
1
3
53
6
6
1
67
3
2
2
36
1
3
1
41
1
7
3
5
5
2
2
22
2
4
1
34
1
2
3
13
2
3
3
11
1
3
1
6
2
2
3
63
9
7
3
42
4
2
1
3
4
6
2
49
3
2
3
49
4
6
2
10
1
2
2
4
3
3
2
3
2
3
2
1
2
2
3
38
5
4
3
45
1
4
1
52
3
4
2
22
3
6
1
45
1
1
2
9
3
7
3
52
14
5
1
2
6
5
1
35
4
3
1
7
8
5
3
36
11
7
2
18
2
5
1
68
1
3
2
52
2
6
3
36
9
7
2
38
1
7
1
38
3
5
3
54
2
7
3
43
8
3
2
45
4
1
2
8
3
1
2
9
2
5
3
30
10
2
1
4
5
1
2
29
1
4
1
11
3
7
1
28
1
1
1
30
11
2
1
54
2
6
1
23
2
4
2
45
1
5
3
63
13
6
1
31
10
3
1
63
2
6
1
40
3
7
3
18
16
7
2
16
2
3
1
66
2
6
3
54
1
5
1
65
2
4
2
23
2
7
2
5
3
4
3
67
6
3
1
31
1
5
1
55
1
7
3
15
3
4
2
44
3
6
2
65
4
3
3
22
12
6
3
5
3
7
1
67
2
6
3
15
15
6
1
23
3
3
3
67
14
2
2
37
3
6
3
29
8
4
2
16
1
6
2
54
2
4
1
17
11
7
2
44
5
4
1
4
4
2
3
18
3
6
3
26
7
2
3
66
3
1
2
60
1
7
3
34
5
2
2
33
1
6
2
61
1
3
1
27
1
3
3
4
21
7
3
3
8
2
1
47
3
3
1
32
1
2
3
6
6
1
3
12
1
3
3
55
15
3
3
35
4
7
2
63
1
3
3
31
3
3
1
15
1
1
1
40
2
5
3
47
7
5
2
28
3
7
2
39
4
1
3
30
19
4
3
39
2
5
1
28
2
7
3
28
2
5
1
9
2
5
1
43
1
2
