3
5
4
3
1
28
2
7
3
22
5
1
3
12
6
4
2
40
2
7
2
43
2
7
2
33
2
3
2
5
1
7
3
16
4
4
3
18
4
7
1
31
18
5
2
28
2
2
3
6
2
1
1
17
15
7
2
29
3
6
3
47
1
2
2
60
4
1
1
14
15
6
3
49
2
1
3
41
1
6
2
47
4
7
3
33
16
3
3
27
7
5
2
17
2
3
1
45
2
1
2
66
3
7
1
25
2
1
1
8
1
3
3
66
4
3
2
16
3
3
1
41
2
3
3
18
13
5
3
63
1
7
1
27
1
1
1
29
2
1
1
63
2
5
3
9
10
5
1
38
2
3
1
32
2
4
1
42
1
2
2
9
2
5
1
61
3
5
3
47
9
2
3
32
1
2
3
26
3
4
2
38
5
7
1
52
1
7
1
49
1
3
2
68
3
5
1
5
1
3
2
7
3
4
1
3
1
1
1
22
2
4
2
38
2
1
3
26
4
6
1
27
3
1
2
37
1
1
3
34
4
2
1
4
1
6
1
23
2
5
3
27
12
2
2
67
1
7
1
23
1
3
3
4
24
2
3
13
3
7
1
42
2
7
3
25
2
5
3
61
11
6
2
8
1
2
3
12
3
6
3
33
21
6
2
71
2
5
1
66
3
5
1
25
1
5
1
34
4
5
3
30
5
7
1
1
1
1
2
6
1
5
1
39
4
3
2
31
5
3
3
4
3
3
1
40
1
5
3
10
25
4
1
60
1
7
3
54
2
2
1
35
1
5
2
36
3
4
2
22
3
3
1
6
2
2
2
66
1
1
2
26
2
1
2
13
2
1
1
11
12
6
2
33
1
4
3
45
2
4
1
53
2
2
3
53
1
1
1
15
2
2
3
36
3
1
2
14
2
1
3
61
7
6
1
12
16
4
2
39
3
5
3
36
10
7
3
25
6
1
2
25
3
7
1
30
19
3
3
40
6
4
3
40
2
7
3
52
18
2
2
34
2
6
2
12
2
7
3
55
7
7
1
13
9
5
3
28
11
7
3
29
8
7
3
37
10
5
1
53
1
2
3
67
24
5
1
29
3
7
3
41
2
5
2
23
2
5
3
67
16
5
3
9
1
2
2
18
3
1
2
52
4
4
2
2
3
7
2
42
4
1
2
22
1
4
2
7
2
1
3
43
8
1
2
41
2
6
3
68
10
7
1
68
2
3
3
13
1
1
2
13
1
4
3
35
5
5
1
60
2
4
1
2
4
6
2
27
3
6
2
3
2
4
1
2
7
1
3
14
23
6
2
31
4
3
1
7
1
7
2
11
1
4
2
61
3
4
3
1
8
6
2
15
1
4
2
61
1
7
1
18
3
7
3
17
11
5
2
12
3
4
1
4
6
5
2
5
3
1
3
10
1
6
3
43
1
3
2
35
3
6
1
10
8
3
3
11
14
2
3
60
9
5
1
39
1
5
3
55
17
7
2
63
1
6
3
39
1
7
2
71
3
6
2
35
2
3
2
40
1
1
1
68
1
6
2
16
2
4
1
55
2
5
1
45
1
3
3
28
1
2
2
55
3
6
2
39
2
7
2
3
1
6
2
26
4
7
2
2
2
1
3
31
7
5
2
44
1
6
1
47
1
1
3
15
11
2
1
28
3
4
3
54
1
1
1
16
3
2
3
1
10
7
2
4
2
1
3
8
10
6
1
41
1
4
1
15
1
2
3
8
13
4
1
63
1
4
3
42
2
5
1
65
1
7
3
31
9
4
3
60
26
6
1
52
3
1
1
26
1
5
2
60
2
4
3
65
10
4
1
36
3
6
1
16
7
4
2
15
3
2
3
34
8
6
1
9
6
6
1
3
5
5
1
37
2
6
1
32
1
2
2
18
4
1
3
49
5
3
2
37
2
2
2
29
2
5
1
43
2
3
3
16
3
2
3
53
5
1
1
34
3
2
2
49
4
5
1
43
1
6
1
33
3
6
3
44
6
4
3
7
3
7
2
63
3
1
2
11
2
1
1
49
2
3
2
49
1
5
1
33
8
2
3
71
5
3
2
67
2
2
1
61
2
1
1
55
1
4
3
35
4
3
3
45
4
5
3
38
9
3
1
1
2
4
2
45
4
4
3
68
4
7
2
53
1
5
3
30
16
1
2
25
1
4
3
39
8
4
2
1
1
6
1
67
1
4
3
38
6
2
2
41
1
2
1
71
3
5
1
22
1
2
1
67
2
4
2
52
3
1
2
65
3
3
1
38
3
3
3
15
14
6
2
45
3
6
2
9
1
6
3
14
8
1
1
7
10
5
3
65
21
2
1
30
2
2
1
12
12
7
1
37
1
3
1
18
1
7
2
32
2
6
2
1
3
4
3
23
12
4
3
3
10
4
1
66
1
5
1
54
2
3
1
13
5
2
3
71
1
2
3
42
3
4
1
8
13
6
3
22
9
1
3
11
18
6
2
4
1
3
3
37
3
5
3
66
3
5
1
54
3
1
2
54
1
4
2
23
3
3
1
5
2
4
1
35
2
1
1
11
7
4
1
31
7
7
2
54
2
4
2
30
2
3
2
43
3
4
3
52
6
4
3
6
6
3
1
71
2
5
3
2
2
6
3
23
15
4
2
14
1
4
2
34
1
1
2
10
3
5
1
14
11
6
2
32
1
3
1
44
1
7
2
28
3
7
3
7
5
7
2
47
1
4
3
3
8
4
3
32
11
7
1
44
2
5
3
2
7
7
2
53
2
7
1
6
1
7
2
27
1
2
1
65
2
4
1
40
2
6
3
5
5
4
1
47
2
7
2
8
2
2
2
44
4
1
2
10
2
1
1
10
4
1
1
36
1
7
2
42
1
5
2
36
4
3
1
17
13
7
3
17
17
5
3
29
17
7
1
26
3
2
3
63
11
5
2
17
1
5
1
9
9
7
2
6
2
6
2
30
4
3
3
44
3
7
2
65
2
5
2
55
2
4
2
68
2
4
