2
38
5
6
2
33
3
4
3
44
5
2
3
11
5
2
3
67
26
6
1
42
1
3
2
18
2
3
1
31
1
3
1
1
1
7
1
67
1
1
3
60
28
6
2
9
1
6
1
67
3
5
2
15
2
7
1
5
2
4
2
4
3
5
1
22
3
3
3
1
6
1
2
5
1
6
1
38
2
3
1
8
10
2
1
45
1
5
3
15
17
7
1
10
2
2
2
35
2
7
1
26
1
1
3
4
28
6
3
42
3
6
1
45
2
5
2
38
3
1
2
1
1
7
2
47
2
5
2
65
4
7
2
28
1
3
3
14
12
1
1
47
1
7
2
61
3
5
1
43
2
3
1
65
1
5
2
31
3
7
1
55
2
4
2
31
1
5
1
15
4
3
2
45
4
3
3
68
17
5
3
40
2
1
3
65
10
6
1
39
1
4
2
29
3
7
3
31
23
3
3
2
6
6
2
26
1
4
2
66
3
4
2
40
4
3
1
32
4
4
2
7
1
4
3
37
5
3
2
36
4
1
1
1
2
4
3
49
1
6
1
13
3
4
2
41
4
5
2
55
1
7
1
61
1
4
2
53
2
4
1
53
1
5
3
37
2
2
1
36
2
4
2
12
2
5
1
54
3
5
1
18
13
5
1
8
14
5
2
23
3
5
3
28
4
7
1
4
8
4
1
12
14
4
1
39
4
7
2
44
3
5
1
16
7
1
3
53
8
3
3
4
21
3
2
41
3
1
1
9
13
2
3
71
1
1
3
5
1
5
3
12
7
5
3
16
6
2
3
67
29
2
2
40
3
4
2
45
1
5
3
27
13
1
1
17
4
1
1
11
4
7
2
39
1
7
2
63
3
2
1
33
3
1
3
32
1
4
2
5
2
2
2
71
3
2
3
33
16
4
3
39
10
3
2
39
3
2
1
10
1
4
1
27
3
1
1
43
1
2
2
42
3
5
1
41
3
3
1
17
6
1
1
49
2
4
1
4
5
3
2
13
1
3
2
36
2
3
2
42
1
2
3
49
6
3
3
40
6
7
1
65
2
2
3
28
9
6
3
35
3
4
3
47
4
7
3
30
18
3
3
61
6
6
3
16
7
6
2
28
2
1
2
10
2
5
1
32
3
1
2
60
2
1
1
52
1
1
1
44
3
7
2
11
1
1
1
55
1
6
3
25
1
1
2
34
2
7
2
27
2
1
2
16
1
3
3
43
2
4
2
49
2
2
3
12
5
5
1
42
2
1
1
14
11
1
2
8
1
4
2
32
3
4
3
13
7
3
3
44
1
7
3
52
5
7
3
39
8
6
3
34
6
2
1
34
5
1
2
53
1
3
1
27
1
2
2
49
1
1
2
2
1
5
1
63
1
4
3
27
1
2
3
10
7
7
2
68
4
3
3
9
28
1
2
60
1
4
2
14
1
3
3
10
5
3
1
44
1
1
1
9
2
2
3
36
6
6
3
30
8
3
1
71
1
6
3
6
3
5
2
1
2
4
1
66
3
2
2
6
2
3
2
44
1
3
2
29
2
6
3
32
3
3
3
9
9
7
1
15
3
2
3
26
10
4
1
36
3
6
1
38
1
5
2
67
1
4
1
66
2
5
3
54
1
5
3
29
3
2
2
55
2
1
2
11
3
6
2
34
3
4
2
35
3
4
2
4
2
4
1
3
4
2
1
26
2
2
3
63
6
5
3
22
5
1
1
23
3
7
3
18
18
3
1
23
1
6
1
53
2
2
1
2
2
7
2
52
3
2
2
8
2
7
1
31
17
6
3
47
6
6
3
38
5
1
3
45
7
3
3
11
16
6
1
35
4
7
1
7
8
7
2
37
3
2
1
25
3
6
2
18
4
4
2
14
3
6
1
18
6
5
3
53
2
1
1
40
3
4
2
61
1
7
1
25
1
2
3
8
8
5
3
63
3
6
1
34
4
4
1
68
1
1
3
36
10
1
2
3
3
5
2
17
2
7
2
15
3
6
1
28
1
7
1
22
2
1
2
23
2
5
2
47
3
5
3
26
1
4
3
66
4
2
3
6
2
3
3
1
9
1
1
54
2
2
3
23
2
5
2
9
2
5
1
2
6
6
2
71
1
6
3
41
3
5
3
61
7
2
1
5
1
1
1
37
2
6
3
22
1
3
3
43
1
1
2
43
1
7
2
10
3
6
3
60
12
7
2
67
2
4
3
45
6
1
2
30
2
3
1
16
6
1
2
63
2
4
2
6
3
4
2
30
3
2
1
71
2
6
1
63
2
2
1
30
8
6
1
37
1
7
3
14
19
4
1
11
5
3
3
66
3
2
3
71
2
7
2
54
2
5
3
23
1
2
3
38
10
5
3
42
2
2
2
32
4
7
3
5
5
4
2
13
2
6
3
17
13
1
1
13
5
7
2
2
3
5
3
68
16
1
3
18
19
3
2
33
1
1
2
66
2
1
3
31
20
2
3
3
6
2
3
8
19
7
2
54
1
4
1
6
2
4
3
33
10
1
3
52
14
5
3
7
1
3
2
37
1
5
1
30
10
4
3
29
15
1
1
3
5
2
2
43
3
7
1
40
2
7
3
34
3
7
2
26
2
6
3
35
7
1
2
25
1
1
3
55
14
5
1
6
1
6
1
60
2
1
3
54
2
1
1
28
2
3
1
33
7
3
1
68
3
4
2
65
1
7
1
61
2
4
2
25
3
6
3
2
9
2
1
7
3
3
2
3
2
5
1
60
1
6
3
17
10
1
2
16
3
3
2
68
3
3
1
29
2
2
3
15
7
4
1
52
2
2
1
29
1
4
3
41
2
1
2
22
2
4
1
35
1
2
3
25
7
2
2
22
1
6
1
47
2
1
1
12
8
6
1
49
1
1
2
7
3
7
3
65
7
5
3
3
4
1
1
14
17
5
3
55
6
6
2
52
4
2
2
17
3
3
2
12
3
4
2
27
3
7
3
7
3
5
3
13
1
6
1
41
1
2
