1
31
4
4
3
5
2
3
1
22
1
5
3
8
18
3
2
54
2
7
2
25
3
7
1
17
8
3
3
32
8
6
1
3
10
4
1
37
1
5
3
25
5
4
2
3
1
1
1
15
3
1
1
65
1
2
2
53
3
3
1
25
2
2
2
18
4
5
1
39
1
6
1
44
4
2
3
44
8
5
3
53
2
6
1
28
3
2
3
17
1
3
3
71
4
2
2
12
3
7
1
60
2
3
1
47
3
7
3
3
7
7
1
35
1
1
2
30
2
3
3
71
5
5
1
68
3
2
1
22
2
1
2
25
2
3
1
16
7
1
3
11
23
1
2
15
3
2
3
29
8
2
3
68
2
4
2
33
1
5
3
4
9
7
2
29
1
5
1
4
2
5
3
5
5
3
2
71
2
3
1
18
12
6
1
40
3
6
3
12
3
1
3
23
12
3
2
14
3
1
1
65
2
5
3
13
5
7
3
38
12
1
1
25
1
5
2
14
1
6
3
22
2
6
2
16
3
5
2
39
4
2
1
53
2
1
3
66
8
2
1
1
2
6
2
36
4
7
3
37
3
7
2
12
1
6
1
66
2
6
1
5
2
4
2
39
2
2
3
44
5
4
2
37
3
7
1
54
2
7
1
55
2
4
1
37
2
6
3
49
8
4
1
63
2
1
2
4
2
2
3
13
4
4
3
7
1
1
1
10
6
3
2
30
4
6
2
45
2
4
1
54
3
7
2
42
4
5
2
71
3
2
3
47
1
1
1
9
1
4
1
3
3
2
3
15
8
4
1
41
2
3
2
44
5
2
2
60
3
7
3
35
4
1
2
63
3
4
3
28
11
6
2
66
3
6
1
45
2
3
3
18
16
4
2
38
1
5
2
41
5
1
1
17
4
7
1
30
13
2
2
34
2
4
3
60
4
3
1
32
3
1
1
8
14
4
2
4
3
7
1
8
5
7
2
23
3
2
1
13
9
3
1
43
2
5
3
54
1
1
1
45
1
7
2
31
1
4
2
65
3
7
2
37
2
4
1
55
1
4
3
34
6
6
2
43
1
1
3
33
23
1
1
34
2
5
3
32
11
7
2
9
3
2
2
36
1
2
1
30
19
2
3
7
5
5
2
35
2
7
3
68
7
5
2
44
1
6
1
14
17
7
2
33
2
7
2
7
3
4
3
41
4
3
1
53
1
3
1
60
1
6
2
34
3
7
2
27
1
4
1
6
2
3
3
63
6
1
3
14
13
6
1
14
2
2
1
29
1
6
3
17
6
6
1
32
1
3
1
34
6
5
3
22
8
7
3
12
6
5
3
15
15
1
3
6
5
5
3
26
11
6
1
39
3
4
2
31
5
1
2
43
3
4
2
17
1
4
3
14
16
7
1
10
3
3
1
36
3
7
2
1
2
1
2
60
1
1
3
53
3
7
2
2
1
6
2
49
1
2
2
47
3
7
3
31
11
3
3
55
1
2
2
29
2
7
3
6
3
7
3
1
4
1
3
2
2
5
3
61
9
6
2
38
5
3
1
61
2
6
3
40
1
4
2
28
3
3
1
47
2
1
2
1
3
6
2
61
1
1
3
41
3
5
1
4
3
2
2
63
1
3
1
43
1
5
1
29
3
5
1
11
9
3
3
45
4
4
3
9
19
3
1
13
8
6
1
27
2
3
1
68
2
1
1
67
2
2
2
67
1
6
2
23
2
5
2
15
1
4
3
45
5
7
2
55
3
3
1
38
1
4
3
8
12
2
2
5
2
4
1
2
6
3
2
11
1
3
3
31
6
4
3
4
20
6
2
53
1
2
3
10
6
3
1
61
3
6
3
52
9
7
3
65
18
1
2
6
3
1
2
7
2
4
1
42
2
1
2
10
2
5
2
52
2
5
3
26
5
3
2
32
4
5
3
54
2
6
2
3
2
2
1
15
1
5
3
66
1
2
2
40
4
2
3
49
2
4
1
66
3
1
3
3
1
1
1
1
3
6
2
18
3
4
1
7
4
3
3
33
20
2
2
45
4
5
1
63
1
1
1
12
14
7
1
31
8
1
2
68
1
6
2
9
2
5
2
2
3
4
2
13
2
4
2
17
3
1
3
67
19
3
3
39
6
1
3
27
13
4
1
16
2
2
1
67
3
1
2
27
3
5
3
43
4
3
1
71
3
7
3
47
8
5
1
49
2
6
1
27
3
4
2
6
2
7
1
28
2
5
3
18
8
2
3
11
12
4
2
52
6
6
3
28
6
2
3
25
6
7
2
66
1
3
2
35
1
6
3
52
17
5
2
54
1
5
3
29
19
7
3
23
6
2
3
61
8
4
3
16
5
6
1
23
2
7
3
30
15
6
1
42
1
6
1
26
1
3
3
35
8
7
2
28
2
4
1
33
6
2
1
44
1
5
3
37
4
3
1
49
1
6
3
42
2
4
1
23
1
1
2
61
3
5
3
67
21
4
2
8
2
5
3
9
29
1
2
42
3
3
2
68
3
7
2
40
1
5
1
52
1
5
3
60
29
5
3
36
14
2
1
40
2
2
2
49
4
1
2
26
4
3
1
9
14
7
1
18
1
3
3
1
7
7
3
36
5
5
3
16
7
6
1
35
3
3
2
11
2
3
3
63
11
5
1
52
2
2
3
40
5
6
2
10
1
6
3
34
9
2
1
38
2
6
2
47
1
7
2
16
2
4
2
67
2
3
3
30
26
3
3
2
5
7
2
32
2
1
2
22
2
4
1
2
5
1
2
55
2
3
1
33
3
7
1
41
1
6
1
7
1
7
2
65
2
1
1
5
1
1
3
55
3
4
2
26
1
6
2
5
1
7
2
22
1
7
3
27
3
5
3
10
3
1
1
6
1
1
1
12
3
6
3
65
9
1
2
41
3
6
1
26
3
1
3
38
5
6
1
71
2
3
2
13
1
7
1
11
11
5
3
42
3
2
1
36
2
4
3
43
2
1
2
8
1
3
3
39
3
3
