2
32
4
1
3
60
16
4
3
63
10
3
3
18
13
2
2
29
2
4
3
38
3
6
1
18
13
7
1
25
3
6
1
34
1
7
3
31
14
5
3
47
9
5
3
65
6
1
1
42
1
1
2
45
3
5
2
1
2
5
1
32
1
4
2
40
2
6
1
27
1
1
2
42
2
3
1
16
5
3
3
37
11
6
1
4
8
7
1
15
4
6
3
41
2
3
1
8
15
5
2
16
3
2
1
26
2
3
2
60
3
3
1
38
1
6
3
15
15
7
2
25
2
6
1
22
2
4
1
49
2
6
1
41
2
7
1
63
1
5
2
42
1
6
2
7
3
3
1
10
8
4
3
17
9
3
3
4
6
4
2
37
4
5
2
2
2
6
2
6
3
7
2
40
1
5
3
61
4
5
2
13
1
1
1
2
1
6
2
5
3
6
3
12
7
6
3
43
5
4
1
11
5
4
2
4
1
4
2
14
3
1
3
33
9
4
1
61
1
3
1
68
2
1
2
39
3
7
2
1
1
6
1
3
5
6
2
10
1
6
1
33
1
7
1
63
2
2
3
33
19
2
2
54
1
1
3
25
4
2
3
65
3
1
3
18
20
1
1
16
3
6
3
16
6
5
1
45
2
6
3
45
3
2
3
42
3
2
3
63
9
1
1
68
3
7
1
40
2
1
1
13
4
5
1
28
2
2
2
11
1
4
3
13
7
5
2
36
5
3
3
44
7
5
2
71
3
4
2
45
4
6
3
14
13
6
2
38
2
4
1
31
17
7
2
12
1
6
2
34
3
1
3
12
6
1
1
10
4
2
2
31
1
4
1
35
4
3
3
66
6
6
1
65
1
4
1
67
1
5
1
52
1
4
1
8
3
5
3
31
30
6
3
34
11
3
2
71
2
1
1
17
16
1
2
65
1
3
2
23
3
7
2
28
1
2
1
26
1
3
1
12
4
1
2
52
4
1
2
66
3
2
3
29
10
6
2
28
2
2
1
36
3
6
2
41
3
4
3
9
22
6
2
49
3
3
1
43
1
3
2
63
2
2
3
23
6
7
3
35
1
3
1
11
3
4
1
15
2
1
2
22
3
4
3
30
22
1
2
44
3
1
1
39
4
3
1
37
1
6
1
14
19
2
1
55
2
5
1
44
2
1
3
34
7
4
1
41
1
3
1
36
2
5
3
14
20
7
3
3
4
2
1
1
1
2
2
68
4
5
2
25
1
5
2
2
1
2
3
71
3
7
2
17
2
5
3
68
11
1
1
9
10
5
1
65
2
6
1
29
1
4
3
23
13
1
1
7
10
5
3
11
8
6
2
65
4
4
3
36
6
4
3
13
9
6
2
9
2
5
3
42
1
7
3
3
7
3
3
37
2
4
3
30
4
6
3
28
1
6
2
8
2
5
3
28
10
4
2
55
3
1
2
8
3
2
2
32
1
2
2
60
4
3
3
2
2
7
2
27
3
1
2
67
1
2
3
1
5
6
1
47
3
7
2
5
2
6
3
55
16
5
3
6
2
1
1
17
7
7
3
10
15
7
1
40
3
1
2
6
2
5
2
38
4
7
3
55
11
6
3
41
4
4
3
5
4
3
2
66
1
6
1
55
1
5
3
8
6
5
2
41
2
4
2
30
1
6
1
7
2
7
1
18
2
4
3
53
5
3
2
54
2
1
1
49
1
4
2
27
2
5
3
38
6
6
1
29
3
7
2
33
2
3
3
26
5
6
1
71
2
1
3
2
12
1
2
13
3
5
2
9
3
3
1
37
2
2
1
5
2
5
1
30
11
6
1
66
1
3
1
67
3
3
1
66
2
3
3
52
17
2
1
71
1
6
1
30
18
5
2
16
1
5
1
2
2
5
1
43
2
4
2
26
2
6
1
54
3
6
3
26
12
1
2
26
3
7
1
23
1
4
2
4
3
4
1
42
2
6
1
60
1
4
3
29
15
6
2
36
4
2
2
52
6
2
2
30
4
5
3
47
4
1
3
44
5
1
3
7
2
5
2
37
1
2
2
47
2
3
2
68
2
5
1
39
3
1
2
61
3
6
2
10
3
5
1
54
1
2
2
44
5
7
1
4
1
4
1
25
2
7
2
23
2
2
2
31
3
2
2
63
1
5
1
44
4
3
2
35
1
6
1
13
6
4
2
39
4
5
3
53
4
4
3
27
17
6
1
45
1
5
3
8
9
3
3
4
2
3
1
33
8
7
1
32
4
7
3
10
9
4
1
60
2
3
3
54
1
1
3
32
10
2
2
53
3
4
2
43
2
6
2
55
1
6
2
33
1
3
3
32
12
4
3
27
10
7
3
40
3
2
2
3
3
2
1
34
7
3
2
17
1
7
3
61
3
6
1
9
13
4
1
28
1
5
1
52
2
2
3
22
10
7
2
15
1
1
2
61
2
7
2
49
4
3
2
18
2
7
2
34
2
1
3
67
11
5
3
15
4
3
2
14
1
7
2
3
2
5
3
45
6
7
3
39
2
1
1
5
1
7
3
1
4
3
2
53
1
5
3
9
1
4
1
22
1
7
3
40
1
6
3
49
7
4
3
5
3
4
2
7
2
7
2
43
4
4
3
39
5
5
3
71
1
6
3
17
12
3
1
38
3
7
2
67
2
1
2
35
3
2
3
52
18
5
3
22
12
6
2
12
3
1
3
68
15
7
2
22
1
7
1
47
2
5
1
61
2
6
3
11
2
4
1
14
16
7
3
66
8
1
1
53
1
2
2
47
1
6
1
6
1
3
3
25
6
6
3
36
1
6
1
23
3
5
3
43
6
2
1
3
2
3
1
6
2
7
2
29
1
6
3
35
2
4
3
16
8
5
3
6
1
5
2
11
2
1
2
15
3
2
3
49
1
7
1
31
2
7
1
53
2
1
1
1
3
2
1
27
2
2
3
67
34
3
1
35
1
2
3
60
21
7
1
12
5
4
3
54
2
2
2
18
1
6
3
7
1
3
