2
42
4
2
3
1
9
5
2
47
3
1
1
12
15
2
2
26
1
3
3
49
5
1
1
55
1
5
2
37
2
4
1
22
3
7
2
36
5
2
2
18
1
6
1
1
2
4
3
66
1
3
1
7
7
4
2
41
4
3
2
40
3
3
2
60
1
4
1
32
5
5
3
26
9
7
2
61
2
1
2
44
5
4
3
49
6
3
1
40
1
7
1
3
8
4
2
49
3
7
3
30
27
7
3
8
20
6
1
53
1
2
1
6
2
1
3
43
8
2
1
54
2
2
3
37
3
1
3
67
2
4
2
53
1
4
2
14
2
4
3
17
9
7
2
27
1
2
2
5
2
5
3
12
3
1
3
38
5
3
2
71
1
3
2
7
1
3
3
35
8
1
2
8
3
5
1
38
2
7
1
40
2
4
2
31
5
4
2
31
2
6
1
33
1
2
1
26
1
2
1
5
1
4
3
52
2
7
2
65
2
6
1
49
1
3
2
45
4
3
3
15
3
4
1
2
2
7
1
33
2
5
2
4
2
6
1
34
3
5
2
30
3
3
1
15
4
1
3
3
9
6
2
8
2
2
1
30
9
1
1
8
14
2
1
30
4
2
2
33
2
5
1
5
2
4
1
65
2
7
2
16
1
2
1
23
2
5
2
39
4
3
1
11
7
5
2
63
2
3
2
16
2
1
2
25
2
1
2
15
2
1
1
54
3
3
3
4
18
4
2
39
3
5
2
66
2
3
3
27
2
7
1
35
4
5
2
9
3
7
3
53
3
1
1
41
3
4
3
18
2
2
2
60
2
3
2
36
4
4
1
36
3
7
3
7
4
5
2
25
3
6
3
71
5
7
2
49
4
2
1
7
10
4
1
66
1
2
1
55
2
1
2
27
3
7
2
1
3
5
1
31
16
2
3
10
15
2
2
17
2
2
3
34
9
1
3
32
7
4
1
26
2
5
1
1
1
2
2
22
2
3
3
39
5
6
3
17
17
2
3
61
6
6
1
36
2
3
2
43
2
7
3
18
3
5
3
45
5
5
2
52
7
4
2
2
3
3
1
18
8
3
3
9
28
6
3
1
3
6
1
39
2
7
1
9
9
5
1
4
3
5
3
2
7
1
2
54
2
2
3
63
3
2
1
23
1
2
1
29
2
7
2
23
3
4
2
35
1
3
3
63
8
1
1
68
1
2
1
43
2
3
1
61
2
3
1
53
2
5
2
15
3
2
3
44
1
2
1
38
3
6
1
14
9
2
2
14
3
7
3
11
16
3
3
8
9
1
1
29
1
2
3
6
4
2
1
13
8
2
2
13
2
3
1
4
2
3
1
47
3
2
3
31
13
7
1
35
1
3
3
52
11
1
1
67
1
7
1
47
2
5
2
34
2
5
2
45
3
5
1
49
2
1
1
22
1
1
2
28
2
1
1
66
3
5
1
31
15
1
2
28
3
5
3
61
5
5
2
38
3
1
3
33
17
7
3
15
5
6
1
17
12
2
3
2
8
7
2
10
3
3
3
54
1
7
1
34
4
2
2
53
3
1
2
23
1
4
1
43
3
3
1
25
2
5
1
14
6
5
3
23
5
1
3
71
4
2
1
28
1
7
2
43
5
3
3
68
13
2
1
6
1
5
1
44
1
1
1
32
4
5
2
38
4
5
2
9
2
7
3
44
7
5
2
67
2
4
2
55
3
7
3
39
4
2
2
55
1
6
2
18
2
2
2
35
2
7
2
22
1
6
3
9
10
2
1
17
13
7
1
71
2
7
3
10
9
6
3
41
1
3
3
13
8
1
2
67
1
2
3
25
4
7
2
29
3
5
1
42
2
3
3
27
11
5
3
53
6
6
2
41
2
7
2
63
1
1
2
1
2
6
3
68
10
6
3
31
7
5
3
28
10
7
1
63
2
7
3
28
5
1
1
60
2
2
2
11
3
3
3
60
13
7
3
5
3
4
1
60
1
5
3
11
5
2
3
16
3
4
3
4
4
7
3
34
10
1
3
36
11
1
2
29
2
1
3
67
18
6
1
52
1
6
2
40
2
4
1
61
3
5
3
25
6
7
3
42
3
4
1
42
1
4
2
2
1
3
1
67
3
1
3
26
1
5
3
47
3
2
2
32
3
2
3
23
17
3
1
11
5
4
2
26
4
2
2
33
1
3
3
55
5
6
1
10
3
6
1
8
12
7
2
12
2
1
2
65
4
7
3
36
10
7
2
5
1
5
2
10
1
4
3
37
7
3
3
30
16
2
2
42
3
1
3
47
2
5
2
32
4
1
2
37
1
2
2
6
3
4
3
14
7
3
1
68
3
4
1
41
2
6
3
5
4
4
2
7
3
1
2
30
2
7
2
66
1
1
1
39
1
4
3
14
17
2
2
71
3
2
3
35
6
5
3
41
4
1
3
3
3
5
2
61
1
7
1
15
3
1
1
25
3
3
1
27
1
5
1
44
3
4
3
22
11
7
2
3
3
2
3
13
5
4
3
45
4
4
1
45
2
7
1
37
1
3
3
55
8
1
3
32
1
7
1
10
7
6
1
37
2
7
3
16
5
2
1
45
1
3
3
40
6
5
3
38
4
3
3
60
8
6
1
52
2
4
2
47
4
3
2
11
1
5
3
43
6
4
2
54
1
5
3
22
10
2
3
42
4
5
1
65
1
7
2
6
2
5
1
28
2
4
3
66
5
3
2
13
3
5
1
12
7
6
2
3
2
6
2
68
3
5
2
68
1
7
1
3
4
2
3
40
5
2
3
65
15
6
1
16
6
2
3
6
6
5
1
9
1
3
2
44
1
7
1
16
1
5
3
12
7
2
1
2
6
5
1
63
1
2
1
13
7
7
3
65
11
6
2
34
1
7
2
12
1
4
3
33
10
4
1
71
1
4
2
52
2
4
2
17
1
1
3
29
13
1
3
29
15
2
3
7
3
3
1
27
3
7
2
4
1
2
1
18
10
7
3
54
2
1
