1
27
2
4
1
13
1
7
1
61
1
4
1
36
1
2
1
15
4
5
1
34
2
2
2
68
4
2
3
27
7
1
3
7
2
6
3
22
8
2
3
14
20
3
2
22
2
5
3
29
19
3
2
49
2
1
1
5
2
5
3
13
7
6
1
16
1
1
3
63
4
5
2
31
3
7
3
52
16
1
2
55
3
3
2
7
2
5
1
71
2
5
2
1
2
2
3
35
2
3
3
68
10
3
1
53
1
3
2
32
3
5
2
53
2
5
2
61
1
2
1
61
3
6
2
28
3
6
2
37
4
5
1
31
5
7
3
63
3
1
2
44
1
4
1
38
3
7
3
25
3
5
3
68
14
1
2
15
2
1
1
2
2
6
1
9
11
7
3
44
3
6
3
7
4
1
3
34
6
6
3
29
2
1
1
32
2
5
2
14
1
7
2
18
3
1
3
54
1
7
1
55
2
2
3
15
3
7
3
2
1
4
3
65
6
2
2
6
1
6
1
52
1
2
1
40
1
2
1
17
12
4
1
25
1
6
1
63
2
6
2
2
2
5
2
45
2
7
3
8
3
7
2
3
1
7
1
41
2
2
2
31
4
4
3
26
2
4
1
22
3
7
1
14
21
5
3
12
1
4
2
36
2
3
2
29
3
3
1
6
2
1
1
1
1
7
3
55
11
1
2
63
3
7
2
18
4
1
2
60
4
3
2
30
2
2
1
49
1
2
1
13
8
2
2
9
1
6
1
11
7
5
1
42
2
3
1
28
1
6
3
11
12
7
2
26
1
2
2
67
1
4
2
3
2
2
1
66
3
1
3
33
20
5
3
60
7
6
1
22
2
4
1
39
2
2
3
23
6
1
1
9
12
6
2
28
1
3
1
68
2
6
3
22
1
7
2
14
3
3
2
34
2
1
2
15
1
5
1
29
1
4
2
38
3
4
2
7
1
6
3
61
4
5
3
33
14
5
3
65
5
7
3
37
4
6
2
2
1
1
2
42
4
5
3
30
16
1
3
26
5
5
3
66
8
5
3
9
13
2
2
16
2
4
3
14
10
7
3
28
13
6
2
11
1
5
2
10
1
1
3
40
3
3
1
71
1
2
3
1
4
4
1
33
8
1
2
60
1
5
1
44
2
1
2
35
3
1
1
35
2
7
1
36
3
1
1
42
1
3
1
10
5
2
2
30
1
2
3
6
1
4
2
44
4
3
1
66
2
6
2
68
3
5
1
38
1
3
3
6
3
2
3
5
2
4
3
66
5
3
3
16
5
1
3
53
2
7
1
3
1
3
1
8
16
6
1
47
1
3
2
52
3
4
3
36
3
3
3
5
4
7
3
8
9
4
1
11
5
7
3
37
5
1
1
1
2
2
2
43
3
1
3
23
12
5
3
45
5
3
1
18
2
4
1
35
1
7
2
45
1
1
2
23
3
2
2
43
1
3
2
65
1
7
1
65
1
4
1
67
2
1
1
68
3
6
1
45
2
7
1
7
3
4
1
44
3
2
2
8
3
6
1
67
1
4
3
27
11
2
1
52
3
4
3
42
1
6
1
40
3
1
1
26
2
7
2
33
3
6
1
49
2
5
1
37
2
2
2
52
2
6
1
6
1
7
1
7
10
4
2
6
2
6
2
47
4
6
1
14
7
7
2
34
1
2
2
10
3
6
3
43
4
2
3
12
6
3
2
36
1
5
2
53
1
7
3
41
1
7
3
60
3
6
3
16
6
7
2
8
2
7
1
4
3
2
3
35
3
5
1
32
4
1
2
41
1
4
3
9
27
4
3
34
8
6
1
28
2
1
3
44
10
5
2
27
2
3
1
45
1
4
3
61
8
5
2
39
2
4
2
66
3
5
2
27
1
1
1
53
2
6
3
71
1
1
1
16
3
6
3
42
3
2
3
4
23
3
1
27
3
3
3
31
11
6
1
39
3
6
3
71
4
2
3
38
12
1
2
22
1
1
2
42
3
3
3
38
6
6
3
3
10
2
3
41
3
4
2
71
3
4
2
4
2
4
1
43
3
1
2
16
3
4
1
12
11
1
3
49
3
4
1
34
5
3
1
18
9
7
2
12
1
5
3
25
4
5
3
31
21
4
1
5
1
5
3
47
4
2
3
67
19
4
1
33
1
6
1
10
2
2
3
55
15
2
2
38
4
2
1
15
3
5
3
1
2
1
3
18
2
5
3
32
2
1
3
49
4
1
2
33
1
4
2
5
1
2
3
39
2
2
2
41
4
3
3
3
3
2
1
8
2
6
3
11
17
6
1
60
1
3
2
54
1
1
3
28
10
3
2
32
4
7
2
40
3
3
2
5
3
2
2
55
2
1
1
47
2
5
3
54
2
6
1
12
10
7
2
39
1
6
1
17
11
2
2
66
1
3
1
31
8
7
1
3
4
2
1
2
7
7
3
10
9
7
3
15
9
1
3
17
16
2
1
37
1
3
3
30
15
2
1
23
1
1
2
13
1
2
2
40
1
7
2
37
3
1
3
17
1
1
3
47
10
7
2
4
1
5
2
23
1
3
1
41
3
2
2
17
2
7
3
43
1
2
3
40
1
4
2
61
2
1
3
36
11
3
2
71
1
7
2
35
1
3
1
4
6
6
2
13
3
6
2
67
2
3
1
26
3
3
2
49
3
3
3
2
5
4
1
25
2
2
3
10
2
4
1
63
1
2
1
23
3
3
2
26
3
6
3
52
10
3
2
29
2
1
1
55
1
4
3
18
9
3
1
30
19
2
3
32
3
6
3
45
4
5
1
60
2
6
1
43
1
7
2
11
3
5
2
12
2
1
2
47
1
5
2
25
2
1
1
54
1
1
3
53
5
5
2
54
2
7
1
54
2
7
2
17
1
5
2
1
1
6
1
65
2
1
3
67
24
4
3
13
2
5
2
63
2
3
1
29
3
5
2
65
2
3
2
9
3
7
3
39
5
3
2
25
3
7
3
4
1
6
1
30
3
3
