3
26
6
2
3
31
25
7
2
52
4
2
3
63
7
5
3
55
15
4
2
1
3
4
2
44
2
5
2
53
2
4
2
43
3
6
2
6
2
2
2
12
1
5
1
4
2
3
3
8
19
4
3
3
7
4
1
14
12
2
3
36
8
1
1
43
2
4
2
10
3
5
3
28
6
2
2
66
2
7
3
38
7
3
2
60
2
1
1
66
1
7
3
28
9
6
3
2
1
2
3
12
7
7
1
54
1
4
3
4
19
1
1
55
1
4
3
65
9
4
3
27
13
5
2
63
3
7
1
49
1
1
3
41
1
1
2
26
1
5
1
45
2
1
2
22
1
3
3
63
3
3
1
61
2
6
2
30
5
4
1
7
6
1
2
37
2
4
3
13
4
3
2
45
2
2
2
68
3
3
3
52
6
4
2
44
5
2
3
54
1
6
1
28
3
1
1
8
4
3
3
16
4
6
3
60
7
4
3
33
3
6
2
26
2
4
1
52
3
7
3
52
2
7
2
7
2
3
3
6
6
4
1
8
5
6
3
33
24
5
3
9
13
4
1
29
2
1
2
32
2
4
2
61
3
6
2
15
1
5
1
36
2
4
3
1
5
4
3
66
4
4
1
5
1
1
3
5
1
2
1
25
1
3
1
42
1
1
1
60
2
5
3
31
22
5
3
49
3
7
1
43
1
2
2
11
1
4
2
54
2
2
3
47
4
1
3
43
6
7
2
65
3
7
1
1
1
4
2
1
2
5
3
18
24
6
1
47
2
7
2
71
1
6
2
45
1
7
2
16
2
3
2
31
2
5
1
41
2
6
1
15
4
7
1
66
3
4
1
65
2
7
1
3
6
3
2
61
2
1
2
47
4
3
3
40
3
3
2
18
3
1
1
2
4
2
3
61
9
1
3
22
2
2
1
13
6
6
3
5
4
6
1
27
2
2
1
52
2
3
1
22
2
7
2
12
2
2
3
25
7
3
2
33
2
4
1
27
1
2
3
35
3
7
1
40
2
7
1
18
4
2
3
7
4
6
1
55
2
6
2
60
1
1
2
3
2
2
2
22
2
1
3
65
12
5
1
44
1
1
2
9
3
3
1
68
3
2
3
41
2
3
1
10
6
3
1
37
1
5
3
25
6
7
2
31
4
4
1
39
1
7
3
54
2
6
1
25
3
1
1
11
8
7
1
33
6
1
2
68
2
1
3
44
8
4
1
67
1
5
1
11
2
2
1
4
5
2
3
12
1
3
2
23
2
1
2
8
2
7
2
6
1
7
1
23
2
6
1
9
2
5
1
16
3
7
2
28
3
4
3
9
27
4
1
22
1
2
2
29
1
1
3
14
25
2
2
67
2
2
3
71
4
3
2
3
1
6
2
5
3
3
1
30
17
4
3
67
21
4
1
2
6
5
1
31
10
3
1
26
2
4
2
4
3
6
1
33
4
1
1
17
7
7
2
49
1
5
3
36
9
2
1
60
1
7
3
37
12
2
3
8
5
6
1
38
1
2
2
2
1
1
3
2
7
5
1
68
2
5
1
6
2
4
2
13
2
3
1
47
1
6
2
53
1
5
1
44
2
4
2
42
4
6
1
16
4
7
2
17
2
1
2
14
1
4
1
18
5
1
1
49
2
7
1
14
10
2
2
39
1
7
3
32
3
2
2
66
1
3
3
3
5
5
2
23
3
6
3
18
1
2
3
23
12
4
3
26
4
5
3
53
3
1
1
3
11
5
3
6
2
5
3
68
15
5
1
34
8
1
3
38
8
1
2
35
3
2
3
66
2
7
1
67
3
7
2
41
4
5
1
5
2
3
3
23
2
5
3
32
5
3
3
43
4
5
1
23
3
6
3
68
16
2
2
2
2
6
2
71
3
1
2
10
1
2
3
4
14
2
3
11
4
6
1
40
1
3
1
9
9
6
3
47
9
2
3
55
12
4
1
6
1
4
3
35
1
1
3
30
28
6
3
10
10
1
2
27
3
6
2
63
1
6
1
29
1
2
2
52
1
1
1
12
1
5
3
10
25
1
1
35
4
1
1
65
1
7
3
15
5
4
2
18
2
4
1
31
16
6
3
29
17
2
2
27
2
6
2
9
2
3
1
32
5
2
2
38
1
6
3
29
12
3
3
40
1
5
2
55
1
2
2
34
3
2
1
36
1
1
1
13
9
6
2
32
4
6
1
1
3
5
2
43
1
1
2
5
1
2
3
53
1
2
2
15
3
4
2
67
1
4
2
40
2
2
1
35
1
6
2
8
3
2
2
49
2
1
1
63
1
6
1
63
2
3
3
22
9
7
1
39
4
1
2
47
3
2
2
29
2
1
3
39
6
4
3
27
5
5
1
10
3
3
3
11
21
1
2
35
1
7
2
65
4
5
3
13
1
1
1
26
1
5
1
42
2
5
2
28
2
4
1
54
3
1
2
37
1
4
1
45
1
2
2
36
4
5
3
61
1
7
1
53
1
4
2
16
1
2
2
30
3
2
1
53
2
6
1
32
3
1
3
67
34
3
1
61
1
4
2
25
3
7
3
37
6
7
2
55
3
2
3
71
5
2
3
15
15
4
2
39
2
7
2
34
1
5
2
42
3
3
2
4
1
2
3
60
1
6
3
1
7
5
3
45
2
2
1
17
5
6
3
49
2
5
2
25
1
6
3
39
2
7
2
17
3
1
1
12
5
2
3
42
3
7
2
36
1
5
3
17
11
6
1
41
3
5
3
42
1
5
1
34
2
2
2
54
1
5
2
11
2
3
1
30
21
5
3
7
3
4
1
37
2
4
3
14
6
6
1
38
2
6
1
71
1
3
3
45
5
1
3
16
7
6
3
34
10
1
2
7
1
4
3
30
1
1
2
38
4
4
2
13
1
4
1
15
3
4
2
14
3
6
3
34
3
1
2
33
1
3
2
41
5
4
3
44
1
1
1
28
2
7
1
71
3
4
2
40
4
2
3
17
17
3
1
7
5
1
