2
15
1
7
3
30
19
3
1
41
1
2
3
55
7
4
2
10
2
6
3
3
4
6
1
3
2
1
2
35
2
3
3
32
11
1
3
37
7
7
1
37
1
5
2
49
2
7
2
45
2
7
3
17
14
3
2
66
3
1
2
66
1
2
3
29
12
6
3
44
4
5
1
41
3
5
2
11
2
4
2
41
5
7
1
33
6
1
3
4
2
7
2
10
3
3
1
5
1
6
3
15
10
3
2
12
2
6
3
13
9
6
2
3
2
4
2
29
1
3
1
53
1
2
2
49
1
6
2
26
2
6
1
27
2
4
3
2
7
4
1
6
1
1
3
38
7
5
2
30
1
2
2
38
2
3
2
37
3
2
2
60
3
2
1
29
2
7
2
22
3
4
3
22
7
6
2
41
2
6
1
65
1
5
3
40
6
5
3
41
1
6
3
71
5
1
3
4
19
4
1
31
3
4
1
68
2
3
1
52
3
1
2
45
4
7
3
9
17
3
2
61
1
4
3
5
1
2
3
29
7
7
3
53
3
4
3
34
5
1
3
27
17
6
3
71
4
4
3
47
6
7
3
68
8
4
3
25
2
6
2
26
1
2
3
5
5
5
1
52
1
5
1
26
3
7
3
18
19
4
2
33
1
7
3
35
7
5
1
35
4
4
1
31
4
4
3
22
2
6
3
54
2
2
3
27
8
6
1
36
1
1
1
25
1
1
2
2
2
2
1
13
4
6
2
25
2
7
1
30
6
4
1
8
3
3
1
38
1
6
1
54
3
3
1
23
2
2
1
17
14
4
3
53
7
7
2
9
3
1
1
18
3
5
2
16
3
7
2
53
3
3
1
40
1
7
2
55
2
1
2
38
1
3
3
32
8
2
1
45
2
2
3
52
17
3
3
31
27
4
3
52
15
5
2
54
2
1
3
11
17
7
1
11
4
6
2
15
3
5
3
65
21
4
3
9
21
1
2
6
3
5
2
33
2
3
2
8
2
3
1
47
1
7
3
13
5
4
2
14
1
2
3
25
3
3
1
32
4
6
1
60
2
5
3
35
3
3
1
55
2
6
2
44
5
2
3
60
6
7
2
1
3
2
2
43
3
2
2
11
3
5
3
11
13
7
1
38
3
4
1
7
6
7
1
15
2
7
1
16
3
6
3
45
1
2
1
34
9
2
1
36
2
2
1
7
9
6
2
39
3
6
1
10
5
5
3
28
9
4
2
36
2
5
3
16
4
2
2
23
2
2
2
1
1
7
2
6
1
3
2
22
1
3
1
25
2
7
3
43
7
5
1
17
6
2
3
8
2
4
2
67
2
6
1
34
2
3
3
23
5
3
3
66
7
5
1
63
1
6
3
31
25
2
3
47
1
7
2
29
3
6
2
18
1
7
1
30
7
6
2
27
1
4
2
8
1
1
1
4
2
2
2
68
2
6
1
26
2
1
1
33
3
7
1
27
1
4
3
54
1
5
2
3
3
1
2
17
3
5
1
68
1
7
1
2
4
2
3
14
25
5
1
71
1
4
2
42
4
3
3
39
4
5
3
26
9
4
3
33
7
7
3
45
6
1
2
9
2
4
1
2
1
1
1
3
3
7
1
39
1
7
3
7
3
1
1
44
3
5
3
6
2
1
3
61
2
5
1
1
2
4
2
4
2
4
2
30
3
5
3
61
11
6
2
14
3
2
1
10
6
3
2
55
1
3
2
63
1
1
2
17
1
2
1
13
3
2
1
63
2
5
1
66
2
3
1
15
3
5
3
60
18
3
3
40
4
5
1
14
6
6
3
63
8
6
2
52
2
4
2
42
1
6
2
18
3
3
2
34
3
7
3
8
9
4
3
23
17
2
1
55
1
6
1
49
1
3
1
71
3
5
1
32
6
7
1
8
10
3
2
65
1
1
3
12
7
1
3
67
28
3
2
31
5
7
1
14
16
7
1
16
2
3
2
63
2
5
2
13
2
5
1
28
2
6
3
63
2
4
3
55
8
3
1
6
2
4
2
13
3
2
2
16
2
4
2
39
4
1
2
35
1
3
1
22
1
5
2
12
3
3
1
54
2
7
3
42
3
3
2
68
3
2
2
61
2
3
2
44
3
5
2
52
3
2
1
28
1
3
3
3
5
2
3
38
6
3
3
37
5
1
2
23
3
6
3
43
3
1
1
4
8
2
3
34
3
5
3
65
1
4
3
7
4
6
1
60
1
6
2
27
3
7
1
49
2
4
3
26
7
2
2
32
3
2
2
71
2
2
3
49
7
2
3
1
8
7
3
39
6
1
1
11
10
7
2
2
3
6
2
7
2
7
1
12
15
1
1
22
2
7
2
65
3
1
2
71
1
7
3
16
7
1
3
10
17
3
3
6
4
3
3
68
12
5
1
47
2
2
1
53
2
2
2
40
3
2
1
39
3
4
3
33
8
1
1
42
1
2
3
30
1
5
1
42
2
1
2
31
4
4
3
17
1
7
1
61
2
3
2
60
1
5
3
2
6
4
1
37
2
7
2
25
1
7
2
67
1
7
1
18
11
1
3
10
9
5
2
5
1
3
3
15
8
6
2
43
4
7
1
66
3
2
1
43
1
4
1
44
4
1
1
35
2
2
2
53
2
6
2
40
4
7
2
34
1
7
1
29
1
3
3
67
12
4
3
12
6
2
3
36
7
4
1
1
1
1
3
18
1
2
1
43
3
2
3
1
2
7
1
12
1
6
3
42
4
6
1
23
1
4
2
47
3
1
1
40
2
6
3
28
13
6
2
7
3
6
2
54
1
4
3
14
26
5
2
4
1
2
1
67
1
3
1
67
3
5
1
45
1
3
3
66
8
1
1
9
2
6
1
65
2
4
2
47
4
3
1
61
1
7
1
9
5
6
3
49
5
4
3
41
3
1
2
28
3
1
2
32
2
6
2
37
4
2
3
36
11
5
2
28
1
5
2
36
4
6
1
5
2
2
2
5
3
7
3
44
5
2
