3
22
3
4
1
31
16
2
2
60
2
5
2
34
2
3
1
60
1
4
1
67
1
3
2
42
4
2
2
6
3
6
2
41
4
2
3
31
12
1
1
39
2
7
3
25
9
6
3
63
6
6
3
52
9
1
3
8
8
6
2
40
4
1
3
68
6
2
1
61
2
3
2
38
5
6
3
35
4
2
3
23
8
2
3
12
6
5
1
15
1
5
3
68
11
6
2
26
1
7
2
5
2
4
3
9
19
1
1
15
3
5
3
65
15
3
2
2
2
7
2
71
1
3
3
30
18
4
1
67
3
3
2
28
3
2
3
27
11
3
2
11
3
4
3
10
20
1
2
33
2
2
2
4
1
2
1
3
10
2
1
65
1
5
1
13
6
7
2
30
3
6
3
71
5
3
1
45
1
6
1
9
4
5
1
26
3
7
3
45
4
4
1
36
2
6
2
39
3
7
1
42
2
1
1
13
3
2
1
8
11
7
1
6
1
5
1
53
1
7
3
13
8
7
3
5
5
7
3
12
5
6
1
22
1
1
2
43
2
2
3
14
25
1
3
26
6
1
2
52
5
1
3
60
14
3
3
52
5
1
3
41
3
3
3
2
6
6
3
6
2
7
1
33
4
1
1
31
12
3
2
44
2
3
3
33
23
7
3
15
11
1
1
36
3
4
2
31
1
5
2
63
1
2
3
29
13
6
3
11
25
1
2
26
4
6
3
61
9
1
3
7
3
5
3
45
3
1
3
22
8
4
3
1
9
5
1
63
1
4
2
68
2
4
2
23
1
1
1
1
1
2
3
23
2
3
2
41
3
7
2
33
1
4
3
49
6
5
2
45
3
3
3
31
28
7
3
71
2
7
1
52
1
2
2
3
1
5
3
67
1
3
2
14
3
1
2
17
1
1
1
1
3
2
1
37
1
1
1
10
3
1
2
42
3
3
1
52
2
1
2
45
1
1
3
47
4
3
2
9
2
4
2
55
3
7
2
2
3
5
2
47
1
4
2
37
4
5
1
18
5
6
1
17
7
4
1
16
6
3
2
4
2
5
2
16
1
6
1
7
8
3
1
16
3
1
3
44
5
4
3
55
14
7
1
68
2
5
1
47
2
1
3
32
5
5
2
49
2
2
2
63
3
7
3
43
8
4
2
18
1
7
1
14
15
5
1
32
3
4
1
53
2
4
3
17
2
5
3
42
1
5
3
34
5
2
2
1
1
4
3
38
10
1
1
25
3
2
3
41
4
7
3
37
11
3
2
39
2
3
1
29
3
6
2
47
3
5
3
42
3
1
2
71
3
1
1
2
6
6
1
18
1
4
1
11
10
2
2
15
2
5
3
40
6
2
3
37
12
3
1
17
2
2
2
37
1
6
1
28
3
7
1
63
2
7
1
55
2
3
1
38
2
4
2
32
2
4
1
68
1
2
3
17
7
4
3
1
7
3
1
60
2
2
3
28
4
2
2
12
3
5
2
6
1
4
2
65
4
1
2
66
3
6
3
3
2
3
2
67
2
5
3
53
8
3
3
10
15
1
1
12
2
3
3
54
1
7
1
27
3
3
3
15
12
4
2
17
3
7
3
8
12
5
2
53
3
2
1
23
2
6
2
61
1
5
1
3
6
4
2
66
1
5
2
1
3
7
2
10
2
3
3
25
4
3
3
65
17
6
1
45
2
6
1
65
2
3
2
29
3
4
2
10
1
1
1
22
3
6
2
44
4
7
2
60
1
1
1
28
2
5
3
44
3
4
3
18
23
7
1
30
17
6
2
22
3
1
1
66
2
3
1
40
2
2
2
61
3
5
2
25
3
1
3
5
4
5
2
3
2
2
2
13
3
2
2
11
1
3
3
27
9
2
3
66
6
2
3
29
10
1
1
38
1
1
1
43
1
3
2
68
3
3
3
33
20
5
2
53
1
4
1
7
5
6
3
4
5
7
1
66
3
1
3
36
9
6
2
8
3
3
2
22
2
2
1
26
1
6
3
43
7
6
1
29
1
4
2
32
1
7
3
63
9
7
2
25
2
3
1
47
3
7
1
35
3
1
1
35
1
5
2
15
1
7
1
5
2
5
3
32
7
6
2
35
2
7
3
9
21
6
1
49
1
2
2
67
1
7
1
44
3
4
1
40
3
2
2
49
1
3
2
12
1
1
2
13
2
4
2
36
4
6
3
54
2
7
1
14
17
5
1
41
1
1
2
54
1
6
1
2
7
7
1
61
1
7
2
27
3
5
2
31
5
5
2
27
2
4
3
30
8
4
3
61
3
3
3
36
2
6
1
25
1
4
2
29
2
1
3
39
7
3
3
67
18
4
3
11
16
4
1
42
1
5
1
49
2
1
3
38
2
7
2
5
1
3
2
7
1
6
3
49
3
3
2
18
4
2
2
34
3
2
3
39
10
6
2
40
3
1
1
4
5
1
1
23
1
6
2
43
1
2
3
28
16
3
1
32
4
1
1
37
2
7
1
71
2
5
2
30
2
5
2
55
1
7
1
44
4
4
1
12
10
7
2
38
1
4
1
71
1
7
2
9
3
2
1
41
2
6
3
40
5
1
2
65
2
7
1
43
2
2
1
54
2
7
2
7
3
4
2
54
2
1
1
11
1
4
3
55
5
5
1
10
5
5
1
27
1
2
1
9
2
7
2
16
2
5
1
30
2
5
1
54
3
5
3
3
10
4
3
14
11
4
3
16
5
5
3
18
24
5
2
14
1
2
1
39
1
5
3
47
3
5
3
34
10
3
3
13
3
3
3
26
8
2
1
8
16
7
1
33
3
5
1
34
5
5
1
34
3
5
2
23
2
4
3
16
4
3
1
6
2
5
2
28
2
5
3
6
6
3
1
5
1
3
1
55
1
2
3
53
7
6
1
4
7
2
3
2
3
4
3
66
4
3
3
35
2
7
2
36
3
1
2
35
3
5
2
8
2
5
3
4
4
1
3
60
23
1
3
7
2
2
2
52
2
5
