2
15
2
2
3
12
3
4
1
12
13
2
1
29
2
6
1
40
2
7
1
61
1
6
3
8
19
3
3
22
1
3
1
67
3
5
1
36
3
4
1
5
2
3
2
66
3
1
3
1
10
7
3
8
10
5
2
41
2
2
2
41
3
3
1
1
2
6
2
13
2
1
2
65
3
1
3
71
5
2
1
71
2
1
2
67
2
5
2
39
4
4
3
31
12
3
3
34
3
6
2
22
1
7
3
22
7
4
2
60
2
1
2
9
2
3
2
32
3
4
1
33
2
4
1
34
7
4
1
17
15
7
2
10
1
1
1
3
1
5
2
29
2
6
2
32
4
4
1
32
6
6
1
11
2
5
3
11
16
5
1
27
2
1
2
44
4
4
2
61
1
1
3
6
1
7
3
63
2
3
2
8
1
2
2
11
2
2
3
17
3
6
3
30
12
3
3
23
9
3
1
63
2
3
1
26
2
3
2
30
4
7
3
68
9
1
1
31
12
7
2
68
2
2
2
47
1
3
2
54
1
3
2
44
5
6
1
37
1
7
3
27
6
7
2
7
3
3
3
25
3
3
1
53
1
6
2
26
1
5
3
3
3
7
1
28
3
3
1
37
2
5
2
8
3
7
2
28
2
1
2
40
1
4
1
2
2
4
3
9
3
3
3
32
8
5
3
33
18
4
2
40
2
6
2
43
5
2
3
6
5
2
1
3
11
4
3
27
15
7
2
34
2
4
3
29
12
2
1
8
13
2
1
11
1
3
3
9
27
1
3
32
2
2
1
43
3
3
3
49
2
4
2
11
3
4
3
40
5
6
1
47
2
2
1
29
1
2
2
33
1
4
1
66
3
3
2
15
1
7
1
33
7
1
1
35
3
6
2
63
2
6
3
52
4
5
1
68
1
3
3
66
4
4
2
37
3
4
2
36
1
6
1
71
1
7
2
53
3
5
3
47
9
4
2
1
1
5
3
3
9
4
1
41
2
2
2
35
3
3
1
14
21
7
3
55
10
3
2
23
2
3
2
27
1
7
3
29
16
7
3
65
7
7
1
65
1
2
2
25
1
2
1
25
2
6
3
61
6
4
1
4
6
2
1
30
20
5
3
35
2
3
3
55
7
1
1
6
1
7
2
38
5
5
2
18
4
6
1
16
5
4
1
45
1
5
2
16
1
3
3
4
11
7
1
42
2
7
2
55
3
2
3
7
3
4
2
36
2
2
2
52
5
4
1
13
6
2
1
10
2
6
3
16
2
1
3
49
7
1
3
26
7
5
1
6
2
1
2
52
6
3
3
53
6
4
2
47
2
1
2
25
3
3
1
26
1
1
3
13
4
5
1
34
3
3
2
35
2
6
2
68
4
6
1
40
1
6
3
60
9
5
1
44
2
3
1
38
3
5
2
14
1
6
3
1
4
1
3
35
4
6
3
54
1
6
3
44
1
4
2
54
2
1
2
60
1
6
1
31
10
6
3
34
7
5
2
5
1
2
3
7
1
3
3
10
10
7
1
39
3
7
3
47
1
7
3
39
4
3
2
3
2
7
3
39
7
4
3
71
3
3
1
4
7
6
3
66
2
7
1
2
7
1
3
15
11
3
3
36
15
7
2
49
4
7
2
3
3
3
2
12
1
3
3
45
1
5
3
65
3
3
3
10
1
2
2
10
3
5
1
5
1
6
2
29
1
7
3
45
7
3
2
42
4
6
2
7
2
3
1
55
2
5
3
61
9
7
2
30
5
7
2
31
3
7
1
12
5
6
1
13
5
3
2
23
3
4
1
66
1
2
2
22
2
1
1
17
1
2
3
11
15
7
1
18
12
5
3
44
4
4
1
9
3
6
3
14
19
2
1
7
8
3
2
53
1
4
1
27
3
5
2
71
1
6
3
67
30
5
1
49
2
6
3
37
9
1
2
12
2
7
3
18
2
4
2
49
1
3
2
2
1
5
2
42
1
2
3
13
5
5
1
61
2
7
2
34
1
5
3
41
3
7
3
42
4
7
1
39
1
5
2
28
1
2
3
14
13
5
1
49
1
4
1
54
1
2
2
14
2
4
3
5
5
5
3
43
1
1
1
7
4
5
1
22
2
1
1
38
1
7
3
36
1
3
1
10
4
1
2
45
1
4
3
54
2
2
2
18
1
2
2
38
4
6
1
55
1
7
2
4
3
5
1
45
2
3
3
38
7
4
2
6
3
6
1
42
1
7
2
31
2
2
2
37
2
2
3
43
2
3
2
27
3
6
1
32
3
3
1
16
1
2
3
28
1
5
2
66
2
6
3
31
19
1
2
65
4
3
3
23
10
1
2
6
2
2
2
2
2
6
3
67
6
6
2
26
3
3
3
2
4
6
2
39
1
4
1
52
2
5
2
67
1
5
2
4
2
2
3
16
5
7
1
68
2
7
3
63
1
5
3
25
6
3
1
52
1
7
1
14
18
5
2
45
4
1
1
63
1
4
2
55
2
7
1
23
2
7
1
60
2
3
3
52
15
1
3
28
2
6
1
30
13
1
3
41
1
5
1
54
3
3
2
17
3
4
1
18
9
6
3
2
11
7
2
5
3
2
3
17
5
6
2
13
1
4
3
12
4
6
1
8
7
1
1
1
3
5
2
16
3
5
1
60
1
4
1
9
11
6
1
22
1
1
3
15
12
3
3
4
3
4
1
15
5
4
1
41
3
6
3
5
4
2
3
60
29
2
1
67
1
1
1
25
1
4
2
71
3
5
3
38
10
2
2
33
2
4
2
17
1
7
3
26
3
3
1
44
3
3
3
42
2
3
2
63
3
5
1
23
3
3
2
61
2
7
3
53
7
5
1
53
2
7
3
18
5
4
3
33
6
3
1
35
2
3
1
28
1
7
1
15
4
2
3
37
10
5
1
36
1
7
3
30
23
3
1
47
3
2
1
65
2
7
2
43
3
3
2
1
2
4
1
43
1
3
2
9
1
5
3
40
3
1
3
68
13
4
