1
37
2
4
3
6
3
2
3
65
10
1
3
38
8
1
2
7
3
4
2
28
3
2
3
8
4
1
2
33
1
2
3
40
5
2
2
32
2
2
3
67
37
1
1
40
2
2
3
14
10
6
2
71
1
6
1
10
8
4
2
31
1
1
2
16
1
5
2
63
1
4
2
63
2
3
3
52
18
2
2
4
2
4
2
4
3
3
1
67
2
3
3
9
10
4
3
63
5
2
3
1
7
5
2
34
3
7
3
41
2
7
1
45
1
1
1
60
1
3
3
53
3
7
1
22
2
5
1
31
8
5
2
17
1
2
1
44
3
1
2
68
1
2
3
54
2
1
3
36
7
2
3
39
7
5
3
3
6
4
1
13
1
6
2
27
1
2
1
36
1
2
2
65
3
4
1
1
1
5
3
44
5
3
3
4
19
2
1
66
2
7
2
31
2
6
2
41
2
1
2
29
1
3
1
23
2
1
3
16
1
4
1
12
5
4
1
12
16
3
3
30
15
5
3
4
16
5
1
11
10
2
3
28
7
5
3
18
23
6
3
29
6
5
2
42
4
4
2
3
3
2
3
31
10
1
3
31
21
4
2
13
1
2
1
22
1
1
1
54
2
5
2
33
3
5
3
60
4
3
1
63
2
2
1
63
1
6
1
38
1
5
2
22
2
5
1
5
2
7
1
43
1
2
3
40
4
1
2
52
1
4
1
28
2
6
2
9
3
7
2
32
1
7
2
49
3
7
3
35
4
7
1
43
2
3
1
29
2
5
1
65
2
6
1
15
3
5
1
36
3
6
1
7
5
3
3
18
16
5
2
55
1
5
2
45
4
6
1
30
18
4
1
55
1
7
1
28
1
6
2
27
3
6
1
39
2
4
2
60
1
7
1
52
3
2
2
47
1
4
2
40
3
7
1
27
2
1
2
1
3
2
2
26
3
6
3
26
7
3
3
12
7
5
3
41
4
1
1
3
2
2
2
11
3
3
1
42
2
3
3
61
1
7
2
12
3
7
1
8
13
4
3
43
2
1
1
40
3
2
2
44
5
5
1
3
3
3
1
34
11
6
1
55
2
3
1
61
3
7
3
11
8
6
1
9
14
5
3
33
22
3
3
60
6
3
2
3
2
4
3
16
7
7
1
49
1
1
2
10
3
2
1
2
1
6
3
67
11
4
2
30
4
3
2
43
2
2
3
2
7
5
2
29
2
6
3
49
6
1
3
28
2
7
1
47
3
7
1
6
2
3
3
6
1
4
3
17
7
1
1
44
1
4
3
55
15
1
1
7
4
7
2
39
2
7
2
5
1
6
2
39
4
3
3
2
3
2
3
63
1
3
2
15
3
7
1
29
3
3
2
53
1
4
2
55
2
3
3
30
19
4
1
71
1
4
1
52
1
1
1
17
2
1
3
65
4
5
2
6
3
6
2
65
2
1
2
54
1
6
2
9
1
1
1
42
1
1
3
39
1
6
3
17
13
6
2
14
1
6
1
17
7
2
3
22
10
6
2
60
4
2
2
38
5
6
2
43
3
2
2
61
1
4
2
61
3
7
3
47
5
6
3
47
4
6
1
32
1
1
2
40
4
7
3
53
5
7
2
15
1
4
1
32
6
2
3
68
2
5
1
39
4
4
3
11
26
1
3
54
1
6
1
26
3
5
1
49
2
5
1
33
8
1
2
35
1
4
1
37
1
1
1
9
10
3
3
42
1
1
3
12
6
5
2
37
1
3
3
5
3
1
3
32
2
7
2
66
1
1
2
38
2
7
1
67
1
3
1
16
4
6
2
23
2
5
2
25
3
4
2
49
4
6
3
68
1
4
1
54
1
3
2
36
3
4
2
28
2
4
2
54
2
2
2
1
1
4
2
6
1
4
2
34
2
7
3
3
4
3
3
14
25
1
2
45
2
7
3
49
8
4
1
65
1
5
3
25
6
6
1
68
1
6
2
16
2
5
2
8
3
6
2
17
2
1
3
23
10
6
1
33
6
5
3
44
4
1
3
32
5
4
2
35
2
4
3
5
4
6
1
14
19
1
2
26
1
6
2
8
1
3
1
27
3
3
1
31
2
7
1
8
3
5
2
11
2
1
1
25
1
5
1
38
2
7
1
18
13
5
1
4
3
2
3
9
16
1
1
11
11
2
3
27
1
2
1
1
2
4
3
43
8
7
3
23
13
1
1
47
1
4
3
71
3
7
1
25
3
5
1
60
2
3
1
71
3
6
3
71
5
5
1
23
1
2
3
61
7
2
3
33
21
7
1
61
1
1
2
13
2
6
2
68
4
3
2
36
5
2
3
66
2
2
2
2
1
2
1
30
10
3
2
18
1
1
2
67
1
5
1
35
2
7
1
10
6
6
3
7
1
6
2
22
3
4
1
34
7
5
2
25
2
3
2
37
3
3
2
23
3
1
1
5
1
1
3
45
4
1
1
26
1
5
3
7
3
2
3
35
6
7
1
66
1
1
1
41
1
2
2
7
1
1
1
16
7
5
3
13
6
3
3
37
4
5
1
41
3
7
1
68
2
2
3
29
18
5
1
18
12
1
2
18
4
4
3
15
13
3
3
10
7
7
2
30
2
7
3
13
9
7
3
1
4
7
3
15
10
5
1
2
6
4
2
10
2
5
2
2
3
1
3
38
7
5
3
42
2
1
2
47
2
7
2
53
2
4
1
6
1
2
3
55
11
6
1
15
2
5
1
53
2
1
1
45
2
4
2
67
2
2
3
26
12
2
2
14
3
5
3
27
15
7
1
13
3
5
3
36
3
5
3
45
7
5
2
52
3
1
2
66
2
3
1
53
1
5
3
22
5
6
2
5
2
5
3
25
5
4
2
44
4
2
1
35
4
1
1
4
6
2
2
41
1
1
3
37
10
1
3
8
8
5
3
52
2
5
3
34
7
7
2
42
3
2
1
14
5
6
3
66
8
1
2
12
1
1
3
10
6
6
3
34
8
4
2
71
3
4
