2
15
3
4
2
66
2
1
1
5
2
2
2
60
2
4
3
53
7
2
2
2
1
3
3
49
1
7
2
15
2
2
3
55
1
6
2
9
1
3
1
7
4
7
1
2
5
4
2
14
3
7
1
17
6
5
2
13
2
5
1
27
3
4
3
31
19
4
3
10
14
3
1
25
3
1
1
28
2
1
1
15
1
4
3
63
12
4
3
13
8
3
3
54
2
4
3
32
1
6
1
47
3
4
3
25
7
2
2
31
2
7
3
26
1
3
1
30
7
7
2
42
1
6
2
45
1
3
1
14
2
2
3
2
11
4
3
2
2
3
3
30
18
6
3
47
8
4
3
34
11
7
1
6
1
5
3
42
1
4
1
68
2
7
2
68
2
4
2
71
3
5
1
43
2
6
2
18
1
5
1
36
3
7
1
16
5
4
3
66
4
5
3
68
10
5
2
11
3
5
3
25
4
5
2
28
2
3
3
5
2
1
3
44
10
5
2
6
2
1
3
35
4
6
2
22
2
3
1
22
1
3
1
27
1
1
2
26
3
3
2
10
2
5
2
7
3
7
1
18
14
5
2
44
4
6
1
4
7
2
1
68
3
1
3
55
7
5
2
63
2
3
3
49
7
6
1
8
16
7
1
30
20
6
3
67
30
2
1
2
4
5
1
12
6
7
1
42
1
6
1
41
3
1
3
68
12
1
2
35
3
7
3
33
23
3
3
18
12
7
3
15
11
2
1
35
1
7
2
49
2
7
2
17
2
2
3
65
13
5
1
31
6
6
1
31
16
5
2
25
1
4
2
27
3
4
1
60
2
3
2
33
3
3
3
22
1
1
3
8
2
5
2
47
4
6
1
52
1
1
3
8
18
1
1
63
1
6
2
3
3
5
2
12
3
6
2
34
3
5
1
22
3
6
2
1
1
4
3
9
14
5
1
47
2
2
2
63
1
1
1
71
2
1
3
63
7
4
1
3
1
4
1
9
7
2
3
44
1
5
2
5
3
1
3
11
25
3
1
23
3
7
2
4
1
4
3
7
2
5
2
30
1
6
1
63
2
6
3
14
16
5
3
53
1
7
2
55
1
5
3
42
3
7
1
6
2
5
3
67
12
3
1
18
10
7
3
17
6
3
1
55
1
6
1
44
4
2
1
39
3
4
2
25
3
6
2
41
3
2
2
40
4
6
3
38
11
7
1
1
2
1
1
17
16
3
1
32
4
2
1
54
1
1
1
29
1
6
3
23
10
1
2
49
4
7
3
39
5
5
2
53
2
1
1
13
5
2
3
9
1
4
3
12
2
5
3
15
15
2
3
32
4
6
1
11
4
1
1
44
2
7
2
38
2
2
3
18
11
2
3
5
5
2
2
37
4
4
1
14
6
5
3
37
1
7
1
35
2
3
2
43
1
4
2
9
2
7
1
5
1
1
2
66
3
4
2
13
3
4
1
8
5
7
2
55
3
5
1
12
8
2
1
13
3
5
3
29
13
5
3
43
7
4
2
43
5
1
3
71
2
5
3
30
15
4
2
39
3
2
2
67
1
4
2
35
1
5
2
40
2
5
2
39
4
5
1
33
4
1
2
53
1
7
1
37
2
1
1
66
1
1
2
32
3
3
2
12
2
5
3
36
9
5
1
40
2
6
2
52
6
6
1
7
2
4
3
17
4
2
1
32
1
2
3
22
5
6
2
65
4
6
2
41
1
3
2
34
2
7
2
37
2
1
1
67
3
4
2
52
1
4
2
6
3
2
3
14
24
4
1
3
2
3
2
30
3
1
2
23
2
5
3
26
6
3
2
65
3
4
3
45
7
1
2
27
1
7
3
38
10
7
1
26
1
2
1
49
1
1
1
40
1
2
3
10
17
3
2
54
1
6
3
40
6
6
1
52
2
3
1
29
3
7
3
3
8
4
1
61
1
7
2
10
3
6
2
47
1
3
1
15
2
2
1
16
4
3
1
71
1
3
3
60
11
3
2
36
4
2
1
23
2
2
3
11
16
2
2
61
1
6
3
52
5
7
1
43
1
2
3
27
9
3
2
29
1
7
2
36
5
5
2
67
2
7
3
6
3
5
1
67
2
6
3
28
15
2
2
3
2
5
3
34
1
3
3
4
11
4
2
17
3
6
2
45
3
7
2
2
3
5
3
4
4
3
1
38
1
3
2
7
1
1
2
16
3
6
2
1
2
1
2
26
1
5
2
44
1
5
2
22
1
3
1
41
1
4
3
52
16
7
2
16
1
2
1
1
1
2
2
11
1
3
2
8
1
1
3
1
5
5
1
37
1
7
1
9
11
6
2
23
3
1
1
36
1
2
1
65
1
7
2
32
2
7
3
13
7
2
1
45
1
7
1
53
2
2
3
31
30
7
3
33
13
5
3
36
7
7
2
28
1
4
2
8
2
4
1
45
2
5
1
60
1
3
1
49
2
3
1
54
3
1
3
41
2
2
2
33
1
4
3
35
5
6
1
61
3
6
1
25
2
7
3
1
2
2
2
54
2
1
3
65
8
5
3
66
1
5
3
7
5
7
1
34
3
2
3
27
15
2
1
4
6
7
3
16
7
6
1
66
2
3
1
34
9
2
3
3
3
5
2
18
2
5
1
55
2
4
1
28
3
6
1
10
6
1
1
33
3
2
3
12
1
2
1
11
1
2
1
65
2
5
2
4
3
3
2
60
3
2
3
61
2
4
3
41
1
4
2
71
1
7
3
6
1
5
3
39
2
1
3
29
11
1
1
53
1
5
3
61
5
4
1
26
2
1
2
42
3
7
1
38
2
5
2
38
1
4
3
28
8
7
3
37
8
7
3
45
4
6
2
14
2
5
2
61
2
6
3
40
1
6
1
39
4
5
3
71
3
5
3
60
2
7
3
16
4
6
1
42
2
2
3
54
1
1
2
31
4
3
2
68
4
3
3
43
6
3
2
5
2
1
2
29
3
3
3
47
4
4
1
10
3
6
3
23
19
2
