3
5
5
7
3
31
12
4
2
54
2
2
2
49
4
4
2
55
3
7
2
38
1
3
2
36
2
5
3
16
6
7
2
14
3
3
1
29
2
3
2
15
3
5
2
54
1
3
1
10
5
4
2
34
3
3
3
66
2
3
2
66
3
7
2
10
2
5
2
66
1
5
2
42
2
5
1
55
2
6
3
30
5
2
1
28
2
1
2
11
1
7
3
34
2
7
3
22
8
7
2
8
2
4
3
23
17
7
3
66
5
6
1
34
8
5
3
68
6
4
2
18
3
3
3
63
4
4
2
45
4
2
2
53
3
5
1
34
4
7
2
5
2
4
1
53
2
5
3
28
7
3
1
44
3
6
1
68
3
6
3
8
3
4
3
42
2
7
1
66
3
6
1
22
1
7
3
41
3
7
3
55
6
2
3
37
3
1
2
7
3
1
2
71
2
2
1
54
3
2
2
68
4
7
1
25
2
4
1
71
2
5
2
61
3
2
3
3
10
4
2
45
2
7
1
11
10
7
2
9
1
3
2
37
3
7
1
44
1
4
3
43
5
1
2
32
2
4
3
34
3
6
1
40
2
3
3
11
7
3
2
44
5
1
3
6
1
3
2
55
2
4
1
12
9
7
2
35
1
6
1
65
2
7
3
61
10
1
1
52
1
4
3
10
21
7
1
27
3
5
2
7
2
3
2
43
3
1
1
17
6
2
2
67
2
7
1
30
19
4
1
12
18
6
2
11
2
6
3
54
2
1
3
65
19
2
3
27
10
4
1
60
1
7
2
30
3
5
1
55
1
3
3
29
17
3
2
47
1
5
1
49
1
1
1
61
2
3
3
45
4
5
3
17
6
2
3
31
24
6
3
30
19
5
3
12
4
1
2
29
1
6
3
36
4
1
3
47
9
1
2
41
3
3
2
9
2
1
3
7
3
6
3
12
3
2
3
28
1
7
2
60
4
1
2
41
4
5
3
45
7
3
2
4
3
1
3
39
1
3
1
22
3
4
3
1
7
4
2
1
3
3
3
4
24
6
2
60
1
6
2
53
1
2
2
17
2
2
3
39
4
5
2
47
4
2
1
15
1
7
3
4
3
7
3
6
4
5
1
39
3
1
2
2
2
1
2
22
3
7
2
14
2
2
1
41
2
2
3
61
4
3
1
4
2
4
1
42
2
4
1
54
1
4
1
36
3
4
1
32
4
5
2
40
1
2
2
33
1
7
3
32
4
1
3
43
7
5
3
68
12
1
1
45
1
1
2
34
1
4
2
22
1
5
1
28
3
6
1
33
5
5
1
38
2
5
2
17
3
4
3
15
9
5
1
6
2
4
3
44
5
7
3
49
8
5
2
16
3
7
3
2
2
2
1
68
2
1
3
27
5
1
1
47
1
3
1
14
18
1
3
40
3
4
2
33
3
1
2
4
2
7
2
39
2
2
2
28
2
5
3
5
2
7
1
17
12
3
1
4
7
2
1
52
2
6
1
9
11
2
2
32
4
1
2
13
1
7
3
53
7
7
1
27
2
3
2
65
2
4
2
12
2
3
1
14
5
5
3
10
8
3
3
2
6
4
1
53
1
4
3
3
4
2
3
26
3
1
1
36
2
6
1
18
7
2
1
66
2
2
1
35
2
3
1
1
2
7
1
41
3
2
1
67
2
6
3
60
13
1
3
67
2
4
3
16
5
3
2
52
4
1
3
25
9
1
3
7
2
5
3
44
8
3
1
6
1
4
1
35
1
6
1
71
1
1
1
31
13
2
2
23
2
4
2
6
1
3
3
41
4
7
2
40
4
7
2
25
2
5
2
26
4
5
1
2
7
2
3
38
2
3
1
45
2
5
1
26
1
4
2
63
3
7
2
65
1
6
1
49
2
3
2
36
1
3
3
33
9
2
2
37
4
5
3
14
7
6
1
13
9
6
1
43
2
6
1
37
2
7
1
39
1
3
1
2
3
2
1
47
3
4
1
7
2
1
1
29
1
5
3
38
3
5
2
68
3
2
3
49
6
2
3
55
14
7
1
61
3
7
2
3
2
5
3
67
30
5
2
30
1
5
1
3
11
7
3
15
3
2
3
14
19
7
3
47
5
2
1
43
3
6
2
31
2
7
1
5
1
5
1
1
3
2
1
8
5
1
3
11
5
4
1
15
5
3
3
36
13
6
1
18
10
6
2
39
1
7
1
23
3
7
3
33
8
2
2
42
4
1
3
18
9
5
2
63
1
6
3
17
2
4
1
37
1
7
2
44
2
1
3
13
9
6
1
10
6
1
1
65
1
5
1
32
5
4
2
23
3
7
1
5
2
6
1
31
11
2
1
63
1
5
2
49
1
2
3
29
18
4
3
22
10
5
1
23
2
2
3
65
16
1
2
27
2
3
1
42
1
7
2
16
2
1
2
10
1
1
1
40
3
1
3
23
4
3
3
42
1
2
2
2
1
2
1
13
7
5
2
3
1
4
3
1
3
2
2
12
3
6
3
25
4
1
1
11
8
2
2
1
2
4
3
8
5
6
1
3
5
5
1
67
1
1
3
26
7
1
2
61
1
6
3
54
1
2
1
38
3
3
1
63
2
1
2
35
3
7
2
13
3
2
1
33
1
3
1
16
1
4
2
28
1
4
3
60
8
2
3
9
2
2
1
30
12
7
2
29
2
1
2
18
4
7
2
27
1
6
2
43
5
4
2
8
3
2
3
71
2
6
3
13
8
1
1
9
8
6
2
31
5
6
2
52
7
3
1
7
9
6
3
32
11
4
2
25
1
1
2
67
1
3
3
18
22
2
3
35
7
5
3
52
9
7
1
16
4
2
2
15
1
6
3
53
3
2
3
35
2
1
2
26
3
2
3
71
4
1
3
9
20
2
3
40
5
2
3
37
4
7
2
6
2
7
1
25
1
1
2
71
1
1
1
26
2
1
3
52
11
3
1
8
3
2
2
5
1
4
2
38
2
2
3
63
12
1
1
60
2
3
