1
28
2
6
1
36
1
7
1
37
2
4
1
55
2
5
1
60
1
3
2
15
1
4
1
32
7
2
2
34
1
4
3
43
4
2
1
61
1
2
1
63
1
7
1
71
3
3
2
12
2
1
2
65
3
7
3
71
4
2
2
35
2
6
2
13
2
1
1
32
2
3
2
53
3
3
2
1
2
2
3
53
7
3
3
8
2
2
2
18
4
6
2
68
2
3
1
65
1
1
2
2
2
5
3
11
13
3
3
37
11
4
2
53
2
2
3
11
6
2
1
67
1
5
2
18
1
5
1
49
2
6
2
28
2
5
2
25
1
4
2
61
3
6
3
32
1
2
1
41
1
1
2
23
1
2
1
12
8
3
2
7
1
6
1
12
12
5
1
5
2
5
3
29
18
3
2
10
1
5
1
34
2
1
3
33
11
5
3
10
6
2
2
45
2
2
3
40
6
3
1
44
4
7
3
18
21
5
2
25
2
4
1
8
10
7
2
30
3
7
3
41
4
2
1
6
1
3
2
63
1
1
1
18
13
1
1
41
3
3
3
1
7
7
1
30
5
1
1
25
1
4
2
13
3
7
1
44
3
1
1
42
1
7
1
15
5
1
2
14
3
4
2
9
2
1
2
45
1
7
2
42
3
5
2
36
1
7
1
53
1
1
2
37
1
5
1
66
1
1
3
22
2
2
3
25
5
6
2
1
3
5
2
4
2
2
2
6
2
7
1
49
1
2
3
47
7
4
2
11
1
2
2
33
2
5
3
52
1
6
2
27
3
3
1
52
1
2
1
35
3
4
2
16
2
6
1
17
10
6
3
65
6
5
2
11
2
1
1
38
2
3
3
17
17
3
3
10
12
2
1
15
1
5
2
9
1
2
2
43
5
3
2
52
4
1
3
15
16
1
1
34
3
3
3
4
16
2
1
68
2
2
3
18
8
3
2
49
3
3
2
43
3
2
2
40
3
1
3
67
13
3
3
27
11
4
1
40
2
1
3
8
20
2
3
13
4
2
2
29
1
7
1
26
2
6
2
41
5
5
1
8
11
7
3
65
10
7
3
49
5
1
1
36
2
5
3
44
2
6
3
6
2
2
3
3
4
5
1
37
1
7
2
37
3
7
3
7
4
6
1
2
3
4
2
47
3
7
1
22
3
1
1
61
3
7
3
3
5
7
1
16
7
7
2
38
5
6
3
44
5
3
2
63
3
7
2
67
1
6
3
36
5
1
2
71
3
7
2
39
2
7
2
10
2
2
2
54
1
4
1
65
2
7
3
2
12
2
3
28
8
4
2
65
1
3
3
27
6
4
2
36
5
1
3
16
4
7
3
12
7
7
3
35
4
6
2
35
3
4
2
17
3
6
3
14
20
1
3
45
2
2
1
40
3
6
1
60
2
5
3
40
3
2
3
26
12
3
2
27
1
3
3
34
6
3
3
63
4
6
3
33
2
1
1
23
1
1
3
9
2
2
1
27
1
4
1
29
3
7
3
47
6
5
3
1
8
4
2
52
2
5
2
55
3
5
2
38
2
5
2
44
5
1
3
12
4
2
2
22
1
5
2
34
3
2
2
6
3
6
1
17
7
2
1
2
6
5
3
26
7
3
3
55
4
2
2
33
1
4
3
23
10
4
1
14
15
4
1
33
8
4
2
55
1
3
3
55
10
5
2
17
1
2
1
22
1
7
2
8
3
5
2
32
3
4
3
15
2
6
3
52
15
2
1
33
2
3
3
68
4
2
3
13
7
3
1
16
3
7
2
31
3
7
1
68
3
2
3
41
1
5
3
67
10
4
2
16
3
5
2
42
4
6
1
18
15
7
2
26
1
3
3
49
4
3
1
25
3
3
2
22
3
4
2
61
1
7
1
27
3
2
1
66
2
3
2
5
2
3
1
54
3
3
1
6
2
1
3
5
1
7
3
38
12
3
3
63
7
5
3
54
1
2
3
17
12
1
3
25
3
2
1
13
5
2
3
4
24
6
1
35
4
7
1
28
1
6
1
23
3
6
3
31
21
2
2
12
3
4
3
2
9
7
3
66
4
1
3
61
11
5
2
7
3
7
2
44
1
7
2
30
1
5
3
32
4
6
2
54
2
3
1
1
2
7
3
31
26
1
1
71
2
7
3
16
6
7
3
29
14
3
2
5
3
7
1
47
1
6
2
68
3
4
2
3
3
2
2
71
2
7
1
5
1
1
1
55
1
1
1
52
3
2
2
66
2
3
1
43
1
7
2
26
2
4
3
53
3
4
2
23
3
3
3
37
10
7
2
28
3
5
1
4
2
1
3
36
8
3
2
31
5
2
3
23
19
7
2
60
3
3
1
53
2
7
2
2
3
3
3
42
1
1
2
8
1
4
1
10
6
5
1
63
2
1
1
3
4
7
1
11
2
1
2
66
1
1
3
7
5
5
3
39
2
4
2
47
4
6
1
43
2
4
1
45
1
1
3
38
11
3
1
31
1
1
3
45
5
7
1
47
3
5
1
11
12
6
3
68
5
3
3
5
2
7
2
32
2
7
3
66
7
5
3
35
2
6
3
28
5
5
1
9
13
4
1
10
3
6
3
6
1
3
3
61
10
7
2
49
4
5
3
30
6
5
1
26
3
4
2
29
2
1
3
34
7
5
1
54
1
6
3
9
24
1
1
30
19
5
3
22
11
4
1
1
1
5
3
71
1
5
1
67
2
3
1
4
6
2
3
30
21
1
1
14
5
6
1
9
1
4
2
40
4
6
2
67
2
5
2
15
2
4
3
60
24
6
1
3
9
2
2
4
1
7
1
13
2
7
2
14
1
6
1
29
2
2
3
43
8
4
2
60
1
7
1
39
4
7
1
7
11
1
1
42
2
7
1
38
3
3
3
39
8
2
3
14
9
3
2
3
1
6
1
45
2
3
1
31
4
3
3
42
4
6
1
39
3
2
1
7
5
1
2
41
1
6
3
60
14
4
3
54
2
2
2
39
1
7
