2
33
3
5
2
39
1
2
3
15
9
5
2
31
5
4
1
23
1
7
3
53
6
6
1
43
1
3
2
12
1
7
3
25
1
7
3
54
1
2
1
3
5
2
1
41
2
7
3
8
20
5
1
68
2
7
2
35
2
1
3
55
3
4
3
18
5
3
1
5
2
4
3
27
7
7
1
66
3
4
3
26
10
4
2
40
2
5
2
14
1
2
2
27
3
2
1
29
1
1
2
34
1
3
1
52
2
4
3
28
14
7
2
22
3
1
1
9
1
1
1
53
2
4
2
28
3
6
3
32
6
5
1
28
2
2
2
38
3
5
1
44
1
3
1
22
2
6
2
11
2
6
1
44
2
2
3
1
6
5
1
40
2
4
3
11
8
3
2
68
1
1
2
17
2
6
2
37
3
5
3
30
25
3
2
45
3
4
1
52
1
2
1
45
2
3
2
22
2
4
2
6
3
4
1
31
10
3
1
4
1
3
2
18
4
7
1
6
1
5
2
61
2
1
2
49
3
5
2
47
4
2
3
43
2
7
2
39
2
5
1
10
7
2
2
47
1
6
1
65
2
2
3
27
8
2
2
6
2
5
1
49
1
3
2
66
2
6
3
7
4
5
1
61
1
1
3
32
12
7
2
40
1
3
3
54
2
5
3
7
1
7
3
34
3
2
1
8
17
5
1
32
3
5
2
55
1
7
2
10
2
5
1
3
6
4
2
71
3
7
1
16
6
3
2
1
3
6
3
38
5
4
1
30
4
6
3
55
1
1
1
60
1
4
1
26
3
4
1
34
1
7
3
52
12
4
2
5
2
2
2
7
2
3
2
42
2
6
3
5
2
1
2
32
1
5
1
53
1
3
1
37
2
6
1
1
2
6
3
42
2
6
3
36
14
1
2
37
2
2
1
35
4
6
2
2
3
3
1
27
2
5
1
4
2
6
2
29
3
2
2
26
2
1
3
13
7
5
3
5
5
5
1
12
15
3
3
35
8
3
1
36
3
2
3
12
6
4
3
52
17
7
1
61
2
1
1
6
2
1
3
39
9
5
2
61
3
2
3
2
10
2
3
2
3
4
3
31
1
7
1
43
3
5
2
30
1
7
3
53
1
4
1
35
1
6
1
11
1
6
2
43
1
7
1
25
1
4
1
33
5
1
3
11
15
5
2
26
3
2
1
31
16
4
3
41
2
1
3
36
7
1
3
43
3
1
3
25
4
6
1
38
1
4
2
54
1
7
2
44
3
2
2
49
1
3
2
71
2
4
2
65
2
3
3
22
7
5
2
53
3
5
3
4
21
2
2
1
2
2
2
25
3
7
3
42
1
3
2
35
1
3
2
10
1
5
2
41
2
6
3
66
1
2
1
2
4
5
1
28
1
3
2
52
5
3
2
43
3
7
1
15
4
2
2
16
3
2
1
40
3
6
3
17
10
7
1
7
5
5
3
10
25
6
1
8
12
1
2
68
3
7
3
9
20
2
3
37
10
7
1
1
3
6
1
7
3
2
2
3
3
5
3
6
4
3
2
3
2
3
1
54
3
3
3
33
6
6
1
17
6
5
1
38
2
5
3
23
10
5
1
49
2
4
1
11
9
3
3
31
16
6
1
10
2
1
1
34
4
4
1
42
1
4
1
29
2
3
2
63
2
5
2
42
4
1
3
44
2
7
3
6
3
4
3
1
3
5
1
41
1
7
1
14
15
6
1
67
2
5
3
3
1
1
1
55
2
2
2
8
2
5
1
55
1
7
2
36
3
4
2
9
2
2
3
26
8
7
3
66
6
6
2
27
1
3
2
38
5
3
1
60
2
6
2
16
1
2
1
16
7
7
3
47
9
5
1
12
17
4
1
18
1
2
3
33
11
6
3
10
1
3
1
18
12
6
2
45
4
3
1
47
2
3
3
40
6
1
2
65
3
6
2
7
3
6
3
28
9
2
1
15
2
7
3
23
18
5
1
9
6
3
2
54
2
6
1
30
8
7
2
2
2
2
3
45
2
2
3
13
3
6
1
36
1
6
3
17
6
3
3
16
8
5
1
54
1
6
2
23
2
5
2
60
2
3
1
2
6
3
2
67
2
6
2
13
3
3
1
5
1
2
1
27
3
5
3
47
3
2
3
61
3
4
2
4
2
7
1
66
2
7
3
63
10
5
1
23
2
6
1
68
1
7
3
41
4
6
3
34
7
7
3
18
8
3
1
13
2
6
1
42
2
2
2
29
2
3
3
44
7
1
2
32
2
5
3
39
6
5
3
49
1
3
2
67
1
6
2
36
5
4
2
17
3
7
1
39
4
5
1
65
1
2
3
4
27
7
3
16
4
5
3
37
3
4
3
14
10
2
2
66
1
3
1
13
1
6
1
26
1
6
1
45
1
7
3
60
15
3
2
23
3
3
3
12
5
4
2
9
3
6
1
63
2
3
2
15
1
7
2
34
2
6
1
71
2
7
2
28
1
3
2
63
3
7
1
33
4
3
3
67
28
6
3
3
7
1
2
13
1
6
2
55
3
6
1
39
3
7
2
5
1
7
2
53
1
4
2
44
2
3
3
67
29
5
3
45
5
4
3
65
10
1
3
71
4
2
2
4
1
5
3
63
4
4
3
68
3
4
3
8
10
1
3
38
4
1
3
14
3
4
3
22
6
6
2
8
1
6
2
31
2
7
1
37
1
6
3
60
13
4
1
63
1
5
1
47
1
2
1
14
3
5
3
49
8
3
1
32
5
3
3
71
2
2
1
71
3
4
3
9
16
3
2
11
3
7
3
61
9
1
2
33
2
2
2
60
1
1
2
52
1
4
3
35
6
5
3
30
21
6
3
29
5
1
2
15
3
4
1
67
3
5
2
30
5
2
3
15
10
5
3
40
5
7
3
29
2
7
3
68
13
2
2
12
2
7
2
14
3
1
2
25
2
6
3
65
1
6
2
18
1
6
2
41
1
3
1
17
5
2
1
25
2
5
1
22
3
4
