2
23
1
1
2
33
2
5
2
38
1
4
1
33
3
2
3
35
2
5
1
12
17
5
3
15
13
7
2
49
2
2
2
18
2
5
2
11
1
4
2
66
3
6
2
49
3
7
3
22
12
2
2
40
4
7
3
60
27
3
2
55
1
2
1
6
1
3
1
31
4
4
3
10
24
4
2
30
1
7
2
12
3
1
2
55
3
2
2
25
2
4
1
67
2
1
3
33
1
1
2
4
2
5
3
14
3
3
1
13
8
2
2
14
2
3
3
13
5
6
3
15
10
3
2
3
3
7
2
16
2
1
3
1
9
1
3
38
10
3
1
41
1
5
2
15
3
4
1
27
2
2
3
14
4
4
3
30
21
6
2
8
1
4
3
39
7
4
2
8
3
3
2
43
5
7
1
5
1
2
1
6
2
1
1
68
1
5
2
71
1
5
3
52
12
1
2
42
3
2
1
3
2
1
1
43
1
6
1
54
1
6
1
54
3
7
3
27
1
1
1
16
1
2
3
42
3
6
3
65
8
6
3
10
19
7
2
63
3
6
2
3
2
7
2
36
3
4
1
34
10
2
1
66
3
3
1
9
14
6
1
22
2
6
2
18
4
1
2
39
4
2
2
34
2
2
3
28
5
4
1
36
1
4
3
47
7
4
1
10
5
5
2
53
1
2
1
7
7
6
1
3
4
6
1
8
15
6
2
28
2
1
1
23
1
2
1
71
2
2
1
26
2
7
1
18
15
6
3
2
1
4
2
10
2
5
3
25
9
3
1
25
1
5
2
68
2
4
2
66
1
6
2
13
1
4
3
11
14
5
1
5
2
3
3
4
24
2
3
55
10
1
1
40
1
7
1
15
5
6
2
61
1
3
2
32
1
6
1
53
1
3
1
4
2
6
3
18
14
7
1
32
7
1
2
53
3
6
3
35
8
1
3
53
2
5
2
63
1
6
3
40
4
4
1
52
3
2
2
60
4
7
2
61
3
2
1
37
2
5
3
16
4
5
1
65
2
3
3
54
2
7
3
22
5
5
2
40
1
6
1
71
3
4
2
1
2
1
2
27
3
5
2
52
1
2
2
9
1
1
2
26
1
3
3
12
2
6
2
27
1
7
1
16
2
5
2
15
2
7
2
31
2
3
2
67
2
4
1
28
2
6
1
37
1
1
3
29
17
7
2
31
4
5
3
43
1
6
2
1
1
5
3
65
10
1
3
9
15
2
3
12
5
5
2
2
2
7
3
33
12
2
1
8
11
3
3
27
4
3
2
9
2
5
1
11
9
4
3
36
8
2
2
41
1
3
1
29
3
4
3
68
1
2
2
45
1
2
1
67
3
2
1
35
4
4
1
31
3
7
2
23
3
1
1
18
14
1
3
28
6
2
1
36
3
4
1
60
2
3
3
67
7
3
1
17
1
4
3
34
1
4
1
2
2
5
3
66
1
4
2
7
3
7
2
16
1
1
1
26
3
5
1
23
3
6
3
63
4
6
3
41
1
7
2
22
2
3
3
49
6
3
2
47
3
2
2
37
2
7
2
67
1
5
1
47
3
5
1
66
1
4
2
39
2
2
1
65
1
2
3
5
5
5
1
33
4
3
3
36
6
7
2
34
1
5
3
25
5
1
3
26
6
5
2
11
2
2
2
60
1
3
3
41
2
4
3
55
9
7
3
71
1
4
1
1
1
1
2
30
3
7
3
7
5
1
3
68
5
4
2
35
3
6
1
17
3
4
1
42
2
5
3
34
3
5
1
47
2
1
2
29
3
1
1
7
5
2
3
32
9
3
3
6
6
6
3
61
8
2
2
29
2
4
3
38
6
1
2
6
2
6
3
30
14
3
1
11
5
4
1
44
2
3
3
11
16
6
3
7
1
4
1
68
3
5
1
38
2
4
3
39
3
4
1
45
1
1
1
9
9
3
1
13
3
6
2
6
1
5
3
3
5
4
2
54
1
4
2
13
2
4
2
37
3
2
2
52
6
7
3
45
4
7
2
36
1
4
2
42
1
2
1
25
3
2
3
43
8
3
2
22
1
7
2
35
2
2
3
71
4
7
1
39
4
5
1
14
18
7
1
40
2
2
3
26
7
4
1
52
1
5
2
71
3
5
3
44
8
5
3
9
24
3
2
10
1
2
3
29
19
3
1
55
2
6
3
23
5
7
3
18
25
5
2
32
3
3
2
65
4
6
1
63
2
3
2
5
2
4
1
44
1
4
3
53
5
3
1
1
3
1
2
45
4
2
3
31
15
7
3
23
8
2
2
68
4
2
3
17
16
2
3
4
13
4
3
2
10
2
3
42
1
6
3
37
8
6
3
47
3
6
3
45
5
7
1
42
1
7
1
28
3
5
3
67
34
5
1
4
8
3
2
17
1
6
1
41
2
6
2
44
1
5
1
60
1
2
1
29
2
3
1
30
11
1
2
28
3
6
3
63
3
1
2
17
2
7
3
52
18
3
3
66
4
5
1
38
1
5
1
55
1
5
1
15
4
1
1
63
1
2
1
49
2
7
3
1
1
2
3
17
10
5
3
3
4
5
3
60
6
5
3
49
4
1
2
12
1
4
1
53
2
6
1
10
2
3
3
31
13
2
3
5
3
4
2
2
1
1
1
35
3
1
3
44
2
5
3
13
1
4
1
32
2
2
2
65
2
2
1
27
3
7
1
61
3
2
2
38
2
6
3
6
2
4
2
54
2
6
1
22
1
7
3
37
5
5
1
12
6
4
2
4
3
2
2
33
3
6
2
5
1
7
2
47
4
2
1
45
2
7
1
14
15
7
1
49
1
5
1
2
5
5
2
43
4
6
1
61
1
7
3
32
4
2
2
41
4
3
1
34
8
3
3
40
2
5
1
39
1
2
2
14
3
5
2
7
1
3
3
8
4
3
1
30
10
6
1
43
2
1
2
26
2
5
3
61
4
4
2
25
3
2
3
16
6
3
3
54
1
7
2
44
5
2
3
8
14
7
