2
22
1
6
3
10
21
6
1
2
7
1
2
32
1
7
1
34
2
5
3
52
7
5
1
71
2
6
1
67
2
1
2
33
3
4
3
36
12
4
2
53
3
2
2
29
2
1
3
10
3
1
1
4
7
7
2
3
1
1
2
14
2
7
2
14
3
7
1
1
3
1
1
52
3
3
2
45
2
2
3
34
3
5
1
34
10
1
3
40
2
7
2
27
3
3
1
53
2
6
3
61
5
4
1
29
3
5
3
8
2
3
3
38
8
4
2
68
2
3
1
45
2
5
3
3
10
2
2
39
1
3
1
14
18
4
1
28
3
7
3
63
8
1
2
34
1
4
2
4
1
3
1
40
3
1
3
25
7
2
3
23
13
6
1
31
4
7
2
40
3
2
2
6
2
2
1
41
3
4
1
32
4
7
2
26
1
2
1
12
12
6
2
63
1
5
2
60
3
4
1
3
5
2
1
35
2
6
2
37
3
2
2
38
5
1
1
38
1
5
3
15
8
5
2
3
2
7
1
26
1
3
3
29
11
4
3
36
8
6
2
35
1
2
3
65
3
4
1
32
6
7
3
63
13
6
3
13
2
2
1
43
1
6
1
29
1
5
2
12
1
1
3
55
12
1
3
44
6
6
1
5
2
1
2
43
1
7
1
13
5
1
1
17
9
6
2
33
2
3
3
23
19
6
2
68
3
2
1
63
1
7
1
12
7
3
3
60
9
7
1
60
2
4
2
4
2
4
3
67
29
7
2
6
3
6
2
49
3
2
1
5
1
3
1
36
3
2
3
43
7
2
1
45
1
1
3
39
2
1
3
4
5
2
1
33
5
7
1
42
1
1
2
5
3
7
2
30
4
1
2
9
1
7
2
42
4
1
1
17
16
4
3
68
17
5
1
2
5
6
3
5
5
5
1
9
5
6
2
71
2
5
2
55
1
4
2
16
2
4
1
44
4
7
1
8
9
6
2
52
4
6
2
2
2
4
3
9
19
5
2
49
4
4
1
68
1
5
2
52
1
2
3
44
9
5
2
41
5
2
2
55
2
3
1
8
13
7
2
44
2
4
1
55
1
3
3
39
8
4
1
27
3
7
2
27
1
3
1
22
2
3
2
11
1
1
1
49
1
3
3
61
11
4
3
27
8
7
1
3
10
3
3
35
4
2
2
32
3
1
1
10
2
2
2
61
3
6
3
7
5
1
3
71
5
4
3
14
6
5
2
65
1
3
1
1
1
7
2
23
2
6
2
38
4
7
3
1
10
1
3
25
5
6
2
7
3
5
1
4
3
4
3
12
3
2
2
67
1
3
1
47
3
7
2
17
2
7
1
18
6
2
1
55
2
7
3
33
18
6
2
10
2
5
3
6
2
3
3
26
6
2
1
66
2
6
3
49
2
7
2
13
2
5
3
16
7
1
2
25
1
7
2
13
1
4
2
18
1
5
3
53
3
6
2
8
1
4
3
35
7
5
3
53
7
6
1
10
5
4
2
40
1
3
2
65
3
6
2
47
2
6
1
41
1
1
3
6
6
3
3
4
25
1
1
42
2
5
2
29
3
4
2
36
4
7
1
39
2
2
3
66
6
6
3
17
5
4
2
23
3
2
2
71
1
3
2
15
3
6
2
17
1
6
2
67
2
6
1
11
8
1
3
12
2
4
1
15
3
6
3
26
11
2
3
42
4
3
1
23
3
6
2
26
3
7
1
31
16
4
1
37
2
7
3
71
3
6
3
30
2
5
3
11
15
1
3
54
2
5
1
7
4
3
3
66
8
3
2
61
1
3
2
31
1
1
2
31
5
2
3
2
6
6
3
45
1
6
1
15
5
7
3
60
18
3
2
66
1
5
1
53
1
4
2
9
2
1
2
28
3
1
1
6
1
4
2
39
3
4
3
3
8
5
2
35
2
4
1
18
4
3
3
41
3
2
3
34
9
6
1
49
2
7
3
31
15
6
2
2
3
7
3
8
12
5
3
65
16
1
3
16
5
3
1
16
1
3
2
15
2
4
3
17
10
6
1
30
20
5
1
67
3
1
3
54
1
2
1
14
14
5
1
36
2
6
1
43
2
1
1
63
2
3
3
32
8
2
1
28
2
4
1
6
2
7
1
7
5
6
3
37
6
4
3
49
3
3
2
54
2
6
2
45
1
4
1
40
2
7
3
22
1
3
3
31
6
6
1
25
3
3
3
22
10
2
1
30
13
2
1
22
3
5
1
33
2
5
3
14
19
6
2
25
2
5
3
18
17
5
3
47
5
1
1
9
6
6
3
41
1
1
3
40
4
1
3
43
4
4
2
34
2
7
1
65
1
7
1
26
2
6
3
1
5
2
3
32
3
4
2
18
3
4
2
36
5
5
2
37
2
6
1
13
4
3
2
16
1
3
3
55
15
4
1
54
1
1
2
63
2
6
3
7
2
1
3
15
11
3
3
37
9
4
1
54
2
6
2
22
2
7
1
23
2
2
3
18
14
4
3
11
2
1
3
38
1
3
1
39
1
5
1
35
1
7
2
12
3
7
3
47
8
3
3
45
5
4
2
30
1
1
1
16
6
1
2
54
1
1
3
29
2
3
1
27
1
6
1
44
3
6
1
38
2
5
3
2
5
7
3
27
13
1
2
66
3
3
2
42
3
5
3
67
17
6
2
1
3
5
3
52
5
7
3
33
24
4
3
13
7
4
1
61
1
4
3
30
14
1
3
68
6
2
1
47
2
4
2
7
2
7
1
37
1
2
3
28
3
5
3
5
4
6
1
61
3
3
1
60
1
6
2
60
1
3
1
25
1
2
2
8
2
1
2
44
3
7
2
53
1
1
3
9
3
4
2
28
2
7
1
11
9
1
2
43
2
7
2
11
3
2
1
52
1
3
3
28
5
4
3
42
2
5
1
65
2
6
1
66
3
1
1
68
2
2
1
71
3
2
2
5
1
2
2
1
1
4
2
10
1
4
2
47
4
4
2
41
3
1
