1
13
1
7
1
4
7
6
2
7
1
7
1
68
1
7
1
49
1
5
2
40
3
4
1
52
3
3
3
39
8
2
3
28
15
2
1
63
2
3
3
5
1
4
3
13
8
1
1
61
3
6
3
38
5
2
2
47
3
5
2
52
3
3
2
29
3
6
3
63
12
6
2
3
3
1
1
55
2
2
1
43
3
2
3
15
7
5
3
7
2
7
2
42
3
7
2
15
3
4
2
27
1
4
2
61
1
5
2
8
3
4
1
13
4
1
1
5
2
4
2
39
4
7
1
22
1
7
1
8
15
2
1
66
2
6
3
10
7
2
1
4
8
5
1
2
7
4
1
15
4
4
2
68
3
1
1
22
3
1
1
41
1
2
1
68
3
6
3
55
2
7
1
10
1
3
2
45
1
1
2
18
1
4
3
9
9
4
2
23
2
2
3
18
2
2
3
6
4
3
2
36
1
6
1
26
2
3
3
22
5
1
2
40
1
2
2
1
3
4
1
39
3
5
2
41
3
2
1
10
7
2
1
12
16
2
1
17
11
7
1
9
13
7
3
31
20
3
1
36
3
5
3
30
5
7
3
66
7
4
1
11
10
1
3
23
6
1
2
31
4
5
1
44
4
4
3
1
10
4
2
1
1
6
2
68
2
1
2
26
2
5
1
25
3
4
2
54
1
7
3
25
8
1
3
60
9
4
2
22
1
6
2
71
2
1
1
54
1
6
1
67
3
7
1
16
1
4
1
1
1
1
3
68
5
4
3
32
11
6
3
29
7
5
2
42
2
1
2
67
1
4
3
49
7
4
2
4
2
5
1
7
9
4
3
6
3
6
3
60
20
7
2
49
1
4
2
18
3
5
1
18
1
6
3
29
19
3
3
41
2
3
1
3
11
4
3
61
10
5
1
47
2
5
2
10
3
4
3
11
19
5
2
13
1
4
3
42
3
3
3
63
4
5
3
7
1
7
3
35
8
2
1
27
2
7
3
27
13
6
2
11
3
6
2
17
2
7
2
54
2
7
2
9
2
1
1
63
1
3
3
38
2
6
1
33
3
6
1
30
2
2
1
43
2
5
1
11
6
6
1
71
1
2
3
31
30
5
1
14
21
7
2
5
2
5
2
44
3
3
1
18
5
4
3
10
22
3
3
54
1
1
2
37
4
2
2
60
4
2
1
39
4
7
3
37
2
3
1
38
2
4
2
12
2
5
2
25
1
2
3
4
19
6
2
35
2
1
1
31
16
5
3
65
13
5
3
37
4
1
1
65
1
3
1
45
2
4
3
67
16
2
2
49
2
4
1
32
6
6
1
36
2
6
3
26
2
2
3
17
3
2
2
35
3
7
3
41
3
1
2
28
1
6
2
31
2
4
2
6
2
7
3
4
24
1
2
39
2
2
1
5
1
1
3
36
10
7
2
5
3
3
3
5
3
4
1
15
5
3
3
33
1
6
3
47
6
2
2
38
3
5
1
61
1
2
2
8
2
4
2
67
2
7
2
30
5
7
1
53
1
7
2
53
3
5
1
32
5
3
1
34
6
1
1
38
1
6
2
16
1
5
1
16
3
7
3
16
5
4
1
2
2
1
3
54
2
2
1
45
1
2
1
28
1
4
3
35
1
3
2
41
4
5
3
15
5
7
1
29
3
1
1
53
2
7
1
25
2
7
3
42
2
7
3
45
2
3
1
27
3
1
2
15
2
1
1
35
4
4
2
7
2
5
3
3
4
1
1
17
7
3
2
38
4
6
3
67
30
1
3
23
1
5
2
45
4
6
3
32
2
2
3
44
6
2
1
55
1
2
2
52
6
7
1
65
2
6
2
61
2
3
1
47
3
5
2
29
1
7
1
29
1
3
3
52
6
7
3
13
7
5
3
30
27
7
3
39
9
3
3
40
4
7
1
60
2
2
1
49
2
4
3
12
3
4
2
9
1
6
2
65
2
1
1
42
2
5
3
43
7
6
3
71
1
6
2
17
3
2
1
9
8
1
3
22
9
2
3
14
4
4
1
26
3
1
2
34
1
1
1
23
1
4
1
40
1
6
1
30
11
6
1
71
2
7
3
61
2
7
1
35
3
2
3
14
6
2
1
60
1
7
3
8
15
1
2
3
2
2
1
37
1
6
2
34
3
3
2
66
2
4
1
33
8
3
2
16
3
5
1
1
3
1
2
63
3
4
2
33
2
3
1
6
1
2
1
6
2
2
2
14
3
1
1
41
3
1
2
26
3
4
2
2
3
2
2
55
3
1
3
2
12
2
3
68
1
6
3
3
3
5
1
54
2
2
2
60
1
1
2
22
3
2
2
11
1
1
3
65
6
2
2
23
1
6
2
33
1
2
3
34
9
5
3
8
16
7
3
26
7
1
1
67
1
3
3
9
4
7
2
27
2
4
2
43
2
5
2
71
3
3
3
43
1
5
2
13
2
1
2
10
2
3
2
36
2
7
2
6
3
5
2
43
5
5
3
17
11
7
2
53
2
4
3
40
6
7
3
36
4
1
1
31
15
3
3
53
5
2
3
18
16
6
2
32
4
4
2
55
2
3
3
44
9
5
2
44
2
2
1
52
1
3
2
25
2
4
2
2
1
6
2
14
1
7
2
32
2
4
1
66
1
4
3
53
8
7
1
23
2
3
3
66
4
7
1
28
2
6
3
45
5
4
3
2
5
6
2
63
1
2
3
55
1
1
2
28
3
6
3
12
1
7
2
47
4
1
1
44
2
7
2
12
1
4
1
3
8
7
3
34
11
6
3
71
4
3
1
42
1
5
1
40
3
6
3
16
1
3
1
37
2
2
2
30
4
7
3
49
5
4
3
33
22
7
3
27
2
7
1
34
11
3
2
4
1
2
1
8
16
6
3
1
5
2
2
65
4
5
3
25
3
1
1
12
8
6
3
52
13
5
1
7
10
5
2
37
1
4
1
14
15
3
3
28
14
7
2
66
3
5
3
11
5
4
3
47
1
3
