2
13
2
6
1
7
9
7
1
13
2
2
1
67
3
6
2
39
1
1
2
2
2
7
3
29
12
7
2
23
2
7
1
38
3
3
2
11
1
1
3
26
10
2
2
30
1
1
2
25
2
2
3
49
6
5
1
1
2
3
3
65
18
3
1
55
2
7
1
39
1
6
1
47
1
4
2
38
2
6
2
42
3
6
3
65
2
7
1
16
7
6
2
5
2
1
1
40
2
5
2
2
3
7
1
29
2
1
3
14
25
5
1
53
1
5
1
9
11
4
2
43
3
3
2
3
1
1
1
14
22
3
1
27
2
3
1
66
2
7
1
4
5
1
3
71
3
5
3
3
8
3
3
30
10
2
2
34
3
5
1
3
2
3
1
67
2
2
1
14
9
4
3
43
4
6
3
18
7
6
1
25
3
6
3
10
17
7
1
68
1
2
1
42
2
7
2
36
5
6
3
34
9
4
3
2
3
3
2
49
4
5
2
42
1
4
1
55
1
6
2
26
2
2
3
63
6
7
1
49
2
2
1
17
8
5
1
38
2
1
3
54
1
6
1
8
12
3
1
10
6
5
1
22
2
6
3
68
6
3
1
54
3
2
2
33
3
4
1
30
6
7
1
10
8
3
1
65
1
2
2
38
5
3
2
35
1
1
3
38
2
1
3
41
1
4
2
43
2
2
1
29
3
4
1
13
3
2
1
41
2
2
3
16
8
6
3
44
9
4
3
32
12
6
3
2
11
7
2
67
2
2
1
36
1
7
3
55
3
3
3
45
3
5
3
11
24
1
2
6
3
7
2
16
2
2
3
12
3
7
1
2
7
5
1
2
3
2
1
37
2
2
2
18
4
5
1
35
4
7
2
18
1
4
2
60
2
1
2
9
3
6
1
52
1
3
3
53
7
7
3
31
30
2
3
13
9
5
3
1
6
7
1
42
1
3
3
31
2
1
3
39
6
2
2
68
4
3
2
14
3
6
3
6
6
5
2
44
1
4
1
44
3
7
1
65
2
7
1
4
1
6
1
54
2
5
1
5
1
3
2
31
3
1
2
10
1
7
1
52
3
5
1
31
4
4
3
11
13
4
1
6
2
6
1
66
3
5
3
10
11
1
2
63
1
6
1
39
4
2
2
52
5
7
3
9
19
6
2
3
3
3
2
45
1
3
1
37
1
4
2
55
1
3
1
6
1
5
2
15
2
3
2
40
3
1
2
1
1
7
3
41
3
5
2
37
4
5
1
61
3
1
1
33
7
1
2
6
1
3
1
68
3
7
3
35
8
6
3
25
2
3
3
5
1
7
3
23
18
1
1
3
5
2
3
9
5
1
3
14
24
3
1
27
1
1
2
61
1
5
3
53
6
2
3
7
1
1
2
4
3
5
3
22
5
2
3
32
6
2
2
65
4
4
2
55
2
4
3
25
1
2
3
55
4
7
1
12
7
4
3
67
16
1
1
35
2
1
3
8
2
2
1
34
4
4
2
30
5
3
3
6
3
4
3
15
13
4
2
12
3
3
3
17
6
1
3
26
6
3
1
30
9
7
3
4
17
5
1
31
11
3
2
15
1
7
2
45
2
6
2
23
3
2
1
15
1
3
2
12
2
3
1
26
2
4
3
60
10
7
2
39
2
4
1
7
6
5
1
71
3
5
2
26
3
3
2
40
1
6
2
7
2
3
3
36
9
2
2
5
1
2
3
5
4
7
1
23
2
1
2
32
4
4
2
29
1
1
2
49
3
7
1
15
5
6
3
68
15
6
1
22
3
2
3
36
5
6
2
61
2
6
3
66
7
3
2
63
2
1
3
60
32
7
1
43
1
4
3
30
7
1
1
45
2
2
2
13
3
6
2
54
2
7
3
12
7
5
2
65
1
2
2
52
6
6
2
25
3
1
3
67
7
4
2
44
5
3
2
4
2
2
3
66
1
1
3
33
7
4
1
44
2
6
1
63
1
3
1
8
4
3
3
27
5
7
3
52
9
5
2
29
3
5
1
43
2
7
1
26
3
5
1
11
9
2
2
53
3
4
2
28
1
7
2
35
3
4
3
37
10
4
2
66
3
7
2
22
1
2
3
23
8
3
3
43
7
3
3
34
1
6
1
61
1
4
1
32
7
7
2
32
2
5
1
9
10
1
2
53
1
6
2
47
3
1
3
47
9
6
3
7
2
6
3
49
3
5
1
41
3
7
2
14
1
5
3
27
3
6
3
17
12
3
3
45
2
2
3
37
2
7
1
53
2
7
3
33
12
4
1
33
6
6
3
15
2
4
3
42
2
6
3
47
6
1
1
36
3
3
3
35
3
1
1
71
2
4
2
8
1
1
2
47
2
4
1
47
3
3
2
67
1
1
3
63
1
6
2
60
3
1
2
28
3
6
1
12
3
5
2
54
1
6
2
37
3
6
3
28
6
3
2
41
2
6
2
33
2
7
1
17
12
5
1
60
2
3
3
18
4
3
3
54
2
5
1
18
7
1
3
1
2
1
2
71
2
6
2
8
3
7
1
49
1
3
3
8
20
4
3
52
14
4
1
34
7
6
3
44
6
5
3
29
14
3
2
66
1
4
3
28
2
3
1
25
2
6
2
68
2
4
2
9
2
2
3
39
1
7
1
40
3
4
2
34
1
7
3
42
4
6
2
10
2
2
1
5
2
6
3
13
6
3
1
45
1
2
2
36
4
6
2
17
2
3
3
4
28
6
3
22
7
5
3
40
6
7
2
71
3
5
2
31
1
4
1
1
3
4
2
11
2
2
1
63
2
3
1
32
5
4
2
22
2
1
1
60
1
6
1
18
9
1
3
3
5
3
2
1
3
6
2
16
1
1
3
16
4
6
3
71
5
4
2
41
3
2
2
27
1
2
1
11
1
5
1
23
1
6
3
61
1
7
2
7
1
4
3
38
5
4
1
28
1
6
1
16
3
2
3
61
6
2
3
40
5
4
1
28
2
2
2
27
3
4
2
17
3
4
