3
2
12
6
1
4
8
7
1
15
3
6
2
35
3
3
1
3
8
6
3
26
11
3
3
3
6
1
3
29
14
3
1
18
6
5
1
71
3
4
3
22
12
3
3
63
10
7
2
10
3
5
3
68
6
6
2
30
2
4
1
22
3
3
3
54
2
7
2
12
3
4
1
8
17
3
1
14
17
1
1
66
2
4
1
2
4
3
3
17
4
7
1
36
1
3
3
35
6
6
3
10
17
1
1
6
1
2
3
47
5
6
2
52
1
5
3
45
4
3
3
71
3
3
1
41
3
3
1
27
1
5
2
6
1
4
3
25
4
1
2
67
1
7
2
26
2
7
3
1
1
2
3
52
14
2
3
52
5
5
1
43
1
2
2
7
2
4
1
47
3
6
2
40
2
2
1
42
1
2
1
17
3
7
3
27
2
6
3
5
5
2
2
26
4
1
2
41
3
3
3
4
6
2
2
34
1
7
1
15
2
1
3
18
11
1
3
4
24
6
1
17
9
2
3
39
5
7
1
6
2
7
3
61
9
1
3
40
4
6
3
53
3
7
3
27
1
5
1
37
2
1
2
7
1
7
2
14
1
4
3
36
14
7
1
49
1
3
3
67
15
5
2
1
1
7
3
40
2
4
1
39
3
4
2
53
2
4
3
45
1
6
2
25
1
3
3
23
19
6
1
45
2
2
1
68
1
2
3
14
8
1
1
55
1
5
3
54
1
6
3
8
7
4
1
35
4
1
2
30
1
6
2
54
2
7
2
47
2
1
2
42
3
7
2
44
1
3
1
49
2
3
1
9
12
2
3
22
1
3
3
39
3
7
3
14
18
5
3
17
8
4
1
61
2
2
2
13
1
3
1
32
6
2
3
53
4
4
1
25
3
4
3
30
15
1
1
31
11
6
1
34
5
4
2
42
4
5
2
55
2
4
1
63
2
3
2
5
2
2
3
42
1
6
3
32
3
7
1
34
9
6
3
13
6
7
1
30
16
1
2
8
3
4
1
42
2
1
1
5
2
5
3
34
1
3
3
63
9
1
1
41
2
4
1
23
3
3
2
60
2
2
2
65
3
5
2
37
3
3
2
22
2
1
2
5
3
6
1
26
3
7
1
1
1
1
1
14
20
6
3
7
1
3
2
66
1
3
3
12
4
7
1
40
1
5
1
38
1
2
2
45
3
7
2
71
3
5
2
16
1
1
3
18
2
3
2
65
2
3
2
4
1
6
1
28
2
4
1
18
12
4
3
7
5
3
3
32
2
3
1
43
2
5
3
55
5
2
2
40
3
5
1
7
10
1
3
66
7
3
1
35
1
7
1
60
2
4
2
29
2
7
1
7
1
4
2
23
1
5
3
6
4
6
3
42
2
2
3
6
1
5
3
60
16
3
2
29
3
4
3
2
9
1
2
61
1
4
1
31
3
5
2
33
3
7
1
67
1
3
3
71
4
7
3
34
3
1
2
68
3
1
2
67
2
3
3
43
4
3
3
41
4
2
1
10
1
6
2
18
2
3
3
3
1
3
1
33
8
1
2
25
3
6
1
10
8
1
2
38
4
4
1
65
2
2
1
44
4
1
2
36
5
4
2
61
2
1
2
16
3
2
3
47
6
3
2
15
2
3
1
71
2
7
2
54
1
5
1
38
3
5
3
29
8
4
2
6
2
6
1
68
3
4
1
54
2
1
2
2
2
1
1
16
4
5
3
41
1
5
1
8
2
4
1
33
6
4
3
8
11
2
2
38
2
6
3
11
22
2
3
37
2
7
3
23
4
2
1
12
5
2
2
27
2
6
3
44
1
1
1
28
1
2
3
61
11
5
1
45
1
2
1
65
1
7
1
47
2
3
3
44
3
4
3
35
2
5
1
26
1
3
1
66
3
6
3
12
5
2
2
11
2
3
1
11
6
1
3
65
15
7
2
49
3
4
3
68
10
6
2
8
2
7
1
25
1
2
1
44
1
4
2
32
2
5
3
43
2
2
2
33
1
3
2
66
2
4
3
13
3
7
3
1
9
7
2
37
1
3
2
17
2
3
1
13
5
4
3
31
6
1
3
30
4
2
2
14
3
7
1
63
1
7
3
36
15
1
3
15
7
6
1
13
8
6
2
22
1
5
1
30
20
5
1
5
1
5
2
9
3
3
1
55
2
5
2
4
2
1
2
17
1
5
2
43
2
7
2
28
2
2
2
68
1
1
1
40
2
1
2
12
2
3
1
2
3
4
3
38
6
7
2
63
2
5
2
18
1
7
3
16
4
7
2
47
3
7
1
60
1
2
2
32
4
5
2
10
1
7
3
31
10
4
3
5
1
7
1
9
1
1
1
27
3
1
3
28
12
3
1
67
3
5
3
33
12
1
2
2
1
7
2
34
2
5
2
45
4
3
1
53
1
3
2
31
3
1
1
32
4
6
1
3
9
1
2
23
2
1
2
43
5
3
1
1
2
1
3
25
8
1
1
36
3
2
3
26
12
7
3
49
6
5
2
11
1
3
3
67
30
1
3
9
12
7
3
11
12
1
1
52
1
5
3
15
13
7
1
4
1
3
2
1
2
4
2
3
2
6
1
23
1
1
2
39
1
4
3
16
6
3
3
66
4
3
1
29
1
5
2
44
5
5
1
39
4
5
2
53
3
6
2
39
3
1
2
49
4
1
1
53
2
2
1
61
3
1
2
41
4
7
3
60
8
2
3
10
23
3
2
52
4
4
3
37
10
3
3
9
29
3
2
9
2
5
1
22
2
5
2
63
1
2
1
29
3
5
3
49
5
3
2
3
1
4
2
60
1
6
2
55
1
2
3
33
23
7
2
13
2
2
1
52
3
3
1
16
5
2
3
65
4
4
2
35
2
2
1
37
1
1
2
15
1
4
2
31
5
2
1
11
7
6
3
55
11
7
2
71
2
1
1
54
1
6
2
36
3
3
2
27
3
2
3
28
10
5
1
12
6
3
3
38
3
6
2
28
3
3
