3
29
10
5
1
44
4
2
1
35
2
3
2
6
3
4
2
54
2
4
2
32
4
5
2
37
1
5
1
49
1
6
3
5
3
3
1
45
2
3
2
7
1
4
2
47
4
2
1
55
1
1
2
42
3
5
1
18
13
3
3
68
6
6
1
68
2
2
2
66
3
7
3
63
3
5
1
43
1
5
2
55
2
3
2
37
3
4
2
30
2
6
3
27
7
6
3
28
12
2
1
52
1
7
1
63
2
7
3
5
5
4
3
14
13
5
1
26
2
2
3
1
7
7
2
40
4
4
2
38
5
1
3
49
3
7
3
45
6
2
2
42
2
2
1
54
2
2
1
71
1
6
3
17
15
4
2
31
3
6
1
37
1
6
1
17
6
1
1
66
1
4
2
25
1
2
1
43
2
2
2
61
2
4
3
43
4
1
1
23
2
6
2
11
2
1
2
28
1
3
3
33
2
7
3
32
5
6
2
33
2
1
3
67
9
3
3
38
3
7
3
6
5
4
1
31
8
7
2
45
3
3
1
41
2
4
3
4
24
5
1
8
4
1
3
10
12
4
3
3
1
4
3
53
7
3
2
32
3
7
2
2
3
2
1
28
3
1
1
22
2
2
3
43
5
4
3
37
7
2
3
68
2
1
3
23
4
1
2
38
4
1
2
54
1
6
1
30
2
4
2
5
3
4
1
12
12
7
3
13
4
1
2
71
3
5
3
40
1
7
3
53
5
5
1
12
8
2
3
15
4
6
1
9
9
4
2
52
6
4
3
35
1
5
1
14
21
2
3
45
3
3
2
53
3
1
2
12
1
2
1
41
1
7
3
54
2
7
1
61
3
4
1
34
5
1
2
30
3
1
2
5
2
4
1
3
11
5
2
16
1
7
2
39
4
5
2
6
2
1
2
9
3
6
3
31
23
2
1
29
3
5
1
26
1
3
3
41
3
4
1
61
1
1
3
52
13
7
1
11
7
7
3
18
22
7
3
23
18
6
2
60
1
1
1
32
1
3
1
52
3
4
2
15
1
3
2
3
2
1
1
5
2
1
2
71
2
4
3
2
4
7
1
23
1
4
1
28
2
6
3
39
1
5
3
47
9
3
2
12
2
5
3
40
4
6
2
27
3
7
3
14
19
5
2
14
1
4
1
42
1
1
2
1
3
2
2
3
1
1
3
1
6
4
2
11
3
5
1
15
4
4
3
15
11
6
1
54
3
4
3
11
11
4
1
25
3
3
2
4
1
6
1
63
1
5
1
10
2
5
2
8
1
6
2
36
2
3
1
65
2
4
1
9
7
5
3
66
7
3
1
30
7
1
1
8
5
4
1
67
2
6
1
16
6
7
2
49
4
4
3
32
2
2
2
13
2
4
2
14
2
1
1
33
6
6
3
60
6
6
3
25
1
6
1
39
4
6
2
2
1
7
3
26
3
4
3
54
1
4
1
32
6
5
2
31
1
4
1
18
8
2
1
2
1
4
1
36
2
1
2
63
3
5
1
4
7
2
3
35
6
3
1
71
2
6
3
6
6
5
3
31
20
6
1
7
6
2
2
41
5
4
3
17
17
7
1
33
1
7
1
11
1
5
3
49
2
6
2
43
4
3
2
35
3
3
2
65
4
2
3
30
14
7
2
36
3
1
2
4
3
6
1
35
3
7
1
36
3
7
3
34
3
3
1
22
1
7
2
8
3
4
1
42
2
1
1
1
3
6
2
39
2
7
3
55
4
1
2
17
3
2
1
27
1
3
3
34
7
5
3
37
1
3
2
13
1
1
2
18
3
5
1
55
2
1
2
23
3
5
1
60
2
3
2
63
2
7
1
2
6
6
3
60
28
3
3
52
17
6
2
55
3
4
3
65
20
7
2
15
2
2
3
25
2
7
3
29
2
1
1
13
3
5
3
44
6
7
3
7
5
1
1
39
2
4
1
29
1
3
3
26
9
1
3
66
4
7
3
12
6
5
3
61
11
2
3
36
15
2
1
3
4
5
2
27
2
3
1
1
1
6
2
44
4
4
1
45
1
6
2
25
3
2
1
53
2
1
2
66
2
6
3
42
2
3
2
41
3
2
1
47
2
7
2
28
2
6
3
39
5
4
2
52
7
7
1
6
1
1
2
22
3
1
3
13
3
6
3
30
24
1
1
66
3
5
1
67
3
2
1
7
2
5
1
38
2
6
1
16
2
7
2
17
2
6
3
28
1
5
3
4
3
2
1
37
2
7
2
33
1
4
3
67
22
4
3
10
18
6
2
61
3
4
3
38
4
5
1
25
1
1
2
68
3
6
2
43
1
2
2
16
2
3
3
36
2
2
1
15
3
3
2
29
1
1
3
47
4
2
2
34
3
1
3
12
3
5
1
34
3
5
1
38
1
5
1
40
2
3
2
10
1
6
1
4
3
4
3
65
21
6
3
27
1
3
3
16
4
3
2
29
3
7
3
11
25
1
2
40
1
1
1
40
3
2
3
44
2
2
2
26
4
4
3
8
7
6
1
14
7
7
2
34
1
5
1
6
2
6
2
22
2
6
1
53
1
1
3
33
21
6
3
55
13
6
2
26
1
7
2
53
1
1
2
35
1
5
2
47
1
2
3
9
10
3
1
13
5
1
3
16
6
7
2
65
1
5
2
67
2
3
2
67
1
2
2
49
1
4
1
47
3
7
1
68
3
2
1
17
12
7
1
60
1
6
3
18
6
4
2
9
1
2
2
44
1
7
2
45
1
1
3
42
4
3
2
1
1
2
1
27
3
3
3
7
2
6
2
7
2
2
1
10
5
7
3
8
14
3
3
71
5
5
2
68
4
4
3
22
3
4
1
65
1
6
3
41
2
5
3
71
1
7
3
2
5
1
1
31
2
2
1
49
2
1
1
44
1
7
3
63
13
2
3
3
9
3
2
60
4
1
2
23
1
4
2
18
4
6
3
61
6
4
2
10
2
4
3
22
9
5
3
9
25
6
1
5
1
7
