1
22
2
3
3
60
4
2
2
54
1
2
1
23
3
4
1
30
6
5
1
43
3
4
2
45
2
4
1
2
1
7
1
23
1
6
2
18
4
2
1
32
2
6
1
8
13
6
3
55
16
7
2
66
1
7
3
66
8
7
3
17
7
5
1
11
9
5
2
17
2
6
2
9
1
2
2
6
1
4
3
49
1
1
2
34
3
2
2
4
1
3
3
67
36
1
1
25
2
3
1
34
8
6
3
41
1
1
3
3
3
3
1
2
7
4
3
23
7
6
1
9
6
5
1
66
2
5
2
35
2
1
2
1
2
2
1
5
1
2
2
45
3
4
2
41
4
6
2
47
4
1
3
22
9
7
1
65
2
6
1
1
1
3
3
11
10
5
2
33
3
5
3
1
3
5
2
41
3
5
1
37
2
3
2
63
3
2
3
28
11
7
2
29
3
3
1
37
1
1
2
42
2
1
3
35
1
6
2
44
4
2
3
6
4
2
3
18
11
7
3
15
10
5
2
22
2
2
1
5
2
6
2
11
3
2
3
14
5
7
2
23
2
7
1
54
2
1
1
31
4
2
1
16
2
1
3
67
30
3
1
6
1
6
3
5
2
2
2
1
3
6
3
29
18
5
2
18
3
4
3
49
3
5
3
52
13
3
1
29
1
3
1
33
2
3
3
13
5
4
2
10
2
3
3
44
5
4
1
44
2
5
3
39
5
5
3
13
6
2
3
33
8
7
1
61
3
5
1
35
4
5
2
25
3
6
3
47
2
5
1
53
1
3
2
26
2
5
1
47
1
5
1
38
1
1
1
47
2
2
2
10
1
5
3
45
4
3
1
22
1
2
1
55
2
5
2
67
2
4
3
14
14
1
3
4
24
3
2
38
2
5
2
27
2
4
3
9
27
3
1
63
2
5
1
60
1
4
3
37
10
5
3
38
5
2
3
38
11
7
2
40
1
1
2
31
5
7
1
55
1
6
2
14
2
7
3
9
17
5
1
3
1
7
1
1
2
6
1
33
1
1
3
54
1
4
2
26
1
6
1
42
2
2
2
11
2
3
1
71
2
7
2
55
1
1
2
15
1
3
2
53
3
1
1
39
2
3
2
2
1
4
1
35
2
7
3
4
3
6
3
26
3
3
1
25
3
1
2
37
2
6
2
14
1
3
2
28
3
6
1
67
1
1
3
41
2
5
3
8
4
3
2
39
3
4
3
27
10
5
1
7
5
4
1
30
17
4
1
63
1
5
1
9
14
4
2
36
4
4
3
42
3
3
3
2
1
3
2
17
3
2
3
22
3
4
2
29
2
7
2
30
3
7
2
27
3
3
1
66
3
2
1
15
3
2
1
49
1
2
1
26
2
6
2
60
1
5
1
16
3
7
2
61
1
6
3
61
9
3
3
43
7
3
2
34
2
4
1
8
14
3
3
68
3
1
2
22
3
3
2
68
1
3
3
40
3
5
2
33
2
7
3
53
2
1
3
7
1
1
3
32
6
6
2
32
2
3
3
55
4
5
2
42
1
1
2
12
2
7
1
4
4
3
1
38
3
6
2
3
1
7
1
4
3
3
1
26
3
4
2
28
2
2
3
16
8
1
1
6
2
5
1
10
5
5
3
6
5
5
1
27
2
1
3
3
9
2
3
61
2
2
1
12
12
4
1
15
5
6
2
23
1
6
2
61
3
4
3
63
11
5
2
53
2
5
2
71
3
3
3
15
15
6
3
52
5
3
1
18
3
3
3
66
7
5
1
71
3
3
3
23
12
5
3
10
20
2
1
12
16
5
3
63
7
6
1
27
1
4
3
36
2
1
1
34
9
4
3
30
27
2
1
53
2
6
1
52
2
1
2
15
3
6
1
17
9
3
3
34
9
1
1
42
1
6
3
5
5
1
2
4
3
2
3
39
9
2
1
18
13
2
1
65
1
4
2
35
1
5
2
16
3
3
3
2
12
4
2
43
1
5
2
13
3
4
2
47
1
1
1
60
2
3
1
67
3
6
2
52
6
1
1
61
2
2
1
39
1
6
2
38
1
7
3
25
9
1
1
36
1
1
1
31
13
6
1
13
6
6
1
10
7
6
2
2
2
6
3
30
16
5
3
18
24
5
3
54
2
1
2
16
2
3
3
7
2
1
1
52
1
3
3
32
9
6
1
11
12
2
3
53
5
7
1
45
1
1
3
60
11
2
2
54
2
5
2
8
3
5
3
16
2
5
2
66
3
7
3
71
2
1
1
28
3
3
2
63
2
7
3
17
1
2
2
43
5
5
1
68
2
2
2
32
3
1
2
39
1
7
3
43
2
5
3
28
9
1
3
45
1
6
2
40
4
1
2
44
2
5
3
34
2
1
3
12
6
5
2
5
3
2
3
47
3
5
1
45
2
4
3
36
15
3
2
13
2
5
3
71
3
5
3
31
10
3
3
33
9
1
3
27
7
2
1
36
3
3
1
7
3
4
2
31
1
5
1
68
3
7
2
37
3
3
2
71
1
3
1
32
7
6
1
40
2
4
2
36
2
2
3
25
8
1
2
49
3
5
1
14
19
3
1
29
3
7
1
44
4
2
2
49
1
6
3
65
6
4
1
3
10
1
2
67
1
4
3
12
1
2
3
11
24
7
2
52
3
4
2
9
2
3
1
40
3
1
3
68
10
5
1
28
1
5
3
44
4
1
2
8
2
6
1
14
20
1
3
10
14
4
2
3
2
6
1
17
3
3
3
42
4
3
3
37
3
2
1
54
1
1
2
6
2
6
3
8
8
5
3
1
5
4
2
25
2
4
2
30
2
4
1
41
2
4
2
65
3
2
2
12
1
7
3
26
6
2
2
7
2
6
3
31
25
4
3
65
10
7
1
43
1
3
1
41
3
5
2
55
2
5
3
40
1
5
2
68
3
5
2
5
2
3
1
13
1
7
2
60
2
3
3
29
8
2
1
49
2
3
3
35
5
3
2
65
4
2
2
7
3
5
