3
4
20
3
1
36
1
2
3
9
26
2
1
42
2
4
2
36
1
7
2
22
1
4
1
39
4
7
3
67
20
3
3
63
1
7
2
37
3
3
3
1
6
2
3
15
16
1
1
66
1
3
3
31
13
7
2
43
4
5
3
5
5
3
1
8
3
6
2
34
2
2
3
43
2
6
1
33
7
2
2
60
4
1
1
63
1
6
3
17
4
2
2
26
4
2
2
3
1
1
3
42
3
5
1
31
13
3
2
6
2
5
2
55
1
3
1
22
3
2
1
35
1
1
2
16
2
7
1
13
3
6
1
17
13
2
1
25
1
5
3
44
4
2
1
9
2
1
2
10
3
5
3
66
3
4
1
67
1
6
1
6
2
5
3
41
1
5
3
71
4
4
1
22
2
3
2
63
2
3
1
67
3
4
3
53
8
2
1
8
14
6
1
28
3
1
2
71
2
4
3
61
1
2
3
26
1
7
3
14
21
7
3
68
11
4
2
9
3
7
1
42
1
2
2
31
5
4
1
35
2
1
1
3
2
4
3
1
4
2
2
49
4
3
2
52
3
5
1
44
1
6
3
28
10
2
3
3
8
2
3
40
3
1
2
38
3
7
3
45
7
5
2
41
5
1
1
40
2
1
3
68
1
5
2
53
1
6
2
14
1
4
1
32
7
6
3
23
17
3
1
1
3
6
1
63
2
4
2
5
2
3
2
10
1
5
1
29
3
1
1
14
16
1
1
34
4
2
1
47
2
3
3
25
5
5
1
30
12
1
2
67
1
7
2
32
3
7
2
28
2
4
3
35
3
1
2
13
3
7
2
7
3
3
1
2
3
4
3
41
4
2
3
54
2
4
2
11
3
6
3
7
4
3
3
55
2
7
1
53
2
2
2
38
4
4
1
54
3
4
3
9
17
1
3
30
13
3
3
27
7
3
2
54
2
1
2
23
1
7
2
33
3
4
3
35
7
1
1
49
2
4
1
18
11
5
2
44
2
6
3
54
1
1
1
5
1
3
3
39
2
2
3
16
3
3
2
9
1
1
1
3
1
5
2
2
2
5
2
15
1
3
2
13
1
2
3
37
8
6
1
11
10
2
1
32
6
5
2
3
2
2
2
35
1
1
3
18
8
4
3
53
7
7
2
68
3
5
1
55
2
3
1
68
2
6
1
52
2
2
3
34
4
7
1
2
2
2
1
31
6
5
3
23
5
1
1
47
1
6
2
30
2
7
2
29
1
1
1
13
8
1
2
39
1
2
1
41
3
2
2
5
3
2
2
1
1
1
3
60
6
6
1
41
2
1
3
13
9
5
2
22
2
1
2
1
2
6
2
29
2
6
3
38
6
2
3
13
2
5
2
12
1
3
1
7
8
2
1
38
1
5
2
30
4
3
3
17
3
5
1
6
1
2
1
11
6
3
1
65
1
7
1
52
3
5
3
52
13
5
2
37
4
1
2
32
4
7
1
16
2
3
3
2
12
1
3
65
14
4
3
60
11
7
1
12
17
1
2
71
3
5
2
41
1
5
3
28
1
2
1
12
14
3
1
16
5
4
2
53
3
4
2
4
2
4
3
34
5
5
3
8
20
7
1
33
4
7
3
10
26
5
3
7
3
4
3
26
9
2
3
29
17
1
3
22
10
1
1
1
1
1
2
18
3
1
3
61
9
7
3
25
8
7
1
26
2
3
1
10
8
1
2
17
2
7
3
27
13
1
3
45
3
7
3
33
23
3
1
54
1
4
3
32
9
3
2
33
1
1
2
6
1
3
2
11
2
5
2
23
2
2
3
16
5
7
2
7
1
2
1
45
2
6
2
12
2
6
1
14
12
4
2
14
2
6
2
2
3
7
2
40
1
7
1
61
1
1
3
66
4
2
3
47
5
5
3
15
6
2
2
52
1
3
1
9
13
4
1
44
2
5
2
55
2
7
2
66
3
4
2
31
4
6
3
5
2
4
2
27
3
4
1
4
8
7
2
42
4
6
2
15
3
1
1
30
15
7
2
61
1
1
1
39
2
2
3
8
2
4
1
55
1
7
2
35
2
4
2
17
3
5
2
61
3
3
3
55
3
7
2
54
1
7
1
40
1
1
2
65
1
5
3
49
6
7
2
34
1
2
3
47
3
7
3
33
7
2
3
37
1
4
1
49
1
1
3
38
10
5
3
3
5
1
1
71
3
7
1
65
2
6
3
63
2
6
1
5
2
1
2
68
2
5
3
65
10
5
3
29
3
3
2
18
4
5
1
38
3
6
3
4
17
6
1
29
2
6
2
45
4
6
1
37
2
5
3
49
3
2
3
14
13
3
3
32
5
3
2
26
1
5
3
11
22
1
3
71
5
4
2
27
2
4
2
8
1
5
1
23
3
5
1
23
1
7
1
4
1
4
1
68
1
7
1
28
2
4
3
36
10
6
2
16
3
6
2
43
1
6
2
25
2
3
1
25
3
6
3
12
1
3
1
15
4
4
3
43
5
4
1
71
1
7
1
60
2
7
3
39
10
2
2
44
1
3
3
2
8
2
2
25
3
5
2
60
2
3
3
36
12
7
3
40
1
1
2
45
3
7
1
10
7
7
2
67
2
1
2
63
1
3
1
26
1
7
3
11
6
6
2
28
1
3
2
40
4
4
1
36
2
4
2
47
2
3
3
52
18
5
2
4
3
6
3
10
21
6
1
53
1
6
1
60
1
5
1
17
5
2
2
8
3
5
1
7
5
1
2
65
4
2
3
31
14
1
2
47
3
2
3
6
2
5
2
42
2
4
2
49
2
3
3
12
7
6
1
27
2
3
1
43
1
1
3
18
20
4
3
30
23
4
3
67
26
3
1
15
2
6
3
22
3
1
2
39
4
2
3
44
1
6
1
61
3
2
3
42
4
4
2
36
2
5
1
43
2
3
1
37
1
4
1
27
1
1
1
45
1
5
3
6
6
2
2
66
2
3
1
34
5
3
1
18
13
6
1
66
2
2
