2
2
3
4
1
37
2
6
1
54
1
4
1
55
2
6
3
43
7
5
1
5
2
6
3
18
3
3
1
68
1
1
1
14
15
6
1
63
1
7
1
67
2
4
2
14
2
7
3
55
13
5
1
18
4
1
2
8
2
1
2
41
3
4
3
53
3
2
2
6
2
2
1
6
1
2
2
34
3
3
2
17
3
7
2
1
3
3
2
22
1
2
2
4
2
4
1
22
2
7
2
12
2
5
3
71
2
2
2
37
3
1
1
28
1
3
1
29
2
5
3
12
4
5
2
23
3
7
1
61
1
2
1
34
11
4
1
9
9
2
2
37
1
7
1
4
3
3
3
27
17
6
3
5
1
4
1
40
3
6
3
49
4
5
3
11
24
5
1
53
1
2
3
30
10
2
2
35
3
5
1
10
2
5
1
23
3
1
1
9
7
3
2
67
1
5
2
3
1
5
1
30
14
7
3
60
20
2
3
23
7
3
2
60
2
6
1
34
4
7
2
27
1
3
3
7
5
5
3
43
3
2
2
53
3
4
1
38
1
1
1
33
4
4
3
6
6
3
2
68
2
5
3
4
21
3
2
10
3
3
3
38
5
1
1
25
3
3
2
71
2
4
2
2
1
1
3
53
4
6
2
28
1
2
3
22
6
4
3
35
8
6
3
7
2
5
1
4
5
6
1
16
4
7
1
43
2
7
2
40
3
7
2
34
2
6
2
42
1
5
3
54
1
2
2
67
2
7
3
26
7
5
2
23
1
6
3
63
13
2
1
31
7
2
2
14
3
1
2
7
1
1
1
2
3
5
2
30
4
4
3
35
6
5
2
33
3
4
3
6
5
1
1
8
15
5
2
7
2
5
3
60
5
6
3
34
6
2
3
65
1
1
1
39
4
2
3
33
6
1
1
45
2
2
1
71
3
3
3
63
6
5
3
55
5
3
3
13
6
1
3
65
2
7
2
33
2
6
1
55
1
3
3
52
15
4
1
71
1
7
2
5
1
4
2
39
1
5
1
2
6
4
2
38
5
7
3
22
2
5
2
28
3
7
2
44
2
1
3
17
5
4
2
32
4
1
3
66
6
2
2
31
5
2
3
36
12
4
2
36
3
6
1
35
2
5
2
9
2
7
2
39
2
2
2
47
3
5
2
16
2
1
3
52
12
3
1
26
3
5
1
3
4
3
3
28
15
6
2
38
3
7
2
27
3
1
1
27
2
6
3
39
10
2
1
67
1
1
1
35
1
7
1
54
3
4
3
49
1
3
2
55
3
7
2
26
3
1
3
14
13
4
2
54
2
5
2
49
3
1
1
8
10
5
2
11
1
7
2
5
2
5
3
13
9
2
1
45
1
3
2
13
3
2
2
12
3
4
2
36
2
6
2
8
3
2
1
63
2
7
3
61
2
6
1
14
4
4
2
41
1
5
1
10
3
7
1
37
1
7
1
33
3
5
3
14
15
4
2
55
1
5
3
9
12
6
3
29
10
4
1
27
3
2
1
28
2
5
2
61
3
2
2
43
1
4
1
7
5
1
1
13
8
3
3
67
22
2
1
11
4
2
3
29
8
6
3
47
5
6
2
25
1
5
3
71
3
7
1
68
2
6
1
66
2
5
2
11
2
1
3
37
1
1
3
23
16
4
1
16
5
3
3
9
32
5
3
25
3
1
3
42
1
2
1
65
2
2
1
22
1
2
3
31
27
1
2
35
2
3
2
71
3
2
3
68
12
6
1
42
2
1
2
3
3
7
3
1
4
7
3
37
6
1
3
3
10
3
2
65
3
7
1
52
1
6
1
38
3
2
3
8
1
4
2
66
2
5
2
66
3
2
2
32
1
3
3
30
23
6
1
6
2
3
3
27
7
2
1
25
2
2
3
32
7
5
3
44
6
6
2
4
3
6
3
15
4
6
1
41
3
7
1
60
2
3
1
15
1
6
3
18
20
7
1
12
2
3
2
29
2
6
2
22
3
3
3
11
6
6
1
32
7
1
2
10
2
2
1
36
3
6
1
13
5
1
3
33
8
7
1
52
2
2
2
47
1
6
1
1
3
7
2
18
2
7
1
47
3
5
3
10
24
6
1
32
2
5
2
53
1
1
3
1
8
5
3
32
4
4
3
26
8
5
2
1
1
5
2
17
2
1
2
29
1
6
3
31
9
3
2
25
3
1
2
18
1
7
2
60
1
1
1
26
2
7
2
63
3
2
1
23
1
6
1
60
1
4
3
61
6
5
1
17
3
5
3
45
3
4
1
42
1
1
2
43
3
2
2
44
4
6
3
66
5
1
1
31
11
7
1
3
5
3
3
10
11
7
1
66
1
2
3
38
8
7
3
25
2
1
3
39
4
7
3
54
2
4
3
8
6
5
1
1
1
7
2
16
1
5
3
47
8
4
1
47
1
7
3
2
8
1
3
5
5
1
3
34
8
7
1
12
5
4
1
17
2
1
1
61
3
5
2
15
2
5
2
42
2
5
1
36
1
5
3
28
5
5
2
13
1
6
1
41
2
3
3
16
2
5
2
31
4
6
2
65
4
2
2
6
1
2
3
4
10
5
3
45
4
3
1
43
3
2
1
44
4
5
3
40
4
2
3
16
7
2
1
15
3
1
2
52
7
4
1
49
1
3
3
12
2
7
3
3
3
2
1
11
8
1
3
36
10
7
1
49
2
2
1
5
1
3
2
26
2
2
2
45
3
6
3
41
3
1
2
45
2
5
1
18
5
7
3
17
9
5
1
53
2
1
3
2
4
2
1
40
2
2
2
63
2
1
1
44
1
6
3
68
1
1
1
7
1
5
2
30
5
5
1
29
1
4
2
52
4
4
1
30
18
4
3
67
36
4
2
68
3
7
3
41
2
6
2
61
2
5
3
15
6
5
2
15
3
6
2
54
1
3
1
65
1
4
2
9
3
3
1
39
3
1
2
49
4
7
3
40
5
1
2
40
1
6
3
42
4
2
3
44
4
3
