3
54
1
3
1
6
1
6
2
27
1
4
1
14
16
5
2
14
1
1
3
26
12
2
2
67
2
2
3
67
34
6
1
68
3
5
3
16
2
7
3
54
2
7
3
37
1
6
1
43
2
6
1
37
2
4
1
34
3
2
3
27
13
2
2
63
2
4
2
6
3
7
1
67
2
4
2
29
3
1
3
17
2
2
2
71
3
2
1
33
5
1
2
10
3
4
3
4
6
6
2
54
2
1
1
60
1
7
2
4
1
4
2
38
5
2
2
2
2
5
3
43
5
7
2
32
4
3
1
27
3
3
3
32
6
3
3
47
3
1
3
44
3
6
2
18
2
1
3
2
2
7
2
22
2
5
1
47
2
7
2
49
4
1
3
53
6
3
2
1
3
6
2
34
3
2
2
63
3
7
3
31
7
2
2
25
3
3
1
47
3
1
1
13
9
4
3
6
2
3
2
1
1
6
2
43
2
2
2
36
3
4
3
22
10
5
3
60
24
3
1
52
2
7
3
39
9
2
1
66
2
3
1
8
14
7
3
12
6
1
1
9
10
3
1
3
8
2
3
1
4
4
2
60
3
4
2
47
3
7
1
67
1
4
2
44
1
7
3
71
1
1
1
6
2
1
2
60
1
4
2
55
3
2
3
9
25
3
1
28
2
4
3
65
13
2
3
49
8
5
1
26
2
7
3
39
8
2
1
36
1
2
2
44
2
6
3
12
3
3
3
44
6
2
2
66
3
1
2
12
3
6
3
29
5
1
2
7
3
1
2
15
2
7
1
40
3
5
2
39
3
2
2
23
1
3
1
12
1
7
3
28
11
4
2
17
2
2
2
14
2
3
1
3
6
2
2
52
3
6
3
5
2
3
1
15
4
4
3
26
6
1
2
10
1
5
1
44
1
5
1
28
1
7
2
40
2
7
1
40
2
7
3
11
26
5
3
55
12
4
1
39
4
3
2
12
1
6
2
52
4
3
1
61
1
2
3
15
13
5
3
16
3
7
3
11
4
7
1
7
2
7
2
45
1
5
1
42
2
3
2
28
2
2
1
60
2
4
3
30
3
5
2
5
2
5
3
33
12
7
3
45
2
5
3
3
3
2
2
25
1
7
3
37
3
2
2
40
1
6
3
34
7
1
1
30
4
7
3
14
13
4
3
36
8
7
1
42
1
2
1
2
3
4
1
9
6
3
1
43
1
1
1
49
1
2
1
55
2
1
1
16
2
1
3
35
5
3
1
31
18
4
3
6
3
6
3
23
3
6
2
26
3
7
1
66
1
6
3
49
3
1
2
71
1
5
2
4
2
1
1
52
3
7
1
4
1
5
1
26
1
3
2
67
1
6
2
43
5
4
1
4
7
5
3
7
1
5
2
17
3
3
1
11
8
3
2
9
2
6
2
30
4
1
3
22
9
7
3
52
10
6
1
2
7
6
2
7
2
7
3
41
4
7
2
65
2
3
2
61
1
6
1
14
21
2
3
60
7
2
1
61
3
1
3
43
2
3
3
35
8
6
3
61
2
3
2
26
4
5
1
41
1
2
2
28
1
4
1
45
1
1
3
23
4
2
3
8
7
7
2
6
1
7
1
15
5
2
3
65
15
1
2
23
2
2
3
27
12
2
3
25
2
2
3
33
18
1
1
68
2
1
1
10
7
2
3
32
9
6
1
49
2
4
3
63
2
5
1
1
1
6
3
5
4
6
1
36
3
7
2
45
3
2
2
31
1
2
1
38
3
3
3
61
4
1
3
14
25
3
3
18
3
5
2
35
1
6
1
44
2
5
3
8
16
5
1
7
9
1
1
33
1
4
1
31
17
3
3
13
3
5
2
8
3
5
3
15
8
4
2
5
3
1
1
12
11
1
3
53
1
2
1
23
1
3
2
3
1
1
2
53
3
7
1
18
8
3
1
10
3
7
3
18
16
2
1
35
3
6
2
29
2
1
2
68
2
3
2
18
1
3
2
54
1
2
1
5
1
3
1
71
1
6
2
66
2
7
3
66
5
6
3
17
11
6
3
36
4
1
1
17
10
5
2
65
3
7
2
35
2
2
1
63
1
5
1
55
1
2
2
22
3
2
3
31
20
1
2
37
2
6
2
42
2
1
1
37
1
7
3
10
17
7
3
68
15
3
3
28
10
1
1
38
2
7
2
32
1
7
2
49
3
2
2
38
4
7
2
11
1
4
2
55
2
3
3
66
4
7
2
61
2
2
2
16
1
1
1
63
2
3
2
47
2
4
1
8
3
2
1
18
13
5
1
39
1
4
2
8
1
4
3
13
7
4
1
54
1
1
2
16
3
1
3
10
19
1
3
2
1
2
1
22
1
7
1
41
3
3
3
55
16
7
1
1
3
6
1
32
7
7
3
30
14
1
1
35
2
2
3
47
4
3
2
9
1
3
1
53
1
6
3
3
2
2
3
7
3
1
1
13
6
2
1
30
5
6
1
29
1
1
3
71
4
2
1
54
3
7
1
16
1
5
3
34
10
2
1
29
3
6
1
53
2
2
1
45
2
6
2
13
3
2
2
37
1
5
3
42
3
1
2
33
1
3
2
36
2
3
2
2
3
1
2
30
3
1
2
39
2
4
2
34
2
1
3
40
3
7
3
38
10
2
1
32
4
1
3
68
4
5
1
25
3
1
1
65
1
4
3
63
4
1
3
67
29
7
1
27
2
5
3
52
12
3
1
22
2
5
3
40
4
5
3
45
5
6
1
5
2
2
3
1
1
1
1
71
2
6
1
25
1
1
2
13
2
7
3
29
3
4
2
11
3
3
3
4
19
3
1
11
11
4
3
38
4
1
2
68
1
2
2
27
2
2
3
41
1
2
3
25
7
7
1
34
5
4
3
9
6
5
2
41
4
2
3
42
4
5
1
65
2
6
2
53
1
5
2
42
1
6
2
15
1
2
1
23
2
5
2
3
3
4
2
31
3
4
2
41
3
2
2
33
2
5
1
17
9
7
