2
49
1
3
1
53
1
3
1
60
2
4
1
7
10
1
2
4
1
2
1
5
2
5
1
71
1
1
3
63
3
7
3
49
3
6
3
18
25
7
1
4
6
6
2
71
1
5
1
10
6
2
2
53
3
2
2
22
2
6
1
49
2
5
1
44
3
6
2
30
4
7
2
49
2
3
3
38
6
7
3
26
11
7
1
33
4
7
3
8
5
1
3
36
11
4
1
11
4
1
1
40
3
6
2
44
4
7
1
26
2
2
1
18
14
3
3
27
16
1
2
71
2
5
3
5
3
4
1
30
2
2
1
32
2
6
3
2
10
7
3
43
7
4
2
63
2
4
2
34
2
2
2
36
1
3
2
8
1
1
3
22
10
7
1
25
2
1
3
65
14
7
3
12
4
2
2
18
2
3
3
5
1
1
2
38
1
7
3
35
6
2
1
14
9
5
1
15
2
5
1
47
2
7
2
22
3
4
2
29
3
6
3
67
9
5
1
8
4
6
2
31
1
6
2
2
3
4
3
41
3
5
1
9
6
2
2
60
4
5
1
67
3
3
1
32
1
5
1
54
1
6
1
12
16
5
2
52
5
5
3
34
3
6
3
61
5
5
1
66
1
5
3
71
1
2
3
10
25
3
2
23
3
3
3
9
5
7
2
37
1
6
2
61
3
1
3
31
10
4
2
26
4
3
3
55
11
4
1
11
8
2
3
60
2
6
1
28
3
4
3
15
4
3
1
39
3
7
2
45
4
5
3
39
1
7
3
45
7
5
2
33
3
4
3
61
11
2
2
4
2
4
1
17
15
4
3
33
22
5
3
9
11
1
3
42
2
4
2
29
1
3
3
6
6
5
2
41
5
6
3
18
2
4
3
67
17
1
1
25
1
2
2
41
4
5
2
67
2
6
3
30
6
5
2
28
2
2
2
1
1
6
2
16
1
1
2
14
1
7
2
68
4
5
1
3
3
7
2
40
2
6
3
54
2
3
2
65
3
4
1
37
1
6
3
29
3
3
1
7
7
3
1
45
2
2
1
61
2
4
1
66
3
3
1
23
1
5
2
13
3
2
3
14
13
2
1
36
2
5
1
35
3
1
3
52
4
5
1
52
1
1
1
68
2
5
2
37
4
3
2
11
1
1
1
42
1
2
3
30
1
2
3
6
4
6
1
1
3
5
2
65
1
4
1
35
4
3
2
36
2
4
1
38
1
5
3
43
1
7
2
35
3
1
3
11
21
2
3
3
10
2
3
40
4
6
2
12
2
3
2
33
2
4
2
6
2
5
1
53
2
7
2
5
2
7
1
71
3
3
3
23
10
4
2
39
1
4
1
4
8
6
3
68
15
5
2
15
3
4
1
41
1
2
3
29
18
5
3
8
1
6
1
8
2
2
2
55
2
5
2
23
2
4
1
1
2
3
3
60
7
2
1
30
8
7
3
34
1
7
3
28
5
7
1
17
16
6
1
41
2
6
2
2
2
5
1
34
11
2
1
31
8
1
1
33
7
3
3
44
6
3
3
47
10
3
1
14
8
5
1
12
7
6
2
5
1
4
2
42
2
1
3
53
8
1
3
23
5
1
3
33
6
2
1
60
1
1
1
65
1
3
3
25
8
5
2
8
2
2
2
47
2
3
1
5
1
6
3
4
10
5
2
16
2
3
1
3
5
2
2
35
2
7
2
18
1
4
2
38
4
7
1
42
2
2
2
45
3
5
1
63
2
2
2
34
3
6
2
1
3
3
2
39
3
7
3
42
4
5
2
9
1
6
3
47
9
2
3
7
2
4
1
31
18
6
2
68
2
4
1
29
1
7
2
3
2
5
1
37
2
2
3
38
8
1
3
37
6
4
2
25
2
2
3
3
4
4
2
17
2
3
3
28
15
1
2
26
3
2
2
28
3
5
2
60
3
7
3
1
7
1
2
55
3
4
3
1
2
1
3
39
9
6
3
63
2
5
1
45
1
7
1
18
9
4
1
49
1
3
1
26
3
3
2
30
1
6
3
16
1
3
1
22
1
7
3
31
22
1
3
32
5
3
1
16
3
5
1
6
1
7
2
6
1
6
1
15
5
4
3
32
8
4
3
15
8
4
2
12
1
5
2
10
1
2
1
43
1
6
3
12
7
6
3
36
8
1
3
44
9
2
3
41
4
7
2
9
2
6
2
27
2
5
1
22
2
3
1
47
3
1
1
54
3
1
3
10
6
1
2
63
3
6
2
7
3
3
1
68
1
7
3
45
5
5
1
27
3
1
1
2
6
1
2
15
2
6
1
10
5
2
1
61
1
1
2
13
1
5
2
14
3
7
3
53
1
5
1
38
2
2
3
7
5
3
1
9
2
1
2
44
1
3
1
63
1
4
2
32
3
7
3
14
5
4
2
42
1
2
1
39
4
5
2
47
1
5
1
27
2
1
2
25
3
1
3
27
15
3
1
23
2
2
1
52
2
7
1
16
2
5
3
17
5
4
3
54
1
7
3
66
1
5
2
61
2
3
1
40
1
4
3
55
13
4
1
13
8
6
2
54
2
6
2
43
3
3
2
32
4
6
3
71
3
7
2
66
1
6
2
31
5
7
3
13
3
4
3
40
1
7
2
11
2
2
3
22
9
4
2
17
1
4
1
44
4
5
1
13
6
6
3
52
18
3
1
28
2
1
3
4
8
6
2
7
1
1
3
2
9
5
3
49
8
7
2
40
1
3
1
34
9
2
1
43
3
7
1
36
1
5
2
52
3
6
3
68
4
3
3
35
8
6
3
17
7
6
3
13
1
6
1
65
2
3
2
53
1
5
1
6
2
1
1
67
1
2
2
3
3
7
2
54
1
5
2
67
1
7
2
27
3
2
2
10
2
2
2
43
2
2
2
66
2
2
1
2
5
3
1
55
1
7
1
55
2
1
3
16
4
3
3
65
13
7
3
26
6
5
1
29
3
2
3
25
7
3
3
11
14
7
3
37
8
5
3
66
2
1
