3
39
1
4
3
68
10
5
2
12
1
7
2
30
1
2
2
55
2
7
2
44
1
1
1
66
2
4
2
35
3
1
2
5
3
4
3
28
4
7
1
60
1
4
3
68
16
6
1
45
2
1
1
27
2
6
1
45
1
3
2
18
4
6
3
14
2
1
3
33
20
3
1
34
5
5
2
53
1
5
2
22
2
6
1
44
1
4
1
2
7
3
3
54
1
5
2
66
3
1
2
68
1
1
2
9
2
7
3
45
2
4
3
34
4
2
2
1
2
2
2
40
2
3
3
36
15
5
1
25
1
1
1
30
17
5
3
13
3
5
1
39
2
5
2
15
2
2
3
43
8
6
1
5
2
2
3
9
12
5
1
68
2
5
2
66
2
2
3
31
14
7
3
16
6
1
2
28
2
6
3
11
22
3
2
22
3
4
1
26
1
4
1
67
2
7
2
6
2
1
3
36
6
6
1
43
1
5
1
10
4
5
1
7
4
7
1
5
1
3
3
6
3
2
1
37
2
3
3
26
4
5
1
22
3
7
2
45
4
3
1
25
2
3
1
40
3
7
3
47
1
1
1
61
3
6
2
33
1
1
1
30
4
2
1
67
1
4
3
2
3
2
2
26
2
7
1
49
1
7
3
71
3
4
1
11
8
2
3
29
15
5
3
47
9
4
1
61
1
3
1
12
15
1
3
38
6
3
2
37
4
3
2
36
4
7
2
68
2
3
1
32
4
1
2
40
4
6
1
36
1
5
3
23
17
1
3
8
10
4
1
18
1
2
3
31
29
2
2
71
3
1
2
63
3
4
2
49
3
6
1
71
1
1
1
37
1
7
3
7
5
7
3
42
4
1
1
14
21
5
1
27
3
1
2
3
1
4
2
8
1
1
2
37
3
4
2
39
3
1
3
13
2
4
2
27
2
3
3
1
7
5
2
28
3
5
3
43
6
2
3
33
9
5
3
27
6
5
3
65
9
1
2
3
2
6
1
9
2
7
1
32
7
7
3
44
7
5
1
1
1
7
1
22
2
7
2
54
2
5
3
45
3
6
2
12
3
7
3
35
7
2
2
61
2
2
2
35
2
3
1
41
1
5
2
47
1
7
3
53
7
1
1
54
3
5
1
28
2
5
3
41
4
2
1
17
8
4
3
10
4
5
3
55
5
1
2
41
4
4
1
7
10
5
1
11
5
7
2
18
2
5
2
6
3
2
1
42
1
7
3
27
4
4
1
60
2
2
1
63
2
7
2
42
1
3
3
17
10
2
3
30
13
5
3
55
4
6
3
49
6
6
1
39
3
1
1
63
1
2
2
4
1
1
1
29
2
2
1
16
1
4
1
4
7
4
3
34
2
6
2
17
2
5
2
60
4
4
2
10
3
1
3
42
1
4
3
17
7
4
3
63
8
2
3
61
4
7
3
3
7
7
1
17
11
3
2
45
2
3
2
25
2
4
1
2
2
5
2
33
2
2
3
22
10
4
2
7
1
2
1
53
2
5
2
31
3
1
1
15
4
1
1
9
6
1
1
33
5
7
2
65
3
2
2
47
2
6
2
55
1
5
3
32
9
5
3
12
2
2
2
13
3
4
1
3
4
5
2
9
3
1
3
15
4
5
3
53
3
6
3
8
15
2
3
4
17
6
3
16
2
7
1
33
2
1
3
4
26
3
2
16
1
6
2
52
4
6
2
13
1
6
1
54
1
1
1
52
2
5
3
7
2
6
2
8
3
1
1
18
11
4
1
28
3
3
2
30
3
7
3
49
4
3
3
2
4
2
1
49
2
2
1
42
2
2
2
32
1
2
3
52
18
3
3
29
1
7
2
23
2
7
1
13
5
6
1
14
13
3
2
32
4
3
3
30
9
5
2
14
2
2
2
14
3
4
3
5
2
2
2
61
3
1
1
53
1
4
2
65
4
6
2
49
2
4
2
43
4
7
1
31
15
3
1
52
3
2
1
29
3
1
3
37
2
7
3
39
9
6
3
1
1
5
2
16
2
7
1
38
3
4
3
3
2
2
1
13
7
3
2
63
1
4
3
28
8
7
3
14
18
4
3
41
1
3
3
40
5
7
3
60
18
3
2
29
2
4
3
63
3
6
2
11
3
6
2
38
4
2
3
25
4
4
2
11
2
6
3
37
7
2
1
47
2
3
2
34
2
4
1
44
4
6
1
38
2
5
1
4
3
4
2
52
2
3
2
31
1
6
2
25
1
6
2
10
1
1
1
68
3
6
1
36
3
7
1
71
3
7
2
15
3
5
1
6
2
2
1
47
3
6
1
3
1
7
1
10
7
7
2
34
1
7
3
5
5
3
3
9
9
7
3
67
28
1
3
38
12
3
3
12
5
1
1
43
2
6
1
12
1
7
3
11
5
2
2
42
3
6
1
41
3
6
1
35
4
4
2
44
2
6
3
61
6
5
2
2
1
7
1
66
1
3
1
31
8
6
1
23
2
7
2
7
3
3
2
2
2
4
3
15
12
3
2
29
1
2
2
38
2
2
1
55
1
3
3
66
5
3
1
55
2
4
1
34
10
5
2
67
2
7
1
26
2
1
1
8
17
5
2
26
3
7
2
60
1
2
3
22
9
5
3
35
3
1
3
40
3
3
2
5
1
4
3
66
2
4
2
36
1
5
3
26
7
4
3
25
5
7
2
39
4
5
1
8
11
4
2
1
1
5
3
54
2
2
2
41
3
4
1
65
1
2
3
71
2
5
3
6
2
4
2
4
2
2
1
40
1
1
1
16
6
2
3
60
2
5
2
43
2
4
3
18
2
2
3
44
4
5
2
53
3
4
3
52
15
7
1
65
2
4
2
27
3
4
2
54
1
2
3
32
3
1
1
15
5
3
3
65
5
2
2
23
3
1
2
71
1
7
1
23
1
2
3
23
3
1
3
10
24
7
1
1
2
4
1
35
2
2
2
17
3
1
2
67
1
2
1
6
1
5
3
18
20
7
3
67
7
7
