2
33
3
4
3
36
2
7
2
66
3
6
3
13
8
7
3
71
3
6
1
22
2
6
3
45
3
2
3
67
30
6
2
39
1
2
2
60
4
3
3
53
6
2
2
13
3
1
2
26
3
3
1
28
1
7
2
44
3
2
1
17
14
2
3
14
4
1
2
41
2
4
2
6
3
6
3
12
7
5
3
14
22
6
3
66
1
1
3
30
19
7
2
53
2
7
2
9
3
3
2
43
5
1
2
3
1
5
3
10
22
7
1
28
2
7
1
40
3
2
3
53
2
7
2
44
1
4
1
26
2
2
1
66
1
2
2
68
3
4
1
2
2
6
1
39
4
3
1
18
13
1
3
39
5
2
3
47
8
7
1
44
3
4
2
47
4
5
2
11
2
2
1
15
2
6
2
1
3
2
2
30
4
6
1
23
1
6
3
38
9
2
3
38
7
4
2
18
4
4
2
17
2
2
2
8
3
7
2
2
3
7
1
31
6
7
1
10
7
6
1
8
8
6
1
34
7
5
1
47
1
1
2
38
5
6
2
2
1
7
1
35
3
1
1
68
2
2
1
31
3
2
1
61
3
3
2
52
6
4
3
28
10
3
2
61
2
2
1
9
8
7
2
63
2
7
3
11
16
3
1
11
5
2
2
67
2
5
2
22
2
4
3
25
8
2
3
54
2
3
3
23
13
3
3
1
7
4
3
25
5
1
1
26
3
7
1
33
2
2
2
29
3
6
3
37
12
4
1
1
1
7
2
29
1
4
3
40
3
5
3
52
8
1
1
11
7
5
2
10
2
2
2
43
2
4
2
31
3
2
3
2
2
3
2
3
2
2
2
28
1
5
3
6
6
4
2
37
2
7
3
35
3
6
2
18
1
6
2
28
2
3
2
32
4
7
2
6
2
3
3
61
9
7
2
4
1
1
1
45
2
1
1
61
2
4
1
14
9
6
2
66
1
5
1
71
3
6
2
36
5
7
1
54
2
3
1
27
1
1
1
65
2
2
2
23
1
4
1
35
1
1
3
16
1
5
2
10
3
5
1
22
3
1
1
67
1
4
2
71
2
2
3
17
7
7
1
32
3
6
1
53
1
6
3
18
25
6
2
53
3
2
3
28
12
2
3
44
7
3
3
5
2
7
3
29
6
1
2
40
4
2
2
39
4
3
1
43
3
7
3
4
16
1
3
6
4
3
3
29
18
5
1
6
1
5
2
55
1
3
1
36
1
3
3
8
20
1
3
32
5
5
3
3
7
4
3
32
7
4
1
37
2
6
3
8
13
7
2
42
3
6
1
71
2
6
2
60
3
7
2
30
3
6
3
49
8
1
1
42
2
3
2
35
2
1
1
12
8
1
1
27
2
2
3
31
4
2
1
23
2
2
3
61
1
2
1
25
1
2
2
12
1
1
2
27
3
1
3
9
11
1
3
49
2
1
2
41
5
5
3
1
3
5
3
22
3
7
3
60
12
2
3
35
7
7
2
11
3
2
3
42
3
3
3
18
11
7
2
23
3
7
2
71
3
3
1
18
4
5
3
7
4
4
3
34
7
5
1
49
1
5
2
68
2
4
1
41
3
4
1
39
2
5
2
5
2
6
1
37
1
3
1
53
2
2
2
31
4
7
3
2
8
6
1
30
11
7
3
40
5
4
1
13
7
2
1
63
1
1
3
43
8
7
2
12
2
1
1
9
4
1
2
5
1
2
2
42
4
6
2
7
1
1
1
6
2
3
2
45
1
3
3
68
2
7
2
40
3
4
3
63
2
2
3
65
19
4
1
29
2
7
3
42
2
4
3
16
2
7
2
37
1
7
2
1
1
6
3
33
19
5
2
8
1
6
3
23
15
1
2
49
1
5
3
71
1
5
1
60
1
6
2
65
1
2
2
22
3
3
1
33
1
7
1
65
1
1
3
11
14
6
2
67
1
2
3
54
1
2
2
16
1
1
1
10
2
6
2
61
1
7
3
26
12
2
3
17
11
4
1
32
7
5
2
49
3
7
1
66
3
7
3
9
10
6
2
35
3
7
3
36
7
6
1
5
1
7
2
34
3
6
1
67
2
2
1
2
4
2
2
25
1
3
1
8
7
4
1
3
11
2
3
15
7
6
2
63
3
7
3
33
9
3
1
16
1
6
2
27
2
2
2
34
2
6
3
10
17
3
2
26
4
5
1
52
2
1
3
60
4
2
1
63
2
4
2
55
2
2
2
32
1
2
2
33
2
4
1
16
6
1
3
27
9
6
3
7
3
4
2
38
1
3
1
29
1
4
3
41
3
3
1
55
1
5
2
54
1
4
1
7
4
6
1
14
2
4
2
15
1
2
1
7
10
5
3
41
1
3
3
63
7
7
1
60
2
4
3
52
17
7
3
55
8
7
2
54
2
7
2
36
4
7
3
12
6
1
1
25
3
1
1
13
5
7
2
4
2
4
2
13
1
6
1
40
2
1
3
26
2
4
2
25
3
1
3
5
3
3
1
68
1
2
3
27
14
5
3
34
11
3
3
45
1
1
3
67
15
4
2
14
3
3
1
17
12
6
1
42
1
2
3
15
6
1
2
9
2
1
2
47
3
2
3
37
1
6
3
66
6
4
1
41
2
1
1
54
1
2
1
3
5
7
1
36
2
3
2
15
2
5
1
1
3
2
1
4
4
5
3
47
1
4
1
12
11
7
3
39
9
4
3
68
6
7
1
34
6
4
1
5
2
2
1
49
2
5
3
22
11
5
1
38
2
7
1
38
3
7
1
43
2
3
1
52
1
4
2
52
2
1
3
65
21
4
1
47
3
2
3
31
8
3
2
45
3
4
2
16
3
3
2
14
2
3
3
44
6
3
1
30
14
6
2
17
1
6
3
30
20
7
1
45
1
6
3
13
7
6
1
44
2
2
3
4
11
5
3
43
3
7
1
55
2
6
1
15
1
3
1
4
8
5
3
3
9
6
2
7
3
4
3
55
14
1
2
65
3
1
