1
52
3
1
3
43
2
6
1
8
14
5
3
41
1
2
1
68
3
7
2
67
2
3
3
42
2
1
3
54
2
5
2
16
2
5
2
71
3
2
1
10
4
4
1
47
1
4
2
52
4
6
3
4
9
3
3
30
18
2
2
53
3
2
1
5
1
4
2
15
3
2
3
61
7
3
2
54
1
2
3
49
8
1
2
65
2
2
2
44
2
2
2
31
2
3
3
32
6
3
2
1
3
7
2
33
3
3
1
38
1
6
2
39
1
1
1
34
1
2
3
18
18
4
1
42
1
6
2
61
1
6
3
39
6
1
1
26
3
3
2
38
5
7
3
37
1
7
2
25
3
6
2
9
1
2
1
65
2
2
3
54
1
5
1
15
2
3
1
5
2
3
1
43
1
5
2
42
4
1
2
63
3
7
2
18
4
3
3
53
5
5
3
14
8
4
2
13
3
6
3
35
2
7
1
31
13
4
2
35
3
6
2
68
2
4
3
2
9
1
1
45
2
4
3
41
2
3
2
68
4
4
1
40
2
3
3
65
18
2
1
13
8
6
1
6
1
5
1
23
2
5
1
68
1
7
1
40
3
3
1
28
1
1
1
47
2
2
3
32
12
2
1
54
1
4
3
22
11
1
1
66
3
5
2
71
1
6
2
53
2
4
1
36
1
4
1
67
3
2
3
36
13
4
2
9
2
2
1
2
6
2
3
6
2
6
3
5
1
6
3
8
2
6
3
15
1
3
3
22
5
1
3
26
1
1
1
14
4
5
3
44
7
4
3
33
7
2
2
17
2
2
1
14
22
2
2
27
1
2
2
18
1
4
2
44
3
7
3
63
4
3
1
34
11
5
1
41
3
2
1
10
8
5
3
6
1
7
1
27
3
3
3
63
10
6
3
16
3
7
1
1
3
6
3
10
5
3
2
55
3
4
1
49
1
7
2
54
2
1
2
4
3
5
2
2
3
5
3
16
7
2
2
37
2
2
2
11
1
5
2
6
3
3
3
28
13
4
3
68
9
7
2
14
2
3
1
22
1
3
3
55
11
5
2
35
2
3
1
63
2
4
3
52
6
3
1
13
9
3
3
39
9
6
3
37
6
1
2
66
3
3
2
3
2
1
2
39
4
1
3
34
2
6
1
17
7
7
1
15
5
4
2
34
1
5
3
71
2
2
3
3
3
2
3
15
14
2
2
29
3
2
1
3
10
2
1
53
2
6
2
22
1
5
1
11
6
6
2
3
1
2
1
42
2
3
3
27
14
1
1
9
4
4
1
43
2
2
3
44
6
4
1
44
1
1
3
47
3
3
3
14
22
3
1
2
7
2
2
8
2
6
3
29
17
1
1
35
2
6
1
30
9
3
1
49
2
2
1
3
3
2
1
53
1
1
3
11
10
5
3
26
3
5
1
66
2
7
2
2
2
4
1
41
2
4
3
25
2
5
2
30
1
4
1
23
1
5
1
71
3
4
2
31
5
2
3
23
2
1
3
40
2
4
1
25
1
3
2
33
1
5
3
12
6
5
3
10
8
4
2
66
2
1
1
18
3
5
2
27
2
4
1
17
4
1
3
1
8
2
3
47
7
6
2
12
3
1
2
65
4
7
2
29
2
6
3
38
7
1
3
49
7
7
1
28
2
2
3
5
3
6
2
5
1
7
2
43
5
2
1
7
11
5
3
66
1
2
3
60
21
5
3
17
17
7
2
36
3
1
1
9
2
2
2
7
2
7
1
11
2
7
3
71
5
6
3
13
6
5
3
68
3
2
2
63
2
3
2
47
2
7
3
29
10
6
1
44
2
6
1
32
2
2
2
41
4
7
3
45
2
6
1
27
2
3
2
60
1
7
3
40
4
4
2
10
2
7
3
43
5
1
1
16
1
5
2
6
2
5
1
26
2
2
1
33
2
7
2
22
3
4
2
67
1
3
2
49
3
7
3
31
13
5
2
47
1
4
2
26
2
2
3
61
6
1
1
61
3
6
2
37
1
4
2
13
1
5
1
29
1
7
1
45
1
4
3
7
3
7
2
52
7
7
3
2
12
6
2
11
2
3
2
41
2
7
1
1
1
2
2
28
2
1
2
1
1
1
2
32
4
6
1
32
4
4
1
4
3
6
2
45
2
3
3
3
4
6
2
23
3
7
2
10
3
2
3
33
24
6
1
33
5
5
2
55
1
7
2
45
4
7
1
6
2
1
3
45
6
5
2
40
4
3
2
28
1
5
1
31
6
1
1
54
2
2
1
52
2
6
3
1
9
2
2
5
2
6
2
7
1
4
1
30
7
3
1
55
1
7
2
26
1
4
3
4
11
3
3
28
2
5
2
61
2
4
1
55
2
2
2
8
1
1
2
40
2
6
3
34
7
5
3
67
35
4
3
55
15
7
2
16
3
2
3
17
6
1
3
11
15
4
1
12
18
2
2
60
3
3
3
35
6
7
3
23
1
3
1
65
1
1
2
12
2
5
2
36
2
1
2
38
1
4
2
49
1
2
2
34
3
1
1
36
2
7
3
66
2
1
1
18
9
3
1
8
9
7
2
4
2
7
2
30
4
1
3
12
7
1
3
8
5
1
1
60
1
3
3
38
2
5
1
37
2
1
2
42
3
4
2
25
1
1
3
30
19
7
3
9
10
5
3
65
12
6
2
23
2
3
1
7
3
6
3
52
12
3
1
39
4
2
1
16
6
4
2
14
1
7
1
22
2
1
1
67
2
1
3
60
17
3
1
38
2
2
1
12
6
6
1
63
1
7
1
71
2
4
3
36
6
2
2
43
4
5
3
31
26
6
1
25
2
4
3
27
15
1
1
61
1
5
1
60
2
6
2
15
2
6
3
18
3
3
1
4
1
2
3
42
1
6
3
53
7
7
2
32
2
5
3
7
4
7
2
17
1
6
1
39
1
5
3
25
9
1
1
35
3
5
1
37
1
7
3
67
5
4
1
29
2
1
3
13
1
4
3
9
18
1
