1
15
4
1
2
52
2
6
2
28
3
3
3
38
12
6
3
55
1
1
1
40
3
3
2
55
2
7
2
4
2
2
3
27
13
2
2
27
3
2
2
55
1
5
1
60
2
2
1
31
13
7
1
9
12
5
1
17
13
1
2
8
3
1
1
23
1
2
3
52
10
5
3
60
6
1
3
36
2
5
3
8
19
6
3
39
10
5
2
3
1
1
1
38
1
2
2
49
3
5
2
71
3
5
1
27
3
4
2
37
2
6
2
25
3
4
3
37
10
7
3
4
9
1
3
23
8
6
3
6
6
6
2
29
2
6
1
14
8
4
3
31
26
1
2
25
2
6
2
65
4
2
1
6
2
1
1
54
2
7
1
55
1
4
3
71
5
3
1
71
1
1
2
41
4
4
3
45
1
5
3
41
2
7
1
26
2
5
2
66
3
5
2
68
3
7
3
34
7
4
1
54
1
7
2
40
4
3
2
41
3
4
2
38
2
5
3
28
3
3
1
53
2
1
1
10
1
2
1
66
3
4
3
44
6
1
3
7
5
3
1
68
2
1
2
15
2
1
1
33
8
2
2
35
3
5
1
26
3
1
1
49
1
1
3
23
10
3
1
65
2
2
1
44
1
4
2
49
2
3
2
67
2
1
1
22
2
1
2
11
2
7
3
66
7
7
1
39
1
2
1
25
2
7
2
65
2
3
1
33
5
1
3
6
1
1
3
9
14
6
1
36
2
2
1
37
2
2
3
33
7
6
2
45
3
4
2
6
1
2
1
23
3
5
3
52
4
4
1
53
1
7
1
5
1
5
2
16
1
7
2
26
4
3
3
32
3
5
2
52
6
6
2
1
1
1
1
63
2
3
2
43
5
7
1
41
2
3
3
49
5
7
2
61
1
3
2
8
2
4
2
67
1
3
1
42
1
4
3
11
3
5
3
30
7
4
1
47
3
7
2
71
2
6
3
1
6
4
3
65
14
4
1
66
2
1
3
33
2
2
2
4
3
4
1
11
9
2
2
14
2
6
3
29
2
1
2
63
3
3
3
13
6
4
3
54
2
7
3
11
25
1
1
49
2
2
1
52
1
1
3
38
3
5
3
34
1
7
3
61
3
4
3
42
2
1
3
2
7
2
3
27
4
1
3
63
4
2
2
44
4
1
3
2
2
5
1
14
15
1
3
1
2
6
2
18
3
4
1
71
3
3
2
10
3
7
1
4
8
2
2
17
1
1
2
54
1
6
3
47
7
7
2
27
1
4
1
8
14
4
2
33
2
6
1
65
1
7
3
25
5
5
1
34
4
6
1
3
5
1
3
54
1
6
2
53
1
3
3
39
1
6
2
42
2
1
1
61
3
2
2
60
1
2
1
12
13
6
2
42
4
5
1
32
3
6
1
60
1
7
1
28
3
5
3
15
5
4
3
40
4
2
1
63
1
7
2
31
1
6
1
12
1
6
2
36
3
6
3
67
34
7
2
16
2
6
1
35
1
5
1
42
2
2
2
9
3
2
3
43
5
4
1
27
2
6
1
9
6
1
1
41
1
5
1
13
7
5
1
67
2
7
3
10
5
7
2
30
3
5
2
23
2
6
3
16
6
3
1
32
1
3
2
12
2
3
1
16
3
7
2
23
1
5
2
7
2
1
2
36
5
4
2
54
2
2
2
47
4
3
2
26
2
7
3
4
11
3
1
36
1
5
3
45
5
2
3
16
1
4
1
1
3
2
2
5
2
1
1
28
1
5
2
38
3
3
1
18
15
5
1
38
3
2
2
34
2
2
1
13
9
4
3
12
3
4
1
29
3
3
3
61
11
5
1
34
5
2
3
37
6
4
3
35
5
5
1
25
3
2
2
3
2
4
3
28
6
4
3
71
1
6
2
10
1
7
2
60
3
4
3
17
3
3
3
9
18
2
2
13
2
4
3
42
3
6
2
5
1
4
2
18
1
6
2
35
1
2
1
35
2
7
1
8
12
7
1
7
7
3
3
53
1
6
2
17
3
3
3
36
15
2
3
30
23
4
1
11
3
7
3
18
19
5
2
39
1
6
3
14
19
1
3
31
28
7
2
1
3
2
2
32
2
7
3
12
2
7
1
17
10
1
3
29
16
6
3
17
9
6
3
25
9
7
2
13
1
6
1
29
1
1
3
47
1
2
3
55
12
1
2
44
5
1
3
3
8
2
3
14
24
4
2
47
3
3
2
6
2
4
1
16
6
3
2
31
5
3
2
68
1
5
3
43
6
2
1
43
3
7
2
53
2
1
1
67
3
4
3
66
3
7
1
6
1
3
3
26
6
4
2
22
1
1
1
47
1
3
2
11
1
3
2
12
3
1
1
30
17
5
1
37
1
4
1
45
2
3
2
15
1
2
2
2
2
4
2
39
2
2
2
63
1
4
2
61
3
1
2
30
2
6
1
1
2
5
3
18
5
1
3
53
3
6
3
40
1
7
3
68
13
7
2
29
1
7
3
35
7
2
2
28
2
1
1
68
3
6
3
63
13
6
1
22
3
6
3
60
30
7
1
39
4
3
1
52
2
5
1
18
9
6
3
13
7
4
3
68
2
4
1
5
2
2
3
15
13
5
2
14
3
7
2
40
2
7
1
15
2
1
2
45
4
7
2
7
1
4
1
44
4
5
1
40
2
7
2
34
3
6
1
4
5
6
1
3
6
5
3
5
3
1
1
45
1
3
1
2
7
5
3
26
8
5
3
5
5
4
3
49
7
1
1
61
2
5
2
2
1
4
1
55
2
6
3
3
4
1
2
32
1
1
2
43
1
6
3
41
1
3
3
65
17
2
1
31
12
2
1
43
1
4
1
2
5
3
3
44
1
3
2
22
3
5
3
22
3
2
1
30
20
1
1
10
7
5
2
9
2
3
3
67
22
1
2
33
1
2
1
7
2
6
2
66
2
7
2
37
3
3
3
22
11
1
3
7
3
7
3
8
4
7
3
32
10
4
3
10
12
5
