3
5
5
6
3
43
3
4
3
22
9
3
2
39
2
4
2
23
1
2
1
22
1
5
3
12
2
5
2
27
2
3
2
16
3
5
1
12
14
5
3
23
12
4
3
65
10
2
2
31
2
3
2
25
1
2
1
10
8
7
2
36
1
6
1
55
2
3
3
47
10
3
3
55
6
5
1
8
13
6
1
8
12
5
3
52
12
3
1
26
2
2
1
49
1
6
2
1
3
1
2
40
3
6
1
14
3
6
1
49
2
7
2
43
2
3
2
30
1
5
2
35
2
2
3
25
4
5
3
53
6
6
1
31
4
4
2
12
3
5
1
54
3
4
1
29
1
1
3
54
2
5
2
3
2
4
1
12
7
6
2
44
5
4
3
45
6
5
2
23
2
4
3
67
3
7
1
25
1
2
1
30
13
5
2
36
5
1
2
7
3
5
2
13
1
5
2
29
3
7
2
5
1
7
3
63
11
6
2
40
1
5
3
47
6
3
3
11
7
1
3
12
6
7
3
2
8
7
3
27
9
5
1
67
3
6
1
28
3
3
3
35
6
4
1
34
11
6
2
45
2
4
3
68
10
6
3
27
16
2
1
44
4
2
3
32
4
5
2
52
5
5
3
16
5
3
1
54
2
4
3
37
5
3
1
15
3
2
2
15
3
2
2
65
3
2
3
43
6
2
1
52
3
1
1
33
7
2
2
14
3
5
2
13
2
6
2
60
3
4
2
68
1
4
1
61
2
6
1
42
2
4
1
16
1
4
2
11
3
7
3
67
6
1
2
38
1
4
1
29
2
1
2
28
1
1
1
41
2
5
3
15
13
7
1
28
1
6
1
2
7
3
3
3
5
2
3
49
4
1
3
42
4
2
3
10
13
6
3
45
3
7
1
17
1
6
2
22
2
6
1
10
6
6
1
7
11
3
3
5
4
2
3
15
3
1
2
26
3
7
3
66
3
4
3
17
11
6
1
60
2
3
1
23
2
5
1
14
22
3
3
39
7
4
1
42
1
4
1
45
1
7
2
53
2
2
1
2
3
7
1
18
10
6
3
11
1
3
3
14
12
7
2
63
1
4
1
11
1
4
3
4
1
4
1
25
3
1
1
32
1
4
3
7
2
7
1
37
1
3
2
18
4
5
3
22
5
7
3
7
5
3
1
1
1
6
3
53
7
4
1
6
2
7
2
34
1
3
3
35
7
1
2
47
3
3
3
40
6
3
2
9
3
2
1
43
2
5
2
27
1
1
2
32
2
6
1
6
1
4
3
33
3
4
1
18
15
4
1
45
2
7
3
44
4
5
3
25
9
7
2
41
2
7
3
23
3
6
2
47
2
1
3
38
12
3
2
55
2
2
2
67
1
2
1
55
1
5
2
2
2
7
3
42
2
1
2
5
3
1
3
34
11
2
1
39
4
7
2
71
3
7
2
28
2
2
1
53
1
2
3
14
8
3
3
28
9
1
1
35
4
6
1
39
1
5
2
4
2
2
2
67
2
2
3
61
7
2
1
4
5
7
2
37
4
3
1
66
3
4
1
4
7
2
3
29
15
4
1
36
1
6
1
65
2
6
3
30
19
1
2
32
1
4
1
61
3
4
3
55
5
6
2
1
2
3
2
49
1
5
2
10
1
7
1
34
7
3
1
27
3
5
2
55
3
1
3
10
25
2
3
9
28
6
2
49
4
5
2
54
1
2
3
18
15
7
2
38
4
5
3
18
12
2
2
4
3
5
2
63
2
3
3
66
8
3
3
71
1
2
3
60
6
1
2
54
2
1
3
39
2
2
3
9
24
5
1
65
1
6
1
38
1
7
1
32
2
4
3
1
5
3
1
22
2
7
2
16
1
2
2
17
2
7
1
30
18
2
2
8
1
2
3
8
7
7
1
53
2
1
2
35
1
7
1
27
2
6
3
44
8
1
1
71
3
3
1
44
2
4
2
18
2
6
1
5
2
5
3
41
3
5
3
13
5
1
1
3
7
3
3
28
7
2
3
26
11
6
3
32
11
3
2
29
2
1
3
6
6
7
1
52
1
1
1
17
9
7
2
9
2
7
2
61
3
2
3
33
2
1
2
43
1
6
1
60
1
3
1
67
2
3
3
16
8
4
1
7
5
3
3
36
4
4
3
34
1
1
1
33
3
7
1
47
2
5
2
22
3
6
2
34
2
7
2
17
1
7
2
44
2
1
1
63
2
2
3
65
19
7
1
16
4
4
3
63
13
7
2
6
2
4
1
23
1
7
3
13
2
1
1
31
9
7
2
30
3
7
3
68
17
6
2
12
1
4
1
35
1
3
2
37
2
5
2
25
2
2
3
2
11
5
1
36
2
4
1
38
3
6
2
26
2
1
3
49
3
2
2
11
2
1
2
15
2
1
2
31
3
4
3
8
10
4
2
53
1
5
1
13
7
2
1
68
2
1
3
17
2
7
2
8
2
7
1
9
2
5
3
40
2
6
2
61
2
5
2
10
3
4
2
42
4
2
1
66
2
3
2
3
3
7
2
66
2
7
1
26
3
1
3
31
11
2
3
1
2
1
1
9
5
5
3
29
9
1
2
66
1
4
1
47
1
2
2
14
2
2
2
7
1
5
2
60
1
3
3
54
1
1
3
4
7
7
3
3
10
2
2
41
5
7
2
6
1
4
2
33
3
6
3
71
4
6
1
41
3
4
3
61
5
7
2
52
4
2
1
1
2
7
1
63
1
4
2
68
4
7
1
13
6
2
3
38
7
7
1
68
1
1
1
40
3
4
1
71
2
3
2
33
2
1
1
15
4
2
3
36
12
7
3
60
2
3
1
37
2
5
2
42
1
7
1
11
10
3
2
71
1
4
3
41
1
6
1
40
1
7
2
65
1
4
1
5
1
7
1
3
1
5
3
52
13
4
2
45
4
7
3
26
12
7
3
37
8
1
2
39
3
4
3
6
3
1
3
31
23
4
1
43
1
5
2
2
1
4
3
30
25
1
