1
33
7
4
1
53
1
3
2
3
3
1
2
37
1
3
1
43
2
4
1
14
5
2
2
49
4
1
1
11
3
4
2
29
1
5
1
33
2
6
1
35
1
3
1
23
2
5
2
44
3
6
1
34
5
3
2
63
3
5
3
63
13
3
2
43
4
2
3
13
5
4
1
12
18
1
1
1
3
6
1
63
2
1
2
6
2
7
3
44
4
7
2
71
3
3
2
30
2
7
2
4
2
7
1
65
1
3
3
52
11
6
1
45
2
6
3
38
5
5
1
2
6
7
1
55
2
4
2
14
3
5
1
4
4
5
3
71
3
6
2
33
1
5
1
12
8
3
1
53
2
1
3
39
2
5
2
54
1
3
1
28
2
6
3
7
2
6
2
38
1
7
2
60
2
6
2
7
3
2
2
39
3
1
3
17
3
6
2
27
1
7
3
14
26
1
1
67
1
7
2
36
4
2
1
23
1
4
2
26
3
1
3
65
13
2
2
29
3
1
2
42
3
5
1
39
4
5
2
39
1
1
1
22
3
3
2
65
1
2
3
60
22
6
1
15
5
1
2
15
2
1
2
34
2
6
3
32
4
2
2
7
1
4
1
40
3
3
3
11
14
6
3
22
5
6
3
2
7
4
2
31
2
4
3
26
6
7
2
6
3
6
2
11
3
5
2
65
2
3
3
8
18
3
3
33
23
1
1
38
3
1
2
13
2
7
3
16
6
6
1
13
9
4
3
15
9
3
2
2
3
2
2
71
2
4
3
35
3
6
3
30
8
1
1
18
5
3
2
35
3
5
3
68
12
4
1
25
2
5
2
5
1
5
3
25
2
1
1
47
3
6
3
27
4
7
2
40
2
7
3
54
1
2
3
4
8
7
2
66
1
5
2
2
1
5
3
47
7
7
3
68
10
7
3
14
17
5
3
9
5
2
1
41
1
6
2
13
3
6
3
34
11
7
3
60
20
1
3
40
2
2
3
61
5
5
3
16
1
6
3
10
6
6
1
67
2
3
1
16
2
6
1
22
1
7
3
38
6
1
1
44
4
4
1
29
1
5
3
42
1
6
1
3
11
3
3
65
14
4
2
52
4
7
1
47
2
3
2
25
3
3
3
36
15
5
1
26
1
7
3
39
8
6
1
55
1
7
3
31
19
2
1
16
4
5
2
18
2
2
3
28
11
6
3
47
1
6
3
53
7
7
3
63
8
1
1
5
1
6
1
38
1
7
3
26
4
5
2
5
3
3
3
22
8
5
1
60
2
2
3
23
2
7
2
63
2
4
2
67
2
2
2
53
3
1
2
61
2
3
3
54
2
5
2
37
3
3
3
7
5
5
1
13
6
6
3
30
21
1
1
6
1
3
1
34
9
3
1
30
2
1
2
17
3
7
3
3
4
6
1
43
3
3
1
17
3
1
2
10
1
5
2
26
4
6
3
18
15
7
2
31
1
1
3
37
10
2
2
61
3
7
1
1
1
2
1
4
2
7
2
43
2
1
2
40
4
2
2
30
4
7
2
32
1
6
2
12
3
4
3
4
20
6
1
42
2
1
1
10
2
5
1
49
2
3
3
44
3
4
1
40
1
6
1
49
1
3
1
9
4
3
3
35
4
4
2
38
5
6
2
35
1
3
3
6
2
1
1
41
3
2
3
52
8
5
1
7
1
4
1
37
2
2
2
8
3
6
1
52
2
6
1
71
3
4
1
30
6
5
3
2
6
6
3
41
4
5
1
9
11
5
3
1
9
4
2
44
2
1
3
5
2
3
3
27
8
2
3
25
6
2
1
15
4
3
2
16
1
4
1
3
5
2
2
32
2
4
1
17
5
3
3
23
19
1
2
28
3
6
1
27
1
4
2
68
4
2
2
1
2
7
2
33
3
3
2
55
2
5
1
36
2
3
1
65
2
2
2
23
3
3
1
32
3
6
2
45
3
6
3
11
22
3
3
15
6
5
2
47
1
7
1
39
2
1
3
31
18
4
3
3
2
5
1
32
6
4
1
7
8
6
1
2
1
5
3
66
4
1
3
53
6
3
2
17
2
3
2
15
3
7
3
71
5
7
2
10
3
2
1
36
3
3
1
54
3
1
2
34
1
5
1
6
2
5
1
11
2
3
3
5
5
4
2
23
1
2
3
9
10
1
1
5
2
5
1
60
1
2
2
54
2
4
2
52
1
7
1
44
1
7
1
66
2
4
2
3
2
6
2
28
1
3
3
33
22
4
3
36
7
3
2
9
1
7
1
63
1
3
2
18
3
4
1
14
2
6
1
54
2
1
3
10
8
2
3
45
5
4
2
55
3
2
3
49
1
3
3
12
1
7
3
49
4
2
2
9
2
4
1
8
4
3
3
1
2
6
3
13
9
2
1
10
5
4
1
42
1
3
2
25
2
3
1
37
1
6
3
32
6
6
2
49
3
6
3
40
6
7
1
61
3
7
2
12
1
4
1
68
1
6
1
61
2
5
3
61
8
4
2
8
2
3
1
25
3
1
2
45
2
6
2
41
4
4
1
52
3
6
1
35
4
4
3
37
11
1
1
31
9
5
3
45
4
7
1
27
2
2
3
17
6
7
3
55
17
4
1
31
7
7
2
42
4
1
3
6
6
5
3
42
4
1
3
66
1
2
1
71
1
3
1
28
3
6
3
12
7
3
3
43
3
3
3
8
1
6
3
41
3
4
2
47
2
3
2
60
4
2
1
26
2
6
3
29
12
4
1
45
1
3
3
34
7
4
2
66
2
4
2
41
2
5
3
29
4
2
3
18
22
3
3
55
12
4
2
68
3
4
2
16
2
3
3
43
7
5
1
29
2
6
2
1
1
3
3
28
3
7
2
27
2
5
2
53
2
7
2
36
3
7
2
22
3
2
1
18
2
1
2
22
2
1
2
14
1
5
3
67
15
7
2
67
1
6
2
11
1
5
1
68
3
3
1
66
1
5
1
8
11
7
3
67
35
2
2
4
1
7
