3
8
3
6
1
41
3
2
2
63
3
5
2
28
2
5
2
68
1
4
1
25
3
2
3
42
2
1
2
6
3
6
1
35
2
4
3
49
6
5
2
71
1
4
3
61
5
7
1
53
1
2
1
61
3
2
2
10
1
5
1
5
2
3
3
68
17
1
3
47
9
1
3
17
14
7
1
55
1
5
3
1
6
3
1
10
8
4
3
28
11
4
1
37
2
2
3
53
8
7
3
13
9
4
2
61
1
4
1
1
3
1
2
7
1
7
1
2
1
2
2
39
4
5
2
61
2
2
3
45
5
6
2
44
4
5
1
33
5
7
1
12
12
2
2
55
3
5
3
28
15
3
2
54
2
2
2
33
2
5
1
34
11
3
1
30
7
2
2
31
2
5
2
52
4
3
3
32
4
6
2
2
2
4
1
33
7
7
2
16
3
2
2
13
1
7
2
37
3
6
1
13
7
5
2
15
3
1
3
31
28
7
1
65
1
3
3
9
22
2
1
71
1
5
3
39
7
1
1
11
10
7
3
65
4
5
3
55
3
2
3
36
5
6
2
42
3
3
1
25
1
5
1
49
2
1
3
33
16
4
1
38
1
3
2
67
2
6
3
34
5
2
1
4
3
1
3
18
19
4
3
26
10
6
3
23
15
4
2
29
1
2
3
42
4
4
2
15
2
3
1
6
2
6
2
9
1
5
1
61
2
6
3
52
3
2
2
22
2
4
3
14
6
1
2
23
3
2
1
31
8
4
3
52
8
4
2
22
3
4
3
45
1
7
3
10
20
5
1
3
7
5
3
12
7
4
2
41
5
3
2
49
4
6
2
45
2
2
1
71
3
7
2
34
1
5
3
12
4
3
3
71
1
7
3
23
11
6
2
5
2
5
1
35
1
3
3
25
3
7
2
25
1
5
1
44
2
1
3
60
23
2
2
25
2
7
2
40
1
6
2
55
1
7
3
30
13
3
1
54
1
5
1
30
14
6
3
10
4
5
2
38
1
2
3
5
1
6
2
11
3
7
2
36
1
6
2
4
2
7
3
34
10
6
2
7
3
5
2
17
2
3
3
37
7
5
3
26
6
2
3
4
17
6
1
39
2
1
3
16
8
7
1
4
4
7
3
1
9
5
2
32
1
7
1
22
3
5
3
2
9
1
1
63
2
2
1
26
1
5
1
15
5
7
3
11
16
5
1
65
2
1
1
40
1
7
3
7
3
4
1
23
1
7
2
27
1
3
3
41
3
2
1
42
2
6
2
54
1
6
1
63
1
7
1
49
1
3
1
60
2
2
3
63
5
6
2
1
1
6
2
36
4
3
2
12
3
1
2
60
1
6
1
8
2
1
2
41
4
2
1
68
1
7
2
13
2
1
3
40
3
5
2
39
2
2
3
35
2
3
1
60
1
5
2
27
2
7
1
28
3
2
2
68
4
4
2
45
4
1
1
40
3
4
1
39
1
6
3
25
4
5
1
9
13
5
2
16
2
3
2
52
2
7
3
5
3
1
2
10
3
4
2
34
3
1
1
42
1
3
3
44
7
4
2
63
1
1
1
34
9
2
3
6
6
6
3
47
6
4
1
32
2
7
1
10
6
6
2
30
3
7
1
67
2
5
1
14
19
4
1
43
3
7
1
16
2
7
3
35
4
3
3
54
1
3
2
23
1
7
1
1
2
5
3
16
6
7
2
3
3
6
3
38
11
2
3
43
3
2
1
8
17
2
1
47
1
4
2
4
3
2
1
31
14
5
3
14
24
2
1
12
1
5
2
35
1
1
1
45
1
3
3
61
2
5
2
40
4
5
3
36
4
4
3
41
1
2
2
44
3
6
1
44
4
1
3
4
25
3
3
37
6
4
1
23
3
2
3
3
5
4
2
8
1
4
1
6
1
7
1
52
2
5
2
11
2
3
1
36
2
4
3
68
13
1
1
38
3
4
2
66
3
5
3
33
18
5
1
52
1
2
2
49
3
7
3
13
7
2
1
55
2
3
1
53
2
1
2
35
2
6
2
18
3
2
3
49
5
7
2
6
1
2
2
3
2
1
1
29
1
1
3
71
4
2
2
60
4
2
2
71
3
4
1
13
1
6
1
16
6
7
3
27
4
7
3
43
2
5
3
66
9
2
3
15
6
1
2
33
1
4
1
7
7
2
3
22
2
1
2
9
3
4
1
27
1
6
1
26
2
6
3
55
4
3
3
40
1
1
3
65
19
5
3
18
23
2
3
11
13
6
1
43
2
7
2
26
2
4
1
2
3
2
2
14
1
5
1
37
1
7
1
14
21
5
1
45
2
1
3
53
5
3
2
53
3
2
1
7
8
5
3
8
15
4
1
18
12
4
2
8
2
1
3
2
5
4
3
30
9
1
3
7
2
2
1
27
3
4
1
47
2
2
2
14
3
4
2
29
3
3
2
65
2
1
1
41
1
3
2
38
3
2
1
11
3
5
1
66
1
3
2
66
2
1
2
17
3
6
1
9
14
3
2
28
3
7
3
17
13
5
3
60
26
3
2
37
4
4
2
5
3
5
3
15
9
6
2
31
3
6
1
66
3
4
3
31
20
4
2
26
4
5
3
63
2
4
3
44
10
1
3
6
4
5
3
66
4
3
1
68
3
7
1
28
2
6
1
15
1
4
2
30
4
6
3
22
4
2
1
3
8
6
1
5
1
1
1
22
2
7
2
12
1
6
1
32
4
4
2
42
1
7
3
39
8
3
1
54
2
2
3
29
16
2
2
47
3
2
3
9
9
7
2
43
5
5
3
67
34
7
3
32
5
5
2
65
3
5
1
18
11
4
1
17
4
7
2
1
2
7
1
67
1
4
2
53
2
7
2
2
3
4
1
29
3
1
3
3
7
2
2
67
1
5
1
36
3
3
3
38
7
4
3
29
18
2
2
32
3
7
3
67
19
4
3
27
12
4
2
18
1
6
3
54
2
3
2
43
4
5
1
17
6
4
2
47
1
5
