3
11
13
4
2
60
4
5
2
30
3
5
1
12
12
4
1
39
4
3
3
17
14
4
3
38
11
5
2
15
1
1
1
23
1
4
1
13
8
6
2
11
3
6
2
61
3
7
3
3
2
5
2
9
3
6
2
11
2
5
2
71
1
5
1
37
2
3
2
67
2
2
1
42
2
2
1
43
3
2
2
66
2
5
3
28
3
4
2
1
3
3
1
60
1
2
1
37
1
2
2
38
4
1
1
22
3
5
2
10
3
2
1
33
5
1
2
40
4
3
1
67
2
2
3
53
2
5
3
23
13
1
2
34
3
7
2
8
2
3
3
33
4
1
1
33
6
5
2
3
2
5
1
4
3
2
3
27
4
4
3
43
8
7
3
32
6
3
2
67
1
3
3
53
8
7
1
26
3
2
2
14
1
2
1
30
21
4
3
2
2
5
2
44
1
1
1
8
17
2
1
1
3
5
2
43
2
4
1
71
3
5
3
44
9
2
3
29
3
4
3
26
2
1
3
31
10
3
1
49
2
5
2
22
3
5
1
29
2
2
1
60
2
2
3
39
8
1
1
53
1
5
2
13
1
7
1
4
6
4
2
27
3
2
2
12
2
5
3
38
5
6
2
28
3
7
1
54
2
4
1
18
3
2
2
39
3
6
2
52
1
3
3
22
6
7
1
38
1
7
2
33
3
6
3
49
8
3
1
7
5
2
1
52
2
2
3
1
2
3
1
22
2
6
1
5
2
2
3
27
7
4
1
53
2
4
3
65
13
4
2
42
2
4
1
23
3
1
3
6
2
7
2
16
3
4
3
63
5
4
2
26
1
2
1
11
10
3
1
7
6
1
1
9
11
1
3
4
10
3
2
25
2
4
1
25
2
4
1
6
2
5
2
36
2
3
2
3
1
3
3
15
10
4
1
65
2
4
1
14
11
3
1
2
1
5
2
32
1
4
2
27
2
5
1
54
3
7
3
22
2
2
3
55
5
6
3
23
18
5
2
35
1
2
3
40
1
5
2
29
2
4
2
6
2
7
3
8
4
7
2
37
2
6
1
32
3
6
1
43
1
5
1
10
2
1
2
68
3
3
2
65
2
1
3
9
8
7
2
22
2
1
2
12
3
5
2
54
2
1
1
66
2
2
1
63
1
6
3
25
2
4
1
25
1
7
2
6
3
2
3
44
10
3
3
42
4
5
2
28
2
2
2
47
3
7
2
34
1
6
2
1
1
3
3
66
2
5
2
33
1
4
3
34
5
1
3
14
15
6
2
54
1
2
3
54
2
6
2
44
5
1
1
8
2
6
3
68
12
1
3
32
11
4
2
42
4
2
3
43
1
1
1
18
2
3
3
11
2
5
2
9
1
7
2
2
1
7
2
47
4
2
1
35
4
5
1
40
2
2
2
37
3
5
3
25
8
5
2
36
3
3
1
27
2
5
3
13
5
6
3
3
4
3
2
25
3
7
2
31
4
6
3
12
4
7
3
41
2
5
2
66
1
5
3
47
10
3
1
35
3
2
1
47
1
6
3
18
14
5
1
68
2
3
1
41
1
6
3
5
5
6
1
6
1
7
3
60
28
1
1
47
3
6
2
63
3
5
3
7
5
3
3
30
23
6
1
1
1
5
1
26
1
6
1
71
1
5
2
23
3
2
1
28
2
2
2
32
2
4
1
61
1
1
3
40
2
7
2
5
1
6
1
45
1
3
2
40
1
4
1
31
7
2
1
3
7
2
1
49
1
6
3
61
9
6
2
52
7
3
2
60
1
6
1
42
1
6
3
16
3
4
2
63
1
6
1
16
2
7
2
53
1
7
2
68
2
2
1
5
1
5
3
45
4
5
1
16
1
4
3
9
31
5
2
38
5
5
2
17
2
6
2
43
5
5
1
36
2
2
1
65
1
4
3
66
4
1
1
17
16
5
3
4
3
2
1
28
3
2
1
34
9
7
2
14
3
1
3
39
9
5
1
2
3
7
1
61
2
1
3
68
11
4
2
17
1
2
2
8
3
1
3
35
8
5
3
5
4
3
1
68
3
3
2
71
3
5
2
45
1
2
1
55
2
5
2
4
2
2
3
71
1
7
2
49
3
3
2
26
4
1
2
31
2
1
3
8
10
6
3
71
2
5
1
15
3
6
3
49
7
1
3
17
13
1
1
11
5
6
3
18
16
3
1
55
1
4
3
13
2
5
2
23
2
6
2
18
3
1
1
32
7
5
3
33
15
1
3
37
3
5
1
45
2
5
2
13
3
1
1
29
3
7
1
13
1
4
3
45
1
2
3
47
7
3
1
44
1
6
2
61
1
7
2
45
2
3
3
29
6
5
1
27
1
7
2
30
4
2
1
66
1
3
1
15
2
5
1
9
4
3
3
15
13
6
3
52
4
4
3
55
2
6
1
63
2
7
2
41
2
7
3
12
5
7
3
52
11
2
3
14
26
7
3
6
6
5
2
7
3
4
1
40
1
6
1
44
3
7
2
41
5
1
3
63
9
6
3
60
27
6
3
2
7
2
2
7
2
2
3
35
3
7
3
37
11
3
3
36
7
7
1
10
7
1
2
29
1
3
3
28
2
7
3
16
4
6
2
15
2
1
1
38
3
2
3
67
9
4
3
42
1
4
1
39
1
6
2
18
4
7
3
31
2
1
2
5
2
7
2
53
3
1
3
10
12
5
3
10
16
1
3
41
1
7
1
52
3
6
1
30
7
4
1
31
12
7
3
61
6
1
2
4
3
1
1
12
15
1
1
3
4
4
1
41
2
5
3
26
1
6
1
36
1
6
2
2
3
6
1
67
3
6
1
14
10
3
3
54
1
3
2
39
1
7
3
7
2
5
2
55
1
2
3
36
4
4
3
67
23
2
2
10
1
6
2
16
1
1
2
55
3
1
2
49
4
3
3
65
20
3
1
34
7
7
2
35
2
4
3
34
8
4
3
1
7
4
1
17
7
5
2
65
1
6
3
30
18
4
