1
33
6
4
3
40
3
1
1
47
3
2
2
27
1
4
3
2
10
7
1
71
2
5
3
37
4
3
3
1
5
1
2
22
3
2
1
4
6
6
1
23
2
4
3
31
26
3
2
1
1
3
1
7
4
6
2
34
3
5
3
37
5
2
3
60
32
4
2
11
3
4
2
52
4
4
3
22
8
4
1
18
4
7
2
10
2
6
2
9
2
5
3
30
2
6
1
61
1
6
1
65
2
6
2
54
1
2
2
28
3
1
2
38
5
2
2
44
3
3
3
32
11
5
2
14
2
5
1
44
4
5
3
5
3
4
1
35
4
7
1
42
2
7
1
37
2
4
2
71
2
7
3
53
3
7
3
32
3
5
3
44
4
3
1
60
1
6
1
49
1
4
3
7
1
3
2
10
1
5
1
41
1
5
2
45
2
6
1
44
2
7
2
65
4
2
2
39
1
6
3
33
14
6
2
67
1
6
3
49
3
4
1
23
3
5
1
26
2
7
2
36
1
4
1
14
11
7
2
65
1
7
3
42
2
1
2
9
1
3
2
49
3
2
3
17
15
7
1
32
5
6
2
60
4
3
1
36
1
2
3
65
8
5
2
32
2
2
1
39
4
2
1
40
1
4
3
5
2
6
2
67
2
4
2
17
1
4
1
47
1
1
3
25
1
2
2
15
3
5
3
11
14
7
3
27
12
5
3
39
8
3
3
11
4
2
1
10
6
7
3
9
12
5
3
18
23
7
1
39
2
4
1
53
2
2
3
38
9
2
2
71
3
5
3
41
3
1
1
17
4
2
2
22
2
2
1
36
2
5
3
60
24
7
1
31
3
3
3
43
4
3
1
60
2
7
3
71
5
6
3
3
3
1
2
45
1
5
2
36
2
6
1
6
1
5
2
31
4
4
1
12
16
1
1
2
2
5
3
15
3
6
1
32
7
1
1
52
1
1
3
35
6
2
1
3
8
6
1
14
1
1
1
3
2
5
3
66
9
4
3
2
9
3
2
40
3
4
3
28
2
7
2
3
3
2
2
49
1
6
1
53
1
3
3
67
11
7
1
68
1
5
3
6
1
5
1
13
8
3
2
31
2
6
1
33
2
7
1
27
2
6
1
34
11
3
1
1
1
6
2
55
2
7
3
61
11
4
1
54
1
1
2
23
2
4
3
54
1
3
3
13
6
7
2
54
2
6
3
1
4
2
2
61
1
3
3
23
4
6
2
2
3
1
3
12
3
3
2
26
1
7
2
25
1
4
3
68
6
7
2
68
4
5
2
29
2
4
1
34
6
2
3
44
9
4
2
13
2
1
3
16
7
3
3
18
15
3
3
17
12
1
2
53
3
1
3
33
21
3
2
30
3
3
1
11
10
3
3
53
5
4
1
8
3
3
2
16
3
3
3
22
10
7
2
32
4
1
2
37
2
7
3
45
5
6
3
12
5
3
1
15
2
3
1
27
3
7
2
8
3
2
1
16
7
5
3
49
2
3
2
16
2
3
1
45
1
2
3
55
2
1
1
2
3
6
2
1
3
2
2
61
2
5
1
30
13
3
1
7
1
2
1
66
3
3
1
38
1
1
2
25
3
5
2
14
3
2
1
8
10
5
2
30
1
3
3
34
11
3
1
25
3
7
3
28
8
2
3
15
7
7
1
28
2
6
3
8
1
3
3
3
1
4
2
47
4
7
1
71
1
3
3
63
2
3
1
29
1
3
2
41
3
6
2
18
1
6
3
35
5
3
1
61
3
4
1
66
1
1
3
54
2
3
2
66
3
7
2
15
1
6
2
4
2
5
3
47
5
7
3
25
5
6
3
27
16
4
1
43
2
4
2
4
3
3
2
42
3
5
1
9
4
7
2
44
2
1
1
35
2
5
3
36
2
1
2
28
1
6
3
16
1
1
3
23
11
3
3
55
12
5
1
28
1
3
3
13
8
5
1
12
4
4
1
22
2
6
2
12
3
5
3
9
22
5
1
17
11
6
3
34
7
4
3
31
1
5
3
14
19
1
2
12
1
3
2
63
1
7
3
10
11
6
2
7
3
4
3
26
7
1
3
6
3
4
1
26
3
4
1
55
1
4
1
5
2
7
1
52
2
6
3
42
3
7
2
42
2
4
2
35
1
2
1
5
1
3
1
29
3
4
1
63
2
5
1
16
5
1
3
29
8
7
3
10
22
5
1
67
3
2
3
71
3
1
1
4
3
1
3
65
6
5
2
53
1
5
2
39
3
7
2
38
2
2
3
29
7
7
1
42
1
4
2
68
1
2
1
63
1
2
1
30
21
1
1
1
2
1
1
43
1
2
2
8
1
2
3
7
5
2
3
41
2
7
3
61
6
1
2
17
3
6
3
52
12
7
3
38
12
6
2
60
3
4
2
33
2
4
2
13
3
4
1
54
2
2
2
55
3
3
2
33
3
5
1
15
4
4
3
40
5
5
3
36
6
4
2
27
2
4
1
10
3
7
2
41
4
7
1
49
2
6
2
3
1
6
3
4
22
5
1
40
2
2
3
26
12
6
1
45
2
1
3
14
8
4
2
2
1
7
2
43
3
3
2
26
3
7
2
34
1
6
1
37
1
6
2
23
1
7
3
67
34
2
2
6
1
5
1
68
3
4
3
8
6
3
1
41
3
7
3
4
10
3
2
35
2
4
1
18
3
5
3
30
13
7
1
65
1
7
1
11
1
5
2
63
2
5
3
52
17
5
1
55
2
6
3
68
10
2
2
11
2
1
1
9
10
2
2
29
1
4
1
25
2
1
1
38
2
2
2
18
4
3
2
47
2
3
1
13
9
3
3
45
3
7
1
67
1
4
2
6
2
5
2
37
1
4
3
63
12
4
2
5
3
6
3
39
10
2
2
7
1
6
3
47
6
3
3
43
3
7
2
52
2
6
1
22
3
2
1
6
2
4
1
31
15
6
2
66
2
1
2
43
4
7
3
66
8
2
2
5
1
4
2
40
1
5
