3
26
11
2
3
8
16
2
1
33
8
2
3
17
3
5
2
8
3
4
1
43
3
3
3
28
1
5
2
7
3
1
2
1
2
1
3
33
3
7
1
49
2
3
1
68
1
5
3
63
8
1
2
44
4
5
1
11
12
5
3
9
23
2
3
71
1
5
2
45
2
5
1
18
3
3
1
41
1
2
2
35
3
6
1
13
5
4
2
22
3
7
1
61
2
2
1
39
3
4
1
17
7
7
3
38
8
2
1
38
1
5
3
41
3
4
1
44
3
6
3
32
2
1
3
52
1
3
2
39
4
7
3
60
8
1
2
68
3
7
3
43
8
5
1
23
1
2
3
60
13
7
3
42
2
1
2
61
3
7
2
37
3
3
1
4
4
5
1
10
4
5
3
63
13
7
2
40
4
2
1
68
2
7
1
45
1
2
1
30
20
6
2
11
1
2
3
16
5
6
2
2
1
5
3
9
8
6
2
27
2
6
1
14
3
1
3
12
3
4
3
68
17
6
3
30
7
4
1
67
1
1
3
65
17
1
1
55
2
2
2
12
2
5
1
12
3
7
2
32
1
5
3
47
2
1
2
43
1
7
1
13
2
4
3
38
9
1
3
22
11
7
2
1
1
1
2
65
2
7
1
63
2
7
1
12
6
3
2
16
2
1
3
7
1
6
3
71
3
4
2
53
1
7
2
2
2
1
3
61
1
3
1
47
1
2
3
36
5
4
3
34
7
6
3
65
14
5
2
16
1
2
2
63
1
3
2
25
3
6
2
60
4
6
1
22
1
7
2
34
3
7
1
3
4
3
1
29
1
1
1
65
2
3
1
52
3
3
3
67
11
7
2
3
2
3
2
33
2
1
1
67
3
5
3
13
3
5
3
17
11
7
1
9
1
7
2
32
3
2
1
61
3
1
1
40
2
1
1
25
1
5
3
29
5
5
2
42
4
1
3
45
5
7
3
36
8
7
3
6
3
3
1
8
4
7
2
53
2
6
1
2
4
5
3
31
6
6
2
63
3
1
2
6
2
5
2
6
1
6
3
25
9
3
3
66
1
7
2
30
3
7
3
49
2
4
1
55
1
1
1
37
1
7
1
7
7
7
1
8
2
6
3
10
6
4
2
17
1
2
1
42
2
2
3
25
3
6
2
10
2
6
2
40
1
3
1
52
2
5
1
15
4
2
1
53
2
2
2
39
2
2
2
18
2
5
2
11
3
5
3
16
6
6
1
31
18
2
1
29
2
4
1
30
18
1
1
5
2
2
2
28
2
2
1
63
1
2
3
4
11
7
2
43
2
3
2
29
2
7
1
54
3
3
1
11
2
3
3
22
6
2
1
23
3
6
3
42
4
5
2
60
3
4
3
11
3
4
1
16
1
1
3
2
3
1
3
1
6
4
2
27
3
7
1
32
5
3
2
55
3
6
1
47
3
7
2
4
2
7
3
53
5
6
1
40
1
4
3
15
8
4
1
35
1
2
3
23
2
4
1
17
10
6
1
27
1
7
2
55
1
3
2
9
1
4
3
5
3
7
2
7
2
5
2
42
1
5
1
9
7
7
2
37
1
4
2
4
3
7
2
22
1
3
3
53
7
4
1
14
21
3
3
32
9
4
1
28
2
2
3
10
10
4
3
34
8
7
2
8
2
3
2
26
1
7
1
5
1
1
1
49
1
3
2
10
3
3
3
13
5
2
1
43
2
5
1
71
3
1
2
26
2
1
1
41
3
6
1
39
2
6
1
71
1
3
1
25
2
7
1
2
2
7
1
44
1
3
2
29
3
2
1
10
6
7
2
65
4
3
1
1
3
5
2
52
6
2
3
18
20
4
2
67
2
1
2
17
2
1
1
66
3
5
3
44
1
1
2
15
2
2
3
11
24
7
2
34
2
3
2
67
1
6
2
71
1
2
1
34
6
2
1
27
3
6
3
37
3
3
2
23
3
3
2
41
1
1
2
13
3
5
2
54
1
4
1
54
1
4
2
13
2
4
2
66
2
7
2
25
1
1
2
33
3
2
1
65
1
4
2
44
1
5
2
23
1
3
3
5
4
3
1
7
1
5
2
36
2
5
2
45
4
3
3
35
6
1
3
67
14
2
3
44
4
3
3
3
8
3
2
54
2
3
3
27
8
3
1
18
11
4
3
43
6
1
3
29
12
7
3
55
14
4
2
61
2
3
3
45
4
6
1
26
1
4
1
6
2
3
1
45
2
7
2
28
1
1
3
33
8
5
1
42
1
5
2
15
3
1
3
31
21
7
2
68
4
3
2
71
3
3
2
66
3
7
3
52
8
3
2
36
3
2
1
60
2
3
3
54
2
2
3
49
5
6
1
26
3
5
2
31
1
3
1
3
3
4
3
23
10
4
3
14
14
3
1
28
1
2
3
35
1
4
3
41
1
7
3
40
4
2
3
6
2
4
1
4
5
3
2
30
2
2
3
30
1
4
1
16
4
7
2
5
3
3
2
14
3
5
1
6
1
4
2
14
1
7
3
8
5
4
2
38
3
3
2
52
7
3
2
47
3
2
3
1
8
1
3
15
4
6
3
18
24
5
3
40
1
5
3
27
12
6
1
36
2
4
2
12
3
5
3
37
12
3
3
66
5
5
2
41
3
6
3
39
8
1
3
3
4
2
2
47
4
5
1
22
3
7
3
26
6
3
2
3
1
1
2
35
2
1
2
5
2
6
2
49
3
3
1
53
1
6
1
60
1
3
1
66
1
1
2
38
1
4
3
61
7
5
1
33
5
6
2
18
1
3
1
36
1
4
1
1
2
1
3
7
5
1
1
32
7
6
3
55
4
4
3
14
8
5
3
47
4
2
2
31
5
2
3
68
3
2
3
54
1
2
3
12
2
1
3
28
10
7
1
37
2
6
2
49
1
6
3
2
7
4
2
9
2
2
1
38
2
3
3
39
6
6
1
35
3
6
1
15
5
3
1
31
12
6
3
4
12
3
1
34
3
2
