2
45
4
2
1
65
1
7
2
23
1
3
2
9
1
5
2
12
1
1
1
25
2
3
3
43
8
6
1
3
6
6
3
32
5
2
3
11
8
3
3
15
2
1
2
44
3
1
2
55
2
5
2
42
3
6
2
3
2
1
3
5
4
6
3
3
8
4
1
22
1
3
2
11
3
7
2
41
2
3
2
35
1
3
2
66
3
2
3
25
8
7
3
12
3
6
3
37
7
7
1
68
1
6
1
49
2
4
2
37
2
2
3
34
7
3
2
39
3
4
2
68
1
5
1
54
1
1
2
66
1
5
1
29
1
1
3
25
4
2
3
27
15
3
3
47
10
3
1
15
1
2
1
13
7
4
3
41
2
7
1
22
3
3
1
5
1
4
1
8
3
5
3
23
4
4
3
38
7
1
3
60
13
7
2
5
3
5
2
32
4
3
3
16
3
5
3
17
13
2
1
53
1
5
2
12
3
4
2
28
1
1
3
44
10
6
1
55
2
6
3
52
14
2
1
10
6
4
3
27
8
2
2
31
1
5
1
35
4
6
2
63
2
6
3
2
9
3
2
10
2
5
2
27
3
1
3
44
9
1
3
40
6
1
2
16
2
2
3
41
3
7
2
5
2
2
1
10
3
1
1
26
3
3
2
55
3
1
2
36
3
7
3
42
2
7
1
68
3
6
3
29
9
5
3
45
7
3
1
66
3
6
1
41
2
4
2
30
3
2
2
67
2
2
2
47
1
3
1
27
2
4
3
28
16
1
1
52
3
7
3
6
5
2
2
32
2
7
2
22
3
1
1
36
1
4
2
3
1
2
1
1
3
3
1
25
3
5
2
34
3
1
2
49
4
2
3
1
4
4
1
67
3
4
2
61
3
2
3
6
6
3
2
11
2
6
3
54
1
7
2
31
4
3
3
65
16
3
2
38
1
7
1
2
7
3
1
44
3
4
2
25
1
1
1
2
4
2
2
49
2
1
1
47
1
1
2
29
3
1
1
7
4
2
1
60
2
3
2
27
1
5
1
16
6
2
2
42
4
1
3
18
17
1
1
40
2
2
1
37
1
4
1
14
4
5
1
32
1
7
2
33
1
1
1
32
4
4
3
35
6
7
2
29
1
6
1
45
1
5
2
52
5
4
1
16
2
1
1
23
3
1
3
66
1
5
1
45
2
3
1
40
1
1
1
14
10
3
3
45
5
1
1
9
7
2
2
53
2
4
3
60
31
7
1
13
4
2
1
43
1
4
3
55
12
5
1
53
2
4
2
15
1
5
1
11
4
1
3
61
10
7
2
60
1
7
1
39
1
3
3
31
2
2
3
10
12
6
3
47
6
3
2
43
1
5
1
55
1
5
1
4
8
2
1
38
2
6
3
11
16
3
1
44
1
4
3
67
30
2
1
30
17
1
1
34
5
2
2
54
1
1
2
45
1
6
3
63
11
3
1
63
1
5
2
4
1
1
2
1
3
3
1
33
4
6
2
47
4
2
1
61
2
6
3
13
1
5
1
18
2
4
2
61
1
6
1
5
2
5
3
55
3
6
3
32
3
6
1
43
2
5
3
17
5
3
1
28
2
2
3
1
5
6
1
36
3
3
3
16
1
1
1
42
1
6
2
54
2
2
3
38
3
2
3
18
24
7
3
14
13
4
2
65
4
3
3
68
1
1
3
61
5
2
1
37
2
7
1
31
16
6
2
63
1
2
3
9
7
4
1
67
1
2
3
65
5
7
2
2
3
2
3
22
4
1
3
28
15
2
2
14
2
5
3
15
3
2
1
41
1
2
3
23
7
7
3
36
1
3
2
68
3
6
2
18
2
4
2
60
2
7
1
11
6
4
1
6
2
5
1
9
11
5
1
6
1
4
3
52
3
5
2
1
1
7
2
15
3
7
2
22
2
2
2
26
4
4
3
49
7
1
3
7
3
4
2
52
4
7
1
31
14
5
2
65
3
7
1
26
2
5
3
7
1
7
3
49
6
6
3
34
3
5
1
39
2
2
1
49
1
5
3
30
25
4
3
31
27
7
3
39
5
2
3
71
1
1
2
40
2
5
2
10
3
6
2
33
2
3
2
43
2
5
3
10
3
7
1
23
2
3
3
37
5
1
2
26
1
7
1
18
8
6
2
30
5
5
2
38
3
4
3
54
2
1
1
28
1
4
2
44
4
4
3
42
4
6
1
17
10
5
2
36
1
2
2
17
3
1
1
7
2
3
1
38
3
2
3
33
9
6
1
35
3
3
1
61
3
1
1
65
2
2
3
9
8
7
3
33
22
3
1
29
3
4
3
26
9
2
3
40
2
6
2
7
2
7
3
71
2
1
2
71
2
1
3
30
17
3
2
9
3
1
1
63
2
1
3
12
4
2
3
63
1
5
2
71
1
2
3
4
14
5
3
29
8
2
1
8
9
5
2
6
2
7
2
23
3
6
1
17
11
1
1
52
1
2
1
27
1
1
1
33
6
1
3
5
2
2
3
8
10
5
1
12
12
1
2
18
1
7
3
53
3
7
2
13
3
7
2
2
2
2
3
39
7
6
2
14
3
7
1
4
2
4
3
3
9
3
3
35
7
1
1
54
2
4
3
36
9
7
2
35
3
6
1
60
1
6
1
71
1
4
1
1
2
3
1
34
9
2
2
8
2
3
1
66
2
6
1
12
17
2
2
16
3
5
3
53
7
6
2
39
2
3
1
42
2
1
2
25
3
1
2
13
2
1
2
6
1
5
3
14
8
5
3
26
1
4
3
68
5
5
2
67
1
3
1
30
18
4
2
7
1
6
3
8
18
2
3
2
8
6
3
4
6
4
1
71
2
5
2
37
4
7
2
17
2
1
2
53
3
3
3
22
12
7
2
41
4
2
2
8
3
5
2
4
3
6
1
3
10
7
3
66
8
5
3
43
3
5
1
47
3
5
2
28
3
3
1
15
4
5
3
67
37
3
3
13
2
4
2
40
1
5
2
34
2
4
