3
2
6
1
2
41
5
2
3
1
4
1
1
29
3
4
3
4
9
5
3
31
24
5
2
41
4
4
3
52
17
3
2
66
2
6
2
42
4
3
2
14
3
5
3
6
5
4
1
30
3
6
3
60
2
2
3
45
1
2
1
67
2
1
3
28
2
6
1
41
3
2
2
43
3
5
2
40
3
7
3
25
2
1
2
14
2
5
3
65
12
4
1
9
4
5
1
43
3
5
1
36
1
6
1
61
2
2
2
63
1
7
2
53
1
5
3
29
8
6
1
38
2
2
3
41
1
4
3
61
7
2
2
9
2
2
2
68
1
5
2
47
2
3
3
63
10
4
1
26
1
1
2
60
3
3
1
12
17
6
1
35
2
4
1
6
1
3
3
44
3
5
3
13
1
5
2
38
3
3
2
39
3
1
1
66
2
2
3
63
2
1
1
44
1
1
3
39
10
5
2
65
4
2
1
41
1
6
2
2
2
5
2
10
3
1
2
6
3
6
2
45
3
7
2
16
3
4
1
17
1
5
2
1
1
1
2
4
2
7
3
17
10
1
3
53
3
4
1
8
8
1
3
34
6
1
1
35
4
3
2
60
1
2
3
67
23
6
3
11
18
1
1
66
3
5
2
44
3
1
3
47
10
6
3
71
3
3
3
9
15
4
1
11
1
7
1
7
10
2
1
55
1
1
1
36
3
1
1
63
1
6
2
61
1
5
2
53
2
2
2
13
3
1
3
5
3
2
2
32
3
7
3
17
9
4
2
37
2
7
1
5
2
2
1
39
2
6
3
44
5
4
3
7
4
7
1
16
2
3
3
54
1
2
3
27
17
6
2
31
1
2
1
34
7
6
3
39
5
2
2
15
3
4
2
26
4
4
2
34
2
6
1
39
1
2
3
3
8
1
1
38
3
5
3
36
7
7
1
28
1
1
3
15
13
4
2
30
3
6
2
7
1
4
3
18
24
3
3
36
13
5
2
33
3
3
1
16
3
5
1
26
3
6
3
26
2
6
2
18
4
4
2
30
1
6
1
2
1
1
3
71
5
6
2
40
4
2
1
42
2
2
2
17
1
2
3
32
8
7
3
31
27
3
2
4
3
5
1
4
4
2
2
11
3
5
1
17
2
5
1
22
3
3
2
8
1
5
1
71
2
3
1
60
2
5
2
38
2
5
2
3
1
6
3
49
2
2
1
67
3
6
3
53
6
1
1
68
1
2
3
26
11
1
1
47
1
1
3
8
8
5
2
55
3
1
3
40
2
2
1
30
20
4
3
52
11
4
1
37
1
6
3
55
7
6
3
30
15
4
1
68
3
7
3
16
6
4
1
53
2
1
2
52
6
3
1
45
2
7
2
2
3
2
3
35
2
5
1
65
1
1
3
10
9
4
2
68
4
6
1
22
2
4
3
38
7
4
1
45
1
4
2
29
3
7
1
2
3
2
3
47
7
5
1
4
7
2
1
28
3
1
2
18
3
5
1
3
5
4
2
25
1
1
3
5
5
3
3
1
2
4
3
67
26
2
3
14
20
3
2
5
3
1
3
22
9
6
2
33
2
1
2
6
2
6
2
23
2
3
2
32
2
3
1
31
3
2
2
12
3
2
2
26
2
4
1
27
2
1
2
25
3
1
2
63
3
2
3
14
18
4
2
37
3
6
1
27
3
3
2
47
4
3
1
44
2
2
2
10
2
1
3
43
3
2
2
36
1
4
3
29
4
1
2
28
2
6
3
18
25
5
2
17
3
4
2
9
1
7
1
29
2
4
3
54
2
5
1
10
1
1
1
15
3
6
2
45
2
6
1
32
6
7
1
52
1
6
2
71
2
6
1
7
9
7
2
61
3
1
1
33
8
5
2
35
2
5
3
65
18
3
3
41
4
7
1
34
6
7
1
10
4
3
3
42
4
7
3
68
3
7
2
54
2
7
1
31
13
2
1
6
2
5
2
13
1
5
1
32
7
3
2
22
1
3
1
13
4
2
3
43
8
7
2
16
1
7
1
37
2
1
3
2
7
4
1
3
6
4
1
54
1
4
3
61
9
6
3
28
12
1
3
42
3
4
1
63
2
3
2
35
3
1
3
12
3
1
3
4
6
3
3
34
4
6
2
52
5
1
2
49
4
6
2
12
1
5
1
9
3
5
1
55
2
4
3
6
2
6
1
49
1
2
1
23
2
3
2
71
1
4
1
40
3
2
3
38
8
3
3
15
2
1
2
3
3
2
1
43
2
4
2
36
3
5
1
14
7
5
2
42
2
2
3
11
2
6
3
40
3
2
2
5
1
2
1
18
12
7
3
60
19
4
2
39
1
5
3
33
7
5
3
37
2
3
2
67
2
3
3
23
8
6
2
8
2
4
1
25
1
5
1
54
3
5
1
25
3
6
3
30
26
4
3
68
17
1
3
7
5
7
2
43
5
4
3
12
2
4
3
25
7
6
1
42
1
2
3
49
3
6
1
53
1
5
3
37
10
1
3
8
16
3
3
16
1
6
1
61
1
1
2
44
2
4
2
54
1
1
2
34
1
7
3
10
19
4
2
11
2
1
3
22
10
7
1
12
12
7
1
18
2
1
3
3
2
5
2
55
2
7
2
1
2
4
1
5
1
2
1
60
1
1
2
7
2
4
1
23
1
5
1
47
2
5
3
13
8
2
2
65
3
4
2
49
1
2
3
33
15
7
2
15
2
1
2
27
2
7
3
23
3
6
3
9
29
2
2
23
1
3
1
14
14
2
3
27
4
6
2
29
1
6
1
11
3
7
3
66
7
6
1
13
6
6
2
67
1
3
3
35
7
6
1
49
2
4
3
45
5
6
1
52
3
6
3
32
7
6
1
15
1
1
1
8
10
4
3
55
9
1
2
22
2
6
1
1
3
7
1
71
1
5
2
31
2
7
2
27
3
3
2
66
3
6
1
40
1
2
1
1
1
1
1
65
2
6
3
66
2
3
2
28
3
3
1
33
3
1
