3
65
14
5
1
44
4
2
3
63
6
3
1
71
3
5
2
8
2
3
2
41
1
1
2
36
1
7
2
44
4
6
2
18
2
3
3
44
7
5
2
65
1
5
2
32
2
1
3
7
3
3
1
40
1
5
1
2
7
3
3
71
4
4
1
28
1
3
2
18
3
2
1
49
2
6
3
53
5
7
2
27
1
2
2
65
2
5
3
31
6
7
3
25
3
1
2
6
2
1
2
9
3
1
2
47
2
1
1
2
1
7
1
27
1
7
3
36
3
3
1
65
2
1
3
45
3
1
2
3
3
1
1
18
3
5
3
33
3
5
3
71
3
3
1
38
3
4
2
30
3
6
3
32
2
2
1
42
1
3
1
67
1
3
2
47
4
6
1
23
1
6
1
35
2
2
2
54
2
3
3
5
5
5
1
53
1
6
2
16
2
6
1
63
1
2
2
36
3
4
3
22
7
7
1
42
2
3
1
15
1
5
2
27
3
7
1
30
19
2
2
42
4
3
1
65
1
5
3
6
4
1
3
6
6
5
3
7
4
6
2
16
1
2
3
2
12
2
3
37
10
1
2
13
1
2
2
29
2
1
1
66
2
6
2
54
1
7
3
49
4
4
1
47
1
3
1
68
3
2
1
9
2
4
2
7
2
5
3
23
1
1
2
14
1
5
2
66
3
1
3
16
8
6
3
5
4
4
1
39
4
2
3
35
8
4
1
54
1
7
1
25
1
3
2
63
3
3
3
38
10
1
2
68
3
7
3
9
17
1
3
33
15
5
2
22
1
7
2
45
2
7
3
37
4
7
2
43
5
5
1
31
3
4
3
40
4
4
2
23
3
4
3
41
2
3
2
28
2
5
3
9
2
5
2
67
1
3
1
71
1
1
2
22
3
4
3
34
5
1
1
8
8
2
1
29
2
1
1
29
3
2
1
6
2
3
2
29
3
2
2
39
3
4
3
12
6
4
3
49
1
4
2
14
3
5
1
28
3
2
2
12
3
4
3
14
23
4
2
45
1
6
2
44
1
7
2
34
1
3
2
15
1
2
1
61
1
3
3
10
13
1
2
12
2
6
1
11
5
2
3
39
3
3
3
60
15
7
2
10
1
6
1
47
3
7
1
4
3
6
1
18
8
2
1
40
2
1
3
36
14
1
3
1
1
4
1
54
3
4
3
52
9
1
1
68
2
5
3
18
14
1
3
67
25
2
1
66
1
4
1
26
3
7
2
53
2
2
1
27
2
5
3
60
5
3
1
31
5
7
2
5
3
4
2
49
1
2
3
27
14
6
3
44
9
7
1
7
4
2
1
13
3
7
1
36
1
6
3
47
7
3
2
17
1
3
2
43
1
6
1
41
3
1
1
32
6
6
1
23
2
5
2
6
3
1
3
26
1
2
3
41
4
4
2
8
3
3
2
35
2
7
3
25
7
6
2
66
2
5
2
41
2
4
1
53
2
2
2
60
2
6
2
37
3
5
2
25
1
3
1
60
1
1
1
22
3
5
3
8
13
5
3
14
3
7
2
67
2
5
3
27
13
6
2
3
2
3
3
1
7
5
1
16
7
4
2
15
3
2
1
3
10
1
2
2
2
1
1
4
4
5
3
68
13
6
3
29
19
5
2
39
1
7
3
55
3
6
3
42
3
6
3
43
1
5
1
6
1
3
3
18
22
4
2
11
3
2
2
1
1
4
3
29
16
1
3
30
27
7
3
28
4
2
3
17
6
1
3
30
11
6
2
38
4
6
2
7
3
5
1
17
5
7
1
10
6
7
1
52
2
4
2
52
1
6
3
39
6
1
3
2
9
5
2
68
1
4
1
13
9
4
1
39
2
7
3
40
1
7
1
55
1
6
1
52
1
3
1
5
1
7
3
61
2
6
1
9
12
1
2
33
3
6
3
47
2
3
1
35
3
4
2
10
3
6
1
34
5
3
1
33
2
7
3
28
16
1
2
71
2
3
1
67
3
7
1
45
2
6
3
11
9
4
2
26
1
3
1
61
3
5
2
25
2
1
3
54
1
4
2
52
5
1
3
32
5
1
2
38
1
4
2
42
2
6
1
32
1
6
1
41
1
5
3
13
3
7
1
7
1
6
2
4
3
5
3
34
9
3
3
26
8
1
2
9
2
1
3
23
17
1
1
55
2
2
2
40
4
6
2
33
2
6
1
43
2
7
2
26
2
5
2
4
1
1
3
55
17
2
3
17
7
2
3
12
2
3
3
8
3
1
3
13
4
4
1
26
2
1
3
4
7
4
2
49
2
1
2
32
3
1
2
35
1
2
3
16
6
2
1
12
18
4
2
55
2
7
3
35
5
4
3
68
15
4
3
38
2
3
1
14
12
3
2
61
3
6
2
60
1
4
3
66
5
6
3
65
10
3
3
63
1
4
1
44
2
3
1
11
7
5
2
37
4
7
2
30
5
3
2
55
1
2
3
31
17
4
1
1
3
1
2
11
2
3
3
45
6
5
1
25
3
7
1
45
1
5
3
22
5
7
2
31
5
2
3
52
16
1
3
43
4
2
1
8
16
4
3
10
17
1
2
28
1
2
3
53
3
6
3
3
1
1
1
33
8
4
3
15
2
3
1
5
2
1
2
2
1
2
1
37
1
1
1
36
2
5
2
5
1
5
1
15
5
1
1
22
2
2
2
53
1
1
1
17
16
1
3
67
22
2
3
3
3
3
3
54
2
1
2
1
2
7
2
23
1
1
3
42
2
1
2
40
3
7
1
12
9
4
1
1
2
6
1
38
1
6
2
63
1
5
2
13
2
1
1
63
2
1
2
61
1
5
1
14
18
2
3
15
9
4
3
61
1
4
1
49
1
3
1
16
4
1
2
31
2
4
1
3
4
7
1
37
2
7
3
4
2
2
1
60
2
2
1
34
6
5
3
66
9
4
2
71
1
3
1
10
1
3
2
17
2
1
1
30
16
2
1
43
3
7
2
34
3
6
3
11
18
7
