2
65
1
1
3
29
8
4
1
22
1
1
1
23
1
5
1
10
6
7
2
7
3
3
2
26
2
2
2
37
4
7
1
34
6
4
2
63
1
4
2
33
2
7
2
22
3
7
2
36
2
1
1
30
12
4
1
16
1
3
2
22
2
2
3
30
5
1
1
34
7
1
1
29
2
7
1
65
2
6
1
36
1
1
3
9
17
3
3
17
13
5
3
61
1
4
3
44
8
1
1
42
2
1
2
14
2
4
2
12
2
6
3
47
7
5
1
67
1
2
3
45
1
5
1
16
2
3
3
6
1
2
2
6
3
4
2
65
3
7
1
35
4
7
3
8
10
1
1
53
1
1
1
41
3
1
2
3
1
1
1
54
1
7
3
37
11
4
1
55
1
2
3
52
4
2
3
65
12
3
1
44
3
3
3
10
16
7
3
8
8
6
3
41
3
5
3
16
7
3
2
4
2
1
3
22
8
1
1
32
4
3
1
66
1
3
3
34
11
5
2
1
2
2
1
22
3
7
3
13
8
1
1
68
3
3
1
31
17
4
2
9
1
5
3
43
2
7
1
4
3
3
1
2
7
6
3
26
4
2
3
40
2
6
3
40
1
1
3
1
6
7
3
9
20
1
2
67
2
4
1
9
14
6
1
12
16
7
3
31
17
3
1
10
7
6
1
33
4
2
2
3
3
5
3
38
10
5
1
37
1
4
2
39
1
4
3
18
8
2
1
43
2
2
3
32
5
7
3
36
13
5
2
61
3
1
1
30
5
2
1
61
3
7
1
26
3
5
2
6
2
5
2
31
3
7
3
68
2
2
2
1
3
4
2
10
1
5
1
26
2
3
1
40
1
3
3
71
2
5
2
38
4
4
1
33
2
7
3
49
7
1
2
35
2
5
1
17
13
7
2
2
2
4
2
41
1
3
3
32
12
4
3
44
10
2
3
39
7
7
2
29
2
7
2
9
2
7
2
45
1
2
1
14
10
4
3
45
6
7
1
13
5
4
1
14
17
2
1
54
2
4
3
35
4
2
3
4
8
6
3
37
3
4
2
47
1
6
1
3
9
2
3
35
8
3
1
49
1
6
3
60
1
1
3
61
6
7
3
63
9
2
1
25
1
2
1
11
8
6
3
55
2
1
3
71
5
6
3
14
9
1
3
49
2
1
1
15
3
2
1
18
15
4
3
38
8
4
2
5
1
4
1
40
2
1
2
71
2
6
2
53
3
2
1
52
1
5
2
7
1
4
3
1
3
3
2
60
2
2
2
23
1
5
3
17
6
5
2
15
3
5
1
29
1
2
2
33
3
6
3
53
6
1
1
43
3
4
3
27
17
2
3
14
12
3
3
4
16
7
3
11
20
4
2
18
2
1
3
36
8
2
2
63
3
1
3
31
12
3
2
12
3
2
3
10
4
2
2
61
1
6
2
23
3
6
2
44
3
7
3
15
6
3
1
12
14
2
1
6
2
6
1
8
13
3
2
30
2
4
1
6
1
6
1
63
1
5
1
32
3
4
2
36
5
5
3
23
11
3
1
71
3
6
3
25
4
1
2
52
7
1
2
42
3
4
3
65
21
4
2
11
1
4
2
45
3
4
1
25
2
1
3
26
11
1
1
49
2
6
1
55
2
3
3
3
2
3
1
27
3
2
2
66
3
3
2
5
2
6
2
55
2
3
2
17
1
6
3
28
16
3
1
71
1
4
3
42
1
4
2
13
1
4
1
7
10
2
1
18
11
3
3
42
4
2
2
53
2
3
1
66
3
6
1
41
1
1
3
3
6
7
2
41
3
4
2
32
2
2
1
4
7
2
2
17
2
6
1
53
2
2
2
68
3
2
1
39
3
7
2
34
2
5
2
25
1
1
1
37
2
6
2
66
1
7
3
67
27
2
2
4
1
3
2
54
1
1
3
66
9
1
2
35
1
3
1
47
2
6
2
40
4
6
3
43
1
1
3
33
6
1
3
39
4
4
3
47
5
1
1
47
1
3
3
41
1
4
3
2
7
7
2
37
1
1
1
35
2
1
2
28
2
4
3
13
7
3
1
61
1
1
1
52
2
7
3
55
11
7
2
55
3
3
2
60
3
1
1
31
12
2
3
25
8
2
1
60
1
6
1
7
11
1
3
11
21
4
2
42
1
6
1
17
6
4
1
42
1
5
2
31
4
4
3
23
2
3
3
15
7
7
2
29
1
7
3
7
5
2
2
10
3
5
3
67
15
2
1
44
4
2
2
43
3
7
2
43
2
5
2
18
4
7
2
49
3
3
3
6
3
1
2
8
3
5
2
16
3
3
3
12
6
1
2
27
1
6
3
63
8
2
3
54
2
4
3
28
6
5
2
28
1
6
3
12
5
6
3
2
11
5
1
67
3
2
3
27
14
3
2
54
2
1
1
2
4
1
3
18
15
5
2
16
2
5
2
44
4
7
1
13
9
6
2
27
3
4
1
5
1
5
3
7
3
4
1
45
2
6
1
11
3
4
2
49
4
5
2
71
1
6
2
8
2
5
1
36
2
4
3
29
12
5
2
67
1
2
1
8
7
6
1
39
1
4
3
68
10
4
2
15
1
7
1
1
1
2
1
28
1
1
3
60
24
2
1
38
2
2
2
32
4
2
2
26
1
6
3
33
4
4
1
60
2
5
1
68
2
7
2
52
3
1
3
5
3
1
1
23
3
5
1
63
2
1
2
34
3
4
3
16
5
5
3
52
1
3
2
47
3
6
2
39
3
5
3
54
1
1
1
5
2
2
3
53
8
2
2
2
3
1
2
30
1
7
2
38
2
7
1
45
1
3
3
66
3
2
3
30
20
3
2
14
1
7
1
38
1
4
2
40
1
3
1
1
2
5
2
11
3
3
2
25
2
7
2
13
3
6
1
9
5
6
3
34
3
1
3
22
5
6
2
68
2
2
1
65
1
3
1
15
2
4
1
3
5
3
3
5
1
6
1
28
3
3
1
27
2
1
