1
63
1
7
2
22
1
5
2
71
2
4
2
65
1
2
2
40
2
5
3
63
13
4
1
11
9
2
2
6
1
6
2
9
3
5
3
54
1
7
3
17
5
6
1
33
8
6
1
2
3
7
3
7
1
6
2
42
2
4
1
66
3
1
3
29
16
1
1
33
4
6
3
53
7
2
2
4
2
6
2
27
1
3
2
14
1
3
2
16
1
4
3
4
10
3
1
5
1
7
2
29
2
6
1
26
1
1
1
6
2
1
3
9
15
3
1
29
2
2
2
2
3
4
1
28
2
5
3
11
17
5
2
35
2
3
1
36
1
3
1
7
1
3
3
3
1
4
3
41
2
3
2
26
1
3
2
7
3
7
3
22
5
3
3
2
10
3
2
30
3
7
2
43
1
6
3
17
14
7
3
2
5
6
2
5
3
4
1
18
15
1
2
39
2
2
3
45
3
1
2
66
1
1
3
41
3
7
3
33
23
7
2
31
5
7
2
42
4
4
2
40
3
2
2
35
1
7
1
63
2
5
3
60
16
2
1
31
9
4
1
68
1
1
2
4
3
7
2
49
4
7
1
61
3
3
3
38
3
7
1
45
2
1
3
34
11
3
3
52
16
5
1
41
2
5
2
2
2
2
1
32
4
7
1
8
2
6
3
28
8
5
3
26
12
5
1
13
8
2
3
49
8
1
1
54
2
4
3
52
3
2
3
15
12
5
1
41
1
5
2
60
4
4
2
45
2
4
2
37
4
6
2
25
2
5
3
42
3
7
1
23
1
3
1
61
2
2
2
28
1
2
1
52
3
3
3
14
25
7
2
54
1
5
3
39
5
2
3
25
3
3
3
71
2
4
2
17
2
6
1
8
8
2
3
31
7
5
3
9
16
3
2
39
4
5
3
4
22
3
3
65
13
5
2
38
2
5
3
67
10
2
1
34
6
7
1
40
2
6
2
10
1
6
3
8
11
1
1
10
5
1
2
9
1
7
3
35
5
2
3
40
2
5
3
28
15
6
3
42
2
1
1
2
2
1
2
1
3
3
2
55
2
7
3
44
5
5
2
31
4
2
2
26
2
6
1
4
7
5
3
7
2
5
2
63
2
3
1
15
1
5
1
7
7
2
2
32
1
5
3
13
3
6
1
38
1
3
3
35
3
4
3
38
12
6
1
65
1
7
2
15
3
3
1
43
3
4
2
17
1
3
2
52
6
5
1
12
15
3
1
39
4
1
3
32
6
1
3
1
1
2
2
13
2
4
2
12
3
6
3
31
23
3
3
23
14
5
3
66
6
6
3
44
8
7
3
6
1
2
3
53
8
6
2
3
3
5
1
44
3
7
2
61
2
4
1
55
2
3
2
11
1
1
1
12
4
1
3
40
6
5
3
18
6
2
1
43
1
4
1
37
1
5
2
67
2
7
2
6
3
1
2
16
2
5
3
26
6
3
3
61
11
5
2
13
1
3
2
49
1
6
2
44
2
6
1
1
3
6
3
71
4
6
1
22
3
1
3
68
7
2
2
36
3
4
2
28
3
5
1
23
3
2
3
36
13
7
1
16
6
2
3
16
7
6
3
61
4
6
2
68
4
6
1
3
11
4
3
60
4
2
2
34
3
2
1
67
1
3
2
41
2
4
1
36
3
1
2
61
3
1
3
37
8
1
3
37
1
3
1
25
2
4
1
47
2
6
1
45
1
5
3
13
1
4
2
66
2
7
1
31
8
2
1
71
1
6
3
18
14
4
3
25
6
4
2
1
2
4
3
8
10
2
3
1
10
6
1
3
7
4
1
25
3
4
2
53
1
3
1
40
3
3
3
3
4
1
2
67
1
1
1
14
12
6
2
38
1
7
2
36
4
1
2
23
1
4
3
27
2
6
1
49
2
7
1
30
20
7
1
16
2
1
1
9
4
4
1
47
1
5
3
16
1
7
3
6
6
3
1
15
5
3
1
1
1
5
2
68
2
4
2
15
1
4
1
29
1
6
1
34
2
7
1
27
3
2
1
28
3
5
3
22
10
4
2
18
3
2
1
42
1
3
2
25
1
4
3
36
11
3
1
39
1
4
3
45
4
1
2
45
1
7
2
14
3
2
2
18
2
2
3
12
7
7
3
43
5
1
1
10
3
3
1
4
8
4
1
5
2
5
1
14
18
1
3
30
27
7
3
23
13
1
3
33
22
3
1
18
4
2
1
68
2
1
1
60
1
3
1
71
3
6
1
9
5
6
1
54
3
4
1
11
1
1
3
67
11
2
2
7
1
1
3
65
21
4
1
17
3
5
1
17
15
2
1
55
1
7
3
32
9
3
2
41
3
3
1
52
2
3
2
29
3
5
3
12
3
3
2
22
2
4
3
10
23
3
2
34
2
3
1
37
2
1
2
30
4
5
2
47
1
7
2
8
3
6
2
54
2
7
2
10
3
6
3
15
14
2
2
12
1
2
1
65
2
2
3
68
6
2
2
71
1
6
3
47
7
7
2
65
4
3
1
35
2
7
1
32
6
3
1
30
7
7
1
26
3
2
3
43
6
5
3
30
2
2
2
52
7
2
2
55
1
3
3
54
2
6
1
13
6
1
2
43
5
6
2
60
2
3
1
22
1
1
1
42
2
2
1
44
1
1
1
35
4
1
3
49
7
3
1
27
2
6
2
8
1
3
3
5
1
4
3
27
10
5
3
29
2
2
1
60
2
4
1
66
1
6
3
47
5
2
2
53
2
1
3
39
2
6
2
11
2
2
1
67
2
6
3
5
4
3
2
27
3
3
1
6
1
3
1
53
2
1
1
53
1
2
3
10
25
7
2
37
2
7
3
34
1
5
1
49
1
5
3
14
16
5
2
33
1
3
3
55
13
3
3
63
3
7
2
32
3
3
2
23
2
4
2
5
1
4
3
11
22
7
2
33
2
2
3
66
9
6
3
55
11
7
2
3
1
4
1
38
3
3
2
44
5
1
2
63
1
5
2
47
4
7
