2
4
3
5
3
37
7
6
2
36
3
2
3
31
4
1
2
71
2
7
3
1
3
3
3
35
4
6
1
7
3
4
3
7
1
2
1
39
1
3
3
38
2
5
3
29
16
4
3
45
7
4
3
33
1
7
2
29
2
4
2
15
1
7
3
37
6
3
2
6
2
7
2
18
4
2
2
33
3
7
2
47
1
2
3
71
3
3
1
43
1
6
2
67
2
3
3
12
4
7
3
26
10
4
2
34
2
2
1
55
2
4
2
31
5
2
2
10
2
7
1
13
3
4
1
27
3
2
2
9
2
5
2
16
2
6
2
25
1
5
3
41
2
2
3
14
11
4
2
49
4
2
2
55
3
2
1
44
4
6
3
36
10
6
1
47
1
4
2
71
1
1
2
14
1
6
1
39
3
7
3
43
3
7
3
22
1
3
2
36
1
7
2
68
2
4
2
33
2
2
3
3
8
4
2
2
1
7
3
35
2
1
1
71
1
2
1
61
3
5
1
7
10
1
3
39
8
1
3
6
5
4
1
63
2
2
2
39
4
1
2
22
3
5
2
53
3
3
2
41
5
5
3
16
1
2
1
43
3
3
3
68
13
6
1
27
2
5
1
23
1
7
2
29
3
6
2
31
1
3
2
39
3
7
1
40
2
4
3
61
7
5
3
32
1
6
3
11
6
4
1
17
16
3
2
15
2
3
2
67
1
5
2
13
3
7
1
53
2
6
1
38
3
5
3
52
12
6
3
14
10
4
3
12
2
4
2
38
5
1
2
17
1
5
2
2
2
7
3
66
1
1
2
14
3
6
3
53
5
3
1
68
3
2
2
60
1
7
1
16
1
1
1
31
4
6
3
54
1
3
3
45
2
5
3
41
1
3
2
40
3
2
1
36
3
3
2
11
1
1
1
5
2
2
3
28
15
7
2
32
4
1
1
28
1
7
1
67
3
7
1
10
1
1
2
1
1
3
1
40
3
3
3
30
13
4
3
55
7
3
2
16
3
2
2
35
2
7
1
32
6
5
1
32
7
5
1
14
20
5
2
43
5
4
1
11
10
1
1
35
3
3
1
12
3
7
1
22
2
2
2
65
4
6
3
27
10
4
2
6
3
4
1
30
6
5
2
18
3
2
1
15
5
3
2
8
3
2
1
31
3
7
2
30
3
5
2
47
2
6
1
14
14
6
2
35
1
7
1
8
2
1
2
23
3
6
2
28
3
2
1
54
1
5
3
36
4
7
1
45
1
2
1
60
2
4
3
66
4
5
2
3
1
6
2
7
2
4
2
45
2
7
1
3
8
2
3
49
3
4
3
16
4
4
1
66
2
1
3
68
17
5
1
2
1
1
3
4
8
7
1
42
2
2
1
16
6
6
1
26
3
6
3
42
3
7
1
36
2
2
1
34
1
4
2
27
2
7
1
55
1
2
3
13
5
7
3
28
10
1
2
44
4
5
2
37
1
2
1
60
1
7
2
52
1
7
2
26
3
2
1
8
6
5
2
65
1
4
2
22
1
1
3
8
3
5
1
35
1
1
3
55
3
2
3
22
3
5
1
45
2
4
2
54
2
2
2
10
3
2
3
25
3
6
2
49
1
3
2
17
3
3
2
63
2
2
1
53
1
2
3
6
3
7
1
9
10
5
1
17
8
2
3
23
9
6
1
4
8
5
1
61
2
4
1
37
1
1
1
65
2
6
3
2
8
2
1
49
2
4
1
11
8
2
3
9
26
7
1
18
11
6
1
1
2
1
3
34
9
6
3
63
11
1
1
2
2
3
3
65
14
3
2
26
1
1
2
41
3
4
2
5
1
5
1
52
3
6
3
38
7
2
2
38
3
1
3
26
3
2
3
5
2
6
2
52
3
6
1
26
2
3
2
54
1
6
2
66
3
5
3
1
1
2
1
23
3
2
1
12
18
2
1
5
1
1
3
71
2
7
2
34
3
4
2
5
2
6
2
63
3
6
3
67
14
4
1
18
10
6
2
1
3
7
3
18
20
4
2
42
1
3
2
27
1
1
1
33
4
5
3
8
11
1
1
28
2
6
3
17
14
1
2
60
4
7
2
3
3
3
1
13
8
2
3
39
1
5
3
49
4
3
3
5
1
6
2
53
1
3
3
42
2
1
3
15
7
4
1
67
1
4
3
7
5
3
1
10
2
3
3
2
6
6
1
49
1
2
2
28
2
6
1
30
2
5
1
25
2
7
2
61
3
6
3
32
9
5
2
23
2
1
1
9
14
7
3
15
17
4
3
47
4
4
2
11
2
3
2
66
2
7
2
25
3
7
3
9
4
3
2
30
1
3
3
44
10
2
3
10
24
5
1
25
1
4
3
10
13
6
2
8
2
1
2
12
2
7
3
52
8
6
3
47
5
7
2
61
1
3
3
40
6
2
3
63
8
1
3
27
9
4
1
34
4
5
3
34
5
7
3
18
3
7
2
13
1
3
1
4
2
1
3
65
5
5
1
29
3
1
1
71
2
4
2
9
1
3
3
60
8
5
1
15
2
6
1
6
1
2
1
44
3
1
3
54
2
1
1
38
2
6
3
67
4
6
1
41
1
2
1
29
1
1
2
55
1
4
1
3
11
4
1
41
2
3
2
44
2
2
3
43
7
2
3
11
10
3
2
37
2
3
3
44
9
6
3
31
8
7
2
43
1
3
3
23
12
1
1
1
1
6
1
54
3
6
1
52
2
1
3
29
10
3
3
60
6
3
3
3
3
3
3
30
9
6
2
7
1
7
2
68
4
1
1
66
1
2
3
40
4
2
3
61
10
1
3
33
7
2
2
45
1
6
3
17
3
3
1
65
1
1
1
6
2
7
1
33
8
3
1
68
2
7
2
12
1
6
1
63
1
7
3
53
1
4
2
4
1
7
1
42
1
1
3
4
20
6
1
37
2
2
3
25
6
6
2
32
3
2
1
22
3
3
3
13
1
3
2
42
2
5
1
47
3
6
2
40
4
3
