1
26
2
6
3
31
2
1
3
40
3
7
1
54
3
3
1
49
2
3
1
34
2
5
1
44
3
3
3
34
3
2
2
31
3
6
1
61
2
5
3
34
6
6
3
6
5
7
1
17
12
2
2
47
2
2
1
68
2
7
1
63
1
7
1
38
1
1
1
66
2
1
2
54
1
1
3
23
6
6
2
36
3
1
3
2
1
3
3
14
11
3
2
34
2
1
2
61
1
7
1
1
2
4
1
14
21
6
3
45
1
3
1
6
2
5
1
31
2
4
1
10
7
2
1
27
1
4
3
71
2
7
2
32
3
1
2
8
2
5
3
66
4
7
2
15
2
3
2
14
2
5
2
37
2
6
3
5
4
5
3
39
10
6
3
22
7
5
1
31
11
1
3
4
20
1
2
53
1
5
3
15
16
3
2
27
3
3
1
25
2
7
2
35
3
2
1
5
1
7
2
35
2
4
1
39
4
4
3
53
2
5
1
25
1
3
3
3
4
6
3
25
9
2
1
18
15
5
3
55
8
5
2
68
1
6
3
11
12
1
3
63
5
4
1
43
2
1
2
4
1
2
2
52
5
1
1
8
15
2
2
42
2
2
1
40
2
5
2
23
3
4
2
8
3
1
3
9
27
4
2
52
1
7
2
12
1
4
2
67
1
6
3
5
2
5
1
30
16
2
3
68
1
4
2
37
4
2
3
10
7
7
1
52
2
6
1
60
1
4
2
5
1
4
2
18
4
3
1
26
1
6
1
1
3
4
2
25
3
7
1
60
2
3
1
66
3
7
3
60
12
3
1
43
1
2
3
41
1
1
2
41
3
2
3
16
5
4
1
4
4
2
1
61
1
1
1
44
2
4
3
22
9
3
3
26
3
4
1
2
3
3
3
29
9
4
1
16
6
6
2
27
1
7
3
30
26
3
2
22
3
6
3
54
2
7
1
55
2
5
1
42
2
5
1
27
2
7
3
36
1
5
2
11
1
2
3
36
9
4
3
4
24
3
3
33
2
7
1
53
2
1
3
14
26
6
3
55
6
7
2
25
2
3
2
60
1
1
1
47
2
6
1
40
1
5
2
61
3
1
1
9
13
5
2
39
3
6
1
63
2
4
1
13
1
5
2
45
4
1
3
25
2
1
1
22
2
5
2
18
1
6
3
29
12
1
2
11
2
5
1
10
5
5
2
40
3
4
3
32
6
4
2
39
1
6
2
65
4
4
2
44
1
7
3
52
9
4
1
67
2
7
2
30
5
3
3
18
21
2
1
22
3
2
2
13
2
5
1
23
3
5
3
33
1
5
2
10
3
3
1
28
1
2
1
29
2
5
3
49
3
7
1
9
3
1
3
32
8
7
1
71
3
6
1
29
3
6
2
30
2
1
2
2
1
1
1
12
16
6
3
1
2
1
2
44
4
5
2
5
3
7
2
33
3
1
1
68
1
6
1
6
1
2
2
15
3
2
3
1
5
4
2
9
3
7
3
54
1
2
3
8
2
1
3
65
4
4
2
29
1
4
1
8
6
5
2
22
1
1
3
41
2
6
3
65
6
1
3
43
5
5
1
3
8
5
2
26
4
3
1
33
3
6
1
36
3
1
2
16
3
4
2
66
3
2
2
1
3
7
2
43
4
1
3
11
9
6
2
23
1
4
1
47
3
1
1
52
3
5
1
42
1
2
3
52
3
2
2
28
1
2
2
66
2
1
3
63
12
6
3
26
6
3
2
3
1
6
3
8
7
4
2
29
3
2
2
43
5
2
2
49
2
7
3
17
5
4
3
45
5
5
1
15
3
4
2
71
3
6
2
38
5
7
3
27
17
1
1
18
2
2
3
49
6
6
3
66
7
3
2
60
4
7
3
13
9
7
1
41
1
1
1
45
2
7
1
65
1
2
3
7
4
1
2
63
1
4
3
42
2
6
1
45
1
3
2
2
3
2
1
16
5
3
3
18
7
6
3
28
5
3
2
33
1
6
3
38
11
6
1
36
1
7
3
47
7
6
3
44
9
5
2
42
1
4
1
41
3
3
2
16
1
1
3
71
3
2
2
6
2
1
3
10
22
3
2
31
2
4
3
60
28
3
1
23
2
6
1
37
2
2
2
68
2
5
3
9
20
7
3
68
12
4
2
32
4
2
2
9
2
3
1
4
1
2
2
55
3
1
2
36
1
3
1
7
3
4
3
38
7
6
3
31
30
2
2
26
3
1
3
13
2
7
3
12
5
6
1
33
5
3
3
37
9
4
1
53
1
2
3
12
4
5
2
63
2
7
1
49
1
5
1
11
7
7
2
53
3
6
1
7
11
6
3
67
6
5
1
28
2
5
2
6
1
3
3
6
4
7
2
1
2
2
3
15
10
7
2
45
2
7
3
35
8
6
2
49
4
3
3
40
2
4
2
13
3
3
3
27
4
4
1
34
5
7
1
67
1
6
2
3
2
5
3
42
4
5
2
4
2
2
1
13
3
6
2
28
3
6
3
44
8
1
2
40
4
4
1
14
18
7
3
3
9
3
1
5
2
4
1
55
1
3
3
2
5
4
2
54
2
4
2
10
2
7
3
28
2
1
2
7
2
6
1
2
1
2
3
23
12
6
2
7
3
6
3
39
9
3
1
15
1
5
2
34
1
3
1
71
1
1
2
41
4
6
1
35
2
7
1
65
2
6
3
47
9
1
3
7
5
2
1
32
4
6
3
35
5
5
3
61
4
1
3
17
11
6
2
17
3
2
2
38
2
5
2
65
1
6
3
16
3
6
2
71
2
6
1
38
2
3
1
54
1
5
1
39
3
2
1
3
11
6
3
61
6
2
2
55
1
7
1
17
15
1
3
37
3
2
2
14
1
2
2
17
1
3
1
35
3
3
1
12
13
1
3
53
4
1
2
12
2
7
1
32
5
4
1
30
11
7
3
67
20
1
3
30
12
2
1
11
2
1
2
67
2
7
3
43
7
4
2
47
3
6
1
37
1
6
