2
54
1
5
1
45
1
4
1
17
9
6
1
40
1
6
2
31
5
1
3
39
6
6
1
52
2
7
3
36
4
1
2
37
3
3
3
37
1
1
3
55
10
3
2
36
5
4
3
7
3
5
2
32
3
5
1
5
2
1
3
32
6
4
3
28
1
1
2
68
2
4
2
34
3
6
2
6
3
1
2
33
3
2
1
52
3
3
1
40
3
3
2
60
3
4
3
68
10
2
2
18
2
3
1
1
3
4
2
23
2
7
3
1
1
2
2
44
3
5
2
43
5
5
3
43
5
1
1
31
14
5
3
15
5
7
3
30
9
5
3
27
17
4
2
16
1
3
1
63
2
7
1
71
1
2
2
26
3
1
3
38
9
2
3
47
9
2
3
53
2
7
2
49
1
5
2
39
4
3
3
38
4
3
3
35
2
7
1
15
5
7
2
61
2
4
2
5
1
1
2
28
2
7
3
13
1
6
1
38
3
4
2
23
3
1
2
7
3
7
1
60
2
2
1
7
1
6
2
66
2
2
2
44
1
3
3
71
3
2
1
54
3
1
2
15
1
4
2
53
1
5
1
34
1
2
1
41
1
3
3
8
13
3
3
42
1
6
3
61
9
4
3
6
4
7
1
61
2
2
3
14
22
5
1
25
3
1
1
30
14
5
1
36
3
4
1
23
2
7
1
53
2
2
2
12
1
4
3
7
2
7
2
16
2
2
3
16
8
1
3
6
3
2
2
71
3
4
1
47
1
7
3
45
3
3
1
1
1
1
1
2
4
6
2
4
2
4
2
45
4
2
2
29
1
1
3
28
16
1
1
49
1
6
1
37
1
5
1
13
7
4
1
18
4
5
3
33
5
5
2
22
1
5
2
47
1
1
3
40
3
1
1
26
3
2
2
14
2
4
1
26
2
2
2
22
2
7
1
33
2
6
2
43
3
4
1
15
3
4
2
39
2
4
2
42
2
3
1
12
15
2
1
2
6
3
3
31
15
3
3
66
7
6
1
5
1
7
1
68
1
1
1
4
8
1
2
45
3
2
2
41
2
1
3
3
8
5
1
18
2
7
3
52
10
2
2
32
1
6
2
17
1
1
3
18
18
2
2
66
1
1
2
13
1
5
1
71
3
4
1
25
1
7
1
55
2
6
2
65
4
4
3
40
2
2
1
67
3
3
2
14
3
4
2
40
1
7
2
30
3
7
1
53
1
1
2
2
2
3
2
18
4
4
2
2
1
3
2
17
3
2
2
6
1
7
1
65
1
2
3
13
6
3
1
44
4
1
1
67
1
3
3
34
4
6
1
37
2
2
3
43
7
3
3
65
10
4
1
9
7
2
3
44
6
2
1
9
12
2
1
36
1
1
3
4
3
4
1
3
9
7
3
17
15
3
2
47
3
3
3
49
3
6
1
14
5
6
3
65
2
3
2
26
1
2
3
67
21
1
1
35
1
7
1
34
6
5
3
27
2
6
2
13
2
3
2
63
1
1
2
55
1
2
1
6
2
5
2
35
1
5
2
37
4
2
3
30
4
6
2
25
3
2
1
44
3
4
2
34
1
5
3
68
14
4
1
10
2
5
2
8
2
3
2
9
1
4
3
42
4
5
3
31
14
5
1
33
8
2
1
39
2
3
3
1
6
3
2
9
3
7
2
55
3
3
2
4
1
7
1
61
1
5
2
25
1
5
3
12
7
5
1
43
3
3
3
5
5
1
1
30
10
3
1
63
1
2
2
38
4
2
2
10
2
1
3
71
4
6
1
28
1
6
3
66
6
5
3
55
9
2
1
22
1
4
3
54
1
6
3
5
3
4
1
27
1
2
3
17
13
1
3
32
5
3
2
40
2
7
1
65
2
4
1
47
3
1
1
12
17
4
2
29
2
3
2
33
1
7
3
39
7
3
2
11
1
4
1
68
3
5
1
23
1
3
2
53
2
2
3
22
10
4
1
54
2
2
2
52
2
4
3
12
6
6
3
3
4
3
2
49
2
4
2
36
2
7
3
8
6
6
2
8
1
1
3
44
2
2
3
33
10
4
2
11
2
3
2
1
2
7
1
29
3
5
1
4
1
6
2
7
2
3
2
5
3
1
1
11
11
3
3
25
1
6
3
35
1
2
3
36
1
6
2
15
2
5
3
41
1
3
1
38
1
4
2
52
4
5
3
9
1
5
1
22
3
4
1
8
14
2
1
42
1
3
3
10
19
5
1
39
4
5
1
32
7
6
3
25
2
3
2
67
2
2
1
31
4
3
2
28
3
5
1
43
1
2
1
16
4
5
3
34
3
3
1
45
2
1
2
38
2
6
1
66
1
2
3
29
3
2
2
71
2
1
1
11
12
7
2
31
4
4
2
1
3
6
3
61
11
1
2
3
3
3
3
23
6
1
3
16
3
6
3
22
3
3
2
30
1
7
3
67
16
7
3
63
13
5
3
49
1
5
3
2
4
6
3
10
23
6
1
16
5
2
3
23
4
6
2
65
1
7
1
6
1
5
2
41
3
4
3
15
8
7
1
66
3
2
3
14
3
5
2
35
3
1
1
49
2
5
2
27
1
1
3
63
5
2
3
26
10
5
3
60
4
6
3
53
5
3
2
12
2
1
1
10
8
7
3
11
15
2
2
27
3
3
1
13
9
1
2
3
1
4
2
54
2
3
2
60
2
7
1
60
1
2
3
2
5
6
3
47
4
1
1
41
3
1
3
4
20
6
3
29
6
6
2
67
1
5
2
63
3
7
3
52
2
6
1
29
1
2
1
7
10
1
1
35
4
3
1
32
2
5
3
45
4
6
2
68
1
2
3
18
5
7
2
61
1
6
2
42
3
3
3
41
3
6
3
37
3
5
1
28
3
4
3
11
11
4
3
26
5
2
3
60
1
3
1
55
1
1
1
42
2
2
3
9
13
6
1
27
3
1
3
54
2
2
1
3
5
6
1
14
19
5
1
17
6
7
2
10
3
5
1
8
1
2
