1
3
5
2
1
18
9
1
1
68
1
5
3
4
18
2
1
55
2
6
1
30
15
6
3
23
19
1
2
41
1
7
3
29
8
5
1
47
3
5
3
44
3
4
3
55
14
3
1
45
2
1
1
65
1
6
3
3
4
1
1
13
2
2
2
28
1
7
2
53
2
1
2
12
1
3
2
5
2
4
2
47
3
1
3
33
24
7
1
12
6
7
1
44
4
6
2
11
2
4
1
10
3
1
1
9
3
4
1
67
3
1
2
67
1
7
2
35
3
7
3
66
1
7
2
9
3
5
1
65
2
1
3
8
5
7
2
34
2
4
1
54
3
5
1
5
1
2
1
35
2
4
3
17
4
7
3
39
2
5
1
42
1
2
2
10
3
5
2
18
2
4
3
52
7
3
1
14
7
4
1
45
1
3
2
39
3
7
1
40
2
4
1
26
3
1
1
54
2
3
2
65
3
5
2
4
3
1
2
29
1
5
3
40
2
3
2
3
3
4
2
41
3
3
2
26
1
3
2
9
2
6
2
37
3
2
1
63
1
3
1
68
2
2
1
2
7
1
3
44
1
1
2
13
2
4
2
6
3
4
1
1
2
3
3
18
25
4
2
49
1
2
2
61
1
4
1
43
2
6
3
34
5
7
3
45
7
5
3
26
3
3
1
27
3
2
3
18
19
5
3
63
12
5
1
67
1
4
2
10
2
4
1
33
3
2
3
71
2
1
1
23
1
7
3
67
23
2
3
61
10
5
3
9
17
2
2
15
3
2
1
38
3
4
1
18
15
6
1
55
1
6
2
26
2
6
2
44
4
7
3
31
14
3
2
31
2
4
1
49
2
1
1
7
2
1
3
65
14
1
2
66
2
4
1
22
3
5
1
35
4
6
3
36
7
3
2
40
3
5
2
54
1
3
2
63
3
4
2
44
2
2
1
6
2
4
1
28
1
3
2
17
3
3
3
37
9
2
3
28
6
2
1
23
3
7
3
67
14
1
2
8
3
3
3
13
7
4
3
54
1
6
1
37
2
4
3
2
2
3
1
71
1
4
2
45
4
6
2
12
2
7
3
38
2
5
3
14
7
3
1
28
3
1
2
52
1
4
3
47
3
1
3
10
6
5
2
54
2
1
2
15
2
1
1
8
2
7
2
42
2
4
3
15
4
1
3
7
5
2
1
25
1
3
3
38
3
6
3
25
1
2
2
28
2
3
1
10
7
1
3
33
18
6
2
36
4
7
1
44
2
6
3
45
1
2
1
16
2
5
1
29
2
6
1
60
1
2
1
33
5
5
1
17
9
6
3
5
2
5
3
1
2
7
1
61
3
7
1
25
3
6
2
11
1
3
2
68
4
4
3
23
15
4
3
43
4
6
3
40
4
4
2
36
3
4
1
36
3
2
1
71
3
7
2
39
2
3
2
55
1
2
3
54
2
2
1
53
1
4
2
27
1
5
3
14
23
2
2
29
3
2
1
1
3
4
2
22
2
4
1
41
1
6
3
31
11
6
3
22
6
2
1
52
2
2
3
13
3
4
1
22
2
7
3
22
4
7
3
4
12
5
3
12
2
4
2
25
2
1
2
71
2
4
3
41
3
5
2
38
1
2
2
16
1
6
3
32
11
3
2
30
2
2
1
17
1
4
1
16
7
1
1
34
7
3
3
52
18
2
2
30
1
4
1
31
9
1
1
66
1
5
1
14
20
7
2
65
1
7
3
9
12
3
3
53
5
3
2
1
2
1
2
31
1
3
2
23
3
7
2
42
1
6
2
32
2
3
2
32
4
3
1
47
1
1
2
17
1
1
1
5
2
3
2
71
3
6
1
29
3
5
3
49
7
3
1
41
3
1
3
63
3
1
3
25
6
2
2
67
2
5
1
66
3
2
3
36
14
3
2
47
1
5
3
43
1
2
2
18
3
7
3
35
3
7
2
53
1
1
3
61
3
6
2
22
3
3
2
43
2
5
2
33
3
4
1
52
1
3
2
13
3
7
1
27
2
4
2
40
1
2
2
45
2
2
1
31
13
5
1
26
1
6
3
11
22
6
1
34
6
6
2
33
1
2
2
35
1
4
2
37
4
7
2
27
2
2
2
55
2
5
1
8
15
2
2
16
2
7
3
2
10
1
3
6
4
1
1
15
2
5
2
34
1
1
3
8
3
2
3
60
17
5
2
14
1
7
2
1
1
2
1
13
7
2
1
2
5
3
3
7
4
6
1
32
7
2
2
2
2
2
2
2
3
3
1
61
2
7
3
39
10
7
3
6
2
1
2
63
2
4
3
30
7
1
1
12
11
4
1
36
2
5
3
42
2
1
1
37
1
6
3
5
4
1
3
42
3
5
2
4
2
7
2
14
2
6
3
47
2
1
3
68
10
6
1
43
1
4
3
34
3
4
2
49
3
1
3
66
8
3
1
40
3
3
1
4
8
7
1
42
2
1
2
60
4
3
3
49
5
5
1
11
4
6
2
60
2
6
2
3
2
5
1
11
11
2
2
38
5
3
1
39
3
1
3
15
17
5
3
30
19
1
3
16
5
7
3
41
1
3
2
5
1
7
3
68
3
2
2
7
2
1
1
39
1
4
3
35
1
6
2
52
6
5
2
8
1
6
2
61
2
4
1
32
3
6
3
65
2
1
2
7
1
5
3
55
5
3
3
32
8
1
3
60
7
2
2
66
1
5
3
37
11
5
1
49
1
5
1
3
4
2
1
7
4
7
3
29
12
1
3
11
20
5
3
27
3
7
3
17
7
5
1
9
10
2
1
63
2
2
3
16
2
1
3
27
5
6
3
1
6
4
3
26
8
5
3
3
8
3
1
60
2
6
2
25
3
1
1
30
7
3
3
53
6
4
2
6
1
4
1
38
2
4
3
10
4
5
2
23
1
6
1
53
2
4
2
43
4
4
1
15
4
7
2
68
2
2
3
12
4
6
3
71
3
5
1
6
1
4
3
28
8
6
1
4
2
6
