3
44
4
2
1
47
2
6
3
65
14
5
2
71
2
4
3
52
7
6
3
42
3
4
1
55
2
1
1
8
6
4
1
40
3
1
1
11
8
1
2
30
1
2
3
27
17
3
1
63
2
4
3
71
5
3
1
32
7
6
1
26
3
5
3
43
8
3
2
44
1
6
3
5
4
1
2
23
2
4
3
40
1
4
2
18
1
3
3
55
12
5
2
29
1
3
3
34
10
3
3
29
6
7
2
7
3
7
2
28
2
7
1
18
14
3
2
55
1
5
2
71
3
4
3
61
10
7
2
5
3
1
3
52
6
1
3
34
8
2
1
49
2
3
1
4
1
2
3
15
16
5
1
3
4
4
3
54
1
1
2
61
3
1
1
60
2
5
3
18
9
7
3
16
6
2
1
7
2
1
1
45
1
4
2
17
1
4
3
29
1
3
1
1
2
7
2
33
1
1
1
47
1
5
2
52
7
5
2
1
2
7
2
4
2
3
3
65
5
5
2
68
2
5
2
49
3
7
1
37
1
3
1
8
5
5
2
37
1
2
1
22
3
4
3
14
2
2
3
17
7
2
1
39
3
5
3
31
13
5
3
55
4
4
2
41
5
4
3
11
15
4
2
52
2
2
2
66
3
3
3
32
3
6
2
54
1
2
2
22
2
6
1
22
1
7
2
15
3
2
3
61
8
6
3
47
4
7
2
39
1
2
1
2
4
6
3
17
16
3
1
17
1
6
3
4
7
5
2
44
2
6
2
60
4
5
1
61
3
4
2
31
4
3
2
26
1
6
2
66
1
7
3
23
14
3
2
65
1
5
3
10
24
5
3
27
1
3
1
28
3
4
1
16
3
4
3
13
5
2
2
33
3
7
2
13
3
1
2
10
2
1
2
22
3
1
2
3
1
4
2
10
1
4
3
23
9
2
3
26
3
4
3
5
2
1
1
3
8
1
2
60
3
4
1
32
5
6
3
35
6
1
2
28
1
5
1
36
2
2
3
13
9
6
3
43
2
4
1
25
1
4
3
1
2
6
2
43
3
3
3
47
9
5
1
42
2
3
2
32
4
5
1
38
1
2
2
6
3
5
1
33
7
1
2
12
1
1
2
34
3
6
1
29
3
5
3
25
3
3
3
12
5
4
1
31
4
1
1
45
2
5
2
36
5
6
1
9
4
3
3
6
6
3
1
37
2
7
3
2
10
3
2
35
3
7
3
7
2
3
1
42
1
5
3
10
6
4
3
18
7
5
3
28
4
3
1
38
2
2
2
31
2
2
1
5
2
2
2
63
3
3
3
32
11
6
2
45
3
1
2
55
3
2
2
29
2
6
2
42
4
2
2
38
5
1
1
17
6
5
3
49
5
1
1
33
6
7
3
12
3
7
1
60
1
2
1
63
1
7
1
30
3
5
3
9
32
3
3
15
15
5
1
29
1
6
3
37
12
1
1
31
2
4
3
53
3
6
2
9
1
6
1
67
1
3
2
54
2
4
3
41
4
5
3
45
2
7
2
15
2
1
2
45
1
4
1
66
3
2
1
12
17
1
3
63
3
4
1
30
2
1
3
33
11
1
2
53
3
3
1
1
3
6
1
67
2
5
1
68
1
4
3
30
7
7
2
7
2
7
1
16
4
3
1
23
2
1
3
7
5
6
3
67
34
1
1
54
3
5
3
14
16
4
1
34
11
3
3
28
12
2
3
63
2
2
2
8
1
4
3
3
3
7
2
2
3
3
2
4
1
2
2
5
2
7
1
5
1
6
3
40
3
2
1
28
2
1
1
34
9
3
3
66
6
5
3
44
3
6
1
35
4
5
3
31
11
6
2
30
4
4
1
39
4
5
1
53
2
6
3
35
1
5
3
1
10
4
3
49
6
6
3
37
8
2
2
40
2
6
3
38
7
3
3
26
10
5
3
38
6
3
3
54
2
6
1
18
7
1
2
17
3
5
2
40
4
2
1
7
5
4
2
27
2
3
3
42
2
4
1
15
3
5
2
16
3
5
1
35
1
2
2
35
1
6
2
47
1
7
3
25
8
7
1
55
1
4
1
13
2
6
3
8
14
4
2
41
1
5
3
60
32
3
2
26
3
4
2
34
2
5
1
71
2
1
1
6
2
3
3
41
3
2
2
6
2
5
2
61
1
2
1
27
1
2
3
60
17
4
3
4
17
6
2
16
2
6
1
2
3
7
1
10
3
2
2
53
2
6
2
49
2
7
3
68
7
1
1
14
8
4
2
18
3
2
3
53
8
4
2
38
2
7
2
11
1
1
1
43
2
3
3
22
2
3
3
39
7
6
1
68
2
3
3
71
3
2
1
52
3
6
2
39
4
3
2
63
1
1
3
66
7
7
1
65
1
3
3
33
7
6
1
23
3
3
1
65
2
6
2
14
3
3
3
22
4
3
1
40
1
5
3
68
16
1
2
23
3
6
1
10
6
4
3
30
18
5
2
13
2
3
2
42
2
7
1
6
1
7
3
8
8
3
2
68
1
1
2
67
2
4
1
11
12
6
2
11
3
1
3
36
7
1
3
11
18
1
2
2
1
4
2
3
3
6
2
32
1
7
1
12
10
2
1
36
1
3
1
54
2
7
2
36
4
5
3
16
4
4
2
37
4
7
3
36
13
6
2
67
1
2
1
53
1
6
2
65
4
7
2
1
1
1
1
14
9
6
1
15
4
6
2
25
3
1
1
49
1
6
1
43
3
3
3
39
2
7
3
3
4
4
1
44
1
2
1
4
8
3
2
27
1
4
1
61
2
6
2
14
1
7
1
71
3
2
1
25
2
5
3
9
15
1
3
67
30
3
1
52
2
3
2
25
1
7
1
66
2
7
1
9
13
4
3
45
4
4
2
43
1
6
2
12
2
1
1
26
1
3
1
44
2
2
1
27
3
2
3
2
4
1
3
6
3
3
1
13
4
1
2
8
3
4
1
41
2
4
2
9
2
3
1
41
3
5
2
47
4
3
