3
10
14
7
2
3
1
5
1
65
1
1
3
1
4
2
2
54
1
4
1
60
2
7
1
32
5
5
3
2
9
2
3
22
9
6
2
23
3
3
2
35
3
3
2
65
1
2
3
71
4
1
1
54
2
5
1
27
2
6
3
4
26
1
1
13
3
3
3
1
2
5
3
16
2
2
1
1
2
1
2
6
3
3
3
27
15
4
1
23
2
2
2
25
3
4
3
11
25
7
3
35
2
5
3
17
12
6
1
38
3
3
3
36
11
5
1
45
2
5
2
3
2
5
3
55
6
5
2
22
3
5
2
13
2
6
2
2
3
4
2
52
1
3
1
42
1
6
1
8
1
1
1
26
1
2
1
7
1
7
2
61
3
1
1
47
2
2
3
38
12
1
3
60
24
5
3
14
16
3
3
44
4
5
3
65
1
3
1
66
1
2
1
44
1
3
1
4
8
6
3
31
11
6
1
60
1
3
2
14
3
3
3
29
3
3
3
39
1
6
1
9
12
3
2
5
2
1
2
29
2
2
2
41
1
5
2
66
1
3
3
10
2
2
2
11
3
6
1
33
1
1
3
61
6
5
3
29
13
7
3
39
6
7
1
14
19
2
3
3
2
5
3
65
12
3
3
33
9
1
3
30
10
4
2
27
2
6
3
32
4
7
2
23
2
1
1
15
3
1
2
30
3
2
2
67
1
2
3
15
3
7
2
33
1
6
3
14
19
4
3
60
3
2
3
42
3
4
2
39
2
6
3
40
2
5
2
49
1
1
1
16
3
6
1
36
1
2
2
7
2
7
3
28
16
6
2
31
4
1
3
13
5
7
3
3
3
3
3
26
3
5
3
47
10
4
3
41
1
5
1
53
2
7
3
32
6
3
2
22
1
7
1
40
3
3
3
11
22
2
3
26
12
5
1
28
2
2
3
22
4
2
1
32
2
1
1
37
2
5
3
7
4
5
2
34
1
3
3
7
5
6
2
38
2
7
2
18
1
5
2
15
1
2
1
47
3
4
2
49
4
1
3
8
4
2
1
35
2
7
2
17
3
4
2
26
2
7
2
54
2
6
2
71
3
5
1
52
1
5
1
39
1
1
3
43
7
5
3
33
6
7
1
37
1
7
2
2
2
2
2
37
3
4
1
31
13
1
2
12
3
5
3
66
9
1
3
43
2
6
1
71
2
6
3
35
5
2
3
68
8
3
3
45
4
4
2
36
3
5
2
45
2
4
2
45
1
3
2
9
3
5
1
17
3
4
1
36
2
7
3
6
6
7
2
4
2
6
3
63
11
3
3
54
2
2
2
63
3
4
3
52
2
2
1
66
2
2
2
44
5
3
2
55
2
2
1
4
1
1
1
10
1
7
3
67
30
2
2
4
3
1
2
9
2
3
2
60
2
7
3
30
26
3
1
22
3
4
1
3
4
6
3
12
6
3
2
18
2
3
1
14
5
1
3
18
9
4
1
49
1
2
3
53
7
1
2
37
2
6
2
6
1
6
3
28
10
4
2
42
4
5
2
8
1
1
1
30
21
5
1
9
10
6
3
15
4
2
2
36
4
5
2
65
2
6
2
31
2
3
1
8
16
3
2
1
3
1
1
12
11
5
3
42
2
3
1
53
1
5
3
6
1
6
1
55
1
1
1
71
1
5
2
32
4
5
1
63
2
7
2
10
1
1
3
16
4
6
2
11
2
4
3
9
17
3
2
5
3
7
3
71
3
3
2
32
3
1
1
6
2
2
2
26
1
6
3
53
5
4
2
34
2
1
2
25
1
6
2
17
1
1
3
40
3
6
3
34
7
6
3
45
3
5
1
5
2
7
1
55
2
1
1
45
1
6
2
29
3
4
2
55
1
5
1
25
3
4
2
28
2
7
3
55
10
2
1
41
2
3
1
27
3
4
1
43
3
5
2
16
2
2
2
39
4
1
3
49
8
5
3
23
12
4
2
1
1
5
1
42
2
5
3
68
5
6
1
44
2
6
3
18
2
2
2
15
3
1
3
25
4
2
2
44
2
1
1
39
3
6
3
34
6
6
2
61
1
7
2
68
2
3
1
6
1
4
1
23
3
7
2
33
3
2
1
41
1
1
2
66
3
4
2
16
3
6
3
52
9
1
1
40
1
3
1
33
2
6
1
38
1
3
3
13
2
5
3
9
25
5
3
37
9
6
1
34
9
2
1
68
1
5
1
11
6
1
3
47
7
6
3
27
11
7
2
53
2
3
1
34
2
2
1
2
7
4
3
44
9
1
2
12
2
7
2
13
3
7
2
27
3
4
1
18
15
6
1
5
1
2
1
61
2
7
1
15
4
5
2
7
3
1
1
31
1
7
3
4
13
1
1
7
11
3
1
3
2
5
1
25
2
4
1
63
1
3
2
35
1
3
1
67
1
6
1
65
2
6
1
67
3
6
1
29
2
7
1
29
1
4
1
18
12
2
1
13
2
7
2
41
5
3
3
5
1
3
3
54
1
7
3
8
18
6
1
26
2
6
3
49
5
4
1
17
4
3
2
10
3
5
1
30
6
3
3
37
3
6
2
47
3
2
3
2
8
6
1
12
5
1
1
16
7
7
2
40
2
2
3
36
15
4
2
42
2
7
3
17
8
7
2
8
3
4
3
38
3
1
2
67
2
7
3
5
3
7
3
31
26
5
2
60
1
4
1
22
2
1
3
12
4
5
1
35
3
5
2
43
3
4
1
61
3
3
2
14
1
7
3
66
1
3
1
10
4
1
1
28
3
1
1
49
2
7
1
11
11
3
3
25
6
5
2
38
4
5
2
63
2
4
2
52
2
2
1
68
3
3
3
67
35
6
1
1
1
5
2
30
5
3
3
41
4
7
2
28
3
1
3
61
11
1
2
53
1
4
1
43
1
7
2
40
4
2
3
63
5
6
2
68
1
4
2
43
4
2
1
52
3
5
1
54
3
1
3
23
10
6
1
2
6
3
2
71
2
7
2
47
4
1
