3
14
12
3
3
15
10
5
2
13
3
1
2
63
3
1
3
54
2
6
2
71
1
4
1
18
1
1
2
12
3
4
2
38
2
3
1
14
11
1
3
11
17
1
1
30
19
4
3
49
1
5
2
36
3
6
2
17
2
1
1
63
2
3
2
2
2
5
1
67
1
6
3
5
3
5
1
13
4
1
2
44
2
2
2
47
2
5
2
40
3
2
2
67
1
3
3
66
3
7
2
17
3
3
2
29
1
5
1
8
9
6
2
16
1
1
3
9
7
4
3
8
1
2
3
14
18
4
3
31
13
2
1
35
4
6
3
60
30
3
3
47
9
1
1
32
6
7
1
16
5
5
1
44
3
4
2
18
4
2
2
15
1
2
1
6
2
6
2
29
3
5
2
25
3
7
2
41
2
1
3
30
24
1
3
16
1
1
3
31
10
7
3
40
6
3
3
29
14
2
1
37
2
4
3
39
5
6
3
2
10
4
1
15
2
7
1
36
1
5
3
18
13
7
2
34
1
7
1
43
1
2
3
60
23
5
3
7
4
2
1
32
3
1
2
9
3
1
1
47
2
3
2
7
3
4
2
14
2
3
2
65
3
2
1
18
15
7
3
34
5
5
3
38
3
7
1
11
1
5
1
23
2
6
3
11
1
2
1
68
1
1
1
31
15
5
2
66
1
6
1
33
6
7
1
41
1
7
1
44
4
4
1
14
15
2
1
39
3
7
3
65
13
2
2
12
1
4
2
15
3
2
1
30
18
3
1
31
1
3
3
17
14
3
2
68
3
6
1
3
11
7
3
38
11
5
2
43
1
2
2
45
2
1
3
61
2
3
2
8
2
3
3
71
5
6
1
9
2
3
3
26
1
4
2
34
3
7
3
67
35
3
2
23
3
1
1
34
10
2
1
33
8
2
2
49
4
1
2
66
2
2
1
9
4
1
2
22
2
1
3
26
3
5
1
38
3
5
2
67
2
7
2
13
1
1
3
8
11
3
1
8
12
6
3
10
21
1
2
33
3
7
1
71
1
5
3
36
13
6
1
68
3
1
2
4
2
4
1
54
2
5
1
1
2
1
1
17
8
4
1
11
11
3
3
23
10
4
1
55
1
7
3
44
4
6
2
31
3
1
2
23
1
7
1
37
1
4
2
5
3
5
3
63
13
1
2
32
4
5
1
42
1
6
3
22
4
3
2
27
1
7
3
22
3
7
1
39
4
4
1
55
2
4
3
32
4
4
2
37
1
7
2
32
3
4
2
47
3
7
3
5
1
2
3
2
8
1
3
45
1
3
2
18
2
1
1
52
3
1
2
14
1
4
3
45
6
3
2
45
4
5
1
41
2
7
2
54
1
2
3
3
10
2
1
66
1
3
2
40
1
1
3
17
6
6
2
44
1
4
2
60
4
2
1
61
1
1
3
6
6
4
2
43
5
5
3
52
11
6
2
30
5
5
2
53
1
6
3
44
8
1
2
55
1
2
3
66
5
5
2
61
2
5
1
61
2
7
2
41
5
1
3
32
3
1
3
13
3
4
1
65
1
4
2
35
3
5
1
60
1
1
3
68
15
6
2
71
3
3
1
29
3
4
3
4
2
1
3
41
3
1
2
30
4
2
2
1
2
6
1
25
1
1
2
68
2
2
2
39
1
1
2
5
2
2
1
13
5
4
1
34
2
3
2
25
1
5
2
42
1
6
1
65
2
6
3
12
6
6
1
43
3
2
1
16
3
6
1
7
11
7
2
54
2
7
2
4
3
2
1
71
2
4
3
6
4
4
3
33
5
5
3
40
1
2
1
23
1
7
3
37
9
7
3
43
7
7
3
43
8
3
3
35
1
7
3
12
2
1
2
60
1
5
3
30
6
7
2
26
2
2
1
12
11
6
1
7
5
6
2
53
3
6
1
22
2
4
2
63
1
7
1
15
3
3
2
16
2
7
3
28
4
7
3
25
7
2
3
55
6
5
2
36
1
2
1
10
4
2
1
1
1
6
3
37
5
1
3
35
2
6
3
53
7
6
1
2
3
4
1
63
1
4
3
18
14
5
3
27
1
6
3
9
3
5
1
6
1
1
1
49
1
4
1
27
2
7
1
26
2
4
2
3
3
7
1
53
2
4
1
12
4
4
1
5
1
1
3
49
3
7
1
10
6
3
2
28
1
2
2
49
3
5
3
36
7
7
2
10
2
2
2
42
4
1
3
42
4
2
3
25
5
5
2
35
1
2
1
4
3
3
3
28
2
5
1
38
2
7
2
26
3
6
1
47
3
7
3
71
4
3
3
16
6
3
3
63
2
4
3
42
2
5
1
5
2
5
1
36
2
5
1
27
3
5
2
55
2
5
3
27
16
1
3
34
10
5
3
52
15
6
3
67
4
1
3
53
6
4
2
7
2
2
1
54
1
2
3
33
14
7
2
8
3
6
2
28
3
5
2
1
3
5
2
22
3
2
3
3
8
6
3
54
1
5
3
1
2
5
1
52
2
2
3
55
10
3
3
7
3
3
2
52
2
6
2
52
4
1
1
66
2
5
2
27
3
2
1
67
3
3
2
11
3
1
2
6
2
2
2
37
4
3
2
31
4
6
1
42
2
7
3
68
4
2
3
65
2
2
3
47
6
7
3
23
6
6
1
28
3
7
1
53
1
2
1
4
8
3
3
39
6
6
2
6
3
6
2
2
3
1
1
45
1
7
3
61
3
3
2
38
5
4
3
15
12
4
1
3
7
5
3
41
1
7
2
65
1
3
1
45
2
5
2
33
1
1
1
26
3
6
2
61
3
1
3
1
1
3
2
10
1
5
3
10
11
7
1
49
2
4
1
60
2
7
3
13
8
3
2
11
2
2
2
9
1
6
2
39
4
3
1
35
3
2
2
3
2
3
1
2
4
4
1
22
3
2
3
29
1
5
1
29
2
1
1
25
2
2
3
4
13
4
1
40
1
3
1
40
3
3
1
28
2
4
1
17
9
1
