3
52
18
1
2
13
3
4
3
1
10
3
3
31
30
5
2
67
2
4
1
10
8
7
3
2
2
2
3
28
11
1
2
47
3
7
1
4
2
2
3
17
12
4
2
43
1
5
3
47
9
4
2
34
2
5
3
44
4
6
1
23
3
5
3
2
11
4
3
30
24
5
2
44
2
2
1
26
2
5
1
3
8
4
2
40
3
7
3
55
13
7
2
16
2
6
2
4
2
5
3
23
16
3
2
25
1
7
3
66
8
3
3
65
5
2
2
10
3
2
1
42
1
1
1
68
3
7
2
2
1
1
3
36
4
3
2
36
5
7
3
63
12
7
3
43
6
6
1
44
2
1
3
6
5
4
3
35
7
7
3
9
31
2
1
67
3
2
2
63
1
3
2
32
3
7
3
17
9
7
3
41
4
1
3
67
1
6
2
32
1
5
1
36
3
4
2
6
2
2
1
31
7
1
1
15
5
2
1
7
8
1
1
71
2
7
3
5
4
1
3
68
16
1
1
35
4
5
2
41
4
5
3
3
4
1
2
5
1
3
1
10
4
6
1
67
1
2
2
31
1
1
1
55
2
3
1
43
1
4
3
49
7
7
1
8
15
7
2
18
2
3
2
11
3
1
1
9
10
6
2
42
1
3
3
60
13
1
1
30
1
7
3
22
3
5
2
12
1
6
3
28
9
6
1
47
2
1
1
44
1
4
2
14
2
1
2
35
3
1
1
12
5
3
1
52
1
2
3
33
6
4
3
22
11
6
1
5
1
2
2
30
2
4
2
17
2
2
1
65
1
7
3
71
4
1
1
41
3
6
2
52
4
1
2
4
1
4
2
8
1
3
3
27
5
2
2
61
2
3
1
7
5
5
1
35
3
2
1
5
2
7
2
38
5
6
3
45
6
2
2
30
1
7
1
47
3
6
3
65
20
1
2
68
1
6
1
22
1
1
1
71
1
1
3
54
2
6
2
63
3
2
2
53
3
5
1
54
3
2
3
38
2
1
1
25
3
2
3
33
13
3
1
13
2
7
1
12
14
1
1
49
1
3
1
2
6
2
2
5
2
7
2
27
1
6
3
47
3
1
3
63
10
2
1
38
3
3
1
39
1
1
3
39
7
6
2
40
2
4
1
31
2
6
1
8
12
6
2
2
3
6
1
15
1
6
3
14
4
2
2
49
2
2
1
11
4
2
1
53
2
3
3
36
12
1
2
45
3
5
2
1
3
1
1
25
1
7
3
11
1
1
2
13
2
6
1
14
4
7
1
43
2
5
1
28
1
7
1
26
3
2
2
44
4
7
3
32
10
6
3
39
5
7
2
29
2
6
2
3
1
4
1
2
4
3
1
27
2
1
1
32
7
4
3
68
9
7
1
28
2
1
2
7
3
3
3
9
19
2
3
16
4
7
2
42
3
6
2
65
1
3
1
61
3
7
2
29
3
3
3
31
5
2
1
23
1
6
1
29
2
1
2
1
1
1
2
22
2
4
1
52
3
3
2
71
3
1
3
4
11
5
2
18
4
6
1
63
2
7
1
30
15
1
3
61
2
7
1
34
4
1
3
6
1
2
3
60
22
4
2
37
1
3
3
32
5
1
2
33
2
3
3
3
10
5
3
53
1
2
3
67
32
5
2
54
2
3
1
6
2
7
1
11
12
3
3
34
10
6
2
65
3
6
3
40
5
2
1
66
3
5
3
13
9
5
2
45
2
7
3
13
2
2
1
40
2
7
2
68
2
3
3
42
2
7
2
41
3
6
3
5
1
4
1
40
1
5
1
16
3
3
3
45
4
2
1
34
11
7
2
11
2
7
3
71
1
2
3
37
9
3
2
26
2
3
1
65
2
6
3
25
6
7
1
39
3
1
3
43
1
1
1
38
2
2
2
15
2
7
3
41
3
4
2
39
3
3
2
22
3
6
1
60
2
1
2
36
4
3
2
6
3
1
1
55
1
2
1
1
2
5
1
32
4
5
2
47
4
3
2
60
3
2
3
23
8
4
1
1
1
4
2
71
1
3
1
61
2
3
3
37
2
5
1
68
1
2
3
42
3
5
3
18
15
5
1
13
7
5
2
55
3
6
2
66
1
3
2
31
5
4
1
60
1
3
1
37
1
1
1
18
8
5
1
3
7
1
2
37
2
1
3
18
20
4
1
4
5
7
3
52
11
6
2
52
2
2
1
14
12
2
3
44
9
6
2
60
4
4
3
26
9
7
2
8
3
5
1
17
16
7
2
61
3
7
1
6
1
4
2
28
1
7
3
27
14
3
3
4
27
1
1
66
1
6
1
49
2
7
3
61
5
3
3
29
15
2
3
38
10
1
2
14
1
6
2
28
2
2
3
8
10
2
3
54
1
2
3
15
7
3
3
49
5
5
2
10
1
6
2
27
2
7
2
33
3
2
1
27
1
7
2
34
3
2
1
53
1
4
1
63
1
6
2
38
2
2
1
29
1
3
3
14
1
5
3
30
4
5
1
16
6
3
1
36
1
3
1
33
2
5
3
10
20
7
2
66
2
3
3
10
2
1
1
17
7
3
3
11
19
2
1
33
7
2
2
12
3
6
2
7
2
6
1
45
2
7
3
34
7
4
2
26
4
2
3
12
3
6
1
37
2
2
1
18
2
7
2
55
2
1
3
29
9
2
3
1
7
5
2
15
3
3
3
40
4
6
2
16
3
4
2
23
3
4
1
22
3
7
3
25
7
2
1
45
1
7
3
35
8
1
2
53
1
3
1
41
2
3
2
43
5
1
1
42
2
6
1
9
8
2
2
49
4
3
2
9
3
3
2
39
4
7
3
7
3
1
2
54
1
3
3
7
4
1
3
55
12
3
2
25
3
7
3
26
5
6
3
66
7
6
3
12
4
3
1
54
1
4
2
67
1
1
2
17
1
2
3
16
7
7
3
15
4
4
2
3
2
7
2
35
1
1
2
23
2
2
3
8
7
5
2
9
2
4
3
53
8
1
