1
54
2
3
1
52
1
7
3
53
1
3
2
31
5
3
3
42
3
3
2
49
2
1
1
13
8
6
1
3
2
7
1
8
11
1
1
42
2
2
1
6
1
6
3
33
22
4
2
42
3
5
2
44
3
6
1
10
1
2
2
4
1
7
2
55
2
2
3
17
4
4
2
1
3
5
1
5
1
5
2
36
5
3
3
18
19
3
3
22
4
4
2
13
3
4
1
23
1
1
2
37
2
5
1
53
1
2
1
47
3
1
3
9
27
3
3
9
23
5
2
40
1
7
1
33
4
2
2
22
2
5
2
38
1
7
1
41
1
2
3
2
4
6
1
43
3
2
2
12
3
2
3
39
4
1
1
11
2
6
3
26
12
1
1
65
2
5
1
30
19
1
2
66
1
4
3
49
6
3
1
22
2
5
3
49
2
1
1
65
1
3
1
4
1
1
3
23
3
6
2
11
2
5
2
10
2
7
3
29
7
3
1
61
3
1
2
22
3
5
1
36
1
5
2
68
1
6
3
68
10
7
2
39
2
1
3
42
2
4
2
52
5
4
1
18
2
4
2
38
4
2
1
68
2
3
3
13
1
6
2
28
3
3
2
67
2
4
1
60
1
3
3
44
8
2
2
55
3
5
2
14
3
7
1
40
3
6
2
15
3
1
1
34
7
3
3
3
3
4
2
3
1
6
2
71
3
5
1
4
6
3
2
61
1
5
2
3
3
3
2
23
2
6
1
37
2
7
1
45
1
7
2
44
5
2
2
45
3
4
2
14
1
7
2
63
3
1
1
25
2
5
2
5
2
1
3
10
7
4
1
25
3
6
3
13
9
2
2
30
3
2
3
4
25
1
1
40
2
4
1
16
4
3
3
63
1
5
3
31
26
7
2
27
3
7
3
2
2
5
3
52
3
7
1
1
1
6
2
16
3
5
3
16
4
6
3
4
7
7
3
63
11
6
2
29
3
1
2
9
3
2
2
43
3
5
1
14
5
7
2
16
1
3
2
26
2
2
3
61
4
6
1
15
5
2
2
49
3
5
1
67
2
3
2
42
2
3
3
22
5
3
1
44
4
7
3
18
3
6
2
71
2
1
3
32
4
1
1
66
3
5
2
18
3
4
1
71
2
7
2
68
4
6
2
66
3
2
3
43
6
1
1
55
1
3
3
31
12
7
2
41
3
4
2
65
1
7
2
9
1
1
2
17
3
3
1
52
3
2
1
7
10
2
2
7
2
1
3
67
12
6
2
7
1
7
2
15
1
6
1
44
1
1
1
29
3
7
2
41
5
1
2
61
3
6
1
7
6
3
3
15
12
3
1
8
7
7
1
17
7
5
3
34
3
1
3
8
4
5
3
34
5
2
3
35
8
4
3
6
1
2
1
28
1
7
2
32
4
1
1
27
1
2
2
35
2
3
3
55
6
1
1
12
12
5
2
53
1
6
3
67
5
2
2
5
3
2
1
31
11
5
1
12
4
2
2
52
7
7
3
28
1
7
3
47
3
3
1
39
3
4
3
45
1
6
2
25
2
3
1
35
3
3
1
26
1
2
3
53
2
3
2
13
1
1
3
16
7
4
3
30
2
4
3
68
4
2
1
37
1
3
1
61
1
7
1
71
3
6
1
42
1
1
3
3
8
1
1
2
3
7
3
26
9
3
2
37
1
5
2
60
2
5
1
35
1
1
2
23
1
7
1
1
3
5
1
32
7
7
2
39
3
5
2
6
1
7
3
44
1
2
3
65
7
3
2
12
1
7
2
1
1
1
3
17
2
2
3
33
1
7
3
28
2
6
3
61
1
2
3
35
5
3
3
40
4
6
2
8
3
6
1
68
1
1
1
9
1
7
3
5
3
5
2
31
2
1
3
37
5
2
3
40
2
5
3
60
15
5
1
13
2
2
3
1
4
4
2
43
5
2
3
38
8
7
2
63
2
4
3
66
8
1
3
8
11
7
1
16
1
5
2
11
1
6
3
38
1
6
3
14
5
1
1
5
2
4
3
37
11
6
3
29
16
5
2
6
2
1
1
55
2
6
2
33
3
2
2
54
2
6
1
45
2
4
1
49
2
5
1
36
3
4
2
54
1
1
1
43
2
7
2
25
3
6
3
36
1
3
3
15
10
1
2
26
3
2
2
40
2
2
2
47
1
3
1
33
8
7
2
34
3
7
2
8
1
5
1
49
1
4
3
10
12
7
1
6
2
5
3
11
3
1
3
25
2
7
3
23
18
5
1
11
7
7
2
10
1
1
2
47
3
5
3
14
17
7
1
2
2
7
3
71
2
2
3
39
2
3
1
67
1
3
3
54
2
6
2
33
1
6
2
30
2
2
1
18
13
1
3
30
28
5
1
23
3
3
1
63
1
5
1
41
2
4
2
32
3
7
3
12
4
5
3
6
4
1
1
3
10
5
1
27
2
1
3
45
6
5
1
63
2
1
2
27
1
1
2
35
3
5
1
22
3
1
1
47
2
4
3
5
5
5
3
25
5
2
3
12
7
5
3
41
1
6
3
43
7
2
1
60
2
6
2
2
1
7
2
34
1
4
3
66
6
5
2
2
3
6
3
54
1
3
1
17
15
1
3
36
9
7
1
54
1
7
1
31
15
5
1
29
1
3
3
47
1
6
1
38
3
2
1
30
13
4
3
27
15
2
2
60
4
3
2
29
2
7
2
18
4
6
3
27
6
4
3
65
9
2
2
67
1
2
1
10
7
2
3
7
4
1
1
34
9
3
1
15
2
4
3
55
11
2
1
39
2
4
2
53
2
7
1
9
13
3
1
14
21
4
1
28
3
5
1
53
2
4
2
45
4
5
3
1
8
5
3
11
13
6
3
71
4
4
1
38
2
2
2
28
1
6
2
17
2
3
2
4
3
7
2
65
3
5
1
26
2
1
1
32
5
6
3
52
16
1
2
36
3
5
3
60
1
6
3
41
2
1
3
7
5
2
1
66
1
2
3
32
12
3
