1
36
1
2
2
1
3
5
3
47
7
2
1
29
1
4
3
47
1
6
2
15
2
2
1
54
3
7
3
65
6
1
3
8
8
5
3
13
3
3
2
28
3
4
1
32
7
1
3
5
5
2
3
14
8
7
3
49
6
1
3
8
12
7
1
3
5
7
2
10
2
7
3
27
5
3
1
9
14
6
3
60
25
5
3
41
1
1
1
68
1
1
1
18
13
6
3
43
8
5
1
61
2
5
1
42
1
6
1
45
2
6
1
15
1
1
2
52
6
3
2
9
3
1
2
30
5
1
1
63
2
2
2
44
2
5
3
35
6
5
1
38
1
7
3
17
12
5
2
17
2
7
1
33
4
3
1
65
2
3
3
38
3
4
1
41
2
4
2
36
5
6
1
6
1
6
3
2
12
4
1
15
5
4
3
66
1
1
2
47
4
1
2
60
4
7
3
23
9
2
1
6
2
4
2
67
2
3
1
41
3
1
2
34
1
4
3
28
7
3
3
7
3
3
3
1
1
6
3
65
7
3
1
23
3
2
2
60
1
4
1
22
1
7
3
53
6
4
2
13
2
4
3
33
8
5
2
43
2
6
2
16
1
4
2
26
4
3
1
11
1
2
3
4
7
1
3
5
4
3
1
16
2
6
2
42
1
2
3
15
15
5
3
29
2
1
2
61
2
7
3
1
4
6
3
41
2
3
2
53
3
3
3
13
2
3
1
52
2
2
1
35
3
2
1
47
2
6
2
23
3
5
3
27
7
6
3
42
1
5
1
61
1
7
2
45
2
6
2
36
3
2
1
26
3
2
1
68
2
1
2
12
2
5
1
18
9
7
3
54
2
5
3
15
3
6
3
67
8
4
1
23
2
5
3
52
18
1
3
71
4
4
2
37
4
6
3
55
16
2
3
14
12
6
3
2
1
2
3
42
2
5
2
12
1
6
2
71
3
3
2
22
2
5
1
47
3
5
1
27
2
7
1
45
1
7
2
37
1
4
2
42
3
2
3
37
2
1
2
32
1
6
1
12
4
7
1
3
1
7
2
16
3
7
2
65
2
3
1
28
2
3
1
8
16
6
2
2
3
4
2
25
1
1
1
14
10
1
1
2
1
3
1
17
11
2
1
71
2
3
2
7
2
6
1
38
2
5
3
54
1
7
2
52
1
6
3
39
3
6
1
28
1
7
3
18
18
6
1
67
2
6
2
29
2
3
3
63
7
4
2
68
2
5
3
16
5
2
2
65
1
3
2
23
2
5
3
11
8
6
1
7
2
1
1
66
2
6
2
22
1
1
1
14
2
3
1
32
2
1
3
49
5
7
1
22
3
4
1
42
2
2
2
40
3
6
3
40
2
4
2
30
2
5
3
36
10
7
1
36
2
7
2
68
4
7
3
3
4
4
3
3
6
1
2
39
3
1
1
13
3
1
2
27
2
4
1
7
1
4
2
11
2
7
3
29
11
5
3
45
6
4
2
45
4
7
2
54
1
3
3
9
31
5
3
25
7
1
3
35
1
6
3
39
9
4
1
9
1
5
3
22
1
7
3
10
18
6
2
14
1
6
1
43
2
1
3
34
2
6
1
30
11
2
3
12
3
7
1
71
3
2
1
65
1
4
2
5
2
1
2
38
5
5
1
40
2
1
2
8
1
1
3
16
8
4
1
63
1
6
1
53
2
5
3
60
29
5
2
61
3
7
3
40
3
4
1
10
4
3
2
55
1
6
2
33
3
5
3
32
11
7
1
44
1
6
1
4
8
6
3
36
12
5
2
10
3
7
3
26
9
6
1
49
1
1
2
25
2
2
2
31
4
5
2
53
1
6
1
30
13
5
3
34
8
7
3
67
12
1
1
66
1
6
2
6
3
4
3
68
15
6
1
1
2
6
1
27
1
7
2
55
2
5
1
53
1
3
3
4
27
7
1
4
2
7
1
40
1
7
2
49
3
6
1
39
2
7
1
67
1
3
1
34
1
3
2
66
2
7
3
68
1
7
3
63
12
4
1
31
12
7
1
12
12
5
1
34
7
2
3
44
5
4
1
5
2
4
2
17
1
3
1
54
2
5
3
66
3
3
3
30
13
4
2
71
1
2
2
11
3
1
3
12
6
3
2
32
3
4
3
37
5
6
3
53
1
1
3
10
20
2
3
22
5
7
3
55
7
1
1
16
5
5
3
61
6
6
2
34
3
3
2
63
2
2
3
33
11
1
3
23
4
5
2
66
3
2
1
39
1
3
3
9
1
4
1
60
2
1
2
26
2
1
2
35
1
4
3
43
7
3
2
63
1
6
2
35
2
5
1
49
2
6
2
31
5
1
3
26
3
3
3
44
1
4
2
3
2
2
1
11
3
7
2
49
4
1
1
8
17
5
2
8
2
7
2
33
2
5
3
17
6
3
3
32
10
1
2
6
1
6
3
6
2
2
1
25
3
5
1
37
2
2
1
37
1
2
3
18
7
1
2
4
1
5
1
60
1
1
2
7
3
2
3
31
29
4
1
52
1
2
2
15
3
5
1
26
2
2
1
13
7
6
1
2
2
7
1
25
2
2
1
55
2
6
2
28
1
2
2
54
2
1
2
67
1
2
3
45
1
7
2
3
3
6
2
4
3
7
2
40
2
7
2
41
4
3
1
17
6
6
2
2
1
3
2
14
2
1
2
38
2
1
1
44
2
5
2
9
2
4
2
39
2
4
1
5
1
4
3
30
19
6
3
71
5
2
2
44
1
6
3
11
15
3
3
52
13
4
1
31
18
5
1
43
1
7
2
5
3
2
2
43
4
5
3
7
5
6
2
18
1
7
2
47
2
6
2
1
1
7
2
41
5
3
3
28
4
2
1
33
6
2
1
55
1
7
3
31
26
3
1
29
3
2
2
18
2
5
1
10
7
5
2
29
3
6
2
27
1
5
3
6
1
4
1
35
4
2
3
38
7
2
3
25
6
2
2
13
1
5
1
1
3
4
3
61
9
4
