1
55
1
2
3
1
2
3
1
31
12
1
3
49
7
2
1
13
8
3
2
71
2
7
3
66
5
2
3
25
1
4
3
43
7
5
1
10
5
5
3
30
6
6
1
32
2
6
2
34
2
5
1
38
2
1
2
45
2
1
2
13
3
5
3
61
4
7
2
12
1
6
1
61
3
4
2
16
1
6
2
33
1
3
3
42
4
7
2
26
4
7
1
68
3
7
1
6
2
1
1
3
11
1
3
71
5
7
3
45
7
3
3
13
1
2
3
47
5
5
2
5
2
4
1
28
3
3
1
16
5
3
3
53
1
5
3
7
1
4
1
40
3
4
2
41
5
5
2
10
3
3
1
35
4
7
2
8
3
2
3
49
2
7
2
53
2
3
1
33
7
1
2
40
4
6
2
61
1
7
1
29
2
1
1
36
1
6
3
68
4
4
3
11
1
4
1
26
3
1
2
43
4
4
3
52
2
4
3
16
4
5
3
10
11
4
1
53
1
1
2
4
3
5
3
47
7
6
3
7
5
5
3
3
5
3
2
53
3
5
1
9
4
1
1
71
2
7
3
18
21
5
3
39
4
1
2
23
1
3
2
33
3
4
2
14
2
5
1
17
1
7
1
43
2
4
3
32
3
6
3
14
16
3
2
67
1
6
3
41
2
5
2
5
3
5
1
3
6
6
3
41
3
5
1
11
4
4
3
36
1
1
2
38
3
4
3
36
9
1
2
34
1
2
1
37
1
3
1
67
1
5
2
49
2
2
1
41
1
6
3
45
2
4
2
28
3
1
3
2
2
2
3
38
4
3
3
29
10
5
1
41
3
4
3
65
9
3
2
17
2
7
2
27
2
3
1
47
1
1
2
65
3
2
3
6
5
6
3
22
2
5
2
17
3
4
3
55
3
5
1
15
2
2
3
2
11
4
2
37
3
6
1
23
1
6
2
54
1
4
1
71
3
6
3
60
5
3
1
32
6
2
3
8
12
1
1
7
7
5
2
42
4
6
2
35
1
6
1
49
1
6
2
68
1
7
1
2
4
1
1
2
6
3
1
27
1
4
3
26
3
3
3
25
5
7
2
38
2
4
1
25
3
5
2
42
3
2
2
30
5
1
3
23
13
3
2
18
1
5
1
68
2
4
3
4
7
4
1
9
9
6
3
63
2
3
2
31
1
5
1
18
6
4
2
7
2
3
2
55
1
2
2
60
1
2
1
47
2
3
2
16
2
3
2
40
1
4
1
34
4
1
1
65
1
4
2
54
2
2
3
28
1
7
1
31
7
2
2
63
2
7
1
16
6
5
3
23
15
1
1
42
1
5
1
1
2
3
3
22
4
5
1
66
3
1
1
17
14
5
3
12
7
4
3
12
2
6
1
45
2
2
3
5
2
7
2
41
3
4
1
45
1
3
3
54
2
6
2
52
5
4
2
10
2
6
1
4
6
2
3
37
2
2
1
67
2
7
2
2
3
7
2
39
2
1
1
49
2
3
3
44
6
6
3
11
17
5
2
6
3
4
3
27
10
7
1
1
3
5
3
68
9
1
1
54
3
1
3
67
23
1
1
53
2
3
3
63
12
7
3
38
8
7
1
38
3
3
1
5
1
2
2
6
1
1
3
14
24
1
2
63
3
2
2
60
4
4
1
55
2
1
3
35
3
1
3
71
3
2
2
68
2
6
1
63
1
3
2
12
3
4
1
30
12
5
1
54
1
7
3
9
8
1
3
17
4
7
3
40
4
2
2
9
2
4
2
30
3
2
2
43
2
2
2
7
1
2
3
9
13
3
2
22
2
3
1
60
1
1
1
22
3
3
2
11
2
2
2
15
1
6
2
28
2
7
1
29
3
4
3
60
20
7
3
32
8
6
1
42
2
1
1
44
2
5
3
6
1
1
1
12
11
5
2
3
2
6
2
3
1
2
3
33
11
4
2
49
3
4
2
27
3
7
3
4
6
2
3
16
8
1
2
37
2
7
2
47
1
7
3
15
15
1
2
65
2
3
3
1
9
7
3
53
2
3
3
61
3
4
1
23
3
4
1
8
9
4
1
8
8
2
1
12
10
5
1
44
3
2
3
54
1
3
1
11
10
6
3
31
12
1
3
28
6
7
1
28
2
3
1
34
1
3
1
39
1
5
2
29
3
5
2
47
4
7
1
22
2
1
3
35
2
2
2
44
1
3
1
6
1
2
2
13
2
6
3
34
10
6
3
55
2
6
1
14
1
4
2
67
2
1
3
67
15
6
2
55
3
2
1
43
3
3
2
18
4
1
2
11
1
3
1
52
3
1
2
26
2
6
2
32
2
5
1
7
5
2
1
25
1
5
2
25
3
6
3
10
13
7
3
33
6
2
1
35
3
2
2
36
4
4
1
5
2
5
3
18
18
3
1
37
2
4
3
65
16
5
1
4
8
6
3
42
2
4
2
71
1
5
2
45
3
1
2
22
3
6
1
39
3
2
2
52
2
6
3
29
8
3
2
15
3
2
2
8
2
7
3
17
2
2
1
66
1
5
2
44
4
5
1
36
2
4
3
8
6
3
2
36
5
3
1
60
2
1
3
44
10
6
1
63
2
5
3
15
11
1
1
52
2
5
2
25
1
2
1
61
1
7
2
66
2
5
3
26
8
6
3
40
1
5
3
30
27
1
1
27
2
6
3
3
3
6
2
14
3
7
1
40
1
5
3
31
21
6
1
13
6
2
3
34
11
7
1
18
13
7
2
31
4
7
3
52
13
6
2
35
3
2
3
66
8
3
1
65
2
3
2
1
2
2
2
66
1
3
1
33
8
7
1
15
3
2
3
13
2
6
3
39
2
1
1
10
2
6
1
30
3
6
1
26
1
6
3
5
4
5
2
32
1
6
3
43
8
7
2
4
1
7
2
1
3
2
2
29
2
1
1
14
22
7
2
23
3
2
3
27
3
4
2
2
2
2
2
39
3
6
2
61
2
3
2
9
3
5
3
37
3
1
