2
31
1
5
3
31
3
1
1
43
2
6
2
33
1
6
2
22
2
6
2
36
4
6
3
5
5
3
1
42
2
2
2
30
2
1
1
4
7
6
1
15
4
6
2
47
1
4
2
23
2
4
2
23
1
6
1
23
2
6
3
37
10
1
2
18
3
2
3
17
7
7
2
40
1
1
3
8
8
5
2
55
3
3
1
5
2
7
3
33
19
6
2
38
2
3
3
54
2
1
3
31
11
7
2
66
3
4
1
10
5
2
1
40
3
7
1
45
1
4
1
6
1
7
2
67
2
1
3
11
17
4
3
41
3
2
3
29
1
2
3
44
4
7
3
61
2
2
1
61
1
5
1
14
8
7
1
55
2
4
1
36
1
5
3
44
6
5
3
14
22
7
1
1
1
1
1
2
3
3
1
47
1
4
3
36
14
7
3
38
8
5
2
7
3
1
2
36
3
5
1
28
1
4
3
6
2
7
1
31
3
7
3
63
11
2
3
60
9
3
2
43
3
1
3
38
9
6
3
68
9
2
1
32
3
2
1
49
1
2
2
14
2
3
3
3
8
4
2
42
1
1
2
49
3
4
2
12
1
2
1
36
2
5
3
9
32
6
1
44
4
5
2
5
3
3
1
14
20
7
2
17
3
3
3
27
13
3
3
12
5
5
3
66
5
5
1
52
3
7
2
63
3
7
1
71
1
2
3
9
28
1
3
66
1
7
1
45
2
2
2
43
4
5
1
32
4
4
3
45
7
6
1
38
2
3
2
6
2
4
2
41
4
2
1
22
2
4
3
28
7
3
1
49
2
6
3
49
8
2
1
13
7
1
1
26
2
2
1
10
8
6
1
30
9
1
3
4
23
4
1
54
3
3
2
16
3
3
3
67
15
7
2
44
3
5
1
25
1
3
2
53
2
3
2
40
2
2
1
35
1
1
3
41
1
3
1
28
2
6
2
54
1
7
2
63
1
6
3
10
26
4
1
7
5
4
1
39
1
7
2
54
2
4
1
65
1
1
1
31
8
1
2
39
2
3
3
26
9
1
2
66
2
6
2
39
1
7
3
53
5
4
1
34
7
1
1
41
3
1
2
37
1
3
1
9
2
2
1
23
3
3
3
8
4
1
2
18
4
3
1
29
1
7
3
16
6
3
2
17
1
2
3
5
1
6
1
29
3
4
3
55
17
1
2
29
2
6
3
1
9
2
2
25
1
6
3
3
6
5
3
30
16
7
2
42
4
1
3
71
4
4
2
4
1
2
3
32
11
7
2
45
4
2
3
49
4
7
1
17
4
7
1
67
2
5
3
39
8
7
1
33
7
7
3
65
15
7
2
67
1
5
3
22
6
7
2
15
2
4
2
13
3
2
1
53
2
6
3
35
8
1
1
61
3
4
2
52
5
5
3
40
6
6
1
37
2
5
3
63
1
3
1
30
1
1
3
54
1
3
2
52
3
3
3
61
9
1
2
60
4
1
1
4
2
6
1
55
1
1
2
14
1
4
1
18
9
2
2
55
1
7
2
9
3
5
2
34
1
7
3
28
5
7
2
47
2
7
2
49
2
3
1
60
1
7
2
65
4
5
2
30
4
2
2
31
5
4
1
40
1
1
1
44
3
5
3
68
1
5
3
25
2
6
2
27
1
7
1
47
3
3
3
18
11
7
1
34
5
5
3
7
4
4
3
26
12
4
1
3
7
7
3
14
18
1
3
13
7
5
1
1
3
3
1
13
9
7
1
25
3
4
1
63
1
2
2
7
1
3
2
12
2
2
2
71
2
4
3
60
27
3
2
16
2
1
1
9
10
3
2
8
3
7
1
3
9
1
3
10
3
6
2
1
3
5
3
2
6
4
1
26
3
3
2
32
2
6
1
35
2
3
2
53
1
6
3
23
16
2
2
25
3
7
2
68
2
7
3
4
1
6
2
11
1
5
2
71
1
1
2
60
3
1
3
7
3
5
3
11
8
2
3
42
3
5
1
33
3
1
3
6
6
2
3
15
15
5
1
15
2
3
3
12
7
4
2
13
1
4
1
68
2
4
2
61
2
6
2
27
3
4
1
68
3
6
1
38
3
5
3
45
5
4
2
9
2
7
3
15
17
3
2
68
3
5
1
52
1
7
2
65
1
6
3
65
2
1
2
45
2
5
1
22
1
6
3
43
7
6
2
15
3
3
3
30
20
2
3
18
14
7
1
6
2
1
1
53
1
4
2
2
3
5
3
67
29
2
2
4
3
1
1
8
13
4
1
5
1
5
3
16
8
4
3
29
2
6
2
3
1
7
2
35
2
6
1
37
1
7
1
16
7
1
2
33
3
5
3
33
2
7
2
10
2
5
3
2
4
2
1
12
18
5
2
26
4
5
1
66
1
5
1
7
3
7
2
34
3
6
3
47
3
3
1
11
9
4
2
11
2
3
3
52
8
6
1
43
1
2
1
42
1
7
2
29
1
4
3
71
5
7
1
16
3
5
1
17
7
5
1
41
2
6
1
12
14
3
3
35
3
6
3
36
2
1
2
1
2
6
2
22
1
4
1
11
10
5
1
18
4
2
2
6
3
4
1
71
3
5
3
42
2
2
3
23
12
7
2
28
1
3
2
10
1
3
1
54
2
2
3
40
2
7
1
27
3
2
2
26
3
4
3
39
4
7
1
60
2
6
1
67
3
5
3
47
9
3
2
61
1
3
3
43
1
6
3
27
12
5
2
32
1
6
2
44
1
7
3
34
9
4
1
2
4
2
3
25
5
1
3
55
8
4
3
32
12
6
3
1
10
5
3
17
2
4
1
39
2
7
2
35
3
2
2
2
2
7
2
5
2
4
2
8
1
4
2
28
3
2
3
52
16
6
3
22
11
4
1
66
3
3
1
27
2
1
1
8
15
2
3
37
7
6
1
63
2
1
1
65
2
6
3
34
1
4
3
53
6
2
2
38
1
5
3
13
1
7
2
3
2
5
2
41
2
7
2
37
2
4
