2
32
4
3
3
47
5
4
3
68
14
5
3
39
3
3
2
45
1
5
2
65
4
7
1
71
1
4
3
25
6
6
1
53
1
7
3
1
7
7
1
63
2
2
3
29
12
1
1
25
2
2
2
42
4
3
2
43
3
5
2
22
2
7
3
61
9
1
2
12
3
4
2
38
3
6
1
17
8
2
1
10
6
6
3
36
13
3
1
2
2
4
1
5
1
3
1
7
10
1
2
28
3
5
3
54
1
1
1
34
1
5
1
49
2
5
1
66
2
1
1
6
1
3
3
2
9
2
1
29
1
3
3
47
9
5
1
7
9
7
1
15
1
3
3
44
4
4
3
39
8
5
1
42
1
6
2
39
2
5
3
63
8
1
1
68
2
4
3
65
10
4
2
7
2
3
3
40
2
1
2
65
3
1
3
9
24
7
2
60
1
6
1
6
2
6
1
33
7
5
2
61
1
4
3
37
6
5
1
9
9
2
1
31
16
2
3
23
17
3
2
30
1
2
2
14
1
1
1
33
3
5
1
29
2
5
3
30
28
7
2
10
3
4
1
55
2
6
3
14
6
6
3
30
15
3
2
42
2
2
1
10
2
3
2
1
2
6
3
15
2
4
3
9
10
5
1
47
1
7
1
31
9
4
1
26
1
6
1
67
2
1
3
7
4
7
2
13
1
3
2
23
1
4
1
44
1
1
3
26
6
5
1
37
1
3
2
63
1
6
2
2
3
4
3
33
12
5
1
39
4
1
2
23
3
6
3
5
2
5
3
38
3
7
2
52
7
4
1
15
4
5
3
18
14
6
1
13
8
7
1
61
3
1
1
55
1
1
1
23
3
3
1
35
1
5
3
35
1
1
3
14
15
2
3
16
4
4
1
39
3
2
3
2
11
6
2
25
3
5
3
60
3
3
1
47
3
2
2
43
5
3
2
15
2
4
1
40
1
7
1
18
15
6
3
1
10
3
1
26
3
6
1
61
1
4
1
44
2
3
2
33
3
2
2
54
2
5
1
60
2
7
3
40
5
2
1
27
3
2
2
32
1
6
2
37
1
6
1
49
1
7
1
23
1
6
3
13
8
4
3
10
22
6
2
27
3
7
1
36
1
4
1
4
8
5
3
43
6
7
1
45
1
6
3
61
1
1
1
71
2
1
2
8
1
2
3
17
3
5
2
5
1
7
2
68
2
5
3
15
14
6
2
26
1
5
2
67
1
5
2
68
1
3
2
36
5
6
1
67
1
6
3
4
6
3
3
34
7
3
2
14
3
3
1
11
7
1
1
16
4
4
2
29
3
1
1
3
11
2
2
9
2
3
2
53
3
6
2
11
1
4
1
45
2
3
3
27
2
6
2
25
2
6
3
6
4
7
2
34
2
3
2
17
2
2
2
5
2
6
1
8
16
3
3
16
3
4
3
12
2
2
2
44
5
4
3
66
2
1
2
22
1
2
2
6
3
7
2
60
2
5
3
45
3
4
2
8
3
4
2
27
2
1
1
9
12
5
3
31
11
2
3
29
15
1
1
40
3
2
3
10
26
3
3
37
5
1
3
55
1
1
1
37
2
4
3
65
7
2
1
12
14
2
2
13
2
7
1
3
10
1
3
6
2
4
2
38
5
6
1
52
1
2
3
71
3
4
2
40
4
4
3
32
6
7
3
25
4
6
3
60
27
4
1
11
8
5
2
6
2
2
3
28
2
5
3
41
1
2
2
17
3
2
2
16
3
2
1
34
10
7
1
5
2
7
2
47
4
4
3
11
8
1
3
53
4
7
3
5
4
4
2
3
1
5
3
54
2
4
3
41
2
2
2
35
2
2
1
30
11
1
3
49
5
7
1
27
2
1
2
52
3
3
1
25
1
3
3
38
8
4
2
16
2
6
3
71
4
7
2
31
1
7
2
2
1
1
1
41
3
6
2
55
1
3
3
22
2
4
1
32
5
4
3
53
8
1
1
28
3
2
2
29
2
6
2
34
1
6
1
8
10
3
3
35
5
2
1
41
2
5
3
33
20
7
3
11
9
4
2
39
3
2
1
43
2
3
3
32
7
7
3
66
6
7
3
42
1
4
3
18
18
6
1
22
1
5
2
12
1
5
1
52
2
7
3
52
11
7
3
7
3
6
2
36
2
1
3
28
9
3
3
27
3
4
2
31
4
3
3
44
5
5
1
38
3
6
1
4
2
3
2
26
4
5
2
41
1
5
3
23
10
6
2
1
1
7
1
65
1
2
1
22
3
6
3
26
2
3
2
66
2
5
2
66
3
3
1
1
3
1
2
28
2
2
3
49
4
5
3
34
6
5
2
49
2
2
3
42
3
2
2
40
2
3
2
41
4
1
3
55
9
5
1
63
1
7
2
35
1
7
2
3
2
3
1
13
5
7
2
10
1
5
2
9
1
6
3
3
8
1
2
18
1
5
2
71
1
6
1
16
2
3
2
44
3
2
3
4
7
5
2
71
3
3
3
12
1
6
1
17
9
2
1
1
1
7
1
54
3
4
2
37
3
4
3
8
19
3
3
36
10
1
3
17
12
1
3
31
18
7
3
22
4
1
1
14
3
4
3
13
3
3
2
47
2
7
3
52
13
3
1
54
1
7
2
49
3
4
1
35
2
1
1
18
4
3
3
45
4
4
1
53
2
4
2
53
2
3
2
4
2
3
2
55
3
2
2
54
1
2
2
11
2
4
2
4
1
5
2
63
2
7
2
45
3
5
2
30
4
6
3
3
4
3
1
65
2
4
1
30
9
7
3
67
7
3
1
60
1
6
1
32
6
2
1
14
11
7
1
42
2
6
2
15
3
4
1
38
1
5
1
66
3
3
3
8
18
3
1
36
3
1
1
68
3
4
1
12
10
3
2
33
1
4
2
67
2
4
3
67
11
4
1
43
3
5
2
7
3
3
3
68
15
7
3
43
5
6
1
28
1
3
2
61
2
2
3
63
11
4
1
2
4
3
2
18
3
1
