1
37
2
2
3
13
7
5
3
30
19
5
3
2
11
1
1
42
2
7
3
15
10
6
1
68
3
4
2
18
1
4
3
36
7
1
1
47
1
1
3
41
2
7
2
15
1
1
1
55
1
5
1
30
21
4
2
27
3
6
2
49
3
4
1
55
2
1
3
55
10
5
2
17
1
6
2
35
3
7
2
17
2
3
1
44
4
5
2
9
2
7
2
47
3
2
3
54
1
2
2
35
1
5
3
1
9
2
2
34
1
4
2
32
2
3
2
7
1
3
2
54
2
4
3
44
3
2
2
14
3
6
2
1
2
5
2
2
1
7
3
17
17
2
3
3
5
4
2
66
2
6
2
37
2
7
3
9
3
6
2
41
3
3
3
42
4
3
2
22
2
3
1
49
2
3
1
3
7
4
1
13
1
2
1
15
5
3
2
41
2
4
3
3
2
1
3
65
21
3
3
5
5
3
2
52
3
2
3
40
2
6
1
42
1
4
2
23
2
3
2
42
2
7
2
3
2
7
2
40
4
3
3
68
16
1
3
38
9
3
1
7
11
3
1
15
3
5
2
63
2
2
2
9
3
5
3
33
20
3
1
1
3
4
2
30
1
1
3
18
20
1
1
53
2
6
1
8
11
4
2
65
1
7
2
53
1
2
1
47
3
7
1
63
2
6
1
5
1
5
2
44
4
1
3
67
33
1
3
71
1
7
3
55
12
7
1
36
3
5
1
14
21
4
1
22
3
6
3
71
5
5
3
32
12
5
2
5
2
1
1
66
1
5
3
14
4
4
2
22
1
5
1
37
1
7
1
31
5
6
3
45
4
7
3
68
12
1
2
26
2
2
1
13
5
2
2
6
1
3
2
26
4
6
1
10
8
5
1
52
1
3
3
37
5
7
3
63
13
7
1
67
2
2
1
35
1
2
1
65
2
4
3
29
1
4
3
7
1
4
1
39
4
1
2
32
3
2
2
4
2
4
3
15
12
7
2
25
2
1
3
39
8
2
1
22
2
2
3
9
10
6
3
27
11
4
1
39
3
7
3
45
7
3
3
8
12
3
1
61
2
3
1
16
3
2
2
8
2
3
3
38
10
5
3
32
11
5
3
67
37
6
2
36
2
4
2
68
1
2
3
61
7
6
3
2
12
5
1
43
3
6
1
10
4
5
1
1
2
6
2
33
2
7
2
60
3
6
2
27
2
3
1
52
3
4
2
10
1
1
2
8
3
5
3
52
16
3
3
40
4
6
2
11
2
5
3
34
5
2
3
16
6
2
3
39
10
3
1
26
3
4
3
1
3
6
2
1
3
6
3
5
4
6
1
14
16
2
2
43
1
1
2
63
1
4
3
42
1
3
1
61
1
4
3
6
4
2
3
25
8
1
2
52
1
5
2
7
2
2
1
33
5
6
3
37
2
6
1
34
6
4
1
32
4
2
3
26
8
5
2
14
1
5
3
7
5
7
1
25
2
1
1
11
9
5
2
25
1
4
3
44
4
7
1
53
1
1
3
61
4
7
1
49
1
4
3
12
2
7
3
29
19
4
1
17
3
5
1
4
5
6
3
36
6
7
1
28
1
1
1
12
11
2
1
45
1
5
3
35
1
5
1
41
3
6
3
10
11
4
1
8
17
7
2
16
2
3
1
40
3
1
1
36
1
6
2
71
1
5
1
23
2
5
1
16
7
7
2
29
3
4
2
66
3
5
3
66
6
3
3
11
24
7
3
60
16
6
2
3
3
3
2
28
3
2
1
63
1
5
3
34
2
4
3
23
4
2
2
65
2
5
2
45
3
1
3
49
7
2
2
12
2
6
1
4
3
4
2
67
1
7
2
53
3
1
2
10
2
2
2
6
2
5
3
26
5
5
3
14
13
2
1
17
12
5
1
29
1
4
3
28
8
3
2
11
1
5
2
2
2
3
1
9
6
3
2
39
1
2
2
55
3
3
1
26
2
7
3
63
2
4
3
47
10
5
1
3
1
3
1
29
3
6
1
18
1
5
3
43
3
1
1
38
3
1
1
35
2
1
1
2
5
7
2
31
1
1
1
11
2
3
1
43
2
3
1
25
3
3
1
44
2
2
3
28
12
6
2
71
3
1
1
71
1
4
2
13
3
5
3
17
3
6
3
18
23
7
1
6
1
6
1
27
2
4
1
66
2
7
1
38
1
4
1
23
3
6
2
45
1
1
1
5
2
3
3
4
6
6
1
28
2
1
2
29
2
2
2
43
4
3
3
49
2
1
2
36
4
4
2
42
1
1
2
44
3
7
1
2
1
7
1
6
2
6
3
4
26
4
1
54
2
7
3
25
6
1
1
65
1
5
3
10
2
1
2
39
3
3
2
28
2
4
2
55
2
4
1
60
2
7
1
67
3
7
2
54
1
1
3
27
4
2
2
4
1
2
2
60
2
1
3
66
9
4
1
9
10
2
1
60
1
4
3
16
8
7
2
23
3
7
3
8
17
4
3
13
9
6
3
12
1
5
2
13
2
6
2
61
1
6
2
49
1
7
3
31
15
4
1
68
2
2
3
41
1
5
2
67
2
7
1
7
10
7
1
54
3
2
2
38
4
5
1
32
6
7
2
31
2
6
2
33
3
5
1
40
2
5
3
22
5
3
3
60
32
5
2
16
1
2
3
47
5
3
3
33
15
2
1
18
9
1
2
47
4
4
1
41
2
4
2
5
1
4
3
11
5
3
2
34
2
4
2
37
3
2
3
53
1
3
1
71
2
2
1
31
14
1
3
43
7
3
2
15
2
7
2
68
3
6
2
61
3
1
1
45
2
3
3
23
14
7
1
12
5
1
3
35
7
3
3
65
15
7
3
6
1
2
2
40
2
7
1
33
3
2
1
34
9
7
2
12
1
3
3
52
13
6
2
38
1
1
3
54
2
4
2
18
4
7
2
30
3
6
1
27
1
2
3
31
10
4
3
30
10
3
3
22
9
6
1
30
8
5
3
53
6
1
