1
35
4
7
1
52
2
5
1
14
12
4
2
34
3
4
2
2
2
7
3
40
4
2
3
52
7
1
2
49
1
4
1
12
9
6
3
33
12
4
1
9
10
7
2
53
1
6
1
7
3
2
1
60
1
1
2
29
1
7
1
71
1
6
1
47
3
2
1
54
2
7
3
66
6
2
2
22
3
3
2
61
1
5
1
32
7
2
3
53
5
7
1
67
3
4
1
23
3
7
1
15
1
3
2
71
1
5
1
36
2
3
1
49
1
4
2
61
2
7
3
55
17
7
2
39
2
5
3
71
3
5
2
55
2
7
3
12
6
1
1
2
4
2
3
38
11
7
1
1
1
4
2
11
1
4
3
14
4
1
1
38
2
4
3
29
1
1
2
32
3
5
2
4
2
2
3
49
8
1
3
53
4
4
2
37
3
6
1
37
1
1
3
10
24
6
2
35
2
7
2
5
3
2
2
55
1
4
1
34
1
4
2
1
1
3
1
22
1
1
2
47
4
5
3
67
10
3
2
14
1
6
2
22
2
3
1
11
3
1
2
17
2
3
1
42
1
6
2
66
1
5
1
43
1
4
3
8
19
4
3
2
12
1
3
44
9
4
2
63
2
6
1
28
2
5
2
10
1
4
3
49
4
1
2
36
5
5
3
30
14
3
1
63
2
6
1
43
3
4
3
4
5
3
1
55
2
4
1
49
2
5
3
7
2
7
3
15
14
2
3
30
11
2
3
43
8
5
3
1
3
7
3
11
26
7
1
30
6
3
2
7
1
6
1
30
4
6
1
44
4
3
1
31
14
1
1
37
2
2
3
54
2
5
1
4
6
3
2
1
3
4
1
1
3
2
2
15
2
4
3
15
9
5
1
27
1
2
1
16
5
3
3
34
10
4
3
43
5
7
3
6
1
1
3
47
2
2
2
71
3
4
3
65
16
5
2
66
2
1
3
4
17
3
3
37
10
5
2
52
5
7
3
18
6
4
2
41
2
6
3
17
4
7
3
41
2
4
2
33
2
3
1
34
6
5
3
16
3
2
1
29
3
5
2
68
1
3
1
44
2
7
1
29
1
5
2
27
2
1
2
38
2
5
3
61
8
7
2
14
2
6
1
15
4
2
3
9
29
4
3
8
17
7
2
31
5
3
1
9
12
2
3
63
12
5
1
61
2
6
1
7
8
1
2
44
4
1
2
45
3
4
1
26
2
4
3
6
3
7
1
53
1
5
1
12
18
6
2
28
3
4
3
12
7
2
2
13
1
1
1
61
1
5
3
13
4
1
2
54
2
6
3
36
13
4
3
42
1
4
3
23
10
7
3
36
2
5
1
3
11
4
2
6
3
7
2
49
2
4
3
26
10
4
3
28
15
6
3
3
6
3
1
68
3
6
2
39
1
1
3
11
6
3
2
35
1
6
3
18
16
4
1
55
1
5
3
45
5
3
1
16
2
6
1
38
1
4
1
36
3
2
1
66
1
1
2
53
2
1
3
27
2
7
3
67
27
3
3
33
23
5
3
35
5
1
3
60
23
7
3
7
4
6
3
40
5
4
3
16
6
7
1
41
3
6
1
28
3
5
2
52
7
3
2
40
1
1
1
5
2
7
1
45
1
7
1
68
1
3
3
68
9
3
2
3
1
5
2
18
2
7
1
45
2
2
1
54
3
4
3
28
14
1
3
37
11
4
3
25
2
7
1
40
1
3
1
10
7
4
2
44
2
6
2
25
2
4
2
27
3
7
1
27
2
7
3
31
27
2
1
22
2
2
2
67
1
3
2
42
1
4
2
16
3
6
1
40
2
3
1
53
2
1
1
52
1
4
2
31
4
6
1
39
3
4
2
8
2
3
1
13
7
1
1
8
3
2
2
40
4
5
2
47
3
3
1
13
8
5
3
38
10
7
2
6
2
2
2
29
3
5
3
35
2
1
2
63
3
4
2
43
2
3
3
32
7
6
3
61
3
4
3
45
4
3
2
67
2
7
2
45
2
3
3
63
9
7
3
27
6
5
1
65
1
5
1
25
2
1
1
39
4
7
2
65
4
3
2
18
1
5
1
18
4
2
3
5
3
2
1
26
3
4
3
25
8
5
3
42
4
5
2
30
4
5
3
14
16
1
2
15
3
3
3
17
15
2
3
1
1
7
3
66
5
5
2
9
3
5
1
25
1
7
2
30
3
2
1
47
2
4
3
26
2
7
3
47
9
3
3
44
1
5
2
34
2
2
2
43
1
7
3
5
2
6
3
60
5
3
2
41
5
3
1
8
15
3
1
18
12
1
2
32
4
1
1
32
1
2
1
60
2
5
1
3
4
4
3
9
1
2
3
34
5
4
2
16
2
7
3
22
4
5
1
41
1
4
1
33
3
1
2
28
1
6
2
2
1
3
2
60
2
2
2
54
1
4
3
65
13
5
2
4
3
3
3
10
7
4
1
31
7
2
1
5
1
2
2
17
3
4
2
23
2
6
2
42
2
2
1
35
1
7
2
13
3
6
3
31
13
3
2
10
3
1
3
3
9
5
3
52
5
2
3
13
5
5
1
6
1
4
2
26
1
6
1
6
2
6
1
2
6
1
2
12
1
7
1
23
2
3
3
54
1
3
1
33
4
1
2
3
2
3
1
65
2
7
3
41
3
4
1
17
16
2
2
68
3
3
2
36
3
2
1
63
1
6
3
22
5
6
1
66
2
4
1
67
1
1
2
12
2
7
2
7
3
1
2
37
1
4
2
65
1
7
1
14
8
5
3
2
6
4
2
38
5
1
2
26
3
4
3
23
16
5
3
55
3
2
1
4
4
3
1
17
12
7
2
33
1
3
1
10
3
2
2
8
3
4
1
11
6
5
2
11
2
6
2
5
2
1
3
29
10
1
3
68
14
2
1
71
3
2
2
9
1
2
2
25
3
7
3
39
1
2
2
60
1
1
3
39
8
1
3
71
4
1
2
23
1
1
1
42
2
5
3
32
2
4
