3
67
1
1
2
11
2
6
1
42
1
3
2
43
1
3
2
54
1
6
3
40
6
7
3
23
12
4
2
14
1
3
2
1
3
4
3
12
4
5
2
52
7
2
1
8
13
5
1
26
1
7
1
3
11
1
3
1
4
2
3
38
9
5
3
68
10
4
1
41
1
4
2
26
2
1
2
40
3
7
3
55
17
7
3
12
7
7
1
71
2
5
1
9
1
3
2
32
2
3
3
1
9
6
2
66
2
5
3
67
27
3
3
25
5
1
2
13
1
2
1
49
1
5
3
65
16
1
2
10
2
7
2
53
2
4
2
16
3
2
1
63
1
5
1
33
1
4
3
65
6
6
2
67
1
7
3
13
2
1
2
71
1
3
3
41
4
5
1
29
2
4
2
8
1
6
2
52
6
3
1
47
3
4
3
17
10
2
1
7
10
7
1
9
13
5
1
2
4
6
3
54
2
2
3
53
6
4
1
30
7
4
2
44
2
7
3
45
7
2
1
11
7
3
2
38
1
1
3
2
12
2
2
35
3
2
3
32
2
4
2
5
3
1
3
71
5
2
1
37
2
2
1
63
2
2
1
60
1
4
1
45
1
1
2
54
2
5
2
18
1
7
1
43
2
3
2
66
3
2
3
26
1
2
1
17
1
7
2
38
5
7
1
55
2
4
2
9
1
7
3
31
22
3
2
61
1
7
2
31
4
4
2
25
2
4
1
39
3
4
1
18
12
2
1
38
3
2
1
23
3
3
2
25
3
3
1
43
1
6
1
53
2
7
2
67
2
7
2
15
3
6
2
41
5
2
3
28
9
2
3
6
1
3
3
60
10
4
3
16
2
3
3
18
19
1
1
61
1
2
3
47
7
7
3
4
14
5
3
18
14
2
3
8
8
6
1
45
2
1
3
3
4
6
3
7
1
7
3
33
12
7
1
66
1
2
3
7
2
5
2
3
3
3
3
61
10
4
3
29
2
3
3
35
7
5
1
3
10
1
2
18
3
4
3
41
3
3
3
49
4
2
2
36
4
4
2
42
3
6
1
18
4
7
2
28
2
1
3
47
2
6
1
6
2
5
2
7
2
7
1
22
3
7
3
49
6
4
1
35
2
4
2
1
2
5
2
30
3
5
3
11
12
3
1
16
4
3
3
37
12
3
1
42
2
6
1
12
8
7
2
14
3
5
3
25
1
2
2
60
3
1
2
42
1
7
1
32
2
3
1
8
17
5
1
30
10
4
1
61
3
7
1
13
6
2
1
47
1
7
3
15
4
3
2
39
1
1
1
44
1
3
2
2
3
6
2
55
2
3
2
29
1
1
1
68
3
1
3
5
1
2
2
44
1
1
3
35
6
5
3
3
6
5
1
54
2
5
3
66
9
1
1
25
3
2
1
5
2
1
3
16
8
1
1
71
1
2
2
15
1
7
2
34
3
5
2
16
1
6
3
30
19
7
1
41
2
4
2
39
2
4
3
42
1
5
3
32
12
2
1
54
3
2
1
37
1
2
1
26
2
1
2
40
4
5
2
4
3
3
3
15
15
3
1
2
7
2
1
4
4
1
2
33
3
1
3
29
3
6
3
10
24
7
2
43
4
7
3
44
6
4
1
6
1
5
3
2
1
4
2
8
2
6
2
35
2
1
1
10
7
1
2
63
1
1
1
10
8
4
3
33
19
4
1
32
5
2
1
40
3
5
1
15
1
4
1
44
4
7
2
30
5
1
2
65
1
6
1
66
2
6
3
22
4
6
3
34
5
4
1
1
2
1
3
31
24
6
1
11
9
1
2
34
2
7
2
60
2
3
1
17
5
5
2
23
3
1
3
66
1
7
3
40
2
1
3
14
22
1
2
22
2
2
1
38
2
1
1
34
2
6
3
39
8
4
3
36
2
5
2
65
4
5
2
61
2
1
3
26
11
4
3
17
2
3
1
40
2
4
3
38
7
5
2
12
3
1
2
22
3
3
1
14
9
4
3
60
28
7
1
1
3
1
3
28
8
2
2
49
2
4
2
3
1
3
2
47
1
1
1
31
16
4
1
22
2
5
3
68
9
1
3
14
6
2
2
4
1
4
3
53
4
6
2
6
3
5
2
9
2
3
3
13
9
5
1
16
7
7
1
52
2
5
1
12
10
1
1
25
1
3
2
36
5
5
1
27
2
6
1
31
2
2
1
14
3
6
3
8
20
5
3
27
1
7
1
15
5
5
2
45
4
6
2
31
1
5
2
71
2
6
1
27
1
5
2
27
2
7
2
37
3
3
3
11
20
1
3
43
8
3
2
32
4
6
2
13
3
3
3
61
6
5
3
9
23
1
1
23
1
6
2
28
3
4
1
52
1
2
2
17
1
5
1
55
1
5
1
13
5
2
1
49
2
4
3
10
25
3
2
41
2
2
2
47
4
2
1
5
1
6
2
45
3
4
3
5
3
6
3
30
25
7
1
33
3
2
3
52
11
6
3
22
2
3
3
34
4
4
2
26
4
4
2
63
2
7
1
36
2
2
1
67
3
1
3
52
10
5
1
35
3
6
2
49
3
5
1
53
1
7
3
23
1
2
1
65
2
3
3
4
13
7
3
55
5
2
3
63
6
2
1
60
2
6
2
53
3
1
1
28
2
7
3
42
2
3
3
71
1
2
2
10
1
6
1
4
8
6
1
7
11
2
2
6
2
7
3
39
2
6
2
17
3
1
1
67
1
3
2
68
3
1
2
27
3
4
2
68
4
7
3
9
22
2
3
44
1
6
1
36
1
6
2
11
3
1
1
68
2
4
2
2
1
7
2
5
1
5
3
27
5
3
2
37
1
7
1
28
3
7
1
39
4
7
2
12
2
4
3
37
8
2
3
54
1
2
3
43
4
5
3
63
13
5
1
29
3
3
2
29
2
6
3
45
1
7
2
33
2
5
3
36
12
7
2
7
1
1
1
34
7
6
3
6
5
4
2
55
3
2
1
65
1
2
2
23
1
2
