3
22
9
4
3
44
2
7
2
8
2
1
1
52
1
5
2
66
3
5
1
33
4
4
3
53
1
1
1
15
4
3
1
67
1
3
2
63
2
6
3
47
7
7
3
55
13
7
3
42
1
1
1
13
6
6
2
47
4
3
3
60
5
7
3
7
2
5
2
49
3
5
3
33
12
5
3
30
9
4
2
68
4
6
2
41
1
1
1
36
3
1
1
47
1
5
2
10
3
6
1
44
1
1
3
38
6
3
1
42
2
5
1
22
1
7
3
17
11
2
1
3
11
6
2
13
3
4
2
55
3
5
3
27
12
4
1
49
2
1
1
1
2
1
2
67
2
1
1
26
3
2
1
54
1
4
1
55
1
1
3
31
26
4
2
3
2
1
3
45
2
2
1
65
1
3
3
35
3
5
1
5
2
6
1
37
2
5
2
28
3
2
1
71
3
3
2
68
2
1
1
16
3
7
1
34
4
7
1
15
5
3
2
33
3
1
1
45
1
4
3
66
9
2
2
23
2
5
1
3
10
6
2
60
1
3
2
28
1
6
1
8
10
6
3
36
4
1
3
2
2
7
1
7
9
5
1
47
3
7
1
18
10
7
3
18
17
3
1
25
2
3
2
17
1
6
2
36
2
3
2
45
4
6
2
32
1
1
2
25
3
4
1
41
1
2
1
11
3
7
2
11
3
7
1
36
1
2
1
9
4
5
3
47
5
2
3
34
1
2
2
40
3
5
1
9
3
3
2
14
2
3
2
7
2
5
1
43
3
3
3
31
25
7
3
4
20
4
1
23
2
6
3
43
7
5
1
5
1
6
1
10
6
4
3
63
3
3
1
25
3
3
2
61
1
2
3
16
3
4
1
27
1
3
1
30
13
3
3
68
5
3
1
55
2
4
3
52
18
4
3
23
13
7
1
38
3
1
1
39
2
4
2
53
3
3
3
53
5
1
1
63
2
7
3
37
12
2
3
63
7
6
2
60
2
5
1
40
2
4
2
1
3
5
3
23
6
4
2
15
3
5
2
18
2
7
2
12
2
6
2
11
2
6
2
1
2
7
1
71
2
1
3
42
2
6
1
2
2
2
1
23
1
3
2
6
3
7
2
14
3
5
3
17
14
5
1
35
4
6
2
5
3
3
2
33
1
6
1
66
3
2
1
7
10
3
3
1
7
4
3
33
15
1
3
66
4
5
3
71
2
5
1
28
1
7
3
9
14
3
1
8
4
4
3
27
8
3
1
17
13
5
3
5
4
4
2
71
3
3
1
27
2
2
2
2
2
6
2
35
2
1
3
13
9
6
2
35
1
7
3
44
4
3
1
37
1
2
1
14
3
6
1
33
5
3
2
36
3
4
1
53
2
1
2
53
1
5
3
54
2
3
3
60
14
2
2
18
3
6
3
14
15
5
2
44
2
4
1
16
2
4
1
49
1
6
1
40
1
3
1
6
2
7
1
68
1
6
2
54
2
2
1
54
3
5
3
15
14
3
2
9
3
2
1
12
14
1
2
55
1
2
2
4
3
2
1
32
2
5
3
13
1
6
3
26
6
4
2
52
6
3
3
38
2
3
3
49
5
7
3
55
7
4
2
3
3
6
1
35
1
4
3
68
15
5
2
40
2
5
2
16
2
7
1
52
2
3
2
27
3
4
3
15
10
4
1
31
16
1
2
16
3
1
1
45
2
3
2
5
1
7
3
67
25
2
2
13
2
7
2
29
1
1
2
71
2
3
2
52
7
1
2
45
1
6
2
30
4
2
1
2
6
6
3
18
9
2
2
22
2
2
1
28
3
6
3
9
5
4
2
23
3
3
1
6
1
6
1
61
1
1
1
67
2
2
2
44
1
2
3
41
3
5
2
61
2
5
1
63
1
4
2
63
3
3
1
44
2
2
2
43
3
2
3
43
4
7
1
61
3
1
3
71
5
6
3
45
3
1
3
8
7
6
1
39
1
4
2
30
3
6
3
3
9
3
2
12
3
1
3
29
19
3
3
35
5
3
3
2
10
6
2
6
1
3
3
12
2
6
1
42
1
3
2
34
1
5
3
65
21
6
2
42
1
2
3
67
10
7
2
65
1
4
2
17
2
1
3
41
2
2
3
40
4
2
2
38
4
5
1
13
3
2
3
54
1
3
3
30
5
3
2
7
3
3
1
11
6
5
3
32
1
3
1
10
5
1
2
8
3
7
1
4
4
2
3
28
9
7
2
10
2
3
2
54
1
5
2
9
1
5
1
68
3
1
1
66
1
5
2
4
2
2
3
52
14
1
1
29
3
4
3
49
6
7
3
16
6
5
1
31
2
6
3
32
3
5
1
1
3
4
2
39
2
5
2
25
2
1
1
29
1
3
1
43
2
2
3
1
10
5
3
14
21
6
3
7
4
4
1
41
2
1
1
14
21
3
2
29
3
3
2
34
3
4
2
2
3
6
2
37
1
3
3
36
15
6
2
26
4
2
1
60
1
2
3
25
4
6
1
32
7
7
3
5
2
4
2
26
2
1
3
10
10
4
3
40
6
7
2
66
2
4
3
6
2
5
3
11
20
3
3
39
6
4
1
26
1
2
3
61
5
7
3
39
7
5
1
4
7
7
1
18
6
6
3
22
7
5
1
53
1
5
2
32
2
2
3
25
7
7
2
65
3
2
3
3
1
4
2
67
1
3
2
43
2
4
3
6
4
2
3
11
1
3
1
22
2
6
3
28
7
5
2
31
4
5
1
30
19
6
3
37
3
7
2
39
4
7
2
37
3
4
2
47
2
1
1
17
2
2
2
38
2
4
3
4
9
5
1
34
3
4
2
41
4
3
3
29
17
7
3
8
17
2
3
65
10
4
3
26
7
6
2
22
1
1
1
38
2
1
3
61
1
6
2
31
2
7
3
12
5
5
3
34
6
2
2
42
4
7
2
15
1
3
1
12
8
7
3
10
21
7
1
60
2
4
2
27
2
5
1
65
2
2
2
49
4
3
