3
38
8
4
1
3
1
6
1
49
1
2
3
36
14
3
3
13
9
1
1
63
1
4
3
54
1
3
3
34
6
4
2
10
2
5
2
22
3
1
1
10
1
3
3
61
3
7
1
12
3
4
3
53
8
4
3
26
5
7
3
5
3
6
2
65
1
4
1
42
2
5
2
49
1
7
2
27
3
1
3
34
8
3
1
71
3
3
1
60
1
6
2
7
2
1
2
14
1
5
3
53
2
2
3
33
14
7
3
67
19
1
2
30
2
1
1
15
2
2
3
7
1
7
3
31
24
7
2
43
4
2
2
3
1
5
3
47
5
5
1
41
1
4
2
45
4
7
2
49
3
3
1
55
1
4
3
49
3
7
2
66
1
3
2
42
1
6
2
10
1
5
1
33
1
6
1
60
2
4
1
30
1
1
2
27
1
1
3
42
4
3
3
5
5
2
2
13
1
5
1
71
2
5
2
26
3
6
2
65
3
7
1
13
8
2
1
34
4
3
1
53
1
1
3
33
18
5
3
45
6
5
1
35
2
5
2
18
4
6
1
7
1
5
3
61
1
1
2
7
3
3
1
39
4
6
3
8
10
4
1
47
2
6
1
45
1
2
1
18
4
4
1
27
1
6
3
6
2
1
3
43
4
7
3
66
9
6
2
52
7
7
3
3
7
7
3
65
12
7
2
9
1
4
1
37
2
3
1
38
2
4
1
52
1
1
1
22
1
5
3
44
8
6
2
13
2
3
1
30
3
2
3
23
8
2
1
52
3
5
3
29
11
4
1
14
18
4
3
71
1
3
1
28
1
6
1
68
2
5
2
55
1
3
3
49
4
7
1
6
1
2
2
40
4
7
1
40
3
6
3
41
4
6
3
10
21
1
1
10
3
5
3
45
3
5
1
11
12
4
3
68
11
2
1
2
6
4
3
7
5
7
3
55
1
5
1
44
1
5
3
67
25
5
1
1
2
5
1
67
2
4
1
13
3
1
1
42
1
2
2
29
1
4
2
61
3
2
1
23
1
5
1
25
1
6
3
60
4
7
3
47
2
3
1
66
1
7
2
15
1
3
1
4
8
6
2
71
3
6
2
11
2
3
1
36
1
7
1
1
3
6
2
35
2
6
3
25
6
6
3
42
2
2
1
44
3
3
3
22
12
5
2
54
2
4
2
12
2
6
3
40
3
7
3
38
1
4
1
26
1
4
2
34
2
6
3
41
3
4
3
16
2
6
3
63
1
6
2
17
1
2
3
4
17
5
3
35
5
2
2
22
2
4
1
8
12
4
2
5
3
3
3
1
2
5
1
61
2
6
2
33
2
7
3
15
9
7
1
63
2
4
3
12
1
2
1
17
1
3
1
9
5
5
2
32
2
6
3
54
2
7
2
6
2
1
2
38
2
2
2
47
4
4
1
25
3
7
2
25
3
3
2
34
3
7
2
45
2
1
2
33
3
1
2
41
5
4
3
22
8
4
3
14
25
6
3
18
16
6
3
30
26
3
1
35
4
4
2
35
3
2
2
43
1
6
3
4
12
4
3
43
5
7
1
17
8
6
3
16
4
6
1
31
16
6
2
36
4
4
1
27
2
6
2
16
3
3
2
44
4
2
1
18
12
7
3
68
4
5
2
68
2
1
1
40
1
1
3
9
26
3
1
47
1
4
1
3
3
3
1
39
1
3
1
16
6
4
3
35
6
5
2
15
2
4
1
41
2
2
1
37
1
5
2
4
1
6
1
54
2
2
2
67
1
2
2
8
2
7
2
37
1
2
3
30
18
1
3
13
3
4
1
67
1
4
3
10
22
4
3
1
1
5
1
38
3
5
2
54
1
1
2
36
1
6
2
31
1
7
2
25
1
3
2
39
2
7
3
2
10
1
1
43
3
2
2
63
2
4
1
5
1
4
2
29
3
4
2
60
4
3
3
55
2
3
2
5
1
3
2
2
2
1
3
9
25
6
3
25
7
3
1
15
4
6
1
36
2
4
3
3
2
4
2
66
3
3
1
29
1
7
3
31
29
5
3
8
1
2
1
16
5
5
1
49
2
4
3
27
16
5
3
66
7
2
2
67
2
1
2
41
1
3
1
43
1
1
2
40
3
5
3
29
3
5
1
4
4
3
2
11
1
3
3
36
4
7
3
11
22
3
1
8
15
6
1
32
6
6
1
61
3
4
1
22
2
7
3
52
13
7
2
26
1
4
1
5
2
7
1
65
1
3
2
30
5
3
2
39
1
3
3
6
5
4
1
28
2
3
1
23
2
5
1
45
2
1
1
26
3
7
1
54
3
2
3
2
8
5
3
44
7
3
1
14
22
5
3
26
7
5
3
17
1
1
3
39
2
1
2
9
2
6
2
17
3
3
1
6
2
3
2
63
3
5
1
11
10
4
2
23
2
3
2
53
3
2
3
18
5
1
3
32
10
6
2
4
3
3
3
63
6
4
3
52
2
2
2
23
1
4
1
9
8
5
2
55
3
7
2
12
1
6
2
6
1
3
1
7
9
5
2
3
2
6
3
40
1
3
1
55
2
6
1
68
1
2
2
16
2
4
1
65
2
3
2
1
2
6
2
28
2
1
2
37
3
6
1
32
1
4
2
32
3
4
1
53
2
5
2
42
3
5
3
12
3
4
3
11
12
2
3
37
3
5
2
8
3
2
1
29
2
2
3
17
14
7
2
1
3
5
2
61
2
4
2
60
2
4
3
23
9
5
2
52
1
5
3
15
7
6
1
33
4
7
3
32
9
6
1
31
5
2
2
47
3
7
3
37
12
7
3
28
4
1
3
65
5
2
1
34
7
5
2
28
3
6
3
60
26
6
1
66
2
6
2
44
3
4
2
18
3
5
2
2
1
1
2
68
4
6
2
38
4
7
3
71
3
2
2
31
5
1
1
2
4
5
3
14
17
1
2
71
2
7
3
39
8
7
3
28
13
1
1
12
7
5
3
27
12
1
2
53
2
3
2
14
2
5
