2
55
2
3
1
3
3
7
2
40
2
2
2
53
1
4
2
10
2
3
2
11
3
5
2
6
3
6
3
17
3
4
2
17
1
7
3
3
6
6
1
4
6
1
3
34
8
7
3
61
7
2
3
32
5
2
3
11
16
1
1
43
1
7
3
60
27
1
2
55
1
1
3
33
15
3
1
36
2
1
2
13
2
5
2
33
2
7
2
61
3
5
3
38
3
5
2
38
3
1
1
2
2
3
3
52
7
4
2
49
4
3
1
17
2
5
2
14
2
5
2
39
3
5
1
28
1
2
2
13
3
6
3
49
7
5
1
33
2
6
1
55
2
3
2
4
2
4
3
47
8
1
3
6
1
5
3
9
24
1
3
14
15
1
2
22
3
3
1
1
2
1
1
25
1
7
2
8
2
3
2
5
3
1
3
8
14
2
3
43
3
1
2
28
3
6
1
37
2
7
1
49
1
1
3
17
7
2
2
6
1
4
1
10
2
2
3
6
5
3
2
1
1
7
1
9
4
5
1
33
8
6
1
36
1
4
1
14
2
7
2
37
1
5
1
29
1
5
1
35
3
6
3
60
10
7
3
31
30
5
1
61
1
5
3
52
11
5
1
44
3
6
1
31
18
3
1
42
2
3
2
18
1
1
1
11
8
7
2
45
1
3
1
67
1
3
1
65
1
1
2
49
3
7
2
25
3
3
1
23
3
1
2
66
2
6
2
7
2
4
2
43
4
5
1
39
4
3
1
8
16
3
1
30
13
7
2
10
3
7
1
5
1
7
2
71
2
7
1
53
1
2
3
1
5
5
3
44
1
5
2
32
1
5
1
67
3
4
2
61
1
6
3
37
1
3
2
15
1
2
1
22
3
4
1
9
11
5
1
41
2
3
3
29
10
1
1
68
3
1
2
8
1
4
1
7
2
6
1
14
13
3
2
37
4
4
2
32
3
6
1
52
3
7
1
49
2
2
3
2
7
7
3
68
1
2
2
41
1
1
3
45
3
1
3
14
18
7
3
40
4
4
1
38
1
3
1
43
3
6
1
12
15
7
3
33
19
2
3
47
5
1
3
42
3
7
2
42
4
7
2
5
1
5
3
40
1
6
2
25
1
4
2
15
3
1
3
5
2
2
3
49
1
6
1
18
4
6
1
7
11
6
3
63
1
5
2
60
4
6
1
2
5
2
2
68
3
3
3
67
37
3
2
39
4
4
1
13
7
7
3
35
6
4
2
44
3
7
3
23
11
2
1
30
6
3
3
28
15
1
2
43
3
3
3
43
1
2
1
6
2
6
2
35
3
2
2
14
3
6
2
68
2
4
3
23
18
6
3
71
3
3
1
61
3
7
1
40
2
3
3
44
5
7
3
30
17
5
3
68
5
5
2
47
4
3
3
16
4
2
3
15
7
4
2
65
4
4
3
45
4
2
3
12
3
6
1
66
1
7
1
11
4
5
2
47
1
6
2
38
5
5
2
23
2
5
1
68
1
4
3
7
4
2
3
31
12
5
1
26
2
6
1
34
11
2
1
27
1
3
2
27
3
7
3
65
11
5
2
53
3
1
3
10
9
7
3
12
7
5
1
39
2
1
3
2
3
5
2
67
1
5
1
23
1
5
2
1
2
6
2
17
3
2
2
40
4
6
3
36
3
4
3
29
5
5
1
32
3
5
2
26
3
3
1
41
3
2
1
28
3
5
1
37
1
3
1
13
6
5
2
36
5
7
3
63
5
7
2
36
3
4
3
7
5
2
3
34
6
1
3
42
1
2
3
35
8
5
1
29
2
2
3
22
11
7
3
30
5
7
1
12
10
7
3
28
14
7
2
52
5
5
3
11
25
1
3
67
16
4
2
3
2
6
2
12
3
7
3
39
4
4
2
54
2
4
3
32
12
7
3
4
15
1
2
65
2
6
1
31
12
2
2
18
4
1
2
63
3
5
1
40
3
3
3
26
7
5
2
41
2
3
1
26
3
1
1
53
2
1
2
16
3
7
3
36
4
2
1
32
1
4
3
38
5
3
2
11
2
5
1
16
2
5
2
28
1
3
3
55
6
4
1
38
3
2
2
31
2
3
1
52
1
6
3
55
13
7
3
53
7
6
2
71
1
3
3
41
3
6
1
47
2
7
1
54
1
6
2
31
1
7
2
52
7
2
2
66
1
2
3
25
4
7
2
35
2
5
2
3
3
6
1
45
2
7
3
10
19
7
1
63
1
1
2
12
2
5
3
71
5
3
3
18
1
2
1
5
2
4
2
30
4
1
1
16
3
1
1
45
1
4
2
33
1
5
3
39
10
7
3
53
8
5
2
34
1
1
3
15
2
4
1
27
2
1
3
8
18
6
1
65
2
5
1
10
7
3
3
13
2
4
2
42
3
1
2
9
1
2
1
35
1
5
3
27
14
5
1
1
1
3
1
8
3
3
3
54
1
5
3
22
5
1
3
65
7
4
3
27
15
2
2
2
3
3
1
34
8
6
1
44
2
6
1
60
1
2
2
23
3
3
3
9
30
7
3
25
3
1
1
4
1
5
2
2
1
1
2
30
2
5
2
63
1
4
1
18
15
1
2
45
3
2
1
71
1
3
3
5
4
1
2
4
1
6
1
22
1
7
2
34
2
2
1
66
2
2
1
47
3
7
1
54
2
2
3
16
8
7
3
26
9
3
3
13
6
2
3
3
7
3
2
16
2
6
3
54
2
2
2
22
1
5
1
3
5
5
2
54
1
1
3
66
7
2
2
67
2
2
1
15
5
3
2
9
3
7
1
17
13
7
1
15
4
4
1
71
2
5
3
4
4
3
1
60
2
2
2
27
1
5
3
66
3
6
1
55
1
3
2
60
2
5
2
29
3
2
3
41
1
2
3
1
4
7
1
6
1
3
1
63
2
1
1
25
2
1
2
29
2
4
2
7
1
3
3
18
15
2
1
42
1
5
2
44
2
3
3
37
6
1
3
61
10
4
2
26
1
7
