1
6
1
2
3
61
3
5
1
38
1
1
1
2
5
5
2
7
1
7
3
65
18
4
3
25
9
7
3
43
6
6
3
32
10
7
1
54
3
1
2
54
1
1
1
27
1
2
3
26
1
1
2
4
3
6
3
55
15
2
3
38
5
6
1
44
1
4
3
42
3
4
3
40
5
5
3
71
4
2
2
14
1
5
3
67
37
6
1
18
12
5
1
8
6
2
3
43
2
1
2
30
1
7
3
68
6
1
2
34
3
4
1
49
1
4
1
13
2
4
2
31
3
1
1
1
1
7
3
8
18
6
2
40
3
1
2
43
2
6
3
14
9
5
3
44
7
2
3
45
7
6
3
15
9
1
3
12
4
3
2
37
1
2
3
9
15
3
1
33
4
7
1
22
2
5
2
44
3
7
1
63
2
5
1
7
10
6
1
65
1
1
2
33
3
4
1
32
3
7
2
9
1
6
3
26
4
4
1
68
3
2
3
49
8
6
1
4
6
3
2
54
2
6
2
3
3
1
2
2
1
6
1
35
1
5
3
25
8
1
2
6
2
6
2
33
2
5
1
61
1
1
2
43
4
1
3
5
3
5
2
17
3
5
3
68
7
5
1
22
3
4
3
53
1
7
1
7
1
4
3
41
3
3
2
38
1
6
1
25
2
3
2
3
2
3
2
18
4
1
2
10
1
1
3
7
2
6
3
16
4
2
2
65
1
5
2
68
4
4
2
36
5
5
1
40
2
1
2
55
3
4
2
16
3
3
2
63
3
7
2
15
3
5
2
49
1
3
1
30
8
7
2
12
3
3
2
35
2
1
1
13
3
1
1
36
2
2
1
34
9
3
2
36
3
6
3
66
1
1
2
16
2
2
2
68
3
3
2
55
2
5
3
1
5
7
2
23
2
4
1
66
3
7
1
45
2
4
3
6
6
6
2
1
3
1
1
60
2
7
2
27
3
6
1
71
3
7
2
23
3
1
3
14
11
4
2
18
3
2
2
52
2
5
3
23
10
2
2
47
1
2
1
52
3
5
1
67
1
1
1
23
1
5
3
42
1
6
1
2
6
7
3
11
20
5
1
66
2
5
3
22
6
5
1
9
4
6
2
52
1
2
3
35
3
7
3
37
7
5
1
27
3
7
2
61
2
1
3
4
14
4
3
47
5
5
3
9
12
3
2
67
2
5
3
10
1
5
1
18
6
1
2
1
2
2
1
17
14
6
1
52
1
3
3
11
1
6
1
16
5
7
3
47
1
6
2
29
1
2
2
41
3
7
1
26
1
5
2
5
1
3
1
53
1
6
1
32
4
4
2
32
3
7
2
17
2
5
2
67
1
5
2
14
3
4
2
2
2
6
1
23
3
7
3
63
7
4
1
47
2
2
1
34
8
4
2
9
2
1
1
71
2
2
1
9
10
1
3
32
9
4
3
1
6
5
3
44
2
2
2
37
2
3
1
25
1
4
1
37
2
2
1
26
2
2
1
41
3
5
3
52
5
1
2
49
4
6
3
54
2
3
3
53
4
2
2
53
1
3
1
4
8
6
2
28
3
7
1
42
2
3
1
61
3
2
3
8
5
2
3
27
11
4
2
26
2
6
2
7
3
7
3
15
16
7
3
22
2
5
1
39
4
3
2
13
1
4
1
10
4
4
1
43
3
1
1
28
1
4
1
29
2
3
3
4
8
7
2
45
2
4
2
25
2
7
3
67
32
4
3
37
2
2
3
18
23
5
3
63
10
7
1
11
12
2
3
61
11
3
2
26
4
4
3
17
15
4
3
10
22
2
3
36
5
7
2
65
3
3
2
42
3
6
2
40
4
4
3
31
24
1
1
43
1
3
3
16
6
5
2
4
2
5
2
60
3
4
1
15
2
7
1
68
2
7
3
60
4
1
2
63
2
5
2
41
4
5
2
71
1
7
3
71
5
1
3
65
4
3
1
45
1
6
1
3
4
5
1
53
2
6
3
35
7
2
1
3
5
7
3
3
3
2
1
10
2
3
1
54
2
5
1
67
2
7
2
6
1
7
3
34
11
3
2
34
1
2
3
52
3
4
1
28
3
5
2
32
4
6
3
18
17
7
1
42
1
6
1
37
1
2
1
15
4
2
3
40
4
7
2
25
3
4
2
8
3
5
1
1
3
6
1
39
1
7
1
35
3
3
2
61
3
4
1
55
1
4
1
5
2
4
2
44
4
3
1
12
11
3
3
30
23
3
2
30
3
7
3
29
6
2
2
29
3
2
1
11
4
7
2
42
1
4
2
27
1
5
3
39
10
4
1
41
1
5
2
53
3
4
3
45
6
4
3
66
7
7
1
33
6
4
1
31
16
6
3
54
1
6
2
15
1
4
3
13
5
6
3
34
1
2
2
35
3
7
3
49
6
2
3
30
3
3
1
63
1
6
2
11
1
2
3
36
4
4
3
33
5
2
3
28
4
7
1
44
3
3
3
60
32
4
1
49
2
7
3
31
17
4
2
47
2
4
2
31
1
5
1
16
6
5
2
12
1
3
1
60
1
7
3
39
1
5
2
45
4
3
2
71
2
6
1
38
2
2
1
55
2
5
1
14
12
1
2
13
3
5
3
29
14
3
2
10
2
7
2
66
1
3
3
12
7
3
2
28
2
7
2
66
3
1
3
2
8
7
1
31
8
1
1
12
18
6
2
5
3
5
2
60
2
7
3
7
5
6
3
6
4
6
3
3
5
2
3
33
11
1
2
8
2
4
1
14
15
3
3
17
1
1
2
38
4
5
3
13
2
6
1
30
17
7
3
38
3
4
3
28
2
4
3
55
6
3
3
27
17
7
2
22
1
5
1
65
2
1
3
23
1
1
1
29
1
1
2
11
3
4
2
39
1
6
3
5
1
7
1
5
1
3
3
2
9
1
1
40
3
3
2
22
3
5
1
47
3
5
2
39
4
7
1
6
2
7
1
8
4
3
1
36
3
6
3
41
1
5
1
17
16
3
