1
52
2
5
1
13
9
6
3
63
10
7
1
23
3
7
2
10
2
3
3
38
11
2
3
40
1
1
2
7
1
7
1
60
2
5
1
61
3
5
1
26
2
1
3
40
2
1
2
23
2
2
3
67
1
7
1
30
5
6
2
6
1
3
3
31
23
7
2
44
1
5
1
63
1
6
2
13
1
5
2
8
2
4
1
10
4
3
1
45
2
7
2
45
4
2
1
66
2
7
1
25
1
6
2
42
1
6
1
49
1
1
1
53
2
1
2
28
1
2
3
53
1
7
2
28
2
6
1
53
1
2
1
39
4
5
3
23
7
5
2
47
4
6
1
9
3
6
1
31
17
4
1
38
1
3
2
47
1
6
3
35
2
2
3
49
2
2
2
26
3
4
2
61
3
4
2
33
3
5
1
12
15
5
1
5
2
2
2
27
2
5
1
55
1
2
1
65
2
4
2
17
1
5
3
2
2
5
1
31
1
5
1
35
3
3
3
54
1
3
1
3
10
5
3
32
12
5
3
10
26
4
2
38
3
3
1
42
2
3
2
18
2
6
1
30
11
5
2
16
1
5
2
52
1
5
1
15
3
3
2
53
3
6
2
34
2
6
1
16
4
6
1
36
3
7
1
49
2
2
2
12
1
3
3
63
1
3
2
12
2
6
3
35
8
1
1
60
1
1
3
28
1
6
2
66
3
1
3
18
4
2
3
7
1
7
3
5
1
6
2
60
2
4
3
68
3
5
3
13
2
2
3
15
10
6
1
1
3
2
1
68
2
3
3
37
12
4
1
65
1
5
2
2
2
3
2
32
1
1
3
26
1
7
2
11
3
4
1
71
2
4
2
36
2
1
3
47
5
1
1
67
1
7
3
4
23
1
1
28
2
3
1
13
3
6
1
22
2
4
1
32
4
4
3
45
7
2
1
68
3
2
1
29
2
6
2
37
3
2
3
17
9
3
1
40
3
3
3
34
6
3
1
14
14
5
3
71
1
5
3
66
8
4
2
68
2
1
2
4
3
3
3
4
20
3
3
23
17
6
1
7
1
5
3
7
5
5
2
13
2
2
3
30
26
5
1
22
3
6
3
13
6
4
3
8
8
4
2
71
3
1
1
66
3
2
1
34
4
6
1
32
1
4
3
36
1
6
1
17
16
4
3
1
4
4
2
71
2
6
1
43
3
2
3
28
12
1
3
61
10
7
3
16
7
7
2
15
3
7
2
29
3
3
3
52
11
1
2
3
3
6
3
15
14
1
2
5
3
4
2
42
4
4
3
18
17
4
1
4
8
5
1
54
2
5
2
8
3
5
1
26
1
1
3
17
6
4
1
8
11
2
3
12
3
6
1
14
18
1
3
3
6
1
2
1
2
5
1
28
3
2
2
55
2
4
1
16
6
4
3
52
18
4
1
17
14
4
3
47
10
1
3
60
1
6
2
35
3
7
3
42
3
1
1
34
11
3
3
16
8
3
3
36
3
2
1
27
1
1
1
55
2
5
1
44
1
5
3
33
11
7
1
11
1
4
2
44
4
1
2
4
2
2
2
67
2
7
3
49
3
6
2
17
2
5
1
45
1
1
3
33
18
3
2
65
4
7
1
36
1
3
3
44
6
4
3
30
9
2
3
34
11
4
1
25
2
5
2
41
4
2
3
55
3
2
3
25
7
4
1
8
10
2
3
31
9
6
1
47
2
5
2
1
3
4
1
71
3
7
2
31
1
5
2
54
2
6
3
22
1
1
1
63
2
4
1
38
2
6
1
61
2
1
2
11
1
3
2
7
3
2
2
43
3
2
1
1
2
1
3
43
7
4
2
25
2
7
2
38
4
3
1
37
1
1
1
2
1
6
2
49
3
2
2
5
1
1
2
45
3
5
3
11
12
3
3
39
5
7
2
55
1
6
3
38
5
5
1
5
1
4
3
32
1
6
2
34
3
2
1
42
1
1
2
36
1
4
3
71
2
3
2
63
2
5
2
22
2
6
3
1
2
7
2
31
4
4
1
27
3
1
3
27
4
2
2
14
3
3
2
41
2
1
2
61
2
4
1
6
2
2
3
8
20
7
2
37
2
5
3
25
6
5
1
41
2
2
2
29
2
3
3
41
4
4
1
41
1
4
3
61
5
5
3
65
9
2
3
53
5
7
2
32
2
5
3
26
4
5
3
60
10
1
3
9
2
2
2
66
1
3
1
3
8
5
3
29
3
2
1
67
3
1
1
33
6
3
2
49
4
5
2
15
1
2
3
22
4
7
2
52
7
6
2
30
4
3
1
29
3
7
1
18
13
4
3
6
1
7
2
35
2
7
1
37
2
7
3
44
3
6
3
9
6
5
1
43
1
5
3
67
23
2
1
15
2
3
1
23
2
1
2
6
3
3
2
10
3
2
2
39
2
6
2
14
2
5
1
54
1
6
3
3
2
6
2
68
4
6
2
25
3
1
1
11
10
2
3
29
16
4
2
18
1
5
2
2
3
3
2
30
5
3
1
52
1
1
2
53
1
7
3
45
4
2
2
23
1
5
3
41
3
2
3
37
2
4
2
60
4
3
2
9
2
7
1
44
4
7
1
9
7
4
2
16
2
3
3
54
2
4
3
39
9
6
3
14
8
2
3
66
2
3
3
42
4
3
3
14
15
4
1
12
9
7
3
68
8
5
2
67
1
1
1
7
11
2
3
65
18
3
1
10
3
2
1
2
4
4
2
9
3
5
1
47
3
1
1
6
1
2
1
40
2
4
3
55
6
3
3
5
3
4
2
40
4
4
2
43
2
4
3
10
17
6
1
35
2
3
2
65
2
7
1
18
11
5
2
27
1
7
2
3
1
7
3
11
20
2
2
26
2
7
3
2
8
4
1
33
3
7
3
43
4
3
2
40
1
3
2
22
1
3
1
39
3
5
2
63
3
6
3
6
2
3
2
39
3
7
2
33
2
5
3
12
5
1
1
4
1
2
3
27
16
7
2
54
1
4
