1
23
1
7
3
29
16
5
1
35
2
5
3
63
10
2
3
9
23
4
1
22
3
2
3
34
4
4
1
1
3
3
1
47
3
4
3
26
10
5
1
12
10
3
3
40
3
2
3
13
4
6
3
28
1
5
3
55
6
6
3
41
1
3
2
26
3
7
1
66
1
6
3
26
8
2
2
65
4
4
2
35
2
7
1
71
1
7
1
10
1
6
2
1
3
6
3
17
8
1
3
2
11
6
3
25
1
3
2
63
2
3
1
26
2
7
2
42
1
4
3
27
3
7
2
49
3
5
1
53
1
2
3
55
1
1
3
66
6
3
2
11
1
7
1
26
1
6
2
29
2
1
3
31
13
7
3
31
27
4
2
7
3
5
1
61
3
1
1
47
2
1
3
47
5
4
1
43
3
5
3
15
6
3
2
52
7
5
3
18
10
1
3
63
9
3
2
3
1
4
1
33
2
1
1
71
2
3
1
12
16
2
3
60
12
7
2
2
2
2
3
44
3
5
1
2
5
7
1
44
2
3
2
17
2
4
3
61
5
7
3
32
1
4
2
31
3
2
2
35
3
5
3
30
26
6
3
23
16
4
1
3
4
3
3
47
1
4
2
55
1
4
2
40
3
5
3
53
5
7
2
16
1
6
1
36
2
2
2
44
3
6
1
49
2
6
2
67
2
4
2
54
2
7
3
68
5
2
1
52
3
6
3
39
5
5
2
31
4
6
3
67
3
5
1
15
2
6
3
37
9
4
2
9
3
5
2
43
3
3
1
28
1
4
3
32
11
7
3
13
5
1
1
14
2
2
2
13
2
4
3
12
1
5
1
7
2
5
3
16
5
5
1
37
2
4
1
68
2
6
1
40
3
7
3
7
2
4
3
14
22
4
2
28
2
6
1
32
3
5
3
35
2
1
3
61
9
5
3
53
7
1
2
67
1
7
1
27
3
6
1
8
2
2
3
25
9
4
2
68
4
1
2
25
1
1
1
15
1
6
1
29
1
6
2
68
1
5
3
36
4
4
3
65
16
3
3
52
10
6
1
18
14
6
1
22
2
1
1
42
1
2
1
38
1
5
2
14
3
6
3
67
24
6
2
10
2
1
2
27
3
3
3
4
6
5
3
71
2
1
3
39
1
4
1
9
4
3
2
47
1
5
2
15
2
2
3
9
13
5
2
11
2
5
3
4
25
6
1
60
2
3
3
41
4
1
2
45
2
3
2
16
2
5
2
61
1
1
3
42
4
1
2
38
3
4
2
25
2
7
1
67
2
2
1
8
17
3
3
7
5
7
1
5
2
4
3
22
7
2
2
61
3
1
2
38
5
3
1
6
2
3
1
31
6
4
1
41
3
4
3
15
10
3
3
38
8
3
1
2
3
3
3
3
9
7
3
18
6
2
3
5
1
1
1
65
1
5
3
27
11
2
3
6
5
2
2
66
3
2
2
30
4
3
2
12
1
5
2
18
4
6
3
2
4
6
2
3
2
2
3
11
2
4
2
37
3
3
2
6
1
3
3
16
3
6
1
36
1
3
1
14
17
1
1
4
2
4
3
42
2
1
1
41
1
6
1
63
2
1
2
32
1
3
3
44
4
4
2
23
2
6
1
13
9
2
3
8
17
2
2
33
2
3
1
55
2
7
1
65
2
6
1
30
18
4
1
17
3
3
2
12
2
7
1
11
2
3
3
38
1
6
3
35
3
5
2
34
3
2
1
23
2
2
2
14
2
4
3
29
3
3
3
33
1
2
3
45
4
1
2
60
4
6
1
28
3
7
1
54
3
3
2
32
3
5
1
27
2
4
2
42
4
1
3
1
9
3
3
14
9
6
2
39
3
2
2
36
1
7
2
9
2
7
2
45
3
6
1
16
6
5
3
43
3
5
3
6
4
1
2
5
3
2
1
11
6
1
1
45
1
7
2
22
2
2
2
43
1
2
2
23
3
7
3
23
13
4
2
30
2
5
1
38
3
2
1
30
1
4
1
40
2
5
1
6
1
6
3
68
7
5
2
41
3
3
3
52
9
7
1
53
2
6
3
11
5
7
1
67
1
1
3
17
13
2
2
39
2
1
3
49
2
1
3
65
13
5
1
25
3
2
2
10
1
5
1
18
2
3
2
29
1
3
2
37
4
7
2
60
1
3
1
31
12
7
1
49
1
7
2
1
1
7
2
27
1
1
2
63
1
6
3
12
7
4
2
33
1
6
2
22
1
1
1
1
1
2
3
49
1
1
2
17
1
3
3
30
14
4
1
39
4
5
1
5
1
7
2
54
1
7
2
47
4
2
3
54
1
4
3
71
4
5
3
10
17
3
2
55
2
7
1
35
3
7
1
61
2
5
2
6
2
5
1
34
5
4
2
34
2
1
3
8
2
5
2
5
1
3
2
2
1
3
1
34
8
6
1
60
1
3
1
63
1
1
2
26
4
2
2
18
3
2
3
60
11
3
1
13
2
6
2
66
2
6
3
36
11
2
1
37
1
2
3
28
13
2
2
41
5
1
2
53
1
7
3
10
7
7
3
3
8
5
2
13
1
2
3
33
23
4
3
34
10
2
1
42
2
2
3
45
1
4
3
43
8
5
1
43
2
5
1
9
14
2
1
54
2
7
2
28
3
7
1
55
1
1
2
71
3
1
2
49
4
1
1
25
1
3
3
54
2
4
2
53
3
4
2
71
2
2
1
45
2
7
1
16
4
4
1
44
3
2
3
22
11
7
3
37
1
6
3
1
1
4
2
15
1
3
3
5
2
7
1
33
8
4
1
17
8
7
2
40
4
2
1
66
2
3
2
44
4
4
1
52
1
5
1
68
3
3
2
36
5
1
2
8
1
7
2
4
2
7
1
32
6
1
1
29
2
4
1
7
6
5
1
4
4
3
3
40
5
1
1
39
1
6
2
8
3
3
2
4
1
4
2
65
1
2
2
52
1
4
1
10
4
3
3
66
8
6
1
3
5
2
2
7
1
7
