2
71
3
1
2
44
1
4
1
9
10
7
2
61
1
5
2
34
3
5
1
40
2
5
2
18
4
6
2
34
1
6
3
29
15
3
3
37
5
2
2
44
5
4
1
32
3
4
2
66
3
1
2
16
2
5
1
26
1
5
2
15
1
4
1
30
4
3
2
35
3
6
3
47
4
2
2
36
1
7
1
40
1
4
2
17
1
6
3
61
3
4
3
43
8
1
2
35
2
3
1
39
3
5
3
54
1
4
1
36
3
3
1
55
2
2
2
40
3
4
2
2
2
6
1
12
13
6
2
14
1
5
1
2
5
4
1
33
3
4
3
18
9
7
1
37
1
2
3
7
3
6
1
35
4
5
2
45
2
6
1
6
1
6
1
68
1
2
1
28
3
5
3
11
17
7
1
12
3
7
2
4
3
1
1
36
1
1
3
26
11
6
2
8
1
6
1
4
4
6
2
49
3
1
1
13
3
4
1
67
2
3
2
3
1
3
2
53
1
5
1
65
2
4
3
9
20
4
1
34
3
6
2
45
1
3
1
67
3
1
1
42
2
3
2
5
3
1
1
3
10
4
3
3
10
7
1
17
14
5
2
42
3
5
1
44
4
5
2
23
3
7
2
8
3
7
2
40
2
1
1
71
1
3
1
17
9
1
1
47
1
7
1
22
1
4
2
30
5
1
2
29
2
3
1
2
1
1
2
32
1
2
2
36
2
7
2
66
2
6
1
43
1
2
2
55
2
1
2
38
5
5
3
1
4
6
3
28
3
1
3
7
5
2
2
41
4
3
2
16
1
4
1
3
11
2
3
15
5
4
1
8
9
4
3
42
1
2
1
29
1
3
3
2
10
5
2
5
2
3
1
65
1
3
2
12
3
6
3
13
1
3
1
23
1
7
3
66
7
3
1
31
16
3
1
1
1
6
1
49
2
1
3
34
10
6
3
25
2
1
1
23
2
1
3
53
3
7
3
36
7
6
3
30
25
2
2
10
1
3
2
9
2
3
1
39
2
7
2
53
3
1
3
27
13
2
1
66
1
1
2
27
3
7
3
28
4
7
3
45
2
4
2
10
2
1
2
33
1
2
2
13
1
3
3
23
15
3
3
44
7
3
3
41
1
6
2
68
4
1
3
1
9
1
2
60
4
3
3
31
1
2
3
23
11
4
2
22
1
6
3
16
4
5
2
23
1
5
1
54
3
3
1
29
3
2
3
36
11
6
3
11
2
5
3
68
7
6
1
52
2
1
1
10
4
4
3
65
8
2
3
13
3
1
1
11
1
4
3
10
24
5
3
5
5
2
3
12
6
6
2
31
2
6
3
41
3
6
2
39
2
2
2
12
2
4
1
45
2
3
3
65
15
6
1
55
1
7
2
18
2
6
2
37
1
2
3
63
3
3
2
22
3
5
1
49
1
1
2
65
1
7
2
61
3
3
1
47
2
3
3
40
2
3
2
43
1
3
2
41
2
6
2
26
2
3
3
49
6
7
3
27
8
7
3
10
5
4
3
67
14
3
3
60
9
5
2
26
1
3
2
67
1
7
3
32
4
4
1
13
6
3
2
1
2
3
2
7
1
4
3
26
1
1
3
30
11
4
3
3
5
2
2
1
1
7
2
39
3
5
2
11
1
3
1
16
5
4
3
33
18
1
3
17
1
3
1
27
1
3
3
40
6
6
2
63
1
2
2
33
2
4
1
1
3
7
2
7
3
5
2
63
3
5
3
15
13
1
3
55
12
7
3
14
12
4
1
61
3
2
3
66
6
6
3
33
21
3
1
30
1
7
1
71
3
2
1
35
3
1
3
34
9
1
2
60
2
2
3
42
4
6
1
42
1
4
3
31
26
2
3
9
12
1
1
28
1
6
2
3
2
7
3
22
9
7
2
14
3
6
3
25
3
1
1
66
3
6
1
11
2
1
2
42
4
5
2
38
1
2
3
55
16
5
1
18
14
6
3
17
17
7
3
44
9
2
3
68
3
1
3
39
2
7
3
54
2
7
3
4
3
7
3
8
1
6
1
37
2
3
3
63
13
3
1
14
20
7
1
41
2
2
3
29
18
2
3
6
5
6
3
52
7
1
1
68
2
4
3
12
3
6
1
31
18
4
1
43
3
5
1
8
6
1
2
29
3
5
3
49
1
7
1
52
1
2
1
15
1
7
2
28
1
3
1
38
2
4
1
5
2
3
1
15
3
5
2
31
4
5
1
7
9
2
1
53
2
6
3
6
3
2
3
61
4
6
2
65
2
5
3
45
7
6
3
5
2
3
3
16
3
6
2
25
1
1
1
60
1
1
2
68
2
4
3
32
6
4
3
71
2
6
1
27
3
4
3
52
10
1
3
38
6
7
3
43
6
2
2
54
2
3
3
67
11
7
3
22
1
7
2
2
3
4
1
41
3
3
2
11
2
4
2
6
1
7
1
63
2
5
1
44
2
3
2
54
1
5
3
4
14
4
1
25
2
4
2
13
3
1
1
54
2
5
2
28
3
2
2
43
3
5
1
9
2
2
3
53
8
1
1
10
7
1
3
8
14
5
1
22
3
1
1
18
2
3
2
32
2
2
2
9
1
1
3
2
7
4
2
6
2
4
1
33
4
6
2
49
4
3
2
4
1
2
3
38
5
1
1
25
3
6
3
35
7
6
3
60
5
5
1
61
1
6
3
39
6
4
1
26
2
3
2
15
3
7
2
71
1
7
1
14
12
7
3
47
1
5
1
53
1
6
1
16
4
1
1
7
10
6
3
18
5
4
1
5
1
4
3
37
11
1
3
14
17
5
1
4
5
5
1
45
1
5
2
52
4
1
3
35
1
4
2
27
1
2
2
47
2
7
1
60
2
2
2
47
1
7
1
32
5
3
1
6
2
1
2
37
2
6
2
17
2
5
2
67
2
6
1
38
1
3
1
34
4
4
2
30
1
2
2
55
1
1
3
71
1
6
2
52
1
2
1
63
1
7
2
25
3
3
