3
18
23
4
3
54
2
6
1
47
3
5
2
29
3
6
3
37
4
2
3
36
12
3
2
5
2
2
1
17
15
2
3
9
19
1
2
42
4
4
3
49
3
3
2
15
3
7
3
38
7
3
2
38
2
4
3
44
7
3
2
55
1
7
2
53
1
1
3
28
16
1
2
47
1
7
2
33
2
6
1
26
3
6
1
45
2
5
3
13
7
6
2
49
4
3
1
31
18
4
1
65
1
6
3
16
8
5
3
30
6
7
1
12
17
7
1
10
8
3
1
44
3
5
2
18
2
6
3
26
6
7
3
23
8
5
1
15
4
2
3
27
11
1
1
39
4
5
1
36
3
2
2
31
5
3
1
42
2
5
1
7
7
5
2
67
2
6
1
7
9
3
1
40
2
3
1
71
2
6
1
23
1
7
3
31
28
2
3
61
8
6
1
37
2
2
2
38
5
1
1
28
3
3
3
71
3
7
3
36
9
6
1
14
15
6
1
67
1
4
3
22
2
3
2
25
1
7
1
68
1
1
1
53
1
7
3
35
1
2
1
40
3
1
3
13
1
5
3
40
3
7
2
41
5
1
1
37
1
6
2
35
2
5
3
68
14
5
1
11
11
2
3
41
3
5
3
47
1
3
2
12
2
1
1
60
1
5
3
9
3
4
1
10
7
1
1
13
2
2
1
65
2
5
2
30
2
6
1
29
1
3
1
67
3
5
2
7
3
6
2
12
1
5
1
6
1
6
3
43
2
1
3
60
8
6
1
22
2
4
1
39
3
4
1
47
2
4
2
71
3
7
2
9
2
7
2
31
1
5
1
34
2
5
2
3
1
2
3
43
6
3
3
53
6
5
2
28
1
2
3
38
2
1
2
45
3
2
3
6
3
5
2
67
1
1
3
14
8
3
2
7
1
6
3
15
12
1
2
8
3
1
1
18
13
2
3
28
3
1
3
25
4
3
2
71
2
7
1
8
14
2
1
17
6
5
3
67
4
3
2
5
3
5
3
42
3
7
3
2
10
4
3
5
3
2
2
16
2
2
1
3
5
4
2
68
3
2
3
11
7
6
2
40
4
5
2
3
2
6
3
29
17
5
3
60
23
5
2
8
1
3
2
66
1
3
2
22
2
1
1
27
3
1
2
23
2
5
3
55
16
1
1
33
7
7
2
60
2
2
1
43
1
7
1
8
17
6
3
1
1
4
3
67
12
2
1
16
7
7
2
22
1
3
1
1
3
2
1
11
12
5
1
29
2
1
3
2
9
6
1
5
1
4
1
5
2
1
1
52
1
6
1
9
5
2
3
45
1
1
2
10
2
6
1
41
1
5
3
26
10
4
2
14
2
1
1
18
14
3
3
14
3
1
1
1
2
7
2
63
1
1
3
35
4
1
3
4
18
5
2
35
1
5
3
17
7
5
2
4
3
7
2
33
3
3
1
25
3
1
1
38
3
6
1
4
7
1
3
32
7
4
3
49
6
5
3
18
4
3
3
23
15
1
2
43
3
1
3
3
6
3
1
27
2
7
3
31
9
1
2
23
1
7
2
44
1
5
2
17
3
7
3
63
1
5
1
30
9
4
3
54
1
5
2
53
3
4
1
54
3
3
3
10
8
3
2
52
7
2
2
13
1
7
3
66
1
6
2
30
4
2
3
42
1
5
2
52
1
5
3
10
7
3
2
42
3
7
2
54
2
3
1
66
1
1
3
27
17
7
3
7
5
5
1
60
2
1
2
37
2
6
3
45
3
4
1
2
3
3
3
29
12
2
2
26
2
4
1
71
3
6
3
22
10
2
2
43
2
5
1
6
2
7
2
68
2
5
3
52
16
6
1
13
9
7
2
54
1
6
1
44
1
6
3
40
1
1
2
65
1
5
3
71
5
7
3
3
9
1
2
27
2
5
3
68
2
3
2
10
3
5
3
66
8
3
3
30
2
2
2
4
2
4
1
34
5
1
1
63
2
4
3
44
1
3
3
47
8
3
3
1
8
6
2
36
4
4
1
49
1
1
2
6
2
5
2
18
1
2
2
32
3
6
3
33
13
6
3
39
5
5
1
49
2
4
1
63
1
5
3
11
2
1
1
66
2
4
1
28
2
2
1
43
3
5
2
61
1
2
2
49
2
7
3
6
5
6
1
14
4
5
1
32
7
2
2
65
2
6
1
33
8
5
3
34
2
2
3
8
3
1
1
30
21
1
3
63
12
5
1
25
1
2
3
16
4
4
1
4
1
3
1
54
2
7
2
47
2
2
2
66
2
6
3
39
2
5
1
45
1
6
2
39
3
3
1
31
15
7
3
65
11
2
2
14
3
3
2
6
3
2
3
65
10
6
2
27
3
7
2
11
3
7
1
68
3
1
3
33
23
7
1
61
2
6
2
28
3
1
2
15
2
6
2
2
1
1
3
12
5
4
3
15
17
3
2
11
1
4
1
42
1
7
1
55
2
1
3
5
5
6
1
22
1
7
2
44
5
2
3
17
17
3
2
39
1
5
2
60
1
4
2
1
1
7
1
38
2
6
3
52
15
1
2
55
3
4
2
34
3
5
3
12
6
4
3
25
2
3
3
34
1
5
1
52
3
5
2
9
1
2
3
7
3
6
3
41
2
3
1
32
1
6
1
16
1
7
2
17
1
4
1
9
11
2
1
35
1
6
2
25
3
3
3
8
6
6
2
26
1
7
2
32
2
6
1
55
1
6
2
63
2
2
3
55
2
6
3
37
10
5
2
36
5
5
1
15
2
6
1
35
4
7
1
41
3
1
3
53
2
1
1
36
1
6
2
40
3
4
2
29
2
4
2
13
2
6
2
1
2
1
1
53
2
6
1
61
3
4
1
12
6
6
1
3
4
3
1
26
2
3
3
4
6
6
2
37
4
5
1
23
2
4
2
34
1
1
2
41
3
7
3
32
6
1
2
16
3
5
2
45
1
4
1
2
6
3
2
2
3
1
2
61
2
3
3
61
10
6
