1
32
5
1
3
25
2
6
3
33
7
5
1
67
2
5
2
34
3
6
3
35
7
5
1
17
1
3
1
10
2
1
3
35
3
7
2
41
3
1
2
49
2
4
2
6
1
5
2
42
4
1
3
4
25
3
3
12
3
7
1
63
2
4
3
10
9
5
2
37
1
5
3
66
1
3
1
61
1
6
3
37
12
5
3
9
27
4
3
34
7
3
3
37
10
7
1
40
2
5
2
11
2
3
1
4
3
3
1
25
3
5
3
28
13
4
1
47
2
1
1
26
3
2
3
8
11
2
3
6
4
3
1
27
1
3
3
44
3
1
1
44
1
4
2
35
2
2
2
12
3
3
3
39
4
5
3
53
2
4
2
28
3
6
3
22
1
6
2
7
3
3
2
32
4
7
1
9
3
3
1
37
2
4
2
26
2
7
2
14
1
7
1
12
3
1
2
44
5
2
1
44
3
1
2
63
3
2
3
17
17
4
3
55
12
7
2
67
2
6
1
42
1
1
3
54
1
4
1
26
1
3
1
6
1
6
3
34
4
6
2
45
3
2
2
30
1
3
3
63
7
6
2
30
3
1
3
16
4
5
2
47
2
1
1
6
2
1
1
33
5
2
3
68
14
5
2
27
2
1
1
34
3
1
3
31
3
2
1
18
4
3
1
27
3
2
3
26
2
4
3
52
2
5
2
65
3
2
1
35
1
5
3
44
6
3
1
4
1
3
2
53
2
5
1
28
3
3
1
66
3
5
3
13
3
7
1
1
2
6
2
66
2
5
2
66
3
4
1
49
1
1
2
33
1
4
3
71
4
6
2
44
3
4
2
55
1
3
2
61
1
3
3
16
5
5
3
54
2
6
2
54
1
7
2
17
1
2
1
23
1
3
2
71
2
4
3
47
8
4
3
27
4
4
3
30
14
6
1
16
1
7
1
30
19
4
1
7
4
7
2
35
1
6
2
1
3
6
1
17
5
3
3
65
10
4
3
7
3
5
2
55
2
4
2
14
3
1
1
2
5
5
2
67
1
4
1
14
19
1
2
2
1
2
3
5
1
2
2
17
2
7
1
65
2
2
2
52
4
2
1
67
3
6
1
68
3
3
2
53
3
3
2
40
4
5
1
8
9
4
3
3
7
7
3
40
3
2
2
63
2
4
3
40
4
7
3
71
3
4
2
68
1
1
1
49
2
1
1
14
14
6
1
13
7
7
3
38
12
7
1
66
2
2
3
26
7
3
1
10
4
3
2
3
3
6
1
34
6
2
2
28
1
4
1
38
3
7
1
63
1
5
1
22
2
1
2
2
2
5
1
54
2
4
3
3
8
1
1
33
4
3
2
43
5
1
1
31
10
4
3
33
16
1
1
40
1
3
1
30
4
2
2
40
1
5
3
41
3
5
2
8
3
7
1
52
1
6
1
41
3
2
2
54
2
2
2
9
3
3
1
5
1
5
3
1
7
3
1
38
1
3
2
41
4
3
1
3
10
4
2
38
5
7
3
67
2
1
2
1
1
5
3
2
6
6
2
61
2
1
3
28
7
6
2
22
2
6
3
17
13
2
1
16
2
1
2
45
1
1
3
49
3
1
1
9
2
4
3
25
3
5
3
7
5
2
2
29
3
7
2
37
2
1
2
18
1
2
2
9
1
3
1
15
2
4
3
14
7
1
3
8
7
2
3
18
22
1
2
6
2
1
1
25
2
5
2
68
4
7
1
53
1
3
3
31
14
5
2
27
3
7
1
39
4
3
3
65
11
6
3
53
3
7
2
65
1
6
2
13
2
6
3
13
7
1
2
39
4
1
1
42
2
5
3
60
1
1
3
32
12
2
1
45
2
3
3
1
6
5
3
45
5
7
1
43
3
1
1
12
6
1
1
31
17
1
3
60
22
4
3
61
5
5
2
4
2
3
1
35
4
6
2
42
1
6
3
36
10
4
3
6
1
7
3
10
10
3
3
30
17
1
2
13
1
4
3
38
2
5
3
63
2
3
3
66
9
6
3
52
16
4
3
11
18
5
1
71
3
1
2
29
1
5
2
38
4
5
1
36
1
4
1
23
2
6
3
29
14
2
2
25
1
7
1
5
2
1
3
9
10
4
2
16
2
2
2
32
1
7
2
7
2
1
3
23
6
1
1
47
1
2
2
49
1
2
2
36
4
5
2
10
1
6
3
27
2
7
2
34
2
5
2
71
1
6
2
36
1
2
2
22
3
4
2
23
2
3
3
39
6
7
2
60
3
6
3
61
9
4
3
2
1
1
1
61
3
3
2
10
3
1
2
31
2
2
3
29
1
2
1
41
1
6
2
4
1
6
1
11
11
6
1
13
4
5
3
32
11
4
3
18
21
5
2
52
2
4
1
22
3
3
1
55
2
2
1
11
12
5
3
43
3
3
2
33
2
4
1
32
2
3
1
15
1
4
1
65
1
1
1
43
2
1
2
39
3
2
1
39
3
4
3
23
9
3
3
5
4
5
3
11
3
3
2
5
1
1
1
71
1
4
1
3
11
4
2
12
1
1
2
31
1
2
1
53
2
5
1
60
2
4
2
15
1
3
3
42
4
3
3
43
5
5
3
49
5
1
2
43
4
5
3
4
28
7
3
55
6
3
1
29
2
2
1
37
1
7
2
5
3
2
3
47
10
2
1
68
2
4
1
29
3
4
1
55
1
3
3
15
13
7
1
8
4
3
3
12
5
6
2
47
1
4
2
23
3
6
3
41
1
5
1
36
3
1
1
1
3
4
1
2
4
1
3
14
13
6
2
26
4
4
2
15
3
5
1
54
3
2
3
36
9
2
1
52
2
7
1
18
2
7
2
60
2
1
3
45
4
2
3
68
2
3
2
8
2
7
1
60
1
4
3
42
2
2
3
22
6
3
2
3
2
1
2
16
1
4
3
15
4
5
1
28
1
2
2
11
3
6
3
67
12
3
1
7
11
1
2
25
3
3
1
45
1
5
2
18
3
5
