2
54
2
2
2
45
1
3
3
37
9
7
3
49
3
7
1
65
1
6
1
42
2
6
2
43
4
1
3
11
4
5
1
44
3
2
2
12
1
7
3
22
6
2
2
28
3
7
1
38
1
1
1
32
3
2
1
17
15
6
2
39
2
2
2
7
2
7
3
10
22
6
2
33
2
6
3
67
3
1
2
3
1
5
2
16
3
2
2
53
2
2
2
13
3
6
2
30
3
2
1
47
2
6
1
29
1
3
1
23
1
7
1
30
17
2
1
28
1
6
2
11
1
4
3
42
1
7
2
36
2
6
1
11
6
1
2
49
2
7
3
15
12
7
1
27
1
3
3
71
2
7
3
35
3
1
1
40
2
3
2
55
2
6
3
6
1
1
1
67
3
2
1
12
9
6
2
65
4
4
3
25
9
3
1
11
1
3
3
54
2
5
2
23
2
1
2
31
2
5
3
65
8
2
2
11
3
4
3
53
7
4
3
27
12
2
1
14
17
3
2
60
4
3
1
16
4
7
1
3
8
3
2
47
4
3
1
14
18
6
1
63
2
5
3
65
10
6
2
17
1
4
1
49
2
5
2
12
2
1
3
55
12
7
2
32
2
3
2
37
3
7
1
7
4
5
1
55
1
6
3
39
2
5
2
71
2
2
3
4
24
1
3
31
25
5
3
23
4
6
3
5
2
4
2
15
3
3
3
33
15
4
3
17
2
1
3
68
3
7
3
26
9
6
3
17
16
5
3
33
11
3
3
43
1
2
2
25
1
2
3
8
17
3
3
49
6
6
3
5
4
6
3
15
17
2
1
18
1
4
1
26
2
2
3
14
18
3
2
34
2
5
2
32
3
4
2
31
5
6
3
71
4
2
1
63
1
4
2
9
1
5
3
12
3
3
1
4
7
7
1
36
1
2
1
10
2
1
3
41
3
7
1
43
1
4
3
1
2
7
2
17
2
1
2
1
2
3
3
25
5
3
3
3
3
1
1
54
3
7
2
2
2
7
2
39
3
3
1
41
2
4
1
52
2
7
2
36
1
1
2
41
5
4
2
63
3
2
1
2
5
2
2
13
2
2
1
36
2
4
2
35
3
6
2
60
2
1
3
28
7
7
1
37
1
7
1
22
1
2
1
55
2
6
3
11
21
7
1
9
6
1
1
15
4
7
2
65
2
4
2
52
5
1
3
9
17
6
3
39
7
6
1
43
2
5
3
32
8
4
3
2
11
3
2
30
2
3
1
33
4
3
2
23
3
1
3
36
14
1
1
27
3
6
3
14
14
1
1
17
11
6
2
68
2
1
2
66
2
3
1
52
3
5
3
12
6
3
3
63
12
3
2
27
2
1
1
45
2
1
2
26
3
5
2
67
2
1
3
40
4
3
3
44
8
2
1
40
3
5
2
29
3
4
2
6
1
1
1
61
2
1
3
47
1
6
3
38
1
3
2
38
2
2
2
18
3
2
2
2
1
1
1
41
1
5
2
3
2
6
2
16
2
3
3
41
1
4
3
52
12
4
2
33
1
5
2
5
1
6
1
22
2
3
3
61
7
4
2
42
2
1
3
7
2
7
1
67
1
5
3
67
15
7
1
53
2
7
2
8
1
5
1
25
3
3
1
35
4
2
2
5
3
3
1
71
3
5
1
66
1
4
1
68
1
5
3
42
2
3
1
6
1
5
3
4
6
6
1
65
2
1
2
43
3
1
3
16
3
7
3
68
11
1
2
8
2
5
3
45
2
1
2
44
3
5
1
4
6
4
2
38
1
6
1
31
4
3
2
4
2
5
1
53
1
6
2
68
4
3
1
8
14
3
1
71
1
1
1
1
1
7
3
23
1
4
1
39
1
6
1
5
1
1
2
67
1
6
2
6
2
6
3
32
4
7
1
37
2
7
2
7
1
2
1
61
1
6
2
61
1
3
2
14
1
5
1
60
1
1
1
7
10
7
1
18
5
4
1
68
2
4
2
54
1
4
3
3
6
4
1
42
1
4
1
49
1
4
1
29
3
5
3
22
2
1
3
8
14
3
3
66
1
3
1
35
2
5
1
2
7
5
3
45
7
4
3
53
8
3
3
38
8
6
1
44
1
6
2
29
1
1
3
66
3
6
1
13
9
2
2
9
3
5
1
10
5
5
3
30
13
7
3
16
1
5
3
28
9
6
1
6
2
7
2
34
3
5
3
18
17
3
3
10
25
6
3
47
5
5
1
39
4
4
1
47
3
3
1
32
4
5
3
37
4
7
1
45
1
6
3
52
4
7
1
33
7
1
3
2
1
5
1
16
5
5
3
54
1
3
2
53
1
5
2
41
3
5
2
44
1
4
2
26
1
3
2
71
3
1
1
60
2
6
1
66
2
2
1
34
8
7
3
55
17
4
2
42
4
4
1
28
3
1
2
22
2
5
2
10
3
5
3
13
4
7
3
44
5
5
3
13
6
3
2
55
1
1
2
49
1
5
2
14
3
6
1
15
1
5
3
30
3
6
2
35
1
2
1
54
1
2
2
22
1
4
3
29
7
4
3
43
4
7
2
25
2
6
2
1
3
6
1
26
3
1
2
40
2
1
3
61
2
6
2
47
3
1
1
34
6
2
3
6
2
1
3
36
2
4
3
34
9
2
1
13
4
6
3
18
5
7
2
40
3
1
2
18
4
3
1
30
3
4
2
45
3
4
3
40
6
1
3
29
4
6
3
63
11
7
3
1
10
2
3
60
5
7
2
15
2
2
1
25
1
4
2
61
3
2
2
52
3
3
1
9
14
2
2
63
2
2
2
28
1
6
3
60
8
4
1
8
10
7
1
5
2
3
1
31
15
7
3
27
16
6
2
4
1
6
3
35
8
5
1
23
2
2
2
37
4
3
3
26
6
5
3
34
4
1
2
66
3
1
3
31
10
6
1
38
2
5
3
7
1
1
2
27
1
7
1
12
13
3
2
10
2
3
1
1
3
1
1
3
7
6
3
9
30
5
