2
15
1
2
2
44
3
3
2
61
2
1
1
13
9
5
1
5
2
1
1
54
3
7
3
42
2
2
1
55
1
7
1
61
3
2
2
67
2
2
1
39
1
3
2
60
4
5
3
45
5
2
2
39
2
3
1
30
14
4
1
49
1
4
2
10
3
5
2
68
3
4
1
17
15
7
3
27
3
3
1
23
3
1
2
17
3
4
1
33
6
6
1
16
7
1
1
32
2
5
2
66
3
1
2
25
3
6
1
34
6
5
2
22
1
4
2
37
4
6
3
39
9
6
3
61
7
1
3
52
11
6
2
33
3
6
1
40
2
4
2
41
2
3
2
26
4
2
3
33
6
6
1
9
12
5
3
23
13
4
3
14
5
2
2
6
1
4
3
27
11
7
2
7
3
2
3
36
7
1
3
5
3
4
2
5
3
1
1
42
1
6
2
71
3
7
1
52
2
1
1
18
9
1
2
52
5
3
2
35
1
7
3
31
12
7
2
65
2
3
3
29
14
7
1
52
3
6
3
52
10
7
2
8
3
1
2
45
3
5
3
3
2
5
1
68
3
4
1
14
6
1
2
40
1
7
2
8
1
2
3
7
5
3
2
18
2
2
2
42
3
1
2
3
1
7
1
44
2
1
3
32
9
5
3
41
1
5
1
17
5
6
3
18
6
3
3
30
2
2
1
23
2
2
1
26
2
4
2
63
1
5
3
33
18
3
1
43
1
4
1
71
2
5
1
39
4
4
3
60
22
4
2
27
1
7
3
25
5
6
1
33
1
6
2
47
3
5
1
11
5
1
3
54
1
7
3
2
7
5
1
66
1
7
1
31
11
6
2
63
2
7
2
3
2
1
2
32
3
1
3
30
14
7
3
12
5
1
3
16
4
2
3
66
2
2
3
42
3
4
3
7
4
1
2
55
1
6
3
43
4
4
1
37
1
6
2
26
1
6
1
8
17
2
1
28
1
6
3
18
11
4
2
34
2
2
2
9
2
7
2
12
2
4
3
26
12
4
1
60
2
1
2
28
3
6
3
6
4
1
3
28
3
2
2
9
1
1
1
1
2
6
1
55
2
5
2
29
1
2
2
18
1
1
3
32
2
2
1
63
2
7
1
43
3
2
3
36
13
5
2
40
4
3
1
31
4
3
2
34
1
3
1
26
3
3
3
28
2
1
3
65
8
3
2
5
2
5
3
63
7
6
1
13
8
3
1
54
1
6
2
42
4
3
2
60
1
1
2
43
2
3
1
8
16
6
1
47
1
1
2
14
3
7
3
34
7
6
3
17
6
1
3
66
8
2
1
38
3
5
1
36
3
3
1
68
1
6
2
22
2
1
1
30
5
5
3
49
7
3
3
15
12
4
3
25
2
6
1
35
4
2
1
71
3
7
1
67
3
4
3
4
12
3
2
4
1
1
2
10
2
7
1
45
1
2
1
4
8
2
2
66
1
6
3
22
9
4
1
35
1
2
2
13
2
7
3
47
2
5
2
29
3
2
1
15
3
4
2
68
1
7
2
38
1
4
3
55
15
4
1
10
5
5
3
10
6
4
2
38
3
5
2
16
2
4
3
61
10
1
3
71
2
7
2
71
1
1
1
34
1
1
1
25
2
1
3
60
12
3
1
2
1
6
1
28
2
5
1
10
2
4
1
36
2
2
3
8
2
5
3
49
2
1
1
63
1
3
2
30
4
4
2
52
4
5
2
27
3
4
1
6
1
4
3
26
9
2
1
22
2
1
1
53
2
1
3
11
4
3
1
47
2
2
3
14
7
7
2
25
2
2
3
9
15
4
1
15
4
5
3
44
8
7
2
17
2
4
3
37
5
1
1
44
4
6
1
11
6
7
3
38
1
4
1
65
2
7
2
6
2
1
3
43
6
5
2
1
3
5
1
1
3
6
1
66
2
5
2
45
4
4
3
68
9
5
1
12
14
1
2
11
2
6
2
43
3
5
2
31
5
1
2
7
1
4
3
63
11
3
3
4
2
4
3
40
3
6
1
29
2
6
1
38
1
6
3
5
2
2
1
3
2
1
3
71
5
5
1
45
2
5
3
22
8
2
3
54
2
2
2
39
1
7
1
18
14
7
2
16
3
7
2
37
2
1
2
36
1
4
1
22
1
6
1
6
2
3
1
2
5
1
3
53
6
2
3
9
20
7
1
27
1
6
3
44
5
3
3
29
9
7
2
53
3
7
3
37
11
3
1
4
7
1
2
14
1
5
1
27
2
6
3
35
8
1
2
53
2
5
2
30
3
4
3
45
6
7
3
68
3
1
1
67
2
2
3
31
22
3
1
7
5
1
3
40
2
1
1
12
6
7
2
2
2
1
2
54
1
1
1
60
1
3
1
32
7
6
3
41
2
6
2
47
1
7
1
61
2
2
2
31
2
1
2
4
2
7
3
47
4
1
1
65
1
2
3
13
8
6
2
36
5
2
3
39
10
3
3
8
6
2
1
42
2
4
3
12
4
7
3
53
5
1
2
33
1
3
3
34
4
7
2
15
2
1
1
37
2
4
1
3
11
2
1
16
4
1
2
23
1
1
3
3
4
6
2
41
3
4
3
23
2
1
3
2
6
7
2
35
3
3
2
23
3
7
2
61
1
2
2
49
2
1
2
54
2
5
3
67
16
5
3
55
11
1
2
1
2
1
3
16
6
4
3
6
3
1
3
65
11
7
1
53
1
5
2
44
5
4
3
11
17
4
2
65
3
4
2
67
1
3
1
7
11
6
3
35
1
7
1
41
2
5
3
67
36
2
1
9
14
4
2
28
1
2
3
38
5
7
2
55
2
5
1
49
2
2
3
10
15
1
3
13
1
2
1
41
3
6
3
1
1
2
1
25
3
6
2
2
1
6
3
15
9
3
3
1
8
1
3
17
5
7
1
40
3
1
1
29
1
5
2
13
1
4
1
5
1
2
2
11
3
7
1
14
3
3
2
32
4
2
2
12
3
6
2
49
3
2
