3
11
16
7
2
32
3
2
3
31
6
6
3
53
2
3
1
17
13
3
3
9
4
1
2
29
3
2
2
31
1
5
3
7
3
5
2
27
3
5
1
11
2
1
2
30
5
6
3
54
2
4
2
68
4
1
2
13
1
6
2
42
4
1
3
23
4
5
2
55
3
5
1
25
3
5
1
13
5
3
2
42
2
6
1
23
1
1
1
15
1
3
1
28
2
6
3
27
5
7
2
4
3
5
1
8
5
4
3
40
1
5
3
14
3
5
1
52
2
4
3
25
7
4
3
17
5
3
2
54
1
3
3
55
10
6
3
52
6
5
3
8
12
2
1
65
1
1
1
2
4
7
3
40
3
5
2
67
1
4
3
45
6
6
2
7
2
2
3
36
8
1
2
15
3
5
1
13
2
6
3
45
1
2
2
35
2
5
2
34
2
2
1
16
6
5
1
42
1
3
3
41
1
7
1
7
9
5
1
44
3
3
3
15
7
2
3
5
1
4
3
33
23
7
1
71
3
3
2
28
1
7
1
67
3
2
3
35
8
4
1
10
6
6
1
26
1
1
1
47
1
2
3
7
1
6
2
41
2
6
2
11
2
6
3
47
6
3
3
2
11
1
1
53
2
1
3
38
9
6
1
14
15
2
3
6
2
6
1
54
2
4
1
17
6
4
3
26
10
4
3
66
6
5
2
61
2
1
3
3
8
2
3
1
7
7
1
30
9
5
2
10
2
4
2
9
2
3
1
71
1
6
2
6
3
3
2
47
2
7
2
60
4
3
2
10
3
6
1
41
1
6
2
41
1
4
1
31
15
2
3
12
7
7
2
33
2
3
3
65
10
5
3
9
15
5
3
44
9
4
1
40
3
3
3
28
4
3
2
55
2
1
2
26
4
2
3
8
20
3
3
26
12
3
2
67
2
7
3
31
23
5
3
17
17
2
2
66
2
5
3
67
8
1
2
22
1
3
2
43
5
6
2
66
1
3
2
63
3
6
1
15
4
5
2
71
2
4
3
4
8
5
2
3
3
3
2
60
1
3
1
11
7
6
3
11
12
6
2
49
3
1
3
28
9
5
2
44
1
1
1
27
1
2
2
17
3
3
3
10
11
6
1
49
2
4
1
30
15
6
3
36
9
2
1
29
3
1
3
15
11
7
1
22
2
3
3
60
26
1
1
66
3
5
3
49
4
7
1
38
1
2
3
33
16
5
2
17
1
3
1
41
2
2
1
33
1
1
1
63
2
5
2
4
2
5
2
16
1
3
1
3
2
3
3
42
2
3
2
13
3
2
3
4
7
2
1
37
1
7
3
43
5
3
3
27
2
6
1
60
1
4
3
54
1
3
2
18
2
1
3
32
12
4
3
30
22
7
2
8
3
7
2
23
2
4
2
37
4
6
1
66
2
6
2
29
1
5
3
25
4
1
1
18
13
2
3
13
2
2
3
34
6
7
2
47
1
4
2
6
2
4
3
71
3
5
1
39
2
4
2
7
1
5
3
34
5
4
2
32
4
6
1
65
2
7
2
65
1
1
2
31
5
2
3
5
5
6
1
28
1
6
3
30
20
7
1
42
2
4
3
61
2
4
1
63
1
2
2
8
2
1
2
65
3
5
3
32
3
3
2
2
1
4
3
49
5
4
3
68
12
4
2
30
1
5
2
68
1
7
1
12
18
6
2
39
4
2
1
49
1
2
2
40
1
2
2
45
2
5
3
65
3
2
2
49
2
4
3
71
2
4
1
68
3
5
1
43
3
4
2
5
2
3
2
40
3
6
1
45
2
2
1
9
14
2
3
63
8
2
3
18
25
6
2
35
3
6
2
71
1
1
1
8
17
1
1
9
2
3
2
11
3
3
1
32
1
3
2
39
3
1
2
14
1
4
2
12
3
2
1
5
2
3
2
61
3
2
2
53
3
2
2
43
2
6
1
5
1
2
1
31
4
5
2
36
5
6
1
22
3
2
2
63
2
4
3
53
6
2
3
1
8
5
1
61
2
4
3
41
3
3
1
32
4
6
1
36
2
7
1
52
3
5
1
4
4
2
1
35
4
5
3
38
12
4
1
45
1
2
1
27
3
6
1
47
2
6
2
37
1
3
2
52
1
3
1
55
1
3
3
3
9
4
3
22
9
1
1
6
1
4
1
60
2
1
3
14
1
3
3
16
3
1
1
2
1
2
2
52
2
2
1
67
2
6
2
45
1
6
2
16
2
7
2
23
3
6
3
6
4
5
1
4
8
7
3
61
9
1
3
60
5
5
2
27
2
3
1
3
7
2
1
23
3
5
2
1
3
6
1
61
1
1
3
67
19
7
1
16
5
7
2
18
3
5
1
55
2
7
2
25
1
5
1
1
3
5
2
44
2
5
3
29
4
5
2
3
1
3
1
18
14
1
1
53
1
5
1
26
3
2
1
7
1
5
1
34
11
6
1
37
2
4
3
18
2
4
1
1
1
3
2
25
2
6
3
37
6
3
2
2
3
5
2
38
4
7
2
14
2
5
1
12
2
5
3
22
12
7
1
33
6
7
1
25
1
6
1
34
6
1
1
40
1
5
3
55
15
4
3
47
3
5
3
52
9
6
1
38
3
3
2
53
1
1
3
13
5
7
3
23
12
7
2
5
3
7
3
16
7
3
2
1
2
2
3
66
2
4
3
63
11
3
1
39
4
3
1
68
2
4
3
2
6
6
1
29
1
6
2
54
2
6
2
38
5
1
1
44
4
7
2
15
1
5
3
42
1
4
2
36
1
4
1
36
1
4
3
29
15
7
2
9
1
1
2
26
2
7
2
12
1
5
3
43
2
7
3
39
2
1
2
34
3
5
1
54
3
1
3
35
4
1
3
68
15
3
2
33
1
6
3
10
18
1
1
14
18
6
3
12
2
2
3
39
3
7
1
10
2
6
3
37
3
5
1
35
3
1
3
44
10
7
1
43
1
7
2
22
2
1
1
6
2
5
2
28
3
2
