3
2
5
7
1
28
2
1
3
30
20
3
3
14
11
4
2
9
2
4
1
42
2
6
3
52
16
4
2
42
4
5
2
13
1
5
3
61
8
3
2
63
3
5
2
39
2
2
3
6
2
7
3
11
21
2
1
32
2
7
3
40
1
2
3
18
5
6
2
11
2
2
1
30
6
6
3
44
8
6
3
67
29
5
1
11
5
3
1
53
2
4
3
29
4
4
1
15
4
5
2
26
1
3
1
18
9
2
1
53
1
4
1
10
5
2
3
42
1
7
3
2
6
6
2
14
2
7
1
65
1
4
1
55
2
3
2
37
3
4
3
17
3
7
1
5
2
1
1
47
1
5
3
7
3
5
1
7
4
3
1
35
3
5
2
47
3
4
2
32
3
2
3
38
8
2
2
4
3
7
3
55
14
6
2
43
1
6
2
52
4
5
1
33
5
2
3
43
6
1
3
39
10
6
1
25
1
3
3
18
19
1
3
61
9
5
1
2
7
6
3
13
5
1
1
9
5
1
2
47
4
6
2
71
1
2
1
35
1
2
3
28
15
1
3
52
2
3
3
49
6
5
3
44
3
4
2
39
3
2
2
17
3
7
3
32
9
5
2
67
2
3
2
10
3
1
3
3
8
5
3
66
9
2
3
60
14
1
3
54
2
5
2
61
2
5
3
7
4
2
3
22
7
6
2
10
1
4
1
22
2
4
2
54
2
6
2
37
4
6
2
67
1
2
2
40
4
5
2
61
3
3
1
16
1
7
1
42
1
5
2
55
1
3
3
4
6
2
3
63
12
5
3
26
6
1
1
25
3
1
2
44
3
6
3
31
26
7
1
49
1
2
2
28
1
3
1
65
2
3
2
49
3
2
3
45
3
1
1
37
2
7
3
6
1
2
3
41
1
3
2
22
3
5
2
18
2
4
2
23
3
5
1
26
3
5
3
17
10
5
2
35
2
3
1
12
13
2
1
44
1
3
3
34
1
4
2
26
3
2
3
71
5
2
1
31
5
6
2
3
2
3
2
2
3
6
3
53
3
3
1
54
3
4
2
16
1
4
1
43
1
5
3
15
11
4
2
7
2
6
3
23
5
3
1
34
1
6
1
66
3
7
2
15
2
5
1
63
1
5
3
25
5
3
1
38
1
6
1
31
13
4
1
1
2
7
3
65
12
1
1
2
6
6
3
1
7
1
3
13
4
2
1
27
2
2
1
7
9
6
1
36
2
7
3
26
1
7
1
40
3
5
2
5
2
3
1
66
2
6
2
2
2
5
1
68
1
2
3
34
11
3
1
5
1
5
3
22
12
7
1
71
3
6
3
32
4
1
2
41
2
4
3
8
4
1
1
68
3
3
2
34
2
1
1
4
2
2
1
44
4
6
3
1
3
6
3
71
1
1
3
29
18
7
2
8
3
2
1
60
1
3
2
27
2
1
3
9
7
2
2
32
2
6
1
3
6
3
2
44
2
2
2
66
3
1
3
68
13
7
1
14
16
4
1
13
4
6
2
12
3
5
3
9
1
7
2
36
1
7
1
22
1
1
3
42
2
1
3
67
9
2
2
28
2
3
3
27
14
2
2
15
1
6
3
36
1
5
2
34
1
7
1
54
1
3
2
53
2
4
2
29
1
2
1
45
2
4
3
60
30
6
2
45
4
3
1
41
1
4
1
55
1
3
3
10
13
1
1
36
1
6
1
45
1
5
3
49
5
3
2
38
1
1
1
18
10
3
1
29
1
1
2
13
3
6
2
9
1
3
2
60
2
5
3
63
2
5
1
40
1
1
3
16
4
3
2
33
3
6
2
35
3
3
1
17
11
2
3
27
3
2
3
23
2
7
1
8
14
6
1
13
2
4
2
33
2
1
1
49
2
5
2
16
2
1
3
38
11
5
2
65
2
4
2
40
1
1
2
68
2
7
1
39
2
1
2
66
1
4
1
16
3
7
2
42
1
7
3
35
3
1
3
54
1
4
1
61
2
5
2
31
2
4
3
35
1
6
1
1
3
1
1
6
1
6
2
29
3
2
3
30
7
7
3
47
5
4
1
63
2
4
1
38
3
5
2
18
1
6
3
39
9
3
3
5
2
5
3
16
8
2
3
53
8
1
2
8
1
2
3
15
12
3
1
8
12
4
1
30
10
5
1
39
4
5
3
40
5
2
3
55
17
3
2
49
4
7
3
4
20
4
1
17
1
5
3
33
20
4
3
11
10
1
2
65
4
1
1
14
6
7
3
66
2
3
1
43
2
5
2
14
3
6
2
25
1
2
3
33
4
6
2
12
1
2
1
52
1
4
3
36
9
7
1
23
2
2
1
34
2
6
2
38
3
3
2
68
4
1
1
3
5
5
2
11
3
5
3
31
22
2
1
23
3
6
2
36
3
1
2
52
2
2
3
65
16
7
1
37
1
1
2
30
3
6
3
12
4
2
1
33
7
3
3
28
10
7
2
41
4
4
2
22
2
6
1
27
3
3
2
17
2
6
1
52
3
3
3
37
1
1
1
15
1
3
1
11
9
7
2
23
1
2
2
43
3
4
3
5
3
1
1
32
5
3
3
10
14
5
1
47
2
7
2
25
2
1
3
3
4
7
1
41
3
1
2
5
3
4
1
4
5
3
2
31
4
2
2
27
3
1
3
37
8
1
3
68
2
2
2
45
2
7
1
26
1
7
2
6
2
4
2
55
2
3
2
54
1
2
2
53
3
6
3
43
4
3
1
9
8
3
1
67
2
3
3
25
4
2
2
6
3
5
2
71
2
7
2
3
3
3
1
29
2
6
1
61
3
1
2
60
3
2
1
67
1
5
2
4
2
5
2
63
2
7
3
45
6
2
2
7
3
1
1
60
2
5
1
6
2
3
1
12
16
5
3
41
2
6
2
1
1
6
3
8
16
1
1
10
3
2
3
12
3
1
1
71
1
2
2
1
3
5
2
30
1
1
3
14
19
4
1
28
3
3
3
47
9
3
