3
8
9
6
3
37
7
4
3
54
2
5
3
15
9
1
3
13
5
6
1
67
2
5
1
9
9
1
1
33
6
2
3
1
9
1
3
26
3
5
3
39
3
1
3
68
3
1
3
5
1
6
2
6
3
4
1
29
3
5
2
45
4
2
2
53
1
5
1
9
1
5
1
45
2
3
3
63
13
1
2
12
2
4
1
33
5
7
1
6
2
1
2
61
1
6
3
13
7
6
3
55
2
7
2
17
1
5
2
42
4
3
2
37
3
3
2
9
2
7
2
6
2
1
3
60
30
2
2
47
2
7
3
29
19
3
2
54
1
5
1
63
1
3
3
12
5
4
1
54
3
3
3
11
15
4
3
7
4
1
3
43
8
7
3
71
1
2
1
2
5
2
2
9
3
6
2
3
2
5
2
60
4
3
2
13
3
2
2
42
1
2
3
2
12
6
1
38
2
6
3
60
19
4
3
44
5
1
1
3
3
5
2
29
2
2
1
28
3
7
1
40
2
2
2
55
2
2
1
67
3
4
3
6
3
7
3
41
2
7
2
36
5
1
1
61
1
5
1
16
7
5
3
68
10
7
1
41
3
1
3
67
25
7
3
28
14
4
3
38
8
7
3
45
4
7
1
13
6
4
1
23
3
5
1
71
3
7
2
28
3
4
1
11
12
1
3
12
6
7
1
17
7
3
2
71
2
2
3
22
2
4
2
25
2
2
1
25
3
1
2
68
2
4
1
1
2
1
2
32
1
2
1
43
1
3
1
17
2
2
2
68
4
2
1
5
2
7
3
53
2
6
3
66
5
6
1
42
1
2
2
33
2
2
2
44
5
5
2
52
4
2
3
61
4
4
2
47
1
7
1
31
10
3
2
23
2
5
3
16
6
6
1
30
3
6
2
52
1
5
2
34
1
4
1
3
9
4
1
22
2
2
1
23
2
1
3
33
19
7
3
7
2
3
2
18
1
2
2
67
1
4
1
39
3
3
3
52
1
7
3
36
8
4
2
2
1
7
1
8
13
3
2
33
1
1
3
31
7
5
3
17
3
6
2
22
1
1
2
53
3
4
1
22
3
7
2
36
3
1
1
49
1
6
1
15
4
5
2
5
1
5
3
9
12
5
1
36
1
4
3
44
3
5
2
41
1
6
2
35
1
6
2
38
4
1
3
43
2
5
3
40
2
1
1
35
2
1
1
47
2
6
2
40
3
6
2
17
3
1
3
25
1
3
2
43
4
6
1
4
7
1
2
55
1
7
1
63
2
6
2
27
2
6
1
27
3
3
1
53
2
6
3
35
5
1
1
10
5
4
1
49
2
4
2
1
1
4
3
34
1
5
1
68
1
2
1
44
4
4
3
66
7
7
2
31
3
5
2
67
2
7
2
5
2
4
1
18
3
7
2
7
1
1
2
63
1
7
2
10
3
4
1
12
4
4
1
4
5
4
2
66
2
6
2
44
4
2
1
65
2
2
1
26
3
5
1
8
16
1
1
34
3
7
3
39
8
7
1
30
20
4
1
5
1
4
3
61
1
5
1
42
2
4
3
49
7
4
1
66
1
5
3
5
2
6
1
13
3
7
3
42
1
3
2
45
3
6
1
47
1
1
3
28
11
3
3
54
1
6
2
25
1
2
3
52
15
1
3
4
7
4
1
39
4
2
3
16
1
7
2
30
3
6
2
30
2
6
3
65
5
1
3
35
3
6
1
27
1
2
2
61
2
6
1
60
1
3
2
15
1
4
1
15
1
5
2
7
3
6
3
11
26
1
3
31
21
6
3
30
15
7
1
14
8
6
2
23
3
7
3
32
10
2
1
37
2
7
2
54
2
1
3
55
16
1
2
16
1
2
3
32
1
1
1
40
3
4
3
30
8
2
2
11
1
7
3
37
1
5
3
26
7
5
3
53
6
7
3
45
3
1
3
17
2
7
1
71
1
1
1
68
2
4
1
55
1
1
3
33
4
3
3
71
3
2
3
25
7
5
3
27
16
4
1
7
1
1
2
66
3
2
1
16
6
5
3
41
3
4
2
8
1
3
1
28
2
5
2
12
1
1
1
26
1
4
2
37
2
2
2
29
3
5
1
61
2
1
2
35
2
7
1
35
4
4
2
18
4
4
3
6
6
5
2
14
3
3
3
9
27
4
1
10
6
4
1
60
2
3
1
44
1
2
3
22
8
4
3
34
10
5
3
40
6
5
1
52
2
6
3
67
35
1
3
3
3
4
3
14
11
5
1
34
4
5
2
31
4
5
1
37
1
5
3
38
4
4
2
26
3
5
1
1
3
3
3
10
5
4
1
11
11
3
3
3
1
6
1
54
1
2
1
38
1
2
2
15
2
7
2
28
1
1
2
40
4
4
3
1
5
4
1
41
1
7
3
42
3
5
2
60
1
1
1
53
1
6
2
63
3
5
3
14
6
7
2
13
1
6
1
2
1
3
2
4
3
1
3
23
17
7
3
8
5
1
2
10
2
4
3
15
3
4
2
26
2
2
3
27
7
3
1
14
7
7
3
23
9
6
2
1
2
4
2
8
3
2
3
65
8
1
1
65
1
2
1
66
2
5
1
29
2
5
2
16
3
6
1
7
9
1
3
36
15
7
2
71
1
1
1
25
1
5
3
10
7
7
1
6
1
6
2
2
2
2
2
43
5
1
2
65
1
2
2
65
2
6
1
31
18
6
2
14
1
2
1
12
2
2
2
4
2
4
1
18
9
1
1
32
5
6
1
32
7
2
2
38
5
6
3
4
28
1
1
52
1
2
2
49
2
3
2
27
1
5
2
22
2
5
3
29
1
7
2
49
1
2
1
36
2
5
3
47
8
2
2
39
1
6
3
18
20
5
1
55
2
2
2
41
2
2
1
43
3
2
1
45
1
2
2
3
3
7
3
2
2
3
3
18
24
4
3
63
2
7
3
47
9
7
2
11
3
1
2
32
4
7
2
39
4
7
2
34
2
2
3
49
3
2
