1
35
2
2
2
43
5
7
1
65
2
4
1
60
1
1
2
68
2
5
2
43
4
7
3
53
1
3
3
7
4
2
2
52
2
2
3
38
11
3
2
38
3
5
3
36
3
1
1
27
1
2
1
52
1
6
2
13
1
1
3
3
6
4
1
35
3
1
2
67
1
3
2
22
2
2
1
28
1
3
3
54
2
7
3
52
17
3
1
36
3
5
2
49
2
2
2
4
2
2
3
27
14
1
3
67
9
4
3
1
6
4
3
67
34
6
1
42
1
5
2
33
3
5
3
45
5
2
1
5
1
7
1
41
2
6
2
9
3
1
1
11
6
1
3
12
7
3
2
35
1
3
2
60
4
1
2
28
3
1
2
38
4
7
3
42
2
1
2
61
1
2
1
13
3
4
1
14
4
4
2
40
2
1
2
10
3
3
3
15
3
3
1
8
14
5
1
9
10
1
2
52
5
2
3
32
6
6
2
1
3
4
3
49
8
4
2
61
2
6
3
36
6
2
1
29
2
6
3
16
3
7
3
61
5
3
1
15
1
7
1
44
3
3
3
55
14
4
3
4
4
4
2
41
2
5
3
17
10
5
2
8
1
4
2
18
4
1
1
8
10
1
1
44
1
4
1
71
1
7
3
10
6
4
2
42
2
1
1
18
15
3
2
29
3
3
2
17
3
7
2
71
1
3
2
8
2
6
1
22
2
4
2
9
2
2
1
26
2
7
3
27
5
3
1
40
2
1
1
45
2
5
3
71
3
5
3
40
3
5
3
31
11
2
3
54
1
2
2
13
2
1
1
30
14
1
3
61
7
6
1
11
9
4
1
16
4
4
2
42
3
3
3
28
15
7
2
2
2
3
1
43
2
7
1
60
2
6
3
10
2
5
3
43
2
3
2
16
3
3
1
45
1
6
3
39
1
5
3
30
7
3
1
55
1
1
2
71
3
6
3
5
2
6
1
15
5
3
2
30
5
1
2
54
1
7
2
5
1
3
2
31
2
4
1
53
2
1
3
15
14
3
3
42
1
1
1
41
1
3
3
71
2
6
3
29
13
6
1
10
2
5
3
6
3
3
3
31
18
1
1
55
2
1
2
12
2
1
2
53
1
4
1
23
3
2
1
34
3
5
2
1
2
7
3
7
2
5
3
32
2
4
3
9
10
4
3
49
7
4
3
40
6
2
2
55
3
6
3
47
9
3
1
31
18
3
1
30
13
3
2
45
2
1
3
35
6
7
1
34
11
6
2
37
1
6
1
63
1
5
3
11
17
1
1
4
1
5
3
14
12
5
1
1
1
3
1
32
4
4
1
14
1
7
1
17
16
2
2
25
3
1
2
29
2
4
2
15
2
4
3
39
5
6
1
12
15
2
2
14
2
2
2
34
2
6
1
39
4
1
1
66
1
5
2
68
4
2
2
31
5
5
2
55
1
2
2
54
2
3
2
41
4
7
3
6
2
5
3
11
8
4
1
32
3
7
1
17
2
4
1
37
2
2
3
60
7
7
1
23
1
1
3
5
5
4
3
65
19
1
3
33
13
2
2
39
2
5
2
7
3
1
1
29
1
5
2
44
2
7
1
63
2
1
1
38
2
4
2
23
3
5
2
67
2
1
1
28
2
5
3
13
4
1
1
27
2
3
1
66
3
1
2
26
3
1
1
68
1
5
2
25
2
2
1
49
2
5
1
33
8
1
1
25
3
3
3
43
3
2
3
2
10
6
1
5
2
1
2
47
2
2
2
14
1
6
3
17
8
3
3
8
18
5
1
7
10
5
2
63
3
6
1
4
8
2
1
3
9
6
2
66
1
2
3
18
9
2
3
13
1
2
2
16
1
5
3
28
16
1
2
33
2
4
3
9
24
3
2
35
2
4
1
49
1
1
2
27
3
6
3
12
6
2
3
23
7
2
3
4
22
4
2
6
2
4
3
41
1
1
2
11
1
7
3
33
3
2
1
42
2
5
2
27
2
4
2
12
3
2
2
66
2
4
1
40
1
3
2
36
2
1
1
18
2
2
3
14
6
6
1
7
9
6
1
71
2
3
2
15
3
2
3
22
11
4
2
7
1
7
3
37
7
3
1
38
1
6
3
47
3
2
3
65
3
7
1
65
1
3
1
33
2
1
2
17
1
1
2
2
3
7
1
68
3
6
3
63
2
5
1
61
2
2
1
52
3
7
1
3
1
4
2
26
4
1
3
60
5
5
2
23
2
5
1
39
3
5
2
40
4
6
1
16
3
6
1
25
1
5
2
45
3
5
3
45
4
3
3
22
10
4
3
18
8
1
2
53
2
2
3
1
2
5
1
67
1
1
2
4
3
5
1
2
4
4
1
54
3
4
3
44
6
3
2
11
2
3
3
37
4
3
1
26
3
4
3
38
3
6
3
55
17
2
3
34
11
3
2
49
1
1
2
37
2
5
1
31
17
4
3
26
5
6
2
10
1
6
3
53
3
7
2
5
2
2
2
28
1
7
3
26
4
5
3
41
2
7
1
6
2
7
2
60
3
1
2
63
2
2
2
65
4
5
2
44
4
7
3
68
4
5
3
23
10
1
3
8
15
6
3
52
16
4
3
3
3
6
1
6
1
2
3
66
4
6
2
32
4
4
1
13
8
5
2
36
3
6
3
68
7
3
2
32
1
1
2
18
3
1
2
47
4
2
2
65
3
2
1
36
2
6
3
25
1
3
3
29
18
6
1
12
7
4
2
22
3
5
2
39
4
1
1
2
3
6
1
61
3
6
3
44
10
4
3
16
7
4
2
34
3
5
1
37
1
5
3
63
5
4
1
10
4
7
3
35
2
3
1
54
2
1
2
3
3
5
1
1
2
4
1
43
3
5
2
6
3
3
2
30
2
5
3
66
6
5
1
53
1
4
1
9
5
7
2
3
1
6
3
2
1
1
1
47
1
3
1
67
3
1
1
22
1
6
3
34
3
3
1
47
3
7
3
25
8
1
3
30
16
5
