2
40
3
3
1
17
14
4
3
32
2
2
3
61
2
3
1
15
5
1
3
8
1
6
2
1
3
5
2
4
3
1
2
49
2
4
1
60
1
4
2
49
4
5
1
28
3
4
2
6
2
6
2
22
1
2
1
37
1
5
2
36
4
3
2
13
3
4
1
65
1
2
1
53
2
5
2
8
1
5
3
22
8
1
2
25
2
5
3
32
8
3
3
30
1
3
2
33
2
6
2
45
3
3
3
49
2
5
1
68
3
3
2
53
1
1
3
11
11
1
3
41
2
2
1
49
2
5
3
25
3
6
2
38
2
7
1
44
3
4
2
8
2
4
3
44
6
1
1
40
1
3
1
1
2
7
3
35
1
4
1
16
3
1
2
41
4
5
3
6
3
3
3
47
10
2
2
26
1
3
3
15
13
7
1
33
8
7
1
5
1
2
3
25
5
3
1
13
5
4
3
43
7
2
1
23
1
2
2
28
2
7
2
37
3
5
2
5
1
5
3
55
15
3
1
4
7
2
2
2
3
5
3
7
4
4
3
31
4
3
1
5
2
6
1
13
6
7
2
66
2
4
2
11
1
5
1
43
3
5
3
17
5
6
1
15
3
6
2
26
3
2
2
39
4
1
3
15
14
7
1
32
3
6
1
41
1
2
3
2
9
4
3
30
7
5
3
53
5
4
2
31
4
1
3
16
5
2
2
36
2
7
1
35
1
4
1
41
2
4
3
39
3
2
1
35
4
3
2
40
2
4
3
1
2
3
2
37
4
3
1
11
11
7
2
16
1
7
1
8
8
3
3
68
6
5
2
71
3
1
1
30
3
5
1
42
1
2
3
37
8
1
1
60
2
4
2
68
3
4
2
39
3
6
3
8
14
6
3
67
20
5
2
13
1
3
3
65
17
1
1
65
2
3
2
17
2
7
1
16
1
6
3
63
1
3
2
23
3
3
3
45
7
7
2
9
2
4
2
41
5
2
2
11
3
5
2
47
1
6
1
53
1
5
2
27
3
6
2
12
2
2
2
43
4
6
1
26
3
7
1
54
1
4
3
26
7
1
2
31
1
1
2
4
1
6
1
9
13
2
1
66
2
6
1
63
2
2
2
23
2
1
3
22
11
4
1
43
1
6
3
14
14
4
3
12
2
2
1
49
1
6
2
7
3
5
1
29
3
6
3
53
3
1
2
12
1
3
1
34
10
6
1
38
2
7
1
39
1
4
2
54
1
2
3
27
16
6
3
35
4
2
3
54
1
3
3
68
17
2
3
28
7
6
2
32
4
4
2
3
1
6
1
7
2
1
3
44
2
7
1
23
2
1
3
52
18
6
1
37
2
2
2
67
2
6
1
11
6
1
1
33
1
7
2
53
3
3
2
2
1
5
2
9
1
4
3
17
15
7
3
67
37
4
3
23
4
3
1
10
2
7
2
61
1
1
3
4
20
4
3
34
6
6
3
60
22
4
2
14
2
2
1
25
1
3
1
61
3
7
2
44
4
4
1
8
15
3
3
40
6
3
2
10
3
5
1
40
2
7
2
65
1
2
3
11
24
6
3
34
10
2
2
25
1
6
1
30
7
7
3
52
5
5
3
29
19
6
2
32
2
1
2
44
2
7
2
43
3
5
2
61
2
2
1
6
1
3
3
38
6
1
1
31
4
7
1
27
3
4
2
42
1
7
1
25
3
2
1
44
2
1
1
54
2
2
1
9
8
2
2
27
1
2
1
14
19
2
2
60
2
2
3
7
1
4
2
66
3
5
1
7
5
2
2
55
2
5
2
29
3
5
3
60
29
3
3
26
4
6
3
2
8
2
3
9
3
7
3
27
6
5
1
1
1
7
1
45
2
6
3
65
8
2
2
10
2
2
2
1
1
3
1
6
2
1
2
60
4
7
2
28
3
5
1
67
3
6
2
29
2
4
2
52
2
5
3
29
10
7
1
63
1
7
3
4
23
4
2
52
3
6
3
43
6
2
2
55
1
7
3
3
6
3
1
34
6
4
3
5
2
5
2
15
2
2
2
14
3
6
3
66
9
5
1
71
1
6
3
3
5
2
3
55
14
4
3
37
7
5
1
4
8
3
1
68
1
6
2
18
3
4
3
10
2
6
3
42
2
2
3
42
4
5
2
30
4
6
1
18
1
4
3
16
1
6
2
5
3
4
1
14
12
1
3
18
12
3
3
36
15
7
3
5
5
2
3
47
1
5
1
3
5
7
1
52
2
1
3
13
9
3
2
22
3
4
1
31
1
4
1
39
3
6
2
3
3
2
3
14
6
2
3
1
4
4
2
16
3
2
3
9
8
7
1
45
1
2
1
52
3
7
3
6
4
2
1
36
3
2
3
33
16
5
2
65
2
4
1
55
2
6
2
17
3
6
1
66
3
2
3
49
7
6
1
71
2
4
2
47
2
6
3
36
6
4
2
7
2
6
1
22
2
2
3
18
3
5
3
12
3
5
1
47
3
2
3
41
1
6
1
2
4
7
3
63
7
7
1
3
7
4
1
22
1
5
2
71
2
6
3
33
20
4
2
34
1
4
3
61
11
2
2
35
2
6
1
32
2
7
1
38
1
6
2
63
3
3
1
10
1
4
2
42
4
5
1
61
1
3
1
67
1
5
1
26
2
4
3
13
4
3
1
12
8
5
2
54
2
2
2
68
2
5
3
71
2
5
2
6
1
7
3
54
2
1
2
15
1
5
1
2
2
7
3
38
5
5
2
45
1
5
1
28
2
1
1
17
11
1
2
33
3
6
3
39
6
4
3
45
5
7
2
38
5
4
1
42
2
6
2
34
2
1
2
67
1
3
1
18
7
7
3
10
4
5
3
28
16
7
2
35
3
1
2
63
2
1
3
66
2
4
1
29
2
7
1
47
1
3
1
27
2
3
1
55
1
7
2
30
3
5
3
40
4
4
1
12
4
3
2
18
4
6
1
36
1
1
3
31
28
1
3
23
17
7
3
71
5
3
