3
22
4
6
1
12
11
5
1
35
1
7
1
28
2
1
1
13
2
1
2
36
5
7
1
2
3
4
2
9
3
1
3
63
5
7
2
25
1
2
1
14
20
5
2
16
2
3
2
8
3
5
2
40
3
4
2
15
1
5
2
33
1
1
2
68
1
4
3
30
9
6
1
26
3
2
3
28
7
3
1
22
2
7
1
14
1
6
2
41
5
7
3
17
17
6
2
55
1
7
3
65
14
1
2
67
1
1
1
31
9
7
1
61
2
1
1
39
3
1
1
11
5
6
3
44
9
4
2
71
3
7
3
7
3
6
1
63
2
5
3
41
1
1
1
35
4
6
1
25
2
3
2
61
1
5
1
16
6
6
1
54
1
7
2
65
2
5
3
26
9
1
1
23
1
1
3
2
7
6
3
30
14
2
2
17
1
6
1
37
1
1
1
3
3
6
1
55
1
3
1
31
15
5
1
16
7
5
3
9
17
3
3
32
4
7
3
8
10
2
3
66
9
7
2
42
1
2
3
37
5
2
3
52
1
4
2
49
1
5
2
41
3
5
3
3
2
2
3
47
7
4
1
7
8
5
3
38
3
2
1
15
4
7
1
71
1
1
1
60
2
5
2
60
2
6
3
40
6
6
1
13
5
3
3
63
1
1
1
1
3
2
3
33
13
3
1
22
1
6
2
52
6
6
3
55
9
1
3
2
11
5
2
2
2
1
2
12
1
7
2
38
4
6
3
13
9
4
3
36
10
7
3
66
8
6
2
29
3
5
2
10
3
6
3
47
3
3
1
71
2
5
3
52
10
7
3
1
10
6
2
54
1
7
3
11
10
1
1
38
1
6
1
39
4
2
2
45
2
4
2
27
3
7
2
53
3
5
3
27
9
6
3
40
5
6
3
11
20
6
2
1
3
7
1
49
1
1
1
32
3
4
3
45
5
1
2
42
2
2
2
34
1
4
2
23
2
3
3
5
4
1
1
52
2
3
3
42
2
7
3
39
2
6
2
3
2
5
3
29
17
3
1
45
1
1
1
30
18
1
3
38
9
5
3
43
5
1
1
49
2
4
3
18
22
4
1
66
3
5
2
13
1
2
1
65
2
4
1
67
3
2
1
47
1
6
2
14
3
7
1
34
7
4
1
8
4
3
2
3
1
3
1
55
2
2
1
43
3
7
2
11
3
3
2
32
2
7
2
4
3
7
2
31
2
3
1
36
1
6
1
6
2
7
1
29
1
5
3
14
14
2
1
68
1
2
1
44
2
4
1
34
8
1
1
54
2
3
3
1
2
7
3
43
6
5
3
23
7
7
2
5
1
6
2
65
1
3
2
13
3
6
1
53
1
5
2
47
4
3
1
18
6
3
2
60
1
7
1
33
5
7
2
11
2
6
2
28
2
1
1
33
1
1
2
12
3
2
3
31
14
5
2
7
2
3
2
36
4
3
2
39
3
3
1
3
7
1
2
30
5
4
3
15
17
6
1
43
2
2
3
3
3
1
2
44
2
5
2
28
1
3
1
7
11
1
1
41
2
1
1
66
1
1
2
32
3
3
2
30
3
4
3
35
1
7
2
4
1
5
1
5
1
5
3
67
38
5
1
37
2
2
1
25
1
5
1
18
4
3
3
17
16
6
2
6
3
7
2
34
2
7
1
10
5
5
2
35
2
2
3
31
17
2
3
53
7
4
2
31
3
5
2
49
2
4
1
29
3
2
2
39
1
7
3
34
4
4
3
68
13
5
3
27
13
2
3
16
3
3
2
43
1
7
1
15
1
6
2
35
3
5
1
11
6
4
1
52
3
1
1
45
2
5
3
37
2
2
1
5
2
4
1
27
1
5
2
61
2
5
3
36
7
2
3
12
2
6
2
33
2
7
1
63
1
4
2
9
2
1
1
10
7
7
1
30
19
2
2
29
2
7
3
25
9
2
1
1
2
3
3
18
23
5
2
71
1
5
3
55
14
3
2
23
3
5
3
44
4
6
1
44
1
7
3
12
4
4
3
4
18
3
2
5
2
6
2
14
2
2
3
35
5
2
2
1
1
7
2
66
1
7
3
34
7
7
3
4
21
7
1
32
1
5
1
27
2
5
3
25
3
5
3
41
4
5
1
40
3
5
2
37
4
5
3
8
19
6
1
68
3
1
3
60
27
2
1
2
5
5
1
9
2
2
2
7
1
4
2
27
1
1
2
66
3
1
2
68
4
5
2
15
3
5
3
49
7
2
2
37
3
4
2
22
2
5
2
53
2
2
1
67
2
1
3
33
22
3
1
4
8
4
1
41
1
4
2
8
1
1
2
44
4
4
3
65
21
2
3
45
3
6
3
68
16
5
1
47
3
3
1
26
2
2
3
54
1
1
3
28
11
5
3
6
6
1
3
71
1
3
3
29
5
7
1
60
1
3
2
6
2
5
2
54
2
2
3
5
5
7
3
42
4
6
3
67
26
5
3
10
6
6
2
18
3
5
2
52
5
5
2
10
2
7
1
9
4
4
1
17
3
1
2
26
4
4
2
16
3
3
2
25
2
4
3
9
4
6
1
8
16
2
2
18
2
5
3
22
8
1
3
61
2
2
2
55
3
4
2
26
2
7
3
39
8
3
3
23
17
4
3
16
8
6
1
42
2
6
2
63
2
6
2
22
3
4
2
38
3
1
1
12
15
3
3
49
2
6
3
60
25
1
3
6
3
1
1
42
1
5
2
45
4
7
1
23
2
7
3
54
2
1
2
43
2
1
1
17
7
3
2
40
2
2
3
15
9
6
3
7
4
2
1
38
3
6
3
14
8
6
2
67
2
6
1
6
1
6
3
71
4
4
1
36
2
2
1
65
1
6
3
53
2
6
2
2
1
4
2
47
3
1
1
53
2
6
1
61
1
7
3
13
8
1
1
40
1
3
3
10
11
1
3
26
1
4
3
32
11
6
3
61
11
6
1
4
1
4
2
17
3
7
2
63
1
4
1
28
3
6
