1
52
1
4
1
9
8
2
1
33
5
6
3
43
5
7
1
27
3
7
2
42
2
1
2
15
3
1
1
23
2
6
1
23
3
7
1
30
3
7
2
71
3
5
1
66
3
1
3
15
6
6
1
47
3
2
2
37
1
7
1
1
2
6
3
38
4
4
2
44
3
4
3
61
6
3
1
33
3
3
3
55
17
6
1
49
2
1
3
32
1
5
3
28
16
2
3
5
3
7
3
8
16
2
2
12
2
5
3
5
2
4
2
66
1
3
2
8
3
6
1
63
2
5
1
7
5
4
1
34
8
6
2
6
2
7
3
40
6
7
1
68
1
4
3
49
5
1
2
2
3
5
3
16
4
2
2
13
1
7
3
35
3
2
1
3
8
3
3
14
5
3
1
71
2
4
1
15
4
7
2
41
2
2
1
67
3
6
1
36
1
6
3
30
8
5
2
53
3
5
2
61
3
3
3
36
9
2
3
55
11
3
1
25
2
4
2
8
2
7
2
34
2
3
2
6
3
4
3
4
27
6
1
67
2
7
3
22
9
5
1
29
2
1
3
1
3
3
1
54
3
6
3
34
11
6
2
42
4
7
1
16
4
3
3
44
10
7
1
55
2
2
3
39
3
1
3
41
2
7
2
18
2
1
2
16
3
6
1
5
2
1
3
54
2
4
1
35
4
6
2
1
2
3
1
14
10
7
1
66
1
4
3
11
20
3
1
41
3
2
2
17
2
3
2
43
5
7
2
9
2
5
3
11
14
1
3
53
4
6
2
14
1
5
1
37
2
3
1
40
2
3
1
31
13
6
3
15
2
1
3
65
4
7
1
18
2
7
2
31
5
7
2
71
2
5
3
44
1
5
2
40
4
6
1
5
1
5
2
26
2
4
3
2
4
2
2
52
1
6
2
54
2
2
2
38
5
5
3
7
4
6
2
9
3
6
3
34
3
2
2
66
3
2
2
37
3
6
3
29
12
7
2
34
3
4
1
8
2
4
3
52
7
6
2
5
3
7
3
37
5
2
2
3
3
5
3
54
1
6
1
3
2
7
2
40
2
1
2
26
4
6
1
32
7
2
1
53
1
7
3
10
18
3
2
33
1
1
1
16
3
3
3
38
12
1
2
63
2
2
2
61
2
5
2
55
2
3
1
55
1
2
3
17
9
7
1
65
2
5
1
10
6
1
1
29
3
6
2
28
1
7
3
16
8
3
1
45
1
4
1
68
2
2
2
60
2
2
1
15
3
2
3
63
5
7
1
37
1
5
1
42
2
4
3
8
8
1
2
29
1
7
1
28
3
4
2
25
1
7
1
13
3
7
2
16
2
4
2
33
2
5
2
68
1
4
2
65
1
5
3
66
8
5
1
47
1
6
3
52
4
1
2
52
6
1
1
39
3
2
1
40
3
3
3
49
3
5
3
42
4
7
1
9
14
1
2
43
2
2
3
35
7
3
3
18
3
6
2
41
3
1
2
63
1
2
1
7
6
5
2
67
2
5
1
25
3
5
3
30
13
7
2
47
1
2
1
35
2
4
1
1
1
3
3
13
6
1
1
61
3
6
1
22
1
6
3
3
9
1
3
7
3
6
1
63
1
5
2
68
2
4
2
15
2
4
2
36
2
3
3
39
6
1
3
67
8
3
2
55
1
4
1
39
4
2
2
38
1
7
2
22
3
7
3
60
25
4
3
12
2
2
1
6
1
4
2
32
2
5
1
2
5
3
1
8
5
3
2
49
2
5
1
6
2
3
1
10
1
4
3
71
4
5
1
71
1
1
2
10
2
5
1
42
1
1
3
29
13
7
2
4
3
3
1
12
2
5
1
31
1
7
1
12
10
6
3
17
15
3
1
36
2
7
1
38
1
4
2
30
5
2
1
44
2
4
3
47
5
3
1
53
2
1
3
27
8
4
2
35
3
5
2
11
3
2
2
30
1
4
2
2
2
4
3
25
4
4
1
38
2
4
1
17
7
7
3
14
22
4
3
68
11
6
2
25
2
3
3
37
3
4
3
67
29
7
3
31
17
3
2
22
2
2
3
22
7
3
1
43
2
1
3
47
1
4
1
52
2
6
1
45
2
7
3
12
6
7
3
26
12
1
1
18
5
7
3
4
16
5
3
9
9
2
2
27
1
7
3
28
13
6
2
7
2
3
1
34
10
7
2
7
1
1
1
41
1
4
1
13
8
1
3
33
16
1
3
63
2
4
2
1
3
5
2
5
2
5
1
4
5
1
3
61
7
7
2
67
1
3
1
17
8
5
2
49
4
5
2
44
1
5
2
45
1
5
3
40
2
4
1
43
3
6
2
29
2
1
2
39
2
6
3
25
9
4
2
17
3
6
2
54
1
6
3
1
5
7
3
23
18
1
2
12
1
7
1
60
2
4
1
22
3
2
2
18
3
6
3
10
8
7
2
47
2
3
2
10
1
6
2
13
3
1
3
31
2
1
3
45
5
6
3
32
2
1
2
11
2
6
1
28
1
7
1
54
2
7
1
14
8
3
3
43
6
3
3
33
18
7
3
66
1
6
2
65
2
3
3
65
6
6
2
27
3
7
2
4
1
7
1
44
1
6
3
6
6
4
2
39
3
4
2
28
3
3
3
27
2
3
1
11
12
5
3
68
7
2
2
3
1
3
1
60
1
7
3
9
14
6
3
2
1
7
1
65
1
6
1
26
1
2
3
6
4
3
3
53
5
2
3
23
1
2
3
3
6
4
1
27
2
2
1
26
3
1
3
42
2
5
2
31
1
5
2
23
2
2
1
32
5
7
1
4
1
4
1
11
4
3
2
60
1
4
2
14
2
6
2
35
2
6
3
13
4
1
3
45
1
4
3
36
2
2
2
45
3
1
2
36
1
1
1
61
2
1
1
30
1
3
2
32
4
7
2
23
1
3
1
49
1
4
1
2
4
3
3
41
3
5
3
71
1
5
2
53
2
6
3
26
2
3
3
18
15
5
3
60
29
6
