3
8
13
4
2
68
3
2
3
9
15
7
2
32
1
3
3
6
1
2
2
1
3
3
2
14
2
6
1
44
1
3
1
17
8
1
2
41
3
3
2
34
1
4
2
29
2
5
2
37
1
2
3
3
4
5
1
33
3
7
2
66
2
5
2
47
4
2
3
18
24
7
1
2
1
5
2
11
2
3
2
35
3
1
1
71
3
5
2
22
1
2
1
6
2
4
1
28
3
7
1
39
1
5
3
33
22
5
3
26
2
6
2
43
5
6
3
45
1
5
1
52
3
7
2
41
5
5
2
10
2
1
2
12
1
7
1
41
3
7
1
47
3
5
1
11
12
4
2
17
3
3
2
4
1
5
1
49
2
1
3
10
11
4
2
42
1
1
3
42
2
2
1
9
6
3
3
9
22
2
1
17
12
6
1
63
1
7
1
36
2
2
1
43
3
2
2
15
2
1
3
29
10
7
3
66
2
6
2
42
2
3
1
45
1
4
2
66
3
6
3
7
2
1
3
52
11
4
3
47
2
4
2
4
3
4
3
54
1
5
1
37
1
3
1
8
2
2
1
27
1
6
2
2
3
5
2
9
3
5
3
53
3
6
2
27
1
6
2
54
2
4
3
35
1
2
3
22
7
6
1
38
2
6
1
8
8
1
2
36
5
7
1
5
2
2
2
29
1
3
3
27
13
6
2
18
2
7
1
25
3
6
2
67
1
3
1
35
3
7
2
31
4
5
2
13
2
5
2
63
3
1
2
5
2
6
1
18
1
6
1
40
3
2
1
30
15
4
3
67
24
6
1
34
3
3
3
15
5
1
2
22
3
2
3
17
7
7
3
27
16
2
3
39
7
7
2
8
2
1
2
40
2
7
2
44
4
3
3
33
4
5
1
40
1
7
1
3
6
6
3
65
15
1
3
38
6
1
1
23
2
5
2
37
2
3
1
6
1
7
1
52
2
7
2
17
2
7
3
1
1
7
2
43
1
5
2
23
3
6
3
37
11
5
1
35
2
2
1
42
1
7
1
60
1
5
2
34
2
6
2
16
2
7
1
18
14
3
3
68
9
1
1
49
1
2
1
34
1
4
1
33
4
6
1
53
1
5
3
17
3
6
1
66
1
4
1
16
4
3
3
66
7
1
1
10
3
4
1
27
2
5
2
23
2
1
3
10
25
2
3
61
3
2
1
43
1
7
2
1
1
5
3
36
15
3
3
44
4
2
3
49
7
3
3
23
2
4
3
14
23
6
2
13
1
2
3
63
9
5
2
7
2
2
2
26
1
7
2
18
1
2
3
67
1
6
3
55
1
6
1
5
1
7
3
18
25
4
3
12
3
4
3
31
27
4
2
63
2
7
3
28
3
4
2
6
3
7
1
67
2
6
1
54
3
4
2
26
4
3
1
7
9
3
1
45
2
3
3
68
12
1
2
71
2
5
1
61
3
2
3
49
2
2
3
55
14
1
2
67
2
7
3
2
12
6
1
53
2
3
1
61
1
4
1
41
1
6
3
60
2
5
1
67
1
2
1
68
3
7
1
54
2
2
3
54
2
2
2
3
3
2
2
33
1
7
1
14
8
5
3
7
1
4
1
36
1
2
3
25
1
1
1
29
1
5
2
28
3
6
1
55
2
4
1
42
2
4
1
9
13
5
2
53
1
7
1
65
1
7
1
66
3
2
2
30
5
2
3
38
5
1
2
52
7
1
3
36
13
2
1
7
1
2
1
32
6
1
1
68
2
4
3
65
17
5
1
3
7
6
1
12
4
2
2
36
4
4
3
3
3
7
2
35
2
7
1
4
7
5
2
15
1
1
1
37
2
3
3
37
3
4
2
16
3
2
2
45
2
5
3
30
7
6
2
65
4
7
1
26
3
4
2
32
3
6
1
28
1
4
3
2
6
2
1
31
7
5
2
61
2
6
1
4
4
3
2
55
3
4
1
38
3
1
3
23
11
4
3
41
1
2
3
52
10
6
2
44
5
1
3
32
8
1
2
11
1
5
3
31
13
4
3
60
7
1
1
14
7
6
3
43
1
4
3
45
4
2
3
11
21
2
2
49
3
7
3
5
5
7
3
53
1
5
2
52
3
3
1
11
9
7
2
3
2
7
2
30
4
3
2
55
2
2
3
29
17
6
2
2
1
4
3
8
11
7
2
14
1
5
1
2
4
2
1
10
8
5
3
40
2
1
1
31
3
7
1
15
5
5
3
61
9
7
2
38
4
6
3
32
4
4
3
4
7
3
2
54
1
6
1
60
2
4
3
63
3
1
1
23
1
4
3
14
17
7
3
44
10
1
3
13
2
4
2
71
1
4
1
22
1
7
3
43
8
1
1
1
3
2
3
25
7
7
2
25
1
1
2
7
3
7
3
47
5
2
2
47
1
4
2
40
1
3
1
22
3
7
3
41
4
3
3
30
11
6
3
4
17
5
2
68
2
7
1
44
3
2
1
25
1
3
2
45
4
6
2
10
3
1
1
1
2
2
3
71
5
2
2
8
3
5
1
39
2
2
2
60
2
7
1
26
1
2
3
12
6
1
1
32
1
2
3
16
5
3
1
30
11
3
2
5
1
6
2
60
1
1
2
33
3
5
2
12
3
1
1
13
9
5
3
35
4
2
2
9
2
2
3
5
3
7
2
49
4
4
2
28
2
6
3
16
4
2
1
13
7
1
3
13
1
5
2
65
3
5
3
26
11
5
3
34
6
1
3
34
7
5
3
39
8
1
1
55
1
6
3
6
3
5
3
11
4
2
2
25
3
3
2
31
3
3
2
39
2
5
1
71
1
7
3
40
4
3
2
39
1
3
1
15
1
7
1
12
2
2
1
63
2
2
3
42
4
1
2
6
2
5
1
47
2
6
3
15
2
5
2
27
3
7
2
38
5
5
2
53
3
5
3
1
9
3
1
16
5
5
3
22
6
5
1
65
2
3
2
61
1
3
3
71
3
6
3
28
14
4
1
29
2
5
