2
7
3
3
3
55
5
3
2
49
4
1
1
32
3
6
1
15
4
3
2
47
4
7
1
25
2
1
1
38
2
6
2
66
1
5
3
32
8
7
1
63
1
5
3
49
1
2
2
32
3
1
3
22
8
5
1
18
11
4
3
66
8
2
3
25
1
6
2
29
3
2
3
14
18
6
2
40
4
2
3
44
3
4
3
67
28
2
2
35
3
3
2
5
2
2
2
36
3
6
3
68
10
2
1
34
1
4
2
1
1
1
1
29
2
6
1
65
2
4
2
31
3
1
1
16
6
3
1
2
4
2
2
45
3
5
2
60
2
2
3
11
11
1
1
53
1
7
1
55
2
3
2
8
3
3
1
1
2
6
3
4
27
5
2
17
1
7
2
16
3
7
3
29
8
1
1
13
7
1
2
61
3
7
1
4
5
7
1
28
3
3
3
40
2
6
1
41
1
4
1
31
16
7
3
71
3
6
2
28
1
6
3
18
17
7
1
17
14
3
2
61
2
3
3
39
2
7
2
12
2
7
2
13
3
6
2
65
2
1
2
17
3
3
3
16
3
6
2
45
4
4
1
30
16
3
3
4
15
4
1
52
3
5
2
18
3
1
3
9
18
1
3
40
5
1
2
36
4
3
3
2
6
1
1
14
19
1
3
61
3
4
1
41
2
7
2
31
1
6
2
63
1
1
1
7
8
6
2
30
2
5
3
28
13
4
3
45
5
4
1
3
11
5
3
42
4
6
3
31
9
3
2
4
2
4
2
26
2
6
1
2
5
3
3
6
3
6
3
60
28
6
3
1
10
5
2
16
1
7
1
40
1
5
3
36
10
1
2
52
4
1
2
11
2
6
1
68
3
7
1
35
1
5
3
8
7
7
2
67
2
5
2
39
2
2
1
27
2
3
3
8
3
3
2
47
1
5
1
43
2
3
3
67
2
2
2
37
4
3
3
33
9
2
2
60
3
2
1
9
9
6
2
34
1
2
2
26
4
3
1
63
2
1
1
26
1
7
2
9
2
3
2
39
3
1
2
35
1
7
2
43
4
3
3
15
10
7
3
27
10
2
1
1
3
1
3
42
1
4
1
27
1
3
2
13
2
7
1
42
1
3
2
28
3
1
1
49
1
3
1
10
7
3
1
53
2
2
2
53
2
6
1
39
3
2
3
41
1
3
1
36
2
5
2
29
1
1
1
30
12
4
3
1
8
5
1
9
4
4
1
34
7
2
3
55
12
7
3
38
5
4
3
23
14
2
2
14
2
4
3
12
1
5
2
44
5
4
3
10
11
3
1
23
2
2
1
40
2
3
1
10
2
2
3
22
7
7
3
26
7
3
3
30
22
3
2
67
1
7
1
26
2
6
2
3
3
4
2
27
3
4
1
38
3
2
1
37
1
1
2
68
1
3
2
68
2
1
1
33
5
1
2
8
2
3
2
2
3
4
3
43
8
2
1
12
11
6
2
22
2
1
2
32
2
6
3
17
10
1
3
52
1
4
3
43
7
5
2
1
3
1
2
7
2
6
2
54
2
1
1
52
1
3
3
36
2
1
2
25
2
3
2
40
3
6
3
34
1
6
3
13
2
7
2
15
3
1
1
68
1
4
1
61
2
4
2
18
2
7
2
44
4
3
1
23
3
2
2
4
1
7
3
31
10
4
2
2
2
5
3
39
3
3
1
33
2
4
3
9
24
4
3
37
9
2
3
41
4
6
2
55
1
2
2
55
2
6
3
53
5
5
1
28
2
4
1
44
3
5
1
35
4
2
3
26
4
1
3
65
2
7
2
71
3
7
3
54
2
5
3
18
24
5
1
31
10
5
3
65
9
3
1
37
2
7
3
52
12
3
1
67
1
3
1
22
1
1
2
10
2
6
1
49
2
5
2
30
4
1
1
14
10
2
1
60
2
4
3
6
5
6
2
38
3
1
1
15
3
5
3
29
12
7
1
45
1
5
3
33
20
6
1
12
12
2
2
42
2
4
1
36
1
3
2
71
2
1
3
3
9
5
3
45
4
2
2
37
3
3
1
5
2
6
3
54
1
7
1
17
6
4
3
38
10
5
3
37
6
6
2
25
1
5
2
54
1
7
2
10
3
6
1
7
2
3
2
41
3
2
1
25
1
4
1
5
1
5
1
65
1
2
1
4
3
7
1
60
1
7
1
16
1
5
1
42
2
2
3
53
1
3
1
54
2
1
1
47
1
3
3
60
14
3
2
6
1
4
2
3
2
3
1
22
2
5
3
27
13
7
3
5
5
2
1
45
2
3
2
41
1
3
3
66
1
5
2
63
3
1
1
8
9
6
2
66
3
7
3
35
6
1
3
23
3
2
1
66
1
1
3
63
9
5
3
2
9
3
2
23
1
1
1
8
15
4
3
12
3
1
3
47
5
2
1
47
2
4
2
52
6
6
2
42
1
7
2
43
5
7
2
5
1
2
1
54
3
2
2
38
5
3
3
13
6
6
1
29
3
7
3
7
4
1
2
33
1
6
3
47
7
3
3
68
11
6
3
7
1
6
3
11
12
2
2
22
1
6
3
25
7
2
1
61
3
4
2
23
2
1
2
11
3
5
1
39
4
4
2
12
1
5
3
28
4
1
1
11
11
3
3
16
4
5
3
63
11
2
1
55
1
7
2
65
1
1
1
3
8
6
1
6
1
5
2
6
2
1
2
33
2
3
3
71
4
5
2
34
2
2
1
18
15
3
1
71
3
3
1
32
2
3
2
15
1
6
2
27
2
4
3
3
2
7
2
9
3
1
2
49
1
1
1
11
9
7
3
49
6
6
3
61
7
6
3
5
4
1
3
30
1
3
3
32
1
7
1
67
3
6
1
6
2
4
3
14
16
6
3
35
5
2
3
34
9
3
3
15
14
6
1
43
1
7
3
10
23
4
2
14
1
6
1
71
2
3
1
13
3
2
1
44
4
5
3
44
8
5
2
53
3
7
1
66
3
2
3
17
8
5
