3
53
2
4
2
17
2
4
2
39
1
5
3
60
23
7
3
5
5
7
1
34
1
1
1
36
1
1
3
29
14
4
1
32
7
6
1
9
9
1
2
25
1
6
3
38
3
3
2
68
2
7
3
45
3
5
3
37
12
7
1
13
4
5
2
66
1
6
2
26
3
2
1
26
3
7
2
15
2
3
2
7
3
2
3
52
15
4
3
65
4
1
3
12
4
7
2
4
2
5
2
41
2
2
3
55
9
3
3
54
2
7
3
39
5
7
1
33
5
2
3
18
6
4
2
61
2
6
3
17
8
1
3
26
5
5
1
43
1
1
2
49
3
4
2
5
2
5
2
26
4
1
2
11
1
4
3
16
8
1
3
30
8
6
1
33
6
4
1
31
18
6
3
1
2
3
1
47
1
2
1
61
3
5
2
68
4
6
2
38
1
7
2
17
3
7
1
12
10
4
2
54
2
4
1
43
3
4
2
47
2
4
1
27
3
2
2
39
3
7
3
36
4
3
1
17
11
2
2
34
2
6
1
13
2
7
2
49
4
2
1
37
1
4
3
22
1
7
3
33
21
4
3
31
4
7
2
45
1
2
1
22
2
7
1
10
6
5
1
54
3
4
1
38
1
5
3
47
1
1
3
32
4
3
3
32
8
1
1
67
1
6
2
67
1
7
2
12
1
4
3
11
1
6
3
10
21
1
1
67
3
7
3
8
11
2
3
28
2
7
3
9
23
3
3
15
2
5
3
6
3
7
1
40
1
4
1
4
4
5
3
5
3
5
1
15
4
2
1
60
1
5
1
28
1
1
1
68
2
2
2
52
4
6
3
1
9
6
3
22
3
1
2
40
4
5
1
71
3
7
1
30
21
2
2
8
3
7
2
29
1
2
3
38
8
4
1
9
2
1
1
63
1
1
2
30
4
4
3
68
5
2
3
61
11
2
2
63
1
1
2
9
1
6
2
27
3
5
1
41
2
7
3
40
1
6
1
5
1
6
2
71
1
6
2
11
3
2
1
22
1
2
1
5
2
3
1
52
1
2
2
14
3
1
1
6
1
1
3
30
13
6
2
8
1
7
2
35
2
2
1
63
2
3
1
42
1
2
3
39
1
1
3
47
9
1
1
37
2
5
2
4
3
6
2
47
4
5
2
6
3
4
2
65
4
1
1
11
2
4
1
23
3
4
3
3
5
3
1
38
3
6
1
16
7
1
2
60
2
4
3
29
10
7
1
54
2
4
1
49
2
3
3
25
5
7
1
34
9
2
3
49
5
6
3
65
6
6
3
4
8
7
1
1
2
6
2
61
1
2
3
4
10
4
3
15
11
1
2
43
3
4
3
14
12
5
3
55
8
6
3
44
8
4
3
13
2
7
2
31
4
1
3
11
17
7
2
5
3
1
1
25
2
4
1
15
2
5
2
33
2
3
2
1
2
2
3
66
8
7
1
49
1
7
1
35
3
6
2
3
1
7
2
14
1
5
2
37
4
4
2
71
2
3
2
54
1
7
2
63
2
1
3
35
1
2
2
13
3
5
3
18
23
4
1
25
3
2
2
67
2
7
1
3
7
5
2
1
3
2
1
45
2
3
2
10
2
6
3
67
10
5
3
42
3
6
2
29
2
1
3
41
1
5
1
7
10
5
3
23
18
5
2
12
3
1
1
7
2
4
3
37
5
5
3
7
5
1
1
53
1
1
1
18
8
7
2
6
1
7
1
44
1
6
1
41
1
4
2
55
1
5
2
60
1
2
3
61
8
7
2
44
4
1
3
28
14
1
2
45
3
1
3
13
4
4
2
36
4
4
2
22
2
6
3
33
23
6
3
45
2
6
1
14
16
6
3
43
8
4
2
9
2
5
2
28
1
3
3
27
2
5
3
14
15
5
1
6
2
4
1
42
2
6
2
35
3
7
2
16
3
7
1
23
2
2
3
3
9
5
3
26
1
1
2
15
3
5
3
63
3
6
1
27
1
6
1
8
1
5
3
52
4
5
1
71
2
7
1
26
1
2
2
43
1
7
2
44
3
5
2
23
2
6
1
66
3
5
1
55
1
3
2
27
2
4
1
53
2
1
1
32
4
1
3
34
6
5
1
60
2
5
3
6
4
6
2
41
5
6
1
30
5
3
1
10
5
3
3
34
2
7
2
53
2
4
1
2
3
6
3
53
8
7
2
7
1
5
2
32
2
7
1
8
11
6
3
71
4
1
3
2
11
1
3
40
6
6
1
35
2
3
2
53
3
2
3
35
7
1
1
65
2
5
3
67
6
4
3
10
22
7
3
43
4
2
2
3
3
1
2
42
4
6
1
29
3
1
2
25
3
6
3
8
18
3
2
65
1
7
1
2
5
7
1
4
2
6
2
33
3
4
2
30
3
1
2
34
1
1
2
16
2
5
1
39
1
4
2
22
1
4
1
40
2
1
3
71
2
2
2
13
1
4
2
18
3
1
1
66
1
2
3
49
4
2
1
16
5
3
2
40
3
3
1
29
2
5
2
23
3
4
3
36
7
6
1
61
2
5
3
17
17
4
2
36
2
4
2
66
3
1
3
31
26
3
1
12
6
6
2
28
3
5
1
65
1
4
2
55
3
5
1
36
2
3
3
41
4
3
2
18
4
6
1
14
10
1
2
10
1
6
3
63
11
2
2
42
1
6
3
23
17
6
3
2
5
5
1
28
3
4
2
38
5
3
1
31
1
7
2
37
3
2
3
9
24
5
3
12
3
2
2
2
1
4
1
55
2
2
1
17
14
6
3
60
24
3
3
7
3
4
1
18
4
6
1
1
1
2
3
25
6
1
3
42
2
5
3
44
5
1
2
2
2
5
3
54
1
7
3
66
7
3
3
27
9
4
1
11
10
1
1
47
2
1
3
68
4
4
2
31
5
5
3
16
3
1
1
52
2
2
2
52
6
2
1
44
2
7
1
3
2
3
2
32
3
3
1
45
1
7
1
68
1
4
1
39
2
5
