2
60
3
2
3
40
2
4
3
7
1
1
3
35
4
7
3
14
21
2
3
36
6
7
1
4
2
3
2
5
1
3
3
32
11
7
3
38
3
4
1
10
5
2
1
27
2
1
2
28
2
5
3
36
13
6
3
10
13
5
2
41
3
3
1
53
1
7
3
44
2
6
3
28
4
5
3
17
10
4
1
68
1
5
1
37
2
2
3
47
7
6
2
47
2
6
1
38
2
2
1
11
6
4
3
23
16
5
3
27
7
3
1
54
3
3
2
68
4
7
2
33
3
2
1
28
3
2
3
31
18
5
3
33
17
3
3
11
10
7
2
37
1
6
2
12
3
3
2
3
3
5
2
6
2
4
3
4
7
1
2
68
2
7
1
44
3
7
3
13
4
6
1
9
7
3
2
52
1
5
3
42
4
5
3
14
24
2
3
15
16
6
1
43
2
4
1
60
2
7
3
63
8
1
3
71
4
5
2
66
2
3
1
12
1
2
1
28
1
3
3
28
6
1
2
29
2
5
1
33
8
7
3
45
1
2
2
13
1
3
2
16
2
1
3
67
17
1
3
22
8
3
2
4
2
4
1
13
6
4
3
71
1
3
2
2
3
4
1
65
2
3
2
14
2
3
1
36
2
1
1
30
15
3
2
11
1
4
1
6
1
1
2
4
1
1
2
54
1
5
3
37
12
5
3
33
2
3
1
31
5
3
3
65
12
2
2
45
1
5
2
18
4
5
2
17
2
4
1
6
2
7
3
67
14
7
1
16
3
6
2
40
4
4
3
30
25
5
2
7
2
5
1
14
1
2
3
15
8
2
1
36
1
2
2
11
2
1
1
40
2
1
3
66
9
2
2
54
2
1
2
61
3
1
2
40
2
6
1
39
3
1
3
16
1
6
1
71
3
3
2
27
3
4
1
2
3
4
1
11
2
5
3
3
6
7
2
52
7
2
3
66
4
2
1
52
1
1
3
49
8
6
3
22
11
7
1
25
1
2
1
32
7
2
2
22
1
3
1
1
3
5
1
3
2
2
3
49
6
2
3
60
13
4
2
2
2
4
3
12
3
4
3
1
10
4
3
25
3
1
3
53
2
5
1
14
3
6
2
63
1
7
1
67
3
3
1
42
1
4
2
9
1
3
3
61
4
4
3
65
20
2
1
13
8
1
2
23
3
3
2
30
3
3
1
35
2
3
2
31
4
6
3
3
8
2
2
42
4
2
1
12
9
1
1
44
1
4
1
22
3
4
2
49
4
3
3
1
3
6
3
8
16
4
2
23
1
3
1
34
10
4
1
61
2
7
2
34
2
4
2
71
3
1
3
38
2
7
3
30
24
3
1
30
10
1
3
43
1
2
2
33
1
2
2
47
1
1
3
8
19
6
2
37
3
3
3
43
7
5
3
4
10
4
3
61
11
1
2
13
3
2
1
31
13
6
3
34
9
6
1
15
1
6
2
15
3
5
2
10
3
4
3
17
2
5
1
65
1
5
3
5
5
6
3
13
1
5
1
40
3
7
3
2
11
7
3
41
2
3
1
7
11
4
3
54
2
1
1
66
1
5
3
2
5
1
3
53
5
7
2
65
2
2
3
60
14
4
2
26
1
2
2
22
3
6
2
8
2
1
1
35
4
3
3
47
4
5
3
12
4
4
2
43
4
4
3
35
8
7
3
16
8
1
1
7
6
1
2
9
3
7
3
45
3
1
2
36
4
1
1
55
1
5
1
53
2
6
3
26
9
1
2
66
3
3
1
17
1
4
2
29
1
7
1
34
9
4
1
23
1
6
3
18
18
2
2
44
3
7
1
55
2
5
3
52
17
4
2
17
3
6
2
25
2
7
3
40
5
2
1
29
2
1
2
61
1
6
2
55
3
4
1
54
2
4
1
9
5
7
3
52
3
4
1
67
2
4
1
63
2
6
1
43
1
5
3
18
23
2
3
6
2
6
3
34
3
6
3
37
10
3
1
25
2
5
1
8
11
4
2
42
2
3
2
53
2
6
3
44
10
7
1
45
2
2
1
47
2
5
1
39
1
6
2
12
2
5
2
30
4
6
1
1
1
5
2
5
2
3
1
63
1
5
1
71
2
3
3
11
7
7
2
25
3
6
3
39
4
7
1
18
2
4
1
10
2
4
1
15
5
5
1
37
1
6
3
9
21
5
2
7
1
3
1
23
3
3
1
47
1
3
3
31
7
6
1
5
1
5
2
39
2
3
1
22
2
5
2
65
1
1
1
8
16
7
3
23
4
1
3
7
2
3
1
17
15
2
3
54
1
7
2
18
3
7
2
63
3
1
3
26
7
4
2
15
2
1
3
63
13
6
2
71
2
5
2
32
1
5
2
34
1
6
3
39
2
7
1
45
1
2
2
35
2
2
1
49
2
1
3
6
6
4
1
4
5
4
2
44
5
7
3
42
1
4
2
67
1
6
1
16
2
1
1
61
1
3
1
32
5
2
2
53
3
5
1
68
3
7
2
28
3
2
2
49
3
5
2
45
2
4
1
42
2
6
2
43
2
4
3
32
4
5
2
41
1
7
2
3
2
5
2
1
1
3
2
32
4
1
2
1
3
2
1
5
2
4
2
8
1
5
1
66
3
2
1
29
1
6
3
9
25
4
3
55
17
4
2
35
3
2
1
41
3
4
1
3
10
3
2
6
1
2
1
27
3
3
3
27
11
4
1
26
3
4
1
49
1
1
2
27
1
1
3
55
4
7
2
55
1
6
2
31
1
1
1
52
2
5
2
10
2
7
1
41
2
6
2
14
1
7
3
10
12
5
2
60
4
7
3
25
6
4
2
39
1
6
1
26
1
7
2
36
2
2
1
2
2
1
3
5
4
7
3
29
2
6
2
67
2
1
3
41
3
5
3
68
12
6
2
16
1
6
3
68
15
1
2
38
3
3
2
38
2
3
3
29
13
5
1
38
1
2
1
18
15
2
1
60
1
4
2
26
3
4
1
33
3
6
