1
65
2
7
3
34
4
3
2
41
5
1
2
43
1
7
3
2
10
7
3
55
14
6
2
35
3
6
2
65
3
3
2
55
1
6
2
36
5
2
2
66
1
3
2
10
1
6
1
42
1
1
1
33
3
5
3
52
6
1
2
28
1
2
1
32
3
4
2
37
1
3
1
1
1
5
2
45
3
4
2
71
3
4
2
47
4
1
1
66
1
6
3
30
20
6
3
49
6
3
2
10
2
7
3
9
28
1
2
54
1
3
2
44
1
4
1
61
2
4
1
49
1
6
3
65
4
6
2
1
2
7
3
34
11
2
1
68
3
1
1
30
16
6
2
7
2
6
2
67
1
2
1
11
9
4
2
42
3
6
3
15
15
4
3
33
16
3
2
63
1
4
1
71
3
5
2
60
1
5
3
38
3
1
1
27
3
5
3
2
6
7
1
26
3
2
1
60
1
7
1
5
1
4
3
66
8
6
1
14
1
4
1
13
8
2
1
49
2
5
3
15
17
7
3
47
9
2
2
23
2
7
2
68
2
3
1
17
1
4
1
6
2
1
3
43
1
1
3
47
6
7
3
9
20
6
3
41
1
7
2
30
3
6
3
65
11
3
1
25
2
1
3
61
8
7
1
7
11
4
2
53
2
5
2
28
2
5
2
5
1
2
3
32
9
7
2
67
2
4
1
2
4
4
2
22
2
3
3
30
19
6
3
23
2
5
3
68
1
1
1
27
1
1
1
4
5
4
2
14
1
3
2
65
1
1
1
29
3
2
2
29
2
4
3
8
20
6
3
67
31
6
2
12
2
2
1
54
3
6
2
31
1
4
3
33
11
5
3
16
6
3
3
26
2
3
3
61
4
3
1
40
2
4
3
42
1
4
2
27
1
1
1
10
5
6
3
28
6
3
1
37
1
7
3
45
7
7
2
17
1
4
1
47
3
5
3
3
9
7
1
61
3
2
1
44
1
3
1
37
2
4
2
60
2
2
3
12
5
6
2
6
3
7
3
8
8
2
3
45
4
1
3
52
9
5
1
47
2
3
2
36
2
2
3
55
6
6
2
45
2
1
1
4
8
1
2
52
4
1
1
68
1
2
2
1
1
5
3
25
2
1
1
10
4
7
3
36
9
1
3
5
3
5
3
28
14
4
1
38
2
1
2
32
2
2
2
16
2
5
1
14
16
6
3
7
2
5
1
63
1
3
1
12
13
4
3
18
9
4
2
4
3
4
3
26
5
6
2
38
4
7
2
12
3
6
1
16
7
6
1
66
3
1
3
22
7
7
2
3
1
4
1
26
2
4
2
26
3
5
2
4
1
3
3
31
8
6
2
37
3
7
3
39
3
2
2
41
1
1
1
40
1
2
2
17
2
6
3
63
12
1
2
52
2
3
2
53
1
3
3
1
3
6
3
53
5
7
2
30
5
1
1
43
3
7
3
5
2
2
3
38
11
5
1
34
4
5
2
9
2
6
2
6
1
1
3
1
1
1
2
61
3
3
3
22
11
7
1
18
4
7
1
45
1
2
1
31
2
7
3
37
5
5
3
29
12
3
2
29
3
2
1
22
2
5
3
7
1
3
1
18
2
5
1
9
13
5
1
55
2
7
1
22
3
7
1
60
2
1
2
49
4
6
3
63
9
6
2
40
3
2
3
71
3
7
2
55
3
1
3
4
6
1
3
43
7
4
3
36
2
5
2
25
2
5
2
25
1
4
3
6
2
2
2
11
3
7
1
52
2
1
3
67
21
1
1
1
2
7
2
47
2
4
2
33
1
7
2
16
1
2
1
67
2
7
1
31
3
4
1
52
1
4
1
41
3
7
3
31
11
2
3
12
6
3
2
15
3
5
3
23
11
4
1
16
5
7
3
18
6
1
2
31
5
1
2
63
2
3
3
40
3
7
1
42
2
3
1
45
2
1
1
6
1
2
3
13
7
3
1
17
10
1
3
10
5
3
3
27
11
3
3
11
11
5
3
60
2
6
1
39
3
2
3
35
3
6
2
44
4
2
1
43
1
2
1
7
5
1
3
49
8
4
1
33
8
2
1
36
2
4
2
15
1
5
1
12
18
5
2
26
4
5
1
67
3
1
3
60
31
3
3
25
1
3
1
29
1
4
3
13
4
1
2
18
4
6
3
68
14
7
2
2
3
7
2
13
2
2
1
54
2
2
2
43
2
2
1
13
7
3
2
49
1
6
1
63
2
1
1
38
3
3
2
38
5
4
1
25
3
3
1
23
1
3
3
44
3
4
2
22
1
1
2
61
1
5
2
40
1
6
3
54
1
5
3
44
2
6
3
10
2
4
3
35
5
1
2
2
1
4
1
53
2
1
2
39
1
6
1
3
10
5
2
18
1
1
3
53
2
1
3
11
7
6
1
55
1
6
2
5
2
5
2
42
4
6
1
23
2
6
1
2
1
1
1
15
4
7
1
39
2
6
1
30
4
4
3
16
2
5
3
27
13
4
2
34
1
1
3
39
6
7
2
23
1
4
2
39
4
7
1
71
2
6
3
17
14
2
1
11
5
5
1
32
6
3
3
54
2
1
2
11
2
7
3
37
3
3
1
28
3
7
1
53
1
5
1
35
4
6
2
14
2
1
3
6
3
6
1
34
8
5
2
68
3
3
2
32
4
4
2
9
3
1
2
3
3
5
2
7
1
6
3
14
7
6
1
65
1
4
3
4
24
7
1
8
10
3
3
66
7
4
2
33
3
7
2
54
2
2
2
35
1
2
1
3
1
7
3
71
4
3
2
71
1
2
1
35
3
6
1
44
3
5
3
3
8
2
2
8
3
2
3
32
6
3
1
9
1
5
1
28
1
6
3
14
14
2
1
15
1
6
3
17
6
3
2
27
2
3
1
36
1
1
3
29
6
2
2
8
2
5
3
42
2
1
2
34
2
1
1
5
2
2
3
40
1
3
1
8
11
5
3
41
2
4
2
13
3
2
1
41
1
5
2
66
3
6
