2
14
1
4
3
45
7
7
3
52
18
1
1
45
1
1
3
68
6
7
3
16
6
6
1
33
8
5
1
10
4
7
3
65
2
2
3
23
14
3
2
32
2
2
3
41
3
3
1
8
17
4
2
12
1
7
1
53
2
2
3
39
10
7
1
37
2
7
2
35
1
3
2
31
2
5
3
3
7
5
1
33
2
2
2
41
1
2
2
6
2
1
1
55
2
4
2
49
1
4
3
54
2
2
3
27
4
3
2
30
1
1
2
61
2
7
3
28
13
1
3
38
2
1
2
18
3
7
2
5
3
5
2
25
3
7
1
2
1
4
1
29
3
7
3
18
16
6
1
63
2
1
2
13
2
5
1
39
4
7
2
2
3
3
1
26
1
6
1
37
1
4
2
42
1
5
1
1
3
4
1
7
7
3
1
47
1
1
3
26
12
3
1
8
10
4
3
35
3
4
3
40
2
6
3
43
2
3
2
25
1
3
2
30
2
3
1
49
1
3
2
16
3
1
2
9
1
1
3
65
12
2
2
27
2
7
3
49
3
6
3
60
9
4
3
12
4
6
1
42
1
7
1
52
1
7
1
16
7
1
2
28
1
7
2
68
3
2
3
67
3
3
1
31
17
7
3
29
11
2
1
36
2
3
3
63
5
5
1
71
3
7
2
22
1
1
2
35
2
6
3
9
12
1
1
28
2
2
2
61
1
1
3
13
3
4
1
40
3
3
2
12
2
1
1
32
1
3
3
1
10
4
1
7
6
3
1
53
1
3
3
47
7
7
2
5
1
6
2
11
2
1
3
36
15
3
2
54
1
6
3
9
3
7
3
23
6
7
1
18
1
7
2
36
2
1
2
44
4
1
2
52
1
3
3
29
3
6
1
36
1
4
2
38
5
4
1
67
1
6
1
14
5
5
2
1
2
5
3
5
3
1
3
60
17
7
2
54
2
2
2
18
2
5
1
12
17
4
3
30
15
6
3
61
6
6
3
13
2
4
3
2
3
4
2
8
1
3
3
1
3
3
1
5
1
1
3
3
3
4
1
15
2
4
3
53
4
1
1
25
1
2
2
39
2
1
3
71
4
2
2
17
2
2
1
45
2
3
2
44
1
1
3
2
10
4
1
65
1
1
1
71
1
3
1
52
2
2
2
26
2
6
2
43
1
5
3
37
11
5
3
27
16
5
1
35
1
7
3
15
16
6
2
52
5
5
3
34
11
2
1
44
4
6
3
5
2
2
1
6
2
6
1
18
2
1
1
43
3
3
2
63
1
2
3
31
20
1
2
31
1
4
2
34
1
6
2
65
1
4
1
25
3
2
2
47
3
3
3
55
1
1
2
34
3
3
2
7
3
5
1
61
3
1
1
16
4
1
2
38
1
4
3
22
4
3
3
32
12
4
1
34
8
5
2
65
2
2
1
6
1
7
3
47
1
1
1
30
9
3
3
30
28
6
1
63
1
4
3
66
9
5
1
65
2
6
2
49
4
4
1
23
3
6
2
27
1
2
1
66
3
4
3
8
4
6
2
11
3
5
2
29
2
2
1
61
2
3
3
22
5
3
3
14
9
6
2
33
2
6
2
28
2
5
3
55
17
6
3
4
1
7
3
4
14
5
2
45
2
5
1
49
2
4
3
25
2
1
2
53
2
5
1
38
3
2
3
53
8
5
3
33
1
7
3
39
1
4
3
54
1
5
1
34
10
6
3
71
5
7
2
26
1
2
2
71
2
3
3
7
5
6
3
28
5
4
1
60
1
3
3
10
21
4
1
60
2
1
1
30
13
4
3
37
12
2
1
15
3
7
1
9
5
5
2
9
2
6
1
35
4
7
1
3
6
7
1
12
5
6
3
61
2
2
2
4
3
7
2
63
2
7
1
43
2
7
2
71
3
1
3
66
7
3
1
38
2
4
3
63
10
7
2
10
2
7
1
66
1
2
1
31
15
3
1
14
13
4
3
35
8
5
2
55
2
3
2
6
3
2
2
3
1
7
3
44
6
6
1
29
1
6
3
44
2
4
3
38
6
5
3
43
7
4
2
60
4
2
1
47
2
7
2
40
4
6
1
42
2
6
3
17
9
7
2
43
2
3
3
68
3
7
1
54
3
3
2
37
3
2
3
33
11
7
2
15
1
4
2
32
1
1
3
6
4
5
3
31
29
4
1
27
3
5
1
67
2
7
2
4
1
2
2
40
2
7
1
4
8
7
2
2
2
4
2
33
3
6
3
25
5
1
2
8
2
7
3
52
7
5
1
5
2
1
3
42
1
5
3
67
37
6
1
22
1
1
2
66
3
6
3
32
6
5
3
49
4
2
1
55
1
5
2
47
1
1
1
68
3
4
3
36
5
2
3
41
4
4
1
10
8
4
1
13
6
1
2
60
2
2
3
42
4
3
2
15
2
2
1
32
7
1
2
67
2
6
3
12
3
7
1
17
10
5
2
39
3
4
2
13
1
2
3
34
4
6
3
45
5
7
2
45
4
1
2
23
3
6
2
42
4
1
1
2
7
3
1
11
9
7
1
44
1
6
2
36
3
3
1
3
7
2
2
68
4
4
3
6
1
2
2
17
1
1
1
68
2
7
2
3
2
7
3
14
11
1
3
10
4
3
1
1
2
1
1
39
2
7
2
23
1
1
2
1
1
6
1
26
2
4
2
41
5
1
2
10
1
7
1
27
1
5
1
17
7
2
1
9
10
7
2
22
2
2
1
54
1
4
3
26
8
3
3
17
12
3
2
53
3
4
1
4
3
5
2
14
2
1
3
11
16
6
3
40
5
3
3
18
19
2
1
40
2
4
3
7
4
2
1
28
3
2
1
41
3
6
2
29
3
4
2
7
2
4
1
41
1
5
1
11
12
3
3
11
4
4
2
67
1
3
3
15
3
6
2
55
3
2
3
8
20
4
3
16
1
3
1
13
3
7
2
37
1
7
2
16
2
3
1
23
2
4
2
66
1
6
1
22
3
3
