2
16
1
5
1
43
3
5
1
54
1
4
2
49
1
7
1
5
1
3
3
31
21
4
1
52
1
6
2
66
3
2
1
38
1
7
3
34
6
2
1
41
3
3
2
26
3
2
1
17
14
3
2
16
2
6
3
15
12
7
2
38
1
7
2
52
1
6
3
68
16
7
1
8
11
1
3
15
9
6
2
36
2
1
2
53
2
2
2
7
2
7
2
9
1
5
3
2
12
6
3
8
7
4
2
5
1
5
3
49
8
4
2
36
5
4
2
30
3
2
2
27
1
2
3
13
2
2
1
13
2
7
2
6
3
6
1
6
2
5
2
3
3
1
1
36
2
4
2
41
1
4
1
40
2
7
2
1
3
6
1
18
3
3
1
61
1
5
3
14
12
2
2
63
2
3
3
37
4
6
1
1
3
3
1
32
5
3
2
25
2
7
2
32
3
7
1
40
1
3
3
38
10
6
3
16
5
4
2
67
2
2
2
61
2
2
1
8
6
3
1
37
2
7
1
67
1
3
3
17
16
3
3
52
13
5
1
15
5
7
1
35
4
2
3
10
23
7
2
8
3
6
3
36
7
7
3
36
8
3
3
28
5
2
1
34
9
6
2
13
2
2
3
42
3
7
2
10
2
7
1
41
1
6
2
14
3
4
2
30
2
4
1
49
2
6
3
6
5
2
3
52
14
2
3
44
9
6
1
30
20
5
1
14
10
6
2
4
2
7
2
35
3
4
1
29
1
1
2
68
2
7
1
65
1
4
1
28
2
2
3
43
1
3
3
7
5
6
2
38
4
2
2
34
3
7
3
16
7
4
1
44
4
5
2
43
1
4
1
23
1
1
2
11
1
4
3
41
1
6
1
38
3
4
1
10
5
6
1
9
11
3
3
3
5
5
3
40
6
5
3
32
1
2
1
16
1
6
2
53
1
3
2
3
2
6
3
14
1
2
1
45
2
6
2
7
3
3
3
65
14
2
1
63
1
4
3
12
4
2
2
15
3
7
2
23
1
1
1
55
2
1
1
52
2
7
1
26
2
4
2
12
3
3
3
45
4
3
2
44
4
2
2
12
2
4
1
36
3
4
3
34
1
2
2
18
1
4
1
22
1
5
1
3
11
2
3
27
17
3
2
47
4
7
2
39
2
6
2
40
2
7
3
1
8
6
1
10
8
6
1
61
2
7
2
60
4
3
3
4
10
6
1
68
1
6
2
26
2
1
3
43
7
3
1
13
4
5
1
55
1
7
3
42
2
5
2
8
1
1
3
39
10
5
2
55
2
5
1
23
3
7
3
53
8
5
2
23
3
5
1
30
4
1
2
45
3
5
3
1
3
5
3
9
8
5
1
60
1
3
1
22
2
2
3
35
8
2
3
38
6
2
3
29
12
4
1
53
1
4
1
28
1
6
3
33
14
3
1
33
6
5
2
42
2
2
2
10
1
3
3
10
25
7
2
52
5
2
2
17
3
2
1
39
3
6
1
26
3
4
3
54
2
2
3
30
27
4
2
13
3
5
2
29
3
6
1
47
3
4
3
17
12
3
3
45
3
7
3
31
3
2
2
14
2
3
2
2
2
3
1
66
1
1
2
67
1
4
3
12
5
2
3
26
1
1
2
37
4
6
2
5
2
2
1
68
2
2
2
35
1
4
3
68
13
5
1
71
1
5
1
63
2
6
1
25
2
4
2
31
3
1
1
16
5
7
3
60
21
6
3
60
13
7
1
31
12
2
2
33
3
5
3
39
3
2
3
30
15
6
3
55
13
5
3
25
9
2
3
23
14
1
3
11
24
2
3
44
10
1
2
29
1
4
3
22
11
3
2
18
4
7
3
66
1
1
3
22
5
7
3
71
4
2
1
54
3
7
2
40
4
7
2
61
3
3
2
31
4
6
3
55
2
1
1
66
3
7
2
22
1
2
2
28
1
7
3
13
8
6
1
5
2
5
1
25
1
5
3
18
7
5
3
61
3
2
3
25
7
4
1
27
1
5
1
35
2
4
1
37
1
5
3
26
11
7
2
32
4
1
3
37
6
6
3
9
20
2
2
28
2
1
1
9
7
6
3
11
1
1
3
41
4
2
1
4
8
1
3
33
16
3
1
2
5
3
1
15
2
7
1
12
15
4
2
6
1
7
2
65
2
5
2
68
1
5
1
42
1
2
1
53
2
4
1
1
1
1
2
65
1
2
1
14
14
4
3
49
3
1
3
67
21
6
3
18
4
4
1
43
2
7
2
41
2
5
3
71
5
3
3
47
8
1
3
66
5
7
2
37
3
3
1
49
1
5
2
39
3
5
2
2
3
4
2
9
3
4
3
47
7
1
3
5
5
6
3
3
7
5
3
23
17
6
2
33
2
4
1
11
9
4
3
35
7
1
2
54
2
7
1
47
1
7
1
27
2
6
3
2
11
2
3
40
4
5
3
27
12
2
2
42
4
3
1
39
2
7
3
6
1
2
1
34
4
4
1
6
1
6
2
43
3
2
2
1
2
4
2
25
1
7
3
8
16
6
1
32
2
6
1
65
2
1
1
4
4
4
1
11
3
7
2
22
3
5
2
34
1
4
2
15
1
7
3
53
2
5
2
47
2
4
2
55
3
5
2
44
2
6
1
7
1
2
3
7
3
2
3
67
12
1
2
45
4
2
2
63
1
7
3
5
1
1
1
17
4
5
1
18
5
4
1
60
2
2
1
3
2
6
3
63
10
6
2
54
1
3
3
54
1
1
2
66
1
7
3
61
1
1
2
17
1
6
2
60
2
5
3
29
17
3
2
27
2
5
2
4
3
7
3
32
3
7
2
71
1
7
1
71
2
7
2
11
3
1
1
44
3
6
1
33
3
7
3
28
13
1
1
29
3
3
3
4
23
1
2
71
2
5
1
45
1
5
1
12
8
7
3
63
7
6
1
7
2
1
1
67
3
6
1
2
4
1
3
65
5
1
1
42
2
3
1
31
1
2
2
49
4
2
