3
30
2
7
2
65
1
1
2
14
3
7
2
18
1
3
1
13
6
4
2
66
3
5
2
7
1
1
3
71
4
3
3
10
9
7
2
6
1
5
2
16
3
7
2
40
2
7
2
31
1
4
2
37
4
4
3
36
7
1
1
43
3
1
3
27
1
7
2
49
3
6
3
16
1
1
3
4
5
7
3
30
20
1
3
18
23
7
3
14
10
3
2
7
2
1
2
30
1
5
2
10
2
5
2
1
3
3
1
66
3
2
2
17
2
4
1
39
4
7
2
68
3
2
2
44
2
1
1
18
11
1
1
60
1
3
2
22
2
5
1
45
2
1
3
41
4
1
2
39
4
3
1
11
5
7
2
35
3
1
2
45
4
3
2
16
1
3
1
5
1
2
2
28
2
7
3
8
6
3
1
42
1
4
2
22
1
7
1
16
4
7
1
68
1
2
1
37
1
1
1
71
3
4
2
67
2
5
2
71
3
6
2
23
2
7
1
47
3
5
2
9
2
1
2
52
6
1
3
65
7
4
1
44
4
2
1
29
1
4
3
47
2
2
2
1
1
1
1
65
1
4
2
49
4
6
1
14
15
2
1
17
3
1
1
53
2
6
1
11
9
7
2
63
3
2
3
17
15
1
3
9
8
6
1
61
2
3
2
65
2
5
3
7
2
2
3
47
9
5
1
44
2
7
2
71
2
1
3
3
10
6
2
9
1
6
1
17
12
6
1
8
11
3
1
8
17
1
3
3
5
4
3
40
6
2
1
67
1
5
2
30
5
2
1
7
9
6
3
29
11
1
1
10
7
7
1
3
6
6
1
1
2
6
2
54
2
4
1
47
1
7
2
14
2
6
2
53
1
7
1
6
1
3
2
11
3
7
3
15
4
1
3
43
8
4
3
6
1
2
1
54
1
2
2
15
1
5
2
44
1
6
2
36
4
5
2
41
3
6
3
25
9
3
3
5
3
4
3
10
6
5
3
45
4
6
3
32
5
7
1
41
2
1
1
7
4
3
1
23
3
2
1
18
13
2
2
8
3
5
1
28
2
4
3
55
6
3
3
60
32
1
2
10
3
3
1
13
2
2
2
67
1
7
3
35
6
2
1
4
5
4
2
43
1
5
1
38
3
3
2
32
2
1
1
2
4
2
1
63
2
3
1
49
1
7
3
45
6
3
1
12
14
2
1
9
10
4
1
32
6
1
1
34
5
6
2
12
3
3
2
41
2
5
1
43
1
1
3
43
5
1
2
25
2
5
1
14
2
4
2
36
1
7
3
63
11
4
2
5
3
4
2
28
1
2
2
33
2
3
3
28
2
3
3
31
13
6
2
34
3
4
3
18
25
1
2
45
2
6
1
68
2
7
1
35
4
4
2
38
1
2
1
32
1
7
3
37
6
4
1
28
3
2
2
42
4
2
1
25
3
1
3
67
17
2
1
30
15
1
2
60
3
6
1
25
1
6
1
52
1
6
2
68
4
5
1
22
1
7
2
23
1
1
3
52
11
7
2
60
2
5
3
35
3
4
3
23
4
1
3
34
6
1
2
13
3
6
3
34
2
1
1
34
10
4
3
61
5
1
3
71
1
1
3
44
10
1
3
22
3
4
1
38
2
6
3
11
22
5
3
55
1
7
1
55
1
5
3
28
11
2
1
35
3
2
3
2
6
1
1
55
2
5
2
33
1
7
2
63
1
3
3
41
1
5
3
65
2
2
1
49
2
4
3
8
10
3
3
38
4
7
3
13
5
5
3
4
21
1
1
31
9
5
1
40
2
4
3
27
14
1
3
12
3
3
2
3
3
6
3
49
5
1
1
16
3
7
2
2
3
2
1
22
2
5
3
40
4
2
1
42
2
2
2
37
2
1
2
35
1
5
3
37
10
4
2
52
1
5
1
61
3
7
2
5
2
7
2
47
1
6
3
7
1
5
3
6
4
2
3
26
9
7
3
32
11
7
2
29
1
3
1
3
1
3
1
23
1
6
2
53
2
4
1
36
1
4
3
5
2
6
1
29
3
1
3
49
2
2
2
26
1
1
3
14
9
1
1
36
3
5
3
61
6
4
3
17
10
3
3
12
1
1
1
27
1
7
1
60
2
5
1
15
3
6
2
55
3
3
1
71
1
7
3
39
4
3
3
52
3
2
3
60
22
5
1
15
1
7
2
39
1
3
1
63
1
7
1
41
3
4
3
66
9
6
2
42
2
6
1
39
3
7
1
33
2
7
1
4
4
6
2
27
2
6
2
11
2
4
3
53
4
5
2
34
1
4
2
47
2
1
3
15
11
7
3
38
7
2
3
53
7
4
1
66
1
2
2
61
3
5
3
29
14
4
3
22
12
1
2
4
1
1
3
26
3
3
3
42
4
7
2
26
4
5
3
68
13
7
1
9
1
4
3
23
2
5
2
3
2
5
1
37
2
4
1
26
3
2
2
43
5
3
2
12
2
6
2
54
1
2
3
1
2
5
2
15
2
6
3
1
6
2
3
42
1
6
2
32
1
6
2
18
4
6
1
27
2
7
3
33
2
7
2
4
2
4
2
31
4
3
2
13
1
3
1
2
7
6
1
1
1
7
3
63
1
5
3
54
2
3
1
67
3
5
2
66
2
3
2
40
4
2
3
33
19
4
1
5
2
1
2
2
1
5
2
17
3
2
1
26
2
7
2
6
2
2
2
29
3
2
1
45
1
3
1
33
1
6
3
11
4
4
2
61
1
6
1
10
1
1
2
55
2
7
3
44
5
3
3
67
28
3
3
13
3
6
3
2
11
5
2
27
1
5
3
9
22
2
2
25
3
1
2
8
2
4
1
31
15
4
3
66
6
2
3
31
21
7
1
30
1
5
3
39
1
7
1
54
3
7
3
16
4
7
1
12
1
2
1
6
2
2
2
38
5
7
1
53
1
4
3
25
6
4
3
68
5
5
1
65
2
7
1
52
2
1
1
40
1
2
3
36
6
2
3
54
1
2
