3
35
8
4
2
39
1
3
1
7
10
6
1
67
3
2
1
40
2
6
3
52
6
1
2
35
3
2
1
25
3
5
3
66
7
7
2
42
3
3
1
38
1
6
3
42
3
2
1
42
2
7
2
49
1
2
2
31
3
7
3
6
3
5
3
5
4
5
3
14
4
4
1
52
1
1
3
12
6
3
1
25
2
4
2
45
2
5
1
65
1
1
2
12
2
1
1
36
1
5
1
12
17
5
1
13
6
1
2
11
1
2
2
26
1
1
3
61
1
1
2
1
2
1
2
61
1
2
3
27
15
3
3
32
11
5
2
67
1
3
2
65
3
5
3
34
11
4
3
44
5
5
1
34
2
7
1
14
14
2
1
31
18
5
2
2
3
5
1
17
1
4
2
23
1
6
3
1
9
5
1
36
2
1
1
66
2
7
3
9
23
2
2
63
1
7
3
36
15
7
1
16
1
7
1
29
2
4
3
38
11
3
1
10
3
4
1
61
1
1
1
23
2
5
2
36
5
3
3
68
5
4
3
33
13
1
2
38
3
5
3
16
1
6
2
53
3
5
3
22
8
4
1
8
2
5
3
23
9
2
1
4
1
4
1
35
3
5
1
43
3
1
3
40
2
5
1
65
2
2
2
9
2
7
2
45
4
7
3
18
25
4
3
4
11
7
1
47
3
6
3
9
1
2
3
33
15
4
2
52
2
2
1
8
11
3
2
30
4
7
3
17
17
5
1
30
9
2
2
34
2
4
2
29
3
4
3
39
7
7
2
71
1
4
3
66
9
7
2
63
2
5
1
6
1
3
3
31
4
6
2
52
6
5
3
49
3
2
1
27
3
4
2
14
1
7
2
31
4
1
2
28
2
7
3
53
7
4
1
43
2
4
1
67
1
7
2
37
3
2
2
5
3
5
3
23
14
2
1
11
6
1
3
26
3
4
1
42
1
3
1
26
2
5
3
37
10
3
2
16
3
7
3
71
1
1
3
35
1
2
3
13
3
4
1
55
1
5
2
38
1
2
2
47
2
7
2
26
3
2
2
11
2
7
1
6
2
5
1
32
6
6
1
15
2
1
1
30
14
3
3
54
2
5
2
40
4
7
1
22
1
4
2
15
3
2
2
7
3
6
3
28
6
2
2
41
4
1
3
17
11
4
3
60
27
7
2
53
1
3
2
61
3
7
3
2
4
7
2
6
3
5
1
18
10
6
3
42
4
3
1
3
3
4
1
49
1
2
3
65
19
4
2
17
1
6
2
60
4
1
2
4
3
2
1
34
10
6
1
33
8
2
3
13
5
1
1
68
1
2
2
27
2
1
1
26
1
5
3
4
1
6
3
12
4
1
3
30
10
3
2
32
4
2
1
28
1
6
3
44
2
5
3
8
19
3
1
28
3
3
3
8
18
2
3
3
4
3
3
22
4
1
1
68
2
1
1
15
4
3
2
68
4
5
3
37
5
7
2
6
2
7
2
44
1
3
3
16
8
4
3
43
8
3
3
43
4
2
3
67
23
6
2
32
3
4
3
47
7
2
1
53
2
6
2
28
1
3
2
8
1
2
3
29
15
4
2
65
4
4
3
5
5
1
2
47
1
3
3
25
3
5
3
7
2
6
2
67
2
1
3
14
12
2
2
23
3
7
1
53
1
6
2
66
2
6
3
26
1
6
3
53
6
3
2
4
2
3
1
3
5
7
2
60
1
5
1
11
11
1
2
35
1
6
2
18
1
5
1
47
2
1
3
52
11
3
1
5
2
6
1
16
6
5
2
14
2
1
3
47
2
5
3
25
1
5
2
44
5
1
1
71
2
2
2
7
1
4
3
71
5
7
3
60
26
2
1
4
6
7
1
31
6
2
1
60
1
1
3
7
1
4
3
67
15
6
2
33
3
1
1
5
1
2
3
63
1
4
3
34
2
6
3
2
8
6
2
18
3
1
1
37
2
3
2
29
1
2
2
25
3
4
2
10
3
6
1
29
1
2
2
55
2
2
1
39
4
1
2
37
1
1
3
3
5
4
3
63
10
5
1
13
8
3
3
18
9
2
2
9
1
2
3
40
3
7
3
32
1
5
3
41
3
5
3
29
14
5
2
16
1
7
2
71
3
2
3
27
14
2
1
41
1
2
2
27
1
4
3
49
5
5
1
35
4
6
2
1
3
3
1
23
1
3
3
38
3
4
1
52
2
7
3
68
7
6
2
49
2
6
3
11
13
1
2
33
1
6
1
2
5
5
1
60
2
4
2
43
1
1
1
40
1
4
3
41
2
2
1
71
1
2
2
13
2
2
2
55
1
5
1
54
2
4
1
55
2
5
2
40
3
3
3
61
6
3
2
41
3
4
3
65
12
5
3
55
2
4
1
39
2
2
2
66
3
7
2
42
2
1
1
27
1
3
2
10
2
5
2
54
1
4
3
54
1
2
2
17
2
7
2
2
2
4
3
15
16
1
2
3
3
2
1
1
1
7
1
1
2
5
3
45
6
2
2
30
3
7
2
36
2
6
3
28
12
6
1
63
2
7
2
3
1
4
1
54
1
2
1
66
1
2
1
18
11
5
2
68
3
7
1
22
3
6
1
10
8
2
1
37
1
1
3
31
14
5
3
10
8
1
3
1
3
3
2
5
2
4
2
8
2
2
2
13
3
5
1
38
3
7
1
44
2
1
1
45
1
4
1
33
2
1
1
61
2
3
3
30
23
2
2
12
3
3
2
25
2
2
1
9
11
2
1
12
8
6
2
39
3
4
3
6
4
2
3
55
6
6
1
63
1
6
2
34
1
7
1
45
2
1
3
39
3
3
1
14
2
4
2
22
2
4
2
43
4
1
1
44
1
1
1
2
6
5
1
17
11
7
3
36
12
6
2
15
1
4
1
49
2
5
3
11
10
1
1
32
2
6
2
22
1
1
2
54
2
4
3
10
2
3
3
15
6
4
1
7
3
2
1
9
12
5
3
45
1
5
1
41
2
4
