1
67
1
3
3
63
4
6
2
6
2
6
1
55
1
3
2
23
1
6
2
35
3
3
3
15
15
7
3
23
6
5
2
22
1
4
2
55
2
7
3
7
5
6
1
38
3
1
1
52
3
6
2
14
1
3
3
26
8
1
3
11
26
6
1
63
1
2
3
71
5
6
1
52
1
6
3
54
2
7
2
53
3
1
2
29
3
5
3
23
18
4
2
49
1
7
1
26
3
1
1
10
1
3
3
4
27
1
1
14
4
4
2
18
3
6
3
35
5
6
3
44
9
6
2
30
1
5
3
33
6
5
1
26
1
4
2
15
2
6
2
38
4
4
3
41
1
5
2
35
2
5
2
25
1
1
2
25
2
6
3
17
3
6
3
42
2
7
2
34
1
6
3
26
4
6
1
32
1
4
1
25
3
7
3
22
11
4
2
11
1
3
3
37
11
6
2
60
2
7
3
10
23
2
3
1
7
7
2
18
1
5
1
32
3
3
1
29
2
6
2
1
2
6
2
61
1
3
2
14
3
6
3
43
4
2
2
10
1
1
1
40
2
1
2
37
1
1
2
71
1
3
3
36
13
6
3
25
1
7
3
43
3
6
3
52
18
3
3
55
16
1
2
28
2
3
1
9
12
1
2
61
2
4
1
9
10
3
3
42
3
7
2
52
6
6
2
31
5
4
1
34
6
7
3
3
8
1
1
61
1
5
2
5
1
7
1
2
4
1
2
8
3
5
2
16
1
1
2
27
2
7
2
66
1
2
3
34
10
1
1
11
10
6
2
13
3
2
2
29
2
5
1
5
2
4
2
65
1
6
2
33
1
4
2
26
1
7
1
18
3
7
2
39
4
2
2
34
2
6
3
60
2
5
2
44
2
3
2
3
2
2
1
49
1
3
2
60
1
6
3
29
17
6
2
32
3
6
3
18
18
2
3
6
3
5
3
40
5
4
3
10
8
2
1
28
3
7
3
2
11
7
3
39
5
5
1
23
1
6
1
61
2
1
3
40
4
7
2
9
1
6
1
53
2
5
3
45
1
4
1
17
12
2
3
27
7
6
2
47
4
2
3
28
6
5
2
39
2
1
3
31
6
6
3
47
1
1
3
11
1
1
2
45
2
7
2
42
4
3
2
53
2
5
3
35
7
2
1
3
8
7
1
39
2
3
3
44
3
5
1
42
1
1
3
63
7
3
3
36
5
2
3
9
3
2
3
12
2
6
2
15
1
7
3
52
15
7
2
33
3
7
3
53
3
5
1
44
2
3
1
30
11
7
3
27
1
7
3
54
1
4
2
6
3
1
1
10
5
3
3
14
22
6
2
49
3
3
2
8
1
2
2
36
3
4
1
40
1
2
3
32
5
6
2
2
2
2
1
47
1
7
3
38
2
6
1
45
2
7
2
43
2
7
3
28
14
5
1
4
2
2
2
54
2
4
3
66
4
5
1
54
2
6
1
31
1
7
3
49
5
5
1
2
3
1
3
37
6
3
1
71
2
4
1
3
7
6
3
55
10
7
1
27
2
2
2
44
5
5
2
67
2
6
3
33
19
7
3
17
11
5
3
32
2
2
3
38
10
5
1
22
1
7
1
16
5
5
1
45
1
1
3
4
19
1
1
39
4
2
1
44
1
3
2
9
2
6
1
55
2
2
2
7
3
2
1
5
1
3
3
14
12
2
1
7
1
3
1
22
2
3
1
68
3
1
1
66
2
7
1
33
5
6
3
18
2
6
3
30
20
4
2
66
2
5
3
29
11
3
1
38
1
1
1
47
2
5
2
2
1
1
3
67
32
7
2
65
2
2
2
4
2
1
3
16
6
4
3
49
7
4
3
16
7
4
3
39
6
4
2
40
1
1
3
34
3
7
1
37
1
6
1
37
2
7
1
13
8
3
2
32
4
4
1
36
2
6
2
41
1
1
1
11
3
2
1
49
2
1
2
10
3
3
3
9
30
6
3
66
8
5
3
68
3
4
2
47
3
6
1
25
2
3
1
34
9
5
1
33
6
2
3
60
19
6
2
38
3
5
3
13
3
5
3
3
2
6
1
41
3
2
3
5
5
5
2
63
1
5
1
12
6
2
2
63
2
1
1
60
1
2
1
8
17
4
3
41
3
4
2
71
2
3
2
67
1
3
2
3
3
5
2
12
1
4
2
68
3
2
3
68
10
5
1
27
1
6
1
54
1
3
3
65
6
1
3
2
2
4
2
27
1
3
2
28
1
1
3
71
1
5
2
36
1
4
2
17
1
2
1
68
2
7
1
43
1
6
1
60
2
6
2
11
3
6
1
36
1
3
2
13
2
5
3
31
14
1
3
8
5
7
2
4
1
3
1
65
1
2
2
42
3
1
1
71
1
4
2
41
5
5
3
61
3
1
1
53
1
5
3
53
7
1
1
6
2
2
2
31
4
5
1
15
1
7
2
12
3
5
3
65
10
4
1
42
2
1
1
6
1
2
3
12
6
3
1
4
6
3
2
22
2
5
1
12
13
5
3
45
4
1
1
1
1
3
1
7
8
2
3
47
9
7
2
16
3
7
3
7
3
6
1
17
7
7
3
5
3
5
2
26
2
4
3
30
11
3
1
41
1
1
3
67
28
5
3
61
8
6
3
6
2
2
2
45
1
5
1
1
2
3
3
25
8
6
1
16
4
5
2
5
2
7
3
1
2
5
2
23
2
4
1
8
11
3
2
55
3
5
2
40
3
4
2
52
5
2
1
31
4
5
1
35
2
5
1
15
2
1
2
68
1
5
1
63
2
4
1
23
3
7
3
15
10
5
2
1
1
4
2
43
4
5
1
13
2
7
1
65
2
1
1
14
8
5
1
43
2
5
1
66
3
1
1
18
1
1
3
22
8
1
2
37
2
4
1
30
12
3
1
67
2
1
1
29
3
5
2
17
3
4
2
30
4
5
2
54
1
4
3
8
18
4
1
35
1
3
3
13
9
2
2
7
1
3
1
28
2
1
