3
18
24
5
3
2
10
2
1
52
3
7
2
28
1
3
2
17
1
3
3
25
3
3
3
41
2
2
2
37
2
4
1
61
1
7
1
45
1
6
2
30
3
2
3
41
3
3
2
45
3
3
2
2
2
5
2
18
1
2
3
26
3
7
1
60
1
2
3
63
13
1
3
3
8
7
3
61
7
6
1
25
3
5
1
37
2
2
2
11
1
6
3
26
10
2
3
15
4
5
2
2
1
1
2
55
2
7
3
16
3
1
3
9
7
7
3
34
4
3
2
39
4
2
2
30
4
1
2
4
1
4
3
8
8
4
2
6
2
4
2
9
2
3
1
54
1
6
3
12
6
6
3
37
7
6
1
63
1
5
2
23
2
6
3
54
1
2
1
25
1
1
2
33
1
4
1
22
1
5
2
49
2
7
2
54
2
4
2
12
2
5
3
25
7
6
1
36
3
2
3
17
8
5
1
30
13
7
3
36
10
5
2
39
1
3
1
37
1
6
1
43
3
4
3
17
4
2
1
32
4
7
2
5
1
7
3
5
5
7
3
29
19
5
2
35
3
1
3
43
3
1
3
60
10
5
2
31
2
2
2
1
3
6
3
7
3
2
2
13
2
4
3
11
21
5
3
7
4
4
1
40
3
3
3
31
25
3
2
26
1
1
1
14
10
3
3
33
16
4
2
14
3
4
1
34
3
5
1
7
10
4
3
40
4
5
1
17
9
5
1
33
1
2
3
29
12
4
2
65
1
2
3
5
3
4
2
71
1
7
3
33
22
3
3
71
3
2
1
22
3
4
2
63
3
6
1
61
3
2
3
18
23
4
2
53
2
6
2
7
1
6
2
29
1
5
2
54
1
5
1
26
1
5
3
49
2
4
3
44
1
5
1
16
7
1
2
15
3
3
3
68
13
1
1
66
2
2
1
71
3
4
1
13
2
3
1
28
3
4
3
23
8
5
1
12
9
6
3
16
1
6
1
10
8
7
1
11
2
7
2
67
1
4
1
71
2
2
2
43
4
3
1
6
2
1
1
36
2
3
1
11
5
5
1
12
13
5
3
27
10
4
2
36
1
3
1
49
2
1
3
45
3
7
1
16
6
4
2
40
2
2
2
42
4
3
1
9
11
1
2
14
2
4
1
15
5
1
1
28
2
7
3
45
1
3
3
1
2
4
3
65
11
5
1
65
1
4
2
38
1
7
1
29
2
5
1
18
10
5
2
32
1
4
1
17
3
4
2
10
3
2
1
8
14
4
1
31
1
7
3
35
4
3
2
49
4
1
1
67
2
1
1
43
2
2
3
61
8
1
1
42
2
3
2
52
2
5
1
3
9
7
3
52
6
6
3
43
6
5
2
67
2
4
3
67
38
2
2
7
3
2
2
45
1
3
3
52
12
5
1
5
2
4
1
38
2
2
1
4
4
4
2
9
3
3
3
9
23
6
3
13
8
6
2
28
3
3
2
31
1
6
2
4
3
3
3
32
2
3
1
35
3
6
1
26
2
3
3
68
15
1
2
16
2
2
1
44
2
1
3
3
4
3
2
11
3
1
1
1
3
5
2
44
3
5
2
6
3
3
1
55
2
3
2
17
3
4
1
54
3
5
1
29
1
5
3
30
13
4
1
52
2
7
2
53
3
6
1
4
6
7
1
10
7
7
2
3
1
3
3
47
2
1
1
53
1
5
2
8
2
4
1
23
1
7
2
63
2
5
3
49
4
3
2
26
3
7
2
41
4
7
1
6
1
6
3
35
2
2
1
53
2
6
1
27
3
4
2
27
3
1
3
37
11
5
1
8
3
7
3
55
12
1
3
22
1
5
2
1
2
4
2
34
1
4
3
44
9
3
1
3
3
2
2
66
1
7
1
9
14
6
1
7
9
7
3
39
4
6
2
44
4
4
2
71
2
6
2
15
2
6
2
10
1
5
3
42
2
3
3
28
12
2
1
45
2
2
3
14
24
7
2
60
4
3
2
12
1
3
3
53
8
3
2
32
3
7
2
37
4
5
2
33
3
6
1
65
2
1
1
41
3
6
3
13
6
4
2
68
4
7
1
68
3
6
3
22
5
7
3
8
9
2
3
54
2
5
2
16
1
7
1
14
14
6
2
52
6
3
1
47
2
1
1
49
1
6
2
55
1
3
3
27
12
1
2
27
1
5
1
66
1
6
1
27
1
1
1
1
2
6
3
42
4
1
3
36
9
4
2
61
1
1
3
31
29
7
1
13
5
2
3
30
12
3
3
10
7
1
3
14
5
1
2
43
5
7
2
47
1
1
1
42
1
1
2
38
3
7
2
36
2
5
1
63
2
4
3
15
7
4
1
40
2
5
2
65
2
7
3
10
6
6
3
23
7
3
1
2
1
2
3
4
10
3
3
60
5
4
1
5
1
1
2
35
1
1
3
53
6
4
2
22
1
5
1
39
2
2
1
18
12
5
2
41
2
7
2
66
2
3
2
47
3
3
3
67
9
4
2
18
2
3
3
2
2
3
2
13
3
2
2
25
1
7
2
42
2
3
1
41
1
3
1
67
1
4
2
23
3
6
1
30
9
1
3
71
2
1
1
60
2
7
2
29
2
1
3
4
16
3
2
5
3
1
3
28
4
6
1
35
1
6
1
23
2
5
2
68
1
6
1
44
1
1
1
34
8
7
3
55
16
6
3
38
7
6
3
66
7
7
2
25
2
7
2
40
1
1
3
34
9
4
1
55
1
6
1
32
3
3
2
61
2
7
3
40
6
5
2
22
3
7
3
6
4
1
1
47
1
6
3
1
6
7
3
11
4
2
3
32
5
1
3
65
17
1
3
47
6
7
1
39
4
6
3
12
5
6
3
63
3
7
1
68
1
3
3
66
3
2
3
38
6
1
1
33
4
2
3
6
1
5
2
8
3
5
3
39
3
7
2
60
2
6
1
2
6
6
1
31
15
1
2
34
2
2
1
38
1
2
1
15
1
5
2
3
2
2
