1
65
2
5
2
9
2
1
2
6
2
6
2
65
2
6
1
44
2
1
2
61
3
3
1
8
8
2
2
22
1
3
1
26
2
4
3
23
15
5
2
36
1
6
1
4
2
5
2
5
3
7
1
9
8
1
3
18
24
2
3
61
10
7
1
27
3
4
2
38
4
6
1
22
2
2
3
18
22
6
3
60
6
3
1
7
9
1
2
15
1
2
2
71
2
3
2
25
1
7
1
15
5
4
1
71
2
4
1
37
2
4
1
66
1
1
1
42
1
4
2
29
3
2
3
12
1
1
3
2
12
3
1
63
2
2
3
49
7
2
3
33
16
4
3
7
1
4
3
37
1
5
2
33
1
4
3
1
3
1
1
22
3
6
2
45
1
6
2
43
3
6
3
35
6
3
2
8
1
6
3
66
9
4
3
15
15
1
3
68
3
5
3
54
1
5
3
67
14
3
2
68
4
7
2
37
3
4
1
38
1
3
2
27
1
2
2
27
3
6
1
52
2
2
2
18
1
4
2
7
3
4
1
11
12
1
2
68
2
2
3
43
8
1
2
49
2
7
2
52
5
1
1
2
2
3
1
15
3
1
2
11
3
1
3
44
8
5
1
18
3
6
1
53
1
5
3
68
2
3
1
66
3
1
3
31
22
6
3
22
3
3
1
5
1
4
1
29
2
4
1
36
3
6
2
71
1
2
1
67
1
1
2
9
1
2
3
10
16
6
1
12
11
2
2
66
2
7
1
32
2
3
3
22
1
7
2
60
1
4
1
34
2
2
3
35
7
2
2
12
3
1
3
10
10
4
2
5
1
7
3
71
3
6
2
17
1
7
2
3
1
2
1
71
3
3
1
61
2
6
2
23
3
5
2
60
3
3
3
49
1
2
3
63
7
6
3
54
2
1
1
52
3
7
3
14
20
3
3
6
3
2
2
47
2
7
3
13
4
1
1
9
7
2
2
49
3
1
3
67
24
4
2
31
1
2
1
4
8
7
1
43
1
5
1
16
3
4
2
53
2
5
3
55
10
5
3
34
9
2
1
30
17
2
3
39
8
1
3
6
6
6
2
44
3
4
1
35
3
7
2
3
2
7
2
65
4
5
2
26
3
3
2
54
1
1
2
54
2
5
3
53
8
4
1
29
3
3
2
63
3
2
1
45
2
5
1
8
5
2
1
13
2
1
1
12
1
5
3
3
3
5
1
13
3
3
2
66
1
3
2
55
2
6
2
25
2
6
3
30
13
7
3
26
8
4
1
3
7
7
3
27
11
5
1
35
4
4
3
66
1
3
3
9
28
2
2
44
2
1
2
29
1
4
1
10
4
7
1
68
2
1
1
25
2
4
2
37
1
7
2
40
2
6
2
16
3
7
1
6
2
7
1
31
1
7
2
13
3
3
2
13
2
4
1
65
1
3
1
33
2
6
2
1
2
4
2
38
2
3
1
16
1
7
2
14
2
1
3
38
2
5
3
7
5
2
1
42
2
3
2
41
5
1
2
40
1
4
1
39
1
6
2
42
4
7
2
43
5
4
2
39
2
1
3
37
9
4
2
17
2
3
3
43
6
1
1
31
17
6
3
29
11
2
3
2
3
4
2
45
3
4
2
52
7
4
1
27
2
5
2
14
1
1
1
34
4
3
2
4
3
6
2
39
3
3
3
34
10
4
3
26
7
3
1
61
3
2
2
34
2
4
1
47
2
5
1
25
3
7
3
71
5
2
1
7
8
3
2
35
2
6
2
63
2
6
3
28
4
4
1
47
3
4
2
53
3
4
3
17
4
1
3
15
10
7
3
4
26
4
1
54
1
4
1
49
1
4
3
61
2
1
3
39
10
4
3
44
1
7
3
12
3
2
3
60
15
6
1
41
3
2
2
33
2
2
2
55
3
1
2
2
3
7
1
32
4
4
1
68
3
4
2
22
2
2
1
14
4
3
1
67
3
3
3
8
18
2
3
47
7
4
3
29
17
4
1
23
1
4
2
36
2
2
3
32
5
5
2
67
2
7
3
53
6
6
2
31
3
4
1
38
2
5
3
42
2
3
1
5
2
1
1
2
4
6
3
13
9
6
2
28
1
1
1
30
7
7
1
37
1
4
3
36
3
1
3
38
7
1
2
7
1
7
1
43
2
2
3
52
5
2
3
45
1
4
3
45
6
1
2
34
3
6
1
54
2
4
2
67
1
2
3
4
4
1
1
63
1
4
1
6
1
7
2
6
3
1
1
33
8
1
3
31
17
2
3
5
4
5
2
32
1
1
2
10
2
7
1
40
3
6
2
28
3
3
1
45
1
6
3
27
9
4
1
10
6
1
2
18
2
3
3
25
7
4
2
61
1
1
3
30
27
4
3
16
2
1
2
16
1
1
1
41
2
7
2
8
3
2
2
30
1
7
3
65
3
4
1
55
2
2
1
18
2
7
1
36
2
1
3
36
12
7
3
8
2
6
3
52
11
2
1
28
2
6
3
32
3
7
3
25
4
7
3
17
3
5
2
15
3
6
1
40
2
4
3
1
9
1
2
47
3
5
1
3
1
7
3
9
27
1
2
35
3
6
1
17
12
2
3
40
6
7
1
60
2
2
1
1
2
6
3
41
3
6
1
49
2
1
3
55
11
2
2
41
2
2
3
63
8
1
3
3
7
4
2
1
3
6
3
11
4
2
3
65
14
2
3
47
2
6
1
26
1
7
1
39
4
6
2
32
3
1
1
44
3
2
2
12
1
7
2
26
2
3
3
14
18
1
1
1
3
1
3
23
2
3
2
2
2
6
2
42
3
5
2
10
3
2
3
11
15
1
1
11
10
7
1
14
21
3
3
40
2
3
2
23
2
4
1
17
11
1
3
16
7
1
2
11
1
6
3
28
2
2
3
41
4
6
3
42
1
4
1
28
1
6
2
4
2
7
1
55
1
6
3
5
3
1
3
33
7
5
2
30
2
1
1
60
1
1
1
23
3
3
1
53
2
7
