1
49
1
1
3
45
7
3
3
22
2
1
3
33
2
4
1
52
3
1
2
71
2
3
1
9
1
4
3
36
10
5
2
16
1
2
2
43
2
7
3
11
12
4
3
35
6
1
3
2
7
5
1
5
1
3
1
39
1
3
3
53
2
4
1
26
2
6
2
32
3
1
1
32
7
3
1
8
8
4
2
55
3
2
1
38
2
4
1
33
3
3
1
53
2
4
2
68
4
7
2
67
1
5
3
32
5
7
2
53
3
2
1
11
6
2
1
66
1
3
2
33
3
3
1
63
2
1
2
65
1
7
2
36
1
5
1
17
13
2
1
16
6
7
2
36
4
4
2
7
2
5
2
41
2
1
2
54
1
7
2
40
1
1
1
71
1
3
2
18
4
4
1
66
2
5
1
26
1
4
3
8
19
7
2
28
2
4
3
13
9
2
2
44
2
1
3
67
38
3
1
40
3
2
1
35
1
6
1
30
21
7
1
65
2
6
3
34
4
2
1
61
3
4
3
28
10
5
1
54
2
1
3
71
1
2
3
4
26
6
3
54
2
5
3
60
23
5
2
68
2
5
3
31
19
7
1
35
4
7
2
15
1
5
2
45
4
4
1
23
1
3
1
60
1
1
3
66
4
7
1
42
1
6
1
4
5
1
2
40
4
7
1
6
2
1
3
52
9
4
1
47
2
4
2
66
2
3
2
47
4
7
2
31
2
7
2
2
2
7
1
5
2
6
1
25
1
7
2
4
1
2
2
6
3
2
3
71
3
2
2
67
2
5
3
36
9
4
1
52
2
7
1
39
2
6
1
53
1
4
1
11
12
6
3
35
4
2
1
13
5
3
3
26
8
3
3
42
1
2
1
28
1
6
3
3
9
6
2
35
1
3
3
40
6
3
1
36
2
6
2
6
2
7
3
68
3
3
3
12
4
1
2
12
1
7
1
40
1
7
2
22
3
7
3
37
1
2
2
29
3
2
3
43
2
7
3
41
1
2
2
39
4
1
3
23
12
6
3
47
6
7
3
16
6
1
2
1
3
3
1
68
3
6
2
63
2
6
2
9
1
2
3
60
14
7
1
36
3
4
3
1
5
7
3
6
6
2
2
9
3
4
1
13
7
6
3
17
13
2
2
17
1
7
3
45
2
4
2
5
1
4
2
15
2
4
3
5
1
4
2
31
5
3
2
1
2
4
1
47
1
5
3
18
23
1
1
1
1
2
3
32
7
2
2
26
3
2
2
60
3
4
3
37
12
5
1
60
2
3
3
10
8
6
2
13
1
7
3
54
1
5
3
55
8
4
2
23
2
1
3
40
4
2
3
52
17
4
1
7
3
7
1
2
5
1
2
42
1
3
1
3
8
2
2
54
2
7
1
4
6
7
1
45
1
3
1
22
3
7
2
12
2
7
3
12
6
5
3
14
24
6
1
16
1
3
3
49
3
6
1
6
1
7
1
18
9
1
2
49
1
5
3
22
11
3
3
26
6
7
1
7
9
3
2
14
1
4
2
35
3
4
2
52
4
4
1
12
11
7
3
25
9
4
1
71
2
5
1
41
1
6
1
37
2
2
3
47
4
1
2
37
4
5
3
63
1
4
2
11
3
3
2
53
1
1
2
3
3
1
1
32
2
4
1
25
2
4
2
14
2
2
3
34
5
1
2
2
3
6
2
63
3
3
1
17
11
7
1
10
6
4
1
43
1
6
3
30
7
2
2
30
4
7
1
55
1
3
2
17
2
2
3
27
1
1
2
11
2
4
3
15
10
7
2
10
2
3
1
22
2
6
3
33
5
3
3
65
21
4
3
27
5
3
3
66
6
5
3
9
9
2
3
63
11
3
2
34
2
3
2
22
1
6
1
42
2
5
3
68
14
3
1
12
12
5
2
38
2
7
2
10
3
3
2
52
1
5
3
55
15
6
1
3
6
5
2
41
5
1
3
1
4
1
3
6
3
3
2
60
4
6
3
9
16
6
2
4
2
1
3
61
8
6
1
55
2
4
2
30
5
4
3
30
25
5
2
39
3
2
1
8
11
2
3
25
8
6
3
65
18
1
2
43
1
2
2
61
1
1
2
66
1
3
3
29
17
4
1
49
2
5
3
31
10
3
1
33
1
6
2
37
3
4
1
34
11
1
2
38
3
3
3
5
5
2
1
29
2
1
1
15
4
6
2
32
4
6
2
49
3
2
3
43
5
1
1
27
3
5
1
1
2
5
2
44
4
4
1
68
1
2
3
16
5
2
3
10
12
4
3
7
5
2
3
23
17
2
3
15
8
3
1
31
10
3
1
9
5
3
1
41
2
6
1
38
1
4
1
44
1
6
2
13
2
1
2
7
1
6
1
14
7
7
2
33
2
3
3
14
20
5
2
65
3
4
3
7
4
7
1
29
1
6
1
45
2
2
2
25
1
1
1
54
3
2
2
55
1
6
2
27
1
5
3
4
5
5
1
67
2
5
2
8
2
5
1
63
1
1
3
2
9
7
1
18
2
4
2
45
3
3
2
27
2
3
1
65
1
2
3
39
4
5
2
18
2
7
2
5
3
5
2
23
3
4
1
28
2
7
3
8
16
4
1
15
2
4
3
28
2
3
2
16
3
3
2
3
1
1
2
61
3
5
3
13
7
7
2
47
1
6
1
2
6
4
3
61
11
1
3
17
1
3
1
14
5
5
3
29
16
6
1
30
2
4
2
42
3
7
1
31
13
1
3
39
2
3
1
27
2
4
3
38
10
6
1
23
2
2
3
44
2
2
3
44
8
2
3
11
4
2
1
43
2
6
3
41
3
2
1
37
1
2
1
10
4
1
3
38
7
7
2
71
1
2
3
42
3
5
3
67
20
3
2
8
3
4
3
53
6
3
1
34
10
6
3
18
15
1
2
28
3
6
2
25
2
6
1
61
2
3
2
26
1
3
3
3
10
3
2
34
3
3
1
44
4
4
1
67
1
4
3
49
2
1
2
29
2
4
