2
28
3
5
1
15
4
7
1
55
2
6
1
17
8
3
1
47
2
5
1
12
6
3
2
52
1
2
2
67
1
2
2
41
2
7
2
28
1
2
3
39
5
3
1
18
11
6
3
34
9
3
1
60
1
2
3
28
1
6
2
32
2
3
1
27
3
2
3
52
13
2
3
61
3
6
3
60
28
6
1
25
3
1
1
43
2
4
1
42
2
7
1
11
3
2
2
63
1
7
1
37
1
3
3
12
5
4
2
34
2
6
2
60
2
6
3
26
4
3
3
9
31
6
3
35
7
2
3
41
1
6
2
6
2
2
2
61
2
3
1
1
3
1
2
11
3
2
3
66
2
7
1
3
5
5
3
45
7
5
2
11
2
6
3
53
2
1
2
37
4
7
1
63
2
6
1
67
1
6
2
47
4
4
2
7
3
4
1
8
3
5
1
53
2
6
2
36
1
7
2
43
3
1
3
1
8
3
2
71
3
2
2
18
3
2
2
55
2
6
3
71
1
7
2
17
3
2
3
37
4
1
3
12
4
2
3
27
13
6
3
43
3
1
2
42
4
1
2
54
2
2
3
45
5
2
3
2
5
2
1
11
1
3
3
4
22
4
1
42
1
7
3
43
4
2
3
38
11
3
3
42
2
6
3
30
21
4
1
6
1
6
1
6
2
7
3
16
2
4
2
45
1
1
2
8
1
4
3
63
1
6
1
3
6
4
1
31
2
5
2
42
2
6
3
3
10
5
3
8
14
1
3
6
1
5
1
34
7
7
2
39
4
3
3
35
2
5
3
37
8
4
3
66
6
2
3
34
1
3
2
12
2
3
2
36
5
4
3
15
8
1
2
3
1
4
3
5
5
3
1
47
3
3
2
16
2
2
3
7
1
3
1
39
4
2
2
65
2
5
2
71
1
5
3
28
13
5
2
29
3
2
1
32
1
5
2
25
1
2
3
3
2
2
3
31
15
6
2
6
3
6
1
52
3
1
1
15
1
4
1
36
1
1
3
33
23
7
1
34
3
4
2
30
2
1
3
16
6
3
1
22
2
4
1
43
1
4
1
25
2
6
2
30
1
6
3
17
8
4
3
25
9
7
3
54
2
1
1
16
7
5
2
35
2
7
1
10
4
6
3
68
14
2
3
55
17
4
2
22
3
6
2
32
4
2
3
52
10
4
1
26
1
3
3
7
5
3
2
37
2
5
2
16
3
7
2
68
1
6
2
4
2
1
3
53
4
3
1
23
3
7
3
4
28
6
1
10
6
5
3
49
5
4
2
5
3
2
2
29
2
6
1
67
3
2
2
2
2
4
3
8
18
6
1
38
3
2
2
49
4
7
2
49
2
2
1
28
3
1
1
36
2
4
1
60
2
6
1
63
1
3
3
36
2
3
3
9
30
1
2
23
1
2
2
26
1
3
1
17
2
1
3
17
11
7
2
43
5
1
1
44
3
5
3
47
3
7
2
45
3
5
3
40
1
7
2
9
2
7
3
71
5
7
2
1
2
2
3
5
2
2
1
4
8
6
2
5
1
5
3
47
9
7
2
3
2
4
1
22
1
4
1
40
3
7
2
31
1
6
3
68
2
6
1
30
13
5
1
2
7
4
3
49
2
2
3
40
5
3
3
60
14
6
3
55
13
3
1
27
2
1
2
25
2
6
3
23
9
2
1
53
1
5
2
26
2
5
1
13
8
1
1
65
1
7
2
53
2
2
2
17
1
4
2
68
3
5
2
33
1
2
3
10
7
1
1
66
2
4
2
38
3
2
3
32
3
2
1
5
2
2
3
44
6
5
1
39
1
4
2
10
3
2
3
29
8
1
2
44
4
6
3
67
9
1
3
14
15
5
1
65
2
5
1
41
3
6
3
26
1
3
1
7
6
6
3
13
8
6
2
60
3
5
1
44
2
2
3
61
10
2
2
52
2
7
2
40
2
4
3
29
2
2
2
10
1
6
1
52
1
7
1
1
2
2
1
33
1
2
3
31
19
1
2
53
3
2
1
9
5
2
1
18
7
1
2
63
2
4
3
2
2
6
1
32
5
3
3
65
19
2
1
68
2
5
3
23
12
3
1
35
3
2
3
6
6
2
1
8
15
7
1
38
1
4
3
63
9
4
1
28
1
2
1
45
1
7
3
30
18
3
2
66
2
2
3
27
11
4
2
40
4
7
1
71
2
3
1
54
3
6
2
22
2
3
3
54
1
7
2
13
2
4
3
33
15
6
2
23
2
6
2
33
3
7
3
22
2
2
1
14
11
5
1
61
1
1
3
18
6
7
2
27
2
4
3
36
4
5
1
26
3
7
3
25
5
7
1
61
2
4
2
38
1
6
3
44
7
6
2
4
3
3
2
34
3
7
1
13
6
6
2
13
1
1
2
7
2
3
3
1
1
3
3
10
5
1
2
39
2
2
2
54
1
1
1
4
4
6
1
31
15
2
1
16
2
1
3
15
15
3
1
12
1
3
2
41
3
3
1
68
3
5
3
39
1
1
1
40
2
6
1
54
1
3
2
8
3
6
2
18
4
4
1
37
2
4
2
55
3
7
1
55
1
2
2
9
3
5
3
11
7
4
1
29
2
3
3
65
7
5
2
1
3
7
1
23
1
3
1
2
1
1
1
49
1
5
2
2
1
4
2
12
1
4
2
67
2
7
2
47
1
1
1
49
2
4
1
30
5
6
2
15
2
6
1
71
3
1
2
66
3
2
1
41
1
1
1
66
1
3
2
15
3
1
1
9
10
7
2
35
3
3
2
65
1
5
1
33
2
7
3
41
3
6
3
38
7
2
3
13
9
3
3
32
5
1
2
61
3
1
3
11
9
7
2
31
3
7
2
14
1
5
1
45
2
4
2
44
2
1
1
7
11
3
1
5
1
7
2
27
1
1
2
14
2
5
3
22
8
7
3
42
3
4
3
18
23
1
3
67
8
2
1
14
4
1
3
14
4
1
1
35
1
2
1
29
3
2
