1
2
2
7
3
1
5
6
1
55
1
4
1
10
7
6
1
10
5
1
2
4
2
3
2
31
3
7
2
32
1
5
2
17
1
3
2
42
4
5
2
8
3
6
3
13
1
5
1
39
1
1
2
5
2
4
1
63
2
6
2
65
1
6
1
54
2
2
1
35
2
7
3
33
21
7
1
53
2
6
2
11
1
2
1
71
2
4
3
12
6
3
2
71
2
2
3
16
1
6
3
26
1
3
2
43
4
4
2
39
2
3
3
63
3
1
1
8
10
7
1
9
10
3
2
60
4
4
3
28
9
2
1
30
5
7
3
44
2
5
2
67
2
6
2
38
4
3
3
6
3
1
1
4
3
6
2
7
3
4
3
2
5
4
1
47
1
3
3
52
4
5
1
29
2
1
1
5
1
4
2
28
3
1
2
35
2
2
3
67
5
6
1
6
2
2
1
36
3
2
1
31
2
1
1
65
1
3
3
53
3
5
2
66
2
5
2
42
2
6
2
27
3
1
3
55
17
1
1
44
4
2
1
68
3
4
2
37
3
1
2
6
3
4
1
40
3
2
1
60
2
2
2
11
3
3
3
27
9
7
2
3
3
5
2
17
3
2
1
29
3
4
2
47
3
3
2
49
2
2
3
30
25
4
1
15
1
6
2
45
2
3
3
67
32
5
1
6
1
6
2
27
2
5
3
4
1
4
1
47
3
1
3
38
5
4
2
68
4
5
1
44
1
7
2
33
3
5
2
52
7
6
3
11
6
1
1
66
1
1
2
54
1
6
2
68
1
2
3
60
25
3
2
9
3
3
3
23
11
7
1
39
3
7
3
18
3
5
3
37
5
4
3
61
11
4
2
44
5
4
3
68
7
7
3
35
8
3
3
3
1
1
3
10
3
5
1
42
1
3
3
1
4
3
1
71
1
5
1
7
4
3
2
61
3
5
3
31
17
1
1
18
9
7
1
4
6
7
1
43
3
6
2
34
1
4
2
35
3
5
3
35
6
7
1
66
3
4
1
1
1
2
1
67
1
4
1
25
3
6
1
23
1
2
2
7
2
6
2
28
1
1
3
11
5
7
2
40
1
5
3
41
3
1
1
37
2
1
2
15
3
6
1
40
1
6
2
14
1
6
3
17
14
1
3
49
7
5
2
49
3
1
1
42
2
1
3
71
3
1
3
7
5
3
1
2
4
3
2
13
2
4
1
67
2
3
3
9
5
7
1
3
6
6
1
32
2
2
3
32
4
7
1
22
1
1
1
28
3
5
3
16
5
1
2
53
2
4
2
55
2
6
3
71
1
3
2
47
4
3
3
40
2
3
3
3
3
1
1
45
1
4
1
53
1
3
1
52
2
5
2
41
5
5
3
39
10
1
3
10
14
3
1
3
4
7
2
22
1
3
2
29
1
7
3
54
2
4
3
36
12
6
2
66
1
6
2
12
2
3
1
17
6
7
3
8
15
1
1
26
1
5
3
41
4
5
1
13
6
7
1
37
1
4
3
47
4
3
1
38
1
2
3
7
3
6
3
40
1
6
1
25
2
7
2
3
1
3
3
15
15
6
1
36
2
5
3
22
7
1
3
23
14
4
2
52
4
4
3
12
1
4
2
45
1
6
3
44
1
3
3
47
6
1
1
52
1
5
2
53
1
4
2
55
1
2
2
14
3
1
3
6
5
6
2
32
3
7
1
30
9
6
1
45
2
1
3
42
4
6
2
61
1
2
1
26
3
1
1
11
11
5
2
25
3
7
2
40
2
5
2
1
3
3
3
17
12
2
3
53
6
1
2
39
4
1
3
27
6
7
1
33
4
3
2
26
3
4
2
30
2
1
2
31
4
4
3
31
14
3
1
34
8
6
2
4
3
1
2
23
1
7
2
23
2
1
3
9
24
5
2
18
1
2
2
18
2
3
3
36
9
7
2
5
1
3
3
32
11
4
1
18
2
6
1
27
3
4
1
54
3
2
3
14
7
3
2
12
3
3
1
15
5
2
1
41
1
1
1
63
1
1
2
63
3
2
1
38
2
2
1
9
6
6
1
22
2
3
3
5
1
3
2
16
2
4
2
10
3
7
3
65
4
4
3
66
1
6
2
44
3
3
1
8
13
7
2
6
1
7
3
61
10
1
1
7
7
2
3
39
7
2
3
60
24
6
3
45
3
7
1
43
1
7
3
5
4
1
3
33
13
1
2
25
2
5
2
37
2
7
2
36
1
4
2
33
1
3
2
10
1
1
2
15
1
6
3
34
7
2
1
12
6
6
3
15
5
1
1
32
6
4
1
49
1
1
1
31
11
2
1
23
2
4
3
2
3
4
2
65
2
5
3
18
22
2
1
1
3
3
1
12
8
6
1
33
1
4
1
68
2
7
3
29
11
6
2
2
2
6
2
22
3
4
3
29
8
1
3
66
3
5
1
14
19
5
3
65
7
5
3
52
5
2
3
42
3
1
1
5
2
4
1
11
8
7
2
34
2
3
3
54
1
7
1
13
4
3
3
43
7
2
2
29
3
7
2
67
1
4
2
1
2
3
2
60
1
4
2
8
1
4
3
26
6
7
3
43
2
6
3
49
5
2
2
54
2
5
3
13
3
4
1
61
3
5
2
26
2
3
1
65
2
4
2
13
1
6
1
60
1
2
2
63
1
4
3
22
9
4
3
68
1
2
2
41
3
4
3
25
6
3
2
2
1
1
3
4
15
3
1
49
2
2
3
55
12
6
1
16
5
6
3
63
6
7
1
28
2
1
1
61
1
2
3
8
12
7
1
27
1
2
1
35
4
3
3
34
4
1
3
45
6
4
1
34
11
2
2
71
3
5
2
9
1
5
3
37
6
6
3
38
11
1
3
28
4
3
2
30
4
3
2
38
2
3
1
41
2
1
1
55
2
5
1
14
21
4
2
43
1
5
3
14
11
5
3
25
7
3
2
16
3
6
3
30
21
4
1
17
16
4
1
16
6
7
2
36
5
4
