1
63
1
7
3
65
13
5
2
1
3
5
3
15
4
6
2
36
3
4
2
38
4
1
1
34
9
3
1
5
2
5
3
29
17
3
1
10
8
6
2
12
2
3
3
29
6
2
3
32
11
1
2
27
2
3
3
41
1
5
3
39
3
2
3
33
12
3
2
2
2
5
1
31
1
5
1
35
3
5
1
16
3
6
3
28
13
6
3
6
1
1
2
6
2
4
2
16
3
4
2
2
3
1
1
45
1
5
2
4
3
1
3
17
4
2
1
10
4
3
3
18
13
6
2
65
3
1
1
25
2
1
3
14
17
6
3
32
7
1
1
23
2
5
1
63
2
1
2
61
1
2
3
66
9
4
2
63
2
7
2
17
3
7
1
22
1
3
1
30
11
3
1
65
1
4
3
63
1
2
2
41
2
1
1
53
1
1
1
15
2
6
1
30
8
7
3
26
6
7
1
28
3
4
1
61
3
3
2
31
2
6
3
43
8
3
3
13
7
2
3
49
7
5
1
71
2
7
3
60
10
1
2
37
1
6
3
8
15
5
3
47
5
3
1
17
10
7
2
15
1
1
3
36
6
3
2
28
1
3
3
11
17
4
3
34
6
5
2
41
1
5
1
52
3
7
3
8
19
7
2
6
1
5
2
11
2
6
2
13
2
3
1
5
1
3
2
53
3
6
1
65
2
7
1
55
1
7
1
40
2
4
1
68
1
1
1
43
2
3
3
53
4
3
2
42
4
3
1
34
6
1
2
60
4
1
2
39
2
3
1
32
3
2
3
71
1
3
2
37
3
3
3
1
1
1
2
14
3
1
1
53
2
7
1
13
9
7
2
1
1
3
2
55
3
2
1
52
2
1
3
7
2
6
3
4
27
4
3
15
17
5
2
35
1
4
2
68
2
3
1
15
1
5
2
45
1
3
3
47
2
6
1
32
1
1
3
61
8
6
3
63
8
1
2
52
1
5
3
45
7
1
2
53
2
4
3
52
14
6
2
32
3
2
2
49
1
4
1
67
3
2
3
5
4
3
1
9
1
2
2
40
1
7
2
60
3
5
1
36
2
6
1
47
2
2
1
29
3
7
3
25
2
7
1
7
1
3
1
8
4
5
3
1
5
7
3
35
1
4
2
47
3
4
1
3
8
3
1
44
3
6
3
16
6
4
2
26
2
4
1
49
1
3
2
9
2
6
1
22
2
5
1
71
3
4
3
65
7
4
2
30
3
4
3
61
6
3
3
44
10
6
3
34
2
5
2
34
1
3
3
45
4
7
1
27
3
7
2
42
1
7
3
44
7
1
1
23
1
7
1
41
1
2
1
66
2
4
2
23
2
7
3
67
9
4
1
45
2
7
3
71
5
2
2
5
2
4
2
5
3
2
1
9
14
1
1
61
2
7
1
1
1
5
2
25
1
3
2
65
2
1
1
40
1
2
2
39
4
5
2
10
1
6
2
47
2
4
3
40
6
3
2
71
3
5
1
31
18
1
2
63
3
2
3
18
11
5
3
4
6
6
2
16
2
6
3
23
5
1
1
4
4
6
2
68
1
1
2
52
6
4
2
28
2
4
2
44
2
2
1
60
2
6
3
25
6
4
2
43
5
7
1
26
2
6
2
71
2
2
1
8
9
5
3
11
3
2
2
40
2
1
1
3
7
3
1
39
1
4
3
55
4
5
1
6
1
2
2
18
4
7
1
42
2
5
3
9
31
2
2
54
2
4
2
29
1
2
1
35
4
4
3
3
4
6
1
11
10
6
2
61
3
5
1
54
3
6
1
18
11
1
1
12
15
7
3
22
1
4
1
16
1
7
1
7
4
4
3
38
12
4
2
17
2
6
1
2
7
7
3
53
7
7
1
27
1
5
3
7
4
4
2
66
2
6
3
2
1
5
2
27
3
2
3
3
6
7
1
47
3
3
2
66
1
6
2
22
2
4
1
42
1
5
3
28
2
3
1
2
4
6
3
2
8
4
3
27
7
4
1
54
1
7
2
29
3
6
3
36
5
6
2
35
3
1
3
30
11
2
3
33
6
1
2
18
3
5
3
10
1
4
1
37
1
3
2
8
1
4
1
38
3
3
1
1
3
6
2
14
2
1
1
39
2
7
3
54
1
6
2
32
4
6
1
14
20
6
3
16
8
6
1
44
2
4
3
22
3
1
3
23
9
3
2
12
3
7
3
37
5
6
2
26
4
1
2
31
4
7
1
68
3
3
3
10
13
1
3
60
32
7
2
36
5
4
1
67
2
6
3
37
3
3
1
38
2
5
2
8
2
4
3
68
1
3
3
43
7
5
1
49
2
5
1
33
3
7
2
67
1
6
3
68
5
7
3
12
2
3
2
33
3
7
3
42
3
6
2
11
3
2
3
9
5
3
2
15
3
2
1
18
1
3
3
27
13
5
2
34
2
7
1
66
3
4
2
30
1
6
2
49
3
7
1
12
13
3
3
49
6
3
2
3
1
3
1
17
12
4
1
43
3
7
2
25
2
3
1
41
3
4
3
38
5
5
2
9
3
3
1
28
2
5
2
44
5
7
2
55
1
2
2
22
3
5
2
33
2
1
1
55
2
4
2
38
1
2
3
17
2
1
1
36
3
2
2
67
2
1
1
13
4
1
2
54
1
2
3
39
7
4
3
52
1
6
1
33
7
1
3
66
2
6
3
13
6
1
1
14
22
2
3
67
33
7
3
30
16
3
2
4
2
1
3
12
3
2
2
7
2
2
3
54
2
5
2
13
1
7
3
31
22
2
3
31
28
5
3
14
14
1
3
5
3
7
1
6
2
5
3
6
6
6
2
23
1
1
1
29
2
5
3
26
2
6
1
25
3
2
3
40
3
4
2
7
3
2
2
43
2
4
1
11
5
1
1
4
7
4
3
35
3
5
2
10
2
4
3
41
2
7
3
55
13
6
1
26
3
6
2
3
2
3
1
60
1
6
1
37
2
7
3
42
4
2
2
45
4
2
