3
13
2
7
2
9
3
6
1
7
8
7
1
5
2
1
2
14
3
7
2
67
2
5
1
29
1
7
3
34
9
2
3
4
3
7
3
25
5
3
1
26
1
5
2
17
1
1
1
5
1
3
1
42
2
3
2
30
1
2
3
14
10
7
1
60
2
6
2
14
1
4
3
36
6
4
2
7
1
4
3
67
31
5
3
11
22
6
3
35
6
2
1
68
3
7
2
13
2
4
3
25
9
7
1
55
2
2
1
40
2
4
2
66
2
4
3
36
15
2
2
71
3
1
3
60
9
4
3
49
8
4
2
34
2
6
3
41
1
4
2
26
4
3
3
28
14
5
3
12
5
7
2
17
3
4
3
30
8
2
2
8
1
6
1
53
2
1
3
15
17
6
1
55
1
3
3
33
20
2
1
44
2
3
2
32
4
5
3
55
5
1
1
6
2
1
1
47
3
2
2
33
3
7
3
2
11
7
2
61
1
2
1
63
1
7
3
29
2
7
2
45
4
7
3
66
3
7
1
34
11
1
1
38
3
5
2
35
1
1
2
44
3
3
3
3
6
4
1
29
3
3
1
17
13
5
2
35
3
2
3
68
9
3
3
27
11
1
1
32
3
4
3
47
2
2
1
32
4
7
1
31
7
7
1
18
10
4
1
14
5
5
3
7
1
5
3
6
6
2
1
1
1
5
3
6
1
3
3
32
7
4
2
10
2
1
3
31
9
6
2
47
4
2
3
47
8
7
1
25
1
3
1
38
2
4
2
23
3
6
1
67
3
5
2
23
1
3
2
4
2
5
2
3
3
4
1
49
1
7
3
30
20
4
1
4
6
2
1
18
9
4
2
42
4
6
3
71
1
4
3
45
2
6
1
27
2
5
1
15
1
7
2
38
3
3
2
53
3
2
1
28
3
2
2
16
3
2
3
23
9
2
3
28
7
7
2
18
1
1
2
66
3
6
2
15
2
4
1
9
3
7
3
43
8
6
1
23
1
2
2
25
2
5
1
42
1
7
2
22
2
2
2
12
3
7
3
66
2
6
1
44
3
2
1
67
1
1
1
41
3
2
2
52
5
2
3
34
11
2
3
35
7
2
2
2
2
2
2
5
2
1
2
13
3
3
2
71
1
5
3
63
10
2
3
9
18
5
3
54
1
2
3
8
1
7
2
36
1
4
3
31
28
5
2
49
3
4
1
45
1
5
3
18
7
7
1
13
8
3
3
23
12
2
3
2
5
3
2
60
3
2
2
11
3
6
1
11
5
3
3
52
17
1
2
28
2
4
3
68
10
7
3
14
13
1
1
71
2
3
3
54
2
6
1
43
1
4
2
54
2
1
3
11
14
3
3
44
1
2
2
33
1
5
2
41
3
3
3
44
6
1
1
2
7
1
2
6
3
4
1
43
2
1
3
63
4
6
2
2
3
6
3
22
3
5
1
63
2
3
3
42
3
3
3
4
28
5
3
37
12
7
1
45
2
3
2
31
4
1
3
53
6
1
1
27
3
6
3
17
11
4
1
52
3
7
2
68
2
4
2
39
3
4
2
29
2
1
1
36
3
5
1
2
6
7
2
25
1
4
3
5
4
2
1
6
1
1
2
67
1
1
3
18
5
4
2
8
2
2
1
16
1
1
2
63
3
1
3
53
7
6
1
33
2
3
2
65
2
2
3
26
1
1
1
30
14
4
2
10
1
7
1
37
2
2
3
40
5
6
3
3
2
6
3
7
2
7
1
13
6
5
3
27
3
1
1
3
1
2
2
22
1
7
1
60
1
7
1
7
5
1
3
15
14
6
2
60
4
6
3
61
5
1
2
63
1
2
2
38
2
1
1
17
1
2
2
43
4
1
1
49
2
7
3
22
11
7
1
41
2
5
3
12
1
2
1
61
3
5
1
10
6
2
2
3
2
1
2
6
1
4
2
29
3
7
2
9
2
7
1
40
1
6
3
26
3
7
1
4
8
1
1
10
5
7
1
3
3
3
2
47
1
1
2
34
1
2
3
9
30
6
1
30
4
7
1
35
2
5
2
52
2
5
2
32
2
4
3
38
6
2
3
71
4
3
1
8
15
7
3
1
7
1
2
27
1
6
2
39
4
1
1
15
4
3
1
12
4
7
2
7
3
7
2
53
1
6
1
39
3
7
3
33
5
2
2
36
3
5
2
61
2
1
1
25
2
5
3
40
1
6
3
60
31
5
3
49
4
1
1
33
5
7
3
39
1
4
2
1
1
3
3
10
26
7
1
66
2
4
2
68
3
4
1
37
1
6
2
45
1
7
1
54
2
3
1
36
1
2
1
22
2
3
1
47
2
1
3
29
4
6
2
1
2
7
3
65
5
4
3
38
3
3
1
28
2
4
2
42
3
3
3
55
12
5
2
40
1
4
2
43
1
3
2
65
3
2
1
23
3
1
1
22
3
3
3
13
8
1
1
53
1
7
1
68
2
1
1
34
5
7
2
26
3
6
2
18
2
6
2
31
5
7
3
5
2
5
2
41
5
7
2
55
1
1
1
54
1
7
2
54
1
4
3
52
14
5
3
45
1
7
3
67
20
5
1
65
1
2
1
52
2
6
2
11
1
6
2
27
3
1
1
71
3
7
1
31
4
1
2
12
1
2
1
9
8
6
2
40
4
4
2
5
1
7
1
1
2
3
2
15
1
7
1
61
1
5
3
39
7
1
3
1
4
6
2
37
2
6
2
4
1
3
3
37
10
1
1
8
8
1
3
32
9
6
2
55
3
1
2
49
1
3
3
10
14
5
3
41
4
1
1
26
3
2
1
39
4
6
1
12
3
3
1
66
1
4
1
35
4
7
1
16
5
4
2
44
1
2
3
61
9
3
3
17
12
6
2
30
2
5
3
16
8
6
3
16
1
5
2
37
3
1
1
65
2
1
3
43
1
5
3
65
13
2
3
42
1
5
2
28
3
7
3
8
19
1
1
14
15
3
2
16
2
2
1
11
4
5
