2
66
1
1
3
35
4
2
2
41
3
4
2
40
2
3
1
15
2
3
1
1
3
5
1
3
7
6
1
16
3
2
1
67
1
6
3
23
16
4
3
71
2
4
1
11
12
4
2
65
1
7
1
49
2
6
3
32
12
4
1
12
1
7
3
25
8
2
1
52
3
1
2
52
6
5
2
53
2
3
3
42
1
1
2
4
2
7
1
38
2
2
3
28
1
6
2
17
1
5
3
10
18
3
1
41
1
4
2
10
3
1
2
35
1
4
2
60
1
5
1
65
2
7
2
1
1
1
1
53
2
6
3
40
3
5
1
44
1
2
2
55
1
2
3
10
9
3
2
32
3
1
1
23
2
4
2
33
3
2
3
25
6
7
3
11
25
4
2
45
1
1
3
12
7
7
2
31
5
5
3
6
5
3
2
34
3
2
2
27
3
7
3
63
13
7
1
65
1
2
2
38
5
1
2
61
2
7
2
27
1
2
3
43
1
1
2
66
3
7
3
37
5
7
3
4
2
4
2
68
1
3
1
45
1
1
2
16
2
1
1
6
1
3
3
60
8
7
2
18
4
5
1
9
14
1
2
47
4
5
3
67
38
4
2
8
3
3
1
6
2
5
3
49
6
2
3
11
23
3
3
47
3
5
3
53
2
3
2
14
1
4
2
11
2
2
1
5
1
4
2
17
3
6
3
54
1
3
2
61
1
5
2
35
2
4
3
16
8
4
2
25
3
7
3
38
10
7
3
2
5
7
2
34
1
1
2
32
4
3
1
36
1
6
2
45
4
3
1
29
3
7
2
36
1
6
1
8
17
2
1
35
1
1
1
52
1
2
1
61
3
1
3
3
2
6
3
35
6
2
3
13
4
6
1
13
9
5
2
3
1
7
1
4
4
1
1
25
2
1
2
31
3
3
2
43
5
3
3
52
3
5
3
36
5
4
2
67
2
2
2
71
2
2
2
9
3
5
3
5
4
3
1
29
1
5
1
13
1
5
1
31
17
1
3
38
3
5
3
26
3
1
1
22
3
3
2
6
2
2
1
7
10
3
1
18
1
4
3
41
2
6
2
13
1
3
2
23
1
4
1
54
3
4
2
43
2
5
2
26
1
4
2
54
2
7
2
65
2
1
2
26
2
6
3
30
18
7
1
37
2
7
3
66
6
7
2
39
2
7
1
1
1
6
1
2
5
5
3
34
4
3
1
42
2
7
1
17
4
1
2
28
3
6
3
15
5
7
2
68
2
6
3
52
15
3
1
43
1
7
2
39
3
5
1
38
1
2
2
6
1
5
2
42
2
4
2
53
1
5
3
29
16
4
2
37
1
2
2
55
2
4
2
5
3
5
3
1
3
2
2
1
2
3
1
9
6
3
2
22
1
7
2
49
4
4
1
66
3
7
2
37
4
3
2
16
1
3
1
10
1
7
3
44
3
3
3
8
18
5
3
14
9
6
3
6
1
7
1
47
1
5
3
4
14
6
2
25
1
4
2
18
3
5
1
23
3
5
1
39
3
6
3
33
11
6
2
23
3
3
3
41
4
5
3
8
15
7
3
49
7
7
1
25
3
7
1
68
1
2
1
49
1
6
3
27
17
4
1
17
3
2
3
63
11
3
3
9
18
4
2
29
1
2
2
63
1
1
3
53
6
7
2
3
2
1
1
22
1
7
3
43
2
1
3
40
4
4
3
18
15
3
3
54
2
6
3
61
1
6
1
33
4
4
1
32
7
5
2
30
2
3
1
53
1
2
1
27
1
4
1
60
1
1
2
47
2
3
2
12
1
2
3
3
9
7
1
66
1
5
2
2
3
6
3
14
18
3
1
47
2
5
3
39
5
4
1
45
2
1
3
33
4
4
1
26
1
2
1
10
7
6
3
36
2
2
1
41
3
4
3
68
3
6
1
44
2
7
3
45
2
5
1
4
3
5
1
63
2
7
2
11
3
5
3
29
12
6
2
13
3
1
1
16
2
5
2
14
2
3
2
67
1
3
1
61
2
5
1
68
2
4
3
1
1
2
2
15
3
2
1
33
6
7
3
60
5
7
3
7
2
5
2
63
3
1
2
71
1
2
3
17
4
6
1
14
14
7
2
4
3
1
2
7
2
1
3
66
4
6
3
30
17
2
1
40
2
3
1
30
21
4
1
36
2
3
1
34
1
3
2
40
4
3
1
28
1
6
3
55
17
2
3
16
2
6
3
55
9
7
1
26
3
1
3
34
8
7
3
13
8
6
3
45
1
1
2
36
5
6
1
35
3
7
1
5
2
4
2
5
2
5
1
8
16
2
3
22
2
6
1
37
1
6
3
68
13
3
3
15
1
3
1
60
2
6
2
38
2
3
1
18
7
2
1
34
4
1
3
27
2
3
1
11
5
6
2
54
1
4
2
22
2
6
1
43
2
1
2
41
5
3
3
31
29
6
1
31
9
5
3
39
8
3
3
65
17
7
1
63
1
4
2
10
1
1
1
55
2
7
1
32
1
7
3
44
4
4
1
71
2
3
3
61
8
7
3
22
4
1
2
7
3
6
1
39
2
4
1
28
3
7
3
47
2
5
1
14
4
7
1
27
3
4
3
7
3
1
1
3
2
6
3
67
4
1
2
15
2
6
2
12
2
3
1
7
8
4
3
28
11
6
1
40
3
2
2
49
3
7
2
44
5
2
1
55
1
5
2
2
2
5
3
26
7
4
1
30
14
1
2
52
5
2
2
9
1
1
2
8
1
4
3
5
2
7
1
54
1
3
1
71
1
2
1
15
3
6
3
9
24
2
3
17
6
6
2
30
3
3
1
67
2
1
1
2
2
3
3
18
12
2
2
42
3
5
3
71
1
2
3
2
4
7
2
33
1
6
3
37
6
3
1
42
1
2
3
42
2
2
2
28
2
7
2
44
3
1
3
32
8
1
3
23
8
2
2
29
3
5
3
12
1
5
2
60
4
7
1
12
6
2
3
65
15
6
3
31
26
2
