1
22
3
2
3
2
12
2
3
45
6
5
2
36
4
4
1
15
2
1
1
11
4
3
1
60
2
3
3
34
7
6
3
63
7
1
3
16
8
5
2
5
2
5
1
5
1
3
1
71
3
6
1
68
3
2
2
71
1
4
1
34
10
6
1
53
2
1
2
15
2
3
2
32
2
1
2
35
3
4
3
34
9
1
3
27
2
7
1
9
14
7
2
22
2
7
3
66
8
3
2
23
3
6
1
61
1
4
2
27
3
4
2
11
3
1
2
39
4
2
2
66
1
4
3
44
9
5
3
10
25
3
2
16
3
1
3
31
5
3
1
52
1
6
2
31
4
7
2
33
1
2
3
4
9
5
1
36
3
1
1
31
13
2
3
29
3
5
3
43
1
5
2
39
2
3
2
66
2
3
2
68
3
7
2
53
3
6
2
37
2
7
2
11
2
7
3
23
4
4
1
60
1
5
1
13
5
3
2
38
4
2
2
63
3
7
2
61
3
7
1
44
1
7
3
33
14
2
2
15
3
6
1
45
1
6
3
52
3
5
1
30
14
6
2
8
1
1
1
54
2
2
1
10
2
6
3
35
4
7
1
16
7
6
3
6
5
2
1
5
2
6
2
29
1
1
2
37
1
5
3
17
2
6
3
1
6
7
2
10
1
2
1
55
2
3
2
54
1
7
2
31
5
2
2
52
1
4
2
14
3
5
3
39
4
7
1
18
5
7
1
16
5
4
2
47
4
7
3
40
5
1
1
12
9
6
1
2
1
5
2
10
3
3
3
36
10
5
3
8
17
5
2
18
1
2
1
15
3
1
3
13
3
4
2
17
2
6
2
38
5
3
1
25
2
2
3
28
12
3
1
71
2
2
3
44
4
5
3
15
11
6
3
18
4
4
1
17
6
3
3
1
5
1
2
9
2
5
2
40
2
5
3
22
7
6
2
67
2
2
3
7
3
6
2
34
2
7
3
68
3
7
1
55
1
7
1
33
7
6
3
25
8
5
2
16
2
3
1
35
1
4
1
3
4
5
2
61
2
3
3
10
15
2
1
49
2
3
2
28
2
3
1
42
2
1
1
47
2
6
3
63
11
7
1
39
3
2
2
2
2
6
3
33
2
5
1
63
2
6
1
61
2
7
1
37
1
5
1
12
10
3
2
28
3
4
1
18
14
6
1
11
10
2
1
23
3
1
3
36
2
2
2
25
2
7
3
53
3
1
2
8
2
2
1
13
1
2
1
66
3
5
2
44
3
4
2
49
3
7
1
44
2
4
1
37
2
2
2
63
2
5
2
9
1
2
1
7
6
4
1
14
17
4
3
11
24
2
3
71
2
4
1
43
1
2
1
17
4
3
2
42
2
1
3
43
7
1
3
2
3
5
1
34
3
5
1
1
3
1
3
65
21
6
2
67
1
7
3
65
6
7
3
7
5
4
3
15
5
1
2
34
1
5
3
5
2
6
3
52
7
5
2
55
1
2
3
47
9
2
1
42
1
1
1
65
1
2
2
41
5
2
1
29
2
5
2
41
1
4
1
4
8
3
2
12
2
6
3
32
10
2
2
54
2
4
1
43
2
5
3
54
1
1
2
40
4
2
1
36
1
2
2
1
1
1
3
68
9
4
3
26
7
7
1
33
1
2
3
53
6
2
1
38
1
7
1
38
2
4
2
53
1
1
3
39
7
4
3
55
16
6
1
40
2
1
2
45
4
3
3
67
22
2
3
67
9
2
2
52
4
6
3
6
4
6
1
32
3
4
1
67
3
7
1
22
1
5
2
22
3
1
2
35
2
2
2
29
3
4
2
26
4
7
2
6
2
1
2
26
2
7
3
12
6
2
3
5
5
6
1
45
2
4
3
35
3
7
3
42
3
5
3
49
1
6
2
12
1
2
1
27
1
6
1
28
3
5
2
32
1
7
1
30
1
7
2
2
1
1
3
32
9
1
2
23
1
7
1
29
3
4
1
4
4
3
1
40
3
1
1
39
1
2
1
26
1
3
3
11
19
2
2
13
1
3
2
3
1
2
2
49
2
3
2
36
2
6
3
66
5
1
3
54
2
4
3
14
9
5
1
6
2
3
3
61
9
1
3
9
2
5
2
65
3
6
1
52
3
6
2
43
2
4
2
71
3
1
3
49
8
4
3
38
9
1
2
1
2
3
2
47
1
6
2
43
4
4
1
31
6
2
3
14
8
4
3
61
10
2
1
53
1
6
1
3
1
3
2
5
3
5
3
71
4
2
1
49
1
1
1
28
1
2
3
17
10
5
3
60
4
7
1
7
7
1
3
8
10
7
3
23
13
5
3
29
17
1
3
30
27
1
3
12
7
3
2
27
2
5
3
40
4
6
3
3
6
4
2
17
3
7
3
9
15
1
3
3
2
2
3
13
4
4
3
47
4
2
3
4
26
1
1
23
1
2
1
32
1
3
2
45
3
4
1
65
2
6
1
26
2
3
3
27
17
2
3
28
11
1
3
37
1
2
1
47
1
4
2
4
2
7
1
1
2
3
1
27
3
5
2
30
4
5
2
18
2
2
2
7
2
5
2
25
1
5
3
41
3
5
2
6
1
3
2
30
2
1
3
38
7
2
2
42
3
3
3
60
31
4
1
6
1
2
2
44
1
2
1
41
2
2
3
31
4
3
2
33
3
2
1
66
2
6
1
68
2
7
3
37
7
3
1
63
1
2
3
45
1
3
3
18
19
7
2
65
2
2
2
3
3
1
3
30
23
5
1
9
4
3
2
13
3
3
2
60
4
2
1
14
10
2
2
4
3
7
3
55
9
5
3
25
3
1
1
54
3
5
2
14
2
6
3
42
2
5
3
16
2
2
2
60
3
7
1
41
3
5
1
67
1
5
2
7
3
7
1
10
1
7
3
41
4
4
1
25
3
4
1
35
2
2
2
68
1
2
1
8
10
4
3
22
8
2
1
2
7
2
3
26
9
7
1
8
11
5
2
55
3
1
