3
54
1
4
2
35
1
1
3
12
7
6
3
23
9
6
3
17
7
7
1
66
1
3
1
36
2
5
3
23
10
3
3
22
1
1
1
49
2
5
1
4
3
1
2
33
2
7
1
3
8
4
3
28
4
4
3
38
2
6
1
68
1
3
2
16
3
3
3
4
11
6
1
37
1
5
2
63
3
5
2
14
3
2
2
31
4
6
2
6
3
2
1
42
2
4
2
15
3
5
3
6
4
5
3
54
2
7
1
8
2
4
2
18
2
5
1
11
8
5
1
38
1
4
1
35
4
6
3
14
24
3
3
34
5
6
1
52
1
6
1
45
1
1
3
34
9
2
3
44
9
3
2
52
3
3
1
27
3
2
2
12
1
4
2
29
2
4
3
13
6
5
2
16
1
5
3
1
5
6
3
16
3
3
3
49
6
4
3
5
3
7
1
32
4
6
2
6
1
3
3
68
12
3
2
5
1
4
1
15
2
2
3
2
5
6
2
39
4
5
1
67
3
3
2
27
2
6
2
30
5
5
3
36
3
5
1
40
3
2
3
25
4
6
3
6
6
5
3
65
1
7
1
43
1
7
1
65
2
4
2
26
4
7
3
27
12
5
1
33
8
1
2
17
3
3
2
49
4
1
1
35
3
5
3
47
1
4
3
1
7
7
2
25
2
3
3
66
9
3
2
38
1
2
1
2
5
5
2
61
1
3
3
61
10
7
1
14
1
4
2
61
2
4
1
6
2
6
3
30
12
4
3
42
4
1
1
12
7
6
1
65
1
5
1
15
3
2
3
29
8
7
3
38
4
1
1
17
9
6
1
39
4
7
3
52
14
7
2
36
2
2
3
39
3
2
3
67
11
4
3
11
17
1
2
43
4
1
3
36
1
3
3
8
11
7
2
37
2
1
1
67
2
1
2
44
1
1
1
37
2
3
2
40
2
5
1
16
2
2
2
67
2
6
3
14
23
2
2
15
1
6
3
18
20
2
3
47
5
7
3
13
7
7
2
37
1
4
2
31
1
5
2
7
1
3
3
43
7
7
1
25
2
2
1
1
3
6
2
45
2
6
3
63
9
1
2
42
2
3
1
55
2
1
2
47
4
7
3
52
3
3
1
26
2
3
3
9
21
2
3
55
10
4
3
17
1
1
1
28
3
7
3
31
13
1
1
30
15
2
1
4
4
5
3
61
2
3
1
68
2
7
2
10
3
3
2
63
1
2
2
71
3
5
2
28
2
2
3
39
4
1
1
11
6
1
1
31
6
1
1
17
2
6
2
2
1
6
2
52
7
6
2
39
2
6
2
30
3
2
1
16
7
7
1
27
1
6
1
10
7
1
1
41
1
1
1
28
2
5
1
26
1
6
1
43
3
5
1
45
2
6
3
26
6
2
1
42
1
1
2
1
3
3
2
3
1
4
3
60
13
5
3
22
7
6
2
29
3
7
1
60
2
4
2
33
1
5
2
27
1
7
3
33
1
2
1
44
2
4
3
2
7
2
1
13
8
4
1
71
2
2
2
54
2
6
2
49
2
3
1
8
7
7
2
40
4
6
1
2
6
2
1
44
4
7
1
30
16
1
3
5
1
2
3
3
3
2
2
38
3
3
2
71
2
1
2
60
2
3
2
66
2
7
1
55
1
4
1
49
1
4
2
53
2
3
3
41
4
5
2
13
2
1
3
15
1
4
2
54
1
2
3
71
4
6
2
47
1
7
1
9
3
6
2
11
2
7
1
47
1
5
1
29
3
2
2
4
3
5
1
7
10
5
1
22
1
4
3
30
4
5
2
34
1
2
2
41
5
6
1
5
2
3
3
25
2
4
2
23
2
2
2
4
2
6
3
66
7
3
3
3
7
4
2
2
2
7
2
68
3
4
2
22
3
2
3
12
2
6
3
43
4
5
2
67
1
6
3
67
4
1
1
14
2
1
2
23
3
7
1
22
3
5
2
9
2
2
2
65
3
1
1
52
2
6
1
66
3
3
2
1
2
4
2
8
3
2
3
71
3
7
1
7
5
4
2
55
3
6
3
55
9
3
3
16
5
4
3
32
9
4
3
15
7
1
3
4
23
6
3
7
5
1
2
12
3
6
1
34
8
2
1
6
1
6
1
53
1
2
3
35
7
7
2
66
1
3
2
68
4
3
1
54
2
5
2
28
1
3
2
14
1
6
3
42
2
6
2
26
3
6
3
9
32
3
2
36
1
5
2
65
1
2
3
53
5
2
2
35
2
7
3
45
5
5
3
18
22
5
1
18
3
4
3
49
7
7
2
13
1
7
3
40
6
1
3
53
4
1
3
35
8
2
3
45
7
1
3
8
16
2
1
36
3
1
1
1
2
2
1
39
3
1
1
53
2
6
3
37
11
2
1
47
3
5
3
37
4
1
1
25
3
3
1
71
1
3
1
10
2
3
1
61
3
6
2
53
1
4
3
27
9
5
3
68
3
6
1
18
6
1
2
32
4
2
2
7
2
1
3
63
2
7
1
41
3
4
3
65
7
3
2
41
3
2
2
10
1
3
1
3
6
5
2
60
1
4
2
5
3
5
1
31
4
1
1
63
2
1
1
29
2
2
3
10
14
5
3
26
8
1
2
42
3
6
3
10
25
2
2
25
3
7
2
8
1
1
2
32
2
3
1
63
1
3
1
9
6
5
2
45
4
1
1
23
1
1
3
33
17
3
1
32
2
1
1
61
2
3
2
11
1
2
1
33
3
3
3
41
3
2
2
44
3
3
3
11
26
5
1
13
5
4
1
34
7
6
2
3
3
5
3
40
3
2
3
44
6
4
3
29
17
1
2
18
4
2
1
12
8
6
3
7
4
6
3
60
19
7
2
22
1
2
3
31
9
5
1
23
2
6
2
43
3
3
2
55
1
5
2
9
1
1
1
5
1
7
1
60
1
1
1
54
1
2
1
38
3
3
2
34
3
5
2
17
2
7
1
40
1
5
3
32
10
5
3
28
5
3
