3
49
1
3
1
30
15
5
2
42
3
5
2
4
2
7
1
7
7
3
1
35
3
7
1
61
1
1
1
6
2
1
2
71
3
3
3
8
4
5
2
15
2
3
3
52
1
6
1
71
3
3
1
37
1
5
3
31
30
7
1
25
2
6
1
61
3
5
2
8
3
3
2
52
4
7
3
60
6
2
1
65
1
5
2
36
3
6
2
40
3
6
1
4
2
6
2
61
3
4
3
22
11
3
1
32
1
6
3
18
6
1
2
22
3
2
2
68
4
7
1
55
1
1
3
9
28
6
1
49
1
6
3
43
1
5
1
9
5
1
1
14
14
5
3
10
1
4
3
45
6
6
3
45
7
6
2
7
1
5
1
23
3
2
2
34
3
5
1
16
6
1
2
34
1
5
1
44
4
7
1
15
2
3
3
25
6
6
1
39
2
4
3
66
4
2
1
23
2
1
3
71
3
3
3
1
5
7
2
5
1
7
1
1
2
3
1
28
2
1
1
22
1
7
3
39
10
7
1
38
3
7
3
33
8
1
1
17
16
2
2
60
4
3
2
42
4
7
3
38
6
7
1
67
1
2
1
40
3
1
1
60
2
2
3
13
8
1
2
38
1
3
3
65
17
5
2
43
4
6
1
13
8
4
3
26
5
1
3
55
14
4
1
34
4
3
1
26
3
6
3
53
4
4
2
12
2
2
1
22
3
5
3
47
3
1
1
29
2
5
3
17
13
2
2
54
2
5
1
31
18
3
2
3
2
6
3
49
7
2
2
44
3
1
2
67
2
5
3
23
12
5
2
5
3
4
1
36
1
7
2
31
5
7
3
52
8
1
1
10
2
1
1
8
1
3
1
11
1
4
2
31
4
5
2
6
2
1
1
7
10
3
1
17
8
5
2
27
1
3
3
15
16
1
3
41
1
4
3
63
8
2
3
6
5
5
1
12
9
2
3
68
11
6
1
2
3
1
1
29
3
6
1
8
9
2
3
30
18
3
2
45
3
2
2
40
1
1
2
9
2
1
2
17
3
1
2
65
4
3
3
8
14
1
2
28
2
3
2
13
3
6
1
32
2
5
2
52
6
1
1
34
3
2
2
30
1
1
1
54
1
7
2
16
3
5
1
14
6
5
2
66
3
5
2
53
2
7
3
54
2
3
3
34
9
1
1
25
3
1
2
37
4
4
2
26
1
4
2
63
1
4
2
23
2
2
2
33
3
7
2
13
1
2
2
35
1
4
2
47
4
3
3
7
3
3
1
36
3
1
2
67
1
7
3
10
26
7
2
61
2
6
3
36
5
7
1
35
1
6
3
9
32
1
1
65
2
3
2
53
3
1
2
10
1
6
1
66
2
5
3
11
5
4
3
22
10
5
3
35
8
6
2
29
3
6
2
23
1
5
2
68
2
3
2
3
3
4
1
47
2
1
3
35
4
1
3
25
1
3
3
37
6
3
3
32
10
3
3
71
1
2
1
41
3
7
1
43
2
3
1
71
2
4
1
16
4
6
3
63
1
2
2
7
2
1
1
52
1
6
1
53
1
2
1
47
1
5
3
31
12
6
1
63
1
3
2
55
3
4
2
18
2
1
2
45
4
1
3
65
10
2
1
60
1
6
1
2
5
2
3
61
7
7
2
63
3
2
3
5
5
1
2
30
5
1
2
41
3
5
1
15
1
7
2
11
1
2
3
67
35
7
1
31
17
5
1
67
2
3
1
13
6
6
2
2
1
4
1
33
3
3
3
44
5
3
3
40
2
4
1
30
3
2
3
15
14
2
1
68
2
3
1
9
11
6
2
33
2
6
3
38
11
4
3
2
8
6
1
27
3
1
1
49
2
3
2
65
1
6
1
41
1
2
3
3
8
1
1
27
2
3
2
22
1
1
3
29
3
3
3
42
3
2
1
55
2
5
1
44
3
2
2
14
3
3
3
42
2
6
3
36
7
2
3
61
10
7
2
16
1
5
2
60
3
5
3
28
8
1
3
6
2
1
2
32
3
2
1
11
3
5
1
53
2
4
2
49
1
1
1
37
2
1
3
12
3
4
2
71
1
7
3
27
6
1
1
12
11
2
3
23
17
1
2
26
4
7
3
53
1
2
3
34
2
7
1
26
1
1
2
9
1
2
2
15
3
6
2
37
3
5
2
43
3
6
3
4
22
3
1
18
4
6
1
40
1
7
2
25
3
6
3
37
8
1
3
28
6
6
3
4
13
7
2
39
1
4
2
4
3
7
2
54
1
3
3
7
5
6
3
40
3
1
2
47
1
6
1
43
3
3
2
66
2
7
2
6
3
2
2
44
5
1
1
18
7
6
3
16
5
2
1
63
2
6
1
54
2
4
2
38
4
3
3
3
9
1
3
41
2
1
3
54
1
2
3
26
11
4
2
14
1
3
2
12
1
2
3
11
13
1
3
39
2
7
2
29
2
2
2
11
3
5
1
5
2
2
3
68
12
6
3
32
3
7
1
42
1
2
1
1
1
5
1
28
3
4
1
10
4
3
2
49
2
3
3
18
1
5
2
28
3
3
3
17
11
1
1
33
8
2
1
39
4
6
3
5
4
6
1
52
3
1
1
38
1
7
3
14
3
6
1
42
2
6
3
14
22
3
2
2
2
2
3
60
15
1
2
32
4
5
1
3
11
1
1
5
1
5
2
41
5
7
2
25
2
7
2
8
1
3
1
66
1
3
3
43
2
3
3
13
2
3
3
1
4
4
1
68
3
6
2
35
2
4
3
44
8
4
1
45
1
2
3
66
8
6
2
10
3
3
3
29
16
6
3
55
12
1
1
45
2
5
3
30
3
5
3
67
16
5
3
27
10
7
1
4
7
1
3
2
9
3
2
39
3
4
2
1
3
3
3
16
1
6
3
33
16
1
1
6
1
7
2
18
1
5
2
55
1
5
3
12
7
5
2
36
5
5
2
1
2
4
1
3
7
6
2
27
3
3
3
47
1
4
2
17
2
7
