1
49
1
1
2
44
5
7
1
44
4
1
2
16
1
7
3
29
6
1
3
53
6
5
2
65
2
6
1
6
1
7
1
40
2
4
2
6
2
7
1
26
2
5
1
1
3
5
3
66
4
3
2
37
1
6
3
16
3
1
2
3
3
4
2
36
1
2
2
54
1
1
1
11
5
2
1
45
1
1
3
28
14
3
2
22
3
4
1
17
9
6
3
17
6
3
1
55
1
1
1
33
5
3
2
23
1
3
3
37
7
6
3
28
2
1
3
25
1
7
1
65
1
1
1
52
3
4
1
47
3
3
3
40
2
1
2
43
4
3
2
52
4
4
1
25
3
2
2
16
2
7
1
34
6
7
3
6
6
3
1
29
1
4
3
36
7
6
2
36
2
6
3
47
7
3
1
41
1
2
2
60
1
3
1
33
2
1
1
32
5
7
2
15
2
7
3
49
1
6
3
71
2
4
1
23
3
6
3
10
15
5
1
68
3
7
3
13
4
1
1
4
4
1
3
35
4
4
3
65
12
5
1
30
12
1
1
39
2
4
2
4
1
4
3
44
5
6
3
61
2
5
2
61
3
2
3
18
13
2
3
45
3
4
1
18
14
1
3
27
17
2
2
54
2
6
1
36
1
5
2
13
2
4
2
3
2
5
1
37
1
3
2
33
2
6
1
60
1
7
3
3
5
2
2
66
3
6
3
2
10
7
1
49
2
1
1
15
2
7
2
32
4
2
2
37
3
1
1
43
3
5
3
39
6
2
3
33
9
1
1
11
9
7
1
31
4
1
1
71
1
2
1
38
2
1
3
8
20
3
1
53
1
5
1
15
3
4
3
6
3
2
3
31
23
2
2
55
1
3
1
66
3
1
3
52
12
3
2
38
4
5
2
10
1
1
3
1
4
5
1
40
1
1
3
34
8
2
2
43
2
2
1
3
7
1
2
71
1
7
2
2
2
3
3
68
9
6
1
2
2
5
3
5
2
1
3
47
2
3
2
12
3
1
1
17
2
4
3
37
8
7
3
26
7
3
1
43
1
2
1
39
3
3
1
38
3
7
1
65
2
6
3
49
5
1
3
12
1
4
1
53
2
7
3
42
4
3
1
6
2
2
2
29
2
3
1
67
1
5
3
22
1
3
3
2
4
6
1
30
19
2
3
43
2
2
3
66
7
2
3
44
6
7
2
63
2
5
3
12
6
5
1
10
1
7
1
9
10
5
2
26
4
2
1
63
2
4
1
23
2
7
1
29
3
5
3
53
1
1
3
52
1
6
2
55
2
7
2
47
4
6
1
36
2
3
3
10
26
5
3
67
35
7
3
41
1
7
2
47
1
5
3
9
27
1
1
14
3
5
3
25
3
2
1
37
2
3
3
30
21
2
3
45
7
2
2
49
2
1
3
60
12
7
2
35
3
6
1
45
2
2
3
60
24
6
3
18
15
1
2
11
2
2
1
5
1
3
2
2
3
1
2
27
1
4
2
29
1
5
2
40
4
7
3
43
5
6
1
55
2
3
2
30
1
2
1
54
3
2
1
22
1
7
2
68
2
6
1
22
2
3
3
31
12
1
1
16
1
2
1
47
1
4
3
3
8
6
3
29
16
4
1
1
1
3
2
52
1
5
2
10
3
5
2
63
1
7
1
5
2
5
3
65
20
5
2
44
2
7
2
22
1
2
2
5
3
2
2
33
3
4
2
38
3
3
1
28
2
7
2
8
1
3
1
68
2
4
3
14
11
3
3
5
4
5
2
68
4
5
1
10
2
2
2
1
2
2
1
71
2
4
3
61
8
7
2
1
3
3
3
13
9
5
3
15
17
3
3
67
6
2
2
42
3
4
3
38
3
5
2
39
4
1
1
35
3
4
3
23
3
4
2
28
1
3
1
42
1
6
1
41
3
7
1
61
3
1
2
15
1
3
2
4
2
5
2
7
2
3
3
11
13
6
3
38
2
3
2
9
2
3
2
35
1
5
3
32
2
7
3
63
12
2
2
17
1
1
1
26
1
5
1
8
3
6
3
17
2
5
1
13
7
7
2
32
3
5
1
8
16
1
2
23
3
2
1
4
7
7
2
8
2
1
2
42
1
6
2
18
3
5
3
16
1
6
2
25
1
4
2
31
5
1
1
7
8
5
1
42
2
6
2
49
1
1
2
5
1
4
2
9
3
1
3
35
8
4
3
4
8
1
3
33
1
1
2
45
2
1
1
2
1
2
1
28
1
4
1
14
12
5
2
39
2
5
3
11
16
3
2
40
2
6
2
61
2
7
2
26
3
7
1
13
8
3
1
27
1
2
3
8
10
3
2
67
2
4
3
68
8
5
3
40
5
1
1
52
2
3
1
18
13
6
2
67
1
2
1
27
3
2
2
66
2
5
3
23
14
6
3
34
2
7
2
41
3
7
1
54
2
3
3
22
11
4
2
7
1
5
3
32
7
1
1
60
2
6
2
14
1
6
3
30
24
7
2
12
2
2
3
71
5
4
3
54
2
2
2
45
4
4
3
41
4
6
3
15
2
1
2
13
1
7
1
66
1
7
1
63
1
4
2
14
3
1
1
12
18
6
3
27
14
4
1
7
5
5
2
27
3
2
1
35
1
2
3
26
2
2
3
9
7
7
3
36
9
6
2
34
3
2
3
54
1
2
1
16
2
6
2
30
2
1
2
31
3
6
1
31
10
6
3
4
5
1
3
63
8
6
1
32
2
7
1
34
4
3
2
41
4
4
3
42
1
6
2
53
1
3
1
44
3
7
1
3
5
3
2
17
2
1
1
61
2
6
3
39
8
3
2
18
2
2
3
55
9
7
2
60
2
6
1
9
7
2
2
6
1
3
1
25
1
3
3
14
25
2
3
7
5
6
2
65
1
3
1
67
2
3
3
7
2
6
2
34
2
4
2
71
2
5
2
53
3
7
3
55
14
4
2
25
3
1
2
28
2
3
3
1
9
1
2
11
1
4
1
12
8
2
