1
6
1
5
3
43
3
2
3
22
4
2
3
38
9
3
2
35
3
7
1
53
1
6
1
16
4
5
1
12
9
1
2
32
2
3
2
55
3
4
2
8
2
2
1
65
1
6
1
66
3
6
1
13
6
5
3
41
4
3
1
41
2
4
3
40
2
6
2
15
1
5
3
60
32
4
2
7
2
5
2
9
2
3
2
28
1
6
3
53
5
4
3
16
3
5
2
67
1
1
1
32
3
7
1
2
6
4
3
12
5
1
3
36
10
3
1
10
6
5
1
55
2
4
3
3
6
6
2
67
2
4
1
34
5
2
2
39
4
3
3
23
17
4
1
8
12
5
2
5
1
4
2
27
1
1
2
68
2
6
2
17
3
6
1
22
2
4
1
27
1
1
1
40
1
7
2
41
4
6
3
8
9
7
2
49
3
5
3
68
11
1
2
26
4
3
3
14
3
6
2
2
3
6
2
55
1
3
1
31
15
5
2
27
3
5
3
27
17
5
2
7
1
1
2
32
4
1
1
30
13
5
1
23
3
2
1
65
2
4
2
30
3
2
3
11
26
5
1
15
3
2
2
4
1
3
2
25
2
7
3
45
7
5
2
23
1
7
3
29
5
4
2
36
3
7
3
15
10
2
3
1
2
7
3
63
13
2
3
63
4
5
1
33
2
3
2
26
2
4
2
28
3
7
3
37
9
1
2
13
2
6
3
43
8
4
1
67
1
7
3
22
3
6
1
47
1
5
1
11
7
5
2
11
1
2
1
7
7
5
1
15
1
6
2
63
2
4
1
37
1
4
1
23
2
5
1
17
2
5
1
38
1
6
1
18
10
4
3
41
3
1
1
7
6
6
3
55
12
2
2
37
2
2
1
28
2
2
2
47
2
1
2
63
3
7
1
32
1
7
2
2
1
1
3
42
1
5
3
11
16
4
2
8
1
3
3
31
20
1
2
53
1
5
3
2
10
3
2
9
3
2
2
35
1
3
3
7
1
3
1
54
3
4
1
63
1
3
2
54
1
4
1
67
3
7
3
6
6
7
1
14
22
5
2
22
3
5
2
45
3
2
2
13
1
5
2
61
2
6
2
54
2
3
3
25
5
4
1
63
2
6
3
28
16
7
3
53
1
6
3
23
15
4
1
27
2
4
3
15
8
2
2
31
3
5
1
54
1
2
1
13
3
1
2
17
1
6
2
14
3
6
3
5
5
3
3
18
5
5
3
16
4
5
2
16
3
7
1
61
2
7
1
45
1
7
2
14
1
2
1
44
2
7
2
60
2
7
3
27
11
1
1
1
2
3
3
39
3
6
3
61
1
4
1
36
1
7
3
49
4
3
2
65
4
3
3
26
2
7
3
2
7
2
1
18
5
2
1
43
2
6
3
34
8
6
3
1
8
3
2
34
3
3
2
33
2
5
2
3
2
7
2
31
2
7
1
61
3
5
3
18
6
6
3
71
4
3
1
71
2
6
2
39
1
2
2
52
5
2
2
38
2
3
1
31
1
3
3
47
8
3
1
35
3
1
3
44
5
6
3
29
1
4
1
37
2
6
2
60
3
5
1
25
2
5
1
68
1
4
2
22
1
3
1
26
1
2
2
65
3
2
1
8
6
1
3
38
12
1
1
43
1
6
1
28
1
2
1
29
2
5
2
1
1
5
1
52
2
1
3
52
17
3
2
66
2
2
2
10
2
1
3
10
10
4
3
17
3
4
2
43
2
3
3
61
8
3
2
47
4
1
3
3
5
1
2
42
3
1
2
30
2
3
1
5
2
3
3
32
6
3
2
38
1
6
1
42
2
7
1
60
2
3
2
4
3
6
1
68
2
6
1
39
3
3
1
39
2
5
1
9
1
2
2
6
1
6
2
1
3
4
1
52
1
7
1
53
2
3
2
23
3
1
3
40
3
2
2
12
3
2
2
71
1
5
3
60
19
2
3
4
22
6
3
5
2
2
1
6
2
1
1
38
2
4
2
6
2
5
1
10
7
6
2
5
3
1
1
66
1
4
2
25
3
1
3
4
2
7
1
2
1
1
1
33
8
4
1
45
2
3
3
68
16
6
2
3
1
2
3
32
5
3
2
37
4
6
1
1
1
4
1
22
3
7
1
3
5
5
1
9
10
3
1
17
4
6
3
30
19
6
1
41
1
3
1
47
2
6
2
33
1
6
3
34
6
3
2
44
5
6
2
29
3
7
2
29
2
6
2
41
2
1
2
66
3
2
3
8
1
3
2
10
3
4
2
45
1
5
3
30
28
5
1
4
8
6
1
34
8
3
3
14
13
6
3
65
8
2
3
13
8
5
3
31
6
5
3
36
7
1
1
25
3
5
3
7
3
4
1
3
1
1
2
40
1
2
3
54
1
1
3
66
2
3
1
44
3
7
2
71
2
7
1
30
10
1
2
61
3
1
3
52
8
1
3
33
19
7
3
13
9
6
2
36
2
1
3
45
2
2
2
43
3
2
1
55
1
5
1
14
19
1
3
49
2
1
2
16
1
2
3
9
17
3
1
4
2
7
3
42
2
4
1
5
1
3
1
26
3
5
1
40
2
5
2
11
2
4
1
49
2
7
3
33
6
3
2
18
3
5
2
52
2
7
2
40
2
5
3
67
33
2
3
67
28
4
2
34
2
1
3
39
1
7
3
55
6
7
1
11
5
6
2
49
4
3
3
37
12
6
3
10
18
7
3
35
6
3
2
44
4
6
3
26
11
4
2
15
3
5
3
28
6
1
1
36
3
5
1
42
1
2
2
12
2
3
2
42
1
4
3
35
7
6
3
6
5
5
1
29
1
6
3
12
1
7
1
60
1
7
3
71
5
2
3
17
2
5
3
65
21
6
3
44
1
7
3
54
2
7
3
66
7
5
3
9
4
4
1
35
4
2
1
12
18
6
1
71
1
1
1
49
1
3
1
16
2
5
3
47
7
6
2
53
2
5
2
18
2
7
2
68
4
5
3
25
9
3
