2
42
2
3
3
12
6
7
1
60
2
7
3
8
11
3
3
13
3
5
2
10
3
1
3
68
13
4
1
5
2
3
1
12
13
1
3
7
1
1
3
6
6
5
2
41
3
5
3
31
10
7
3
44
10
3
3
3
7
1
1
25
3
3
2
18
4
5
3
2
2
4
2
63
2
2
2
11
2
6
1
52
3
1
1
44
1
3
2
34
3
6
1
37
2
2
2
44
1
7
3
40
5
2
2
30
4
2
3
30
26
6
1
43
1
6
1
6
1
7
1
11
11
6
3
36
4
6
3
27
11
6
2
54
2
7
2
3
1
2
1
11
3
4
3
49
4
2
2
8
3
3
3
66
6
6
3
25
6
7
2
35
1
4
1
13
2
5
1
2
4
2
1
33
7
6
1
30
2
6
2
71
3
1
2
40
4
3
2
9
1
4
1
40
1
1
2
27
1
5
2
53
3
7
2
2
3
7
2
2
1
7
3
45
5
6
3
40
2
4
1
63
1
5
3
3
1
4
3
14
24
5
1
53
2
7
3
55
14
1
3
52
7
5
2
32
1
6
1
55
2
2
1
53
1
2
1
27
3
5
1
49
1
1
3
11
1
4
3
7
5
4
2
67
1
4
2
67
2
5
2
44
3
7
2
13
2
3
1
45
2
1
1
14
6
2
1
36
1
2
1
26
1
3
1
66
3
3
3
61
9
1
2
65
3
2
1
37
1
4
3
44
7
5
1
34
8
2
3
29
17
2
2
16
2
5
3
63
10
4
1
40
3
1
2
29
3
7
1
55
1
5
1
47
1
1
2
4
2
7
2
12
2
3
1
52
1
4
3
9
24
6
1
54
1
2
1
43
2
6
3
60
24
1
1
65
1
5
2
17
2
2
3
29
2
4
1
49
2
6
3
35
1
2
3
5
3
3
3
26
11
1
2
55
2
3
2
66
2
3
3
65
21
4
1
47
2
1
1
23
3
7
2
40
2
3
3
71
5
2
3
47
1
4
3
22
10
6
3
54
2
3
3
34
10
4
3
15
1
7
3
1
4
3
3
65
3
7
3
23
13
2
3
53
2
6
1
15
1
4
1
61
2
7
1
16
4
3
2
26
1
5
1
32
6
2
3
4
18
7
1
28
3
6
3
34
9
5
2
14
2
1
1
7
1
1
3
18
24
3
3
43
5
2
1
31
2
7
2
15
3
2
1
10
2
3
3
23
8
4
3
54
1
5
3
52
10
6
2
11
1
7
1
67
1
4
3
2
10
6
1
1
3
5
3
41
1
2
2
38
1
4
3
38
7
5
2
7
2
2
2
29
1
5
1
18
13
6
2
61
2
2
3
12
4
4
3
33
3
6
3
39
5
7
3
33
15
1
2
1
3
6
1
8
4
7
1
67
3
2
2
28
1
1
2
17
3
4
2
66
1
4
2
7
1
4
2
10
1
5
2
33
3
4
2
47
1
6
1
2
5
4
1
3
8
7
3
38
5
6
1
66
1
1
2
4
3
7
1
71
3
7
1
25
1
1
1
71
2
5
3
17
16
3
1
61
3
4
1
22
3
5
2
14
1
2
1
7
10
2
3
16
4
5
1
8
8
7
3
43
2
6
3
71
1
1
3
4
21
2
2
49
2
2
1
13
3
3
3
68
3
5
1
15
5
7
3
22
9
1
3
9
20
1
3
61
4
1
2
55
3
6
3
17
3
2
1
39
2
4
1
23
2
5
2
6
1
1
1
28
1
3
1
4
5
1
3
53
1
4
2
42
4
6
1
29
3
7
2
47
3
5
2
8
1
1
2
41
4
6
2
31
3
6
2
49
3
2
2
39
4
3
3
42
4
6
1
9
10
5
2
28
3
2
1
31
6
1
2
38
4
6
2
5
3
6
2
68
3
2
1
17
9
2
1
26
3
3
3
41
4
1
3
31
14
2
1
36
3
3
1
42
1
4
3
28
3
7
3
8
15
6
1
45
1
4
3
67
38
7
2
45
1
3
1
54
3
1
2
16
1
2
3
6
4
1
1
32
4
5
2
71
1
2
1
4
7
5
3
11
3
4
2
63
1
1
2
9
3
6
2
22
1
1
2
68
4
4
1
12
15
4
2
23
3
2
2
54
1
2
2
25
3
2
3
37
1
4
2
65
1
2
2
43
2
1
3
63
9
4
2
52
3
3
2
12
1
2
3
18
17
4
1
29
1
4
3
42
1
5
2
6
3
2
3
35
4
6
1
63
2
1
3
25
1
6
2
18
3
3
3
47
9
2
3
60
13
5
1
27
1
5
1
42
2
5
1
30
5
1
1
35
2
2
2
15
1
5
2
53
2
7
2
45
3
3
1
41
2
7
2
60
3
6
1
14
9
2
3
55
9
3
2
61
1
4
1
44
3
1
3
10
5
3
1
38
2
1
2
37
4
5
3
13
4
3
2
26
4
4
3
26
3
5
2
37
3
6
2
43
5
3
1
6
2
7
1
1
1
2
3
10
13
7
3
32
1
4
1
5
1
3
2
39
2
7
3
66
5
6
3
14
9
7
1
22
2
6
1
68
1
4
2
35
3
2
3
32
11
1
1
41
3
4
2
36
5
7
2
60
2
2
2
33
2
3
3
37
3
4
3
28
13
2
3
49
7
7
2
52
4
5
2
3
2
2
2
22
2
2
1
33
1
3
1
34
3
7
3
16
8
3
1
3
3
6
3
15
8
6
2
36
3
1
2
30
5
3
3
5
5
4
3
45
6
5
3
39
2
4
2
31
4
1
1
35
4
5
2
13
1
1
1
65
2
3
1
60
1
5
3
27
10
4
1
10
5
4
2
32
4
4
1
68
2
5
2
23
1
6
3
67
37
2
3
36
3
3
2
25
2
4
3
1
10
5
1
38
3
1
2
27
3
7
1
17
7
4
1
39
1
4
1
16
1
4
1
9
2
2
2
1
2
1
1
18
9
4
2
5
2
3
3
30
12
7
2
34
1
7
