1
42
1
3
2
34
2
7
3
14
9
3
3
54
2
3
1
41
1
5
2
63
1
4
3
44
7
7
2
15
3
2
3
32
10
7
1
12
17
5
2
35
2
6
3
35
7
7
3
71
2
6
1
9
11
5
1
18
7
5
1
55
2
1
3
41
1
2
3
33
3
4
3
5
5
4
2
18
3
7
3
4
18
2
1
53
2
1
3
2
8
3
2
1
3
3
2
39
2
4
2
49
2
3
1
1
2
7
2
25
2
1
3
8
1
5
2
3
3
3
2
30
1
3
3
49
3
4
2
42
3
5
3
9
31
5
2
49
1
5
1
7
2
6
3
27
13
1
1
37
1
4
1
5
2
6
1
12
3
1
2
52
3
4
1
61
1
1
3
67
20
1
1
6
2
5
1
10
8
3
3
36
7
6
1
41
3
6
2
45
1
2
3
55
10
5
2
27
2
6
3
40
6
5
2
71
2
7
2
67
2
2
2
11
2
2
2
68
3
6
3
63
7
1
3
45
5
5
2
55
2
1
1
2
3
6
2
10
3
3
1
47
2
4
3
39
9
6
1
71
3
2
2
3
1
7
1
44
1
2
1
43
3
1
1
44
4
4
3
28
14
4
2
67
1
7
1
28
1
5
1
71
2
4
2
29
2
3
2
60
1
2
1
65
1
1
1
60
2
1
2
41
4
5
3
16
2
2
3
3
10
1
2
8
1
7
3
4
23
2
2
41
3
3
2
27
1
7
3
31
2
7
3
40
1
1
3
65
15
5
2
10
2
1
1
45
1
2
2
17
3
5
2
55
3
7
2
7
3
5
2
54
2
5
2
9
1
6
3
60
20
7
2
38
4
4
3
30
18
2
3
38
12
4
1
42
2
7
1
8
6
1
3
7
1
7
1
23
3
1
3
61
1
6
1
22
3
2
2
16
3
5
1
54
2
6
2
44
4
1
3
37
7
3
2
14
1
2
2
12
2
5
1
29
1
5
2
36
4
4
3
49
1
2
3
30
10
6
3
10
21
7
3
17
13
6
1
43
1
3
1
38
3
5
3
1
4
1
3
41
3
6
2
43
1
3
3
9
16
3
3
60
21
4
3
23
18
3
1
4
7
2
1
3
1
3
1
37
2
1
1
30
8
4
3
36
13
3
3
68
16
7
2
6
1
2
1
3
10
7
1
68
1
2
2
15
2
7
1
63
2
5
3
52
16
1
1
16
2
4
2
5
1
6
2
12
1
6
2
22
2
5
3
52
12
6
3
6
6
1
1
10
5
7
3
25
7
4
2
66
3
5
1
17
1
7
3
29
15
6
2
35
3
3
1
29
3
3
3
71
1
3
2
31
4
3
3
22
1
5
3
66
4
5
2
14
3
6
1
66
3
5
3
25
1
3
3
66
9
3
3
18
6
6
1
14
13
3
1
14
22
1
2
30
3
5
2
26
2
5
1
30
11
3
3
39
2
1
1
4
6
1
1
26
1
5
2
45
3
2
3
44
5
3
2
23
2
4
2
54
1
1
2
53
2
1
1
54
3
5
3
38
7
2
2
68
2
7
3
43
8
4
1
27
1
4
1
33
7
3
2
31
1
1
3
18
20
5
3
12
1
5
2
61
2
6
1
25
3
3
2
66
2
5
3
54
1
5
3
22
8
3
1
25
2
6
2
33
1
3
3
43
5
6
2
8
2
1
3
55
15
3
1
52
1
6
1
55
1
6
1
31
4
6
3
33
1
3
3
45
3
6
3
37
12
6
3
11
20
5
3
29
13
2
2
39
3
2
1
36
2
1
2
1
1
7
2
36
1
5
3
31
8
3
2
65
2
1
1
61
3
6
3
1
1
3
3
47
6
3
1
13
1
3
2
32
3
2
1
49
2
7
2
60
4
3
1
60
1
4
2
2
2
7
2
47
1
5
2
25
3
1
1
67
3
5
3
53
2
4
1
28
3
7
3
16
3
2
2
33
3
5
3
42
3
5
2
32
4
1
2
37
3
7
3
13
9
5
2
71
1
4
1
33
3
1
2
63
3
7
2
6
3
6
2
29
1
4
2
18
1
4
2
34
1
4
2
65
3
5
2
37
4
3
3
15
14
7
3
17
15
3
3
13
5
4
2
13
1
7
2
52
1
7
3
11
16
6
3
12
2
5
1
39
4
6
2
47
4
7
2
44
3
1
1
47
1
6
1
16
6
3
1
26
3
6
2
7
2
1
1
52
2
3
2
61
1
1
2
42
4
2
2
13
3
2
2
2
1
1
3
8
18
4
1
13
2
5
1
5
1
7
2
17
2
5
3
6
2
4
1
11
9
1
2
38
1
1
3
35
3
5
3
2
11
1
2
11
1
1
1
40
2
7
1
63
1
3
2
4
3
2
3
47
5
3
1
45
2
3
2
43
3
2
1
38
2
2
1
17
12
7
1
22
1
6
3
53
6
1
1
66
2
3
3
32
8
2
3
65
3
2
1
23
1
3
3
7
3
2
1
6
1
4
3
23
15
5
1
34
9
2
3
15
2
1
3
26
3
7
3
34
7
1
3
34
2
4
3
10
16
5
3
27
8
5
2
9
2
5
1
2
2
7
1
11
8
1
3
5
4
5
2
40
3
5
1
36
3
4
3
14
11
6
2
22
1
5
3
28
16
1
2
53
1
1
2
26
4
2
3
67
32
2
3
61
2
6
1
35
4
6
2
16
1
3
1
39
1
2
1
68
2
7
3
3
8
5
1
40
3
5
1
9
1
3
3
68
1
4
1
35
2
4
1
32
5
3
1
15
1
7
1
34
6
3
1
27
2
7
1
7
8
2
2
4
2
6
2
28
2
1
1
18
3
4
1
15
5
7
3
63
10
2
3
26
7
3
2
5
2
7
3
42
1
4
2
28
1
2
1
8
14
7
2
23
1
4
1
65
2
5
1
67
2
5
1
31
7
5
1
1
1
5
2
40
4
6
1
49
1
3
1
32
3
6
1
53
1
1
