1
12
15
2
3
44
5
4
2
5
3
7
2
3
1
7
2
15
2
4
2
42
1
4
3
4
12
5
3
1
3
5
2
7
3
4
3
8
7
3
3
30
1
2
2
41
3
5
3
39
9
4
2
13
3
2
3
7
4
1
1
40
2
4
3
2
6
1
2
2
1
6
2
36
3
3
1
6
1
4
3
31
8
3
2
52
4
3
1
43
3
6
2
39
4
2
1
14
9
7
3
52
12
4
1
54
1
7
3
2
12
4
1
41
1
6
1
35
3
3
2
54
1
3
3
54
2
6
3
60
24
6
1
33
6
1
2
22
2
7
2
55
3
1
3
37
7
4
1
8
8
7
2
42
4
6
3
12
2
1
1
28
1
7
2
25
3
3
1
15
3
2
2
39
1
5
1
6
2
4
3
61
5
6
2
4
1
7
1
17
14
5
1
61
3
6
2
54
2
6
2
35
1
2
1
68
2
2
3
31
3
5
2
9
2
1
1
63
1
1
3
67
23
1
1
27
1
4
2
29
2
2
3
35
7
6
1
30
1
6
1
16
6
2
2
45
3
1
1
71
2
1
1
43
2
5
3
17
7
2
2
16
3
6
3
71
2
7
2
5
2
7
1
33
8
5
3
54
1
4
3
47
8
2
3
22
3
6
2
65
1
5
2
23
2
3
2
67
2
3
2
38
2
4
2
36
2
4
1
42
2
3
1
52
1
3
1
47
2
3
3
28
1
5
3
3
7
7
3
23
13
6
2
61
2
7
2
31
3
7
3
3
4
7
1
8
10
7
3
40
2
5
1
27
2
5
3
10
23
4
3
1
8
6
2
40
4
4
2
34
3
5
1
1
2
5
2
33
1
2
3
27
10
3
2
49
1
3
1
53
2
2
3
25
8
2
1
18
12
1
3
55
17
3
2
47
3
1
2
28
3
1
1
41
3
6
1
67
3
4
2
35
2
6
2
17
3
2
3
22
2
2
1
7
10
1
1
55
1
6
2
4
2
2
2
12
1
5
3
28
15
4
3
45
7
5
3
13
3
2
2
37
4
4
2
26
1
5
3
15
13
6
3
4
15
3
2
37
1
5
1
45
1
1
1
9
10
3
2
49
4
1
3
47
3
2
2
63
3
5
1
44
4
3
2
44
5
5
2
15
1
6
2
38
5
1
1
25
3
4
3
8
4
2
1
65
1
6
1
10
2
5
3
61
11
4
1
3
9
7
2
32
1
2
2
71
3
4
1
66
3
6
1
37
1
3
1
23
3
4
2
10
3
7
3
11
19
6
1
38
1
7
1
7
4
3
1
22
2
1
2
25
2
7
2
61
1
1
3
60
15
4
3
26
12
7
3
23
14
7
2
34
2
6
3
53
7
2
3
5
2
6
1
14
6
5
1
49
2
3
3
65
9
6
3
27
14
1
2
12
3
6
3
35
1
3
1
67
1
7
3
65
20
3
1
13
5
1
2
33
3
3
2
53
1
5
1
11
4
7
1
47
3
6
2
55
2
5
2
22
1
2
1
39
2
5
2
67
1
1
2
30
4
6
2
18
1
5
2
65
2
1
3
11
26
1
2
63
2
1
3
37
3
5
2
29
3
6
2
60
4
5
2
31
2
1
3
38
11
4
3
30
3
5
3
45
1
1
1
61
1
5
3
9
12
2
2
16
1
6
3
17
10
5
1
9
1
3
1
15
2
6
3
41
1
5
2
18
3
7
1
11
9
5
2
6
2
5
2
60
1
6
2
53
2
7
1
26
1
2
2
43
5
2
1
29
3
3
1
2
7
4
3
14
3
1
1
37
2
5
2
32
2
1
3
18
23
7
3
52
10
3
1
31
16
3
2
66
2
2
3
33
4
6
3
5
3
7
2
11
2
5
1
3
1
4
1
55
2
3
1
71
3
4
1
31
12
1
2
1
2
4
1
28
3
6
1
13
8
2
1
38
2
4
1
30
4
1
2
14
1
5
1
68
1
3
3
13
6
4
3
42
2
7
3
25
2
7
2
2
3
6
3
16
4
7
2
10
1
1
1
16
1
2
2
28
1
1
1
10
3
3
2
27
2
3
3
53
3
5
3
10
16
4
3
44
4
4
3
6
6
4
3
63
7
4
1
25
1
6
3
32
1
3
1
52
2
5
3
41
4
5
3
43
3
6
1
36
1
4
3
38
12
4
1
60
2
4
1
12
12
4
2
11
1
5
1
18
5
3
2
45
1
5
3
55
3
6
2
52
1
7
2
66
1
4
3
43
8
6
3
67
17
1
3
18
13
1
3
29
19
5
3
9
26
5
1
60
1
1
2
1
3
7
2
26
2
2
2
27
3
6
2
40
2
3
3
36
6
2
3
16
8
2
2
6
1
1
3
63
9
2
3
40
6
2
1
36
3
6
1
23
2
2
2
8
3
4
3
49
8
4
3
33
21
6
3
7
3
7
2
41
2
5
1
39
1
6
1
63
2
3
1
65
2
2
2
7
2
4
1
34
11
2
1
17
11
3
3
66
8
4
3
68
3
4
1
66
2
6
1
45
2
6
2
43
4
3
1
5
1
6
1
22
1
2
2
71
1
4
2
14
3
1
1
32
5
5
2
8
1
3
1
34
3
7
3
15
9
3
3
39
3
4
3
68
14
2
3
66
3
5
2
17
2
7
1
29
2
5
1
42
1
4
1
26
3
2
2
44
3
4
3
34
4
2
1
4
1
3
3
36
7
3
3
34
7
6
1
54
3
7
1
5
2
4
2
13
1
6
3
12
6
7
1
40
3
3
3
32
3
7
3
29
3
5
1
2
3
2
2
68
4
3
1
44
1
5
3
26
10
3
2
9
1
1
2
30
1
2
2
23
3
4
3
49
1
6
1
49
1
6
1
4
3
7
3
6
3
7
3
71
4
3
1
35
1
1
2
3
3
4
2
68
1
5
3
14
17
5
1
1
3
5
3
42
4
1
1
53
1
5
1
32
3
2
2
47
1
5
