2
63
3
7
3
17
10
2
1
45
2
3
3
18
11
5
3
7
4
7
1
4
5
2
2
17
3
3
3
23
15
3
2
12
1
1
3
12
4
2
2
2
3
3
3
13
1
7
1
71
2
4
1
63
2
6
2
3
2
4
2
36
2
6
1
54
3
3
2
45
4
3
2
25
2
4
2
6
3
1
3
45
5
5
1
44
1
3
2
55
1
7
3
42
3
6
3
22
12
6
1
37
1
1
3
65
1
3
1
65
2
4
1
33
2
6
1
66
3
7
3
17
9
4
3
3
9
7
2
10
3
1
3
6
5
2
1
14
19
3
3
55
13
2
3
52
4
3
2
25
1
4
2
52
3
4
3
60
14
1
3
14
12
7
1
39
2
3
1
17
14
4
3
14
18
2
3
53
5
4
2
54
2
1
2
4
1
4
1
7
1
6
2
42
2
3
2
35
3
2
2
68
3
6
1
29
1
5
1
53
2
6
1
35
3
2
2
13
2
5
3
8
10
2
3
71
3
7
3
35
5
7
2
40
1
1
1
3
2
1
2
29
1
1
3
4
19
3
1
25
3
4
3
15
9
1
3
16
4
3
1
9
9
3
2
28
1
1
3
44
8
5
3
7
1
2
2
5
3
2
2
61
1
6
1
23
2
3
2
14
3
2
2
8
2
1
1
47
3
7
1
1
1
1
3
68
6
1
3
30
20
3
1
26
3
7
2
34
1
7
3
27
14
1
3
40
3
3
1
18
15
1
1
45
1
6
1
55
2
6
1
47
2
6
2
36
3
7
1
42
2
6
2
6
1
4
1
29
2
3
3
60
16
4
3
6
6
5
1
61
3
5
2
15
2
3
1
33
4
5
2
45
2
1
3
32
7
5
2
33
3
5
1
16
4
1
1
5
2
4
3
1
8
4
2
17
2
1
2
18
2
3
2
30
5
3
3
15
10
3
1
18
12
3
1
36
3
1
3
61
2
2
2
49
4
7
3
47
9
1
1
17
10
3
3
40
1
7
3
37
9
5
3
13
9
3
3
10
4
5
3
55
1
6
2
68
1
2
3
27
16
5
1
28
2
5
3
36
8
4
2
52
6
5
3
25
8
3
2
22
2
3
1
71
3
7
1
32
1
6
2
41
3
2
2
23
1
5
1
34
4
3
2
53
2
1
3
31
19
3
2
14
1
3
2
39
2
7
1
31
2
3
2
39
1
7
2
54
1
2
1
44
4
5
1
11
2
1
1
8
6
4
2
22
1
3
1
23
3
1
2
31
1
7
2
47
2
2
1
65
1
1
1
67
3
7
3
49
2
4
1
4
3
4
2
37
3
4
2
66
3
1
3
18
24
1
2
29
2
5
3
38
10
4
2
33
2
4
2
31
2
3
3
22
8
4
2
12
2
4
1
42
1
7
3
29
3
1
3
16
7
7
1
10
6
2
2
27
2
6
1
49
2
2
3
63
13
2
1
68
3
1
3
23
16
2
2
4
3
1
1
55
1
5
3
28
16
5
1
1
3
6
2
40
3
5
1
22
1
3
2
23
3
4
2
65
1
1
2
11
1
3
3
5
5
2
3
61
8
4
3
11
18
7
1
15
3
1
1
28
1
7
2
7
3
2
2
2
1
6
2
7
1
6
3
38
11
1
1
61
2
6
1
52
2
7
2
32
1
7
3
9
12
7
2
27
3
5
1
35
2
6
2
11
3
6
2
34
2
3
2
16
2
6
2
44
2
7
1
52
1
4
1
67
2
6
3
66
8
7
1
27
1
2
3
68
3
7
1
10
2
7
1
2
1
1
3
39
6
5
1
6
1
1
3
28
2
2
3
3
8
2
2
26
1
1
3
25
4
1
3
71
1
5
3
12
3
2
1
27
2
1
1
13
5
5
3
36
5
5
3
34
4
1
2
32
4
7
2
15
1
5
1
32
5
6
3
34
2
4
2
53
1
4
1
8
15
1
3
45
3
5
2
49
3
4
3
41
2
2
2
66
1
1
2
10
2
6
2
55
2
1
2
38
4
4
3
43
3
1
1
34
2
3
2
63
1
2
3
33
10
1
3
2
1
7
2
43
2
7
3
31
6
5
3
63
11
3
2
13
3
1
2
47
4
3
2
8
1
7
2
61
3
6
2
37
2
7
1
11
10
5
1
25
1
7
1
66
2
7
3
47
3
4
2
28
2
3
1
60
2
2
2
41
2
4
2
65
2
1
2
1
1
4
1
13
3
5
1
31
9
6
2
1
2
1
3
10
8
3
3
43
7
5
1
41
2
5
2
5
1
1
3
65
17
2
2
44
1
2
3
49
4
7
1
9
14
6
1
36
1
4
3
67
37
4
3
32
3
4
2
42
3
3
3
30
2
4
2
67
1
1
1
41
1
5
2
38
2
3
3
42
2
3
2
35
2
2
1
43
1
7
1
53
1
6
2
71
3
2
1
2
3
4
1
38
2
2
1
30
14
1
3
5
3
2
2
60
2
5
2
16
3
1
2
26
2
2
3
53
3
5
1
12
4
3
2
3
3
6
1
3
7
6
3
8
8
2
1
68
2
5
3
37
4
5
3
4
22
4
3
67
11
7
1
5
1
3
1
30
4
1
2
71
2
5
1
6
2
6
1
39
1
4
3
44
1
5
3
54
1
1
3
52
15
6
2
9
1
4
1
7
9
1
2
60
4
4
2
18
3
2
1
16
1
2
3
41
4
4
3
39
3
7
1
37
2
1
1
40
1
1
3
33
4
1
1
14
6
3
3
9
8
4
3
11
7
3
2
30
1
1
3
26
12
6
1
54
2
1
1
15
1
7
3
35
1
7
1
22
2
2
1
43
3
1
1
60
1
1
2
43
4
4
1
26
1
1
1
49
1
6
1
12
14
1
2
9
3
1
3
2
10
3
3
54
2
2
3
29
13
5
3
26
11
1
1
40
2
7
3
66
9
3
1
38
1
5
2
67
2
3
1
63
1
7
3
1
4
3
