1
6
2
2
2
16
3
1
1
11
7
7
2
49
2
4
1
34
7
3
1
30
11
3
3
18
9
3
2
29
2
1
1
43
3
1
1
1
3
7
1
23
2
3
3
63
7
2
3
2
3
4
3
9
5
5
3
17
3
2
1
63
2
4
3
11
22
4
2
3
1
5
3
38
6
1
1
40
1
6
2
40
3
1
2
12
1
5
3
66
6
3
3
26
9
7
2
40
1
1
3
60
5
6
1
25
2
7
2
38
5
6
1
61
1
4
1
30
1
2
3
11
2
5
2
1
2
3
1
37
1
1
2
45
4
2
3
3
2
4
3
6
3
5
3
3
6
6
3
67
3
5
2
42
3
5
1
1
1
5
3
1
7
3
3
13
5
3
2
28
3
5
3
40
4
7
2
38
3
7
3
14
12
4
2
29
1
3
1
12
17
1
2
8
1
4
3
8
11
1
3
22
7
4
3
5
1
5
2
71
3
4
1
65
2
7
1
13
9
6
3
55
4
6
1
28
1
6
3
34
9
5
2
36
4
5
1
66
1
6
1
41
1
2
2
25
3
3
1
12
15
7
1
53
2
1
2
5
1
2
1
11
8
4
2
31
1
4
2
44
5
5
3
44
8
5
3
26
6
2
1
66
3
3
1
5
2
4
2
61
1
4
2
67
1
1
2
10
1
4
3
47
6
7
2
45
2
5
1
34
10
4
3
13
6
2
2
5
3
2
3
44
6
1
1
38
3
1
2
37
2
5
1
35
1
4
1
29
1
4
2
68
2
6
3
28
10
4
1
7
8
5
2
17
3
2
3
45
3
7
2
27
3
1
1
68
3
2
3
36
3
6
2
67
2
5
2
53
3
3
3
15
2
7
2
7
1
6
2
15
1
2
3
65
16
7
2
33
3
3
1
2
7
4
2
2
3
5
2
49
4
3
2
54
1
2
1
3
3
4
1
52
1
3
2
28
1
3
2
43
5
1
2
60
2
5
2
23
2
5
2
26
2
2
1
67
1
4
1
68
2
2
1
65
1
3
2
36
3
5
3
32
8
4
2
2
2
5
3
29
17
7
1
36
1
3
3
68
13
2
3
54
1
4
2
12
3
4
3
16
6
5
1
71
1
4
1
9
13
4
3
40
5
3
3
17
4
7
1
71
3
5
2
1
3
1
1
26
2
1
3
54
2
7
1
5
1
1
3
7
3
2
3
55
9
3
2
4
3
6
3
15
3
6
1
7
10
3
2
66
3
5
2
7
2
1
3
42
1
2
3
7
2
3
1
14
17
7
1
35
4
7
2
13
3
6
1
67
3
6
2
17
2
4
1
18
10
6
2
27
1
5
2
25
1
7
2
39
2
7
1
2
3
3
2
18
2
4
2
26
4
4
2
60
1
6
3
47
9
2
2
8
3
3
3
31
23
2
3
1
9
1
1
18
12
4
2
35
3
7
3
34
6
1
3
29
13
5
2
15
2
2
2
39
1
1
3
35
5
1
3
12
4
7
1
10
2
5
1
17
1
3
3
30
27
6
2
52
4
1
2
61
3
7
1
10
1
7
3
43
4
3
3
68
14
2
3
31
17
4
1
22
3
4
2
37
3
1
3
71
1
1
3
43
2
3
1
38
1
5
3
18
25
5
2
65
4
3
3
37
4
6
1
8
1
6
2
55
1
6
3
61
5
5
3
5
4
6
3
8
2
6
1
43
2
3
2
34
1
7
3
10
21
4
3
49
1
4
3
2
5
7
1
4
5
1
3
42
2
6
2
71
2
5
3
25
9
4
1
8
8
4
1
55
2
7
1
17
2
7
3
49
2
3
3
16
8
6
1
25
3
1
3
10
6
3
2
14
1
3
1
3
6
4
1
33
6
4
2
16
2
2
3
39
3
4
3
65
15
6
1
53
1
3
1
54
2
1
2
63
3
7
1
26
3
6
3
23
18
7
1
31
8
3
3
52
13
7
3
71
3
7
1
13
6
5
2
30
1
1
1
27
2
4
1
39
4
7
1
42
2
5
3
53
8
4
3
4
9
2
2
14
3
4
3
28
7
7
2
55
3
3
1
28
3
5
2
11
3
6
1
63
1
1
3
61
8
7
1
32
1
6
1
52
3
7
3
39
1
4
2
3
3
1
2
9
3
3
1
60
2
1
3
23
12
4
1
29
3
6
1
39
1
2
2
32
3
5
2
54
2
5
2
47
1
6
2
52
3
2
3
41
3
5
3
41
2
5
1
49
1
3
1
37
2
6
2
32
1
5
1
22
2
2
3
30
16
7
2
66
1
7
3
27
7
6
2
18
4
3
3
14
5
3
2
68
3
5
2
42
1
1
3
67
32
6
1
23
3
1
3
38
9
1
2
53
2
7
1
31
5
4
2
6
2
2
1
45
2
2
1
15
2
6
3
37
3
2
3
4
5
2
3
63
6
5
1
15
1
3
3
27
5
4
3
22
1
1
1
47
1
1
1
27
1
2
2
9
2
4
1
42
1
3
3
66
3
7
2
11
1
5
2
30
2
2
2
43
1
7
1
16
7
7
2
13
2
5
2
47
2
7
1
47
2
1
3
60
22
4
1
16
4
5
2
10
3
4
1
55
1
5
1
41
3
1
1
49
2
5
2
31
4
2
1
9
6
6
3
33
14
3
2
44
1
3
2
35
1
1
3
45
5
5
3
33
6
2
1
40
3
7
3
25
4
7
3
36
2
4
2
65
1
4
1
44
3
1
2
41
1
1
2
23
3
1
2
63
1
1
1
60
1
2
3
52
16
6
2
22
2
1
2
34
2
3
1
44
2
3
2
33
2
6
1
6
1
5
2
41
4
7
3
9
14
1
3
6
5
1
3
53
1
6
1
32
5
5
1
45
1
6
3
12
6
3
1
36
2
6
2
22
3
5
1
61
3
3
2
4
1
3
1
14
6
6
3
32
4
2
1
54
1
1
1
4
6
2
1
33
1
4
3
35
3
3
2
6
1
3
