2
37
2
6
1
9
3
3
3
25
3
5
1
60
2
4
2
71
3
6
1
25
2
4
2
9
3
6
3
18
18
4
3
34
11
1
1
4
3
4
1
55
2
6
1
31
16
6
1
47
3
6
3
1
5
2
1
5
1
7
1
1
3
4
3
66
9
6
2
6
1
1
1
22
1
2
2
40
1
1
1
17
8
1
2
18
3
4
2
52
1
1
2
55
3
5
2
47
4
3
2
17
2
1
3
52
2
3
3
55
13
7
3
17
14
6
2
60
2
5
2
27
1
1
1
7
5
7
1
1
2
7
2
4
2
3
2
65
2
6
1
14
10
4
3
5
2
6
1
54
2
1
1
8
16
2
2
10
3
1
3
16
3
4
1
45
1
4
2
68
4
4
2
44
5
2
2
9
1
3
2
52
7
7
1
44
1
5
2
12
2
2
2
25
2
4
3
3
3
6
2
34
1
6
3
30
2
7
2
14
1
5
3
43
2
2
1
71
3
3
1
41
2
4
2
5
3
6
1
27
3
7
3
42
4
2
3
1
1
4
1
42
2
3
1
65
1
5
3
67
37
4
2
55
2
3
1
33
6
6
2
66
2
3
3
39
4
4
3
54
1
4
3
54
2
2
1
34
2
5
3
52
8
4
2
23
2
4
2
53
2
6
1
34
8
1
2
47
1
6
2
41
3
2
1
26
3
7
1
9
1
6
1
26
2
7
2
11
1
7
2
16
2
6
1
11
8
1
1
10
6
7
3
40
6
3
3
45
1
7
1
35
2
2
1
3
11
4
1
32
3
2
1
43
2
3
3
7
5
4
3
38
1
4
1
17
14
7
3
4
21
4
1
55
1
2
3
31
29
4
3
4
14
4
1
16
7
1
2
1
3
6
3
15
16
7
3
8
4
7
3
63
1
6
2
34
2
1
3
41
2
1
3
53
5
6
1
36
1
5
2
40
2
3
3
60
23
1
2
54
2
3
3
22
10
5
3
11
22
6
3
15
11
1
3
10
26
7
2
45
2
5
2
5
1
3
3
49
6
7
1
49
1
5
2
36
5
6
3
65
12
2
3
63
13
4
2
65
3
3
3
44
9
1
3
55
8
3
3
3
10
2
1
67
1
1
1
12
17
7
1
10
2
5
3
29
15
1
1
8
2
2
2
41
4
7
1
61
3
2
2
26
3
6
1
67
3
4
1
40
1
5
3
11
8
2
1
33
3
5
1
4
6
1
3
41
3
7
1
43
1
5
1
30
18
5
2
29
3
4
1
2
1
1
2
68
2
6
2
35
2
7
3
18
13
3
1
60
1
2
2
7
2
2
2
42
3
3
2
49
3
6
3
26
5
4
1
41
3
1
3
26
3
5
3
47
8
4
2
36
2
2
1
32
7
1
1
23
3
7
2
60
1
3
2
2
3
3
3
71
4
7
2
15
2
6
3
65
9
6
1
28
3
7
3
30
28
6
1
13
9
7
3
61
8
4
2
17
1
3
3
8
8
2
3
6
6
4
2
30
1
2
2
32
3
2
2
53
1
2
2
33
2
2
2
22
3
5
1
47
2
6
2
71
1
4
2
29
1
3
1
29
3
7
2
66
1
6
2
43
5
3
3
32
5
6
3
44
6
1
1
65
2
6
2
54
1
2
3
27
1
4
2
31
4
7
2
39
1
1
2
61
2
6
1
6
2
3
3
42
3
7
2
37
4
1
1
14
16
6
2
27
3
3
3
14
25
3
3
38
3
6
2
11
3
3
2
43
1
7
1
35
1
7
1
29
2
1
2
28
1
7
3
27
12
7
2
1
2
5
3
47
10
1
1
52
2
4
1
71
2
5
1
63
1
2
3
40
5
4
2
44
3
2
1
68
3
6
2
32
2
6
1
38
3
5
2
31
1
4
1
53
1
4
3
32
3
2
1
42
1
3
1
22
3
3
2
2
2
5
3
28
9
5
2
30
3
6
1
66
1
6
1
5
2
6
1
63
2
3
3
13
8
2
2
6
3
7
3
43
4
1
1
54
3
1
1
68
1
2
3
35
3
4
2
45
3
4
2
23
1
5
3
66
1
1
2
15
3
2
1
36
3
3
3
36
11
5
3
28
13
1
3
17
10
4
2
63
2
4
1
13
6
7
2
67
1
5
3
5
4
4
2
61
1
1
2
13
1
3
3
2
6
5
1
6
1
1
3
13
1
4
1
37
2
2
2
39
3
1
2
38
1
2
1
39
4
3
1
23
1
2
1
31
6
1
2
22
2
1
3
16
6
6
1
45
2
7
3
49
7
6
3
34
5
4
1
61
2
6
3
14
18
6
1
40
3
2
3
9
22
3
3
25
5
2
1
12
6
4
2
26
2
6
2
3
1
4
1
38
2
3
3
45
5
5
3
6
5
4
1
15
3
2
3
9
7
2
3
53
8
5
3
36
13
2
1
2
5
5
2
28
2
3
1
15
5
1
3
67
10
6
2
7
3
7
3
33
10
2
1
11
6
4
2
67
2
2
3
68
2
5
1
27
2
7
2
18
4
7
3
12
3
6
1
25
3
5
2
3
2
4
1
3
9
1
2
8
1
2
3
10
18
7
2
25
1
3
1
52
1
2
1
66
3
5
1
30
2
3
2
13
3
7
2
38
3
7
3
68
8
7
3
60
3
3
2
10
1
4
2
12
3
7
3
61
11
6
3
12
1
2
1
28
1
2
3
2
8
5
3
7
1
1
1
18
6
6
3
39
7
3
3
35
1
4
3
31
20
1
2
8
2
1
1
53
2
3
2
35
3
1
2
16
1
1
3
37
5
1
1
39
2
5
2
14
2
4
3
23
2
3
1
16
6
3
1
37
1
2
2
63
3
4
2
33
1
2
1
49
2
1
3
29
10
4
3
22
3
1
3
33
14
4
2
42
1
1
3
71
2
4
3
37
10
1
2
49
1
7
3
23
1
2
1
44
4
1
2
4
1
1
1
7
8
6
1
18
12
4
