3
11
15
1
1
29
1
1
2
22
3
7
3
3
6
5
2
7
3
4
3
39
6
4
3
44
4
3
1
43
3
2
2
65
4
1
3
60
20
2
2
41
5
7
1
33
5
7
3
52
8
7
1
11
11
1
1
54
1
4
1
35
4
6
1
11
7
6
1
44
3
5
2
18
3
7
2
33
3
6
3
54
1
7
1
32
7
5
3
43
5
2
3
26
8
4
1
67
1
6
2
36
4
5
2
7
2
1
2
15
1
4
1
30
5
7
3
13
9
1
1
9
4
1
2
12
3
2
3
47
10
4
1
2
6
5
1
25
2
7
1
16
2
4
1
52
2
6
1
31
14
7
1
13
1
2
3
54
2
6
2
5
2
1
1
71
3
6
1
23
1
6
2
32
4
3
1
15
4
1
2
47
1
5
3
5
5
4
3
12
6
1
1
17
7
6
3
27
6
4
1
8
2
2
3
37
11
6
1
27
3
5
3
39
8
1
3
32
7
7
1
10
7
3
1
26
2
7
1
18
13
7
3
18
19
2
3
49
7
6
1
3
3
4
2
68
1
5
3
1
5
4
1
45
2
2
2
66
3
6
3
65
5
6
2
47
3
4
2
54
1
5
1
39
2
3
3
38
8
1
1
12
11
6
1
37
1
2
1
47
1
3
1
32
5
7
1
38
3
2
2
61
1
6
2
23
1
4
2
28
2
2
3
63
1
5
1
41
2
4
2
1
3
5
1
65
2
2
3
66
2
2
2
27
3
1
3
65
12
3
1
35
2
3
3
23
10
4
1
36
2
3
2
67
2
7
2
30
1
2
2
37
3
6
2
60
2
3
1
38
1
2
1
10
6
2
3
71
2
2
1
42
1
5
2
14
1
7
3
47
4
6
3
27
8
3
1
7
2
4
3
8
10
6
3
53
4
4
2
1
1
2
1
25
3
4
3
4
21
4
3
23
19
5
1
61
2
7
2
63
1
5
2
29
2
7
1
9
2
6
1
30
17
7
2
65
3
1
2
45
3
6
3
29
12
3
1
12
10
3
1
42
2
4
1
47
3
6
1
33
7
6
2
9
1
7
3
42
1
6
3
43
7
2
3
2
3
1
1
53
2
3
2
39
3
7
2
25
2
6
2
43
2
3
1
40
3
7
3
17
11
1
3
10
6
5
3
34
8
5
1
13
4
4
3
25
5
7
1
1
3
4
2
49
2
6
3
14
22
5
2
2
1
5
3
3
3
7
2
25
1
5
2
33
1
4
1
67
2
4
2
68
3
2
1
23
3
6
2
53
2
2
3
41
4
1
3
41
3
2
1
5
2
6
1
63
1
2
2
17
1
4
1
45
1
2
2
34
2
5
1
2
3
7
1
43
1
4
2
52
6
6
1
26
1
1
1
34
4
4
3
40
3
5
1
1
2
4
3
2
9
2
3
13
7
6
2
53
3
2
3
37
3
5
3
14
11
2
3
68
7
6
3
36
15
3
2
54
2
6
3
15
17
3
2
27
2
4
2
29
3
4
3
67
32
4
3
33
4
4
3
33
6
2
3
7
5
2
1
49
2
3
1
61
1
3
3
32
10
4
3
35
5
3
1
7
8
1
1
54
2
5
2
16
3
1
2
23
2
1
2
61
2
4
2
17
2
6
3
28
13
5
1
29
2
6
2
55
2
7
3
18
13
6
2
35
1
7
3
63
12
3
2
43
3
4
1
52
1
5
2
8
2
2
3
31
1
2
2
11
3
3
1
18
1
5
2
28
1
3
3
61
9
1
1
16
6
1
1
60
2
2
3
49
8
3
2
10
2
3
3
4
8
3
3
11
16
4
3
31
27
4
2
16
1
3
3
45
5
7
3
66
1
1
3
9
31
3
3
15
4
1
3
16
7
7
3
6
6
3
2
3
2
1
3
55
4
5
2
35
3
1
3
53
2
4
2
42
2
3
2
63
3
4
3
6
2
4
3
42
2
6
2
10
3
3
2
30
3
2
1
63
2
2
3
67
30
4
3
40
6
6
2
31
3
4
1
6
2
7
2
40
4
4
2
44
5
1
2
42
1
3
2
18
1
1
2
52
3
4
1
22
1
2
2
66
2
4
2
22
1
3
1
55
2
5
2
32
3
7
1
55
1
2
3
22
7
4
2
2
3
6
3
30
22
5
1
28
1
4
3
52
2
3
1
27
2
6
3
61
4
7
2
13
1
6
2
60
3
2
1
68
2
5
1
66
2
5
2
4
1
3
2
38
5
1
2
44
3
5
2
49
3
5
2
26
2
1
2
37
4
5
3
35
4
2
1
15
2
7
3
16
4
7
3
7
2
7
3
29
6
5
1
39
3
6
1
36
3
1
3
8
12
1
3
26
12
1
3
25
3
6
2
6
3
5
2
39
1
6
1
4
4
6
3
34
11
5
2
67
1
1
1
22
2
1
1
53
1
4
2
31
4
3
1
17
8
4
2
71
2
3
3
1
1
7
2
55
1
1
1
71
1
5
1
44
4
4
1
49
1
2
1
28
3
2
2
9
2
5
3
38
2
2
2
13
2
3
2
6
2
4
2
38
1
2
1
3
7
3
3
71
1
2
1
65
1
2
3
22
6
6
1
66
3
2
1
40
1
7
2
15
3
2
2
40
3
2
2
41
3
3
3
45
2
1
3
10
17
5
1
5
1
6
3
55
6
2
1
37
2
1
2
5
1
4
2
8
1
6
1
41
3
2
3
60
8
7
2
36
5
7
3
44
10
1
3
28
14
6
2
12
2
3
1
4
7
4
3
17
16
5
1
14
14
5
1
34
11
3
3
9
32
4
2
34
3
6
1
8
1
5
2
4
2
6
1
68
1
7
3
5
1
6
1
6
1
3
2
26
1
5
2
71
3
4
2
11
2
2
3
12
5
4
1
31
1
3
2
3
3
1
1
14
13
6
2
14
2
1
3
36
5
7
1
60
1
7
2
45
4
6
3
68
14
3
3
30
21
7
