2
26
4
2
1
49
2
7
3
27
11
4
2
34
2
2
3
44
8
2
3
37
5
7
3
16
5
5
3
33
2
4
2
28
3
7
1
11
5
4
1
26
1
1
2
44
1
2
2
30
2
1
2
12
2
6
3
4
6
5
2
32
3
5
3
40
3
7
3
7
2
3
1
67
3
3
3
28
12
7
3
6
5
3
1
23
3
7
1
52
1
4
3
17
4
6
1
1
3
7
1
3
2
2
1
39
4
2
1
43
1
3
1
16
3
2
1
61
1
2
1
34
10
7
1
47
1
7
2
12
1
1
1
32
4
5
3
60
28
7
1
5
1
6
2
43
1
3
1
11
8
3
2
8
3
1
1
5
2
1
3
12
4
4
1
40
3
4
2
25
2
2
3
9
23
7
3
18
5
6
3
66
8
6
2
35
3
2
3
35
6
2
1
8
1
5
1
29
1
2
3
22
7
1
1
66
3
5
1
14
18
7
2
71
2
2
3
23
17
4
1
42
1
3
2
66
3
3
1
41
2
6
1
35
1
5
2
41
1
5
3
1
2
1
1
37
1
4
2
53
2
7
2
5
2
4
2
31
3
6
3
45
3
3
3
25
9
4
2
28
1
7
3
35
8
1
3
43
5
1
2
16
1
5
2
61
2
2
2
53
1
3
3
53
7
4
3
40
5
1
2
55
1
3
2
2
3
4
1
12
9
3
3
34
5
3
2
27
2
6
3
32
1
6
1
61
3
6
1
26
2
3
1
68
3
2
1
54
2
4
3
18
10
6
3
34
7
2
2
10
3
6
3
16
3
4
3
49
7
1
2
63
2
2
1
15
1
7
2
37
1
7
2
40
4
2
1
27
3
6
1
4
7
4
2
60
1
5
2
11
3
3
1
2
7
1
2
5
3
6
2
16
3
5
1
42
2
5
3
4
23
7
1
40
1
6
3
30
21
5
2
49
4
6
1
36
1
6
1
65
1
1
3
8
14
5
2
17
1
7
3
36
8
7
2
4
2
3
2
40
1
2
2
52
6
5
2
26
2
2
3
66
7
5
1
44
2
2
3
47
1
4
1
63
1
6
2
67
2
5
3
17
7
3
3
39
1
2
3
30
27
5
1
14
10
7
2
1
3
3
3
26
8
4
2
47
1
3
2
36
5
1
2
42
1
4
3
2
4
2
2
32
2
2
3
45
1
6
3
71
3
3
2
33
1
4
3
54
1
2
1
9
5
2
1
66
2
3
3
28
7
7
3
47
10
1
2
6
2
7
3
41
1
3
1
18
7
2
3
3
10
2
1
52
3
2
3
13
2
5
3
27
16
1
2
22
3
3
1
55
1
1
1
8
3
4
1
31
8
1
3
31
12
4
1
30
9
7
1
41
3
7
1
7
9
2
3
14
13
4
2
2
2
1
3
11
24
3
1
71
3
2
1
10
7
1
2
65
3
6
3
1
6
1
2
63
1
5
2
13
1
7
1
45
1
3
1
16
1
2
3
29
19
3
1
30
16
6
2
15
1
3
3
10
17
7
1
23
2
3
1
15
3
6
1
10
4
3
2
38
4
7
2
18
1
7
2
30
4
6
1
45
2
5
1
33
5
7
2
13
2
4
3
38
12
2
3
29
4
7
1
7
8
1
2
54
1
3
2
18
4
6
1
29
3
7
2
66
2
5
1
44
3
2
3
15
12
6
2
47
3
4
3
53
4
4
3
8
17
7
3
38
10
3
2
49
2
5
3
42
4
4
3
63
7
5
2
39
4
6
2
3
2
5
1
63
2
5
3
9
8
6
3
67
29
2
3
23
2
6
2
11
1
1
3
12
7
2
3
7
3
3
1
67
1
4
3
11
26
6
2
14
1
5
2
45
3
2
1
31
4
1
2
3
1
6
3
2
12
3
2
29
1
1
2
27
3
1
2
37
2
5
3
14
17
2
3
36
5
5
1
37
2
6
2
17
2
2
1
33
7
2
2
45
2
1
1
28
3
4
2
43
4
2
1
17
1
6
1
12
16
3
2
60
2
7
2
55
3
5
2
35
2
2
2
9
2
3
2
4
3
1
2
33
2
5
3
3
6
2
2
7
2
2
3
61
4
1
2
8
1
5
3
41
2
2
1
9
10
4
1
34
4
5
2
71
3
2
3
55
7
1
1
68
2
4
3
37
11
2
2
15
3
2
1
4
4
7
3
71
2
1
1
60
2
7
2
22
1
7
3
42
2
7
1
38
3
2
2
6
3
5
2
7
3
7
2
23
3
6
1
36
3
1
2
42
3
1
1
53
2
6
1
38
1
2
2
65
1
5
3
60
27
4
3
63
8
4
2
9
1
2
1
53
1
4
2
36
1
6
1
49
1
2
3
43
8
6
3
67
13
1
2
1
1
5
1
6
1
6
1
55
2
6
3
52
3
7
1
47
2
3
2
39
3
7
1
32
2
2
1
35
3
2
1
22
3
6
3
15
15
3
2
61
3
7
3
49
3
6
1
54
3
3
1
25
3
3
3
31
13
1
1
6
2
5
2
38
3
6
2
68
2
1
1
39
1
1
3
65
14
5
1
18
12
3
3
68
4
4
2
25
3
6
3
5
4
5
3
5
2
7
3
13
8
2
3
68
8
3
3
25
7
7
3
52
12
3
3
33
18
1
3
39
5
3
2
54
2
3
3
26
2
1
2
31
2
4
1
17
13
3
3
44
6
2
1
2
5
3
3
22
10
3
3
32
8
1
1
3
10
1
2
41
4
2
2
67
1
7
3
10
6
3
2
10
1
3
1
25
2
6
2
14
3
6
3
6
1
2
1
13
2
7
1
28
2
1
1
65
2
2
2
34
3
6
1
43
3
6
3
55
14
4
2
44
3
5
3
65
2
3
1
71
1
3
3
54
2
4
1
27
1
4
2
68
1
3
1
13
4
4
2
23
1
6
1
60
1
3
1
22
1
1
2
29
3
6
3
61
3
2
1
1
2
1
2
52
7
6
