2
39
4
6
2
33
1
4
3
37
1
4
1
4
6
3
1
38
1
3
2
2
2
6
1
9
11
4
3
11
9
2
3
15
13
3
3
68
11
2
1
54
2
7
2
71
2
7
3
32
3
4
3
2
9
4
3
43
5
3
1
45
2
2
2
22
2
2
1
28
3
2
1
41
1
5
3
23
18
3
3
17
1
5
1
41
3
4
2
55
3
7
2
65
1
6
2
41
5
7
2
11
1
5
3
45
6
1
2
15
1
5
1
71
3
5
1
23
3
7
3
45
5
3
3
8
13
4
3
44
1
6
3
13
5
1
3
1
3
6
3
31
2
5
1
30
3
5
3
38
5
1
3
1
2
3
1
67
3
7
2
49
2
1
2
42
1
5
1
26
1
5
2
9
1
1
2
61
2
4
2
30
1
3
1
60
1
7
1
68
3
3
1
63
2
6
2
43
4
4
3
36
4
5
3
47
3
7
3
61
4
3
1
71
2
5
1
31
13
3
1
5
2
6
3
49
8
1
1
15
5
2
1
6
1
4
2
8
1
2
1
49
2
3
3
54
2
4
1
17
8
5
3
22
8
6
2
40
1
4
2
23
2
2
2
12
1
2
1
37
2
2
2
3
2
5
1
25
2
2
3
44
5
1
3
16
7
3
1
6
2
6
2
13
3
2
3
60
5
7
1
63
1
5
3
35
5
7
2
29
2
4
1
52
3
3
1
16
4
5
1
65
2
6
1
45
1
4
3
61
1
4
1
8
1
1
3
52
1
3
3
9
9
5
2
52
3
3
1
35
1
7
2
17
2
1
2
60
3
6
1
67
1
5
1
18
12
1
2
65
3
7
2
8
3
5
2
31
5
7
1
40
2
4
1
26
3
3
2
35
3
1
1
1
3
7
2
12
2
7
1
38
3
3
2
54
1
4
3
40
2
1
2
6
1
1
3
4
12
3
1
55
1
6
1
31
1
2
3
43
2
2
3
71
5
2
3
30
21
3
2
47
2
6
2
29
1
5
1
22
1
1
3
34
9
4
2
18
3
6
2
60
1
1
1
11
2
7
1
4
2
1
2
25
2
1
1
36
2
5
2
61
1
2
1
2
6
1
1
7
6
3
2
10
2
4
2
1
3
7
1
13
8
2
2
63
3
1
1
66
2
7
2
68
3
3
2
43
5
2
3
55
4
2
1
47
3
6
2
67
2
1
1
29
2
3
1
44
1
1
2
9
3
2
2
16
3
4
1
54
3
2
1
7
4
3
3
27
11
4
3
12
5
7
3
25
2
4
2
33
3
1
2
49
3
3
3
10
12
1
3
6
1
6
3
55
17
2
3
68
13
5
1
29
1
4
2
28
3
4
3
23
7
3
2
11
2
1
2
40
3
6
1
12
4
5
3
66
3
2
3
18
4
4
3
33
2
7
3
14
11
2
3
65
14
1
2
7
1
1
3
27
14
4
3
8
10
4
3
4
4
2
1
66
1
7
2
26
1
4
2
37
2
7
2
26
2
3
3
14
22
4
1
61
1
5
1
14
13
4
2
25
1
3
3
52
4
2
2
37
1
2
1
53
2
5
2
52
4
4
1
13
1
7
2
14
3
7
1
2
7
3
2
45
4
1
2
1
1
4
1
40
1
7
2
34
2
3
3
39
8
3
3
29
12
1
2
22
1
4
3
49
7
6
2
67
1
5
2
36
5
1
2
63
1
1
1
32
3
2
1
10
6
3
1
18
4
7
2
4
2
2
2
66
3
3
3
30
6
7
2
23
1
6
2
39
1
3
3
28
9
3
3
16
6
2
2
6
2
4
1
39
2
3
1
25
3
5
1
36
3
7
2
14
1
2
2
38
3
3
3
35
6
6
1
12
10
5
2
71
1
5
1
22
2
4
3
28
16
7
1
34
10
4
1
15
1
2
1
23
2
6
3
39
2
6
3
67
19
1
3
26
8
1
1
14
19
7
2
7
2
4
1
10
5
7
2
16
1
3
3
63
3
2
2
5
1
2
3
6
3
5
2
17
3
7
3
9
17
1
1
42
1
3
1
49
1
5
2
13
2
2
2
32
2
3
1
60
2
5
2
10
1
1
3
41
3
5
3
71
1
7
2
3
1
4
2
42
3
1
1
44
4
6
3
7
5
6
1
39
4
1
1
55
2
5
3
42
2
4
3
67
12
2
2
15
2
3
3
36
1
7
3
60
27
6
1
5
1
4
1
17
10
4
2
35
1
4
1
11
7
7
1
3
6
2
2
28
1
6
2
18
2
1
1
30
9
5
1
8
8
5
3
7
4
1
3
42
4
4
1
34
4
6
3
5
1
6
2
55
2
5
1
28
1
1
3
5
3
6
3
63
6
4
2
68
1
1
1
9
8
4
3
33
4
6
1
47
2
3
1
43
3
6
3
54
1
3
1
52
2
1
2
41
4
6
3
3
7
2
3
17
16
2
3
25
7
2
3
40
4
1
3
34
4
3
2
36
2
2
1
43
1
4
3
26
3
4
1
68
1
3
1
42
2
5
2
32
3
5
3
53
8
3
3
3
1
6
3
66
2
2
3
12
2
6
2
27
2
6
2
38
1
6
2
44
4
4
2
5
2
1
3
15
5
1
2
45
3
3
1
32
2
4
2
66
2
6
3
10
24
3
3
47
7
6
3
41
4
3
3
13
6
7
1
37
1
5
3
11
15
6
2
31
4
6
2
34
3
6
3
22
2
1
1
65
1
3
3
38
10
3
3
18
13
1
3
65
16
2
3
53
2
4
3
29
18
6
1
27
1
5
2
30
4
4
3
31
10
4
1
33
8
2
2
53
1
4
1
53
1
7
2
4
1
3
2
54
2
6
3
32
12
3
1
1
1
7
2
27
3
2
1
61
2
2
1
33
7
4
1
3
11
4
2
2
1
6
2
53
2
7
1
27
3
2
1
35
3
2
2
47
1
7
1
16
2
5
3
2
5
6
3
37
9
5
2
44
1
4
