1
63
2
2
1
7
4
6
1
7
5
3
2
32
2
5
3
53
6
7
2
71
3
4
1
32
1
2
3
26
2
5
1
13
7
6
2
3
3
5
3
41
1
7
2
9
3
5
1
67
3
4
3
23
12
5
3
28
3
2
3
2
1
3
2
32
4
2
3
37
5
6
2
38
1
6
3
13
9
7
1
18
15
5
2
4
3
5
3
36
4
1
1
34
4
1
2
12
1
3
3
44
10
5
1
15
2
4
1
32
4
5
1
3
3
1
2
28
2
4
1
15
3
6
3
71
1
3
1
66
3
3
2
30
1
6
3
53
1
7
1
42
2
6
1
65
1
5
3
25
4
2
1
14
15
2
2
55
2
7
1
23
1
7
3
9
9
5
3
14
13
5
2
11
3
1
2
26
2
4
1
31
10
3
3
6
3
5
1
22
3
7
1
13
8
4
1
38
3
3
2
54
1
5
3
11
6
6
2
23
3
4
1
45
2
4
2
12
2
6
2
54
2
3
2
68
4
1
2
42
2
5
1
65
2
6
1
33
2
4
2
60
4
2
3
63
6
4
2
25
3
6
3
7
4
5
2
18
3
1
2
23
1
2
2
29
2
7
1
34
2
4
3
68
8
7
2
2
2
3
3
54
1
5
1
12
2
7
3
13
1
3
2
22
3
2
1
3
4
3
1
61
3
5
3
5
2
2
3
65
16
5
2
47
3
2
3
3
3
2
3
6
6
1
3
28
16
6
2
68
3
3
1
37
2
1
3
17
12
6
1
44
4
4
2
29
1
1
1
22
1
7
2
35
1
6
2
10
2
6
1
18
8
4
3
42
3
5
2
26
4
4
2
34
3
5
2
27
3
1
1
5
1
2
1
26
1
6
1
55
2
3
3
67
2
3
3
29
5
3
2
17
1
4
2
35
2
7
1
60
2
1
3
34
5
1
3
38
3
4
2
38
5
7
1
36
1
4
3
67
1
1
3
39
3
4
1
33
7
7
3
16
3
4
3
55
11
7
1
30
18
5
1
16
5
6
2
60
3
3
1
10
7
5
3
44
4
6
2
67
2
3
3
54
2
5
3
27
3
4
2
37
1
5
1
41
3
1
1
8
11
1
1
36
3
7
1
45
1
2
3
52
14
7
3
42
4
4
1
35
3
6
3
63
4
3
2
55
1
4
3
12
1
1
3
40
4
4
2
1
3
2
1
43
3
4
1
26
3
2
2
40
2
1
2
7
1
1
2
39
2
2
1
9
6
2
1
10
5
2
3
39
9
7
3
55
1
6
1
54
1
5
2
41
2
7
2
3
2
7
3
8
18
6
3
17
17
6
3
60
3
2
2
15
3
4
1
61
2
5
2
14
3
4
3
66
3
2
2
9
1
4
2
63
3
7
3
29
19
6
3
49
3
2
1
11
9
4
1
40
2
4
3
3
2
1
1
29
1
7
3
5
3
5
3
45
3
4
1
63
1
2
2
37
3
6
2
31
5
1
2
36
5
5
1
67
2
4
3
40
6
2
1
35
1
3
1
55
1
6
2
42
3
4
1
43
1
1
1
29
2
6
2
10
3
5
1
1
1
6
3
22
3
1
2
67
1
4
1
25
2
6
2
33
3
6
1
68
1
2
3
49
8
7
3
26
10
7
1
2
2
1
1
47
2
4
2
49
1
2
3
68
12
3
3
15
5
7
1
23
2
3
1
71
2
5
3
35
4
6
3
47
2
7
1
8
7
4
3
65
1
3
1
71
1
1
3
60
21
6
2
43
3
6
2
49
4
2
3
31
18
5
3
10
18
2
1
17
12
4
1
14
16
7
1
27
3
7
1
53
1
1
2
65
2
3
3
4
19
6
3
43
6
5
3
18
3
4
1
38
2
3
3
15
2
6
3
35
2
1
3
61
5
5
2
65
1
4
1
40
1
1
2
41
3
3
3
10
22
5
2
40
1
6
2
44
5
3
1
49
1
7
2
61
1
3
3
2
5
7
3
37
12
3
1
28
1
4
3
33
22
7
2
66
3
5
2
16
1
6
2
5
1
7
1
6
2
6
3
9
17
2
1
39
2
4
1
25
1
4
2
61
2
2
3
41
3
4
1
4
7
2
2
14
2
2
1
60
1
3
2
71
1
5
1
68
2
1
1
42
1
5
1
2
1
7
2
34
1
2
2
28
3
5
2
36
4
2
1
5
2
7
2
25
2
4
3
30
13
7
3
18
19
6
1
39
4
2
2
52
4
4
2
66
2
1
2
18
4
5
1
12
16
4
1
54
2
6
3
33
17
3
3
22
11
2
2
4
1
4
3
1
9
4
3
43
7
2
3
31
17
6
1
6
1
2
2
13
2
6
2
33
2
4
3
12
2
2
2
8
2
1
3
71
2
2
2
31
3
6
1
53
2
5
2
44
2
6
3
32
10
3
2
15
1
1
3
23
4
7
1
37
1
3
1
41
1
5
2
7
2
5
3
52
15
5
1
30
15
7
2
22
2
1
3
38
6
1
2
6
2
7
2
27
2
3
1
11
7
6
1
16
3
4
1
47
1
4
3
27
9
7
2
52
2
5
3
7
3
4
2
45
4
2
3
14
1
7
2
17
3
6
2
30
4
4
3
30
8
6
2
13
1
4
3
32
4
6
2
43
1
3
1
49
2
6
2
2
3
3
2
39
4
5
3
1
7
3
2
11
2
5
1
44
1
4
3
34
10
2
1
27
2
2
2
47
2
3
3
36
15
1
2
45
2
7
3
8
6
1
3
47
5
3
2
63
1
4
2
5
2
5
2
16
2
2
1
52
2
4
1
9
8
2
1
1
3
4
3
16
4
4
2
6
1
6
1
31
14
1
3
61
7
4
3
11
1
6
1
52
1
7
3
4
23
5
2
53
2
1
1
66
1
1
2
53
1
6
3
66
9
1
1
17
6
4
1
28
3
2
2
8
1
7
1
4
5
4
2
1
1
2
3
25
7
3
3
45
4
3
