2
42
1
7
3
17
12
2
3
5
1
2
1
55
1
3
3
53
5
2
2
29
3
2
2
30
4
5
2
10
1
4
3
35
8
7
3
37
4
6
1
15
1
2
3
4
1
5
1
44
3
6
2
43
2
5
2
33
3
3
2
60
3
6
3
43
8
7
1
71
3
2
2
52
6
2
2
18
2
7
1
11
5
5
2
26
4
5
2
49
1
4
3
17
14
1
1
13
5
4
2
71
3
6
2
7
2
4
1
66
1
1
2
25
2
5
2
42
3
1
2
6
2
1
2
38
4
6
1
33
5
6
2
25
1
5
1
53
1
2
3
44
1
4
2
40
2
4
3
6
5
4
2
3
3
6
3
41
4
4
3
30
24
1
2
41
2
6
3
38
5
6
1
65
1
1
1
23
2
3
2
54
2
2
3
31
10
6
2
28
3
6
2
26
3
6
2
27
2
1
2
38
5
7
3
29
10
4
2
67
2
7
1
8
17
4
3
49
4
4
1
2
1
1
2
8
2
2
2
41
3
6
2
3
1
7
3
28
8
4
3
4
25
1
2
67
1
2
1
61
2
5
1
17
6
6
1
65
2
2
2
71
2
5
1
40
2
5
2
40
1
2
2
63
1
6
1
3
7
3
3
34
8
7
1
25
1
1
1
16
7
6
3
12
2
4
2
11
1
6
3
47
9
6
1
61
1
4
1
68
3
7
2
45
4
6
1
1
3
5
1
31
7
4
3
35
6
6
1
37
2
3
1
10
6
6
3
7
1
3
3
40
5
2
3
60
29
2
2
44
1
4
2
9
3
7
1
5
1
2
3
41
2
4
2
15
3
2
2
14
1
6
3
55
16
2
1
32
7
2
3
9
26
7
3
23
4
3
3
1
4
1
1
37
1
3
3
63
5
3
1
28
1
4
3
34
4
6
3
8
13
5
3
68
16
1
1
29
2
1
2
16
1
6
2
27
1
2
1
60
1
3
1
28
2
2
1
41
2
5
1
43
2
7
1
67
2
2
1
63
2
5
2
65
2
1
1
16
3
4
2
65
4
5
3
44
8
3
1
14
21
6
2
29
2
2
2
44
4
2
3
39
7
6
1
12
2
2
1
38
1
3
2
15
2
6
3
39
8
6
2
37
2
1
1
34
8
2
2
68
3
4
2
13
1
3
2
31
3
4
1
49
2
6
2
53
1
2
3
29
1
1
1
6
1
6
3
40
4
1
3
13
3
2
1
39
3
4
2
66
3
3
2
11
2
2
2
4
3
1
2
30
1
3
2
22
3
1
3
63
6
1
1
44
2
2
2
54
1
3
3
67
17
2
3
60
32
4
2
14
2
3
2
39
1
6
3
65
3
5
1
52
2
6
1
34
2
3
3
12
5
1
2
6
1
4
1
26
2
1
3
43
4
1
3
2
6
5
3
26
12
6
2
49
4
5
1
40
1
6
3
33
22
2
2
53
3
4
3
15
1
2
1
32
6
4
2
68
4
2
2
32
1
4
3
61
4
2
3
25
7
3
2
12
1
2
2
2
3
2
1
14
15
4
2
47
4
3
3
14
10
6
3
37
11
5
3
8
15
6
1
23
1
2
3
32
7
7
2
7
1
1
2
16
2
5
2
12
3
6
1
10
5
6
1
26
3
5
1
17
4
6
2
5
1
3
3
10
14
7
3
10
19
5
2
23
1
4
1
2
5
2
2
31
1
5
2
28
2
6
1
15
4
3
2
8
3
7
1
30
17
5
1
18
7
5
3
18
3
1
2
47
3
1
3
5
4
3
3
54
1
4
3
25
8
4
3
32
2
5
2
43
5
6
2
2
1
3
3
1
5
3
2
39
3
4
3
71
1
2
3
9
6
7
2
34
3
1
1
47
2
3
2
34
1
5
3
28
4
4
1
29
1
1
2
61
1
5
1
38
2
6
1
45
1
5
3
30
2
5
3
47
6
4
2
23
2
6
3
14
14
3
1
1
2
6
2
33
2
4
1
49
1
3
1
35
1
6
3
16
8
5
1
39
2
2
1
52
1
6
3
49
8
2
2
55
2
5
1
3
4
7
1
12
10
6
3
36
7
3
2
32
3
6
3
68
8
7
1
54
2
1
2
36
4
1
3
15
16
5
2
1
1
2
2
13
3
2
3
52
15
3
3
27
7
4
3
38
12
1
1
53
2
7
3
11
2
2
1
22
2
7
3
52
17
2
2
17
2
3
1
5
2
6
1
18
14
2
2
1
3
6
1
13
7
7
1
45
2
7
3
27
13
3
3
22
10
4
3
26
2
4
3
22
7
3
3
31
30
4
3
6
4
1
3
55
5
2
3
67
30
7
2
37
4
2
1
66
3
5
1
60
2
1
1
33
3
7
1
25
3
3
1
63
1
5
2
17
3
4
3
66
2
7
2
60
4
6
1
27
2
4
1
31
2
4
2
9
2
5
2
5
2
4
2
22
1
3
1
8
6
7
1
47
1
5
3
3
9
7
3
54
2
7
3
11
26
2
1
7
6
5
3
33
3
7
2
10
3
6
3
65
2
1
3
45
5
4
3
53
3
3
2
4
2
3
1
43
1
1
3
66
7
3
1
9
4
4
2
61
3
7
3
61
6
7
3
23
17
6
1
36
1
7
3
2
4
7
1
11
10
5
2
45
2
6
2
66
1
7
2
52
2
2
1
22
1
2
3
18
7
7
2
63
2
1
3
45
1
5
3
13
9
1
3
71
4
4
1
30
2
4
1
4
4
7
2
35
1
4
1
7
9
6
1
35
3
4
1
4
8
5
1
36
3
1
1
41
1
1
3
36
3
6
1
71
1
2
3
7
2
2
1
54
1
1
3
16
7
5
2
18
3
2
1
42
1
3
2
35
3
6
1
55
2
6
2
55
1
5
1
42
2
1
3
42
1
1
3
42
2
7
1
6
2
5
1
67
3
4
3
3
1
6
1
27
1
1
2
36
5
7
1
9
2
2
1
68
1
1
