1
3
4
1
3
29
1
2
1
55
2
7
2
45
2
2
3
14
18
5
1
33
7
5
2
4
2
3
2
14
2
5
1
5
1
7
2
47
3
7
1
34
7
2
3
63
9
5
1
23
3
2
3
12
2
5
1
43
2
1
3
11
19
3
1
8
2
5
2
30
3
7
1
18
12
7
2
27
2
4
1
61
3
2
2
18
1
5
1
38
3
6
2
23
2
5
3
38
2
1
3
49
5
6
3
28
6
5
1
6
2
3
3
22
1
3
2
22
3
4
2
44
3
5
2
42
2
5
1
11
3
1
3
17
9
5
3
13
2
6
1
9
1
3
1
54
2
2
2
1
2
4
1
4
2
6
3
8
11
6
2
2
2
2
1
17
10
6
2
12
2
3
2
47
1
4
2
40
2
6
2
12
1
7
3
8
14
4
1
65
2
3
1
41
1
7
3
2
10
3
2
13
3
7
2
10
2
6
3
13
5
4
2
31
4
1
1
9
10
4
1
65
1
4
1
52
3
3
3
47
5
2
2
6
3
3
2
22
1
5
1
16
4
4
2
6
1
4
1
16
3
1
3
52
12
2
3
66
9
4
3
44
2
3
3
16
3
5
2
3
3
1
3
67
2
7
2
36
3
3
1
36
2
7
2
15
1
7
1
71
3
3
3
16
6
4
3
23
15
3
2
9
1
7
2
61
3
1
1
22
3
7
1
29
1
6
1
31
4
3
1
60
2
5
3
25
7
1
1
40
1
5
3
3
1
4
1
10
8
6
2
18
3
4
1
13
9
6
1
33
3
2
2
66
1
4
2
37
2
1
2
43
1
3
2
52
4
7
1
22
2
4
3
29
16
3
3
66
8
6
1
10
6
2
3
18
2
2
2
32
1
3
2
15
2
1
3
35
2
2
2
42
4
1
3
10
6
1
2
55
3
6
1
29
2
7
2
65
3
4
3
45
1
7
2
23
1
6
3
63
5
1
3
35
7
2
2
53
1
3
1
30
14
5
3
1
7
6
1
47
3
7
2
67
2
1
2
61
2
1
2
63
2
5
1
43
3
7
2
2
3
6
1
30
6
1
1
5
2
3
1
14
8
3
2
26
2
6
1
26
1
3
3
55
9
5
2
8
3
3
3
5
3
3
1
37
1
3
2
53
2
6
1
44
3
5
1
12
7
7
1
25
3
2
2
49
1
5
1
53
2
5
2
71
3
6
3
43
7
6
3
33
11
4
1
11
2
7
3
23
14
4
3
41
2
4
1
1
2
6
3
3
5
4
3
71
2
3
3
26
1
4
3
68
11
7
2
41
2
2
2
28
3
5
3
9
5
7
1
14
9
5
1
68
3
5
2
71
2
2
1
61
2
7
2
63
3
7
1
28
3
6
3
53
6
7
2
25
1
4
1
15
1
2
1
36
1
7
2
38
4
2
1
63
2
7
1
67
3
6
1
35
1
4
2
52
7
6
3
42
1
5
3
39
3
7
2
68
3
2
2
45
1
7
2
54
1
3
2
67
1
1
1
23
1
1
2
33
3
5
3
10
8
3
2
32
2
7
3
6
5
1
1
28
1
5
2
17
3
2
3
55
6
2
3
34
10
2
2
55
1
2
1
35
4
4
3
36
3
6
3
1
8
3
3
5
1
4
1
31
10
3
2
27
1
7
2
8
1
5
1
67
1
4
2
31
5
6
2
39
2
2
3
30
26
3
2
7
1
5
3
17
2
3
3
27
16
2
2
7
3
6
2
30
1
3
2
25
3
4
1
6
1
3
3
40
3
3
1
12
12
3
3
67
3
4
1
7
11
7
2
14
1
2
1
7
8
1
3
43
1
6
3
33
2
3
3
61
6
5
2
40
1
4
1
55
1
1
3
60
22
7
3
49
3
4
1
47
1
7
1
1
1
3
1
39
3
1
2
9
2
1
1
45
2
2
3
45
3
1
3
36
14
2
3
15
11
7
3
14
2
7
2
5
1
4
1
63
1
6
2
43
5
5
1
68
1
1
1
41
3
1
2
34
3
1
2
49
4
5
3
11
7
5
3
54
2
7
1
17
12
2
3
38
7
3
3
22
8
5
2
38
3
1
2
10
1
3
2
33
1
3
2
60
1
1
3
31
20
7
2
11
2
1
2
68
1
7
2
34
1
6
2
4
1
4
1
25
1
5
1
45
1
4
1
32
4
4
2
3
1
4
1
27
1
2
2
44
4
4
1
40
3
4
1
60
1
1
3
37
5
6
3
68
4
1
1
49
1
7
2
35
1
6
3
41
3
4
3
34
5
4
3
71
4
1
3
18
3
1
1
44
4
6
1
39
4
4
2
16
2
5
1
66
3
2
3
15
14
6
3
61
4
2
2
66
2
7
2
60
4
7
3
65
16
5
2
37
1
7
3
27
8
6
2
29
1
2
1
3
7
6
3
26
2
3
1
13
4
4
3
52
17
1
1
52
1
4
3
31
30
1
3
9
30
1
1
42
1
5
3
28
11
5
2
26
1
3
1
54
3
7
3
12
7
6
3
37
9
6
2
11
3
7
3
2
9
1
3
39
8
4
2
29
2
4
1
8
16
7
2
17
2
1
3
42
2
5
3
54
1
3
1
2
6
4
1
2
4
5
1
42
2
2
1
4
3
6
3
44
7
5
3
65
12
3
3
7
5
6
1
34
9
3
3
53
2
5
1
15
3
4
2
35
2
2
3
30
2
5
2
5
2
7
2
65
4
6
3
7
1
5
3
40
2
3
3
25
3
2
1
38
2
6
1
66
2
5
2
28
2
6
3
6
3
6
2
54
2
4
1
18
2
6
2
39
3
7
1
37
2
2
1
53
1
6
3
32
3
1
1
49
2
6
1
32
3
7
3
4
16
1
3
4
20
5
2
36
4
6
1
26
2
4
2
16
1
6
3
32
7
6
2
1
3
4
2
41
1
6
3
60
11
6
1
27
2
5
1
71
2
6
2
13
2
2
3
47
2
5
