1
31
13
3
1
22
2
1
1
11
1
4
1
27
2
4
3
53
1
3
1
47
1
1
1
61
3
3
3
39
1
6
1
60
1
5
1
7
9
4
2
18
4
4
2
71
1
6
1
12
7
3
1
40
2
1
1
8
1
4
1
54
1
3
3
18
17
6
2
6
1
7
1
18
9
3
2
27
3
7
3
38
8
3
2
4
3
1
1
35
2
3
3
37
9
4
1
52
3
4
2
67
2
3
1
42
2
1
1
28
1
4
3
68
7
3
3
7
5
3
3
55
15
2
1
65
2
3
2
52
5
7
2
53
3
5
2
5
1
3
3
67
37
7
2
26
4
4
2
28
1
5
3
1
2
4
1
14
15
1
1
4
6
3
1
32
3
4
3
30
24
4
1
45
1
2
2
22
2
7
1
44
3
1
1
23
1
4
2
38
1
1
3
54
1
7
3
16
3
1
2
26
3
6
1
28
3
5
1
17
8
6
2
65
3
5
2
36
1
5
2
7
2
4
1
53
1
7
3
18
18
5
3
26
6
7
3
66
2
4
3
45
1
4
2
66
1
2
2
43
1
5
1
63
2
5
1
3
5
3
1
15
2
4
3
4
9
1
2
3
1
7
3
60
18
2
3
52
10
4
3
23
3
2
3
22
12
5
3
16
6
4
2
44
5
2
1
8
11
7
2
63
1
5
3
6
5
2
3
31
17
5
3
25
8
5
1
38
1
2
1
17
6
4
3
8
5
6
2
45
4
1
2
31
3
6
1
32
7
2
3
61
11
7
1
63
1
7
2
1
3
3
1
37
2
4
1
34
10
5
1
9
8
6
2
68
2
5
1
1
1
7
2
60
1
2
2
25
3
7
1
38
3
6
3
34
9
5
3
6
2
4
3
67
34
2
2
7
1
5
3
14
22
6
1
68
1
7
3
40
6
3
3
47
9
2
3
65
19
5
1
34
2
3
3
63
12
6
1
10
5
2
1
2
7
4
2
25
1
4
2
45
3
2
3
13
8
5
3
7
1
6
3
29
7
3
2
17
2
2
2
67
1
5
3
40
4
2
3
26
7
6
3
3
1
6
3
61
7
1
2
65
4
4
3
38
11
1
1
47
3
2
3
49
3
4
2
27
2
6
2
13
3
4
3
44
10
7
1
68
3
7
3
42
2
6
2
55
1
6
2
14
2
5
3
44
5
7
2
47
4
4
2
53
2
7
3
12
5
5
3
47
6
4
3
63
1
1
2
10
2
2
3
60
1
5
3
12
1
7
1
23
2
7
2
66
3
7
3
39
5
4
1
41
2
1
3
10
26
2
2
36
4
6
3
42
1
5
2
61
3
7
1
55
1
6
1
43
1
4
2
68
4
3
1
6
2
6
1
66
1
3
2
6
3
2
2
13
1
4
3
36
4
7
2
61
2
4
3
32
2
4
3
17
13
2
1
39
1
5
1
5
1
1
3
11
25
3
2
23
1
7
3
9
5
1
1
35
3
2
2
42
1
2
2
32
3
2
1
31
6
7
1
42
1
5
3
3
5
7
1
33
6
4
3
15
1
6
1
11
3
4
1
44
2
7
3
27
17
2
1
27
1
6
2
9
1
2
1
33
1
7
2
4
2
2
2
1
1
7
1
5
2
7
3
28
12
7
1
71
1
1
2
14
1
7
2
31
5
4
1
39
3
1
3
66
1
1
3
27
1
7
1
60
2
3
1
14
22
2
2
49
2
4
1
67
1
7
2
3
3
5
2
10
1
4
3
15
9
2
2
35
2
4
3
71
5
2
1
41
3
4
3
36
11
3
1
9
7
4
1
6
1
4
2
2
2
1
3
33
3
4
1
13
4
7
1
25
3
3
3
68
11
5
2
17
1
1
3
43
7
7
3
1
7
5
2
60
2
1
3
30
9
1
1
49
2
3
1
36
1
3
1
25
2
2
2
8
3
4
2
54
1
5
3
45
6
5
3
33
22
2
1
30
13
6
3
29
16
7
2
37
4
4
1
2
1
7
2
11
1
2
3
35
4
3
3
2
5
3
2
37
3
2
1
29
1
1
3
14
15
7
1
16
6
6
2
47
2
3
1
66
2
1
2
29
2
7
3
31
14
5
2
55
2
3
3
10
8
1
3
41
2
4
2
11
3
7
2
18
1
5
2
54
2
7
1
36
2
2
2
2
3
5
3
9
28
3
2
34
2
1
2
34
1
7
2
22
1
5
1
37
1
4
2
44
2
1
1
15
5
1
3
54
2
3
1
7
1
7
2
12
2
3
3
41
3
3
1
30
16
2
2
15
3
2
2
30
2
5
2
42
3
3
3
13
4
6
3
5
1
3
1
55
2
7
3
37
7
4
3
53
3
1
1
12
16
6
2
29
3
6
3
35
3
3
1
43
3
2
2
9
3
3
1
18
11
3
3
55
9
3
3
22
2
3
3
52
7
3
2
49
4
5
1
52
2
5
2
40
2
1
3
25
3
5
3
71
3
2
1
29
3
1
3
2
2
1
2
52
6
6
1
26
3
5
3
43
4
4
3
32
9
2
2
33
3
6
3
11
16
2
2
12
1
6
2
28
3
5
3
28
3
4
2
33
2
3
2
71
2
6
1
49
1
7
2
32
4
4
3
17
7
1
2
63
2
2
1
54
2
6
1
53
2
3
1
61
2
3
2
16
3
3
2
40
3
2
3
49
8
3
1
26
1
1
1
1
3
1
2
8
2
2
1
13
5
2
2
30
5
4
1
71
3
4
2
15
2
7
1
45
2
2
2
35
1
5
2
38
5
6
1
40
1
6
1
3
10
6
3
8
10
1
1
4
2
3
2
43
3
4
2
41
4
2
2
39
4
6
2
39
3
7
2
23
3
5
1
16
5
6
1
65
1
4
2
16
2
7
1
67
2
5
3
5
5
2
1
22
1
6
2
41
5
3
3
23
12
1
3
34
4
2
1
10
1
6
3
65
11
1
3
4
11
1
2
5
2
3
