3
41
1
4
3
11
18
2
2
2
1
1
3
35
1
6
2
16
1
4
2
3
2
3
2
42
2
6
2
45
1
2
2
53
2
7
3
26
10
5
3
53
4
4
1
12
8
6
3
38
9
1
3
5
4
3
2
34
2
4
1
63
2
4
2
28
1
4
1
1
2
5
3
67
32
7
1
42
2
1
1
9
3
6
3
34
1
7
2
10
1
4
3
3
4
3
2
65
3
5
1
27
1
7
1
32
2
6
2
15
2
3
1
37
2
1
1
17
13
4
2
68
3
1
2
40
2
6
2
13
2
4
3
8
14
5
2
31
3
3
3
34
7
3
2
54
1
6
1
66
2
3
3
68
15
5
1
43
3
1
1
27
3
1
1
2
7
4
3
45
6
4
1
30
14
7
3
38
4
7
2
18
2
4
3
53
6
6
3
32
7
5
3
6
1
3
2
9
2
4
1
32
7
1
3
63
7
2
1
16
5
4
1
11
9
3
1
35
2
5
1
16
3
1
3
47
4
5
2
32
2
6
2
43
2
2
2
1
3
7
3
3
8
1
3
23
3
6
2
65
2
4
2
67
1
4
1
5
2
4
2
49
3
5
3
25
6
7
3
27
7
3
2
63
2
6
2
7
2
4
1
37
1
1
2
60
1
2
2
55
1
7
1
13
2
6
1
33
7
5
3
15
13
1
1
49
2
4
1
34
8
2
3
29
4
3
3
6
5
3
2
71
1
5
1
42
1
2
3
7
2
5
2
41
3
7
1
68
2
5
3
30
22
4
1
66
1
1
2
63
1
1
2
22
2
7
2
8
3
1
1
40
3
6
2
17
3
6
3
36
4
3
3
22
4
3
2
67
2
4
1
40
2
1
3
31
23
2
2
29
1
3
2
25
3
4
1
52
1
4
1
45
1
2
1
23
3
3
1
11
8
7
3
10
19
3
3
32
2
7
1
8
3
5
1
22
3
1
2
26
4
7
3
42
3
5
1
7
8
5
1
65
1
2
2
32
4
6
1
10
3
7
3
63
2
6
3
18
1
7
1
29
1
3
3
28
1
5
2
38
1
4
2
15
1
1
3
41
4
5
1
12
5
4
3
15
8
4
2
7
3
3
2
9
1
4
2
60
4
5
3
23
15
3
1
67
2
2
2
23
3
6
3
55
7
5
3
43
1
1
2
42
1
2
1
41
2
5
2
39
2
3
2
66
2
4
1
9
10
6
1
25
2
1
1
39
3
7
3
33
6
7
2
27
2
7
2
44
5
4
2
35
2
7
3
44
10
3
2
35
3
1
2
36
1
1
2
61
2
1
3
35
2
6
2
37
2
7
3
12
4
1
3
40
6
5
1
49
1
2
3
43
8
6
3
28
16
1
3
36
14
3
1
65
2
2
1
44
3
1
1
55
2
7
3
8
6
6
1
4
6
1
3
27
4
5
2
52
1
7
1
54
2
3
2
43
5
6
3
68
3
4
2
39
4
1
3
11
15
5
3
60
18
3
1
31
12
4
1
26
2
6
2
23
2
4
3
13
4
4
3
60
29
2
2
38
3
6
3
54
1
5
2
27
3
6
2
37
3
4
3
16
4
7
1
47
3
2
1
6
2
7
1
43
1
5
3
25
7
4
1
2
3
4
3
12
1
4
1
61
3
3
3
16
7
5
3
1
5
3
3
2
4
7
2
12
2
6
2
13
3
4
1
7
5
2
2
55
2
6
1
53
1
1
1
23
1
2
3
7
1
2
2
36
3
4
3
67
17
1
1
22
2
7
3
61
8
2
2
11
3
2
3
65
19
5
3
44
4
3
2
3
1
2
2
16
2
7
2
45
2
7
2
47
4
4
3
26
3
4
2
17
1
3
3
49
2
6
1
6
1
7
3
42
4
6
2
6
1
5
2
44
4
7
1
33
3
6
2
47
3
5
2
41
1
7
1
53
2
1
1
39
4
7
1
63
1
5
2
5
2
2
3
71
1
1
1
67
3
7
2
14
3
6
2
10
2
3
1
38
1
1
2
12
1
5
2
30
5
7
3
55
10
2
3
13
2
5
1
14
8
3
2
34
1
3
3
1
4
7
1
71
3
1
2
4
1
4
1
55
1
3
3
4
9
3
2
31
1
6
3
10
14
4
1
36
1
6
1
41
3
1
2
18
3
7
3
66
6
1
1
28
2
6
3
39
6
2
3
33
4
5
1
10
2
6
1
14
22
6
1
5
1
4
3
17
11
2
1
15
3
2
1
17
10
1
1
61
1
3
1
8
6
7
1
44
1
1
3
65
21
7
3
14
11
1
3
52
9
2
2
33
1
4
3
39
2
4
2
53
3
6
3
17
13
5
2
66
1
2
1
3
10
4
2
5
3
1
1
18
9
3
1
29
2
6
3
29
15
3
3
66
5
7
3
54
2
2
2
61
3
3
3
47
10
4
2
8
1
1
1
25
3
3
1
15
5
7
3
40
1
1
3
9
12
5
2
25
1
6
1
35
1
5
1
47
1
7
1
34
7
1
3
71
2
5
2
33
2
7
3
49
1
3
3
30
12
3
3
37
10
7
3
5
2
7
3
61
6
6
1
26
1
5
1
45
2
6
3
2
6
1
1
3
1
1
2
1
2
7
2
30
1
5
1
54
1
5
1
30
12
4
2
40
1
5
2
26
1
5
1
60
1
5
2
4
3
5
1
4
3
4
2
2
2
3
3
18
17
7
3
45
2
2
2
52
4
1
2
71
2
2
2
68
2
6
1
71
2
1
2
11
1
1
2
49
4
3
2
29
3
2
3
22
5
2
1
1
1
7
3
4
6
3
1
60
2
3
2
22
3
5
1
36
3
7
2
6
3
7
1
52
3
6
3
37
7
1
1
13
7
1
1
28
3
7
3
14
4
3
1
68
3
3
3
52
7
7
2
28
3
2
1
38
2
5
3
31
15
2
1
18
1
6
1
31
14
7
2
54
2
3
3
9
17
2
2
14
1
1
