2
40
1
6
2
60
2
1
3
39
2
1
2
22
1
1
3
7
5
1
2
22
2
7
3
42
1
6
3
29
3
6
2
71
3
7
1
27
1
1
3
41
2
3
1
5
2
2
2
55
1
7
2
53
2
3
1
65
2
6
3
35
4
3
2
35
2
4
3
71
1
1
1
35
2
3
2
41
2
6
1
12
17
4
2
34
1
5
1
1
2
6
2
54
1
5
2
65
1
7
2
10
3
7
3
38
1
1
1
68
2
4
2
65
3
7
2
12
1
6
2
71
1
7
1
40
2
1
2
47
2
2
1
3
10
4
3
6
6
3
2
33
1
4
1
29
1
4
1
4
7
1
2
17
1
3
2
68
4
1
1
39
2
4
2
34
3
4
2
42
2
2
3
66
8
3
2
2
2
1
3
3
6
1
1
30
20
6
2
37
3
3
2
29
3
4
2
30
4
7
1
13
2
3
1
63
1
5
3
63
10
5
1
55
1
4
3
45
7
5
3
18
3
3
1
54
3
4
2
3
2
1
2
10
1
4
2
13
2
6
2
61
1
1
2
11
2
1
1
7
11
3
2
5
2
7
3
25
1
7
1
33
1
5
3
12
1
5
2
5
3
2
3
67
15
2
1
37
1
5
1
23
1
7
3
38
11
7
2
63
1
7
3
2
1
5
2
12
3
3
2
43
2
7
1
41
1
3
3
60
19
1
2
7
2
3
3
44
2
3
1
38
3
3
1
8
10
7
3
26
5
7
3
31
4
1
1
30
11
6
1
53
1
3
2
41
1
7
1
36
2
4
3
52
9
3
3
44
3
6
1
22
3
5
3
11
8
3
1
11
3
3
3
2
8
6
2
4
2
5
3
67
30
6
2
60
3
7
2
15
1
7
1
14
9
3
3
47
4
1
3
45
4
7
3
10
26
4
2
38
5
3
3
55
1
7
3
61
1
6
2
6
2
1
3
9
12
6
1
61
3
6
1
43
2
4
1
34
3
4
1
38
2
5
3
13
7
5
2
39
4
5
3
9
31
1
2
26
4
2
1
44
2
7
3
71
2
2
3
26
6
3
2
16
3
6
1
52
1
5
1
12
14
7
2
33
3
7
2
2
3
4
3
53
3
4
3
61
11
6
1
25
1
3
2
36
3
4
2
6
3
5
3
42
2
5
3
6
2
3
2
14
3
5
3
18
7
2
1
2
3
5
3
23
2
3
3
30
17
3
2
45
2
7
2
25
1
7
3
5
5
5
3
23
19
7
1
43
1
2
1
32
2
2
2
44
3
4
1
32
1
6
1
45
1
7
2
38
2
2
1
10
6
1
3
35
1
1
1
54
2
6
1
18
15
6
3
41
4
3
1
13
1
1
1
63
2
7
3
16
7
4
3
43
5
1
1
10
3
2
2
66
3
1
2
26
2
6
2
23
3
6
3
52
13
7
3
22
11
2
3
13
3
2
1
39
4
4
3
55
16
7
1
23
3
4
1
71
3
6
2
14
1
1
2
52
3
7
1
60
2
6
1
25
2
2
3
25
3
1
2
30
5
3
3
68
9
1
2
55
2
6
1
11
12
7
1
45
2
7
1
67
2
7
3
7
3
4
1
8
9
3
2
16
2
7
1
61
2
1
1
42
1
3
1
18
7
5
2
66
2
3
1
42
2
4
2
13
3
1
2
44
4
2
2
39
2
5
1
41
2
3
3
36
7
1
3
10
8
7
1
53
2
6
3
40
3
5
1
27
2
5
1
60
1
6
2
40
2
2
2
25
3
6
1
14
1
2
2
67
1
6
3
31
29
4
1
47
1
5
1
28
2
3
3
4
11
7
3
30
12
3
2
28
2
7
1
31
1
5
3
22
10
4
1
67
3
1
2
36
2
1
2
67
2
5
3
33
17
4
1
1
3
7
2
47
4
1
1
40
3
1
3
1
1
1
1
2
7
6
2
7
3
1
2
18
3
4
1
7
1
6
3
36
11
6
1
28
1
5
2
49
2
6
1
66
3
7
3
39
7
1
2
27
1
3
1
65
1
1
1
3
6
2
2
49
1
6
3
28
3
4
2
63
2
1
2
11
3
4
3
17
11
7
2
4
1
5
3
8
3
7
1
6
2
2
2
54
2
4
1
29
3
2
2
35
3
1
2
32
3
5
1
66
1
3
2
45
4
1
3
11
3
7
1
16
7
5
3
3
10
7
3
12
2
2
3
27
12
2
2
1
3
2
1
9
9
7
3
1
4
5
2
37
4
3
1
15
2
1
1
33
3
4
1
34
9
2
1
36
3
2
3
33
21
1
2
8
1
6
2
23
2
5
2
28
3
4
3
53
6
4
1
68
3
2
3
65
4
2
3
66
1
3
1
17
10
6
3
16
6
2
1
35
4
5
3
8
8
3
3
65
5
5
3
15
11
4
1
71
2
2
3
14
16
3
3
29
4
3
1
26
3
5
1
6
1
6
1
22
1
2
1
47
3
4
1
15
5
7
1
49
1
5
1
44
3
1
1
37
2
4
3
37
2
6
2
27
3
6
1
17
9
3
1
31
10
5
1
55
2
1
3
28
8
6
1
16
1
1
3
63
1
6
3
49
7
6
3
54
1
6
2
42
1
1
3
27
14
3
2
18
1
5
1
5
1
3
3
5
3
7
2
8
3
4
3
17
4
4
3
40
5
3
2
68
3
3
3
4
21
7
3
34
3
1
2
43
4
7
1
52
2
7
2
32
1
2
2
53
1
3
3
32
1
3
3
15
13
2
2
29
2
7
3
34
4
1
1
49
2
3
3
32
3
3
3
37
12
5
3
49
2
3
2
3
3
4
3
54
2
3
2
15
3
3
2
9
1
6
3
60
8
6
1
9
14
5
3
68
13
5
2
61
3
4
1
26
1
4
1
4
4
5
2
52
4
7
2
1
1
4
2
9
2
2
3
43
7
6
3
47
7
6
3
14
5
4
2
31
5
6
2
31
3
4
2
17
2
2
