2
5
1
5
3
37
10
7
3
26
3
3
2
55
2
4
3
35
6
5
3
40
5
4
2
49
3
5
1
1
1
3
3
18
1
1
3
61
10
3
2
67
1
2
1
17
14
7
2
29
3
6
2
60
4
4
1
15
4
6
1
63
2
2
1
7
7
6
1
31
18
2
3
67
1
5
1
71
3
3
2
4
3
2
3
34
4
7
3
4
1
3
3
47
8
2
1
8
4
4
2
31
5
5
1
67
2
5
2
40
3
7
1
68
2
5
3
60
25
6
1
7
2
2
3
5
3
4
3
65
2
2
3
28
8
5
2
1
3
7
2
14
1
4
3
71
2
6
1
4
2
5
1
63
1
5
2
31
3
2
3
2
8
2
3
2
10
4
1
5
1
1
1
11
5
7
3
1
7
1
3
65
13
3
2
13
2
1
1
31
15
1
3
13
4
6
1
44
2
4
1
28
1
2
2
63
1
1
1
3
8
5
3
71
1
3
2
45
4
3
3
47
7
3
2
61
3
7
2
3
2
3
2
68
4
6
1
16
4
4
1
55
2
6
1
18
2
2
3
42
1
5
2
66
1
5
1
60
1
3
2
66
3
3
3
3
9
7
3
55
16
3
2
52
2
4
1
45
1
2
2
6
2
1
3
61
6
1
2
16
3
2
3
27
16
7
1
25
1
4
2
65
3
6
2
36
1
7
3
6
6
2
1
36
1
6
2
47
2
2
3
9
11
4
3
44
6
3
2
9
2
2
2
53
3
7
1
33
1
2
2
7
2
3
3
45
2
5
3
53
5
4
1
6
2
6
3
67
30
5
1
60
2
2
3
49
1
5
2
47
4
7
2
22
3
7
3
14
11
6
2
25
1
5
3
66
5
6
1
10
6
2
1
13
9
6
2
33
2
3
3
30
8
4
1
43
3
5
1
68
1
1
1
12
7
7
3
36
13
6
1
53
1
5
1
11
10
7
3
3
6
3
2
60
3
1
1
9
1
5
1
52
2
5
1
10
2
7
1
66
1
3
1
17
1
3
3
30
23
5
2
43
2
7
3
33
18
3
2
39
4
2
2
22
1
6
2
14
3
6
2
63
2
2
2
18
3
1
1
23
2
2
1
52
3
2
1
44
1
4
3
17
12
1
1
22
1
1
3
38
7
6
1
39
1
4
3
52
11
5
1
35
3
1
2
44
3
7
1
9
4
1
2
12
3
7
3
17
10
6
3
23
7
7
2
17
1
2
1
27
2
6
2
71
1
1
3
27
6
7
1
3
3
6
3
39
6
2
2
29
1
5
1
18
15
5
3
29
4
3
2
8
1
4
2
12
2
6
3
6
2
3
2
4
2
1
2
17
2
1
2
53
2
5
2
3
1
5
3
10
19
1
1
32
1
1
3
68
17
2
2
43
3
4
1
29
1
2
1
28
3
4
2
37
2
4
1
42
2
7
1
61
2
1
1
38
3
5
2
45
2
7
3
41
1
6
3
49
7
6
2
26
3
5
3
34
2
6
3
1
8
6
3
22
3
7
3
35
8
7
3
63
1
4
1
1
3
1
2
32
1
1
2
52
7
2
1
65
1
2
3
43
4
3
2
13
3
6
3
44
1
6
2
16
2
5
3
9
20
2
2
7
3
5
1
67
3
2
3
63
12
1
1
42
1
3
1
41
1
7
1
47
3
7
1
49
1
3
3
15
9
3
3
54
1
7
1
2
7
1
3
60
16
4
1
41
3
2
3
38
9
1
1
40
3
2
2
33
3
7
3
22
2
2
3
12
5
7
3
16
4
6
2
35
3
4
2
2
3
3
1
37
1
7
1
43
1
1
2
55
1
1
1
4
1
5
3
31
11
6
2
68
1
5
1
6
1
5
1
8
11
5
2
15
1
5
2
61
2
5
3
41
4
1
1
71
1
7
2
11
2
5
2
28
2
3
2
11
3
4
2
30
1
3
2
32
3
2
2
41
3
6
3
55
1
7
1
22
2
3
1
23
1
1
2
25
2
2
1
5
2
2
2
18
1
6
3
32
7
6
1
39
3
7
2
37
3
2
1
16
1
1
3
18
13
4
2
34
1
4
2
71
3
5
1
32
6
1
3
39
9
2
1
45
2
2
1
38
1
5
3
4
24
5
2
30
4
5
1
26
3
2
2
28
1
3
3
12
1
4
3
13
3
1
3
68
6
3
2
65
2
7
2
34
2
5
1
36
2
2
2
8
3
4
1
30
16
3
2
6
1
6
3
26
12
4
3
29
15
2
2
41
5
3
1
35
2
6
2
35
2
1
2
40
1
1
1
25
3
6
3
43
6
6
1
40
1
1
2
39
1
2
1
33
4
3
1
55
1
4
1
26
1
4
3
40
1
4
1
47
1
6
3
25
8
1
2
44
4
1
1
37
2
4
3
42
2
2
3
16
1
2
3
28
12
4
1
27
1
3
3
5
5
7
3
33
20
2
2
10
3
5
1
14
11
2
2
23
1
6
1
53
2
2
2
2
1
7
1
12
8
5
3
52
1
3
3
11
1
4
3
8
9
2
2
26
4
5
3
53
7
6
1
14
15
1
1
34
2
5
3
37
5
4
2
1
1
5
1
13
7
3
1
65
2
2
3
7
4
1
1
34
6
3
3
14
12
3
1
29
3
5
2
15
2
4
2
23
2
2
3
36
8
4
2
27
3
7
3
32
4
6
2
38
2
7
2
54
2
3
2
49
1
6
1
66
3
4
2
10
1
2
2
42
1
4
3
66
3
6
2
42
2
7
3
54
2
5
3
8
14
3
3
25
7
4
3
7
5
7
1
49
2
6
2
54
1
5
1
61
3
4
1
2
6
2
2
36
4
3
2
67
2
4
2
38
3
1
3
31
5
5
1
54
2
4
1
15
2
3
3
11
11
6
1
54
1
6
1
30
10
6
3
10
26
6
3
45
7
1
2
9
1
6
2
27
2
5
3
23
12
5
3
15
6
3
2
5
2
5
