2
17
1
6
3
15
14
2
2
4
1
5
2
52
2
6
3
41
3
6
3
41
1
5
3
9
4
5
2
17
2
5
3
66
6
2
2
63
1
5
2
52
1
6
1
13
8
7
2
6
1
6
1
31
15
5
1
42
2
1
1
15
3
3
2
14
1
4
2
67
2
2
1
36
1
2
1
33
3
1
1
44
4
5
3
44
6
1
1
2
3
3
2
49
4
5
1
29
2
7
1
32
6
7
3
11
14
2
1
25
3
4
1
63
1
3
3
7
3
6
3
9
12
5
3
29
17
3
1
23
1
2
1
54
1
7
2
36
3
3
1
6
1
5
2
43
1
5
2
37
1
1
3
33
24
3
3
68
3
2
2
65
3
2
1
22
3
1
3
36
2
5
2
36
5
7
2
44
3
6
3
65
14
6
2
29
2
5
3
49
4
2
3
27
15
1
2
71
1
6
2
42
3
1
3
42
4
6
1
30
19
6
3
32
8
5
1
28
1
3
2
27
3
1
3
66
8
1
1
2
5
2
2
43
3
7
1
1
2
4
3
52
1
1
2
18
1
7
2
30
1
7
2
6
3
4
1
10
1
1
2
32
4
3
2
9
1
3
1
11
11
7
2
4
3
4
2
12
2
7
3
54
2
4
3
2
2
6
3
49
8
2
1
17
3
1
1
68
1
3
1
53
2
1
3
55
17
6
3
30
28
3
3
36
12
6
2
32
2
7
2
11
2
6
1
5
2
1
3
53
1
6
2
3
3
7
3
6
3
3
2
45
1
3
3
43
1
2
2
12
1
1
3
10
24
6
3
31
6
6
3
28
3
1
3
45
7
5
3
61
6
3
3
68
2
1
2
39
4
6
2
41
5
2
3
26
5
4
1
27
1
2
2
34
3
2
3
7
1
4
1
9
10
2
1
39
2
2
1
4
4
1
2
18
2
5
1
14
1
3
2
5
1
5
2
55
2
1
2
33
3
6
1
13
1
3
2
25
1
3
2
40
1
7
1
52
1
5
1
35
2
1
3
17
4
5
2
47
4
4
3
15
10
6
3
31
12
5
3
3
3
3
2
30
5
4
2
38
1
4
3
29
6
7
1
33
7
4
3
5
5
4
3
1
8
5
3
34
7
6
2
26
2
6
3
30
18
5
2
2
2
6
1
52
3
4
2
22
1
5
2
34
2
4
3
23
2
6
2
7
1
4
1
6
2
7
1
12
5
5
1
26
1
2
3
67
37
4
2
27
1
5
2
3
1
3
3
65
3
4
2
42
2
7
3
13
5
6
2
1
3
2
1
40
3
4
2
71
3
5
1
7
5
2
1
23
3
7
2
35
2
5
3
45
1
3
1
5
1
6
2
54
1
5
3
32
6
4
3
47
7
5
2
67
1
6
3
25
1
2
3
6
4
7
2
31
2
1
3
22
11
4
3
38
8
5
1
29
3
3
1
38
2
6
2
53
3
6
1
60
1
6
1
3
1
3
3
44
1
3
1
27
3
5
1
18
11
3
1
67
3
2
1
55
2
4
2
8
2
6
2
63
2
2
1
66
2
1
1
35
4
4
2
11
1
3
2
54
2
4
2
31
1
1
3
27
1
3
3
14
20
7
1
66
3
6
3
10
10
4
1
16
4
3
3
38
6
3
1
26
2
5
3
22
7
6
1
10
5
4
3
16
1
3
3
39
8
5
1
49
1
5
3
60
17
7
3
63
10
3
2
16
3
7
2
26
3
7
2
55
1
2
3
23
10
2
3
43
4
1
2
28
1
6
1
8
17
5
2
28
3
7
2
65
2
1
2
25
3
7
2
14
3
6
3
42
3
7
1
63
2
3
2
39
1
7
1
34
4
1
1
15
2
1
1
41
2
5
2
10
1
3
3
8
1
3
3
67
30
1
1
44
3
5
1
31
8
2
1
45
2
6
2
29
3
3
2
44
1
5
1
4
3
7
1
30
15
5
1
14
22
1
2
22
2
4
1
71
2
3
1
17
11
3
1
7
7
2
1
43
2
3
1
28
3
4
3
5
4
3
1
61
1
5
1
1
1
7
3
26
2
2
3
18
14
3
3
33
9
3
3
17
14
3
2
8
1
3
3
39
10
2
1
37
1
3
1
61
2
6
3
16
6
1
1
47
1
6
3
55
12
5
3
28
11
6
1
41
1
1
2
61
2
6
3
14
12
2
1
16
3
5
2
23
1
4
2
66
3
3
3
40
1
4
3
35
2
4
3
3
5
7
2
60
4
2
3
13
6
3
3
54
1
3
3
60
18
4
2
45
2
1
3
37
6
2
3
63
5
4
1
36
3
2
1
68
3
1
1
38
3
6
2
47
1
7
1
32
1
4
2
53
1
2
2
10
2
2
1
45
1
5
3
53
2
7
2
68
3
2
2
15
1
2
1
37
2
1
2
23
2
4
2
66
1
1
1
42
1
5
2
35
1
3
1
43
1
1
3
8
7
7
2
33
2
7
1
65
1
4
3
52
6
7
3
11
25
5
2
49
1
5
2
38
4
7
3
37
10
4
2
16
1
7
2
15
3
7
1
49
2
2
3
2
3
6
3
35
3
7
3
40
2
2
1
60
2
2
2
40
2
2
3
25
8
3
2
68
2
3
2
9
2
6
1
55
1
4
3
4
27
5
1
11
6
2
1
40
2
6
3
34
3
4
1
22
2
6
3
12
2
5
3
71
5
7
1
65
2
7
2
13
1
7
2
37
2
5
2
61
3
6
2
13
2
2
2
1
2
7
1
12
16
3
3
1
6
3
1
53
1
2
1
18
15
2
1
8
3
7
2
5
2
6
2
7
3
2
1
39
3
6
3
47
1
7
3
61
10
7
1
67
1
4
2
60
3
4
1
47
3
4
2
2
1
1
1
71
1
7
3
18
16
4
3
4
23
1
2
41
1
1
1
54
2
6
3
71
3
2
3
12
7
6
1
3
4
1
1
34
10
4
1
25
1
4
1
9
4
5
