3
60
20
2
1
65
1
3
1
9
11
2
3
23
1
2
1
29
3
4
1
53
2
2
3
39
8
7
3
25
4
6
1
34
7
3
1
52
3
2
1
33
4
5
1
38
2
2
3
63
11
7
2
6
1
5
1
35
4
4
3
3
3
5
2
17
2
2
2
25
3
7
3
17
12
4
2
15
3
1
3
11
14
7
1
17
14
1
3
54
2
1
1
4
6
1
3
53
8
2
1
28
3
1
1
68
2
4
2
55
3
3
3
13
3
1
3
49
3
4
2
40
4
2
3
55
9
2
1
54
1
4
2
1
2
4
1
27
1
6
1
66
3
2
2
36
2
4
3
34
3
2
3
68
6
1
3
67
22
3
3
14
18
5
3
14
2
5
2
32
3
3
3
7
4
5
1
44
3
1
2
60
1
1
1
14
6
6
3
26
2
6
2
3
1
2
2
65
3
6
2
31
2
6
3
18
16
4
2
45
1
1
1
36
3
2
1
6
2
3
1
23
3
3
2
41
4
6
1
38
3
6
2
49
2
4
3
33
7
4
3
41
2
1
1
52
2
4
1
9
9
6
3
40
2
2
1
37
2
6
2
63
1
4
3
15
11
4
1
5
1
1
2
28
2
5
2
63
2
4
3
29
13
3
2
37
3
2
2
7
1
7
1
8
16
7
1
17
8
5
2
29
2
3
2
60
4
6
3
13
9
4
2
16
3
1
1
4
2
1
2
16
2
2
1
15
1
2
2
54
1
2
1
29
2
4
2
8
1
1
2
31
4
3
1
18
7
5
2
5
3
3
3
43
4
3
2
4
2
7
3
5
2
6
2
61
2
7
2
38
5
6
2
29
1
5
1
2
5
5
3
67
23
3
1
53
1
5
1
63
2
6
3
39
10
3
3
12
1
2
2
40
2
1
3
41
3
1
1
60
2
7
3
6
4
4
3
9
17
5
2
49
3
3
1
11
6
7
3
44
10
5
3
32
4
2
1
66
2
3
3
32
11
2
3
38
7
1
2
1
1
6
1
32
3
4
3
22
1
6
2
6
2
7
2
55
1
5
1
26
2
2
3
37
1
7
2
13
2
6
3
12
7
1
2
36
1
2
1
43
1
5
1
15
4
1
2
18
3
7
3
30
5
7
2
18
4
7
3
33
21
2
2
26
2
6
2
7
3
3
3
30
16
3
2
68
1
1
1
41
2
6
3
42
2
2
1
65
2
4
3
38
2
4
2
17
3
3
1
42
1
4
2
42
1
3
2
15
2
3
3
31
13
6
1
10
7
4
1
49
2
7
2
52
2
5
1
42
2
3
1
45
2
6
1
11
2
3
1
1
3
4
2
68
3
7
2
3
3
2
1
71
1
2
3
65
13
5
2
71
1
1
3
49
8
4
1
8
15
1
1
68
3
2
2
30
2
2
2
67
1
1
3
43
1
3
3
16
3
3
3
31
9
3
3
29
14
3
3
6
5
6
2
53
2
7
1
44
2
5
3
3
1
6
2
4
3
6
3
53
7
1
2
47
1
7
2
43
5
1
1
5
2
2
2
30
4
5
3
4
13
5
2
5
2
4
2
54
2
5
2
10
1
2
2
41
3
1
1
30
16
3
1
41
1
2
1
22
2
1
3
18
9
7
2
35
2
7
3
8
14
6
2
12
2
5
2
12
1
3
1
43
3
4
1
54
3
7
3
23
16
5
3
35
3
5
3
28
6
5
1
10
5
6
3
36
2
1
1
40
2
6
3
15
10
5
3
5
3
6
2
11
2
2
3
11
12
7
2
66
3
2
1
16
6
6
2
11
1
7
1
25
1
5
1
1
1
4
2
65
4
7
3
27
3
7
3
35
6
7
3
45
1
5
3
1
1
1
1
71
2
4
1
23
2
5
3
42
4
5
1
32
4
5
3
65
19
1
3
54
1
1
3
66
1
6
3
34
9
6
1
49
1
6
2
33
1
2
1
13
4
4
2
32
4
5
1
63
1
4
2
22
3
1
2
71
3
2
1
40
3
4
1
3
5
1
3
47
1
2
2
38
4
3
3
45
4
5
1
45
1
2
2
61
1
1
3
52
2
2
3
44
6
2
3
61
9
7
1
61
2
2
2
37
1
7
3
63
9
1
1
7
9
1
2
9
1
1
2
35
1
3
2
26
3
6
1
33
2
5
3
36
7
2
1
2
7
3
1
13
6
3
2
66
1
3
1
55
2
7
2
53
3
3
2
42
3
7
2
27
3
3
1
27
3
6
3
26
9
4
2
9
2
6
2
44
1
1
3
66
9
6
2
2
3
7
2
43
2
7
1
7
4
3
1
6
1
5
1
28
1
5
3
2
5
3
1
31
7
6
2
44
3
6
2
39
1
1
3
37
8
4
1
16
5
1
3
52
16
1
2
2
1
5
3
47
3
4
2
34
3
4
2
27
2
1
1
18
5
7
2
28
1
5
2
39
3
2
3
9
20
7
3
61
5
5
3
10
6
7
2
25
2
7
1
37
1
2
1
34
4
7
1
25
3
4
2
52
3
5
2
14
3
3
3
10
8
3
2
45
3
3
1
61
1
2
1
67
1
6
3
4
15
2
3
60
6
7
1
3
8
2
2
47
2
3
1
12
11
6
2
33
2
4
3
17
4
6
3
16
6
7
1
39
4
6
1
14
22
6
3
7
3
1
1
26
3
3
1
47
2
3
1
60
1
7
3
55
1
6
2
8
2
5
2
10
3
3
3
28
14
6
2
34
2
7
3
2
11
1
2
67
2
2
3
22
6
5
2
22
1
3
3
1
3
4
2
23
3
4
3
71
4
2
3
25
6
4
2
23
2
6
3
8
5
4
3
27
6
1
1
35
3
6
3
40
3
4
1
67
3
6
1
39
3
2
1
22
1
3
1
36
1
1
3
68
3
1
1
12
4
4
2
13
1
1
1
31
12
4
2
14
1
5
1
30
12
3
1
47
3
4
1
55
1
5
3
71
1
4
