1
4
4
2
3
35
7
4
3
67
3
4
3
7
1
2
1
42
1
4
2
12
3
7
3
43
5
6
2
33
1
7
3
29
1
2
1
37
1
7
3
14
14
5
3
15
14
5
1
36
1
2
1
31
12
6
1
65
2
3
2
26
4
5
2
54
1
1
3
55
15
4
1
36
3
4
1
5
1
4
2
38
4
2
2
29
2
4
1
12
6
6
3
32
6
1
2
9
1
4
1
67
1
4
2
23
3
7
1
22
1
2
1
17
3
2
3
26
5
4
1
61
3
6
1
71
2
2
2
2
2
6
2
55
1
1
1
42
2
3
3
27
2
2
2
52
4
5
2
29
1
7
2
11
1
7
1
26
1
7
2
27
2
6
1
8
6
1
2
44
3
4
1
66
3
7
3
10
18
4
1
11
2
4
2
7
1
6
2
28
2
3
3
6
5
1
2
22
3
3
2
16
2
7
3
52
18
3
3
53
4
3
1
60
1
1
3
27
7
7
2
53
3
2
2
41
1
4
1
43
2
2
1
35
1
3
3
16
1
1
2
32
3
7
1
5
2
2
2
9
2
2
2
43
5
4
2
4
2
5
2
8
3
2
1
66
1
6
2
65
3
7
2
8
1
7
2
52
7
4
1
32
1
6
1
27
1
5
1
39
1
3
1
71
1
6
3
28
8
4
1
23
1
4
1
60
2
5
1
55
2
3
3
41
2
6
3
35
5
2
1
28
1
4
1
30
6
5
1
41
3
4
2
17
1
6
1
26
2
6
3
25
1
7
1
47
3
2
1
35
3
4
1
29
2
3
3
2
10
1
2
13
1
4
1
6
2
4
2
11
2
3
2
39
2
2
3
18
2
7
3
61
9
5
1
9
9
6
1
34
5
4
1
12
17
4
3
8
18
1
2
45
2
6
1
22
3
1
2
49
4
2
1
68
2
4
3
23
1
6
3
12
2
5
2
28
1
1
2
3
1
2
1
54
2
4
3
68
8
3
1
13
1
6
2
35
3
3
2
61
3
3
2
18
2
3
1
2
4
1
3
47
6
6
3
36
2
5
3
9
20
1
2
2
1
1
2
15
3
7
3
17
16
3
3
49
1
4
2
15
2
7
1
25
2
1
1
29
3
3
2
44
1
5
2
37
1
3
1
1
3
7
3
39
8
6
1
11
1
3
3
13
3
3
2
53
2
7
3
42
1
6
2
63
2
6
3
65
10
5
2
54
2
5
1
4
6
4
3
47
2
2
2
42
4
2
2
34
2
3
2
10
3
1
2
31
3
1
1
16
7
3
2
66
3
2
1
17
4
7
1
13
4
1
2
25
3
6
3
9
29
1
1
3
7
7
3
28
16
7
2
68
1
4
3
37
7
7
3
53
8
1
1
25
1
3
2
39
1
4
1
6
1
7
1
55
1
4
1
7
7
7
2
6
2
1
1
63
1
5
2
12
2
7
3
45
7
1
3
36
9
3
1
18
10
2
1
1
1
7
3
44
6
6
1
7
2
7
2
42
1
6
2
49
2
2
3
49
6
3
1
68
3
5
1
2
7
1
1
53
1
5
1
49
1
1
2
61
1
4
3
45
4
6
3
5
1
1
3
40
2
7
2
30
3
2
1
30
11
3
2
37
2
6
3
38
8
3
2
14
1
6
1
8
7
4
2
18
1
2
3
42
2
5
2
55
2
3
3
16
6
5
3
65
6
6
3
15
7
2
3
14
3
7
1
14
18
5
3
61
7
1
3
54
2
6
3
17
5
1
1
49
2
1
3
52
1
5
2
27
3
2
1
40
3
7
3
11
21
7
2
60
1
1
1
38
3
2
1
67
2
5
1
37
2
6
3
10
3
5
2
32
4
6
3
63
12
6
1
63
2
6
3
32
1
2
3
37
2
5
2
60
3
5
3
5
5
6
2
41
4
4
3
25
4
3
1
53
2
6
1
40
2
4
3
3
2
3
3
13
8
3
1
14
14
7
2
71
3
3
2
45
4
6
3
33
23
7
1
52
2
4
2
68
3
2
3
8
5
2
2
33
3
1
3
66
3
1
1
10
6
1
3
38
5
6
3
41
4
4
2
47
2
5
3
63
8
5
1
33
4
3
2
25
2
1
2
3
2
5
3
71
3
7
3
26
7
4
3
60
7
1
1
52
1
7
3
68
12
6
3
18
3
2
1
9
10
2
2
36
5
2
1
15
5
6
2
14
2
2
1
28
3
6
1
44
3
5
2
36
3
1
2
63
3
3
2
1
3
3
1
65
1
3
3
34
3
6
2
26
1
5
3
22
2
3
1
15
3
4
3
30
9
6
3
40
1
2
1
47
2
2
1
18
14
3
2
34
3
1
3
1
1
6
2
71
1
5
2
31
1
4
3
23
18
5
2
47
3
2
1
33
7
3
1
45
2
2
1
38
1
4
1
61
1
6
3
54
1
1
2
23
1
7
2
40
3
6
3
6
3
5
1
32
6
3
1
3
3
2
2
67
1
7
1
54
3
7
3
34
4
7
1
44
2
3
2
40
2
7
1
43
1
4
1
41
2
3
2
30
2
5
3
55
13
2
3
31
26
3
3
66
6
2
2
35
2
6
2
43
3
5
3
67
14
4
3
7
3
5
1
23
2
5
2
65
2
4
1
16
3
5
3
29
6
1
3
11
5
1
3
30
20
6
2
4
3
7
2
38
3
3
2
6
1
6
2
66
1
2
2
5
3
3
2
16
1
3
1
31
10
6
3
12
1
6
3
39
10
1
3
4
26
4
3
31
1
5
3
71
5
5
2
22
1
4
1
45
1
5
3
3
8
2
2
17
3
5
1
34
3
7
2
5
1
6
1
27
2
7
1
39
3
5
3
60
4
2
2
67
2
4
3
33
7
4
3
44
4
6
2
10
1
4
3
2
7
3
2
13
3
7
3
1
8
4
2
1
2
7
1
10
7
4
3
4
12
1
3
22
3
2
2
7
2
6
3
43
8
5
