1
49
1
6
2
16
1
5
1
14
22
5
2
30
1
1
2
4
3
7
1
63
1
4
2
54
1
4
1
44
1
2
3
34
8
4
3
28
8
6
2
8
3
4
3
12
5
7
3
25
3
6
1
55
1
2
3
31
16
4
1
65
2
6
3
26
1
2
3
14
9
1
3
8
5
1
3
25
9
5
2
67
2
7
2
49
1
7
1
14
2
1
2
14
1
3
3
31
5
4
1
6
1
7
1
60
2
4
1
42
2
5
2
47
4
3
2
53
3
1
3
41
1
7
3
45
6
3
2
54
2
1
3
53
8
1
1
13
1
2
3
71
5
3
1
37
2
2
3
11
22
2
3
29
19
3
3
16
5
7
2
68
1
7
2
15
3
1
2
66
1
1
2
5
1
5
1
17
13
3
1
8
13
2
3
37
4
5
3
3
1
1
2
13
1
3
2
9
1
4
3
10
20
5
1
65
1
1
2
32
4
2
2
34
1
2
3
37
7
6
3
47
9
7
2
43
2
5
3
32
3
6
1
25
2
3
2
41
5
3
2
66
2
4
3
63
8
1
1
22
3
5
3
35
3
5
1
16
4
5
3
13
4
4
2
61
1
3
3
47
7
6
1
61
1
6
3
55
17
3
1
18
6
5
1
27
3
4
2
60
2
3
1
27
1
7
1
55
2
6
1
15
3
6
1
26
2
1
3
39
7
3
2
17
2
1
3
38
12
6
1
45
2
7
2
55
2
3
3
34
4
6
1
12
11
1
2
15
1
6
2
36
2
5
3
6
5
3
3
17
17
7
2
60
1
6
1
40
3
1
1
4
6
6
2
65
1
4
2
37
3
5
3
44
5
1
2
16
3
3
2
52
3
4
2
35
2
5
2
67
1
5
2
3
3
6
2
26
1
3
3
13
6
7
2
22
3
5
3
3
10
1
3
2
9
2
1
8
9
2
1
1
1
4
3
22
5
6
2
18
4
3
3
10
3
3
1
54
2
7
3
4
10
6
3
66
9
3
3
53
6
3
2
6
2
6
1
3
4
3
3
32
5
3
1
61
2
3
1
52
2
3
1
35
4
1
2
47
2
6
3
1
10
2
1
33
7
2
1
25
3
7
3
9
32
6
3
33
23
4
2
32
1
2
2
2
1
1
2
31
5
7
1
6
2
5
2
12
1
7
2
44
1
2
1
38
1
4
1
44
2
3
1
28
1
6
1
39
1
1
1
60
1
3
3
67
17
2
1
67
2
4
2
53
2
4
3
22
10
4
2
31
3
4
1
7
11
3
2
11
1
2
1
43
1
3
1
1
3
4
1
5
1
1
1
42
1
3
3
35
7
7
1
71
2
3
1
17
11
6
1
29
2
6
2
38
2
1
1
68
3
7
2
18
3
1
1
15
1
6
1
30
15
3
2
39
3
3
3
14
5
2
1
10
5
2
2
1
2
6
1
28
2
1
2
28
1
2
3
30
22
6
3
4
19
7
3
68
1
2
2
45
3
2
2
22
2
6
2
6
1
7
3
43
1
2
3
38
4
5
3
6
6
2
3
42
1
4
2
44
5
6
2
42
2
6
1
10
7
7
2
7
2
7
2
29
3
7
2
23
1
4
2
10
1
7
1
30
14
7
2
14
2
3
3
60
10
3
2
29
1
4
1
13
6
2
1
39
3
6
2
3
2
7
1
66
1
2
3
67
2
5
1
18
8
2
2
71
3
2
1
9
5
3
1
2
2
4
3
49
4
4
2
27
2
5
3
12
7
3
3
45
2
4
2
35
1
1
3
61
11
5
1
35
2
5
3
8
4
6
1
26
1
6
2
40
3
1
3
54
2
4
3
65
6
5
2
43
5
6
2
38
5
2
1
34
1
7
1
11
2
1
2
28
2
1
3
5
5
4
3
30
16
4
3
23
13
1
3
9
21
7
2
9
3
6
3
18
10
1
3
27
7
4
3
54
1
1
1
40
2
4
1
41
3
2
3
28
14
6
1
43
3
4
1
22
2
4
2
65
2
6
2
25
3
1
1
16
7
1
3
16
3
3
2
1
3
1
1
63
2
1
2
63
2
1
2
37
4
2
2
27
1
1
1
23
2
3
2
13
3
4
1
7
10
7
3
26
7
4
2
71
1
1
1
53
1
6
1
9
8
2
3
15
8
5
2
68
3
7
2
2
3
3
1
41
1
3
1
12
1
7
2
11
2
4
1
23
3
7
3
49
5
2
1
33
8
4
3
2
2
3
1
54
3
7
3
11
7
4
2
40
4
6
2
23
2
3
1
68
2
4
3
17
12
3
2
33
2
5
3
61
6
6
1
66
2
5
3
60
26
4
1
47
2
1
2
26
3
4
1
45
1
2
1
5
2
4
2
36
5
6
3
7
3
7
2
41
3
1
2
7
3
2
1
2
3
7
2
49
4
2
1
49
2
5
3
68
5
5
1
31
2
3
3
41
4
7
3
63
1
7
2
33
1
1
2
34
2
1
1
38
3
1
3
1
1
7
2
25
2
7
3
36
15
7
3
7
2
4
3
52
15
4
1
47
1
4
3
18
14
2
1
53
2
6
2
63
1
7
3
36
12
2
2
55
3
1
3
44
1
3
2
4
1
6
3
33
3
5
1
37
1
7
3
55
9
6
3
40
3
1
2
17
3
6
3
5
1
7
2
42
4
1
1
32
1
7
2
8
2
6
1
36
1
3
1
67
3
3
3
29
14
6
1
36
3
4
1
34
6
6
3
23
16
7
3
52
6
6
3
65
8
3
3
66
5
2
3
71
4
7
3
43
6
3
2
61
3
7
1
31
9
3
3
42
2
4
1
29
1
7
2
30
4
6
2
12
3
5
2
45
2
4
1
3
11
7
1
32
7
2
3
15
16
1
2
5
2
5
3
39
5
4
2
10
2
7
1
71
1
1
3
27
13
4
3
40
1
6
2
52
7
1
2
39
2
3
1
11
5
4
1
52
1
5
1
4
1
6
