3
5
5
5
1
40
3
1
2
35
3
6
3
71
5
1
1
31
15
7
3
32
6
6
3
1
9
6
1
52
2
7
2
34
2
3
1
33
5
2
3
17
9
6
2
61
3
4
3
52
3
1
3
15
10
6
2
7
1
7
2
61
2
4
1
61
1
2
1
2
1
7
3
23
18
7
3
38
6
6
3
45
1
7
3
18
25
4
1
61
3
7
2
3
3
4
1
15
4
1
1
8
2
4
1
32
6
4
2
40
2
6
1
43
1
7
3
27
17
6
3
2
5
1
3
61
4
7
3
47
5
7
2
12
3
7
1
45
2
4
1
67
2
2
1
4
5
1
1
54
3
1
1
40
2
5
2
23
1
6
1
42
2
5
1
25
1
1
3
54
2
3
2
33
3
4
3
38
7
2
3
42
2
1
1
32
3
4
2
23
3
1
2
52
1
7
1
12
15
1
3
26
7
7
3
11
16
7
3
68
12
5
3
35
7
1
2
43
1
7
2
45
4
7
3
23
3
3
2
30
1
2
2
18
3
7
1
27
1
5
1
68
3
7
1
39
4
4
1
38
2
6
1
2
5
6
1
7
7
6
1
10
3
7
1
16
3
6
3
10
20
7
1
17
8
5
3
52
12
6
1
66
1
3
3
17
2
4
1
52
1
4
3
28
4
7
1
35
4
7
3
47
3
2
1
8
12
7
2
38
1
4
1
17
15
4
3
37
6
1
3
53
2
5
1
16
2
4
1
60
1
1
1
10
5
5
2
12
2
3
1
55
1
1
1
47
1
6
3
34
9
3
1
14
11
1
1
29
3
3
1
66
2
2
1
13
1
4
3
49
8
3
3
66
1
4
2
33
2
6
2
16
3
3
3
40
5
6
3
43
6
2
2
10
3
7
2
29
2
3
2
47
3
6
1
49
2
4
3
16
7
1
3
55
15
2
3
12
5
2
2
29
3
4
2
17
1
2
1
68
2
7
3
40
3
4
2
8
3
4
2
9
3
7
1
28
3
4
3
3
3
4
2
60
1
3
1
25
3
7
3
63
12
2
1
47
2
2
1
4
4
4
2
52
5
7
3
13
8
4
2
11
1
3
2
36
2
5
2
32
1
1
2
1
3
6
2
42
4
6
2
22
2
7
1
30
10
5
3
6
2
1
3
4
23
7
2
39
1
2
2
26
2
7
3
9
9
4
1
9
10
3
1
36
2
3
3
31
27
4
1
65
1
6
2
41
2
1
1
43
3
3
2
60
2
7
3
22
3
2
2
63
2
2
2
68
1
6
1
44
4
3
1
1
2
7
2
5
3
1
1
65
2
3
3
12
2
3
1
31
16
7
3
39
4
5
3
4
19
4
1
5
1
1
2
55
1
5
2
18
4
6
2
71
1
1
2
3
2
7
3
28
2
3
2
67
1
1
1
53
1
4
1
9
13
4
3
35
1
4
1
27
3
4
2
47
1
2
2
14
3
1
2
53
1
7
3
1
7
5
2
7
2
5
2
2
3
5
1
44
1
5
3
11
18
5
2
25
3
6
1
37
2
4
1
22
3
5
2
11
2
7
2
9
1
6
2
10
1
3
3
37
9
6
3
33
19
2
3
26
8
5
3
29
7
5
3
42
3
7
2
27
3
2
2
65
1
2
2
37
4
1
3
49
2
1
2
13
3
7
2
22
3
1
3
54
1
4
2
25
2
5
1
12
6
5
3
60
20
1
1
3
11
2
3
10
5
5
2
34
3
3
2
13
1
2
3
14
26
3
3
53
4
3
1
39
3
5
1
36
1
5
1
53
2
7
1
30
16
5
1
41
1
3
2
31
1
2
3
7
5
3
2
26
3
4
2
36
5
3
1
23
3
5
2
55
2
6
1
26
3
6
1
26
2
4
2
44
1
4
1
13
4
6
1
6
2
3
1
55
2
2
2
39
3
6
3
65
13
5
1
63
2
5
2
4
2
1
2
63
1
2
3
8
2
5
1
33
6
5
3
6
3
3
1
38
3
2
1
63
1
3
2
8
1
1
1
22
2
4
2
1
1
2
2
44
2
5
1
29
2
7
2
4
1
2
3
30
9
4
2
28
2
5
3
55
10
5
3
27
10
6
3
29
1
5
3
65
6
5
3
33
22
7
1
49
1
4
3
14
6
2
2
5
1
5
3
13
9
5
2
68
4
2
1
11
1
4
3
25
3
2
1
7
11
2
2
66
1
4
2
67
2
1
3
16
8
2
1
45
1
3
2
35
2
2
2
37
3
2
3
63
2
7
3
45
7
2
3
2
2
5
1
23
1
1
2
15
1
6
3
3
8
5
2
43
3
4
2
15
2
3
3
15
16
5
2
41
5
3
1
71
2
6
1
54
1
4
3
36
10
5
1
1
3
7
2
30
4
7
2
6
3
6
1
34
1
1
2
14
1
7
3
43
4
6
2
6
2
1
2
49
3
6
1
35
3
3
3
66
5
2
3
25
8
1
1
71
1
2
1
18
15
7
1
15
1
4
3
34
10
4
1
34
5
1
3
41
1
7
2
27
1
2
3
41
4
7
2
17
3
4
3
30
3
2
1
67
1
5
2
42
1
6
3
44
5
1
2
54
2
6
3
9
23
5
3
71
2
4
3
7
4
3
1
3
5
5
2
28
3
6
3
44
8
2
1
11
10
2
1
5
2
3
3
60
16
5
3
67
33
5
3
8
19
7
2
38
3
1
3
36
15
4
2
49
2
4
2
53
3
5
1
37
1
6
1
41
3
3
2
2
1
6
2
66
2
3
3
18
15
6
1
14
19
3
2
45
2
7
2
32
3
3
2
71
3
7
3
22
12
4
2
54
1
4
2
65
4
6
1
28
2
3
1
60
2
3
3
32
9
3
3
68
9
3
3
39
9
3
2
40
4
7
2
31
4
1
1
42
1
2
1
6
1
5
3
61
2
3
3
67
6
3
2
16
2
6
3
31
2
1
3
5
3
1
1
18
8
4
