3
34
8
1
2
28
3
4
2
55
1
2
1
42
1
4
2
33
2
5
2
23
1
2
2
29
3
4
2
18
4
2
2
17
3
4
3
38
4
2
1
44
3
3
2
52
6
7
2
44
5
4
2
39
2
2
2
29
1
3
3
23
1
6
2
54
2
1
1
1
3
1
1
40
3
3
3
25
1
7
2
8
2
6
3
26
6
4
2
37
3
1
3
2
10
3
3
49
2
6
1
47
2
5
1
29
1
5
1
27
2
1
2
5
1
5
3
39
7
6
1
60
2
2
1
42
2
1
3
67
14
4
3
40
2
6
2
34
1
3
3
41
1
5
3
31
3
4
2
49
3
6
3
44
6
1
2
26
2
3
3
71
4
3
2
40
4
3
3
17
3
3
3
25
4
7
3
43
6
4
2
65
1
1
1
43
1
2
3
63
7
6
2
39
4
7
2
12
3
6
3
54
1
4
1
7
5
6
2
41
3
6
1
47
3
6
1
13
7
2
1
31
14
1
2
25
2
7
3
37
11
5
3
53
8
1
2
42
3
5
1
61
3
3
3
71
5
4
1
38
2
1
1
27
1
2
1
54
3
7
3
7
1
1
3
55
4
5
1
45
1
4
1
1
2
2
3
32
10
7
2
63
3
5
3
28
15
6
2
34
3
5
2
28
2
2
1
36
1
4
1
34
5
7
1
65
2
6
3
38
3
1
1
4
4
7
1
60
1
6
2
42
4
2
2
27
3
2
2
31
1
4
3
18
11
1
3
1
2
2
1
38
3
6
3
61
8
3
3
68
2
3
3
49
8
3
1
49
1
4
2
22
1
5
2
4
3
7
3
12
5
7
3
4
14
2
2
35
1
3
1
67
1
4
3
68
13
3
1
3
3
1
1
67
3
6
3
35
4
1
3
35
3
6
2
26
4
5
3
43
8
7
2
38
5
4
2
8
3
1
1
18
15
6
1
15
3
2
3
55
12
6
3
27
6
6
1
25
3
6
2
3
2
3
3
13
5
5
1
29
2
1
2
23
2
6
3
10
20
2
1
7
11
5
2
6
1
4
1
33
6
1
1
17
5
4
1
36
2
2
1
2
5
3
1
10
2
3
2
13
3
6
1
41
1
4
2
54
1
6
1
32
3
7
3
53
3
1
1
22
3
4
2
15
3
5
2
71
1
7
1
11
5
3
3
36
12
1
3
6
2
5
3
11
6
7
1
49
2
6
1
37
2
3
1
18
1
3
1
34
11
2
3
10
9
2
3
26
11
4
3
39
3
5
1
26
1
6
1
45
2
7
1
66
3
4
1
68
2
5
2
68
2
2
1
53
1
5
2
11
3
2
2
60
4
1
1
63
1
2
3
54
2
2
2
67
2
7
2
2
2
3
3
45
5
7
3
52
13
1
1
66
2
4
1
22
2
2
3
32
8
7
2
1
1
4
1
25
2
2
3
60
19
1
2
68
4
7
2
9
2
3
1
10
8
6
1
3
2
3
1
65
1
4
2
17
2
4
1
54
1
7
2
53
2
2
2
55
2
4
1
39
4
4
1
23
2
4
1
12
8
4
2
10
3
6
3
12
7
3
2
33
3
5
1
31
16
1
1
55
1
7
1
16
4
6
1
17
8
4
3
16
4
3
3
27
9
2
1
43
3
2
2
13
2
6
3
5
1
7
2
44
3
4
2
49
1
2
2
41
5
7
3
40
4
5
2
25
3
6
2
45
1
6
2
43
3
5
2
66
2
3
3
42
3
3
3
4
28
5
1
14
16
5
1
2
2
1
2
63
2
5
2
27
2
4
1
71
1
5
2
67
1
2
1
4
1
5
1
53
2
7
2
6
3
2
2
45
2
2
1
52
3
7
2
1
3
2
3
63
2
5
1
68
1
7
2
2
3
7
2
36
5
6
3
37
4
3
3
3
6
3
1
28
1
2
1
63
2
6
2
36
1
5
2
52
5
4
3
29
9
3
1
9
10
3
3
31
16
3
3
36
5
4
3
42
1
6
2
10
2
2
2
47
3
7
2
30
5
7
1
55
2
1
3
61
3
2
3
13
9
7
3
3
3
2
2
9
3
2
1
15
2
5
3
67
16
3
1
37
1
5
3
16
7
1
1
52
2
2
1
14
22
2
3
15
17
7
1
13
4
1
1
32
4
2
2
14
3
3
2
60
1
4
1
40
1
2
1
35
1
5
3
33
9
1
3
18
16
6
3
66
8
2
3
28
7
4
1
12
6
6
3
2
2
1
3
60
30
1
2
53
3
7
3
14
14
4
1
26
3
5
3
66
1
1
3
11
3
5
1
5
1
6
2
12
2
2
3
65
2
2
2
35
2
4
2
32
4
4
2
66
3
3
2
22
2
5
2
11
1
3
1
6
2
6
3
47
10
2
3
33
7
2
1
9
4
4
3
15
7
3
1
23
1
3
2
31
2
7
2
30
4
4
2
43
4
7
3
8
20
4
2
4
1
1
2
32
3
5
2
7
3
4
3
14
20
3
2
5
3
6
3
41
3
4
1
61
1
4
1
39
3
1
1
8
10
4
3
30
20
5
3
45
1
3
1
5
2
4
3
34
1
7
1
30
5
5
1
44
4
4
3
5
4
6
2
38
4
4
3
17
14
6
1
6
1
5
2
47
1
6
1
35
3
6
2
61
3
7
3
8
3
1
3
52
7
5
3
6
5
6
1
16
1
4
2
40
2
2
2
18
3
2
1
8
2
2
1
11
2
4
2
71
3
1
2
15
2
3
3
7
4
1
3
30
22
4
3
22
9
1
3
65
20
5
1
28
3
5
3
47
8
2
2
37
4
6
1
30
10
5
2
3
1
5
1
33
4
4
2
61
1
1
1
71
3
5
3
29
14
6
2
16
3
1
3
9
19
3
2
14
2
7
3
1
4
1
2
65
2
1
3
22
2
7
3
44
10
2
2
16
2
3
2
7
2
1
3
23
18
1
1
41
2
4
3
9
3
6
