3
36
13
5
2
33
2
7
3
17
3
2
1
35
1
1
2
5
1
5
2
30
2
2
1
33
7
3
1
18
15
4
3
34
2
6
1
66
2
1
2
38
3
1
1
17
1
3
1
47
2
7
3
49
5
2
3
65
17
2
2
22
2
1
3
5
2
1
2
23
2
3
1
71
2
5
3
1
7
4
2
37
2
3
1
10
2
5
1
37
2
6
1
54
3
3
2
34
3
7
1
28
1
7
2
22
3
4
2
36
1
6
1
12
16
5
3
8
3
5
1
68
2
3
3
7
1
3
1
63
1
3
3
34
1
3
2
13
2
1
1
53
2
5
1
60
2
1
3
14
17
2
2
66
1
6
2
32
1
4
3
55
4
7
2
15
3
3
1
16
7
7
1
4
7
1
2
16
1
3
1
67
1
7
2
6
3
6
3
5
1
3
3
13
8
3
3
17
9
4
1
13
7
6
2
25
2
3
1
34
1
7
1
61
2
3
2
45
2
6
2
29
1
3
3
37
12
2
2
68
3
4
2
15
1
5
2
61
1
4
1
25
2
3
2
68
4
7
3
63
6
6
2
4
2
5
1
16
2
4
1
14
15
2
1
17
4
7
3
52
16
4
1
6
2
4
1
6
1
5
3
67
21
3
1
71
3
2
3
65
16
4
2
5
3
7
3
54
2
6
1
15
1
1
2
60
2
7
2
41
2
2
3
25
8
5
2
13
1
1
1
41
3
1
2
65
3
1
2
30
4
2
3
32
10
3
1
63
2
7
2
44
1
5
3
40
3
1
1
10
1
2
3
68
11
1
1
40
3
5
3
40
4
3
3
10
17
1
3
3
5
5
3
28
5
5
2
55
2
6
1
40
2
4
2
63
3
7
3
47
2
7
2
26
3
3
3
33
5
2
2
37
4
4
1
2
2
2
2
71
3
2
2
54
1
7
2
17
3
3
3
14
23
6
2
49
3
3
3
60
28
3
1
7
2
2
3
66
1
5
1
34
5
6
1
49
1
5
2
33
3
7
1
53
1
2
2
4
3
6
1
38
3
1
3
23
5
5
1
31
5
3
1
11
5
2
3
44
6
2
3
35
5
7
3
29
7
5
2
60
3
3
3
16
4
5
1
22
1
3
2
28
1
6
3
9
29
2
1
33
2
4
1
44
3
4
2
26
1
1
2
45
1
4
2
7
3
6
1
18
1
2
2
40
1
6
3
61
6
7
2
10
3
3
2
67
1
5
1
29
2
2
1
38
2
7
2
38
1
2
1
1
3
6
2
12
2
1
1
65
1
7
1
55
2
1
1
30
18
6
2
1
1
3
1
37
1
5
2
28
3
4
3
55
10
5
1
26
1
6
1
1
1
4
2
65
2
1
2
54
2
1
3
45
1
3
2
44
5
2
1
8
10
7
1
9
6
3
1
25
3
3
2
10
1
4
2
18
3
3
2
3
1
4
1
15
2
7
3
36
2
6
1
7
8
2
2
71
1
2
1
11
1
6
1
8
12
6
3
32
9
1
3
13
5
7
2
63
2
7
1
13
5
4
2
47
4
6
3
44
5
1
3
12
5
6
3
2
8
1
2
14
1
5
3
31
29
7
3
35
4
1
2
47
2
7
3
8
16
2
3
22
8
7
1
52
2
6
1
36
3
6
3
33
16
4
1
32
3
1
2
31
4
7
2
16
3
4
1
60
1
5
3
66
5
6
3
4
2
3
1
3
10
2
1
54
1
1
3
39
9
4
1
65
2
2
3
22
9
3
2
1
3
2
3
18
4
7
3
47
6
5
2
53
2
7
2
41
4
2
1
14
19
7
3
29
4
3
1
52
1
1
1
5
1
6
1
27
3
5
1
43
1
2
2
18
1
3
1
47
3
2
2
35
2
3
1
12
15
1
3
38
8
3
2
17
2
7
1
36
2
7
1
39
2
5
3
38
6
1
3
26
11
3
2
2
2
6
2
25
1
7
1
32
7
6
3
9
30
2
2
34
2
6
3
6
6
4
1
68
3
7
1
5
2
1
2
8
3
2
3
2
1
3
3
18
19
3
2
66
2
1
2
40
3
2
2
32
2
7
2
12
3
1
2
67
2
5
1
26
3
2
1
61
3
2
3
71
1
2
1
66
1
4
3
30
15
5
2
11
2
6
1
55
1
6
2
43
2
6
2
42
1
1
3
3
1
6
1
67
2
3
2
9
3
3
1
23
2
2
3
49
7
1
2
14
3
5
3
27
16
2
3
71
4
5
3
23
8
4
2
43
4
5
3
12
1
1
3
43
5
4
3
1
9
5
3
63
1
2
3
15
11
3
2
2
1
7
3
41
2
4
2
35
3
6
1
43
2
5
2
9
2
3
1
31
14
7
3
68
14
6
3
37
4
7
2
27
1
4
1
49
2
7
2
39
2
1
3
43
1
7
3
41
3
4
2
31
1
6
3
11
23
2
2
7
1
4
3
27
10
1
2
52
3
1
3
54
1
4
1
30
3
6
1
2
7
1
3
39
8
7
3
53
1
6
3
28
12
2
3
61
8
4
3
6
2
4
3
25
7
5
3
4
18
5
1
29
1
6
2
36
5
4
3
67
12
7
1
22
3
7
3
31
22
6
1
42
2
2
3
26
9
6
2
49
2
7
1
41
2
3
3
42
4
5
1
45
2
6
2
23
1
1
2
3
3
2
2
11
1
4
1
42
1
6
3
30
1
7
3
60
23
5
2
39
1
4
2
53
3
3
2
42
3
2
1
3
9
5
1
39
4
5
1
44
4
3
3
52
4
4
1
23
1
6
1
9
13
5
1
4
6
2
1
27
2
6
3
53
8
2
3
15
17
7
1
35
3
1
3
42
1
1
2
52
2
2
2
55
1
3
2
6
1
5
3
7
5
3
2
27
2
7
3
10
4
3
1
45
1
3
3
16
3
1
2
29
3
4
2
8
1
5
2
61
3
4
3
45
4
6
1
28
3
1
3
11
3
1
