1
32
1
5
3
39
8
4
2
32
3
2
2
2
2
2
2
53
1
3
2
13
1
2
1
29
2
5
2
4
1
6
1
42
1
2
2
9
1
3
2
14
1
3
2
45
3
2
3
42
2
2
3
45
3
1
2
8
2
1
1
6
1
6
3
52
15
3
3
34
2
7
3
43
6
3
1
52
3
6
3
23
14
7
1
61
2
7
1
6
2
3
2
34
1
6
3
40
6
7
2
6
2
5
2
13
2
4
2
9
2
5
2
67
2
3
2
10
2
2
2
38
5
5
2
31
2
6
2
52
4
3
3
60
13
3
1
5
1
7
2
8
1
2
2
54
1
6
3
28
9
2
2
61
3
4
2
11
3
5
2
47
1
7
1
40
2
2
2
27
1
7
1
67
3
5
2
33
2
6
3
66
2
3
1
41
1
7
3
18
5
6
1
38
2
3
2
23
1
2
2
17
3
3
2
65
2
7
1
61
3
6
1
47
1
2
1
36
2
4
2
36
2
3
3
10
23
6
1
8
12
5
1
18
9
4
1
68
1
6
3
41
2
3
2
52
5
5
2
68
1
6
3
13
4
6
2
54
2
7
3
37
2
2
2
55
2
7
1
13
9
4
1
34
11
6
1
43
1
5
2
68
3
7
3
33
17
2
1
35
1
6
2
1
1
5
1
34
4
2
3
35
8
2
3
2
3
6
2
29
1
5
2
38
3
4
2
36
3
2
2
42
4
5
1
26
2
5
1
42
2
6
2
39
4
5
1
14
2
1
1
28
2
7
2
1
2
7
2
26
4
5
2
43
3
4
2
23
3
4
2
4
2
3
3
17
12
1
3
68
6
2
2
29
3
7
1
63
1
3
1
16
6
6
1
9
14
7
1
33
2
1
1
25
1
2
2
40
1
4
1
12
17
3
2
26
2
6
3
60
7
4
2
71
2
3
3
71
5
6
1
44
1
4
1
10
8
2
3
9
10
7
3
1
5
1
3
27
4
3
3
22
8
1
1
23
1
1
3
28
16
5
3
3
8
7
3
34
9
3
2
37
1
2
2
25
1
5
2
12
3
3
1
4
1
2
3
27
1
2
1
29
1
6
3
13
6
1
2
7
2
4
3
47
10
4
2
45
2
2
3
7
3
7
3
47
6
4
1
5
2
4
2
16
2
1
3
32
4
1
2
25
3
6
1
60
1
2
3
43
1
5
2
65
3
2
2
2
1
1
1
67
2
6
1
22
2
1
3
39
6
6
3
29
16
7
1
15
1
3
3
29
8
5
1
14
16
4
3
25
7
4
1
49
2
7
3
8
11
4
1
36
1
2
1
23
2
3
3
15
1
6
1
17
15
7
1
47
2
6
2
41
3
1
3
26
6
2
1
66
1
2
3
12
4
7
3
14
5
2
1
11
4
3
3
8
14
7
2
55
3
3
2
5
1
6
3
6
3
5
1
54
3
5
3
6
1
4
2
40
4
3
1
8
13
2
3
16
4
3
3
53
6
5
1
39
4
2
3
55
8
4
2
60
2
7
3
16
5
6
1
40
3
7
3
4
18
2
1
33
5
7
1
12
16
4
1
31
17
7
3
9
7
6
3
44
3
1
1
49
1
5
2
49
3
3
1
17
4
4
3
26
1
7
3
4
22
4
3
53
3
5
2
42
3
2
1
9
13
4
1
45
2
3
1
55
2
7
1
30
18
3
3
61
4
6
2
3
1
3
3
32
11
5
2
41
5
2
1
63
2
1
3
49
5
2
2
12
1
5
3
63
2
5
3
14
6
6
3
63
3
3
2
49
1
4
3
71
3
7
2
63
2
1
1
22
1
4
1
1
1
1
3
44
7
6
3
31
10
4
1
27
2
5
2
32
2
1
2
31
5
4
3
35
2
1
1
3
5
6
3
23
18
2
1
1
3
4
2
10
3
1
1
39
1
1
3
5
2
4
3
10
11
7
3
65
4
1
2
6
1
1
3
67
15
5
2
18
3
3
3
18
24
4
1
2
7
3
1
16
2
2
1
2
6
3
2
37
4
1
3
54
2
2
3
52
4
4
2
18
2
5
1
68
3
1
1
53
1
2
1
15
3
4
3
17
7
6
3
11
5
6
2
15
2
5
3
68
9
7
2
66
3
5
2
71
1
3
3
38
7
2
2
53
3
1
2
66
2
4
1
41
3
6
2
30
1
4
3
25
5
3
1
25
3
5
1
52
1
6
3
38
8
2
2
30
3
7
1
65
1
5
3
61
10
4
1
65
2
3
3
54
1
6
2
5
3
2
1
11
5
4
3
31
17
3
1
60
2
4
1
13
1
1
2
27
3
1
1
4
3
6
1
45
1
4
2
14
2
3
3
2
4
1
1
43
3
3
3
55
1
6
1
10
3
3
1
38
1
1
3
66
7
2
3
67
19
3
2
39
2
1
1
37
2
7
1
71
1
5
2
61
1
4
3
41
1
3
3
15
5
2
2
35
2
5
1
7
1
6
3
30
9
4
1
71
3
2
3
33
21
2
2
33
1
3
1
55
1
3
3
45
2
2
2
22
1
5
1
54
1
2
3
42
4
7
1
7
6
3
1
32
7
4
2
11
2
5
3
12
2
4
3
36
4
6
2
22
2
3
3
40
1
3
1
44
4
6
2
43
1
7
2
7
3
3
2
16
3
1
3
30
10
6
3
1
8
2
3
37
11
1
3
3
6
1
3
11
15
6
1
18
14
5
2
3
3
1
3
22
6
1
1
28
1
4
2
15
3
3
2
63
3
5
1
30
7
3
1
27
1
4
2
34
2
5
1
31
6
5
2
47
3
4
3
65
5
6
3
36
1
2
1
35
2
3
1
66
2
2
2
28
1
4
3
49
2
5
2
44
4
1
1
37
1
5
1
53
2
5
2
60
4
2
1
3
7
6
2
28
2
4
2
17
2
6
1
26
1
1
2
67
1
5
3
5
4
1
3
7
4
5
2
44
3
5
2
35
3
3
