2
47
2
5
2
28
3
2
1
5
2
3
3
67
16
7
3
18
3
4
2
43
3
7
2
2
1
3
2
49
1
3
3
9
13
5
3
71
5
6
3
26
7
4
2
22
3
5
3
41
2
2
3
52
12
5
2
17
1
1
1
1
2
7
3
5
5
7
3
17
13
7
3
30
14
4
1
49
2
7
3
52
5
3
2
37
4
3
1
28
1
3
3
25
5
1
3
47
7
3
1
33
5
6
1
67
2
7
3
6
3
2
1
27
1
4
1
3
5
1
1
22
1
2
2
33
3
6
2
40
2
3
3
33
12
7
2
36
1
6
1
35
3
7
1
38
2
7
3
31
5
7
2
7
2
3
1
9
11
6
2
16
3
2
3
60
22
4
1
40
3
6
1
66
2
6
3
8
20
4
3
55
8
4
3
34
3
7
2
65
3
4
3
53
6
7
2
29
1
2
1
45
2
6
2
10
3
4
1
43
3
1
2
45
4
6
3
28
13
1
2
66
1
3
1
36
1
5
2
55
2
2
2
23
2
6
1
18
12
5
3
33
6
7
2
66
3
4
2
68
1
2
3
43
8
4
1
2
4
5
1
52
2
6
3
40
1
3
1
23
1
5
3
15
15
4
2
23
1
3
1
2
1
6
1
1
1
2
2
55
3
5
3
11
22
6
3
37
7
6
2
18
3
3
1
41
3
3
3
23
14
5
1
42
1
1
3
3
5
2
3
63
13
6
3
55
3
4
1
5
1
4
2
49
3
5
3
54
2
7
2
63
2
3
3
44
4
5
3
1
3
7
3
12
4
1
3
53
2
4
2
1
3
6
2
63
1
1
1
15
4
3
2
53
1
1
2
68
2
5
2
36
3
5
3
32
2
1
3
42
3
7
1
26
1
3
2
26
2
6
3
3
9
2
2
12
1
2
3
18
23
3
3
11
2
6
3
32
5
7
1
41
2
7
1
14
14
6
2
35
3
4
2
29
3
1
1
55
1
5
2
39
3
3
2
30
5
1
3
6
6
7
1
30
11
2
1
39
4
6
1
34
5
2
1
53
2
1
2
13
1
1
1
7
1
2
2
71
2
7
1
63
1
7
2
43
1
6
1
54
1
3
1
67
3
6
3
63
4
7
2
34
2
1
2
41
3
2
2
41
4
6
3
66
5
6
2
39
4
4
2
31
5
1
2
18
4
6
3
4
16
3
3
66
3
2
1
61
1
2
2
11
2
2
1
60
2
1
3
35
8
3
2
53
3
2
3
25
6
4
2
3
2
2
1
33
7
3
2
25
2
1
3
47
6
2
1
25
2
3
2
71
1
3
3
16
1
4
3
2
2
6
3
5
3
3
3
67
5
7
1
13
3
4
1
40
1
7
3
27
12
5
1
52
1
1
3
2
7
2
2
37
1
3
2
5
1
1
1
9
13
1
3
49
3
1
3
44
7
7
3
29
18
6
1
11
6
3
3
10
4
6
3
38
8
1
2
10
1
1
2
42
3
3
3
68
15
4
2
15
1
3
3
39
3
3
3
14
26
3
2
44
1
2
1
10
5
7
3
36
3
2
2
65
2
3
1
66
3
2
1
29
2
6
2
54
1
2
3
13
7
5
1
16
2
2
2
60
1
5
1
68
3
7
1
43
2
6
2
16
1
4
3
38
2
5
1
7
3
1
3
15
12
4
3
49
8
5
2
47
4
2
1
4
3
4
3
27
10
4
3
34
7
4
3
65
15
7
3
41
1
2
2
67
2
7
3
16
4
3
1
13
7
5
1
14
12
2
2
4
3
6
1
36
3
7
2
22
1
1
2
1
1
6
3
28
16
2
1
31
9
7
3
39
5
1
2
6
2
5
1
6
1
3
1
35
2
1
1
25
1
5
2
27
1
5
3
23
11
1
2
17
3
1
3
43
6
1
2
32
1
2
1
54
3
5
2
5
3
7
2
9
2
6
1
12
4
7
3
30
26
2
2
60
2
7
3
26
3
1
1
47
3
4
1
32
5
6
1
37
1
1
2
11
3
7
3
31
18
5
1
65
1
4
2
52
1
2
1
12
3
2
2
54
2
3
3
14
8
3
1
47
2
5
1
15
2
1
2
4
2
5
2
40
1
7
3
29
6
2
1
65
2
2
2
67
1
4
2
7
3
4
3
36
8
3
1
55
2
6
2
14
2
4
2
34
1
5
1
44
3
2
3
7
3
3
3
71
2
6
3
37
11
3
1
17
11
6
3
22
8
6
2
61
3
1
2
61
2
3
2
13
2
4
1
8
11
7
3
8
6
5
1
38
3
4
2
52
3
1
1
4
4
1
3
22
6
5
1
23
3
5
1
71
3
4
3
45
4
1
1
61
2
1
3
54
1
6
1
16
1
3
3
13
1
1
2
26
1
2
1
32
3
1
1
22
2
7
2
27
2
6
1
53
1
7
2
3
3
3
2
6
1
7
1
37
2
2
1
6
2
4
1
10
6
2
1
39
3
3
3
65
11
6
1
63
2
1
2
38
1
5
2
33
2
6
2
28
2
4
1
8
16
4
3
12
1
5
3
35
2
5
1
18
5
1
3
68
8
5
3
17
14
3
2
2
2
2
2
32
3
5
3
4
5
1
2
8
1
1
1
49
1
5
2
12
3
5
1
42
2
1
2
9
1
5
2
30
1
1
2
15
2
5
2
31
2
4
1
27
2
7
1
28
3
5
2
44
4
4
3
61
1
1
2
45
2
6
1
29
1
1
2
38
5
1
1
45
1
7
2
8
2
3
1
26
3
2
2
35
1
6
1
60
1
6
3
42
2
6
3
1
7
2
3
40
5
3
3
10
18
3
1
68
1
7
2
25
1
6
3
9
14
7
3
61
3
2
1
11
11
7
1
30
7
6
3
60
7
2
2
42
4
1
1
31
14
1
1
17
16
2
3
45
3
5
1
34
8
7
1
44
1
5
1
3
11
4
1
71
2
7
2
14
1
4
3
7
2
3
