3
34
2
2
3
47
1
5
1
37
2
7
2
36
4
5
2
31
2
2
1
6
2
7
1
35
3
6
1
65
1
4
3
45
6
5
3
66
2
7
3
5
2
1
2
28
1
2
2
13
2
4
1
4
4
7
2
5
2
6
3
26
8
1
1
53
1
7
2
39
2
2
2
54
1
3
3
55
3
2
1
67
3
1
3
4
2
5
2
16
1
2
1
49
2
3
1
16
2
4
1
71
2
6
1
55
2
5
1
22
2
6
2
47
1
2
3
8
3
1
2
10
3
7
1
11
7
3
1
40
2
6
1
34
5
1
1
34
1
5
3
13
7
6
1
11
4
6
2
6
3
6
3
28
16
2
3
60
21
1
3
55
6
5
1
31
13
3
3
11
10
5
3
45
3
5
3
60
11
1
2
16
3
1
2
1
2
1
2
11
3
2
3
34
8
4
3
1
4
1
3
32
3
5
1
43
3
7
3
9
22
6
1
43
1
2
1
9
5
5
1
9
11
1
3
18
22
2
2
65
2
7
1
45
1
2
2
45
1
6
1
41
1
7
3
33
12
4
2
63
1
1
3
25
7
2
1
23
2
5
1
10
4
4
1
3
8
4
2
18
2
7
2
1
3
7
1
29
1
7
3
22
1
1
3
25
5
1
3
23
6
7
2
27
2
6
3
54
2
5
1
61
2
2
1
1
2
5
2
13
1
2
2
37
4
3
1
27
2
6
2
17
1
4
1
47
3
7
2
52
3
1
1
26
3
2
1
13
7
1
3
6
2
6
2
52
4
6
3
37
3
3
3
9
14
2
3
31
25
2
3
6
5
2
1
31
8
2
2
30
5
2
1
15
4
4
2
9
1
6
3
27
16
6
3
13
1
3
2
12
2
4
3
67
28
6
3
42
2
3
2
27
3
7
2
40
3
3
2
44
1
7
3
7
5
1
1
42
1
7
2
71
3
1
2
9
3
7
1
5
2
2
1
33
5
4
3
3
8
5
2
43
5
3
2
49
2
2
2
55
2
2
3
12
5
3
1
54
3
5
3
49
3
5
1
68
1
4
1
52
2
7
1
67
1
7
3
38
11
5
2
39
3
7
1
8
1
1
2
31
1
6
3
10
24
6
3
41
4
7
2
47
3
5
1
13
8
2
1
30
2
5
3
66
7
4
2
7
2
1
1
25
1
4
3
16
4
3
3
2
7
6
2
14
3
7
1
47
2
4
3
40
5
6
2
30
3
1
2
61
3
1
2
29
2
4
1
26
2
6
1
66
2
2
2
28
3
5
2
4
1
2
2
65
4
4
3
43
7
7
3
65
6
3
1
12
1
6
2
23
1
6
2
35
3
7
1
28
2
6
1
63
1
6
2
22
3
1
2
11
1
4
3
29
18
1
2
53
2
4
3
23
18
1
2
35
2
3
2
44
5
4
2
40
2
3
1
16
7
5
1
71
3
4
3
33
6
1
3
18
4
6
2
66
2
6
3
63
11
3
3
10
2
5
3
43
6
4
3
30
16
3
2
38
1
2
1
49
1
3
3
38
6
3
1
7
7
4
1
4
8
3
1
8
8
5
3
2
8
5
1
60
2
4
1
40
1
6
3
39
8
7
3
65
7
6
2
67
1
5
1
18
6
7
3
36
12
5
1
36
3
5
2
32
2
3
1
65
2
4
2
4
3
1
1
32
1
4
2
3
2
1
1
45
2
6
2
18
3
2
3
17
11
2
2
60
4
4
2
25
1
6
1
14
20
4
2
32
4
3
2
34
1
1
3
4
10
3
2
53
3
6
3
15
13
1
1
66
1
3
1
18
15
3
2
68
4
2
3
28
10
2
3
14
10
3
3
61
11
3
2
29
3
2
3
17
17
4
2
5
1
7
2
2
1
3
2
42
1
3
2
26
3
3
3
44
3
1
3
14
24
5
2
41
1
5
1
68
2
3
3
35
3
2
2
68
2
6
3
71
5
4
2
2
2
7
2
7
1
4
1
5
1
7
1
32
4
1
3
1
2
4
2
67
2
6
3
52
15
1
2
43
1
4
3
42
1
1
1
10
2
1
3
63
1
5
1
54
1
2
1
38
1
3
1
37
1
3
2
25
2
1
3
27
2
7
1
12
11
4
2
12
1
7
2
54
2
2
2
34
3
2
1
60
1
1
3
35
8
7
1
39
2
4
3
40
3
4
3
68
5
7
1
22
1
1
1
14
6
5
1
41
2
6
2
10
1
5
1
44
4
5
1
35
4
5
2
33
1
6
2
3
3
5
1
63
2
7
2
8
3
6
3
61
6
4
2
55
3
3
1
2
3
5
3
41
3
1
1
38
3
3
2
41
3
2
2
45
4
7
3
53
1
5
3
32
2
2
3
44
10
6
3
29
7
5
1
23
3
4
2
38
3
5
2
17
3
5
1
52
1
6
2
49
3
4
3
53
5
4
3
68
11
7
3
16
3
5
1
6
1
2
2
23
2
4
2
22
2
7
1
17
16
3
1
30
15
3
3
47
5
4
2
37
2
5
1
25
2
2
1
39
4
5
3
31
7
6
2
26
2
1
2
15
2
7
3
26
9
2
1
28
3
1
1
53
2
5
1
1
3
4
2
63
3
5
1
61
3
2
1
15
2
2
1
33
3
3
1
55
1
2
2
6
1
3
3
8
5
7
1
17
11
4
2
60
1
2
1
36
2
1
1
3
10
7
3
5
5
6
3
12
7
4
3
67
5
3
2
61
2
7
2
36
2
2
1
42
2
2
3
52
3
7
1
7
4
6
3
37
8
6
3
71
1
4
2
66
1
7
2
42
3
1
1
44
1
7
3
39
3
5
1
29
3
2
3
7
1
6
3
22
3
1
3
11
15
6
3
30
25
1
3
49
4
2
2
15
3
3
1
2
4
2
3
15
10
2
3
3
4
3
2
8
2
2
2
71
1
6
1
27
3
2
2
14
2
2
3
36
13
6
3
54
1
4
2
33
3
5
