1
38
3
6
2
4
3
1
2
16
2
7
2
42
3
7
3
47
3
4
3
10
19
5
2
53
2
2
1
54
2
5
1
66
1
6
3
68
9
2
3
61
11
3
2
10
1
4
3
7
5
1
3
41
1
7
3
39
10
1
1
45
1
5
3
29
6
7
3
31
12
1
2
23
2
5
1
29
2
4
2
47
3
5
2
71
1
4
1
36
2
6
1
41
2
2
3
27
16
6
3
36
14
7
2
49
1
1
1
10
7
6
2
10
2
6
1
63
1
4
1
22
1
7
2
55
3
3
1
31
14
7
2
65
1
1
1
37
1
6
2
14
2
5
2
40
2
1
3
30
21
6
2
1
1
4
3
53
4
7
1
27
2
5
1
71
1
4
1
7
7
3
2
28
2
6
1
66
3
1
2
11
1
3
1
38
2
2
2
18
4
1
2
52
6
7
2
7
3
5
1
40
3
1
3
1
3
1
2
37
1
5
3
36
9
7
2
40
3
3
2
63
3
1
1
30
2
3
1
39
3
7
1
17
10
2
1
14
19
5
2
43
5
1
1
18
13
6
1
63
2
1
3
2
9
1
1
65
1
3
1
36
3
6
3
53
1
5
3
13
9
5
3
65
3
6
2
2
1
4
3
49
6
6
1
28
2
1
3
18
9
3
3
14
14
4
1
22
2
2
1
26
2
7
3
43
2
3
1
11
7
2
3
38
11
1
2
12
1
4
1
37
2
6
3
1
9
5
2
54
2
7
3
4
4
5
3
38
7
1
2
54
1
5
1
7
6
7
2
44
2
5
2
11
2
1
3
17
9
6
3
41
2
5
3
42
4
7
1
43
1
3
3
22
2
2
2
9
1
2
2
4
1
4
2
17
1
2
1
67
2
5
1
4
8
7
3
67
38
6
1
32
2
2
2
41
4
6
1
8
16
4
1
16
5
3
3
16
6
6
1
12
1
1
1
30
18
5
3
66
3
1
1
68
3
5
3
2
4
6
3
5
2
2
3
8
18
1
1
12
7
7
3
60
29
5
3
9
29
5
1
44
2
4
3
71
2
7
1
13
2
1
1
10
3
2
2
26
1
6
1
25
3
1
1
34
6
6
1
33
8
4
2
23
3
1
2
39
4
2
3
5
1
7
1
5
2
3
2
67
1
2
2
5
1
2
3
52
5
2
1
4
6
6
1
3
2
2
3
32
8
2
1
33
2
4
2
2
3
7
2
27
2
7
1
32
5
3
1
44
3
4
3
55
10
6
2
60
2
1
2
8
1
6
1
1
2
2
2
6
2
5
2
14
1
7
2
52
2
6
2
15
3
4
3
39
4
1
1
52
3
6
3
32
11
4
2
35
2
7
3
11
8
3
2
22
2
3
3
4
25
3
2
26
4
3
1
53
1
2
1
55
2
2
2
15
1
6
3
40
1
5
2
29
3
6
1
65
2
7
2
68
1
3
3
44
2
2
3
16
7
5
2
25
2
5
3
7
2
7
2
7
2
6
2
34
1
7
1
52
2
2
2
55
1
7
1
2
2
5
3
28
3
3
2
29
1
3
3
33
23
1
1
42
2
5
1
3
1
4
1
60
2
7
1
35
2
6
3
61
2
1
3
14
8
4
1
8
10
2
1
18
4
2
1
47
1
4
2
22
1
2
1
49
2
6
2
8
2
6
3
37
6
3
1
29
1
1
3
66
5
6
2
66
3
7
3
54
1
3
3
37
11
7
2
47
4
1
1
14
17
4
1
39
2
7
1
5
1
7
1
67
1
4
2
42
1
4
3
63
6
1
1
35
4
1
2
43
3
6
2
41
1
4
3
29
7
3
1
34
9
5
3
35
2
1
3
25
3
1
3
45
3
1
2
63
2
2
3
3
1
2
2
32
3
1
3
11
18
6
3
25
7
7
3
23
15
1
2
31
1
4
2
38
4
3
3
10
4
3
2
3
1
5
1
17
14
5
1
53
2
2
1
26
3
3
1
47
2
6
1
6
1
4
2
25
3
5
1
25
1
6
1
9
13
3
2
31
5
1
1
41
3
4
1
15
4
3
2
28
3
3
1
16
4
4
3
27
10
2
1
43
3
7
2
33
2
1
2
1
3
2
3
15
3
5
3
35
5
3
3
15
10
3
2
49
2
4
3
54
2
2
1
27
3
1
3
28
14
3
3
45
1
4
3
47
6
1
1
6
2
7
3
52
14
3
3
12
4
3
2
36
4
1
3
22
7
3
3
3
2
5
3
9
30
3
2
67
2
5
3
12
5
4
3
55
9
6
2
45
2
1
1
68
1
3
3
49
1
4
1
31
16
2
3
17
15
3
1
60
1
3
3
71
5
6
2
32
4
7
2
71
3
1
3
13
4
2
3
34
8
7
2
17
2
1
2
9
2
5
3
68
13
3
2
65
3
1
2
45
1
2
1
15
1
1
2
61
1
4
1
45
2
4
1
2
7
5
2
6
3
3
2
13
2
4
2
5
2
3
3
42
3
1
3
31
15
6
3
33
24
1
3
8
14
3
2
39
3
5
3
26
10
7
3
34
6
4
2
44
4
3
3
43
3
2
2
61
3
5
3
40
5
1
3
67
31
3
3
23
13
4
1
42
1
5
2
27
3
5
1
13
1
7
2
68
3
2
1
61
1
1
3
18
8
7
3
6
1
6
1
61
3
1
1
54
1
3
1
71
2
7
1
49
1
5
2
3
3
1
3
60
32
4
2
30
3
1
2
16
1
4
2
18
3
7
2
35
3
1
2
38
3
6
2
36
3
5
1
23
1
6
1
40
2
5
3
30
25
2
1
1
1
4
2
60
3
2
2
30
4
7
3
65
16
4
3
44
1
7
2
12
2
3
3
63
2
1
2
66
1
2
2
53
1
7
1
9
10
6
2
13
1
1
2
33
1
7
2
34
3
4
1
55
1
1
1
11
5
6
2
37
2
6
1
28
1
1
1
23
2
6
3
26
9
5
3
6
5
4
