1
5
2
2
2
54
1
2
2
16
2
4
2
23
3
1
3
28
14
7
1
26
1
6
1
47
1
4
2
29
2
4
3
36
7
6
2
14
3
4
1
35
1
3
1
44
1
2
1
12
10
2
2
38
3
6
2
9
3
3
1
37
1
4
2
18
2
7
2
12
1
6
3
45
4
3
1
6
1
4
3
39
5
5
2
40
4
1
1
36
1
3
1
17
2
6
3
49
3
4
1
36
2
2
3
9
7
5
2
34
2
7
2
22
1
1
1
34
1
3
1
47
2
1
3
3
1
5
2
1
1
4
3
54
2
6
3
41
2
3
2
44
4
6
3
16
7
5
3
71
4
3
2
5
3
3
1
12
1
5
1
9
10
3
2
49
4
4
2
68
1
4
2
13
1
6
2
65
4
4
2
67
1
6
2
18
1
7
2
54
2
1
2
38
2
5
2
3
1
3
1
63
2
6
3
5
4
7
3
55
1
6
2
41
1
6
1
54
2
4
1
52
1
7
2
3
2
5
1
27
2
4
1
65
2
2
3
12
2
1
2
17
3
1
1
55
1
1
2
6
3
3
3
71
5
4
3
8
18
7
1
41
2
2
2
66
2
1
3
66
5
3
1
67
3
4
1
28
3
1
1
42
1
2
2
63
3
1
3
11
7
3
1
11
2
4
1
7
1
7
3
27
10
7
1
60
1
6
1
33
6
3
2
36
3
3
3
37
3
5
1
4
8
6
3
35
4
7
2
42
1
1
3
33
21
2
3
27
15
7
1
43
1
1
1
44
4
3
1
35
3
3
1
27
3
5
1
43
2
7
3
4
9
5
3
2
7
6
3
52
11
6
3
68
4
2
1
3
5
4
3
8
2
2
2
39
3
5
1
2
6
3
2
71
3
3
2
27
1
6
2
8
3
7
3
22
8
6
2
30
5
7
3
40
6
5
1
45
2
2
2
33
3
3
2
60
4
1
1
23
2
3
3
67
24
6
2
2
1
1
1
16
7
3
1
26
3
7
1
31
11
2
3
7
5
2
2
63
2
3
2
44
2
4
1
39
2
5
1
1
2
2
1
60
2
6
3
14
10
7
3
53
2
7
1
49
1
7
2
33
1
5
3
49
4
4
1
15
3
5
2
26
3
4
2
60
1
5
2
26
1
1
1
42
2
3
3
43
5
1
1
66
3
2
3
12
5
3
3
18
11
5
2
61
3
6
3
23
4
4
3
4
27
3
1
10
4
6
2
32
3
4
3
28
4
6
2
37
1
7
3
65
5
2
2
42
4
7
2
7
2
5
3
13
5
4
2
12
2
1
2
47
3
7
3
45
1
2
1
40
3
4
1
53
2
3
3
66
6
1
2
15
3
6
3
39
3
3
2
10
3
3
3
6
6
3
3
18
3
2
2
41
2
5
2
45
2
1
3
17
4
3
1
67
1
5
1
37
2
3
2
32
2
6
3
29
4
6
3
29
18
3
2
66
3
4
3
11
19
7
1
1
3
4
3
60
32
1
3
33
7
2
3
9
9
7
2
67
2
1
3
35
8
5
3
68
8
3
1
13
4
3
3
63
4
2
3
5
1
4
2
37
2
3
1
18
11
4
1
30
8
7
3
10
1
4
3
47
7
3
1
33
2
6
1
34
4
1
1
30
15
2
2
7
1
4
2
9
1
1
2
39
1
7
3
1
6
7
1
10
3
1
1
38
2
2
2
45
3
7
2
49
1
6
1
13
7
3
3
6
1
1
3
36
11
6
2
40
2
7
3
1
1
5
2
71
2
6
1
66
1
6
1
25
1
7
1
32
3
1
3
43
4
6
3
15
10
3
3
63
13
2
3
37
4
7
3
42
3
7
3
40
2
7
1
63
1
3
3
38
3
1
2
1
2
7
2
14
1
7
1
61
2
5
2
5
2
1
2
34
3
5
3
3
7
5
2
30
4
2
3
10
9
5
3
61
1
4
2
22
3
6
3
14
26
6
1
14
14
1
2
53
2
6
2
28
3
6
1
71
2
3
1
55
2
5
1
23
1
6
3
26
9
6
1
25
3
3
3
15
13
2
1
39
1
2
1
3
2
6
2
25
1
2
1
38
3
5
2
13
2
2
3
44
6
1
3
23
5
3
2
11
2
1
3
31
11
4
2
53
3
1
1
8
17
5
3
13
1
6
3
32
9
1
3
41
3
7
2
8
2
2
2
4
2
4
3
38
8
3
2
52
4
1
2
43
3
1
3
55
12
1
1
14
13
4
1
11
11
4
3
30
25
6
2
55
2
5
3
25
4
7
1
41
3
5
2
11
1
6
1
68
3
1
2
10
2
6
2
55
3
4
1
4
7
2
1
65
1
6
2
61
1
1
2
2
2
4
1
54
3
7
1
15
4
2
1
32
4
1
3
17
14
6
1
22
3
2
3
25
3
5
3
34
11
5
2
68
2
2
2
43
5
2
2
36
4
6
1
2
1
5
1
22
2
2
2
29
3
5
3
32
5
1
2
35
2
2
1
28
2
3
1
29
3
2
3
52
15
3
2
31
3
3
1
18
12
2
1
40
1
4
3
30
7
4
2
6
2
2
2
16
1
7
3
47
1
3
3
60
22
4
1
61
1
7
3
67
33
6
1
53
1
5
2
31
1
2
1
52
2
2
2
23
1
4
1
31
1
3
2
65
1
4
3
53
7
4
2
28
1
3
3
65
14
4
2
25
2
1
1
7
11
3
3
34
1
6
1
6
2
4
1
29
2
1
3
2
12
2
3
42
4
6
3
16
8
1
3
22
6
4
2
52
3
4
1
45
1
3
1
9
1
3
3
54
1
2
1
8
11
5
2
15
2
4
2
4
3
2
1
71
3
3
3
31
13
5
3
44
1
2
2
17
1
3
1
68
2
5
2
35
1
7
1
5
1
6
3
7
4
7
1
49
2
7
3
26
11
6
1
17
3
1
2
27
3
1
2
47
1
4
3
61
3
5
1
16
4
2
