1
8
14
5
1
66
3
6
2
30
1
6
3
1
9
4
1
49
1
5
3
28
13
4
1
63
2
1
2
66
2
7
2
2
2
1
2
55
3
5
3
13
9
3
1
60
2
6
3
63
8
6
3
31
13
7
2
67
2
6
2
44
4
4
1
36
2
1
1
30
10
4
2
8
1
4
1
55
2
1
3
47
2
1
3
37
3
5
2
13
1
3
2
28
1
2
2
40
2
6
1
65
1
6
3
61
5
3
3
27
12
5
2
44
3
1
3
34
2
5
1
11
4
3
3
31
14
5
3
54
2
7
2
36
1
7
1
31
13
5
1
5
1
2
2
55
1
6
2
52
4
7
1
18
8
4
3
71
5
6
3
67
11
3
2
31
3
7
1
42
1
3
2
26
2
1
3
6
5
6
2
45
4
1
2
11
3
2
1
3
11
3
2
11
2
5
3
53
3
7
1
16
1
1
2
34
3
3
1
47
1
1
1
34
11
4
2
60
4
5
2
8
2
5
3
12
3
1
1
7
4
2
3
49
6
3
3
9
4
7
2
18
4
6
3
43
1
6
1
10
6
3
2
54
2
5
2
38
3
5
1
38
2
2
1
41
3
3
2
66
1
7
1
67
3
4
3
5
3
3
3
8
19
3
2
14
1
3
1
29
3
6
1
22
1
2
2
13
3
7
3
39
7
3
3
68
4
6
3
67
10
5
1
40
3
3
1
37
2
7
2
1
1
4
3
27
5
3
2
54
1
3
2
29
1
4
2
61
1
6
1
9
12
3
2
45
2
5
1
49
2
1
2
42
4
1
2
47
4
6
1
67
2
4
2
38
5
3
3
44
5
3
3
13
5
3
3
32
1
2
3
41
1
7
3
63
12
6
2
17
1
4
2
33
3
7
3
44
4
4
2
17
2
1
1
35
4
3
3
17
10
7
1
60
1
3
2
53
1
5
1
63
1
4
3
40
6
7
3
42
1
3
1
6
2
4
2
1
3
5
2
22
2
7
1
2
7
7
2
29
2
2
1
42
2
4
2
39
3
2
2
61
3
1
2
4
2
7
3
38
7
4
1
15
3
1
3
38
5
7
1
71
3
1
3
10
1
3
1
65
2
2
3
49
1
2
1
28
3
2
3
30
24
3
2
4
3
4
3
45
3
3
3
23
5
3
2
6
3
7
2
9
3
7
3
36
3
1
2
5
3
3
2
33
1
5
2
3
1
6
2
12
3
4
1
7
1
4
3
60
24
4
1
44
3
1
3
71
4
7
1
41
2
4
1
30
7
7
3
33
3
4
1
34
8
2
3
5
4
5
3
2
6
6
2
39
4
3
1
47
3
6
1
9
5
5
3
30
17
7
3
32
4
4
1
35
3
7
3
22
11
4
3
55
10
7
2
25
1
2
3
55
16
3
2
10
2
3
2
6
2
4
2
36
3
1
1
18
1
3
3
25
8
6
1
43
3
2
3
28
10
3
1
1
2
4
2
37
1
3
3
16
1
7
1
27
2
7
1
43
1
6
1
1
3
1
1
45
2
4
1
54
2
4
1
40
2
3
3
16
2
4
2
23
2
3
3
17
5
3
1
27
3
4
3
1
6
2
1
11
6
3
1
71
1
3
3
7
1
5
2
60
1
3
3
54
1
3
1
26
1
1
2
14
3
3
2
68
3
2
2
65
2
4
3
39
9
3
1
31
8
1
3
45
2
3
3
3
10
7
3
40
2
3
3
52
1
5
1
39
3
1
3
26
8
1
3
29
14
1
1
3
3
4
1
66
2
3
2
41
4
7
2
53
3
1
1
61
3
7
3
65
21
5
1
14
12
7
1
54
3
5
2
32
3
3
2
63
3
7
3
9
13
6
1
17
10
1
3
26
4
4
2
25
3
2
1
6
1
4
2
49
3
3
1
36
1
7
2
9
1
1
3
6
1
1
1
2
2
3
3
61
2
6
1
32
2
7
3
34
1
4
3
68
14
1
3
7
5
3
3
36
10
3
2
71
1
3
1
61
2
4
1
5
2
5
3
4
20
1
1
33
3
7
1
37
1
4
2
47
2
1
1
33
7
7
3
42
2
4
2
30
3
1
1
25
3
7
3
18
22
3
3
35
6
7
1
68
2
4
1
68
3
7
1
32
6
7
1
17
6
2
2
49
2
4
1
22
3
3
1
4
5
5
1
23
1
7
3
3
5
7
3
66
6
6
2
15
1
2
1
12
14
2
3
41
2
7
2
27
2
2
3
4
14
6
2
10
1
5
3
35
7
4
2
42
1
6
1
14
1
1
3
11
26
3
2
67
1
1
1
55
1
2
3
8
14
2
3
18
14
7
2
41
5
1
2
26
1
4
3
33
2
1
3
29
15
4
2
16
3
2
1
52
3
4
3
22
3
4
2
43
3
4
1
23
3
3
3
14
16
1
1
38
1
4
1
8
13
7
2
15
2
1
3
52
16
1
2
68
2
6
2
40
4
5
1
15
5
3
2
65
4
5
1
45
1
7
3
15
14
5
3
25
9
4
2
2
3
4
2
28
3
3
3
23
10
3
1
53
2
3
2
12
2
5
3
43
6
2
2
35
2
2
2
7
3
5
3
65
17
3
1
44
1
4
1
4
2
5
3
66
7
5
1
10
5
5
2
18
3
3
2
71
2
3
2
22
3
4
3
53
2
3
2
43
1
1
1
12
16
3
3
11
6
7
2
3
3
7
3
14
15
5
1
52
1
5
3
47
7
7
1
29
2
6
2
31
2
4
1
25
1
1
2
27
1
4
3
2
11
2
2
32
1
3
3
10
10
6
1
53
1
1
2
52
7
6
1
39
4
3
3
60
19
7
2
35
3
2
2
23
3
1
1
13
9
1
3
15
16
3
1
16
4
3
2
7
2
4
2
16
2
1
3
12
5
6
2
63
2
3
2
34
2
6
1
28
2
5
1
13
7
7
2
37
3
5
2
5
2
1
3
37
10
2
1
26
2
5
