1
33
7
3
2
8
1
5
1
22
1
5
3
60
25
1
3
18
8
3
1
11
3
1
3
33
9
4
2
38
2
3
2
34
3
6
3
61
1
5
1
52
3
6
1
39
3
5
1
31
12
6
2
39
1
4
2
16
2
6
3
8
8
7
3
60
10
6
1
49
2
4
1
36
2
2
2
40
1
1
3
10
20
7
2
9
3
5
1
52
1
1
2
42
1
7
3
45
5
2
3
47
3
6
1
8
6
5
1
16
6
7
1
28
2
6
2
11
1
3
3
10
21
7
3
37
7
5
1
43
1
6
1
4
3
3
1
23
2
4
2
7
3
7
3
1
2
1
1
68
2
5
2
34
1
7
2
13
2
7
1
40
3
7
2
15
1
3
2
44
2
5
3
14
12
1
2
52
1
5
1
29
3
3
3
38
2
6
2
33
2
7
1
1
2
4
3
34
11
5
1
6
1
7
1
6
2
3
1
43
3
4
3
36
12
1
2
43
2
2
2
61
2
6
1
14
4
4
2
25
2
4
2
5
3
4
1
23
3
1
3
9
31
7
3
14
6
4
1
36
3
5
2
60
3
6
2
53
1
7
2
16
3
5
3
52
4
6
2
18
3
3
2
60
2
3
3
8
5
1
2
66
2
5
3
22
11
6
1
10
7
7
2
26
1
6
3
65
16
4
2
17
2
3
3
9
16
1
3
13
4
6
2
11
2
7
3
26
7
1
1
67
3
2
1
13
3
5
1
71
2
7
2
65
1
5
1
26
1
5
1
60
2
5
1
63
2
1
1
61
2
5
2
18
1
5
1
27
3
7
3
39
8
6
1
33
8
3
1
40
1
1
3
30
1
3
1
29
1
6
2
68
1
5
1
25
2
5
2
55
2
5
3
15
13
6
1
55
1
4
2
32
2
5
1
26
2
4
2
67
1
3
3
44
2
7
2
3
1
5
1
18
11
5
3
6
6
3
2
14
1
7
3
23
8
2
2
29
3
7
3
40
3
3
1
68
1
5
1
37
1
5
3
16
7
4
2
28
1
3
2
39
4
4
3
43
5
7
3
5
2
1
1
61
1
7
3
27
6
4
1
30
8
2
3
63
9
1
2
37
2
3
3
11
13
5
3
5
4
5
3
42
3
5
3
32
7
5
1
13
8
1
3
17
7
5
2
55
3
7
3
25
4
1
3
15
1
7
3
44
5
4
3
1
6
6
2
4
1
2
3
45
4
4
1
66
3
1
2
26
4
4
1
67
1
2
1
25
1
7
2
2
3
7
1
65
2
4
1
47
1
6
3
71
4
5
2
35
3
6
1
12
16
6
1
44
3
6
3
66
8
4
1
3
5
3
3
54
2
2
3
17
14
3
2
4
3
5
3
31
5
1
3
53
6
2
2
30
5
3
3
55
4
4
2
68
3
2
3
49
4
6
2
7
1
6
1
5
1
2
2
47
4
1
3
33
5
3
1
18
3
7
1
3
8
6
1
15
5
4
2
36
1
3
3
36
9
4
1
45
2
5
3
28
8
1
1
47
3
3
1
65
1
3
1
11
12
1
2
15
2
1
2
13
1
3
1
41
1
4
3
63
8
2
3
22
1
7
3
65
17
7
2
27
1
6
3
37
1
2
3
39
5
7
1
63
1
3
3
25
3
3
1
37
2
4
1
45
1
1
2
31
1
4
3
49
1
7
2
9
2
5
3
67
17
3
2
22
1
1
2
36
3
1
2
43
5
6
1
41
3
5
1
32
5
6
2
54
1
5
3
38
7
6
2
23
3
7
1
35
4
2
3
55
5
4
3
34
3
7
3
43
8
2
2
52
7
5
2
28
3
7
1
38
2
6
1
34
2
3
2
41
1
3
3
35
2
1
1
34
10
1
3
29
5
2
2
31
3
6
1
15
3
3
1
35
2
2
1
49
1
2
2
37
3
2
2
23
1
5
2
61
1
5
3
40
2
6
1
1
3
6
1
28
1
5
3
23
13
6
2
45
2
2
3
67
7
7
2
66
3
3
3
16
6
4
3
4
27
7
1
7
6
4
1
30
19
5
1
38
3
6
1
9
10
3
2
40
3
5
2
42
3
4
3
29
14
7
2
54
2
2
3
42
1
5
3
13
9
4
3
52
1
5
2
14
2
5
2
12
2
2
2
44
1
2
2
47
1
7
3
12
1
2
3
27
16
4
2
27
3
1
1
53
2
5
1
42
2
6
2
63
3
7
1
71
1
5
2
25
1
5
3
28
6
2
2
35
1
5
1
12
7
1
1
5
2
6
2
22
2
6
1
22
2
7
2
6
2
6
3
12
2
4
2
8
3
7
2
71
2
4
3
7
5
5
3
3
10
5
1
9
3
1
2
49
1
1
2
49
3
4
2
17
3
5
1
42
1
1
3
26
9
3
3
71
5
1
3
47
2
5
2
1
1
4
3
68
7
4
2
65
2
4
3
6
4
5
1
10
8
4
1
17
13
6
2
67
2
4
2
29
2
2
2
32
1
2
1
8
9
5
3
41
1
1
2
30
2
5
3
2
11
5
3
3
3
3
2
38
4
4
2
10
3
5
1
7
4
5
3
66
3
4
3
31
20
7
1
2
7
3
1
44
4
4
1
16
5
6
1
14
14
3
1
17
6
4
3
32
6
6
2
63
1
6
3
68
2
3
2
71
3
3
1
54
1
6
3
54
1
5
2
33
1
1
1
27
2
3
1
39
2
1
2
10
2
3
2
41
2
3
1
4
4
4
2
45
4
2
2
1
2
1
3
41
2
5
1
66
2
4
3
11
15
1
3
18
19
1
1
54
3
3
2
12
3
1
1
2
4
4
3
30
16
1
2
5
1
5
2
3
3
7
3
61
7
2
3
2
5
4
1
53
1
1
3
4
15
2
3
53
4
2
1
60
1
6
3
7
4
4
1
55
2
5
3
35
4
2
1
32
3
7
2
53
2
6
1
31
14
1
2
6
3
7
2
2
1
3
