2
55
3
1
2
53
2
1
3
42
1
5
1
35
3
6
1
5
1
3
3
18
14
3
2
28
2
5
1
18
11
4
3
35
3
6
1
29
2
2
3
7
1
1
2
4
3
3
2
71
2
1
1
33
8
1
2
14
1
7
2
45
1
1
1
41
3
4
1
52
2
2
3
36
4
3
2
14
2
7
2
60
2
7
1
40
2
2
1
9
13
5
2
23
1
6
3
27
16
6
3
34
10
6
1
39
1
1
3
14
17
5
1
1
3
5
3
68
10
1
1
37
1
4
2
63
2
2
2
42
1
7
2
27
2
1
1
43
3
7
3
65
2
1
3
38
7
3
2
22
3
5
2
33
1
1
3
68
15
3
3
31
26
7
3
60
26
5
1
27
2
1
2
13
1
7
2
17
3
4
3
61
5
1
3
37
9
7
1
37
2
7
2
27
1
6
2
17
1
1
1
6
1
3
2
31
1
4
2
7
2
4
1
38
1
7
2
68
3
4
2
35
1
4
2
67
2
4
1
47
1
3
1
68
3
6
3
41
1
6
3
10
1
1
2
71
3
7
3
60
24
4
3
17
6
4
1
2
7
7
1
30
5
7
3
28
11
2
2
53
3
4
2
60
4
2
2
68
4
2
2
44
4
4
1
39
4
2
2
16
2
3
1
63
2
2
1
71
2
6
3
42
3
2
3
33
4
3
3
36
6
2
3
23
13
3
2
9
2
2
2
25
3
4
1
12
3
2
2
22
1
4
3
63
7
2
1
30
7
5
3
66
7
1
2
55
1
1
2
30
3
2
3
29
4
7
2
32
2
2
1
44
4
6
2
66
2
4
3
47
6
1
1
22
1
2
3
39
6
5
3
67
34
2
2
38
2
3
2
43
4
1
1
23
2
4
1
10
7
7
3
55
16
4
2
18
1
3
3
52
4
4
1
16
6
4
2
1
2
4
2
26
2
7
3
53
3
6
1
44
1
1
3
9
4
4
3
43
4
5
1
66
2
3
1
61
1
7
3
29
14
4
3
35
8
6
2
49
4
6
2
61
2
2
3
23
14
6
2
47
3
6
3
40
2
1
2
8
2
1
1
43
2
6
1
15
1
7
2
16
1
2
1
16
7
4
1
40
1
3
2
45
4
2
3
30
24
4
1
25
2
5
1
3
3
3
3
28
10
6
3
4
21
6
1
27
1
2
1
45
1
5
2
10
2
6
1
38
2
7
2
11
3
2
3
31
24
1
1
28
3
3
3
15
13
6
3
22
8
5
1
13
2
2
2
12
2
5
1
49
2
3
3
15
16
7
1
36
3
3
1
34
10
6
3
61
7
2
2
36
5
6
2
5
3
1
1
9
12
5
2
15
1
7
3
1
5
4
1
28
1
2
3
26
10
7
3
55
7
5
1
33
4
5
3
8
4
3
1
13
7
5
1
55
2
7
2
52
4
2
1
4
5
2
2
39
1
3
2
3
1
3
3
53
1
3
3
13
6
3
2
63
3
5
2
2
1
3
1
10
5
2
1
18
14
1
3
66
5
1
2
65
1
6
3
38
8
6
1
68
1
2
1
22
2
3
1
66
3
4
1
26
2
7
3
25
6
3
3
52
17
1
3
40
1
3
2
66
1
5
1
36
2
6
3
6
3
3
1
42
2
7
3
71
2
3
2
2
2
5
2
5
1
5
1
47
2
3
1
60
2
5
3
3
3
3
3
44
7
4
1
31
17
6
2
54
2
4
1
63
1
7
3
7
5
3
2
31
4
4
2
9
3
1
1
17
3
1
2
4
1
7
2
28
1
1
1
54
3
1
1
65
2
7
2
7
1
5
1
12
5
1
1
54
2
4
2
44
1
3
3
43
5
5
1
41
2
4
1
7
8
5
1
14
6
3
2
52
5
1
2
1
3
3
2
25
1
5
1
34
8
4
2
18
3
6
1
55
1
5
3
26
5
5
3
18
4
6
1
53
1
2
3
44
8
4
2
34
2
3
2
36
3
3
2
54
1
3
2
43
3
4
3
13
8
5
1
71
3
1
1
7
6
3
1
45
2
6
1
11
10
1
1
31
15
2
2
40
1
3
3
71
3
4
2
37
3
4
1
53
2
4
2
41
1
4
1
42
1
5
1
11
1
6
2
11
1
7
2
8
3
3
2
3
2
1
3
2
2
2
1
17
11
1
1
52
1
2
3
22
2
1
3
16
6
5
2
40
3
2
3
14
22
7
3
65
4
2
3
54
1
3
3
45
2
3
3
12
4
4
3
17
8
3
2
6
2
4
3
1
7
5
1
25
1
3
2
30
2
2
2
47
1
5
3
5
3
3
3
34
7
6
1
23
3
3
3
63
2
5
2
41
2
5
3
39
1
1
3
16
8
6
3
11
9
7
3
41
2
1
1
6
2
6
2
12
1
2
3
8
6
3
3
47
1
5
3
3
6
1
3
32
10
5
1
32
3
7
2
10
3
6
2
29
2
1
1
14
7
4
3
11
26
7
1
60
1
2
1
35
4
4
1
49
1
3
3
54
2
5
3
12
6
2
1
2
1
1
3
49
4
5
2
15
2
5
3
67
8
3
3
6
1
4
1
65
1
6
2
61
1
5
3
25
8
7
2
23
2
3
3
45
1
1
3
5
2
1
2
6
1
7
3
10
16
7
3
49
2
6
2
65
4
7
2
37
1
2
1
61
3
3
1
1
2
4
2
32
1
3
2
42
2
3
1
29
1
5
2
34
3
1
1
15
4
6
2
49
3
6
2
26
4
5
2
29
1
7
3
30
26
7
1
67
1
7
1
3
7
1
2
33
2
2
2
67
1
2
3
2
3
7
2
13
2
1
3
27
9
5
3
32
5
1
2
38
1
6
1
8
5
5
1
5
2
7
3
33
14
2
1
8
14
6
1
32
5
4
2
35
3
6
1
26
1
2
2
39
4
6
3
37
12
7
3
4
24
1
3
9
18
7
1
67
3
4
1
4
8
3
