1
42
2
1
3
41
4
1
1
6
1
2
2
35
2
1
1
13
5
4
3
37
4
5
3
35
7
7
2
1
3
6
1
37
2
3
2
3
3
4
1
25
1
6
1
17
4
1
1
3
6
2
2
63
2
5
2
3
1
5
2
37
2
2
3
65
11
3
3
61
11
1
3
52
2
2
1
36
3
6
3
65
16
2
1
44
4
2
2
12
2
3
2
71
3
2
2
2
2
2
2
4
1
6
3
60
10
7
2
45
2
5
3
6
6
1
3
9
27
4
3
37
8
6
1
15
4
2
2
49
4
5
1
45
2
6
2
33
3
1
3
15
17
5
2
54
2
2
1
71
1
3
1
26
1
5
2
26
1
3
1
1
2
1
2
35
1
4
1
9
3
6
3
45
5
1
1
29
1
7
3
3
8
5
3
12
7
6
2
18
4
1
1
68
2
4
1
53
1
7
2
38
3
4
2
7
2
7
1
15
5
4
1
52
1
5
2
61
1
4
2
43
1
7
2
26
3
1
2
9
2
3
1
60
2
1
2
68
4
7
3
17
4
4
3
29
13
3
3
11
25
3
3
33
23
7
3
8
16
4
3
63
9
3
3
40
5
6
2
22
1
4
1
54
3
6
2
13
3
6
3
25
5
4
3
42
3
3
1
12
1
7
2
18
3
6
3
47
6
3
1
63
2
6
1
66
2
6
2
65
4
4
3
71
4
2
1
52
2
6
3
35
2
3
1
60
1
2
3
7
5
5
1
65
2
2
1
7
2
3
1
34
6
1
2
17
1
3
1
6
2
5
2
71
1
6
3
40
3
5
1
18
8
7
3
44
4
2
2
66
2
1
3
22
5
3
1
63
1
6
3
7
2
2
2
5
2
5
2
52
7
2
3
27
2
2
2
66
1
2
3
25
2
3
2
28
1
7
1
55
1
6
2
30
4
3
1
26
2
2
2
14
2
5
2
40
4
2
2
4
3
4
2
27
3
3
3
55
12
7
3
22
8
2
3
23
17
4
1
35
3
3
2
34
2
5
2
39
3
5
2
36
2
6
3
27
16
5
2
53
1
4
2
44
4
4
1
11
1
3
2
67
1
6
1
55
2
2
1
27
1
5
2
39
1
6
1
27
2
4
2
17
3
4
2
34
1
3
1
65
1
5
1
11
7
7
2
47
2
6
2
41
3
5
1
39
1
7
1
8
3
4
3
30
21
4
2
37
3
2
3
53
1
1
2
27
2
4
2
60
4
3
1
34
4
3
3
4
28
3
2
5
3
1
1
41
2
6
3
13
9
7
1
37
1
2
2
10
3
5
3
12
3
4
1
47
3
6
2
15
1
4
2
41
1
3
3
32
5
7
3
39
6
4
2
15
2
2
1
28
1
7
3
16
1
2
3
49
3
6
3
29
19
3
2
63
3
4
1
44
1
3
1
66
3
6
1
42
1
4
3
33
20
2
2
42
2
7
2
44
2
6
2
65
1
1
1
10
1
7
3
2
12
5
3
68
8
7
1
61
3
5
1
12
3
2
2
54
1
2
2
68
1
5
3
14
18
2
1
9
1
5
1
4
2
4
3
2
7
4
3
26
5
7
1
71
3
1
1
18
11
3
2
36
3
3
3
1
5
5
3
36
13
4
1
40
2
2
1
28
2
4
1
3
4
3
2
23
2
5
1
10
6
6
3
53
5
1
2
16
1
2
1
22
1
5
3
49
5
5
2
6
1
5
3
10
10
1
3
34
4
2
1
49
1
1
1
33
8
5
3
47
9
3
1
61
2
6
3
61
4
6
3
10
8
2
1
49
2
3
3
36
8
6
1
13
4
2
3
18
8
1
3
54
2
2
2
1
2
3
2
43
4
6
3
42
4
3
1
29
3
2
1
2
4
2
2
14
3
1
3
9
28
1
1
23
2
7
1
25
2
5
3
30
22
7
1
16
5
6
2
31
5
3
3
17
15
2
3
67
30
2
1
36
2
4
3
43
1
5
2
33
2
4
1
35
1
5
3
23
12
3
2
11
1
4
1
31
14
1
1
2
7
3
1
7
9
4
1
38
2
5
2
60
2
1
2
12
3
7
1
45
1
5
2
28
2
6
2
25
1
4
1
43
3
2
2
6
3
5
3
11
20
5
1
38
3
6
3
16
6
3
3
15
13
3
1
32
6
5
2
40
1
4
3
3
9
1
3
6
2
3
2
11
2
6
2
2
1
1
2
22
2
2
1
4
5
1
3
18
2
6
1
31
18
4
3
31
13
5
3
31
14
5
1
41
1
2
2
23
3
3
2
42
3
4
3
43
4
3
3
32
2
5
2
49
3
3
1
14
3
7
1
16
2
5
1
32
3
3
1
5
2
6
3
14
25
2
1
30
4
2
2
9
3
4
3
8
11
6
1
33
3
7
3
34
7
6
2
7
3
3
3
41
3
2
3
68
6
7
2
16
2
7
2
31
3
7
1
8
17
1
2
45
4
2
3
28
16
3
2
61
3
6
2
29
3
5
1
30
2
1
3
66
8
7
2
55
2
7
2
29
2
7
2
53
3
7
2
67
2
1
1
68
3
5
1
40
3
2
3
66
3
5
3
13
6
5
3
4
16
3
2
10
1
2
1
22
3
1
3
54
1
2
1
17
8
6
2
55
1
3
2
47
3
3
2
8
1
2
3
71
2
7
1
67
3
3
3
5
3
3
3
39
1
6
3
55
4
3
3
60
23
3
1
54
1
2
1
43
2
3
2
8
3
3
2
13
1
6
1
53
2
3
1
14
11
7
1
47
2
4
3
38
10
3
3
67
13
4
1
5
1
1
3
44
6
4
3
45
6
3
2
38
2
7
3
26
3
6
1
1
3
3
3
38
11
2
2
52
5
1
1
23
1
1
2
32
3
6
1
39
3
2
1
67
1
1
3
28
10
1
2
25
2
1
2
30
5
5
3
1
1
4
3
52
17
6
2
32
1
6
3
63
12
3
3
5
4
6
