3
4
2
7
2
60
1
1
2
22
2
6
3
30
26
5
3
31
5
3
2
22
3
1
3
40
1
1
3
26
1
3
2
36
5
5
1
18
14
2
3
55
6
5
3
39
9
4
3
60
26
5
2
16
1
3
2
67
2
6
3
2
10
5
3
44
7
7
2
53
1
1
2
6
1
6
1
42
1
7
2
10
2
1
1
29
3
3
2
37
3
7
1
65
1
1
3
36
1
5
3
25
9
6
2
49
1
3
1
10
7
5
3
65
16
1
3
67
16
6
3
14
18
1
2
1
1
2
3
23
15
2
1
43
3
2
2
4
3
6
2
23
2
3
1
33
4
6
2
42
4
1
1
39
3
5
1
13
6
4
3
66
8
7
2
31
1
6
2
61
1
7
1
34
8
6
3
22
6
1
2
31
5
7
2
44
5
4
2
38
3
7
1
6
2
2
1
49
1
2
2
55
3
2
3
33
3
1
3
34
6
2
1
14
9
1
1
9
9
6
3
39
3
6
2
23
1
1
3
12
2
2
1
63
2
1
3
54
2
6
1
44
2
5
3
11
8
4
3
11
11
6
3
68
7
4
2
49
2
1
1
42
2
3
1
43
2
2
2
67
1
6
3
41
4
4
1
71
3
2
2
54
2
7
1
5
2
2
3
34
1
7
3
45
5
5
3
66
4
3
1
52
2
3
1
26
1
1
2
9
1
6
2
7
1
2
3
23
5
1
3
17
4
2
1
23
1
3
3
47
7
6
3
44
6
3
2
25
1
2
3
1
10
1
3
71
5
3
2
39
3
2
3
8
5
3
1
14
18
5
1
44
3
1
2
68
2
6
1
10
2
7
1
71
1
6
2
26
1
6
3
27
13
4
1
35
2
3
3
42
4
3
3
55
11
3
3
33
24
3
3
9
11
6
3
43
1
5
2
55
2
1
2
5
2
1
3
35
4
4
1
13
1
5
1
67
1
3
1
29
2
3
3
65
18
1
1
18
10
2
3
35
1
1
1
66
3
5
2
52
6
3
3
29
1
5
3
10
4
7
1
8
11
3
3
67
1
7
3
7
3
5
2
34
3
4
2
63
2
5
1
2
5
3
3
28
8
5
3
37
5
2
1
2
4
3
3
54
1
6
1
34
4
4
2
47
1
4
2
9
2
2
3
32
9
5
1
11
7
3
2
54
1
5
1
68
3
2
2
30
2
3
3
43
5
2
1
28
3
1
1
25
2
6
3
68
5
6
3
9
32
3
1
67
2
7
1
33
8
3
3
6
5
1
3
45
3
4
1
22
2
5
3
38
12
4
1
15
2
5
1
11
8
2
2
71
2
3
2
36
3
3
2
18
4
6
1
22
3
7
2
13
2
5
3
13
7
4
2
68
4
4
1
53
1
2
2
66
1
5
2
8
2
3
1
55
1
6
1
16
1
3
3
3
1
1
2
15
2
2
1
31
12
7
2
14
3
1
3
61
5
4
3
26
11
6
2
13
3
7
2
17
1
6
2
29
3
1
1
12
3
6
1
35
3
5
1
45
1
1
2
60
4
1
2
65
2
1
1
63
1
3
2
65
4
1
2
11
2
5
1
28
2
5
1
47
1
4
2
11
1
3
3
29
3
4
3
8
18
4
2
7
2
5
3
52
16
5
3
61
1
3
3
7
2
3
3
31
1
4
1
32
3
5
2
33
3
7
2
26
3
2
3
12
6
6
1
41
3
1
2
45
4
5
1
61
1
4
3
5
4
1
2
41
1
5
1
4
6
4
3
28
15
3
2
10
3
4
1
40
1
1
1
16
6
4
2
47
4
7
2
45
1
7
3
14
7
4
1
60
2
1
3
71
1
4
1
1
2
6
1
38
1
7
1
7
5
3
2
71
1
4
1
5
1
3
2
12
1
5
1
47
2
4
1
17
8
7
2
38
2
7
1
6
1
5
2
12
2
6
3
1
3
3
1
37
1
3
2
16
3
1
2
25
3
3
1
52
1
1
3
36
9
6
3
6
6
7
2
18
3
2
1
12
5
2
1
65
2
6
1
9
5
1
2
42
1
6
3
53
8
7
2
3
1
2
3
18
12
5
1
7
9
3
1
17
13
1
3
18
23
1
2
29
2
3
3
52
8
4
2
35
1
2
2
44
2
1
1
30
1
7
2
30
5
5
3
5
5
6
2
39
4
6
2
27
3
4
1
27
2
5
3
49
1
3
1
54
2
5
3
63
8
4
1
27
3
1
2
17
2
7
1
49
2
3
2
33
2
2
1
61
2
5
3
27
1
7
3
53
3
4
3
22
11
4
2
32
1
6
2
53
2
1
1
66
1
3
1
3
3
1
3
30
17
6
1
37
2
1
3
17
10
3
1
4
2
1
2
37
1
6
2
35
2
7
2
32
3
1
3
32
11
7
1
60
1
7
3
2
2
4
2
41
2
6
1
36
1
3
1
15
5
2
1
36
3
4
2
15
1
5
2
63
3
6
1
26
2
4
1
45
2
2
1
23
3
5
2
1
2
2
2
14
2
2
1
30
2
3
3
37
2
7
2
2
2
7
2
28
2
4
3
63
13
1
3
49
7
2
3
16
2
7
3
15
12
1
2
66
3
4
2
40
3
3
2
43
2
3
3
13
6
5
2
4
1
5
1
54
1
2
2
3
3
7
3
3
6
7
3
25
5
2
1
40
2
5
1
32
4
4
2
43
1
6
2
61
2
1
1
39
2
1
1
8
3
6
2
52
3
6
1
1
3
1
1
25
3
1
1
38
2
3
2
6
2
7
2
2
3
6
2
27
2
7
2
5
1
5
2
34
2
2
3
60
32
4
1
41
2
5
1
3
10
6
3
42
2
1
1
55
2
6
1
68
1
1
2
40
2
4
3
15
1
1
3
41
2
2
3
38
7
2
2
28
1
1
3
10
11
6
3
47
8
7
3
4
7
4
3
16
6
3
1
31
5
5
1
53
2
5
3
40
5
6
2
8
1
2
