1
10
7
4
1
8
11
6
1
23
3
7
3
14
18
5
3
52
1
5
3
37
9
2
3
29
18
7
2
68
1
5
2
9
3
1
1
16
6
3
1
39
4
5
2
41
4
1
3
40
2
5
3
33
17
2
1
37
2
7
3
22
1
5
1
49
1
4
1
29
2
3
2
29
2
5
2
4
3
3
1
11
10
5
2
45
3
5
3
60
28
1
1
33
2
6
2
22
2
1
2
13
3
5
1
2
4
7
1
45
1
4
2
28
3
3
3
15
13
7
1
34
11
5
3
35
3
3
3
11
26
5
2
15
2
2
3
55
9
4
2
34
1
2
1
10
3
5
1
1
1
6
1
27
2
5
3
22
8
4
2
68
4
4
3
66
7
3
3
32
9
5
2
23
1
6
1
54
3
3
3
6
3
3
1
49
2
1
1
38
2
1
1
67
2
3
3
30
21
1
1
17
4
1
2
22
3
4
3
12
4
2
2
41
5
1
3
23
1
4
1
31
3
6
3
39
8
6
3
2
3
1
1
14
14
4
3
43
5
5
3
38
6
4
3
29
8
7
2
17
1
6
1
43
3
4
2
5
2
4
3
54
1
4
3
8
7
5
1
4
3
4
3
66
8
2
2
7
1
4
1
66
1
1
3
41
1
1
1
55
2
6
2
1
2
4
2
35
3
2
1
15
5
2
2
7
3
6
3
35
6
7
2
33
2
1
1
34
7
2
1
32
2
6
2
33
3
1
1
52
3
7
1
28
1
1
3
49
4
1
2
40
2
2
1
44
1
5
2
29
1
3
3
15
15
1
2
27
2
6
1
18
7
1
2
65
2
5
1
63
1
3
1
67
3
7
3
26
5
1
1
65
2
6
1
38
3
6
1
61
3
2
1
47
2
4
1
23
2
5
2
31
2
7
3
27
13
5
3
28
9
6
2
36
5
2
2
11
1
5
2
60
2
7
2
49
3
1
1
12
5
2
1
18
8
4
1
47
1
7
3
45
3
5
1
11
9
5
2
10
2
2
1
66
2
4
3
9
7
4
3
36
10
3
3
68
4
3
3
23
18
6
1
30
19
1
2
32
1
7
3
32
6
3
2
15
1
3
1
29
1
1
3
47
6
5
2
26
2
5
1
22
1
1
3
63
5
2
1
5
2
2
1
36
3
1
1
1
3
6
2
61
3
7
2
44
4
4
3
7
3
7
3
33
22
7
3
4
23
4
1
40
1
7
1
42
2
2
2
26
1
4
3
3
2
5
3
41
2
7
1
3
6
7
1
7
8
2
3
5
1
2
2
17
3
5
3
44
5
2
1
61
2
6
1
36
1
2
3
13
4
3
2
39
2
7
3
11
23
7
3
71
2
6
1
6
2
5
1
7
7
2
2
5
1
4
1
2
3
5
3
42
4
5
2
11
2
6
2
71
2
7
3
25
1
6
2
40
3
4
2
67
1
7
3
10
24
2
3
1
4
1
2
63
3
7
3
26
8
6
3
13
1
7
3
1
6
4
2
42
2
1
2
42
3
2
3
44
10
1
1
44
3
5
1
26
1
5
1
68
1
5
3
45
6
7
2
66
2
7
3
5
4
7
2
45
4
1
1
41
3
1
3
7
4
5
3
28
14
6
1
65
1
4
1
9
5
6
2
12
1
5
1
32
3
6
1
25
2
2
1
31
13
5
2
47
1
1
2
3
1
2
2
6
3
4
2
14
3
1
3
25
2
2
3
60
2
1
3
30
8
7
1
41
1
7
2
44
1
7
2
3
2
3
2
47
4
6
1
6
1
5
1
63
2
1
2
61
2
6
3
68
14
2
3
61
1
5
3
31
7
5
3
27
3
3
3
6
5
4
1
53
1
4
2
49
4
2
2
2
2
5
2
66
1
6
3
52
6
5
2
28
2
3
2
55
2
2
2
38
2
2
1
52
2
4
2
2
1
3
2
63
1
2
1
35
1
4
3
49
5
7
2
9
2
4
3
9
3
6
3
14
13
6
3
38
5
6
2
14
1
2
3
42
1
6
3
2
2
4
2
60
1
5
1
43
1
6
1
40
2
6
2
38
1
6
1
28
2
4
3
18
17
4
2
27
3
6
3
55
3
4
1
4
8
6
3
17
7
2
1
14
22
6
3
65
12
2
1
17
5
3
1
37
1
6
2
67
2
5
1
35
4
2
1
60
2
7
3
53
4
2
1
9
4
5
3
31
27
3
1
16
7
7
1
25
3
1
1
15
2
5
2
71
3
2
2
36
1
2
2
35
1
3
2
18
4
6
1
26
2
4
1
71
1
6
2
23
3
1
1
5
1
3
3
61
9
5
1
8
4
1
3
17
6
4
1
42
1
1
2
10
3
1
3
39
9
5
2
13
2
5
2
53
3
4
1
27
1
1
1
60
1
5
1
12
9
6
2
54
2
6
2
30
5
2
3
16
2
7
3
37
8
3
3
12
2
3
2
32
4
3
3
4
11
1
2
25
2
4
3
16
8
1
1
68
2
7
2
6
1
6
1
13
3
7
2
37
3
1
2
53
2
6
2
12
2
2
2
52
5
6
2
55
3
2
1
33
8
6
3
47
2
4
3
67
5
3
1
53
2
3
3
40
1
1
1
13
4
4
2
39
1
6
2
1
1
5
1
71
3
6
3
34
5
7
2
25
3
2
2
4
2
1
2
37
1
3
3
67
20
4
1
55
1
4
1
45
2
5
3
53
3
7
3
10
13
7
2
31
3
4
1
30
10
3
3
3
7
2
3
54
2
4
3
63
8
2
2
30
3
1
1
54
1
5
3
36
9
4
1
22
3
1
2
34
2
3
2
18
1
5
2
8
1
5
3
18
5
5
3
43
8
1
2
8
2
5
3
34
11
7
2
43
5
5
3
71
3
7
2
54
1
5
1
39
2
5
2
16
2
3
2
52
6
5
3
8
18
3
2
43
2
1
2
65
1
2
3
65
11
2
1
3
7
1
2
16
1
3
