2
2
3
2
2
71
3
6
1
7
3
4
3
68
12
1
2
40
2
4
2
27
3
4
2
10
2
3
2
53
2
7
2
14
2
3
1
38
3
3
1
55
1
5
1
10
3
5
3
11
23
6
2
34
1
6
2
63
1
3
3
7
5
6
2
13
3
1
1
47
1
5
2
71
1
7
1
52
3
6
1
31
1
4
2
32
2
4
1
39
1
1
1
16
2
7
2
17
2
7
3
38
6
6
1
9
13
7
2
13
2
2
1
61
1
6
1
16
7
4
3
31
26
5
2
40
3
6
1
41
2
3
1
33
1
2
2
6
1
1
1
26
3
2
2
39
3
7
1
65
1
4
1
15
5
6
3
29
8
1
2
68
4
3
2
34
2
1
2
37
2
2
2
38
4
2
3
65
20
5
1
11
6
2
3
42
2
3
1
33
3
5
2
60
4
2
2
36
4
5
2
54
2
5
2
25
3
4
3
41
4
1
2
55
2
1
3
37
10
1
2
67
2
2
1
71
2
2
1
18
10
5
2
61
1
7
3
6
4
3
1
5
1
6
3
13
5
4
3
32
7
4
1
45
2
5
3
60
5
7
3
63
13
3
3
4
9
7
2
35
1
2
1
61
3
2
2
27
1
4
2
26
1
4
1
23
1
7
1
35
1
4
1
54
1
1
3
2
9
6
3
1
4
4
3
49
6
2
1
53
1
2
1
22
3
2
3
39
7
5
1
43
2
6
1
2
2
4
1
60
1
7
2
6
3
6
2
16
1
1
2
38
2
2
2
18
3
3
3
43
2
4
1
32
3
3
3
12
1
3
3
66
6
4
3
11
2
1
3
9
20
3
3
5
1
3
2
30
5
3
1
65
2
4
3
9
1
3
3
40
4
4
1
44
2
1
3
44
2
4
3
66
4
1
3
53
3
6
3
23
17
7
2
26
3
2
3
10
4
2
2
8
1
4
3
35
6
2
3
4
25
7
3
18
21
2
3
39
4
7
3
49
7
2
3
54
1
6
2
30
2
2
3
18
5
6
3
54
2
5
2
23
2
2
2
10
3
2
3
67
9
5
3
68
11
4
2
5
1
5
1
45
1
1
2
29
3
6
3
10
17
5
2
9
1
7
2
63
3
6
3
38
12
7
1
17
3
5
1
3
8
4
2
47
2
5
1
30
10
7
2
28
2
3
1
27
1
6
1
37
2
3
1
2
4
4
1
18
5
3
1
3
6
6
2
18
1
4
3
2
4
1
1
35
2
1
1
12
16
3
1
8
12
7
2
36
5
7
1
28
1
3
3
63
11
5
2
31
1
6
3
8
20
6
1
37
1
2
1
27
2
1
2
65
3
6
3
8
7
6
1
36
2
3
1
8
3
6
2
45
4
3
3
44
1
6
2
25
1
4
3
71
4
6
3
34
4
7
1
4
4
5
2
22
1
4
3
43
7
7
1
42
2
5
3
55
9
7
1
9
3
1
2
44
5
7
2
31
5
2
3
47
2
5
2
22
3
2
3
33
21
2
3
33
9
3
1
40
3
4
1
68
2
4
2
7
3
4
3
14
5
2
1
7
4
6
3
37
1
7
2
15
1
3
3
27
12
4
1
43
1
5
1
53
2
2
1
42
1
3
2
53
1
7
1
49
2
1
2
1
3
3
2
29
2
2
2
28
3
6
1
39
2
7
1
25
1
6
1
6
2
7
2
35
2
6
2
15
2
3
3
14
14
4
2
54
1
4
2
49
1
2
3
27
7
2
1
66
3
3
2
60
2
5
1
34
11
1
2
43
2
6
1
25
3
3
3
34
9
3
1
67
1
2
3
40
3
5
1
55
2
5
3
65
13
7
2
23
1
1
2
16
2
3
2
42
4
2
1
40
1
1
1
63
2
4
3
15
17
4
3
47
5
5
2
12
3
6
1
66
2
6
2
1
1
3
2
32
3
2
3
16
7
4
3
25
3
6
3
30
3
2
1
31
16
5
2
44
3
3
3
26
8
4
3
61
2
1
1
29
1
2
3
53
4
1
2
42
3
3
3
1
2
2
3
17
12
3
3
28
5
2
2
39
1
2
1
36
3
7
1
12
14
5
1
28
2
4
1
63
1
5
1
30
15
1
2
67
1
5
3
61
3
6
2
17
1
4
3
30
17
1
3
36
3
6
1
54
2
7
2
2
1
7
1
22
1
1
3
55
17
1
2
66
1
3
2
14
3
5
3
67
30
2
3
12
4
7
1
34
1
1
1
5
2
2
2
3
1
7
1
14
19
7
1
49
1
3
1
10
4
2
3
3
3
1
2
5
3
3
1
11
2
4
1
6
1
3
3
15
4
3
3
60
9
2
2
4
1
5
2
11
3
3
3
52
11
5
1
13
9
4
3
52
6
3
1
71
1
6
2
11
2
3
2
47
4
3
1
68
1
5
3
42
1
2
2
43
3
6
1
52
1
3
1
14
15
2
1
32
2
6
3
26
3
1
2
33
1
6
2
33
2
7
3
13
1
1
2
7
2
2
3
25
6
5
3
36
15
7
3
5
4
1
3
3
7
2
3
28
11
4
2
52
4
2
3
6
6
3
2
9
2
2
2
12
1
2
3
29
15
4
3
31
11
6
3
7
1
3
2
55
3
7
2
68
1
4
3
16
6
5
1
23
3
4
2
49
3
3
1
47
3
6
1
41
3
4
1
38
1
1
2
37
3
5
2
41
5
1
1
17
5
7
2
41
4
3
1
60
2
2
2
4
2
3
2
65
1
7
3
35
1
6
2
45
1
7
3
41
1
6
1
67
3
7
3
22
12
4
2
52
5
3
3
45
1
6
2
61
2
7
1
44
4
3
3
23
7
4
2
66
2
1
1
13
2
6
2
3
3
7
2
8
2
4
1
1
1
6
3
22
10
3
3
71
3
2
1
29
3
2
1
4
6
6
3
45
4
5
1
1
3
1
3
17
11
3
1
15
4
3
3
32
4
5
1
26
2
7
