1
55
1
3
1
32
5
6
3
39
10
2
2
7
3
5
1
60
2
1
1
2
7
3
3
36
14
5
3
30
27
2
2
8
2
6
2
1
2
1
3
40
3
3
1
15
4
4
1
39
3
3
2
65
1
4
3
60
7
2
2
42
2
2
2
63
2
6
3
1
9
1
2
29
2
2
1
5
1
2
3
66
8
6
3
43
7
7
2
32
2
4
3
12
2
2
1
65
2
3
1
30
1
3
1
71
1
3
3
6
5
2
3
4
12
2
2
49
4
1
2
31
4
3
2
38
4
4
1
47
2
2
2
71
2
5
1
26
3
5
1
33
2
1
2
28
1
7
1
12
15
7
2
37
2
2
3
2
9
1
3
28
9
2
3
35
6
2
3
68
9
7
1
61
1
4
2
4
2
3
2
2
2
3
2
52
4
6
1
34
6
5
3
5
5
6
3
2
4
1
3
16
7
4
2
15
3
7
1
66
3
7
2
10
3
4
2
15
2
3
2
25
2
7
1
23
2
3
2
41
2
4
2
35
3
7
1
27
1
7
3
7
1
5
1
44
2
5
3
37
10
6
3
39
9
6
3
15
10
6
3
53
8
5
2
2
1
3
3
17
16
5
2
14
1
6
2
16
2
6
2
26
1
7
2
6
2
2
2
54
1
2
3
31
20
4
2
1
1
7
3
52
10
7
2
42
4
2
3
32
3
4
1
18
3
5
3
40
6
1
3
27
1
6
1
54
1
5
2
27
2
6
2
23
2
7
3
38
8
2
1
39
1
5
2
33
3
7
3
67
37
1
1
2
3
3
3
16
2
6
1
60
1
5
2
10
1
6
1
14
4
6
2
39
2
3
1
54
2
4
2
38
5
1
2
29
1
4
3
55
13
6
2
44
3
4
2
43
5
3
1
15
2
3
1
36
1
6
1
31
11
2
3
13
7
3
3
9
7
3
1
28
3
5
2
40
3
2
2
28
2
2
3
32
7
1
3
63
5
3
3
66
6
7
3
41
3
5
3
14
14
3
1
49
1
2
3
15
5
1
3
5
3
5
3
63
7
1
1
17
14
3
2
26
3
1
1
47
1
1
1
34
8
1
3
18
3
2
2
18
2
1
1
53
1
4
1
18
13
1
3
45
1
4
2
14
2
6
2
32
4
6
2
35
2
7
1
68
2
7
3
17
11
5
3
55
4
2
1
45
1
4
1
37
2
1
2
54
2
3
2
36
2
1
2
47
3
2
3
8
12
4
3
11
14
5
1
22
2
7
1
38
3
4
3
1
4
2
1
40
2
1
2
44
5
5
3
18
14
7
3
41
2
3
2
25
1
7
3
35
2
3
1
14
6
1
2
49
3
4
1
22
1
5
3
45
6
5
3
65
11
6
3
4
5
3
1
63
2
3
3
6
6
2
2
22
2
2
2
60
3
3
2
31
3
4
3
60
21
3
2
5
1
1
3
44
2
3
2
22
1
7
3
29
18
1
1
52
1
2
2
37
1
5
3
10
25
7
2
71
3
1
3
33
22
1
2
55
1
7
1
35
2
3
1
23
1
2
1
17
6
2
1
35
3
7
2
27
1
4
3
71
2
1
2
18
1
4
2
13
3
5
2
60
4
7
3
9
26
2
3
3
7
3
3
8
4
2
2
33
2
2
3
54
2
4
1
36
2
3
1
16
2
5
3
37
4
3
1
9
14
4
1
43
3
4
3
27
13
2
1
7
11
2
1
4
2
1
3
38
9
7
2
66
1
2
3
67
10
7
1
1
3
1
2
36
5
6
2
5
2
3
1
10
7
4
3
23
12
6
1
12
3
4
2
41
5
4
3
49
6
7
3
65
17
2
2
66
3
4
3
49
5
5
3
22
1
2
3
22
7
5
1
27
3
3
1
52
2
5
2
11
3
2
3
26
2
2
3
42
2
5
3
47
5
5
1
4
5
4
1
40
1
6
2
43
2
2
1
33
5
6
1
16
4
5
1
6
2
1
1
7
8
1
1
41
2
6
2
12
1
6
3
12
3
1
2
63
3
1
2
9
3
7
2
9
1
3
3
52
13
2
2
53
3
3
2
6
3
3
1
67
3
7
1
29
1
5
3
54
1
5
3
43
2
5
1
6
1
3
2
34
1
4
2
65
3
2
1
32
7
2
3
13
1
5
1
10
8
4
2
3
1
5
3
44
6
2
3
71
3
1
2
4
1
1
2
67
2
3
1
11
10
7
3
7
4
6
2
16
3
3
1
61
2
5
1
37
1
7
3
26
5
3
1
13
8
4
2
47
2
3
1
8
6
3
2
45
3
5
3
14
7
1
2
61
2
5
1
29
2
6
1
26
2
2
1
53
2
5
1
43
1
2
2
30
2
7
3
34
6
4
3
25
3
5
2
7
2
3
1
25
1
6
3
30
11
4
3
3
8
4
3
61
11
1
1
11
2
5
1
3
5
3
1
9
7
5
2
30
3
1
3
47
7
1
1
28
1
4
1
55
2
2
2
13
2
2
3
61
6
3
1
49
2
7
2
68
1
1
3
33
3
5
1
13
1
5
3
34
4
1
2
39
3
5
3
23
9
3
1
42
1
4
1
31
18
2
1
30
15
6
2
11
2
4
1
65
1
7
2
23
3
3
2
61
1
6
1
63
1
4
2
8
3
4
2
45
4
6
2
3
3
1
1
5
2
6
1
38
1
5
1
3
10
3
3
68
15
6
1
45
2
2
3
11
5
4
1
41
3
3
2
17
1
6
2
68
3
7
1
1
1
1
1
67
2
4
2
40
4
1
3
29
5
1
1
71
3
2
3
28
14
3
3
31
1
1
3
53
3
5
1
25
3
3
2
12
2
3
2
53
1
5
2
34
2
4
1
44
1
7
1
66
1
2
1
42
2
4
3
10
13
4
2
67
1
1
1
8
1
3
1
68
3
4
2
52
6
5
2
55
3
2
3
36
13
2
3
25
8
4
3
42
1
2
2
17
3
7
