3
23
12
3
1
60
2
2
3
45
6
6
1
32
6
5
1
14
19
6
3
41
2
6
1
68
1
2
3
16
4
5
2
61
3
6
2
66
1
2
1
53
1
6
2
15
1
1
3
43
8
1
1
15
2
3
1
2
5
1
3
35
6
6
3
30
14
4
2
43
5
5
1
28
2
1
1
4
6
6
3
5
2
4
2
1
3
3
1
55
2
7
3
54
2
2
2
67
1
1
2
35
2
1
3
31
8
5
1
34
2
2
3
4
23
6
1
33
3
1
3
60
31
4
3
10
18
2
2
47
3
5
2
11
2
2
2
9
2
2
2
45
3
6
2
6
1
1
3
5
1
1
2
44
3
1
3
42
1
7
3
18
19
1
3
36
6
7
2
2
2
4
2
28
2
2
2
12
3
4
2
41
2
1
2
5
1
3
3
11
22
2
2
27
3
1
1
35
2
3
1
30
7
3
2
36
2
7
3
61
7
1
2
25
3
4
3
49
7
1
3
63
12
3
1
49
1
7
1
12
3
3
3
12
2
7
2
54
2
3
3
40
1
5
3
14
25
2
1
60
1
4
2
66
2
6
3
39
7
5
1
47
3
4
3
35
2
1
1
49
2
2
2
7
1
2
2
53
3
6
1
40
1
6
2
65
3
5
2
67
2
4
2
60
1
5
3
2
12
3
1
2
3
1
1
7
7
6
1
1
1
5
1
5
2
1
3
29
6
7
3
9
24
3
3
12
3
4
2
71
3
5
2
30
1
1
3
53
4
3
1
39
2
3
3
38
9
2
3
3
2
4
3
49
4
3
1
26
1
5
1
44
4
1
2
9
1
7
3
29
15
5
3
6
6
4
3
1
6
2
1
26
3
6
2
32
3
7
2
55
3
3
3
65
14
3
2
30
3
7
3
23
5
2
2
23
3
7
1
6
2
7
2
8
2
5
2
25
2
4
1
4
2
7
2
18
1
2
3
68
16
7
2
60
4
5
2
44
2
7
1
29
2
6
3
11
15
5
2
33
3
1
2
63
3
4
1
22
1
3
1
12
1
2
1
37
2
6
2
40
4
5
2
23
1
4
2
35
1
5
2
7
3
2
2
63
1
1
1
53
2
2
3
71
1
7
2
49
3
5
2
32
2
1
2
34
1
2
1
22
2
1
2
17
1
4
2
68
4
1
3
7
1
2
2
6
2
2
1
38
1
5
3
17
3
2
1
54
1
7
2
45
1
6
1
63
1
4
2
37
1
5
1
63
2
5
2
13
3
3
1
55
1
3
1
67
3
6
3
2
8
7
2
16
2
5
3
14
6
2
3
60
1
1
3
43
2
6
1
16
1
1
1
27
3
4
1
18
2
2
1
52
2
6
1
25
1
2
1
36
3
5
2
22
3
4
1
52
1
3
2
14
1
2
3
54
1
6
1
11
2
2
1
65
1
1
2
31
3
3
3
8
16
4
3
32
11
7
2
55
2
5
3
6
5
7
1
10
7
2
1
61
3
1
1
9
11
7
3
66
8
2
2
38
5
1
2
52
2
1
1
41
1
1
2
33
2
2
2
42
4
7
2
47
4
4
3
9
18
1
3
30
22
1
2
18
3
7
2
27
1
1
1
42
1
4
2
29
3
7
1
1
2
1
2
52
3
3
1
27
2
1
2
34
2
6
3
55
14
3
1
10
4
3
1
5
1
7
3
68
12
5
1
31
12
3
3
41
3
5
3
33
2
6
2
1
1
7
1
30
11
4
1
42
2
7
1
71
3
6
3
37
11
1
2
42
1
5
3
42
3
5
3
37
5
2
2
12
1
6
1
6
1
3
2
39
1
7
2
17
2
6
1
45
2
7
3
8
3
7
1
9
6
6
3
44
10
7
1
45
1
2
3
36
5
3
3
34
7
1
2
11
1
3
2
26
4
7
2
39
3
4
3
28
15
5
1
11
3
4
1
68
3
3
1
29
1
6
3
15
11
1
1
65
2
6
3
63
1
6
2
4
3
7
2
4
2
2
1
54
2
1
2
16
3
5
3
65
6
5
2
53
1
7
3
16
2
3
3
1
5
7
1
41
2
3
2
26
2
7
2
22
2
3
3
31
5
5
3
18
24
5
3
7
4
7
2
10
1
7
3
55
16
6
3
40
6
3
1
71
2
4
1
33
1
4
2
28
1
6
3
13
4
6
3
27
6
3
1
43
3
1
3
66
2
2
2
54
1
3
2
31
4
1
2
40
1
5
3
44
3
4
2
14
2
1
2
43
3
7
1
23
1
7
2
65
1
6
3
10
10
7
3
67
11
2
1
16
6
7
2
38
2
4
3
25
1
3
1
39
3
1
3
53
3
5
3
39
3
6
3
47
8
4
1
66
1
5
3
3
1
7
2
15
3
4
2
68
1
4
1
61
2
7
1
44
1
7
3
22
11
6
3
13
3
6
1
18
1
1
1
32
3
4
2
13
1
6
1
3
11
7
2
3
1
3
1
28
1
3
1
17
12
6
1
14
17
4
1
35
1
4
1
13
9
4
2
37
2
1
1
47
1
7
3
32
2
4
1
3
9
2
1
34
5
1
1
17
15
3
3
45
7
7
3
52
8
1
1
38
3
6
2
5
2
6
2
71
2
3
1
8
2
2
3
34
4
6
3
22
12
2
1
8
4
4
3
15
5
2
2
41
3
2
2
10
3
3
3
33
24
4
3
38
2
7
3
61
11
5
3
71
4
5
1
40
2
4
1
66
3
7
1
15
4
4
3
26
12
2
3
26
9
1
3
47
3
4
2
8
3
3
2
61
1
6
3
28
1
2
1
37
1
5
3
4
19
7
2
49
1
2
3
17
16
5
3
67
12
6
1
25
3
1
1
31
8
1
3
27
13
3
2
3
2
7
1
23
2
7
2
36
5
3
1
7
6
4
1
67
2
4
1
13
2
5
1
43
1
6
2
29
2
6
3
25
9
7
1
36
2
1
3
52
9
4
2
2
1
1
