2
63
1
1
3
1
5
5
3
42
3
4
2
44
4
3
1
43
1
3
3
67
18
2
2
16
3
1
1
29
2
1
3
38
10
5
3
15
7
2
3
23
9
3
2
66
2
7
3
34
6
3
1
17
1
5
2
47
4
2
1
67
1
7
2
13
2
1
2
14
2
4
1
27
3
4
1
28
2
6
3
10
8
5
2
35
3
4
3
41
1
2
3
52
10
1
3
27
15
1
3
30
5
6
2
2
1
2
3
40
2
3
1
65
1
7
3
71
3
5
3
28
11
7
2
38
5
1
3
68
15
7
2
28
1
6
1
32
3
7
2
10
1
6
1
32
1
7
3
61
9
1
2
26
3
6
3
32
10
2
1
7
1
5
3
4
27
3
2
29
3
5
3
18
24
1
2
6
1
6
2
32
2
3
2
61
2
7
1
23
3
4
3
12
2
7
1
10
3
1
3
9
16
2
1
54
3
7
1
6
1
1
1
14
16
4
1
33
1
7
3
5
4
6
1
67
3
1
1
39
3
1
3
44
2
1
3
45
2
2
3
55
11
5
2
71
3
7
3
17
3
6
2
25
2
6
3
16
3
7
2
43
4
1
2
68
2
6
1
47
2
1
3
13
6
5
1
1
3
5
2
67
1
2
2
11
3
7
1
6
2
3
1
27
1
5
1
7
7
7
2
5
2
1
1
68
1
2
3
66
1
7
2
5
1
1
2
34
2
2
2
52
3
1
1
40
3
1
1
26
2
4
2
31
1
3
3
54
2
7
3
16
7
7
3
60
28
5
3
65
1
6
1
29
1
4
1
55
1
7
2
36
4
4
2
12
1
7
1
31
2
4
1
41
2
5
1
18
6
1
1
30
7
1
3
35
1
6
2
53
1
4
2
35
2
6
2
60
2
6
3
18
2
3
3
23
6
3
1
53
2
7
1
36
3
7
3
14
4
2
1
8
1
6
2
37
1
3
2
27
2
7
2
9
1
6
2
18
4
3
2
40
4
4
2
71
2
4
2
7
1
2
3
35
6
7
1
10
8
4
1
63
2
7
1
1
1
3
3
27
11
3
3
54
1
5
2
2
3
6
3
10
18
6
3
5
3
7
3
43
1
1
2
37
3
2
1
8
9
7
2
12
2
1
2
4
2
6
1
36
2
4
3
11
9
1
1
22
2
6
2
30
2
7
1
60
1
1
2
41
2
2
2
29
2
4
3
30
26
2
1
28
1
6
2
34
3
3
3
7
2
1
1
55
2
5
2
27
3
2
3
1
1
1
1
2
1
1
3
7
3
2
1
45
1
5
1
12
6
3
1
15
2
4
2
55
1
6
3
41
3
6
1
60
2
2
1
42
2
4
2
42
4
3
2
28
2
3
3
22
5
6
2
52
2
2
3
15
3
1
1
37
1
3
3
6
1
4
3
36
12
2
1
16
2
2
1
66
2
2
2
22
2
4
2
65
2
5
3
49
5
5
1
42
1
5
3
28
2
7
3
12
1
7
2
42
2
2
1
38
2
3
1
52
2
1
1
4
2
5
1
9
9
2
1
34
5
5
1
49
2
1
3
47
2
5
3
8
13
2
3
11
23
4
1
14
14
1
1
2
5
2
3
65
20
1
1
15
4
5
2
55
2
1
3
3
10
5
2
10
3
4
2
39
2
2
2
54
2
4
1
5
1
3
3
43
5
7
3
61
8
1
3
53
7
6
3
49
2
3
3
39
9
4
2
1
2
2
3
3
8
4
1
40
1
7
1
13
3
4
2
14
1
2
3
29
2
6
1
22
1
2
1
52
3
1
2
9
3
4
3
71
2
2
3
33
18
1
2
30
3
1
2
15
1
4
1
12
16
7
1
54
2
7
3
31
6
1
2
3
2
7
3
25
3
4
1
53
1
5
2
65
4
7
1
25
1
5
3
22
9
4
1
37
2
4
2
39
1
2
2
32
4
2
2
60
4
2
1
4
8
5
1
18
1
6
1
44
3
3
2
66
1
3
2
25
1
7
3
68
14
5
2
33
3
6
2
8
1
4
3
2
5
5
2
45
1
6
2
26
4
6
1
31
16
7
3
8
17
7
3
17
2
1
1
30
14
1
1
66
1
2
3
63
7
4
3
37
3
2
2
36
3
7
1
34
1
7
1
9
1
4
1
5
2
3
1
38
1
7
1
13
9
3
2
4
3
3
1
63
1
6
2
16
1
5
3
47
6
1
3
33
8
7
1
45
2
2
1
35
2
6
3
25
1
5
1
11
12
1
2
23
3
5
3
9
31
2
2
49
4
3
2
40
1
2
1
3
9
6
3
2
9
4
2
23
1
7
1
47
1
5
1
23
1
4
3
6
6
5
3
40
3
4
3
4
19
5
2
54
1
6
2
17
2
3
2
49
2
1
1
61
3
3
2
11
2
5
2
45
3
3
2
63
2
2
1
17
3
2
3
39
8
4
1
11
2
7
3
44
7
6
2
47
3
6
1
71
2
4
1
39
1
4
1
68
3
1
2
38
1
6
3
37
6
4
2
41
1
6
2
61
3
5
2
13
3
7
2
68
4
4
3
45
1
2
3
26
11
4
3
66
3
4
2
33
1
5
2
15
2
3
3
36
5
2
3
63
5
6
3
55
10
2
3
14
1
5
3
32
7
4
1
44
4
3
3
52
9
5
2
43
2
6
3
67
32
5
1
61
1
4
2
3
3
1
3
13
9
7
1
41
1
6
3
34
10
2
3
29
15
3
1
16
7
5
1
49
1
6
3
42
2
2
2
31
5
1
1
71
1
4
1
3
8
2
1
26
3
5
1
35
4
5
1
65
2
7
2
17
3
2
2
6
3
1
3
31
13
2
2
44
1
4
2
22
1
5
3
60
15
6
1
33
8
7
3
26
7
3
2
1
3
6
2
8
3
3
2
53
3
6
3
53
3
4
3
38
5
5
2
7
2
4
2
18
3
7
2
67
2
1
1
43
3
7
1
25
2
3
