1
23
1
3
1
37
1
6
3
18
14
4
3
36
5
4
2
40
4
3
1
43
3
5
1
68
2
4
1
35
4
7
3
25
9
7
1
39
4
2
1
30
6
3
3
26
6
7
1
61
1
6
2
17
1
5
1
29
2
1
3
6
5
6
3
7
2
2
2
71
3
5
3
12
6
1
3
45
2
1
1
28
3
3
3
55
8
2
3
10
24
4
2
39
4
6
2
1
2
6
2
4
2
3
1
4
7
4
1
26
2
3
1
60
2
6
1
39
3
6
2
8
3
1
2
14
2
3
1
15
3
3
1
44
3
7
3
5
4
1
2
63
2
3
1
34
7
2
1
5
1
3
1
23
3
4
1
7
8
2
2
42
1
6
2
63
1
7
2
30
1
7
3
15
9
5
2
14
3
5
2
16
3
7
1
13
6
3
2
25
2
1
3
22
12
1
2
49
3
7
1
63
2
6
2
28
3
4
2
66
1
6
1
15
1
1
1
41
3
3
2
61
1
5
2
29
1
5
2
42
3
5
1
44
4
7
3
49
5
2
3
60
19
3
1
61
3
1
1
18
11
3
1
9
11
3
1
71
2
2
2
54
2
2
1
2
2
5
1
66
1
1
3
27
3
2
2
1
1
4
2
25
1
3
1
27
3
7
1
8
14
4
2
31
5
2
3
61
5
3
2
17
3
4
3
38
11
6
1
5
2
7
3
30
16
5
1
4
1
1
3
12
1
6
3
16
3
2
3
67
19
5
2
33
2
6
3
29
9
1
2
12
3
7
1
7
9
4
1
65
1
5
1
67
2
7
3
13
7
4
3
11
3
7
1
49
1
3
1
22
3
5
1
12
18
4
3
35
2
3
2
23
1
4
1
14
9
2
3
37
3
2
2
5
2
5
3
34
10
7
1
32
3
4
2
10
3
4
1
31
6
2
2
36
5
7
1
36
3
2
1
31
8
2
1
42
2
1
2
8
1
6
1
68
1
7
2
53
1
4
1
60
1
5
2
5
3
1
3
9
4
5
1
49
2
3
2
68
1
6
3
23
16
2
3
49
6
3
2
30
4
5
1
25
2
6
2
36
3
7
1
43
2
1
2
47
2
2
3
40
2
7
2
61
2
6
3
66
9
6
1
17
4
7
3
63
5
7
1
36
1
5
3
7
5
1
3
37
11
4
3
16
5
3
2
6
3
1
3
35
1
6
1
22
2
5
3
60
27
7
3
63
9
3
2
67
2
2
2
66
2
2
2
13
3
5
2
49
1
2
3
43
4
5
2
3
1
4
2
65
3
7
1
27
2
3
3
30
11
7
2
55
1
2
2
44
1
1
3
36
12
7
3
1
7
6
2
3
3
4
2
37
1
7
2
29
3
2
3
1
4
2
1
30
9
2
2
54
1
5
2
18
2
6
3
47
9
7
1
33
7
2
1
29
1
5
3
42
4
6
1
8
16
2
1
66
2
5
2
15
2
4
2
9
1
4
3
6
3
7
1
38
3
4
3
2
8
4
2
33
1
1
2
68
4
1
3
52
14
7
2
15
1
1
3
34
5
5
1
38
1
6
3
52
8
6
3
27
12
3
1
47
3
4
3
10
17
3
1
47
2
6
1
14
2
3
2
43
1
3
3
25
3
4
1
13
7
5
2
34
3
3
1
17
13
6
3
15
13
7
2
18
4
3
2
22
1
7
2
38
4
3
3
67
17
2
2
2
1
5
1
40
2
6
1
40
1
2
2
41
2
6
2
60
1
7
1
65
2
4
2
45
4
3
1
2
3
4
3
26
12
4
2
43
3
6
2
67
1
4
3
8
15
7
1
45
1
3
3
53
2
2
1
35
3
7
2
27
2
6
2
52
1
6
1
6
2
1
1
33
3
3
2
52
2
7
3
66
6
1
3
3
1
7
3
14
9
2
1
53
2
5
1
42
1
7
2
12
1
5
3
39
3
4
2
22
2
7
2
55
3
7
2
28
2
4
1
10
5
1
3
13
1
7
3
33
13
5
3
41
1
7
3
5
1
6
3
4
22
5
2
35
3
3
1
34
6
2
3
8
12
2
3
28
11
2
2
39
1
5
3
45
7
7
2
7
3
6
1
32
7
5
3
18
9
3
1
26
3
6
2
32
2
4
1
28
2
3
1
55
1
7
2
2
2
5
3
40
1
3
3
31
17
7
3
3
8
6
1
63
1
2
3
68
17
1
1
16
1
3
1
6
1
3
2
27
3
2
3
4
16
5
3
14
21
4
3
65
11
5
2
37
4
6
3
23
13
3
3
65
14
1
1
1
3
1
1
54
2
3
1
11
12
7
3
29
17
6
3
71
2
1
3
32
5
7
2
26
4
4
2
44
3
4
3
17
3
3
2
35
1
2
1
10
4
6
2
45
1
1
1
9
14
5
2
23
3
6
3
38
3
2
3
39
8
7
2
41
4
7
2
11
3
6
2
47
1
3
3
22
9
6
2
31
1
2
3
42
3
5
1
54
1
4
2
71
1
2
1
3
7
4
3
53
1
3
1
67
1
6
3
55
1
2
3
54
2
2
2
9
3
2
2
7
2
2
2
60
2
6
2
13
2
6
1
45
2
5
3
61
9
1
1
18
3
3
1
1
2
1
2
40
3
7
1
52
1
4
1
12
17
7
3
32
6
4
2
11
1
3
2
4
3
1
3
17
10
6
1
52
3
5
1
16
5
3
1
55
2
2
2
34
2
1
3
11
22
4
3
54
1
5
1
37
2
6
1
3
4
2
3
43
3
2
2
53
2
4
1
25
1
5
3
33
19
5
2
26
2
7
3
44
10
5
1
71
1
7
3
44
5
2
2
10
2
5
3
28
15
5
2
6
2
3
3
47
1
4
3
41
2
2
2
65
1
4
3
9
21
1
3
31
6
4
1
41
2
6
3
2
9
6
1
11
3
3
2
38
1
7
2
16
2
4
1
53
1
3
3
71
3
6
3
68
12
7
2
32
4
6
