1
18
2
1
3
52
9
1
3
1
2
5
1
5
2
6
3
61
10
2
3
65
9
6
2
32
2
3
1
45
2
1
1
45
1
7
2
66
3
5
2
17
2
1
1
5
1
1
2
53
2
2
3
29
7
3
1
23
3
5
1
28
1
6
3
2
2
2
1
52
1
3
3
65
7
5
1
49
1
1
1
2
5
3
3
6
6
6
3
8
2
6
3
36
5
5
1
44
2
1
2
7
1
4
1
41
3
1
1
39
3
4
1
33
2
7
1
37
1
2
2
52
5
6
1
8
16
1
1
27
1
6
2
71
2
2
1
1
2
6
3
41
2
3
1
61
2
6
2
17
1
3
2
1
1
2
3
55
3
3
3
68
13
5
1
9
1
6
1
67
1
1
2
23
2
2
3
11
2
5
1
8
4
4
2
37
2
4
2
11
1
1
1
42
1
6
2
37
3
7
2
15
2
2
1
7
5
1
2
38
3
2
3
23
17
3
2
3
3
6
1
28
3
4
1
36
1
1
1
63
1
6
1
71
1
3
1
11
7
1
1
27
2
5
1
17
10
4
2
41
1
1
1
65
1
4
3
60
6
4
1
13
7
2
2
52
6
5
2
7
3
7
2
38
2
5
3
67
38
6
1
6
1
4
2
34
3
1
2
36
1
4
2
35
2
7
3
6
3
4
2
68
3
5
1
16
6
6
1
10
2
6
2
40
2
1
2
8
2
4
1
65
2
6
3
30
4
2
3
22
11
1
1
66
1
4
1
32
1
1
1
41
2
7
2
35
1
4
1
47
1
7
1
3
2
6
3
68
17
6
2
53
1
7
2
63
2
6
3
12
1
3
2
28
3
5
1
18
5
4
3
44
8
2
1
31
14
3
3
28
10
3
1
42
2
1
3
10
20
2
1
47
3
2
2
11
3
4
3
34
3
1
1
39
2
7
2
14
1
2
3
9
24
6
3
47
4
1
2
54
2
4
3
4
12
4
3
14
15
1
1
31
2
6
1
52
3
2
3
61
2
1
1
13
1
4
1
35
2
6
3
9
23
4
2
67
2
5
1
36
2
2
3
66
9
6
3
10
6
6
1
55
1
3
3
17
1
1
2
29
2
6
3
60
22
2
3
16
6
2
1
61
1
6
3
16
1
4
2
63
3
1
3
27
8
5
3
71
2
4
1
12
2
6
3
39
3
2
3
39
2
1
2
67
1
4
1
44
1
2
3
12
4
5
2
28
2
4
2
16
3
2
2
34
1
3
3
18
11
6
2
31
1
4
3
15
10
5
1
60
2
4
2
71
1
6
1
68
3
7
3
53
8
2
1
68
1
5
2
6
3
2
1
9
9
1
1
3
1
2
3
11
25
4
1
22
1
6
1
40
1
3
3
36
6
2
1
29
2
5
1
22
3
2
2
22
2
7
1
11
1
4
3
26
9
4
1
49
2
2
2
12
1
2
3
37
3
7
2
22
3
4
2
68
4
3
1
67
3
1
2
61
1
2
3
17
12
4
3
45
4
6
2
47
3
1
3
67
26
6
1
6
2
4
3
32
4
2
3
23
12
5
1
1
1
5
2
61
2
6
2
27
3
2
2
43
3
7
2
8
3
6
1
32
2
4
2
40
1
5
1
66
3
4
2
9
2
7
1
38
3
7
3
22
5
5
1
12
7
2
1
2
7
5
2
29
3
2
1
54
3
3
2
23
3
3
1
15
3
4
3
42
2
2
3
35
6
2
3
1
4
7
2
26
2
5
3
7
4
7
3
47
1
4
2
4
2
6
3
43
8
2
1
30
7
6
1
43
3
7
2
18
4
7
2
65
4
1
3
32
6
7
1
7
10
7
2
25
1
3
3
2
1
3
2
55
3
2
2
39
4
5
3
14
24
2
1
37
2
6
2
44
1
5
3
26
7
2
3
28
6
3
3
54
1
2
3
15
7
7
2
10
2
2
1
60
1
7
2
1
3
2
2
3
1
3
3
7
5
3
2
2
2
2
2
31
3
5
1
23
1
1
1
54
2
3
1
33
3
2
3
31
9
3
2
6
1
2
3
35
5
4
1
25
2
7
3
30
1
3
3
33
18
3
2
27
1
6
3
40
5
3
3
3
8
2
2
33
2
4
1
4
6
1
1
38
2
7
1
14
16
4
1
17
5
3
3
63
12
6
2
16
2
6
2
44
4
4
2
42
1
1
3
41
1
2
3
29
18
3
1
26
3
5
3
53
6
6
1
53
1
7
3
4
8
3
2
2
1
2
3
25
9
7
1
34
6
4
2
25
2
6
2
45
3
3
1
34
2
3
1
29
3
1
3
45
5
2
2
60
1
6
2
14
2
1
2
49
1
6
1
14
15
5
3
34
9
2
3
37
1
7
2
30
2
5
1
16
5
6
3
42
4
2
2
36
3
7
2
10
3
6
2
55
2
1
2
9
3
2
3
55
9
1
2
47
2
1
1
30
19
7
2
12
2
7
2
66
2
1
1
40
3
6
2
33
3
6
1
26
1
5
1
55
2
7
3
25
7
1
2
15
3
1
3
5
4
4
1
4
2
2
2
42
3
2
2
5
1
1
2
26
1
1
3
27
2
4
2
5
2
7
2
13
2
7
2
49
3
6
3
31
6
7
1
53
2
6
3
52
4
3
3
54
2
1
3
13
9
3
3
66
7
6
2
41
2
4
2
13
3
6
3
40
6
4
1
63
2
5
1
43
1
1
1
15
4
5
2
45
4
7
2
30
3
5
3
38
9
2
3
13
4
1
1
71
2
6
3
63
6
7
3
43
1
4
3
8
13
6
1
25
3
5
3
38
11
4
2
4
3
3
2
54
1
7
2
43
2
1
2
32
1
1
3
5
3
5
1
10
8
5
3
71
4
7
2
65
1
5
3
33
19
5
3
3
6
6
2
60
4
5
2
18
3
6
3
44
5
5
3
18
18
1
1
35
3
1
2
39
3
7
3
49
4
4
3
49
2
5
