1
16
2
7
2
45
3
1
2
49
1
5
3
18
25
6
3
55
8
3
3
37
2
1
3
28
14
2
3
71
4
6
1
34
4
2
3
68
17
7
1
13
6
4
1
25
1
6
2
30
5
4
2
1
2
4
2
53
2
2
3
29
1
7
3
17
7
7
1
68
3
1
3
66
6
2
3
1
7
6
2
43
4
2
1
2
4
3
3
41
4
6
1
45
2
5
2
2
3
5
2
71
2
7
1
65
1
1
2
27
1
1
1
1
2
7
3
14
13
5
3
40
2
1
2
39
3
7
1
5
1
1
3
65
6
6
3
45
6
3
1
41
3
3
2
26
2
5
1
52
2
7
3
49
8
4
1
40
2
2
3
17
3
7
3
16
3
1
2
68
2
6
3
53
2
2
1
42
2
3
3
71
3
7
3
15
10
1
3
61
6
1
3
55
10
6
3
32
8
5
1
33
8
1
3
33
19
6
1
4
3
3
3
34
2
1
3
26
6
4
1
30
20
7
1
32
7
4
1
54
2
7
3
4
20
4
2
42
4
7
3
65
17
3
3
9
12
5
3
8
13
2
2
7
1
6
3
44
2
5
1
11
4
1
2
26
1
7
3
23
18
7
3
25
3
1
3
6
4
3
2
6
2
3
1
60
1
1
3
3
4
5
1
43
1
2
1
53
1
5
1
44
3
5
2
22
1
6
3
45
1
2
2
42
1
2
1
27
3
4
2
47
2
1
3
9
31
5
3
8
4
6
3
1
2
2
2
18
4
2
1
32
5
6
2
41
5
7
2
15
1
4
3
31
21
2
1
63
2
5
3
60
17
4
2
37
4
2
2
60
2
5
1
22
2
5
1
66
2
3
2
61
2
5
3
61
3
7
3
52
9
7
2
8
2
7
3
26
7
7
2
1
1
6
1
9
3
6
3
43
4
5
3
2
8
4
3
33
7
7
3
66
9
7
3
5
2
7
2
3
3
2
2
33
1
6
3
42
2
4
2
12
3
4
1
8
6
3
3
11
25
7
2
34
2
2
2
68
1
5
3
12
1
2
3
25
4
3
1
33
2
1
3
44
4
2
1
54
3
7
2
63
2
1
2
28
3
2
2
55
3
5
2
16
3
1
1
1
1
7
3
23
4
2
3
5
1
2
1
42
1
4
1
52
1
7
2
45
1
2
3
12
2
4
2
52
3
5
1
10
5
5
1
63
1
4
1
68
2
4
3
3
1
7
1
3
5
5
3
10
16
2
3
22
10
4
3
68
9
5
3
31
14
2
2
47
4
7
3
63
11
4
1
67
3
6
2
33
2
6
3
16
5
2
3
38
8
7
1
30
7
2
2
36
1
3
2
34
1
5
3
2
7
1
1
10
3
4
3
13
9
4
1
6
2
7
2
11
2
6
3
67
35
1
3
15
17
4
2
2
2
5
1
65
2
4
3
7
3
1
2
43
3
1
1
12
11
5
2
32
1
2
1
12
6
3
2
39
1
1
2
36
5
5
2
65
4
2
3
4
16
3
1
40
3
4
2
23
2
4
2
40
4
7
1
41
2
7
2
53
3
2
1
39
4
3
1
27
2
3
1
61
2
6
3
36
5
7
1
29
3
5
2
10
3
2
3
39
6
1
2
8
1
4
3
18
1
5
2
55
2
7
1
13
2
7
2
66
1
5
1
67
2
5
2
4
2
5
2
13
2
6
2
49
4
4
1
53
2
5
2
63
1
3
2
31
1
5
2
13
3
7
1
71
1
2
2
40
1
2
2
35
1
1
1
66
3
4
2
67
1
6
2
38
3
1
1
47
2
3
1
9
9
1
2
25
3
6
3
47
10
3
1
2
6
4
2
37
1
5
1
18
11
4
1
60
2
4
3
29
10
1
3
22
7
3
1
18
12
4
1
8
7
4
1
37
2
5
2
11
1
3
3
43
6
4
2
16
1
1
1
25
3
7
1
55
2
3
1
34
1
4
2
61
1
2
2
3
1
1
1
39
1
6
2
5
3
6
2
17
3
5
1
45
1
4
3
36
11
6
1
15
5
7
3
47
6
7
1
36
1
4
1
71
2
2
1
31
5
6
2
28
1
1
1
3
9
4
1
5
2
6
2
52
6
3
1
47
1
1
2
25
1
1
2
14
2
3
1
14
16
4
2
23
1
6
3
6
3
2
1
61
3
4
3
35
1
3
2
15
3
4
3
41
2
2
1
35
3
2
1
16
3
2
3
30
24
1
1
49
2
2
3
42
1
4
1
43
3
4
3
10
15
7
2
31
5
1
2
66
3
6
3
40
6
1
3
37
5
7
1
7
10
6
2
14
1
2
1
49
1
6
1
6
1
2
1
17
14
5
1
17
11
3
2
30
2
5
2
44
3
1
1
26
2
7
1
35
1
3
2
10
2
6
3
49
2
6
1
38
3
6
1
11
2
4
2
27
2
4
1
22
1
5
2
7
2
5
1
38
2
4
3
54
1
5
2
35
3
4
1
37
1
7
2
54
1
4
1
7
3
5
1
23
2
1
2
18
3
2
1
28
3
6
3
39
7
4
2
5
1
7
3
38
1
1
2
29
2
2
2
17
2
7
3
28
12
1
3
13
6
5
1
44
4
6
3
54
2
4
3
60
18
2
3
27
4
4
1
4
2
4
2
29
3
2
2
22
2
3
1
28
1
3
2
44
4
7
2
6
1
1
3
14
4
1
1
36
3
6
2
9
3
1
1
55
1
3
3
34
10
6
1
29
1
1
3
53
4
7
2
60
1
2
1
14
20
2
3
27
3
3
3
11
26
6
1
26
3
6
2
38
5
5
1
23
3
7
3
35
3
3
3
30
21
3
2
71
3
1
2
32
3
1
2
65
2
5
3
7
1
5
3
67
16
1
2
9
2
4
3
32
1
6
1
15
2
4
2
4
3
5
1
31
13
6
2
67
2
1
2
54
2
1
3
52
4
7
2
41
3
5
2
12
2
1
3
63
8
4
