1
10
2
7
3
6
5
6
3
9
17
4
2
66
1
4
3
43
3
5
3
11
23
3
1
44
2
2
1
14
5
3
1
28
2
3
3
14
20
5
3
65
12
7
2
31
5
5
3
66
2
1
2
63
3
6
1
39
1
5
3
3
1
5
1
43
1
4
2
65
3
3
2
33
2
7
3
29
19
5
1
30
17
5
2
32
2
3
1
53
2
1
2
16
3
7
2
4
1
5
1
52
2
4
3
16
2
6
3
49
4
3
2
63
1
2
1
6
2
5
3
40
5
3
2
27
2
1
2
16
2
6
1
34
7
4
3
47
5
1
1
63
1
1
2
37
2
3
1
7
9
3
1
38
2
2
3
68
2
7
1
1
2
7
2
45
3
3
1
42
1
7
1
41
3
5
2
67
1
6
1
26
3
2
3
25
3
6
3
54
1
6
1
33
7
2
3
36
15
2
1
29
1
3
1
18
8
3
2
42
1
7
1
2
2
3
2
1
1
2
2
7
2
4
3
49
3
6
2
65
4
3
1
5
2
2
1
22
1
1
3
33
9
5
3
61
10
2
3
67
18
4
2
55
2
5
3
63
9
4
2
23
1
6
1
8
5
3
1
68
3
3
3
60
18
5
2
39
4
3
3
40
4
1
1
16
7
5
3
43
7
3
3
3
8
2
2
11
1
6
1
25
2
4
2
4
2
4
3
27
10
2
2
61
2
3
2
11
3
1
1
12
9
3
1
29
2
1
1
26
1
2
2
3
1
2
1
12
13
1
3
5
2
1
3
23
3
1
1
60
1
1
1
14
19
5
2
41
1
7
1
3
3
7
2
5
3
1
3
44
2
5
2
25
2
4
2
22
2
2
2
30
3
6
3
63
11
2
1
8
3
1
3
1
2
5
2
26
3
2
3
71
3
1
3
47
1
4
2
8
2
5
2
8
3
1
3
28
2
2
3
31
30
3
1
54
1
4
3
12
5
6
3
55
13
1
3
7
3
5
3
30
26
2
1
1
3
5
3
25
1
2
3
52
15
3
1
65
2
7
3
11
15
3
2
33
3
1
3
38
12
4
2
18
3
3
2
60
1
1
1
28
3
1
3
30
1
4
1
34
10
3
2
17
1
7
2
71
1
2
2
54
1
5
2
55
3
2
3
8
16
1
1
17
5
4
3
67
7
5
1
45
2
7
3
10
14
1
3
37
5
5
3
16
7
1
2
49
1
1
2
15
1
2
2
36
3
3
1
15
3
5
1
71
3
6
3
34
5
7
1
2
6
6
2
67
2
5
1
16
2
1
3
65
1
3
1
10
7
6
2
14
2
4
2
15
2
6
1
60
2
2
2
49
4
4
2
68
4
5
3
22
5
2
2
54
2
5
3
8
4
5
1
17
15
1
1
37
2
1
2
34
1
3
1
49
2
3
3
13
4
4
1
25
3
4
3
71
1
5
3
44
1
4
1
61
1
5
2
7
3
7
2
5
2
3
2
40
4
3
3
32
4
3
2
38
4
1
2
13
1
1
3
4
22
3
1
11
11
7
1
9
2
3
1
7
10
7
3
42
3
7
2
34
3
1
2
29
3
3
2
10
2
2
3
15
3
2
1
23
1
6
1
32
6
4
3
41
4
4
3
39
3
1
3
66
8
3
2
6
1
7
3
55
14
1
1
37
1
6
2
38
1
6
2
28
1
7
2
42
4
3
2
6
2
3
2
10
1
4
1
22
3
3
3
5
4
7
1
65
1
2
3
35
7
2
2
3
2
2
1
49
1
7
1
35
1
2
1
52
3
7
2
52
4
3
3
10
11
6
1
55
2
3
3
31
26
3
2
66
2
5
3
38
7
5
3
15
9
3
3
18
9
7
2
37
4
7
3
33
19
4
1
66
1
3
2
35
3
4
3
61
5
4
3
37
7
4
2
30
4
2
2
31
2
6
2
13
3
1
2
44
1
4
3
26
3
1
1
6
1
1
3
28
6
5
1
53
1
7
3
4
14
4
3
41
3
4
3
45
1
5
2
71
2
2
3
14
9
3
2
25
3
2
2
32
4
3
3
54
2
5
3
7
5
5
2
68
1
5
2
52
2
6
1
40
3
5
2
35
2
7
1
31
7
7
1
71
2
1
1
55
1
7
1
11
7
3
2
2
3
3
2
47
2
5
2
2
1
4
2
39
3
1
2
47
4
7
2
43
1
7
1
47
1
3
2
12
1
4
2
44
4
2
1
4
4
3
3
17
14
1
3
53
6
2
2
17
3
5
3
26
7
1
3
1
3
1
3
13
2
5
3
45
5
6
2
53
3
2
1
23
3
5
2
9
2
2
3
6
4
3
3
53
7
4
3
2
7
6
1
38
1
5
2
18
1
6
1
27
2
4
3
12
2
4
3
22
1
6
2
60
4
3
3
68
8
7
2
27
1
7
1
68
2
1
3
42
1
6
1
66
3
5
1
9
8
5
3
52
6
4
2
9
3
7
1
3
6
3
1
54
3
4
2
26
1
1
1
44
4
5
2
29
1
3
2
53
2
6
1
36
2
7
1
18
5
7
1
35
2
5
1
13
4
4
1
67
2
5
3
27
4
5
3
39
2
3
1
42
2
7
1
41
1
7
2
43
5
3
1
67
1
1
1
15
1
7
1
43
2
5
2
12
3
6
1
33
3
1
1
4
2
6
2
23
2
6
1
39
4
7
1
27
1
5
3
60
1
4
2
1
2
3
1
47
3
4
1
30
5
7
3
17
16
5
3
23
10
2
1
32
7
2
3
36
5
7
2
61
3
7
3
2
10
4
1
5
1
1
2
36
2
7
1
13
5
1
2
40
2
5
3
32
6
3
3
9
25
5
2
14
3
4
2
45
2
2
1
40
1
7
1
63
2
5
2
28
2
7
1
61
2
4
1
36
1
4
3
18
18
7
2
41
2
4
1
45
1
2
2
22
3
4
1
31
12
7
3
34
1
3
3
29
1
1
3
35
5
6
