2
47
4
1
3
28
13
6
2
9
3
2
2
30
1
4
3
12
6
7
3
16
3
4
2
54
2
5
3
65
20
3
2
49
4
5
2
23
3
5
3
9
7
6
1
49
2
3
1
31
15
6
1
4
4
5
2
6
1
7
1
71
2
7
1
54
2
3
2
12
3
1
2
9
2
7
2
11
3
3
2
26
4
7
3
26
12
5
2
45
4
6
3
29
3
2
2
7
3
5
1
63
1
7
3
2
5
4
1
61
3
1
2
63
3
7
1
41
1
4
1
31
5
2
1
60
1
2
3
49
1
2
2
65
3
3
3
43
7
5
3
40
5
5
2
18
2
2
3
71
5
7
1
36
1
5
3
10
23
2
2
68
3
1
1
66
3
6
1
42
1
2
2
1
3
4
3
42
1
3
2
12
1
7
2
54
1
3
3
27
4
2
2
43
5
2
2
8
1
2
3
4
18
4
3
14
4
1
3
55
9
2
3
13
4
3
1
26
1
7
3
32
5
3
2
31
2
4
1
36
2
7
3
22
2
7
3
23
12
2
3
28
7
2
3
52
1
2
2
61
1
3
3
11
13
6
3
71
1
4
2
5
3
1
1
41
3
4
3
17
16
6
1
12
15
3
1
9
13
4
1
52
1
6
1
60
2
6
1
52
3
1
2
41
5
7
1
10
3
3
3
53
2
6
2
33
3
2
1
7
7
4
2
60
1
6
2
29
3
7
3
60
12
4
2
1
2
5
1
47
1
4
1
39
1
5
2
6
3
3
3
30
16
4
2
15
2
3
1
27
2
1
3
34
9
1
2
16
3
3
1
8
15
6
2
16
2
3
2
32
1
4
3
10
9
7
1
43
1
6
1
1
2
6
2
27
1
3
3
63
12
3
1
40
2
5
3
45
7
7
1
53
2
5
3
31
29
1
3
18
25
5
2
67
1
1
2
11
2
4
1
49
1
3
3
55
3
7
3
49
3
2
3
7
1
7
1
28
3
7
1
28
1
3
3
41
4
1
2
17
2
6
1
55
2
6
3
1
9
5
1
9
7
1
1
61
2
5
3
5
1
1
1
22
1
1
2
25
2
2
1
13
3
3
3
3
8
1
2
17
1
3
1
44
3
4
3
45
3
7
2
13
3
6
3
23
6
4
2
44
4
3
3
54
2
6
2
39
3
2
1
34
1
3
1
2
1
2
3
17
4
6
2
55
1
2
1
16
7
3
2
36
5
1
2
32
2
5
2
66
1
5
3
37
5
3
3
8
3
7
1
45
1
2
1
18
14
6
2
38
2
5
3
36
1
6
1
14
21
5
1
65
2
3
3
66
3
5
1
37
2
3
3
35
2
7
1
15
1
4
1
44
2
5
3
9
22
6
3
25
4
4
2
7
2
3
3
38
3
6
1
17
7
3
3
40
2
5
1
13
1
4
3
15
9
7
2
3
3
5
3
66
1
4
2
49
3
7
3
65
7
6
3
14
16
6
1
6
1
2
1
35
3
2
1
53
1
7
3
33
2
2
2
61
3
4
2
55
2
7
2
53
3
4
1
6
2
6
2
40
1
5
3
39
8
4
3
25
2
1
2
65
4
1
2
36
2
5
3
6
5
4
2
39
2
6
2
71
2
2
1
68
3
1
1
39
3
6
1
68
1
4
3
30
14
5
2
66
2
4
3
68
4
6
1
33
4
6
1
11
1
4
2
63
2
5
3
47
9
3
1
38
2
3
2
41
2
7
2
31
4
5
3
68
16
4
1
25
2
5
2
10
1
5
1
12
12
6
3
4
28
2
1
27
3
6
3
67
10
1
1
45
2
7
2
22
1
1
2
42
2
6
2
22
2
6
1
16
6
4
1
23
1
2
2
60
3
6
2
14
2
7
1
2
3
6
3
42
4
7
2
44
5
2
2
18
3
3
1
54
1
1
2
67
2
3
2
47
2
3
3
8
19
3
2
23
1
5
1
42
2
7
1
11
8
1
1
10
1
5
3
13
2
1
3
15
7
1
2
3
2
4
3
16
6
2
2
2
2
3
3
27
9
2
2
71
3
1
2
42
3
1
3
35
8
2
1
38
3
2
1
15
4
5
3
38
5
1
1
67
3
4
3
60
31
4
3
39
6
4
2
26
1
4
1
3
5
1
3
29
11
6
3
12
1
5
2
34
1
5
1
55
1
3
3
11
11
5
2
15
1
1
1
67
2
6
3
37
8
1
2
43
3
4
1
4
3
1
1
22
2
1
2
38
1
2
1
29
3
3
2
33
2
5
2
27
3
3
2
28
1
4
3
43
1
3
1
8
9
6
2
45
3
7
1
47
3
4
1
32
4
3
1
29
1
4
1
37
1
5
1
32
5
6
2
35
2
3
3
54
1
3
1
7
8
4
1
35
4
7
1
26
2
4
3
26
2
6
3
33
21
1
3
34
1
7
3
47
4
7
1
71
1
6
3
41
2
5
1
1
1
5
1
18
5
1
1
23
3
3
1
66
1
4
3
2
3
5
2
2
1
5
1
33
2
5
3
61
6
1
2
37
4
2
3
36
11
3
3
63
3
2
1
34
10
6
3
61
7
2
2
53
2
1
2
5
1
3
1
40
3
6
2
10
2
6
1
43
3
3
3
22
7
5
3
3
3
7
2
37
1
3
2
52
1
3
2
4
1
2
3
67
38
6
3
31
25
5
1
17
3
5
2
34
2
1
2
52
5
2
2
68
4
7
2
35
1
6
1
30
10
7
3
18
5
2
1
3
8
1
1
14
15
1
2
30
4
5
2
8
3
2
3
53
7
1
3
5
2
6
2
28
3
4
1
65
1
3
1
5
2
3
3
7
4
7
3
52
15
6
1
25
3
2
3
44
2
7
3
44
3
5
3
6
1
4
2
25
1
7
2
29
2
3
2
14
3
2
1
5
1
4
1
63
2
1
2
40
2
7
1
30
16
7
3
32
10
1
2
13
1
7
3
1
1
3
2
4
2
2
