2
18
4
7
1
2
4
7
1
13
4
3
1
26
3
3
1
34
6
1
3
65
7
2
2
63
3
5
2
9
3
7
1
7
7
5
3
10
22
1
1
55
1
4
3
26
6
1
1
61
2
3
1
49
1
5
1
9
7
1
3
67
20
2
2
1
1
3
1
38
1
6
2
60
1
5
2
30
5
2
3
40
3
1
1
68
2
3
2
26
4
4
1
3
4
1
3
35
6
4
3
44
7
5
1
40
3
1
2
25
2
3
3
31
20
6
3
60
23
6
2
36
5
5
3
36
9
5
2
4
3
6
1
5
2
3
3
23
11
6
1
53
1
2
2
31
1
5
3
68
9
7
1
11
7
1
2
18
3
2
1
7
1
7
1
38
3
4
1
67
3
2
2
14
3
4
1
41
1
7
3
3
10
6
2
39
3
6
1
53
2
4
1
31
16
5
3
32
7
7
2
5
3
6
1
11
5
1
1
36
2
1
3
33
22
1
1
1
3
3
1
47
1
2
1
15
4
4
2
3
3
5
3
2
11
4
3
40
4
4
1
27
1
4
3
63
7
7
3
17
9
7
3
33
13
6
2
71
2
6
3
63
5
5
2
47
4
1
1
55
2
3
2
2
1
2
1
12
10
5
3
4
24
7
2
54
1
1
1
2
3
1
3
14
7
2
3
55
1
7
2
39
2
7
1
37
1
1
3
30
15
2
2
40
4
6
2
22
1
2
1
17
4
5
3
13
4
1
3
49
3
1
3
4
8
2
3
10
21
2
1
71
1
3
1
15
3
5
3
68
17
5
1
52
2
7
2
49
2
1
2
32
3
2
1
66
2
5
1
14
12
2
1
32
4
4
3
47
5
7
1
22
2
4
3
38
5
7
2
17
2
6
2
66
3
2
1
12
16
3
1
32
1
5
1
34
10
1
1
16
5
4
3
14
1
3
2
34
3
1
3
49
6
6
3
47
6
2
2
52
4
4
1
26
1
3
1
63
1
7
1
37
2
5
1
67
1
7
2
28
1
7
3
55
2
4
3
7
1
6
2
54
2
2
1
39
3
6
3
45
6
6
3
28
11
2
2
13
1
1
1
68
1
5
1
23
3
6
1
4
7
3
2
42
4
6
1
65
2
2
1
45
1
5
3
53
3
2
3
17
16
1
1
39
1
6
1
54
2
3
2
6
2
2
1
8
7
3
2
44
1
7
3
15
1
5
2
3
1
2
1
25
2
2
3
1
5
4
2
47
3
4
2
7
2
2
3
60
22
1
1
44
4
1
3
41
4
6
2
4
2
1
2
5
2
6
3
42
1
4
3
54
2
4
2
33
2
4
2
53
2
2
3
42
2
1
2
61
3
6
3
27
2
6
3
6
5
4
3
43
1
5
3
12
2
1
3
65
1
6
3
15
10
7
2
32
2
4
3
9
12
6
1
66
3
2
3
29
7
2
1
49
2
2
3
18
5
3
1
4
3
4
3
45
3
2
2
38
5
4
2
35
1
5
3
7
2
4
1
18
5
1
3
53
8
5
3
16
7
7
3
54
1
1
2
22
2
7
2
65
1
7
3
38
10
5
2
43
3
4
1
30
11
2
1
45
2
7
1
18
2
2
2
6
1
2
2
67
1
2
2
41
4
4
2
25
3
2
3
66
4
6
2
8
2
2
3
26
1
5
1
60
2
7
3
36
8
2
2
23
2
6
1
44
2
5
1
10
8
7
2
31
5
6
3
67
18
7
1
40
1
5
1
13
5
7
2
33
3
6
3
71
5
3
3
22
4
5
3
37
8
3
1
14
4
2
2
10
3
1
3
18
6
2
2
53
3
2
3
52
13
1
2
71
1
1
1
35
1
5
3
8
3
5
2
16
2
5
1
28
2
7
2
9
1
7
2
67
2
7
3
31
28
5
2
15
2
1
3
37
9
6
2
27
2
6
1
28
3
4
1
5
1
4
2
36
1
2
2
38
2
3
3
5
4
2
2
68
2
7
2
43
1
2
2
65
2
6
2
11
3
2
3
6
1
5
1
36
3
2
2
45
3
6
2
44
5
6
3
43
2
7
2
35
2
1
1
17
13
4
1
60
1
5
2
28
3
1
3
9
27
7
1
31
13
5
3
27
13
5
3
34
3
6
1
8
5
2
3
30
21
6
3
71
3
2
2
29
3
1
3
3
3
4
3
8
18
5
2
7
1
5
1
61
3
4
1
33
5
5
3
44
4
5
2
29
2
2
3
35
4
5
3
41
1
6
2
61
1
6
1
16
1
4
3
66
5
3
1
6
1
5
3
22
1
4
1
1
1
1
2
26
3
7
1
63
2
7
1
54
1
1
3
39
4
5
3
25
5
5
2
41
1
1
3
39
9
5
2
34
1
6
1
42
1
3
2
45
4
5
2
10
2
6
3
1
3
3
1
52
3
3
2
37
4
2
1
6
2
4
3
13
3
3
2
68
3
6
1
43
2
1
2
63
1
1
1
47
3
3
3
11
14
5
2
23
1
2
2
55
1
2
1
10
6
6
2
60
4
6
2
52
2
1
3
28
1
1
1
65
1
6
2
40
1
4
2
66
1
5
1
3
5
1
2
37
1
3
2
13
2
6
2
1
3
5
2
30
4
6
1
27
3
3
3
2
3
7
3
5
2
1
1
23
1
7
2
8
3
7
3
16
6
3
1
25
3
6
1
42
2
7
3
61
3
7
3
34
1
7
3
11
18
7
1
35
3
7
1
30
2
2
1
43
3
2
1
33
2
2
2
12
2
3
3
61
6
3
3
52
4
6
3
32
4
3
2
17
3
5
3
12
1
3
2
14
2
7
1
29
3
2
1
71
2
6
1
9
5
2
3
25
6
7
2
16
3
3
2
42
1
1
3
29
18
5
1
29
1
1
2
55
2
5
2
11
2
6
2
12
1
2
2
49
3
1
2
2
3
1
3
23
13
2
1
41
3
7
2
15
1
2
2
27
3
7
1
22
1
5
