3
1
2
3
3
7
5
6
1
17
6
1
1
32
1
1
3
53
4
3
1
1
2
1
1
39
4
6
3
12
1
1
3
65
8
4
3
14
16
4
2
44
5
1
3
9
7
2
2
13
3
2
1
35
3
2
2
55
1
7
3
8
2
2
2
30
5
6
2
65
3
6
1
53
2
5
3
5
3
5
3
13
5
4
3
63
2
2
3
68
15
2
2
14
3
1
1
15
1
1
3
47
7
1
3
41
4
3
3
7
2
3
1
38
3
7
2
22
1
5
1
29
1
4
2
29
2
2
3
54
2
1
1
26
3
3
2
18
1
3
1
60
2
6
3
33
21
3
2
68
4
6
2
34
3
2
2
41
3
4
3
6
3
7
2
12
2
4
2
10
1
6
1
36
2
4
3
11
20
6
1
30
6
1
3
30
24
5
2
4
2
7
1
63
2
2
2
63
2
3
1
43
3
4
3
23
4
2
2
60
1
5
2
35
3
6
1
55
1
4
3
37
9
4
1
25
2
3
1
9
11
2
1
28
1
1
3
22
7
3
1
23
3
7
2
3
2
3
2
5
2
5
3
45
4
4
3
65
18
5
3
52
1
5
3
28
1
3
2
63
1
4
3
12
4
5
2
36
3
1
2
28
1
5
1
61
2
2
3
17
10
7
3
32
4
2
2
68
3
7
1
34
11
6
1
17
4
5
2
49
2
4
1
40
3
1
2
8
3
3
3
68
17
3
3
13
2
2
1
44
3
7
1
47
2
7
2
26
3
3
1
65
2
4
1
43
2
7
2
8
2
2
2
71
1
7
1
63
1
5
1
23
1
2
3
4
28
1
3
34
6
2
1
36
1
6
1
52
1
1
3
71
5
5
2
22
3
5
1
31
7
1
1
13
9
4
1
25
3
5
2
65
1
6
3
66
5
5
3
60
16
3
1
16
2
1
2
61
3
4
1
67
3
4
2
43
3
2
1
33
6
3
3
38
4
3
2
15
3
6
1
35
1
6
1
29
2
6
2
37
3
7
2
66
1
6
2
43
2
4
3
15
4
1
2
54
2
7
3
31
26
2
2
1
3
3
3
43
7
1
3
26
5
5
3
37
7
4
1
4
7
2
2
14
1
4
1
30
21
4
3
26
8
7
3
60
13
3
2
52
5
4
1
65
1
4
1
15
5
1
2
32
4
5
2
33
1
3
3
30
5
1
2
17
2
4
3
10
22
7
1
45
1
4
3
2
12
2
3
15
8
1
3
25
7
2
3
42
2
2
1
27
1
6
3
61
7
3
3
35
2
1
2
37
2
7
3
67
38
3
2
26
2
7
1
12
16
2
2
41
4
3
2
44
1
6
2
5
3
2
1
49
1
6
2
27
3
3
3
27
2
1
3
38
11
6
1
47
1
4
1
67
1
7
2
31
2
4
1
18
13
7
2
52
4
3
2
17
3
4
1
6
1
1
2
2
3
5
2
53
2
7
1
54
3
6
3
49
1
3
1
5
2
2
2
66
2
3
2
6
1
3
3
11
5
7
3
6
5
4
2
34
1
7
2
29
3
1
1
53
1
2
2
16
2
5
3
45
3
1
2
7
1
6
3
18
21
6
2
38
1
1
1
71
1
4
1
42
2
2
3
71
4
3
1
10
3
4
3
14
22
2
3
44
3
3
2
45
1
5
1
37
1
1
2
25
1
7
3
32
5
6
3
36
3
7
3
36
5
2
2
11
1
5
3
8
20
1
2
40
1
1
3
49
6
2
3
31
9
1
1
22
2
1
2
53
3
4
1
6
2
6
2
47
2
5
1
39
3
2
1
31
13
7
1
10
7
2
3
44
10
4
2
71
3
5
1
38
2
2
3
67
24
5
2
47
4
5
3
10
5
7
1
2
1
3
1
7
2
6
3
23
11
1
1
45
2
1
2
55
3
4
3
55
13
4
1
40
2
5
1
2
7
2
3
1
1
6
2
31
4
3
1
4
2
4
1
27
3
1
1
28
2
3
2
54
1
1
2
60
3
3
2
28
2
5
2
39
3
6
3
3
9
5
1
55
2
1
1
66
3
2
3
42
3
7
1
49
2
6
1
11
1
6
2
23
2
5
3
2
3
6
1
16
1
3
2
4
1
4
3
63
7
6
2
38
5
3
1
54
1
1
1
11
6
5
3
61
8
4
1
9
8
4
1
34
6
7
2
2
2
7
2
6
3
4
1
44
2
3
1
32
7
1
2
67
2
7
2
67
1
3
1
61
1
3
2
1
2
1
3
25
6
3
3
16
8
2
2
3
1
4
3
27
6
7
2
33
2
6
1
8
15
6
3
54
1
6
1
3
7
7
2
36
2
3
3
47
6
5
1
26
1
6
2
45
3
6
1
66
2
3
3
43
3
2
3
66
8
1
3
40
1
3
2
25
3
7
1
68
2
2
2
10
3
5
1
3
8
2
2
39
1
5
3
39
7
6
1
14
19
4
2
12
3
2
3
55
14
3
2
11
3
1
2
42
2
4
1
41
2
2
1
41
3
6
3
29
19
7
3
4
13
3
2
49
4
2
1
12
14
6
2
9
3
5
2
35
1
5
1
7
7
6
1
18
8
4
1
14
7
1
2
30
1
7
2
32
2
6
3
52
17
2
2
40
4
6
1
8
5
1
3
33
14
1
1
5
1
3
3
17
2
6
1
42
1
5
3
18
12
1
3
28
5
2
3
3
4
6
2
61
2
5
1
71
3
2
3
34
11
4
1
22
3
5
3
16
6
5
2
13
1
6
3
5
1
2
2
23
3
7
2
15
1
7
1
68
3
3
1
1
3
2
2
18
4
3
3
22
2
3
2
16
3
2
2
42
3
5
3
40
3
6
2
7
3
1
1
52
2
1
3
53
3
3
3
35
3
4
3
39
8
5
3
41
1
3
2
9
1
5
3
29
10
6
1
37
2
5
3
9
26
7
2
27
1
6
1
33
4
4
1
13
1
2
1
60
1
3
