2
55
1
2
2
6
2
5
1
34
8
1
2
27
3
4
2
49
2
1
1
9
4
3
3
30
7
4
3
34
11
7
3
5
4
5
2
60
1
7
1
28
1
4
1
61
3
7
1
63
2
2
3
45
3
2
2
2
1
6
2
10
1
2
1
27
1
7
3
37
12
5
1
49
1
1
1
54
3
1
3
38
6
6
2
52
2
7
1
26
2
7
2
31
4
7
1
55
2
1
3
10
1
4
1
67
2
6
3
15
17
4
2
66
1
6
1
42
2
4
1
9
6
6
2
68
3
3
1
18
15
3
2
12
1
2
3
25
3
3
3
55
7
4
3
10
9
3
3
11
25
6
2
36
5
2
1
44
2
7
2
30
5
1
2
11
1
4
2
40
3
6
2
8
2
2
3
4
8
6
2
18
2
2
1
26
3
2
3
71
2
6
1
52
1
5
1
4
4
6
3
66
8
7
2
1
2
3
2
41
5
2
1
31
7
2
2
65
1
1
3
2
4
4
1
17
11
6
1
22
3
7
2
14
3
1
2
25
1
6
1
3
4
2
1
38
3
2
2
17
1
3
3
16
3
1
3
44
5
1
2
4
1
2
3
63
12
3
1
54
2
7
3
17
13
4
1
33
8
1
3
26
10
1
1
52
3
1
2
18
3
7
2
45
2
3
2
3
1
7
2
60
3
4
2
63
1
1
3
44
2
1
1
63
1
2
2
45
4
5
3
8
6
4
1
7
9
4
3
12
4
1
1
71
3
3
2
47
4
1
2
54
2
4
3
18
9
6
2
16
2
7
2
53
2
2
1
71
1
2
2
39
4
3
1
16
1
3
1
42
1
6
3
16
4
6
3
36
7
5
2
38
2
5
3
9
28
2
1
68
1
1
3
60
29
7
1
28
2
4
3
15
1
4
2
15
1
3
3
41
2
1
1
37
2
3
1
43
2
6
3
49
1
5
1
33
3
2
2
43
2
2
2
16
1
5
2
67
2
6
2
37
2
6
2
47
2
4
1
14
2
5
3
52
11
2
2
13
2
4
1
10
7
7
1
13
8
4
3
45
1
1
3
61
3
5
2
27
2
5
3
27
12
3
2
23
2
1
2
22
3
4
1
53
1
4
2
43
5
3
3
18
21
7
2
54
1
7
2
71
2
3
2
25
3
1
2
3
2
3
1
44
4
3
1
8
14
2
3
6
4
5
2
63
3
7
2
7
3
1
2
40
4
6
2
35
2
3
3
30
19
4
1
6
2
1
1
39
2
5
3
1
1
3
3
11
20
4
1
14
22
6
2
33
3
4
3
39
7
4
1
23
3
5
3
60
4
1
1
7
6
5
3
38
12
5
3
42
3
1
3
27
3
3
1
23
2
2
2
26
1
1
2
65
2
6
1
18
14
4
1
12
15
7
2
33
2
4
1
15
3
2
3
33
24
3
1
66
2
6
3
14
21
5
1
60
2
2
3
6
5
5
3
33
15
6
1
38
1
2
3
7
1
7
1
25
1
1
1
3
1
2
2
53
1
7
1
22
1
4
3
32
3
6
2
29
3
2
3
47
6
1
3
42
1
4
3
22
3
4
3
53
3
2
3
8
11
7
2
15
2
1
2
41
1
4
1
32
6
7
2
49
3
6
1
65
2
4
3
13
6
3
1
47
1
7
2
28
3
6
2
32
3
6
3
28
15
6
2
35
3
2
2
44
3
3
2
32
4
7
2
29
2
4
3
41
1
6
1
10
6
1
3
3
8
4
3
31
13
6
1
40
2
1
1
35
2
1
2
17
3
5
3
7
2
7
1
61
1
6
1
60
1
3
2
5
1
4
1
8
2
1
3
65
3
7
2
28
2
1
1
36
1
2
1
27
2
2
1
29
3
5
3
66
3
5
3
71
4
1
3
14
16
1
3
31
16
4
1
2
5
2
1
43
3
2
3
25
5
4
1
55
1
1
3
3
9
2
3
29
15
7
1
37
1
7
3
12
7
1
1
41
2
6
2
34
3
6
2
6
1
2
1
1
3
1
1
16
4
4
3
43
1
2
2
38
5
5
1
25
2
3
2
4
3
2
3
17
5
3
3
68
6
3
2
13
3
2
3
47
10
5
3
39
2
4
3
55
16
7
2
8
3
4
1
53
2
7
2
42
2
7
1
5
2
1
1
11
5
6
2
36
4
2
2
23
3
5
1
35
1
3
1
39
3
7
1
5
1
3
1
32
2
4
3
37
2
4
3
35
3
6
2
67
1
5
3
49
4
6
1
17
5
6
3
2
11
5
1
49
2
7
3
29
3
1
1
12
16
3
3
54
1
7
1
1
1
1
1
47
2
6
2
11
2
2
3
32
8
3
3
5
3
4
3
40
5
4
3
53
1
4
1
30
8
3
3
54
2
5
1
65
1
2
3
22
9
4
1
6
1
3
2
37
4
5
1
4
1
4
2
44
2
5
2
9
3
3
1
36
2
2
2
61
3
6
2
39
1
2
2
42
4
3
2
55
2
3
2
2
2
7
3
23
4
7
1
2
7
6
2
10
2
2
3
63
8
5
3
61
2
5
3
1
7
1
3
67
22
3
2
34
2
3
2
52
1
5
1
67
1
6
3
28
5
5
1
45
1
4
3
26
4
5
1
66
3
1
3
67
26
2
2
61
2
2
2
7
2
4
3
52
4
2
1
30
13
7
1
45
2
2
2
9
1
5
1
29
1
3
1
40
1
1
3
13
4
3
2
22
1
6
3
4
28
6
1
11
9
5
2
14
2
5
2
12
3
2
2
30
4
1
1
41
1
3
1
15
5
2
3
34
9
7
3
9
6
2
1
34
6
2
2
1
3
4
3
23
15
5
2
31
5
2
3
68
12
5
3
65
18
4
3
36
6
6
3
35
2
4
2
68
4
7
2
66
2
6
1
13
4
4
2
26
3
1
1
31
5
6
1
68
3
5
3
40
6
6
3
43
6
5
2
71
3
2
2
5
3
4
