2
34
1
5
3
41
4
2
2
54
1
4
3
14
15
3
3
16
8
3
2
2
1
4
1
32
2
4
2
65
1
2
2
47
1
3
1
23
1
7
1
54
3
6
2
18
3
4
2
49
3
3
3
7
3
3
2
41
3
4
1
49
1
7
1
63
1
6
3
17
1
1
2
5
3
5
2
23
1
3
2
5
1
6
1
29
1
2
3
43
4
7
2
6
1
1
2
40
1
6
1
42
1
6
2
18
4
2
3
39
5
2
3
38
3
2
2
29
3
4
3
53
8
7
3
33
17
1
2
23
3
4
3
45
5
1
3
61
7
2
3
52
7
1
2
12
1
1
3
36
15
4
3
15
9
3
2
54
2
3
1
38
1
5
2
67
2
4
1
49
2
7
1
6
2
5
1
65
2
3
3
32
3
2
2
63
2
2
2
32
2
3
1
14
10
5
1
44
2
3
2
25
1
7
1
55
2
1
1
32
6
4
1
12
8
1
3
67
31
5
3
31
27
5
1
67
2
5
1
5
1
5
3
55
6
1
3
34
10
1
1
36
3
6
3
40
3
2
3
18
25
5
1
31
3
1
3
37
3
3
2
11
1
4
3
47
5
6
2
65
3
4
2
49
1
3
2
17
3
6
1
53
1
3
2
53
2
6
1
31
4
2
3
61
10
7
1
27
3
4
1
1
2
7
2
16
2
7
2
17
2
4
2
29
1
2
1
35
3
6
2
22
3
7
3
49
7
6
3
55
10
3
3
29
18
6
2
36
4
7
3
26
11
4
2
68
1
1
2
6
2
4
1
23
3
7
2
22
1
6
1
6
1
4
3
32
2
7
2
41
1
4
3
52
2
7
1
42
2
4
1
55
1
4
3
49
8
5
1
11
1
7
3
47
4
5
1
4
4
6
2
30
3
1
2
15
1
2
3
25
6
5
1
2
4
3
1
2
5
1
3
30
3
3
3
45
3
2
2
67
1
7
3
37
9
7
2
39
2
5
1
47
3
1
3
53
1
4
3
44
10
3
2
28
1
2
1
63
2
2
3
29
15
5
1
34
9
6
3
27
15
3
3
13
2
2
3
7
1
1
3
65
20
7
1
36
2
6
1
65
1
4
2
13
1
1
3
44
8
7
1
39
3
6
1
26
2
1
2
52
3
6
2
9
2
3
2
8
1
4
2
43
4
5
1
15
1
3
1
67
3
2
1
41
2
3
3
26
6
2
2
9
1
1
3
27
11
1
3
41
1
2
1
22
1
7
1
33
8
5
3
5
3
7
1
38
2
4
3
25
2
1
3
39
6
4
2
10
1
2
3
6
6
6
2
28
3
4
2
3
1
2
1
71
1
1
2
1
3
6
1
16
1
6
1
17
4
7
1
29
3
4
1
66
1
3
1
3
7
7
3
11
1
5
3
60
31
1
3
42
1
5
3
23
11
1
3
22
10
1
2
25
3
4
3
71
3
3
1
68
1
3
1
15
3
5
2
68
3
6
3
35
3
4
1
43
3
6
1
60
2
4
1
30
16
2
2
47
2
4
2
4
1
4
1
10
5
7
3
4
6
1
1
45
1
7
3
6
2
3
1
47
1
5
3
35
7
1
2
43
2
7
2
8
2
4
1
8
11
2
1
10
8
4
2
30
5
7
3
8
1
6
2
10
3
1
3
1
9
4
2
40
2
2
3
30
7
1
3
66
2
5
2
44
4
6
2
26
1
4
1
17
2
1
1
61
2
6
3
33
11
5
3
14
3
6
2
37
1
7
1
8
13
2
1
40
2
5
2
15
2
7
1
14
11
1
3
8
5
1
1
33
2
4
2
13
3
4
2
60
2
1
1
68
3
6
2
14
2
6
2
35
2
3
2
14
1
1
3
40
1
3
1
30
1
2
3
15
3
3
3
28
9
1
2
26
2
6
2
71
3
4
1
1
1
2
1
61
3
5
3
16
4
6
1
53
2
7
3
12
4
6
3
12
6
6
2
7
3
2
2
33
2
4
1
7
3
3
2
36
5
3
2
63
3
1
1
9
10
1
1
71
2
4
2
42
3
4
2
2
3
3
3
11
22
4
3
23
15
7
1
28
1
3
2
3
3
4
2
44
1
1
1
18
15
7
1
52
2
4
1
3
6
6
1
12
18
1
1
9
9
7
2
34
2
1
1
18
8
4
1
35
1
5
3
67
13
4
1
4
8
1
2
31
4
6
2
45
4
7
3
3
2
3
2
11
3
7
1
37
1
2
3
36
12
6
3
38
10
1
1
41
3
2
3
31
6
1
2
60
1
3
2
35
1
2
3
3
1
3
3
13
3
4
2
61
3
7
2
42
4
1
2
27
1
3
1
39
1
3
2
55
1
7
1
54
2
3
3
54
1
6
1
13
8
7
1
45
2
5
3
18
11
6
2
37
4
5
1
66
3
4
2
38
2
1
3
1
8
1
1
34
7
4
1
26
1
7
2
27
3
5
2
66
3
2
2
38
4
7
3
68
7
3
1
43
2
4
1
16
4
2
2
31
1
3
2
52
6
7
3
9
10
1
1
52
3
6
3
9
31
6
1
25
1
6
3
54
2
5
3
66
4
1
3
10
9
5
2
53
1
1
3
34
5
4
3
68
6
3
3
63
10
3
2
66
2
7
3
4
16
2
2
55
2
4
3
28
8
1
2
71
1
6
1
25
3
3
3
10
6
1
1
28
3
6
3
63
5
6
1
60
1
5
2
39
3
6
1
37
2
3
3
43
3
6
2
33
3
6
2
61
2
7
3
71
2
4
2
45
3
3
3
2
9
6
3
2
2
7
2
12
2
4
1
27
1
1
3
60
10
7
3
65
14
7
1
13
6
5
1
44
3
7
1
7
8
4
2
7
2
2
1
11
7
3
3
42
2
1
1
22
3
6
2
16
3
7
1
40
3
7
2
32
4
7
3
5
1
6
2
1
2
1
3
22
11
5
1
5
2
5
2
4
2
6
3
17
11
4
