2
6
3
2
1
61
2
5
3
26
10
6
2
18
1
7
3
71
1
5
2
3
2
7
3
61
10
6
3
30
19
5
1
42
2
1
1
22
3
7
3
2
5
7
1
23
1
1
3
38
1
2
1
18
8
6
3
39
8
6
3
22
12
2
3
11
19
1
1
31
7
4
2
55
3
2
2
36
1
5
2
14
3
6
1
41
1
4
2
8
3
7
1
17
5
1
3
8
5
3
2
55
2
4
1
35
2
5
2
35
2
4
2
68
2
5
2
22
3
6
3
26
11
2
1
29
3
2
2
47
1
6
3
33
15
6
2
8
1
2
2
26
2
6
2
38
5
7
3
63
5
6
2
38
4
2
1
33
1
1
3
29
11
6
1
37
2
4
2
44
2
1
3
34
8
6
1
2
3
3
2
54
2
2
1
30
6
5
3
1
3
7
2
47
2
4
2
30
2
5
1
10
2
1
1
3
11
5
2
66
2
6
3
54
2
6
3
6
3
7
3
13
8
5
3
23
10
5
2
33
2
6
2
29
3
3
2
30
3
1
1
39
1
5
3
32
1
3
1
25
2
7
3
36
13
3
2
27
1
2
2
66
3
2
2
10
1
3
2
45
1
1
3
22
11
3
3
5
4
7
1
1
2
2
1
18
10
6
1
6
2
7
3
67
35
7
3
12
1
4
1
40
1
3
3
38
3
7
2
16
1
6
3
71
4
2
1
66
2
1
3
7
3
1
3
32
9
2
3
28
10
3
1
12
13
2
3
47
9
5
2
27
3
5
3
47
10
2
3
68
12
2
1
17
3
2
2
9
2
6
1
47
1
6
3
2
8
4
3
53
3
3
2
36
5
5
1
27
3
7
2
41
2
6
1
26
1
2
1
9
8
4
2
12
2
7
3
1
8
5
2
3
1
4
2
11
2
2
3
16
7
6
3
43
5
2
1
12
7
5
1
32
1
6
1
61
3
3
3
44
10
5
2
23
3
3
3
34
4
7
1
11
10
5
1
31
14
3
2
17
1
2
1
13
5
3
1
23
2
1
2
29
1
3
3
25
7
2
3
41
3
2
2
45
2
6
3
18
20
2
1
52
1
5
1
47
2
2
1
63
2
4
2
7
2
2
2
67
1
1
1
4
5
4
3
10
15
1
1
67
2
6
1
45
2
7
3
8
20
3
2
32
2
3
2
25
1
1
2
17
2
5
2
33
3
7
1
8
14
1
3
7
4
2
2
61
3
6
2
2
3
3
3
9
1
6
2
63
2
4
1
7
9
1
2
5
2
2
3
31
7
5
3
12
3
3
3
65
11
3
1
11
9
2
2
28
2
5
3
31
1
1
2
11
3
4
1
67
3
1
1
34
2
7
2
41
1
4
1
3
4
1
2
22
1
6
1
41
3
1
1
40
3
3
2
71
2
5
1
55
1
1
3
28
1
4
2
34
1
7
1
68
3
6
1
14
15
5
2
4
2
4
1
43
3
4
3
49
4
4
2
37
2
1
1
8
7
2
2
26
1
1
3
4
3
1
2
60
3
6
1
15
4
5
1
5
2
2
1
28
2
4
1
68
1
2
1
14
6
3
1
33
4
2
3
14
5
5
3
53
8
4
3
35
6
7
3
40
1
2
1
63
1
2
3
68
15
6
1
22
2
7
3
11
14
3
3
13
7
5
2
25
3
2
3
23
19
1
1
30
3
3
3
43
6
7
1
49
2
5
1
52
2
6
2
23
2
6
2
52
7
5
3
55
16
7
1
55
2
5
2
2
1
3
2
42
3
5
1
6
1
4
2
49
2
7
2
53
3
4
3
29
5
7
3
63
10
2
3
37
8
5
2
54
1
5
3
52
17
6
2
1
2
2
2
61
2
2
1
60
2
5
2
43
4
6
2
49
3
3
1
42
1
2
3
40
2
1
1
13
4
2
1
45
1
3
2
35
1
1
1
44
1
3
3
49
5
2
3
30
20
2
3
16
1
5
3
3
9
3
1
10
7
4
2
28
3
2
3
14
8
1
1
44
2
6
3
17
3
3
3
4
17
1
3
15
5
6
3
3
3
7
3
44
1
3
1
25
1
7
1
4
2
3
3
9
3
3
3
37
6
2
2
53
1
5
1
66
3
2
2
65
2
1
2
16
3
4
1
53
1
1
1
71
3
6
2
13
1
2
2
10
3
1
1
7
1
5
3
39
7
5
2
40
4
1
2
52
5
3
1
54
1
4
3
45
3
7
1
53
2
4
3
17
11
7
2
68
4
5
2
63
3
2
1
28
3
4
1
65
1
3
2
4
3
2
3
65
5
6
2
13
3
5
3
15
13
5
1
43
2
3
3
54
1
7
1
16
5
6
1
16
6
2
1
32
4
2
2
1
3
4
3
36
2
2
3
66
2
5
1
38
3
2
3
45
2
3
2
71
1
1
1
71
1
6
3
25
5
7
1
27
2
2
1
49
1
7
2
5
1
2
3
66
9
7
2
43
3
6
2
15
1
2
3
41
1
1
3
55
7
2
3
42
4
2
2
31
1
1
3
60
8
5
1
15
1
6
2
42
1
1
1
35
3
5
3
42
3
5
3
6
1
5
3
35
7
1
1
29
1
7
3
67
18
6
2
9
3
7
1
36
1
4
2
60
1
4
3
10
14
6
2
39
3
2
1
39
4
6
2
40
3
5
3
27
17
7
2
39
1
5
2
34
2
3
2
44
5
3
3
18
13
4
1
54
3
2
2
12
1
5
2
14
2
6
1
37
1
3
1
2
7
3
2
15
2
5
3
5
5
3
1
1
1
1
3
60
15
5
1
34
4
4
2
65
1
7
3
33
18
6
2
7
1
6
1
36
3
7
1
65
2
6
1
5
1
1
3
52
18
4
2
67
2
5
3
61
5
2
1
38
2
3
1
9
13
6
2
31
4
3
2
18
4
2
3
27
9
5
2
37
4
5
2
32
3
1
1
26
3
3
2
6
2
5
1
60
1
4
