1
33
6
4
3
25
6
4
2
39
1
5
3
39
1
3
1
11
1
6
1
71
3
4
3
52
16
6
1
42
2
3
2
22
2
3
2
28
3
1
2
52
1
5
1
55
2
5
2
37
3
7
2
4
1
3
1
15
3
3
3
60
15
7
2
42
2
2
1
67
2
3
1
32
4
6
3
61
10
5
1
63
1
2
1
18
7
4
3
29
16
4
3
17
5
3
1
39
1
3
1
25
3
3
2
6
2
7
2
6
3
5
2
34
2
7
2
41
2
2
2
10
2
2
2
14
3
5
2
3
1
6
1
37
2
4
1
9
1
6
2
31
5
2
1
13
7
1
2
61
2
5
3
17
14
3
2
36
5
3
2
63
2
1
2
55
3
5
1
2
6
2
1
40
3
2
2
38
2
2
3
9
6
1
2
68
4
2
1
37
1
3
3
41
3
6
2
63
3
1
1
52
2
6
1
47
3
7
2
35
1
7
1
44
2
7
3
22
12
6
2
61
1
7
2
27
2
4
2
8
2
3
1
15
2
5
1
34
2
4
3
37
12
3
3
39
4
7
3
7
3
7
3
40
4
6
2
45
3
5
3
12
4
4
3
2
12
6
2
71
1
5
3
6
4
1
3
55
10
2
2
49
1
6
1
45
1
5
3
1
7
2
3
16
2
1
1
27
1
5
2
23
2
6
2
2
3
6
3
44
1
6
1
43
2
3
1
30
12
5
3
11
11
3
3
33
10
6
1
29
3
7
1
22
2
6
2
14
1
1
2
2
2
1
1
44
1
6
1
42
1
7
1
10
7
7
1
53
2
5
3
54
2
2
3
66
4
4
2
9
2
6
3
10
7
7
1
65
1
1
2
60
2
2
1
61
1
3
1
49
1
3
1
32
7
2
3
29
6
5
2
54
2
2
3
67
16
4
3
28
4
2
3
36
9
4
1
17
1
5
2
18
1
7
3
63
5
6
2
42
3
7
2
67
1
4
3
38
12
6
3
36
12
1
3
67
37
4
1
13
2
6
2
12
3
5
3
60
21
6
1
49
2
1
1
8
13
5
3
5
5
7
1
3
1
4
3
63
13
5
1
38
3
6
1
43
1
2
3
43
3
1
1
6
1
7
1
61
2
6
3
38
8
2
2
30
3
1
2
26
1
1
3
47
4
1
2
35
3
6
3
14
24
4
3
23
4
7
3
4
21
3
3
49
1
2
3
18
4
5
1
35
4
6
1
35
2
2
3
15
7
3
1
47
1
6
2
60
4
3
2
13
1
6
2
33
3
3
3
68
3
6
2
23
3
2
1
8
6
7
2
52
6
3
3
34
3
1
1
4
5
7
3
35
8
2
2
16
2
2
2
22
1
2
2
9
3
6
2
1
3
5
1
28
3
2
1
3
5
5
1
16
5
3
1
7
10
2
3
49
5
2
2
29
1
1
2
30
4
1
1
68
1
6
2
40
3
3
3
16
8
3
3
22
10
2
3
9
27
5
1
65
2
3
3
61
1
5
2
5
1
7
2
41
3
7
3
28
9
6
1
12
10
1
3
42
4
4
2
28
2
6
3
68
2
1
1
10
1
7
2
36
4
6
1
25
1
7
2
53
3
5
1
45
2
1
2
1
1
4
2
34
3
5
1
67
1
4
2
71
2
2
3
42
2
1
1
5
1
5
3
2
11
2
2
66
3
7
3
45
5
3
2
17
1
7
1
31
3
3
3
15
14
1
3
14
25
5
1
36
2
5
3
34
2
4
1
1
2
1
1
40
1
5
1
28
2
2
3
53
8
6
1
68
2
2
3
8
14
4
2
44
2
4
3
8
12
3
1
53
1
4
1
66
3
4
3
31
5
4
1
26
1
6
2
32
3
6
2
25
3
7
3
65
6
4
2
65
4
7
1
55
1
1
3
5
2
2
3
4
14
1
2
55
2
5
3
33
21
2
1
7
2
1
2
65
1
6
1
31
11
1
3
7
2
1
1
22
1
1
1
71
1
7
1
41
2
2
2
29
2
4
3
6
1
2
3
30
11
7
2
8
1
7
2
25
2
6
2
40
1
1
1
14
15
4
2
13
3
7
3
3
10
7
3
47
6
6
2
43
4
6
3
3
4
6
2
32
4
5
1
6
2
7
2
67
2
4
2
53
1
5
2
33
2
7
1
27
2
1
1
1
3
4
2
66
1
4
3
23
7
6
3
30
23
6
2
11
1
2
3
18
18
5
1
66
1
3
1
12
2
3
3
41
2
5
2
17
2
3
3
44
10
5
1
4
3
6
1
60
2
3
3
40
3
3
1
2
7
2
3
66
5
7
2
43
1
5
1
14
14
3
3
27
4
1
3
31
11
6
2
4
3
5
1
9
10
6
2
44
1
7
1
34
5
3
2
15
3
1
2
45
1
2
1
17
9
4
3
1
10
4
3
71
5
1
2
38
1
3
1
54
3
7
2
10
1
7
2
49
2
5
1
52
3
2
1
63
2
4
2
3
2
4
3
37
3
6
3
45
2
6
2
37
4
2
3
26
8
7
1
23
1
1
1
29
1
4
2
7
3
7
2
18
4
1
1
30
5
2
3
26
5
5
2
5
3
5
1
60
1
4
3
11
13
5
2
47
3
1
3
55
1
7
2
11
3
7
2
68
2
5
2
27
3
6
1
54
1
2
1
39
4
4
1
26
3
1
1
36
3
4
1
33
2
3
3
65
3
5
2
15
2
6
2
16
3
2
2
47
2
6
3
10
23
6
3
13
9
5
3
32
7
1
3
71
1
1
3
52
13
3
3
13
4
6
2
54
1
3
3
35
1
2
2
26
2
5
3
43
7
5
1
41
1
6
3
27
1
6
1
16
2
4
3
12
2
2
1
5
2
4
3
25
5
2
1
23
2
1
3
54
1
1
3
53
3
6
2
31
4
5
1
38
1
3
2
12
2
5
3
32
4
4
2
39
3
6
1
18
15
7
2
7
2
6
1
11
5
7
