1
44
4
3
3
67
11
2
2
13
3
1
2
34
2
5
1
35
4
2
1
41
3
3
3
36
15
2
3
37
5
5
1
25
3
5
1
5
1
6
2
4
1
1
3
30
16
6
1
67
2
2
3
34
6
1
3
22
7
6
3
6
5
1
1
71
3
2
2
42
1
2
1
45
2
3
3
11
2
7
2
22
2
6
2
34
3
3
1
65
2
3
2
17
2
5
1
32
6
3
1
55
1
1
3
35
4
3
1
17
8
6
3
66
6
3
2
6
1
1
1
26
1
2
2
55
2
2
2
32
1
4
1
18
11
6
3
61
11
7
1
29
2
4
3
31
15
7
2
15
3
3
3
63
6
6
3
26
1
3
2
3
1
3
2
61
2
7
2
1
2
7
3
4
12
2
2
65
2
2
1
36
2
1
1
53
2
7
2
11
2
4
1
60
2
3
3
7
4
5
3
16
1
7
1
28
1
2
3
40
2
2
3
55
12
6
1
63
1
6
1
1
3
7
2
3
3
5
1
39
1
6
3
23
19
1
3
65
21
4
3
27
8
7
2
6
3
3
1
30
18
7
3
2
1
5
2
11
3
4
1
71
2
6
3
52
18
6
2
9
1
3
3
55
14
7
3
18
25
6
2
42
3
4
3
14
23
6
1
23
1
6
2
52
5
1
3
30
19
7
2
33
1
3
2
68
2
1
1
47
1
1
2
32
4
5
2
35
3
4
3
45
3
2
2
27
2
4
3
54
2
2
3
12
2
4
1
49
1
1
3
1
8
6
3
31
25
6
2
60
4
7
1
37
1
2
1
13
7
2
3
23
3
1
2
7
1
4
2
68
1
4
3
61
8
3
2
14
3
5
1
54
3
3
2
28
3
4
1
15
5
3
3
36
6
3
3
15
17
3
1
11
8
4
1
10
8
1
2
53
3
4
1
8
2
4
3
22
6
7
3
7
3
4
2
26
4
5
3
37
4
7
3
71
4
6
3
3
9
6
2
53
2
4
2
66
2
2
1
27
3
2
3
25
5
1
3
6
1
7
3
5
5
4
2
26
2
3
3
12
3
6
3
18
9
2
1
9
9
3
2
15
2
6
1
42
2
7
2
29
3
5
3
63
3
6
3
28
13
7
3
33
11
3
2
55
3
3
3
45
7
2
2
49
1
3
2
2
2
7
1
31
7
4
1
1
1
4
2
8
1
7
1
52
2
5
2
9
3
1
1
6
2
6
2
38
4
6
1
67
1
6
1
44
3
4
3
43
7
1
3
39
8
5
1
49
2
1
1
31
5
4
1
3
11
4
1
34
3
1
1
6
1
4
2
40
2
2
3
35
6
3
2
41
3
4
1
61
2
6
3
41
2
1
2
17
1
4
3
25
4
7
1
4
6
2
1
22
2
5
1
61
3
1
3
9
31
3
1
33
1
7
3
60
7
5
3
10
25
6
1
39
3
1
1
10
2
5
2
23
3
6
3
52
17
3
2
30
2
5
3
8
5
2
2
31
5
1
1
37
2
7
3
13
3
7
1
33
5
4
3
11
14
3
1
28
2
6
2
10
3
2
1
5
2
1
1
53
1
5
1
12
1
2
3
28
16
5
2
65
3
1
3
16
8
1
3
68
4
5
3
29
6
7
3
40
3
4
1
2
7
1
1
32
3
1
2
61
3
7
3
9
13
4
1
8
13
7
2
54
2
1
2
35
1
6
2
71
1
6
1
30
17
1
3
53
8
1
2
1
1
5
2
43
1
7
3
17
11
7
1
7
3
3
1
16
2
2
2
25
1
2
1
35
3
7
1
43
1
2
3
10
22
6
1
65
1
6
3
39
3
2
2
49
4
5
3
68
16
3
2
18
2
5
3
67
32
2
1
3
8
4
2
44
3
2
1
13
4
3
3
1
7
4
3
53
7
6
2
67
1
6
2
63
1
5
2
14
1
2
2
71
3
5
2
66
1
6
3
4
11
5
2
54
1
2
3
15
6
6
1
4
2
5
2
44
4
3
3
8
15
2
2
41
2
4
2
18
1
5
3
44
9
1
1
63
2
3
1
68
3
1
1
34
5
7
1
27
1
6
3
38
12
6
1
38
2
1
3
5
4
5
2
5
2
7
1
22
1
2
2
45
3
3
2
10
2
2
3
42
4
6
3
13
4
6
2
4
2
1
1
40
1
5
2
16
2
6
3
49
6
5
2
37
2
3
2
29
1
2
2
36
3
2
3
38
11
3
2
30
4
1
3
42
1
5
3
47
7
3
1
2
1
4
2
5
1
7
2
37
4
3
2
36
1
7
2
40
1
2
3
47
3
7
2
25
2
3
3
29
1
1
3
44
1
1
3
2
12
7
2
39
4
2
2
2
3
4
1
25
2
5
1
43
3
5
3
65
1
7
1
15
2
1
1
12
13
5
3
71
5
7
1
18
14
7
2
47
1
6
2
16
3
2
1
16
7
3
2
27
1
4
3
32
5
2
2
60
3
2
3
41
1
5
1
47
2
4
2
7
2
2
1
52
1
3
1
66
1
2
1
41
2
1
2
38
1
5
1
17
15
2
2
12
3
2
2
13
1
4
1
54
1
5
1
36
1
7
2
8
2
4
1
14
7
6
2
63
3
4
2
47
2
7
2
39
1
1
2
33
2
3
2
31
4
1
3
17
2
1
2
22
1
4
3
32
7
4
1
68
1
2
3
27
9
6
1
66
3
2
1
42
1
4
1
38
1
2
2
23
2
3
3
54
1
3
1
11
6
6
3
43
4
4
1
14
3
5
3
66
3
2
1
23
3
1
1
9
7
5
2
43
3
6
3
33
20
5
3
3
6
6
1
60
1
3
2
28
2
3
3
14
6
3
3
49
2
6
1
26
3
3
3
60
12
2
3
34
3
2
2
12
1
3
1
45
1
1
1
40
2
3
1
29
3
6
3
26
3
1
2
52
4
1
1
55
2
2
2
45
2
7
1
7
10
3
2
67
2
2
