2
49
2
1
2
22
3
4
3
54
1
2
1
33
8
6
1
26
1
5
3
35
6
14
1
44
2
7
2
55
1
11
3
16
4
9
3
71
5
7
1
13
2
3
3
36
3
12
2
52
5
6
2
55
3
5
1
45
2
9
2
47
3
9
3
36
1
3
2
11
3
1
2
15
1
1
3
55
17
1
2
53
3
2
2
7
3
11
3
66
1
6
1
18
12
3
3
38
6
14
3
68
4
6
3
49
2
13
3
65
5
5
1
16
2
9
3
44
2
9
2
38
1
13
3
26
12
11
2
44
5
3
3
29
11
11
1
53
2
4
1
54
3
2
3
6
6
3
1
65
1
8
2
65
3
3
1
31
16
4
2
27
2
12
3
11
21
6
3
52
4
14
1
6
2
12
3
2
8
6
3
53
3
6
2
10
2
14
1
34
8
14
3
60
11
9
3
42
2
9
1
22
3
12
2
60
3
6
1
36
1
7
2
61
1
2
1
54
2
3
3
18
3
4
2
42
2
12
2
8
3
9
2
71
2
9
2
34
3
14
2
42
4
3
3
14
5
7
1
40
2
9
1
5
1
4
2
36
3
12
2
41
5
5
2
11
2
11
1
49
1
3
1
60
2
7
1
39
1
2
1
63
1
7
3
37
11
3
1
30
9
10
3
10
14
12
2
33
1
2
1
31
5
14
1
55
2
14
2
13
2
7
3
1
4
10
1
25
3
4
1
18
11
1
3
12
7
2
1
10
4
8
1
3
5
14
3
67
38
5
2
26
3
14
3
4
28
4
1
9
8
11
3
17
10
10
2
1
3
10
2
41
3
4
2
8
1
9
2
27
1
13
3
53
7
14
3
13
3
8
1
41
1
12
3
39
10
7
1
13
3
7
2
32
3
10
3
17
6
3
3
23
7
14
2
13
1
12
3
45
7
2
3
54
2
4
3
28
15
10
1
29
1
14
3
49
8
10
3
45
2
4
3
2
10
13
1
27
1
11
1
42
2
6
3
8
9
5
1
26
2
4
2
3
1
4
2
28
3
9
2
53
2
3
3
13
5
5
2
2
2
8
1
52
3
11
3
34
4
1
3
61
11
13
3
67
8
10
1
41
2
11
2
12
1
10
3
5
2
9
2
23
3
10
2
18
3
4
2
66
2
9
3
29
1
14
1
32
5
13
2
67
2
14
3
31
14
2
1
2
6
9
2
3
3
12
3
47
9
1
3
26
6
5
2
28
2
5
3
9
23
3
2
40
1
10
2
14
1
1
1
6
1
2
1
55
1
4
1
10
8
7
3
23
9
8
2
39
1
7
3
55
7
12
1
17
12
9
2
18
4
1
3
3
1
4
2
38
3
13
1
23
3
6
2
15
3
6
3
52
3
2
3
25
7
13
3
6
1
9
3
4
12
11
3
8
6
2
3
14
18
5
2
6
2
12
1
14
21
6
3
39
8
5
2
60
1
5
3
18
13
12
2
68
4
13
2
29
2
9
1
43
1
6
1
44
3
14
1
12
10
13
3
7
5
2
3
41
1
12
2
33
2
2
3
27
7
5
2
43
1
14
2
63
3
11
3
33
20
10
2
67
1
1
1
4
3
1
1
37
2
4
1
71
2
12
2
30
5
11
2
31
3
5
2
68
3
5
1
42
1
14
3
68
10
10
2
29
1
12
3
40
6
12
3
40
3
12
2
5
1
4
1
29
2
4
1
67
3
14
1
1
3
13
1
38
3
6
1
27
2
1
1
11
5
13
1
23
2
6
3
16
3
1
1
53
1
1
1
14
8
13
3
35
8
13
3
30
5
6
3
15
16
4
1
38
1
14
3
10
11
5
1
7
9
5
2
9
3
12
2
25
2
7
2
9
1
10
3
65
11
2
2
10
3
1
3
43
5
9
3
22
10
7
2
16
3
8
1
43
3
2
3
31
28
14
2
32
2
2
2
47
4
1
1
68
2
4
2
37
4
10
2
44
4
12
3
60
20
9
2
61
3
4
1
66
1
12
2
6
3
13
2
1
1
3
1
68
1
7
1
37
1
2
2
49
4
12
2
23
2
8
3
1
8
10
3
34
6
14
2
4
2
5
2
45
1
1
1
47
2
8
2
45
3
13
1
66
3
4
2
54
2
4
1
67
1
5
1
25
2
14
1
16
1
6
2
36
1
1
3
15
2
5
1
47
3
8
1
33
7
11
3
63
5
7
3
71
2
6
1
2
7
8
2
65
1
11
3
30
18
13
2
71
3
4
3
37
5
14
3
61
5
11
3
41
2
14
1
71
1
12
2
14
2
6
3
43
4
1
1
49
2
1
2
66
3
14
1
15
1
7
3
38
5
2
1
1
1
1
1
60
1
14
1
22
2
13
1
61
2
14
1
63
2
1
3
3
3
5
3
9
31
2
3
27
4
6
2
40
2
1
1
15
4
1
2
63
2
1
2
2
3
8
3
22
4
10
3
28
16
6
2
17
3
7
1
35
3
7
3
7
3
1
2
17
1
14
2
5
3
2
2
22
1
12
2
16
1
14
1
39
2
6
1
61
3
10
3
42
4
13
1
17
1
6
1
12
15
11
1
32
2
14
3
32
6
14
3
25
5
6
1
65
2
1
1
30
3
6
1
45
1
3
3
12
3
3
1
40
1
13
1
8
1
5
3
47
7
1
1
35
1
5
2
25
1
2
3
5
5
7
3
63
1
10
2
37
3
9
2
39
3
9
1
52
2
13
3
32
11
2
1
4
8
3
2
7
2
3
2
30
1
11
3
33
7
9
1
11
1
12
3
11
9
4
1
34
9
14
2
35
3
5
2
35
1
2
3
66
9
4
2
54
1
13
1
5
2
5
2
26
2
6
2
52
3
2
2
12
2
10
2
43
4
6
3
44
3
4
2
31
1
8
1
9
11
12
1
36
2
6
1
28
2
13
1
28
3
1
1
7
8
11
1
3
2
14
1
8
9
3
2
34
1
7
2
4
1
2
