1
8
5
4
2
39
1
11
1
52
2
4
3
37
8
7
1
27
1
14
3
35
7
1
3
35
2
7
3
8
2
9
2
13
3
13
2
28
2
1
2
35
1
7
3
42
2
4
2
34
2
9
1
26
2
8
2
60
1
14
1
14
16
3
3
10
1
14
2
30
5
8
1
16
2
9
2
47
2
9
1
68
3
12
2
54
1
12
3
29
14
12
1
8
13
6
2
63
2
7
2
4
1
14
3
65
1
2
3
8
8
13
3
63
10
1
2
60
3
6
1
5
1
6
1
37
1
8
1
38
3
5
2
30
3
7
2
29
2
3
2
67
1
12
2
37
4
3
3
15
10
14
1
54
2
8
1
18
5
13
1
54
1
9
2
25
3
4
3
38
6
8
3
54
2
12
2
67
2
13
1
53
1
14
2
27
3
4
3
67
25
2
2
49
3
12
1
66
3
9
3
66
4
9
2
65
2
8
1
9
11
13
1
53
2
6
3
9
7
11
2
8
3
4
2
14
3
8
2
16
2
11
2
10
1
5
3
29
11
14
2
6
3
14
1
6
2
10
2
71
3
3
2
43
2
14
1
7
8
14
2
65
4
12
3
52
13
9
2
33
2
1
3
53
7
1
2
54
2
13
1
67
3
14
3
71
5
10
1
13
1
2
1
31
1
5
2
2
3
14
3
36
8
10
1
11
6
3
3
18
9
10
1
47
1
3
3
22
2
4
2
9
2
9
1
44
2
13
3
41
1
3
3
11
25
7
1
22
3
14
1
7
9
8
3
31
25
1
2
18
4
3
3
27
5
5
1
43
3
1
3
6
4
12
1
34
6
7
3
44
8
2
2
23
2
12
2
2
2
6
2
3
3
1
1
13
5
12
2
34
1
3
1
37
2
11
1
36
3
1
2
1
1
10
3
61
6
5
1
17
11
2
2
55
3
5
3
16
8
2
2
47
4
8
1
33
2
6
3
25
2
6
3
6
2
7
3
10
8
8
1
3
10
12
2
13
1
5
1
23
2
7
1
60
1
9
2
26
4
9
2
68
3
7
2
66
2
12
1
1
1
8
1
44
3
2
2
6
2
3
2
32
2
14
3
9
23
13
2
18
2
13
2
10
2
4
1
14
9
10
1
42
1
2
3
43
3
13
1
49
1
6
1
52
1
14
3
45
4
5
1
29
1
5
3
39
6
9
3
67
16
2
2
23
1
7
1
28
1
14
1
55
2
11
1
39
3
1
2
53
2
1
3
25
3
1
1
30
2
10
1
39
1
14
3
30
27
6
1
71
1
8
2
35
3
4
3
55
9
3
1
45
1
1
1
67
2
2
2
44
2
1
2
55
2
3
2
27
2
6
3
42
1
1
1
12
11
1
2
15
3
11
3
34
6
2
3
60
8
9
3
38
2
9
3
45
1
1
3
23
9
10
3
11
20
2
1
28
2
8
3
4
16
7
1
34
1
13
3
23
10
2
1
16
5
10
3
32
6
8
3
30
13
14
2
45
1
14
1
4
5
1
2
25
1
13
3
55
7
3
3
28
3
3
1
63
1
2
2
61
2
9
3
3
7
9
1
10
3
3
3
40
5
8
3
26
7
11
1
49
2
5
3
33
22
1
2
12
2
8
2
15
2
4
1
26
3
13
3
49
5
9
1
32
5
7
3
63
9
7
1
65
1
14
2
44
5
2
1
2
5
7
1
40
1
14
1
2
4
1
3
54
1
9
2
22
3
5
3
2
2
14
1
36
1
7
2
36
3
5
1
10
8
1
1
17
9
2
1
61
3
6
3
44
2
7
3
65
6
4
1
1
3
9
1
41
1
11
3
2
11
2
1
25
3
9
2
3
1
13
2
1
2
1
3
22
12
2
2
31
2
5
2
41
2
5
1
47
2
12
1
29
2
3
1
40
2
7
3
34
8
2
3
61
1
6
3
66
1
6
3
5
5
5
2
8
1
7
3
15
14
14
3
27
1
11
1
32
4
14
2
68
4
10
1
42
2
8
3
28
11
9
1
66
2
12
3
13
9
4
1
65
2
14
2
4
3
13
1
15
3
6
2
33
3
6
3
4
15
13
2
11
1
13
2
9
1
4
3
7
2
8
1
43
1
6
2
16
3
5
2
36
4
2
2
52
3
2
3
68
6
13
1
60
2
11
3
31
3
4
3
43
2
13
2
7
1
1
3
14
24
2
3
1
2
2
3
17
2
12
2
31
4
7
2
29
1
11
3
17
16
2
2
17
3
13
3
53
6
5
1
55
1
7
3
7
1
11
2
49
4
1
2
5
1
1
3
47
9
1
3
12
2
2
1
15
4
9
1
61
1
1
3
32
1
1
2
42
1
14
2
41
1
6
2
32
1
2
2
38
2
9
3
12
6
5
2
42
2
14
2
28
3
7
2
43
5
11
1
63
2
9
2
37
2
2
3
47
2
4
2
53
1
2
1
6
1
9
2
26
3
3
3
1
6
11
3
33
20
2
2
38
5
11
1
11
7
12
1
68
1
5
3
37
9
4
1
30
15
11
3
26
10
5
1
23
3
2
2
61
1
4
3
39
2
14
2
39
2
13
2
14
2
6
3
49
3
4
2
40
3
14
1
25
2
11
1
35
1
6
3
16
2
6
1
9
4
14
2
40
1
3
3
60
13
8
3
5
3
1
1
4
4
12
2
63
3
8
1
45
2
8
1
38
2
5
2
17
1
4
2
22
1
12
3
14
8
13
1
41
2
12
2
45
4
1
3
40
2
10
3
71
2
9
1
31
4
8
2
66
3
14
2
12
3
8
1
22
1
4
1
5
2
12
2
11
2
11
1
35
2
3
1
12
17
7
1
18
10
4
2
5
2
3
3
36
5
7
2
71
2
1
1
3
3
2
2
7
2
8
1
71
3
4
1
33
7
7
3
13
1
5
3
3
2
7
3
52
5
9
3
18
13
11
3
41
2
1
1
27
3
1
3
68
1
12
2
52
6
9
