1
66
3
7
2
30
1
12
2
8
1
4
1
11
7
13
2
52
2
2
3
17
15
13
1
44
4
13
1
13
5
10
2
33
1
14
3
68
14
5
1
28
1
2
2
35
3
6
3
30
5
7
3
36
6
11
1
7
11
8
2
10
1
7
3
11
7
5
3
2
12
6
2
66
1
8
2
13
2
4
2
53
3
8
3
54
2
14
1
5
2
12
2
38
4
13
3
34
2
3
3
17
1
13
3
6
5
7
3
66
6
13
2
55
3
5
2
61
2
5
1
10
2
11
3
22
7
1
2
55
1
13
1
68
3
7
3
2
1
7
2
47
1
7
1
36
3
6
2
36
1
7
2
71
3
3
3
1
4
9
1
18
15
3
3
61
6
12
1
65
2
3
1
26
3
8
1
54
3
1
1
31
15
5
1
71
3
3
1
39
1
2
3
31
16
6
1
26
1
13
1
49
2
8
2
22
3
7
1
11
6
2
2
47
2
14
1
1
3
9
1
17
10
9
2
3
3
8
2
7
2
6
3
52
12
12
2
2
3
1
1
41
2
4
3
28
8
12
3
7
4
13
3
32
11
12
1
39
3
6
1
6
2
10
1
25
1
5
3
60
1
14
3
34
8
11
3
71
4
14
1
9
6
12
2
4
1
12
3
30
8
10
2
39
1
9
3
37
10
9
2
37
4
14
2
40
1
13
2
16
1
12
2
49
4
5
2
42
2
3
2
17
1
11
1
40
2
6
3
40
1
5
3
5
3
12
1
45
1
14
2
10
3
13
2
15
1
9
3
23
10
1
2
9
2
14
3
32
12
1
2
9
3
3
3
44
8
9
1
42
2
9
2
37
1
11
3
49
3
4
1
60
1
8
1
34
9
14
1
3
11
3
2
18
1
3
1
32
7
12
3
54
1
6
2
63
1
9
2
26
4
10
1
18
10
1
1
43
1
3
1
33
5
4
2
43
4
13
1
23
3
3
3
15
7
8
1
7
9
5
3
55
9
6
1
67
2
1
1
60
2
5
3
15
12
11
1
34
3
7
3
38
11
9
2
28
3
12
1
16
3
12
2
39
4
9
3
26
12
13
2
31
2
10
1
30
12
10
1
43
3
11
3
42
3
13
2
13
3
9
2
41
4
12
1
28
3
7
2
65
4
11
3
29
13
13
1
37
1
12
3
10
7
1
3
13
8
5
1
44
3
6
3
45
3
1
1
2
1
7
3
38
1
10
3
11
1
8
1
10
1
12
1
8
8
2
3
45
2
1
3
65
10
1
2
27
2
10
2
25
3
9
3
65
17
2
3
3
6
9
2
23
3
13
1
53
2
2
3
41
2
8
1
22
1
6
2
27
1
14
3
35
8
1
1
15
2
8
3
41
3
10
2
29
1
11
2
29
2
14
2
71
2
12
3
52
5
8
1
55
2
10
3
67
38
3
3
23
2
11
1
25
2
7
1
49
1
14
1
37
2
1
3
71
2
12
3
26
4
14
3
68
17
1
1
67
3
12
3
12
6
12
3
10
18
4
1
13
2
12
1
15
5
6
1
32
4
14
2
28
2
5
1
47
1
14
2
65
1
1
1
4
6
2
2
45
4
4
2
68
4
7
2
61
1
9
3
1
1
9
2
18
3
9
3
33
10
5
2
45
3
12
1
66
1
3
3
33
24
12
2
1
1
14
2
54
2
14
2
63
3
6
3
8
12
4
2
14
2
1
3
5
4
1
1
17
11
12
1
54
1
7
1
2
7
6
3
47
2
3
2
49
3
1
1
47
2
10
2
60
4
7
3
4
9
3
1
1
1
1
3
61
4
13
3
7
1
11
3
43
2
8
1
38
3
12
1
63
2
12
1
3
1
4
2
34
3
8
1
9
10
4
2
53
2
11
3
42
2
4
1
40
3
11
2
7
1
5
2
11
1
9
1
29
3
8
3
13
9
8
2
5
2
10
2
68
2
4
2
8
3
1
3
6
2
6
2
34
1
9
2
60
1
7
2
4
2
8
3
4
13
6
2
11
3
12
1
36
1
6
3
39
2
2
1
65
1
1
2
22
2
4
1
61
2
7
1
29
1
2
1
12
1
14
2
54
1
4
2
3
1
13
2
6
2
1
1
61
3
3
2
67
2
11
3
12
7
2
2
12
3
14
1
6
1
1
3
27
10
9
2
38
2
9
2
52
5
14
1
53
1
11
1
63
1
3
1
4
7
12
3
49
2
11
2
66
2
3
2
31
5
7
3
14
12
14
3
60
20
2
3
25
8
8
1
35
1
7
3
31
14
9
1
23
2
9
1
14
10
1
3
9
24
8
2
43
1
14
3
16
7
4
1
31
3
4
2
44
5
6
2
26
3
3
2
2
1
12
2
44
3
12
2
12
2
7
1
38
2
6
1
35
3
11
1
42
1
11
1
14
9
10
2
41
2
8
1
22
2
12
3
43
8
7
3
66
7
10
2
36
2
7
2
32
1
1
2
67
1
1
3
67
8
5
3
22
12
9
1
27
1
4
1
12
12
12
2
6
3
5
1
5
1
12
3
44
9
12
2
14
3
9
2
15
3
6
3
29
8
2
3
18
20
11
2
23
1
1
2
1
3
7
3
9
19
13
1
52
2
2
3
37
2
12
3
16
4
12
3
3
2
6
3
40
6
10
1
16
1
5
3
53
7
5
2
32
3
1
3
18
12
12
3
35
1
6
3
28
9
8
3
47
8
1
2
42
3
12
1
45
2
1
3
63
9
5
2
16
3
9
1
68
1
7
3
27
1
5
3
39
1
5
1
52
3
6
2
35
1
7
1
71
2
8
1
30
21
14
2
30
3
6
3
53
3
5
3
25
6
1
2
17
3
13
2
25
2
8
3
36
14
8
3
14
2
10
2
40
2
5
2
33
3
13
2
5
3
13
1
33
1
6
3
8
17
3
3
55
3
10
1
55
1
4
3
63
4
5
1
27
2
10
1
8
2
13
1
41
1
3
