1
32
7
5
3
53
2
7
2
1
3
14
2
2
2
11
1
8
9
6
3
41
2
6
1
43
1
10
3
2
4
13
2
35
3
11
3
35
2
4
1
61
1
6
2
6
2
10
1
23
1
13
3
32
5
4
1
14
5
14
1
33
4
5
1
30
16
4
1
25
2
14
3
11
1
2
3
49
5
8
2
9
1
11
2
61
3
14
3
71
3
2
2
10
2
14
1
25
3
10
3
33
3
8
2
9
3
11
1
16
3
9
1
26
1
7
1
9
12
12
1
60
2
2
3
26
5
9
2
33
3
12
2
60
1
12
3
28
9
4
2
30
3
13
2
29
2
4
1
39
4
11
3
7
4
3
3
31
12
2
2
14
1
8
1
4
1
4
3
38
9
11
2
55
3
10
3
38
4
1
1
37
1
9
3
34
7
10
3
55
17
8
2
43
5
6
1
34
10
6
2
42
2
1
2
22
1
10
1
35
4
12
3
39
1
4
1
29
3
12
3
42
3
2
2
28
2
10
2
14
3
9
1
55
2
8
1
26
3
12
3
66
1
13
3
40
2
7
3
52
18
10
1
55
1
4
2
63
2
1
1
41
2
3
2
25
3
11
2
68
2
8
3
14
5
2
1
40
2
10
2
12
3
9
1
14
1
8
3
61
3
13
1
8
6
6
1
67
1
8
1
1
1
12
3
18
23
9
3
12
4
9
2
53
3
13
3
8
16
1
3
8
7
13
3
29
15
8
1
40
1
14
2
3
1
7
2
54
1
6
2
36
5
9
2
26
4
14
1
1
3
11
3
25
4
5
1
71
2
5
1
38
3
4
1
9
1
9
1
65
1
14
3
29
19
5
2
30
2
2
2
31
4
6
2
7
3
1
3
14
9
4
2
44
2
11
1
42
2
6
1
18
12
5
1
63
2
4
1
28
1
12
3
67
17
2
2
4
2
2
1
2
6
5
1
53
1
11
1
17
14
2
3
32
9
7
2
52
1
9
3
36
6
8
2
2
1
4
1
35
3
10
2
5
3
3
3
11
11
10
1
2
2
1
2
40
4
14
1
68
2
6
1
11
2
14
1
7
2
3
2
54
2
11
2
63
1
2
3
7
2
10
3
5
4
14
3
45
3
4
1
65
2
9
2
41
1
3
2
65
1
9
3
31
26
7
1
6
1
11
3
12
7
14
1
43
2
10
2
53
2
2
1
41
1
6
3
44
10
10
1
45
2
6
3
18
17
8
2
8
2
7
2
65
4
6
2
29
1
7
2
60
2
6
2
5
1
7
2
52
6
10
2
11
2
1
1
42
1
9
3
9
1
11
2
28
1
6
1
5
1
1
3
68
4
8
3
17
15
8
2
43
4
9
3
49
4
10
2
22
3
12
1
33
5
11
2
68
3
1
1
5
2
9
2
13
1
8
1
60
1
7
3
39
5
1
1
47
1
9
1
3
9
8
2
7
2
12
1
18
13
2
3
37
7
5
1
22
2
2
3
25
2
3
2
61
1
13
3
28
13
14
1
44
3
7
3
54
1
7
2
23
2
10
1
12
6
2
1
10
8
13
3
42
1
6
1
61
2
12
2
3
3
9
1
63
1
7
2
37
4
12
3
10
8
9
3
53
6
7
3
67
19
11
2
47
2
3
3
63
4
11
2
66
2
11
3
30
12
13
2
40
2
4
2
27
3
10
1
53
2
7
2
49
1
11
2
23
3
5
3
22
10
2
1
44
2
7
3
23
17
2
2
6
3
8
1
3
10
7
3
61
1
2
2
38
5
7
3
15
2
2
3
6
6
6
1
66
1
5
2
11
1
11
3
41
3
6
3
13
8
12
3
10
12
14
2
27
1
12
3
16
3
3
1
31
11
8
1
32
2
9
3
35
5
1
1
22
3
14
3
60
2
11
1
7
7
10
1
49
1
12
3
27
4
8
3
1
8
9
3
3
1
14
1
38
2
5
3
63
8
5
2
10
1
12
1
36
1
4
3
47
9
12
1
45
1
8
1
36
3
6
2
42
4
4
2
71
2
12
1
71
1
12
1
12
2
8
2
8
1
3
3
17
14
6
2
67
1
7
1
52
3
11
2
55
1
3
2
31
5
3
3
26
2
14
2
4
3
4
1
13
1
7
1
11
9
6
1
54
1
12
3
3
8
13
2
47
1
5
1
68
3
8
2
41
5
2
2
13
2
13
1
23
2
10
3
65
14
2
3
9
9
7
2
33
2
4
2
25
2
4
1
17
16
12
3
6
5
13
1
52
2
8
3
34
11
6
3
2
9
5
2
32
1
7
2
49
3
14
1
6
2
7
2
12
2
9
3
54
2
1
1
29
1
7
2
45
4
10
1
66
3
4
3
71
1
1
2
66
1
13
1
27
2
13
2
18
4
7
1
10
7
10
3
4
25
6
3
15
16
10
2
71
1
6
2
26
1
1
2
36
1
9
2
38
3
2
3
13
9
11
2
35
2
6
2
17
2
1
3
43
6
11
3
43
7
3
2
16
2
11
2
39
3
1
1
39
1
3
1
49
2
1
1
4
4
11
2
67
2
9
3
65
16
11
1
27
1
5
2
16
1
14
2
44
4
7
1
37
2
8
3
36
15
4
2
17
1
6
3
66
4
5
3
22
4
5
2
34
2
3
1
30
14
4
1
54
3
11
1
13
8
12
1
31
8
11
2
1
1
10
3
1
10
3
2
15
2
4
2
37
2
9
2
18
3
2
3
4
27
4
1
47
3
5
3
68
3
10
2
34
1
1
1
28
3
2
3
16
6
4
1
67
2
13
2
39
1
3
2
15
1
5
3
33
16
4
3
45
1
8
1
15
5
11
3
37
8
13
1
34
5
11
3
52
7
4
3
47
7
12
1
16
7
9
2
45
1
9
3
60
9
10
3
27
17
13
3
5
3
4
2
32
3
14
3
40
6
14
3
23
8
5
1
15
3
9
3
30
10
11
3
55
10
11
3
44
5
14
