2
30
4
6
2
44
2
3
3
71
2
1
2
27
3
6
2
61
2
1
3
44
5
11
2
66
1
5
1
1
3
1
3
22
10
1
1
67
1
11
2
53
2
14
1
44
2
10
1
31
18
1
2
52
2
1
2
10
3
3
3
54
1
9
2
23
3
5
2
34
1
9
3
11
10
5
1
60
2
3
3
39
7
9
2
67
2
9
1
22
2
3
1
41
2
3
1
18
4
14
1
45
2
2
2
53
3
4
2
13
3
3
1
30
7
3
2
12
2
3
3
60
31
9
1
10
8
5
2
6
1
12
1
49
1
11
3
36
10
7
3
14
22
14
3
41
3
12
3
28
11
8
3
29
17
1
2
3
1
12
3
61
9
3
2
7
1
12
3
13
8
14
2
5
1
5
3
67
31
2
2
31
3
1
2
63
2
5
2
16
3
9
1
31
12
7
3
60
7
14
3
2
6
11
1
52
3
3
2
29
3
10
2
61
3
3
2
7
2
3
2
38
5
14
1
33
7
14
3
3
10
1
3
28
7
9
3
15
11
5
1
18
8
1
3
8
13
4
1
17
15
8
2
45
3
10
2
36
2
8
1
25
3
9
1
12
5
7
1
14
2
11
1
8
17
8
2
37
3
7
1
29
2
10
1
22
3
9
3
45
6
14
3
71
1
8
3
55
10
13
2
6
2
14
2
37
2
14
3
52
12
12
2
3
3
13
1
2
7
9
3
18
25
3
1
71
1
14
3
40
4
7
2
4
2
3
1
13
6
12
3
65
16
4
1
37
2
7
2
31
2
1
3
32
8
14
3
7
4
11
2
41
5
8
3
30
22
2
1
11
2
1
2
32
2
2
3
55
12
11
1
2
1
1
2
25
1
8
3
43
1
1
2
2
2
8
2
63
3
12
1
7
1
9
2
29
2
2
1
1
2
10
1
40
3
10
3
18
2
1
1
28
1
9
1
16
2
13
2
39
3
5
3
23
16
9
1
39
2
7
2
60
3
6
1
6
2
12
2
43
1
8
3
53
6
14
3
35
2
6
3
27
15
13
1
47
3
8
3
25
5
7
1
36
1
12
1
65
1
5
1
12
12
5
1
6
1
12
2
43
4
10
2
16
1
8
1
39
1
2
1
5
1
3
1
61
2
7
3
1
4
10
3
42
2
9
2
8
3
14
2
32
1
13
2
65
2
13
2
54
1
9
1
35
3
4
3
5
4
4
2
28
2
7
2
49
3
5
1
55
1
9
2
34
2
8
1
53
1
3
1
30
21
1
2
11
1
2
3
36
9
11
3
15
14
10
1
42
2
5
3
65
9
7
1
8
9
1
2
36
4
3
2
4
3
6
3
34
1
5
1
27
1
3
1
42
1
3
2
13
2
8
1
4
6
7
2
49
1
13
3
38
8
3
3
29
15
14
3
4
20
14
1
9
2
9
2
42
1
4
3
31
27
10
3
45
3
9
3
43
6
3
3
41
1
4
2
39
2
7
3
4
25
2
1
29
3
4
1
4
3
6
2
11
2
5
3
68
7
7
3
8
18
2
1
38
2
1
1
9
3
2
1
47
1
4
2
38
3
9
3
44
6
12
1
34
7
5
3
13
5
11
1
3
4
13
3
34
5
12
2
42
2
2
1
14
17
7
1
7
7
8
3
49
5
14
1
53
2
9
3
1
10
11
2
40
1
3
3
27
7
13
1
60
1
3
3
52
14
9
2
9
3
6
2
18
3
7
1
28
2
2
2
55
3
1
2
18
2
2
1
55
2
1
2
52
4
5
2
15
2
4
3
12
1
6
2
17
2
4
1
10
3
7
3
42
4
1
3
22
11
7
1
26
2
8
3
35
7
7
1
32
5
5
3
5
1
8
1
5
2
2
1
68
3
7
3
16
7
12
1
65
2
8
3
33
10
4
1
36
2
4
1
37
1
2
1
61
3
10
1
66
1
3
3
31
21
5
2
22
2
12
2
68
2
10
2
17
1
3
1
34
9
7
3
14
23
13
3
38
3
6
1
43
2
8
3
49
6
2
3
6
6
6
2
41
4
4
2
71
3
13
2
68
4
9
1
49
2
11
2
28
1
8
3
23
14
5
1
33
6
8
2
35
3
6
1
3
5
3
2
22
3
7
1
38
3
5
3
30
3
10
3
54
2
2
2
1
2
5
3
47
2
11
1
45
1
14
3
17
15
9
3
25
7
2
1
15
1
10
3
53
7
9
3
11
24
7
2
44
3
4
3
9
11
13
3
16
4
14
2
5
3
7
2
14
1
9
3
47
6
7
3
37
9
5
2
15
3
7
3
17
10
9
3
33
12
12
3
32
9
2
2
67
1
12
2
1
1
4
2
66
3
12
2
40
3
8
2
9
2
12
1
44
3
13
1
15
3
11
1
23
1
12
2
65
1
5
2
27
2
3
2
25
2
7
2
35
2
13
3
66
4
7
3
66
9
3
2
54
2
4
3
37
8
7
1
54
1
13
3
12
5
1
1
71
2
3
3
3
3
6
1
13
2
10
1
40
1
4
2
26
4
7
3
63
11
8
1
35
4
2
3
68
14
8
2
47
4
4
1
41
1
7
1
54
3
2
3
63
12
1
1
66
2
9
3
6
4
9
3
2
1
8
2
33
2
2
3
9
27
4
1
16
5
1
3
61
4
12
3
39
3
2
2
26
1
2
1
26
3
7
3
10
21
3
1
52
1
5
1
17
6
9
2
71
2
7
1
63
2
7
1
25
2
11
2
10
2
3
2
45
2
7
2
30
3
9
3
67
29
4
2
33
1
10
2
8
2
9
1
27
2
7
3
40
3
2
2
55
2
13
1
11
3
6
1
68
1
12
3
7
5
5
3
26
1
9
1
32
7
9
2
47
1
12
2
2
1
7
2
60
2
7
1
67
2
12
2
12
3
1
1
43
3
9
3
26
12
1
3
10
16
11
2
23
2
5
1
23
2
13
2
14
2
6
1
63
1
3
