3
14
19
3
3
66
8
5
3
38
10
6
2
25
3
2
3
22
8
3
3
7
1
11
1
47
2
3
3
67
33
5
1
61
1
11
2
26
1
9
3
32
6
2
1
34
9
13
1
40
2
8
3
39
6
1
3
47
4
13
2
66
3
2
1
33
1
13
3
60
12
9
3
49
3
2
2
16
3
12
3
26
10
2
3
18
11
8
3
9
28
9
1
9
5
3
1
8
17
6
2
39
4
11
1
9
14
9
1
43
2
4
3
7
5
6
2
37
3
9
2
9
1
8
1
63
1
1
3
63
13
2
3
71
5
2
1
60
2
2
1
6
2
4
3
16
2
12
1
25
3
4
3
11
10
10
2
44
5
14
3
55
17
9
2
41
1
2
3
22
6
5
2
6
2
12
3
12
6
6
3
23
15
9
2
27
3
5
3
68
6
9
2
63
1
9
1
44
4
9
1
37
1
3
2
12
3
8
1
47
1
6
1
43
3
2
1
26
2
10
1
12
3
8
2
5
1
9
3
41
2
12
3
10
6
2
3
10
5
11
2
43
2
13
1
6
1
7
3
2
6
12
1
38
3
1
2
53
3
13
3
41
3
7
2
65
4
5
2
55
3
13
1
42
1
1
3
30
23
14
3
39
1
6
1
23
1
11
3
12
2
13
2
6
3
10
3
43
7
1
3
8
12
6
1
65
1
8
2
32
4
8
3
35
1
3
1
42
2
1
3
27
15
12
1
28
2
4
2
61
1
6
1
5
2
1
3
26
5
4
1
61
3
4
1
13
8
5
2
29
3
11
2
11
2
13
1
52
3
9
1
40
3
9
2
13
2
12
3
18
22
8
3
45
7
13
1
22
1
8
2
52
3
2
1
53
1
11
2
54
1
14
2
63
3
4
1
7
9
7
3
42
4
2
3
40
6
6
3
68
13
1
3
14
17
11
3
53
3
10
2
43
5
7
3
40
5
5
2
22
3
9
2
42
4
4
3
1
5
14
1
3
9
4
3
49
5
13
3
6
3
14
1
54
2
7
2
18
2
8
3
5
2
12
2
25
1
6
3
52
4
2
3
32
10
10
3
9
6
3
2
55
1
11
1
27
3
4
3
47
8
10
2
45
1
12
1
11
9
7
3
67
1
3
3
61
1
7
2
4
2
9
1
23
3
13
2
40
2
8
3
63
11
8
2
33
1
4
1
4
4
3
2
12
1
11
3
3
5
12
3
31
15
7
3
55
12
11
1
39
2
9
2
17
2
2
1
44
2
2
1
55
2
10
1
5
1
12
1
35
2
7
2
31
5
2
1
45
1
2
1
15
4
5
2
47
4
11
2
2
1
8
2
28
1
5
2
13
1
9
3
71
4
3
2
39
1
11
3
28
2
2
1
32
2
12
2
23
2
9
2
36
2
6
3
37
1
7
3
15
6
7
3
54
2
5
3
54
1
1
1
17
11
3
3
17
6
9
3
27
9
4
2
8
3
8
1
32
1
9
2
38
2
5
3
35
7
7
2
4
1
12
3
37
11
1
3
34
2
9
2
60
1
14
1
66
1
11
2
28
3
14
3
28
10
13
2
49
1
13
2
3
2
8
2
33
3
5
1
67
1
12
3
33
1
2
3
4
10
4
3
3
4
10
3
13
6
5
1
16
1
7
3
36
15
9
2
29
2
14
3
25
6
10
1
54
1
3
3
29
19
5
1
12
4
1
3
65
10
3
1
15
2
8
1
3
10
5
3
65
11
4
1
28
1
2
1
35
1
14
3
30
3
14
2
38
3
3
2
2
2
10
2
67
1
4
3
11
3
2
3
42
2
7
1
41
1
4
2
31
4
4
2
10
2
6
2
7
3
8
3
16
4
4
2
36
5
8
1
29
1
9
2
40
4
2
3
43
4
14
2
42
1
4
3
52
12
14
1
33
3
14
3
15
9
14
3
36
13
10
2
60
2
8
1
2
2
8
2
54
2
9
1
1
3
6
3
61
10
11
2
47
3
5
1
10
3
13
2
3
1
14
2
44
1
14
2
27
1
13
3
44
2
7
1
36
1
1
3
25
8
6
1
36
3
3
1
39
1
4
3
33
15
6
1
31
7
2
2
65
1
4
2
67
2
8
2
52
6
6
2
10
1
10
1
29
3
9
3
8
11
4
2
49
2
13
2
14
2
9
1
37
2
3
1
26
3
9
2
18
3
9
2
32
1
6
2
15
3
6
1
67
3
7
3
45
2
2
1
53
2
12
2
23
1
2
3
31
1
5
3
6
4
13
2
71
3
1
2
34
1
1
1
66
3
12
2
8
1
13
2
61
3
11
1
68
3
14
1
38
1
10
3
23
3
12
2
9
2
2
1
52
1
8
3
4
7
10
3
13
8
8
3
29
12
5
2
41
3
5
3
34
11
9
1
14
9
8
1
11
8
9
1
41
3
8
2
71
2
8
2
14
3
2
2
34
2
8
2
1
1
7
1
60
1
13
1
71
2
6
1
18
4
7
3
1
2
4
2
5
3
12
2
16
1
4
2
35
3
8
1
14
14
7
1
8
15
13
1
10
2
1
1
7
1
4
1
16
6
10
1
49
1
2
2
66
1
14
1
63
2
2
2
30
3
7
2
15
1
12
1
49
2
13
1
18
7
6
1
34
7
13
3
53
4
10
2
37
2
11
3
60
6
3
1
71
1
6
1
65
2
12
2
11
3
5
1
4
7
7
1
22
3
4
3
5
5
2
2
1
2
2
2
7
2
10
2
30
2
3
1
2
1
3
1
68
2
2
3
44
9
9
2
22
1
10
1
27
2
13
2
17
1
6
1
31
12
3
1
30
17
7
2
68
2
14
2
68
1
9
2
53
1
11
3
38
11
11
1
30
5
10
1
13
4
1
1
1
1
1
1
17
6
7
2
35
2
3
1
45
2
9
3
2
8
13
2
45
2
12
2
26
3
4
3
66
3
5
1
25
1
1
3
17
9
7
1
55
1
1
