2
30
2
9
1
2
2
6
3
30
11
2
1
60
2
2
3
9
16
4
2
53
1
9
2
9
1
9
1
35
4
8
1
17
1
9
3
41
1
3
3
54
1
4
1
26
3
8
2
6
1
3
1
4
5
2
2
54
2
14
3
55
5
5
3
25
5
11
3
27
17
6
1
42
1
10
2
44
3
13
2
60
2
4
2
5
3
14
1
55
2
9
2
35
3
1
1
53
1
8
3
17
16
9
3
43
1
10
3
32
2
9
1
52
2
5
3
6
4
14
1
30
4
8
2
12
1
12
3
29
11
12
2
6
2
5
2
66
2
2
2
35
2
7
2
71
2
7
2
65
3
11
3
37
7
3
3
1
3
11
1
49
2
2
3
38
10
2
3
11
1
6
1
6
2
8
1
23
3
9
2
41
2
5
1
43
1
7
1
60
1
11
1
4
3
11
2
36
1
11
3
10
21
8
1
15
5
9
2
3
2
9
2
44
1
9
3
45
2
8
3
52
15
6
3
22
9
13
3
7
3
1
2
17
3
2
1
47
3
3
3
23
14
3
3
71
3
13
3
16
1
14
1
66
3
12
3
16
6
2
3
28
11
2
3
53
5
7
2
55
1
1
3
61
7
5
3
26
11
8
3
25
4
11
3
33
18
13
3
13
2
10
1
71
1
14
1
41
3
8
1
5
2
10
2
66
3
14
1
39
3
10
1
18
6
12
3
11
22
2
1
36
2
10
1
16
3
12
2
34
3
2
3
60
19
3
3
18
14
12
1
54
1
3
1
28
2
9
3
33
7
11
3
18
22
12
1
42
2
2
1
38
1
3
1
44
3
8
1
3
11
1
3
40
6
4
1
10
6
1
1
9
12
12
2
9
3
10
1
68
1
4
2
33
2
14
3
35
6
9
3
6
6
14
1
29
1
2
1
54
3
7
3
31
7
11
2
29
3
8
2
30
5
1
2
27
3
8
3
45
5
3
1
25
3
2
2
39
2
10
1
12
18
9
1
44
4
3
3
8
4
4
3
60
18
4
2
12
2
3
2
40
1
4
1
31
10
3
2
32
4
12
3
55
4
5
1
22
2
2
3
14
16
7
1
65
2
7
3
34
3
7
2
45
4
10
3
15
7
10
2
5
1
4
1
10
2
14
1
11
10
4
2
11
1
3
1
7
11
12
3
68
2
9
3
68
4
14
3
5
4
12
3
26
3
1
2
43
1
3
3
31
26
14
3
27
9
11
3
32
5
6
1
35
2
10
1
36
3
13
1
25
1
2
2
32
3
2
3
39
3
11
1
14
12
3
2
37
2
2
2
7
1
10
2
28
1
3
3
37
11
7
1
67
1
11
3
49
6
11
1
16
6
2
3
41
3
1
2
31
5
13
2
23
2
5
1
9
7
4
1
2
3
1
2
22
1
5
1
6
1
3
2
42
3
11
2
42
1
14
3
5
3
10
3
7
5
14
2
63
3
6
3
47
5
5
1
13
1
13
1
61
3
12
3
17
6
5
2
1
1
3
1
52
1
2
2
4
3
7
1
23
1
1
3
10
4
9
2
49
4
11
1
55
1
12
2
37
3
12
1
27
2
1
1
40
3
12
1
8
1
8
2
14
3
2
2
16
1
9
3
2
4
10
1
39
2
7
3
22
11
3
2
61
2
5
3
36
5
6
1
8
13
4
2
67
1
7
1
65
1
2
2
29
1
1
1
61
1
14
1
43
2
13
2
52
3
12
3
67
37
8
1
45
2
5
3
63
13
10
3
53
6
6
3
1
9
4
1
38
3
3
1
53
2
14
1
33
7
10
3
34
4
6
1
33
1
5
2
31
1
1
3
36
14
8
2
54
1
9
3
4
6
7
1
14
19
5
2
60
3
7
3
42
1
5
2
11
3
8
1
1
3
14
3
8
2
3
3
52
11
13
2
3
3
13
1
49
1
3
3
28
5
6
1
66
1
8
2
8
3
1
3
2
7
11
3
29
7
11
3
9
3
7
3
44
2
7
2
16
2
6
3
65
1
11
1
45
1
6
2
68
1
9
3
65
8
1
2
15
3
2
3
12
6
2
1
26
1
8
2
17
1
14
1
34
4
7
2
13
2
14
2
55
3
5
1
71
3
10
2
10
1
13
3
66
4
10
2
25
3
2
1
41
1
9
3
49
4
8
3
35
5
1
3
14
12
5
3
39
10
3
2
2
1
14
2
18
4
9
3
38
12
10
3
54
2
7
2
34
2
9
2
7
2
4
1
40
2
4
1
1
1
10
2
2
3
3
2
13
3
8
3
15
15
11
2
47
4
9
3
42
3
3
1
29
2
1
3
23
5
14
1
68
3
6
1
63
2
1
2
27
1
11
2
45
3
1
1
37
2
12
1
13
6
8
1
11
12
12
2
22
3
6
1
67
2
4
3
3
8
12
1
7
6
11
1
17
3
14
2
15
1
6
3
71
5
9
3
4
3
2
1
22
3
13
2
1
3
7
1
30
18
7
2
68
4
3
1
18
9
10
2
33
1
6
1
34
2
14
2
36
2
11
1
3
6
2
1
32
2
1
2
28
3
8
3
44
5
13
3
66
9
7
2
25
1
10
2
10
3
12
3
12
7
1
2
71
1
8
3
40
3
13
2
65
4
2
2
43
3
2
3
67
28
12
2
14
1
12
3
13
4
13
1
12
16
6
1
37
1
9
1
5
1
2
2
26
4
13
2
61
3
10
2
18
3
1
2
52
2
1
2
49
1
8
2
47
1
14
2
40
2
4
2
23
1
5
1
15
2
8
3
61
10
13
3
3
6
11
2
8
2
6
1
27
1
9
1
32
1
10
1
47
1
3
1
31
2
7
2
4
1
12
2
38
4
6
3
30
1
3
2
26
3
9
2
67
2
13
2
53
2
11
2
39
4
8
2
41
4
4
2
63
2
5
3
63
11
3
1
63
1
13
1
28
3
6
3
47
10
13
2
38
3
1
3
43
5
13
