3
39
4
7
1
3
8
7
3
35
8
11
3
25
2
1
1
8
8
7
1
41
1
7
1
1
1
12
2
60
2
9
1
49
2
6
1
25
3
12
3
14
12
5
2
26
4
14
1
11
10
6
2
14
3
1
3
41
2
10
3
23
13
6
2
49
3
3
1
66
2
6
2
6
2
11
2
23
1
7
1
47
3
9
3
38
12
4
2
66
2
8
3
71
4
6
3
66
8
6
1
33
8
4
2
52
4
12
1
23
1
10
1
61
1
8
1
29
1
2
3
39
3
4
2
44
4
2
2
14
1
9
2
40
1
2
1
27
1
1
2
15
2
3
1
9
2
4
3
17
1
10
3
7
3
9
1
42
1
12
2
41
4
4
1
8
3
10
1
71
1
9
3
53
1
3
3
71
1
4
3
27
12
7
3
1
3
8
3
40
1
14
2
2
2
4
2
30
1
6
1
22
2
4
1
12
1
9
3
13
9
5
3
23
17
7
2
43
3
8
3
2
8
7
1
44
2
10
3
3
8
1
2
40
2
2
3
30
24
8
1
34
5
5
1
65
1
11
3
41
3
11
1
66
1
8
1
5
2
2
1
67
2
9
3
45
5
6
2
23
2
6
3
43
8
10
1
28
1
7
2
34
2
12
2
38
4
4
1
31
13
14
2
37
2
8
1
47
2
4
2
3
3
13
2
7
2
4
1
14
5
11
3
14
5
8
2
35
1
14
1
26
1
2
2
1
2
14
3
44
9
14
1
67
3
14
3
26
12
13
2
44
3
6
2
10
3
12
3
54
1
5
3
6
2
12
3
45
7
7
2
52
6
8
1
35
3
1
3
65
5
5
3
52
9
1
1
40
3
10
1
55
2
8
1
63
2
3
2
47
4
4
1
45
1
9
3
5
3
5
3
16
3
2
3
65
3
6
2
53
3
5
1
54
3
2
3
12
1
1
1
60
2
7
1
36
2
1
1
2
4
8
3
60
12
12
1
16
2
14
2
16
1
11
3
61
2
9
2
9
2
11
1
32
7
5
2
68
4
1
1
10
8
6
2
8
1
4
1
52
1
14
2
15
1
14
1
13
6
2
2
1
1
6
3
68
3
5
2
6
1
2
1
36
1
9
1
11
9
10
3
55
1
8
1
41
2
14
2
31
5
1
3
52
7
4
2
13
3
12
2
25
3
6
2
11
3
13
2
71
3
4
2
33
1
9
1
34
8
1
1
30
4
4
1
60
1
5
1
18
11
13
2
9
1
2
3
49
3
13
1
1
3
12
2
53
2
2
2
12
2
9
2
68
1
5
1
10
4
1
3
43
5
3
3
4
27
2
1
3
6
10
2
16
2
4
1
38
3
2
1
39
3
4
2
22
2
10
3
16
6
13
2
66
3
1
2
54
2
6
2
17
2
5
1
52
3
11
3
11
12
8
1
18
9
5
2
67
2
2
3
6
4
10
2
42
4
11
2
28
1
9
3
28
13
14
1
15
1
11
1
39
2
3
1
53
2
8
3
61
5
3
1
43
1
8
3
27
7
1
2
32
3
4
1
2
7
7
2
27
1
9
3
9
12
5
3
42
1
6
2
45
2
6
3
15
11
1
3
67
12
10
1
9
7
5
3
12
2
8
2
17
3
2
2
28
3
12
1
7
7
8
1
30
11
11
2
18
2
2
3
42
3
11
1
45
2
2
2
39
2
14
2
32
1
5
2
5
1
6
2
65
3
8
3
11
23
9
2
4
1
5
2
18
3
12
1
4
8
1
3
18
21
6
1
16
3
3
1
6
1
13
2
61
3
3
3
33
11
3
3
37
12
10
1
15
5
8
1
6
2
5
3
53
2
5
3
37
4
7
1
65
2
9
2
3
1
13
2
25
2
5
2
63
3
2
3
29
5
1
3
18
11
4
3
36
4
12
3
8
14
2
3
1
4
3
2
63
1
6
3
47
8
5
1
53
1
14
2
55
1
7
3
5
2
3
2
12
3
2
2
45
4
2
2
7
3
12
1
14
21
3
2
61
2
9
2
49
1
10
3
63
5
8
2
33
2
6
1
40
1
11
2
67
1
5
3
28
15
13
1
32
3
5
2
36
5
1
2
37
4
9
2
47
3
12
1
25
1
14
3
22
5
7
3
31
11
7
2
65
4
8
2
41
1
1
3
13
4
12
2
54
1
4
3
10
25
8
1
22
3
6
3
68
10
14
3
26
5
13
1
7
11
3
2
36
2
9
3
17
15
5
3
40
4
9
3
29
19
8
3
49
6
9
1
37
1
13
2
38
1
14
2
60
4
13
2
55
2
12
3
8
1
7
3
55
14
11
1
17
13
10
2
4
3
11
2
29
1
3
3
60
10
1
2
26
3
6
1
68
3
4
3
66
4
14
1
27
2
3
3
33
14
9
1
44
1
13
2
35
2
12
1
54
2
5
2
30
2
7
3
67
19
14
1
12
5
11
3
35
3
10
3
10
15
11
1
71
3
1
3
34
5
5
3
7
2
11
2
27
3
3
2
22
1
1
3
30
4
7
2
42
2
7
2
10
1
5
1
31
15
2
1
29
3
6
1
5
1
9
2
29
2
1
3
47
4
3
3
15
8
1
3
2
6
8
1
28
2
2
3
4
14
10
2
13
1
4
3
44
10
3
1
4
3
12
2
34
1
8
1
17
8
1
2
39
1
3
1
37
2
13
1
43
2
5
2
71
1
13
1
35
4
4
3
34
10
14
1
42
2
9
1
23
3
12
3
38
9
7
1
38
2
8
3
9
32
4
3
32
1
11
1
26
3
8
1
13
2
13
3
3
2
7
3
54
2
12
2
43
5
3
2
31
4
14
2
8
2
6
1
33
4
7
1
61
3
13
2
11
1
14
3
63
10
7
2
5
2
10
3
36
14
4
1
68
2
12
3
22
12
2
3
31
20
13
2
2
3
6
1
49
1
8
1
63
1
2
3
32
8
7
1
55
1
1
3
25
4
2
