2
16
3
11
2
66
2
14
2
52
7
6
3
40
5
9
1
65
2
9
1
54
3
12
1
5
1
11
2
4
2
4
1
31
4
5
1
16
2
3
2
30
3
9
3
4
1
12
2
43
5
3
2
43
4
10
1
15
5
2
1
29
3
6
2
8
1
2
2
35
2
4
1
13
5
3
1
17
12
14
2
29
3
13
1
68
2
8
3
45
4
12
3
65
3
13
1
10
6
4
3
13
7
8
2
12
1
1
3
32
8
12
1
43
1
10
2
35
1
1
2
22
3
2
2
66
3
4
1
12
12
8
2
65
4
10
1
52
2
10
3
15
10
10
1
41
2
1
3
29
19
1
3
49
5
4
2
4
3
5
1
3
11
8
1
33
3
14
3
11
11
9
3
33
13
6
1
14
9
6
1
18
2
1
3
25
2
6
3
60
19
13
1
39
1
1
2
32
1
2
3
6
3
7
2
16
2
12
1
66
2
11
2
44
1
1
3
68
9
6
2
11
3
1
2
41
3
9
3
30
20
11
3
43
6
11
3
18
24
6
3
55
13
12
3
65
1
5
3
38
10
14
1
23
3
1
2
9
3
11
2
26
1
14
2
13
1
2
1
60
2
2
1
45
1
9
1
17
2
1
2
18
3
6
1
11
7
7
1
27
3
4
3
15
12
8
1
49
2
14
1
63
1
1
2
25
2
9
1
68
1
3
3
42
3
2
1
43
3
5
1
40
2
1
3
67
3
6
3
39
8
13
2
18
1
6
3
68
8
2
2
65
1
7
1
44
2
14
2
31
3
11
2
42
3
8
3
42
1
3
1
67
1
10
1
65
1
9
3
2
9
10
1
9
4
9
3
10
14
11
3
37
2
1
3
54
2
2
2
40
3
2
1
13
8
12
3
28
16
7
2
68
3
9
3
17
10
10
3
7
2
1
2
39
1
4
2
17
2
13
1
8
2
1
3
3
1
11
3
14
13
7
3
49
1
4
3
43
1
7
1
37
2
2
2
3
2
12
1
67
2
7
1
3
3
5
1
22
2
6
1
10
5
14
3
10
16
9
3
71
2
8
3
5
1
7
1
31
13
2
2
9
1
8
3
35
5
13
2
7
1
2
2
2
1
12
3
6
1
13
2
49
2
14
2
7
2
5
1
37
1
4
1
16
7
9
2
34
2
13
3
52
4
13
1
40
3
9
3
61
11
13
1
36
1
11
3
5
4
8
3
38
6
11
1
41
1
3
3
44
7
11
1
2
3
4
2
60
4
3
2
29
1
11
2
33
3
2
3
12
2
6
2
47
4
12
3
36
10
1
2
2
2
4
2
31
4
10
1
36
3
3
3
60
22
3
1
34
3
10
3
16
5
14
3
22
12
12
2
15
2
3
2
30
2
1
1
4
2
13
3
26
7
1
1
25
2
1
1
61
3
12
1
7
6
2
3
23
6
2
2
37
4
7
1
55
2
2
1
53
2
10
3
45
7
14
3
22
11
12
3
17
5
5
3
53
2
7
1
15
1
14
2
55
1
5
1
6
2
11
3
71
1
13
1
27
2
4
1
52
1
10
2
67
1
8
3
31
15
6
3
3
10
4
3
23
15
4
2
38
3
8
1
47
3
8
1
42
2
8
1
29
2
10
2
61
2
1
2
63
1
12
2
32
3
5
3
47
3
11
1
63
2
7
2
11
1
8
1
60
1
6
2
60
2
12
3
54
1
3
2
28
3
10
2
12
2
11
2
28
1
11
2
10
3
2
2
27
3
11
3
27
1
6
1
4
6
5
1
30
1
5
2
71
2
12
1
47
1
9
1
14
19
13
3
11
19
2
3
27
17
1
3
66
8
2
1
35
4
13
3
14
17
8
1
1
3
4
1
38
2
2
2
25
1
11
2
52
5
1
2
54
1
14
1
53
1
10
1
34
6
10
1
42
1
7
3
37
1
14
2
14
3
2
1
33
6
7
2
33
1
8
1
45
2
3
3
18
20
6
3
9
11
3
3
39
3
1
2
38
4
3
3
26
3
12
1
49
1
13
2
6
1
12
1
11
2
4
2
67
2
7
2
26
2
11
1
6
1
14
2
5
2
14
1
9
14
13
2
6
2
12
2
8
2
1
1
22
3
12
1
18
10
10
1
28
1
9
3
1
2
14
1
32
1
10
1
44
4
14
3
30
6
11
2
10
1
10
3
29
16
2
2
61
1
5
1
71
2
8
3
32
2
7
2
41
5
6
3
25
3
8
2
15
3
1
2
27
1
5
2
36
3
3
1
1
1
9
2
34
1
2
2
42
1
10
3
12
1
1
2
13
2
11
3
41
3
9
3
2
4
8
3
28
11
10
1
26
3
7
2
40
1
13
1
2
5
6
2
3
3
3
3
55
8
5
1
54
1
3
2
44
5
10
3
36
5
7
3
67
4
8
2
1
1
11
2
39
2
14
3
61
3
12
3
63
12
2
2
54
2
6
1
39
2
7
1
38
3
1
1
23
1
7
2
49
3
12
1
26
1
12
3
7
3
14
3
4
9
7
1
12
14
6
2
53
2
5
1
25
1
1
3
8
18
13
2
71
1
7
2
68
1
10
1
8
9
9
1
35
2
14
2
45
4
3
2
23
1
9
3
47
7
13
1
55
1
4
1
66
3
14
3
53
8
7
2
1
2
14
2
63
3
7
2
47
2
9
3
34
4
11
3
9
8
2
2
37
3
8
3
40
3
3
2
14
1
13
1
32
3
10
3
13
1
4
3
34
1
5
1
61
2
2
2
22
2
12
2
36
2
8
3
1
8
7
2
45
3
8
3
41
4
2
1
28
2
2
1
30
20
13
3
33
5
6
2
23
2
6
3
44
9
5
2
5
3
3
2
53
3
14
1
7
2
3
1
5
2
6
2
17
1
6
3
63
9
6
1
71
1
9
3
16
8
3
3
52
3
14
3
35
6
8
3
8
2
12
3
31
27
5
2
55
3
5
3
66
7
10
