3
45
3
13
2
11
1
2
3
6
2
3
2
29
3
9
3
44
7
12
2
68
2
8
2
67
1
1
3
30
5
8
3
7
1
13
1
37
1
2
3
29
17
2
2
35
2
13
3
27
9
11
2
38
5
9
3
45
5
3
3
52
9
13
3
1
9
10
3
5
4
4
3
6
5
2
3
42
2
2
3
36
12
7
3
53
6
7
3
35
3
6
3
23
17
7
2
35
1
12
1
10
4
11
2
4
3
8
2
33
1
14
3
37
4
9
2
41
3
3
1
23
3
3
1
4
4
1
2
32
1
8
2
17
1
14
2
30
5
1
1
55
2
5
1
43
3
4
2
6
3
2
3
25
3
4
2
15
2
14
2
16
3
13
1
52
1
2
2
54
1
6
2
65
4
13
2
40
2
9
2
32
3
14
2
43
1
12
1
71
2
10
3
2
4
5
1
14
9
12
1
34
10
1
3
55
1
11
3
71
2
10
2
52
6
12
3
39
6
8
1
32
2
10
3
61
5
3
3
26
9
12
2
41
2
3
2
9
2
13
2
42
2
6
1
1
1
8
2
37
1
3
1
65
1
9
3
40
2
5
1
35
4
6
1
35
3
12
2
14
1
9
3
7
3
2
1
45
2
3
3
38
3
1
1
4
8
11
1
41
2
1
3
36
10
13
1
41
3
12
2
23
1
7
2
45
3
13
1
6
1
2
1
26
2
1
3
54
1
13
1
66
1
6
2
68
4
11
3
35
8
7
2
3
2
9
1
34
6
3
2
38
3
11
3
13
1
10
1
44
4
13
3
8
10
5
3
55
5
7
2
27
2
4
1
5
1
9
2
7
1
7
2
66
1
11
2
36
3
8
1
13
7
8
1
30
5
13
2
16
1
3
3
11
18
8
1
39
4
12
3
54
2
4
2
13
2
8
2
44
3
14
2
53
2
9
1
29
1
12
2
23
2
14
2
17
3
11
3
31
9
5
1
54
1
12
2
42
3
2
2
1
3
14
1
33
1
2
1
40
1
6
1
11
2
14
2
2
1
4
3
16
7
13
2
26
3
3
2
31
5
4
1
25
2
7
1
67
2
12
1
22
3
10
3
15
1
3
2
3
1
1
3
18
21
11
2
25
2
8
1
53
1
4
2
49
1
8
2
12
2
14
1
18
14
14
1
63
1
14
1
42
2
2
2
13
1
4
3
8
15
8
3
14
13
14
2
10
3
9
1
9
2
8
2
71
1
2
1
3
2
6
1
61
1
7
2
8
1
5
2
11
2
4
3
65
20
8
1
68
3
4
1
5
2
6
3
31
2
1
2
25
1
14
1
47
3
9
3
66
5
3
3
1
2
4
1
14
13
10
1
15
2
1
3
4
1
9
3
9
19
1
2
52
5
12
1
30
13
4
3
3
8
8
1
2
7
7
2
55
2
11
1
28
3
12
3
27
15
1
2
15
1
5
2
43
4
8
3
39
1
4
1
8
12
4
3
11
17
5
1
61
2
12
3
16
1
10
1
15
1
8
1
71
1
9
2
9
1
7
1
17
16
9
1
42
1
3
2
30
2
3
2
63
1
13
1
67
3
5
1
38
2
10
3
61
2
1
2
5
2
14
2
63
3
5
2
18
3
5
2
45
4
4
2
39
3
11
3
38
4
1
1
16
4
10
3
67
6
1
3
30
4
8
3
15
4
4
3
2
2
7
3
32
6
4
2
60
3
6
1
7
10
6
1
39
3
5
2
28
1
4
3
42
1
2
3
12
6
3
3
63
4
4
1
40
2
2
2
18
2
14
1
9
3
11
2
29
2
11
3
28
6
7
2
55
1
3
3
23
11
8
1
37
2
14
3
22
3
14
3
66
8
4
1
11
9
11
1
53
2
1
1
49
2
8
3
14
5
10
1
60
1
13
1
49
1
2
1
13
9
9
3
60
2
7
1
47
2
9
2
65
3
2
1
6
2
6
3
18
11
12
3
12
1
6
2
67
2
14
1
12
11
2
3
68
16
2
3
49
7
7
3
53
1
9
3
65
11
1
3
68
13
13
3
17
11
1
2
10
1
13
3
26
3
7
2
39
4
7
2
22
2
5
1
8
9
5
3
34
4
10
1
23
2
5
2
33
3
6
1
29
3
6
3
34
8
10
3
67
19
1
2
47
2
3
1
38
3
8
2
2
3
7
2
53
3
12
2
54
2
8
1
32
5
13
3
71
3
1
2
31
2
11
1
12
14
10
1
7
8
6
1
1
3
12
2
8
2
9
3
4
4
12
3
9
1
13
3
52
12
2
3
5
3
12
3
33
17
4
1
2
6
7
1
22
1
10
1
3
5
6
1
16
1
10
3
47
2
5
3
43
5
5
1
54
3
14
2
36
1
2
3
3
6
1
2
34
1
4
3
60
31
1
2
61
1
12
2
60
1
12
3
47
7
4
1
45
1
7
3
43
8
5
3
22
9
9
1
55
1
3
3
33
1
14
3
63
7
6
1
36
1
5
1
25
3
11
1
63
2
3
1
52
2
1
3
28
8
11
2
40
1
1
3
49
2
2
1
65
2
10
3
10
2
13
3
41
4
4
2
5
1
12
1
44
2
6
2
12
3
1
3
10
5
5
1
17
15
3
3
32
3
8
2
71
2
7
1
60
2
8
1
27
2
3
1
66
3
12
3
41
2
4
2
37
2
8
2
4
1
13
3
25
8
12
2
22
1
2
1
27
1
4
1
33
7
5
3
13
5
14
2
14
3
4
3
40
1
10
1
36
2
12
1
26
3
9
3
37
1
8
1
43
1
2
2
1
2
6
2
49
2
3
1
10
1
7
2
61
3
4
2
6
1
8
1
68
2
14
2
34
2
3
1
18
1
4
2
7
3
1
3
17
3
14
2
28
3
4
2
66
3
6
2
26
1
14
1
28
1
14
3
44
4
4
2
47
4
4
1
31
18
2
2
27
3
10
1
31
15
13
2
44
2
7
3
29
10
6
