1
9
10
4
3
17
12
10
3
35
6
4
2
12
2
1
3
14
6
6
1
18
4
1
1
42
1
10
2
71
1
12
3
52
12
10
2
22
2
3
2
1
3
9
3
31
20
1
2
29
2
4
1
67
3
13
3
16
1
10
1
28
3
7
2
52
2
10
1
28
1
10
3
3
5
12
3
28
3
3
1
38
2
13
3
8
7
5
1
37
1
11
1
39
2
6
1
13
1
13
2
9
2
14
3
68
8
5
3
2
1
3
1
27
3
11
3
44
7
3
2
45
4
10
3
33
11
10
2
66
2
14
1
47
3
14
2
32
1
3
3
71
2
5
2
15
2
1
3
38
5
1
2
36
1
11
2
42
3
9
3
66
4
12
2
68
3
3
2
60
2
11
3
8
17
5
1
52
2
9
1
63
1
12
3
4
18
12
1
16
3
5
3
25
4
1
1
42
2
3
2
41
4
11
1
45
1
8
1
61
2
6
2
6
2
10
1
26
2
2
3
10
6
7
3
14
2
8
1
40
1
4
1
53
2
4
3
7
2
13
1
40
3
8
2
15
1
1
1
17
6
6
3
23
11
3
2
53
1
3
3
2
6
11
3
29
11
12
2
27
2
4
1
34
11
4
3
67
7
11
1
7
10
13
1
35
4
10
1
13
8
6
1
68
2
5
3
47
4
12
3
49
2
1
1
6
2
9
1
65
2
3
3
43
5
13
1
11
4
6
2
44
3
5
3
60
26
2
2
40
4
13
2
23
2
13
3
37
10
1
1
49
2
3
2
10
3
6
1
52
3
5
2
54
1
9
2
13
1
3
2
16
2
9
2
49
1
4
3
9
3
3
2
6
3
13
3
42
2
8
2
22
1
6
3
40
1
5
2
5
3
5
1
47
1
11
1
71
1
4
1
29
1
10
2
13
2
10
2
34
1
2
1
41
2
12
2
36
5
7
1
25
1
10
1
27
2
2
3
44
2
8
3
54
1
7
2
1
1
6
3
9
9
14
1
10
5
6
2
33
3
14
2
68
4
2
1
11
1
11
2
47
3
4
3
29
10
14
1
16
2
10
3
65
7
14
3
49
5
13
1
23
3
1
3
40
3
1
1
43
3
9
2
14
1
12
3
71
1
2
2
23
3
6
3
3
4
9
2
42
1
9
1
15
1
10
3
43
4
14
2
29
1
14
1
3
3
7
1
33
5
10
1
44
1
13
2
67
2
14
2
61
2
9
2
38
2
8
2
11
2
11
1
54
3
3
3
36
9
5
3
1
5
4
3
67
16
1
3
12
6
14
2
40
3
3
3
65
15
8
1
22
1
8
2
31
3
3
2
54
2
6
1
3
5
11
3
15
1
6
1
22
3
7
2
43
2
14
1
53
1
2
3
28
1
2
2
41
5
1
1
10
6
2
1
1
3
11
2
2
2
7
3
60
16
13
2
53
3
12
2
17
3
1
3
30
2
1
2
12
1
2
3
45
7
9
3
25
2
2
3
55
1
9
2
32
2
9
2
16
3
13
3
11
25
7
3
35
7
12
3
55
3
4
3
27
2
11
2
47
2
1
1
5
2
9
1
32
7
2
3
17
3
10
3
4
22
7
3
6
3
13
1
45
2
3
2
3
3
3
2
8
1
6
2
28
3
2
3
6
5
1
3
37
3
8
1
66
3
7
3
22
5
7
2
38
4
1
2
25
3
1
3
39
10
6
2
33
2
2
2
37
1
12
3
41
1
10
1
39
3
1
1
63
2
3
2
55
3
1
2
25
2
10
1
37
2
10
3
27
11
9
3
54
2
1
2
39
4
11
2
2
3
13
3
7
5
6
1
60
2
4
2
60
3
9
3
52
10
4
1
36
1
8
2
4
2
8
1
25
2
11
3
38
11
1
3
1
7
2
3
45
5
4
3
13
3
8
1
68
1
2
2
30
3
14
3
11
22
13
3
10
15
3
3
16
4
8
2
63
3
12
2
5
1
3
3
63
13
12
2
34
3
12
3
41
4
7
1
54
2
10
2
11
1
9
1
33
7
14
2
18
4
6
1
44
2
10
1
30
17
2
3
47
3
10
3
22
4
10
2
27
1
11
3
42
1
3
3
15
14
8
1
41
3
7
2
17
2
3
3
18
2
8
2
61
3
13
1
31
14
9
2
45
2
1
1
38
1
10
3
32
2
7
1
18
9
4
2
4
3
10
1
8
17
9
3
53
6
10
2
63
1
8
2
10
1
13
3
5
3
13
1
12
8
4
1
66
1
6
1
34
7
12
1
30
13
1
1
31
6
14
3
63
8
6
3
39
7
2
2
30
1
4
3
23
13
6
1
17
2
8
1
1
1
12
2
39
2
5
2
37
4
11
1
15
3
12
2
43
5
7
1
65
1
12
3
61
9
9
3
5
1
5
1
5
1
6
3
18
15
9
2
44
1
2
2
65
2
10
2
55
1
10
1
14
10
6
1
8
14
4
3
12
7
13
1
43
2
13
2
35
2
5
2
26
2
12
2
65
4
8
2
9
3
1
3
30
14
5
1
4
7
12
1
55
2
3
2
31
5
4
1
4
1
11
3
32
1
12
1
29
3
2
1
6
1
6
2
71
2
6
1
26
3
1
2
52
7
10
2
66
3
14
2
28
1
2
1
71
3
13
1
32
5
7
3
34
8
2
1
67
1
2
2
7
2
3
2
14
2
1
1
2
7
9
2
67
1
5
1
61
1
11
2
7
1
7
2
49
4
11
2
8
2
6
1
7
8
7
3
36
5
3
1
36
3
5
1
12
10
1
2
35
3
4
1
14
18
5
3
61
6
11
2
18
1
9
3
13
5
12
1
55
1
8
1
35
1
2
3
31
15
13
1
23
1
2
3
26
9
13
3
68
12
7
1
2
1
6
2
3
2
12
3
34
7
13
1
9
7
5
2
26
1
14
3
26
11
11
3
53
8
5
1
60
1
4
3
66
6
6
1
49
1
13
3
33
20
7
