1
33
7
5
1
38
1
7
2
17
1
7
1
30
17
7
1
66
2
5
1
16
1
13
2
12
1
3
1
43
1
8
1
60
2
2
1
54
3
11
3
2
1
13
2
8
1
9
2
63
1
13
2
16
2
12
1
35
4
10
1
45
2
12
1
15
4
7
3
39
3
3
2
45
2
1
2
6
1
1
1
25
3
6
3
3
9
3
2
10
2
5
3
26
1
7
2
29
1
4
2
55
3
13
2
5
1
6
2
53
3
4
3
44
4
4
1
30
21
7
3
32
10
13
2
15
2
7
1
63
1
1
3
11
25
6
3
17
1
8
3
12
3
13
3
25
5
12
2
61
1
7
3
31
10
1
1
29
1
6
2
40
1
14
1
5
1
2
2
23
2
12
3
35
2
6
2
68
4
3
1
52
2
6
3
55
14
12
1
54
2
14
3
13
9
5
1
67
3
10
1
41
3
1
2
52
1
2
2
34
2
4
3
8
16
5
3
30
2
6
1
28
3
9
3
18
14
11
2
33
1
8
1
17
5
6
1
31
4
8
2
35
3
2
1
6
2
3
2
66
1
8
2
61
2
1
3
34
6
14
2
38
2
9
1
14
14
12
3
9
29
11
1
33
8
2
1
63
2
13
2
7
1
1
1
14
5
7
3
8
18
8
1
40
1
9
2
71
3
3
3
43
4
10
1
38
3
14
2
67
2
11
1
23
1
11
1
43
2
7
3
33
2
14
1
55
1
13
2
3
3
1
2
43
5
4
1
47
2
7
3
16
2
10
3
37
3
7
2
6
3
4
1
6
1
4
1
32
2
7
2
60
1
2
1
35
1
8
2
11
2
6
3
17
14
10
3
61
7
9
3
38
4
14
2
34
3
4
3
4
15
9
3
14
1
2
3
40
3
3
3
63
2
2
2
28
3
11
1
22
1
3
2
36
5
7
1
53
1
11
3
37
10
9
2
25
1
9
2
52
6
11
1
39
2
12
1
42
2
10
2
31
5
4
3
49
1
9
3
66
4
1
1
37
2
8
2
67
1
13
1
65
1
5
3
60
18
5
3
39
2
9
1
60
1
5
3
27
8
14
3
67
21
7
2
49
3
12
2
14
1
2
3
71
1
2
1
44
4
10
1
4
6
13
1
44
3
7
3
28
11
4
1
34
11
1
3
12
6
5
3
52
10
13
2
8
2
2
1
29
3
10
2
65
1
10
2
27
1
7
3
18
8
13
1
22
3
13
2
2
1
10
2
42
3
1
2
2
2
14
3
36
14
13
3
71
2
3
2
33
2
4
2
68
2
1
3
1
1
3
1
12
14
3
3
6
3
2
1
47
1
14
1
7
9
11
2
54
1
8
3
4
17
13
3
34
5
7
2
47
3
13
3
2
11
12
2
26
4
2
3
10
19
3
1
3
10
14
1
53
2
5
3
22
8
11
1
68
1
10
3
7
4
10
2
27
3
9
2
65
3
11
2
22
2
3
1
32
6
9
3
35
1
6
1
65
2
14
3
52
9
6
1
2
2
14
2
41
2
11
2
30
4
8
3
15
11
11
2
40
4
8
2
13
2
2
3
45
6
4
3
11
20
6
1
28
2
11
2
1
1
8
2
4
2
11
1
16
4
13
3
49
4
13
3
30
19
13
2
7
2
13
3
27
10
3
2
66
3
7
2
44
1
9
2
5
3
7
1
10
8
10
3
61
9
11
3
63
11
4
2
9
3
11
1
9
4
7
2
41
4
11
3
22
7
8
2
14
3
2
2
17
2
6
2
54
2
3
3
44
2
12
1
8
17
3
2
63
3
1
3
5
4
3
3
68
7
10
2
42
2
12
1
49
1
1
2
12
2
10
1
11
11
5
3
38
10
5
3
32
5
5
1
2
3
11
3
6
1
2
3
10
3
10
3
42
4
4
1
27
3
5
2
39
1
14
3
3
7
10
3
41
3
3
2
10
1
11
3
60
5
4
3
68
13
7
1
34
7
6
2
32
4
9
3
23
6
11
1
71
2
12
2
47
2
2
3
45
1
3
1
39
1
11
3
53
5
12
3
53
1
9
2
18
2
11
2
32
2
10
2
4
3
11
2
26
1
13
1
45
1
13
3
47
4
7
3
42
1
2
3
54
1
14
2
13
3
7
2
22
1
2
2
49
1
5
3
5
2
1
2
60
4
13
2
31
2
10
3
29
14
1
1
13
6
11
1
7
5
5
1
52
1
12
1
55
2
6
3
7
3
14
2
53
1
3
3
28
14
11
2
15
1
6
2
71
1
5
1
5
2
8
3
16
3
11
2
18
3
13
2
9
1
3
3
40
1
2
1
66
1
8
1
23
3
7
1
15
2
14
1
40
3
3
3
23
12
10
3
67
19
12
1
1
1
1
3
54
2
3
2
16
1
14
1
67
2
7
1
42
1
7
2
37
1
9
1
9
9
1
3
13
6
11
2
28
2
10
3
65
15
11
3
47
8
9
2
39
4
5
3
26
4
7
2
45
1
8
3
1
5
13
1
26
1
7
1
49
2
8
1
27
1
13
1
61
2
14
1
4
1
1
3
36
13
3
1
26
2
11
2
3
2
10
1
11
1
6
1
31
5
1
3
41
4
14
1
36
3
13
2
43
4
12
1
25
2
12
1
3
11
8
1
18
12
14
2
36
2
13
3
65
1
14
3
14
18
13
2
29
2
13
1
10
2
11
1
71
1
8
2
25
2
2
3
66
5
12
3
31
9
11
2
37
4
8
3
55
6
1
3
9
2
9
1
8
8
12
3
29
17
13
1
1
2
13
1
36
2
1
3
43
2
4
2
1
3
3
2
44
3
2
1
18
11
2
3
25
7
3
2
11
1
11
2
38
1
7
2
35
2
4
1
61
3
1
3
33
5
2
1
17
13
4
1
41
1
11
1
68
2
6
3
15
13
7
2
23
1
14
2
55
2
8
2
30
1
7
1
13
2
10
1
12
9
5
1
37
1
11
