1
37
2
1
1
33
8
13
1
25
3
11
1
54
1
5
2
37
4
3
2
66
2
3
1
7
1
9
2
68
3
2
3
28
4
13
2
31
3
5
2
65
4
12
3
71
3
8
2
67
2
8
1
11
5
8
3
29
14
14
1
42
1
1
1
41
2
4
2
53
1
6
2
1
3
4
1
4
5
12
3
18
24
5
1
44
2
12
3
26
4
12
1
6
2
5
3
55
16
6
1
42
2
4
1
11
11
11
2
60
3
2
3
32
4
5
1
7
10
9
1
35
2
11
1
53
1
7
1
68
1
1
1
26
3
4
1
43
2
4
2
27
3
8
1
9
1
7
2
41
2
5
1
68
2
13
1
38
2
1
1
63
2
7
3
25
6
10
3
47
1
5
1
2
4
4
1
8
12
13
3
22
9
4
1
31
16
7
1
23
2
14
1
40
2
6
3
27
3
13
1
53
2
7
3
5
4
1
2
16
3
14
3
25
5
10
3
39
6
14
2
25
2
5
2
32
3
4
3
45
2
2
3
36
6
6
2
11
3
5
3
63
1
3
3
6
4
5
3
43
3
12
1
10
5
10
2
5
3
6
3
17
17
12
3
53
8
9
2
49
1
4
3
16
1
9
3
16
3
5
3
11
24
4
2
2
2
12
2
15
3
5
2
67
1
8
3
15
15
6
2
3
3
11
2
38
3
4
3
71
4
3
3
54
2
7
3
26
12
13
3
39
9
1
1
37
1
5
3
55
7
5
2
38
1
5
1
61
1
6
1
49
2
12
3
61
6
2
3
6
5
2
2
15
1
12
2
49
2
12
2
9
3
2
1
10
2
4
3
38
5
12
1
54
3
9
1
47
2
7
2
35
3
13
1
67
3
11
3
12
4
6
1
47
1
11
3
44
1
7
2
10
2
8
1
4
8
2
1
1
3
13
2
22
1
5
2
54
1
11
2
28
3
4
2
13
2
14
2
5
2
6
2
35
1
1
1
29
2
7
2
7
2
2
3
35
3
10
2
8
1
4
3
34
4
8
1
49
1
8
1
8
8
4
1
36
3
5
3
3
7
10
2
18
1
12
3
67
22
12
2
29
1
6
2
8
2
1
3
40
3
4
3
60
7
8
2
27
2
12
3
52
10
7
1
39
1
8
3
31
23
5
2
6
3
5
3
60
26
3
2
25
3
6
3
30
26
14
2
30
5
9
2
61
1
4
2
47
1
4
3
1
4
10
1
26
1
3
1
1
2
10
2
34
1
11
2
52
4
9
2
4
1
12
2
23
2
2
3
61
4
12
3
43
2
6
1
32
6
5
3
65
14
9
2
42
4
11
2
23
1
10
1
18
8
10
3
44
3
13
1
16
7
1
1
61
2
12
2
66
3
3
3
11
16
9
2
6
2
1
1
27
2
11
1
25
1
1
1
13
9
11
1
30
8
6
3
23
1
7
1
34
2
6
1
55
2
6
1
35
1
2
3
35
7
9
3
41
2
8
3
52
15
9
3
12
1
3
2
11
1
14
1
66
2
5
2
16
1
9
3
42
1
13
2
53
2
8
2
43
5
7
1
65
1
11
3
41
4
10
3
29
8
14
3
54
1
10
1
67
2
1
2
9
1
12
3
33
9
4
1
44
3
12
3
36
13
5
2
42
2
12
1
3
6
1
1
16
3
13
2
55
3
8
2
22
3
11
2
18
2
1
1
60
2
3
1
60
1
1
3
8
10
10
1
2
1
9
1
63
1
5
1
6
1
11
2
44
5
1
3
53
6
10
3
17
12
5
3
1
5
12
1
22
3
7
1
30
18
9
3
4
16
10
3
14
14
9
2
40
3
12
3
9
24
6
1
45
1
10
1
15
4
2
3
63
12
5
1
34
7
1
2
32
4
2
3
37
7
1
2
44
1
8
3
34
9
2
3
2
5
14
1
31
4
7
1
36
1
11
1
65
2
13
1
14
5
7
3
7
3
3
2
40
4
8
3
13
3
12
2
39
3
13
2
41
1
1
3
45
7
8
1
14
9
7
3
49
4
7
1
55
1
13
1
38
3
14
2
26
2
8
3
67
7
1
2
36
4
10
2
33
1
13
2
63
3
9
1
17
6
6
2
71
2
7
2
30
3
2
2
60
4
10
3
14
15
3
1
41
1
9
1
52
1
2
2
71
1
13
3
66
7
11
3
31
4
3
2
36
5
4
1
32
1
1
2
45
4
13
3
9
28
13
2
10
3
6
1
33
4
9
2
2
3
5
2
52
7
3
1
12
2
7
2
1
1
9
2
47
3
3
3
15
12
1
3
49
7
12
2
17
2
12
3
18
22
7
2
63
1
13
1
45
2
9
3
5
2
1
2
3
2
7
3
37
2
12
3
40
6
11
1
29
3
6
2
28
2
7
2
68
2
14
2
12
2
6
2
13
1
9
1
43
1
8
2
54
2
2
3
28
3
10
2
31
1
6
3
66
9
1
3
33
13
2
3
4
24
5
1
39
4
5
3
22
1
8
3
23
13
14
2
26
1
11
1
28
2
2
2
37
3
3
3
7
1
1
3
10
5
8
1
15
5
12
1
28
1
11
1
13
7
7
3
47
8
1
1
3
9
6
2
65
3
5
1
71
3
4
3
68
5
5
2
39
2
1
3
3
5
13
3
13
1
13
2
14
1
5
2
55
2
14
3
32
10
11
2
14
2
2
2
7
1
1
1
5
1
4
2
12
3
10
1
71
1
4
1
66
3
8
3
38
3
1
1
40
3
3
3
10
1
14
2
61
3
2
3
30
21
1
3
2
12
13
2
17
3
3
1
18
4
9
1
9
14
9
3
42
2
1
2
34
2
11
3
65
15
13
1
27
1
11
1
23
1
12
1
17
4
11
1
5
2
12
2
33
2
2
2
4
3
10
2
45
3
2
1
12
15
7
3
27
5
8
2
29
2
11
1
52
2
2
3
68
17
4
3
8
14
12
1
22
1
3
2
43
1
11
