1
42
2
12
3
61
6
3
3
9
6
10
1
44
3
12
1
53
1
3
2
5
1
5
2
8
1
5
2
42
4
8
3
5
2
14
1
44
2
9
2
5
3
1
1
36
2
2
3
11
22
11
1
54
3
3
1
5
2
6
2
16
3
1
3
42
1
6
2
18
4
11
1
13
4
12
1
31
5
12
1
33
6
11
3
34
2
5
3
9
27
6
1
43
2
4
3
43
2
1
3
35
8
3
3
40
2
2
1
60
2
12
1
63
2
12
3
2
12
10
3
7
1
12
2
32
4
1
1
32
1
6
3
4
13
2
3
63
8
12
3
32
3
4
1
40
1
2
3
28
12
8
3
68
3
2
3
15
5
3
1
37
1
8
3
33
20
2
3
4
22
4
1
49
1
11
1
15
4
12
2
28
1
9
3
47
3
9
2
41
5
3
2
54
1
4
1
6
2
6
3
37
7
4
2
53
3
9
3
67
21
12
1
67
1
10
2
37
3
10
1
25
1
2
2
3
1
1
1
65
2
13
3
3
3
12
2
33
1
5
1
26
1
6
3
23
18
6
1
29
2
13
1
9
3
7
2
42
2
13
2
40
3
7
1
45
2
12
3
1
9
13
2
44
5
13
1
2
7
7
1
7
10
11
2
7
1
1
1
55
2
6
1
27
1
2
3
71
4
4
3
17
12
5
2
29
2
4
3
13
8
4
3
22
8
6
3
15
14
3
2
10
3
11
2
13
3
3
1
17
7
4
1
23
3
3
3
65
21
7
1
31
12
14
3
14
14
10
3
44
5
5
3
55
3
2
1
1
1
7
1
10
2
13
2
10
2
5
2
49
4
13
2
33
2
7
2
61
3
8
2
47
3
2
1
49
2
6
2
67
1
3
2
34
2
11
2
60
2
1
3
45
2
8
1
4
1
7
2
17
2
3
2
17
3
12
1
38
3
5
1
55
1
1
3
8
18
1
1
23
1
3
3
52
3
10
1
66
1
8
3
43
4
1
3
40
1
4
3
22
6
6
2
39
4
7
3
5
4
10
3
41
4
9
3
8
12
6
2
32
3
7
1
14
3
5
2
44
4
9
2
30
2
5
2
6
2
9
1
18
8
6
1
8
4
11
2
1
3
14
1
41
3
12
1
12
9
8
3
11
15
12
1
1
3
3
2
22
3
11
3
2
3
7
1
9
14
3
2
31
4
6
3
6
4
4
1
60
1
13
3
44
4
6
3
41
2
3
1
35
4
8
3
53
1
8
1
17
9
13
1
43
1
9
3
52
4
4
1
61
2
5
1
4
5
14
1
39
2
13
2
23
1
7
1
26
3
4
3
42
4
4
2
39
2
8
1
34
11
14
2
63
1
12
2
38
2
4
1
33
5
6
2
26
1
11
2
4
1
5
2
36
5
2
1
6
1
1
3
38
1
11
3
66
4
9
1
15
1
7
1
29
1
13
1
8
7
3
1
39
3
5
3
16
8
11
2
31
5
10
3
45
6
10
2
6
1
12
1
11
12
2
3
38
8
2
1
68
1
13
1
37
2
2
3
1
1
7
1
68
2
14
2
35
3
4
2
34
1
12
3
12
3
13
3
17
10
6
1
52
2
1
2
4
2
6
2
12
1
9
3
34
3
7
2
25
1
14
2
68
3
7
3
35
4
12
2
43
4
1
3
71
5
4
2
26
2
1
2
16
1
5
2
1
1
9
2
67
2
11
2
7
2
3
1
30
17
6
1
41
1
11
3
54
1
12
3
32
8
4
1
28
1
8
3
68
17
12
2
55
2
6
3
29
6
7
1
71
2
5
3
10
15
7
2
47
4
3
2
27
3
6
2
15
1
6
1
5
1
2
2
52
2
1
2
12
3
8
2
14
1
9
2
13
1
13
3
26
7
1
3
39
3
14
3
60
26
6
3
28
3
11
3
53
5
1
1
40
2
14
2
54
2
4
1
22
3
14
2
37
1
1
2
40
4
1
1
54
1
5
1
53
2
14
2
15
2
5
3
31
7
5
2
29
1
7
2
9
2
7
1
18
14
8
2
45
2
14
1
3
9
7
2
45
4
13
3
30
12
14
1
35
2
12
3
36
14
13
3
26
5
7
2
22
2
7
3
27
2
9
1
38
1
5
3
37
5
14
2
68
4
4
3
65
15
7
3
39
2
5
3
60
22
4
3
14
15
8
1
47
3
7
3
10
9
3
1
45
1
4
3
23
17
14
1
22
2
13
1
16
7
6
3
13
6
7
1
2
6
1
1
34
1
10
3
66
7
1
2
28
2
7
3
6
3
3
3
47
7
14
2
36
2
5
2
14
3
13
2
52
5
4
1
66
2
5
1
71
3
4
2
55
3
14
3
49
5
7
3
16
1
12
1
16
5
14
2
63
3
6
1
11
1
4
3
36
6
7
1
25
2
3
2
35
1
3
2
66
2
6
2
9
1
1
2
49
2
7
2
3
3
8
3
49
7
4
2
11
2
8
2
25
3
6
2
18
3
12
2
71
3
9
3
18
6
6
2
30
1
3
3
25
1
8
1
14
6
5
1
52
1
9
1
13
1
6
1
61
1
3
2
61
2
13
3
12
1
9
3
61
3
6
3
31
27
14
1
67
2
2
3
55
8
5
1
36
1
7
2
60
1
1
3
25
9
14
1
65
1
7
2
65
1
13
1
7
7
12
1
3
11
2
2
65
3
10
3
67
27
13
3
18
3
13
1
28
2
7
1
27
3
8
2
41
1
11
2
53
1
13
2
2
1
7
2
27
2
4
3
27
12
3
2
11
1
6
2
71
2
12
3
3
7
3
1
42
1
5
3
29
17
6
2
43
1
8
2
2
2
8
2
8
3
11
2
38
4
8
1
32
6
10
3
30
27
14
1
10
4
4
1
12
11
10
3
63
5
7
3
33
2
14
2
23
3
7
1
30
1
2
3
54
2
6
1
63
1
8
2
66
3
5
3
7
3
12
1
47
1
12
