1
47
1
12
3
38
2
4
2
35
3
2
1
32
5
2
3
37
8
4
2
71
1
14
3
65
8
12
3
3
5
7
3
42
2
13
2
49
3
7
2
16
2
5
1
32
7
5
2
7
3
9
1
30
9
13
3
29
9
8
3
12
6
12
1
36
2
2
2
4
1
4
2
28
3
10
1
12
3
2
3
33
18
10
2
42
1
14
1
68
1
12
2
37
1
12
3
33
10
14
2
33
2
14
3
27
7
13
2
12
1
2
3
18
12
5
3
14
7
4
1
36
3
6
3
8
8
13
3
60
15
1
1
17
8
11
1
41
3
10
2
38
3
7
3
17
17
1
2
22
1
7
2
11
1
9
3
39
1
6
1
8
9
6
1
6
2
13
2
33
3
1
1
68
2
2
1
14
13
11
3
28
3
2
1
22
3
1
1
25
3
13
1
55
1
2
3
11
7
14
2
2
1
6
1
38
2
3
3
23
9
10
2
40
2
2
3
52
2
3
1
13
7
6
1
49
1
14
1
49
2
13
1
33
7
14
1
6
1
11
3
42
4
3
2
54
1
5
3
65
19
12
2
44
5
5
1
35
1
8
3
49
7
13
2
13
1
12
3
61
2
13
3
4
11
4
3
66
9
9
3
67
32
5
2
39
4
10
2
25
3
6
1
71
2
1
2
34
3
3
1
25
2
11
2
15
2
13
3
15
1
2
3
66
4
7
2
71
3
7
3
43
1
2
1
2
4
7
2
17
2
9
2
29
1
2
2
18
2
4
3
61
7
5
3
7
4
3
3
28
11
6
2
65
1
5
3
13
8
12
2
30
2
14
2
10
1
9
2
47
1
2
1
27
1
1
2
34
2
3
3
9
21
7
1
65
1
11
1
29
1
14
3
1
1
8
1
61
2
4
2
1
1
5
1
13
4
6
1
18
8
14
1
34
1
12
3
38
6
2
3
17
8
5
1
42
1
8
2
14
3
8
2
18
4
10
3
5
4
9
3
34
11
4
1
8
2
14
3
55
8
13
3
30
2
9
2
26
3
14
2
61
1
2
1
55
2
12
1
27
2
12
1
66
2
3
2
6
3
9
3
41
2
2
3
10
5
4
2
55
2
14
1
45
2
12
3
54
2
5
2
31
1
3
2
11
3
2
1
54
1
9
1
11
8
9
1
63
1
1
3
7
1
6
3
4
4
4
2
12
3
6
2
53
1
13
2
67
1
12
3
26
3
11
2
1
3
4
1
9
8
12
1
53
1
14
1
71
3
14
1
39
3
4
2
29
3
11
2
41
5
13
2
9
3
11
3
13
9
1
1
30
17
5
1
41
2
7
3
22
12
3
1
3
5
3
1
14
11
9
1
22
1
9
2
30
5
7
2
6
2
9
1
44
3
1
1
44
1
5
1
67
3
11
1
45
1
12
3
16
5
13
1
23
1
12
1
61
3
11
2
68
3
8
1
4
4
13
3
53
6
5
2
16
1
14
2
45
3
3
3
55
6
2
3
23
18
14
1
52
1
9
1
31
11
11
2
8
2
2
3
45
5
6
3
37
5
13
1
26
3
4
3
31
24
2
2
66
1
13
3
71
5
14
1
39
2
4
2
38
2
3
2
52
7
2
3
6
5
12
2
40
3
7
2
28
1
2
1
7
4
8
3
36
7
2
2
23
2
12
2
17
1
7
3
47
6
2
2
32
4
1
1
10
3
9
1
63
2
10
3
31
20
8
1
65
2
5
1
31
13
6
1
26
2
14
2
67
2
11
3
71
4
14
1
34
9
8
2
15
3
7
1
67
2
14
1
12
15
12
1
35
2
13
3
53
3
14
2
31
5
4
3
27
1
8
1
43
3
2
3
2
2
14
3
15
11
6
1
43
1
13
1
3
6
4
3
25
5
8
3
2
3
11
1
9
4
12
1
17
10
2
1
42
2
2
3
9
30
11
3
40
2
8
1
40
2
2
1
2
3
4
3
22
4
8
3
36
15
13
2
54
2
3
2
26
1
6
3
11
20
14
3
44
10
4
1
7
7
8
1
37
2
14
1
60
1
1
3
14
15
6
2
60
1
2
2
5
3
11
2
36
5
7
1
52
3
10
1
60
2
6
1
15
2
11
1
40
1
7
1
29
2
3
2
10
3
2
2
32
2
7
3
39
3
7
3
5
1
14
1
23
2
8
3
30
1
14
1
38
3
5
2
37
4
4
1
28
1
3
2
66
3
2
3
49
5
3
3
54
1
1
2
61
3
3
3
32
8
4
2
25
2
5
3
6
1
10
2
44
4
14
2
36
2
3
1
16
7
9
1
5
2
3
1
1
2
4
1
66
1
2
2
9
1
14
1
54
3
5
2
7
1
11
2
3
3
1
2
45
1
11
3
35
6
14
2
14
2
11
2
3
2
2
2
68
2
11
3
3
8
13
3
63
4
1
3
34
5
13
3
18
8
5
1
4
5
8
2
60
2
9
1
16
1
5
3
44
7
9
3
68
1
6
2
5
2
7
1
15
5
10
2
41
3
2
1
10
2
13
2
43
3
8
3
60
6
5
3
68
9
2
1
5
1
9
3
41
3
11
3
16
3
1
2
39
3
6
1
11
12
10
3
45
6
5
2
65
2
5
2
47
2
12
1
53
2
12
2
49
4
2
2
35
1
14
2
42
3
11
2
63
1
12
3
25
7
10
3
29
17
5
3
67
4
11
3
32
4
5
3
12
2
2
2
27
2
3
2
8
1
11
3
40
3
7
3
8
2
12
2
55
3
13
2
63
3
6
3
10
8
4
1
18
2
10
3
26
2
4
2
52
2
10
3
43
5
9
1
33
2
3
1
37
1
12
3
63
2
10
2
13
3
4
1
28
2
5
1
1
1
7
2
2
3
5
3
35
5
11
2
23
3
6
3
52
15
9
1
47
3
3
2
4
3
10
2
53
3
8
3
47
4
8
2
43
1
12
2
27
1
10
3
1
3
13
2
22
2
10
