2
9
1
4
1
12
8
5
2
31
2
2
1
32
2
4
2
52
7
3
1
52
1
1
2
15
1
5
1
3
10
11
2
39
2
10
1
67
1
13
1
13
7
12
2
61
3
12
3
68
15
9
3
67
12
13
2
27
3
5
1
65
1
10
3
29
16
8
2
66
2
11
2
6
1
7
3
44
8
3
1
25
2
9
1
1
1
13
1
30
8
11
3
3
9
6
1
47
2
1
1
31
1
5
3
42
1
7
1
15
3
8
3
7
4
14
1
32
5
1
3
22
9
14
3
25
6
3
3
55
11
10
1
43
3
7
1
17
4
1
1
31
9
9
3
37
10
2
1
10
7
1
2
4
1
2
1
29
2
7
1
4
7
7
1
44
4
14
1
23
2
13
2
10
2
8
3
47
8
13
3
54
1
3
1
5
1
14
3
38
2
13
3
65
14
5
2
16
1
7
3
61
7
14
2
8
1
3
2
35
3
13
2
49
1
8
3
43
4
8
1
22
3
7
1
61
2
11
2
25
3
7
3
3
1
1
2
12
1
2
2
65
3
11
2
13
1
8
3
1
2
12
1
26
1
13
2
7
3
13
1
5
2
13
1
11
8
13
2
28
2
1
3
60
14
2
2
33
1
5
2
27
1
3
3
15
6
13
2
28
1
13
2
41
5
9
3
37
11
10
1
28
2
13
1
28
3
9
1
43
1
2
3
23
5
5
3
36
6
12
1
3
7
14
3
18
11
7
2
36
4
12
2
37
2
10
1
39
3
10
2
61
2
4
3
55
10
7
1
8
5
8
2
9
2
7
3
42
2
10
1
13
1
12
1
30
2
2
2
14
1
9
1
38
2
5
2
18
1
3
3
27
8
13
3
41
1
6
2
60
4
13
3
47
3
4
2
11
3
8
2
54
2
9
3
12
4
8
1
6
2
7
2
47
2
10
1
37
2
8
3
45
4
11
2
43
4
5
3
1
4
11
1
35
2
7
3
66
2
1
2
30
3
10
1
54
1
1
1
36
3
13
3
14
22
2
2
60
1
14
2
38
1
3
3
68
6
14
3
49
8
14
1
26
2
2
1
68
3
6
3
13
6
3
2
42
1
1
3
53
7
11
2
67
2
14
1
65
2
11
2
22
3
14
1
2
3
14
1
9
11
8
2
35
2
4
1
63
1
13
1
66
1
8
3
9
10
7
3
5
3
14
2
65
2
7
1
53
2
4
1
37
1
12
1
10
6
1
1
29
1
2
1
60
2
4
3
31
19
5
1
9
14
3
3
53
6
5
2
55
1
7
3
33
23
14
1
40
2
5
2
2
3
9
1
45
1
1
2
44
3
5
3
71
1
3
3
10
7
9
2
34
1
12
2
17
2
10
2
45
2
8
1
42
1
11
2
38
3
14
1
22
1
3
2
5
2
12
3
11
10
10
2
30
4
9
2
31
5
6
2
18
4
7
3
31
7
12
2
3
3
9
2
17
1
6
3
33
12
14
3
22
5
1
1
61
3
2
1
41
3
13
1
47
3
3
3
41
4
7
2
67
1
13
3
35
6
1
2
39
4
14
1
33
2
13
3
9
28
13
1
55
1
3
1
16
2
14
3
15
3
14
1
18
11
8
1
16
4
5
2
1
3
4
1
60
1
10
1
27
2
1
1
15
1
3
1
23
3
8
3
10
10
7
3
4
5
2
3
29
7
2
3
61
3
11
1
40
1
13
3
12
2
12
3
13
3
9
3
2
10
13
2
44
5
1
3
14
9
3
2
11
1
9
2
53
3
14
2
12
3
13
3
39
2
10
2
45
3
13
3
30
26
14
3
6
2
1
3
11
11
12
1
66
3
7
3
63
4
10
1
34
3
2
2
54
1
13
2
26
4
11
2
3
2
2
3
8
6
11
3
26
5
8
1
4
3
13
1
49
2
12
3
43
3
8
1
71
2
8
3
17
13
12
1
55
2
12
3
27
7
2
2
8
2
9
3
44
10
12
3
6
6
13
1
11
9
6
3
5
1
2
2
1
2
8
2
37
1
13
3
67
33
9
3
49
6
10
1
53
1
14
2
34
3
6
1
41
2
3
1
7
4
5
1
14
15
13
3
52
7
1
3
2
9
2
2
2
1
11
2
66
3
1
2
40
4
4
2
29
2
1
3
25
7
4
2
26
1
5
2
71
3
5
3
28
14
7
2
68
4
7
3
17
16
3
2
32
2
12
3
4
11
1
1
52
2
11
3
63
12
11
1
39
2
11
3
35
3
6
1
33
5
9
3
66
7
6
2
33
2
5
1
34
4
2
3
54
2
12
2
16
3
3
2
32
3
2
2
22
1
13
2
52
5
7
2
7
1
13
2
40
2
13
3
16
3
8
1
68
2
2
1
36
2
13
3
28
11
3
2
63
2
13
2
71
1
13
3
39
8
7
2
14
2
11
3
38
1
9
3
40
2
5
1
63
2
11
1
44
1
1
2
15
2
13
2
13
3
3
2
55
2
9
3
30
17
4
2
42
3
13
2
49
2
4
3
16
2
12
2
53
2
9
2
36
3
8
1
7
7
9
1
27
1
2
1
2
5
9
1
42
2
9
1
45
2
12
2
63
3
7
1
12
11
12
1
17
12
5
3
32
8
11
3
8
8
12
2
25
1
3
2
29
3
5
1
71
3
9
3
26
2
3
1
1
3
8
1
25
1
8
3
34
10
14
3
52
15
13
2
4
2
1
2
6
2
10
2
23
3
4
3
7
3
10
1
54
2
11
3
36
9
7
1
38
3
1
3
65
15
4
2
47
3
11
3
34
2
14
3
32
12
2
1
35
4
9
2
41
2
2
1
67
3
3
2
43
1
12
1
49
1
2
1
14
16
7
3
45
5
14
1
8
17
5
2
10
1
12
2
68
1
11
3
60
23
8
3
18
17
8
2
5
1
6
3
23
6
7
1
18
12
3
3
71
4
7
1
6
1
8
3
40
4
2
2
23
2
1
