3
40
1
4
1
10
1
10
3
54
1
4
3
68
7
14
3
22
10
13
3
27
7
12
2
61
2
12
2
3
1
9
1
68
3
14
3
6
1
5
2
8
2
9
2
15
3
6
2
29
3
9
1
4
5
14
1
36
3
13
3
33
12
3
2
18
3
11
2
40
4
14
2
31
2
13
2
38
5
14
3
68
4
3
2
1
3
4
1
18
14
4
1
61
1
10
3
17
12
10
2
32
1
12
1
14
15
8
2
7
1
3
3
53
3
2
1
27
2
11
1
31
10
6
1
42
2
6
3
32
3
4
2
2
1
11
3
55
6
7
2
10
3
9
1
1
1
9
3
66
6
8
1
9
8
13
2
47
4
12
1
34
5
5
3
30
8
7
3
12
4
7
3
71
2
4
1
39
3
10
3
42
4
9
3
49
7
4
1
52
3
11
2
68
1
2
3
67
35
12
1
22
2
14
1
65
1
14
3
1
10
9
3
52
18
3
1
42
1
11
3
5
4
5
3
42
1
14
1
61
2
5
3
14
9
10
1
7
7
2
1
25
3
6
2
27
3
5
2
12
3
1
1
45
2
12
2
63
2
12
2
40
3
1
3
18
10
7
2
71
1
5
2
23
1
4
1
13
6
3
1
32
1
7
3
49
4
5
2
22
2
10
1
23
2
10
1
49
2
1
1
22
1
9
1
66
2
6
2
60
3
8
1
71
3
14
3
60
5
6
2
30
2
3
1
63
2
13
3
53
2
11
1
47
3
1
2
60
4
9
1
67
1
9
2
25
2
8
2
14
2
12
2
43
2
2
2
17
3
12
3
1
2
12
1
39
1
10
1
31
16
1
1
44
4
13
3
44
7
5
3
65
5
1
2
26
2
14
1
37
2
1
2
30
1
7
1
15
1
8
2
39
3
13
2
67
2
3
1
10
7
6
3
17
3
3
3
37
12
14
2
7
2
1
2
41
4
12
2
47
2
12
2
49
1
13
3
7
5
11
2
33
3
6
1
13
7
9
2
18
2
4
2
35
3
7
2
6
2
13
2
14
1
1
3
67
38
4
2
52
7
11
2
38
2
1
2
55
1
6
3
8
13
8
2
53
1
7
1
18
2
10
1
29
1
7
3
63
2
2
1
34
2
8
1
43
2
13
1
12
18
5
2
34
2
4
2
43
5
2
2
68
3
13
3
12
3
4
1
68
1
4
3
63
10
5
1
7
6
3
3
15
3
9
3
25
3
10
1
38
2
11
3
31
15
5
1
17
8
14
2
5
2
10
1
9
4
5
3
3
2
13
3
44
8
8
2
4
3
9
1
45
1
11
3
4
7
3
3
9
5
4
2
35
1
4
1
54
1
11
2
34
1
13
3
61
8
7
3
36
7
3
3
3
6
1
2
28
3
1
3
9
15
1
2
16
2
3
3
29
4
9
2
42
4
3
3
33
3
12
1
30
16
9
3
13
9
3
1
52
2
5
1
65
2
14
2
15
1
5
2
54
2
13
2
5
1
13
2
45
3
9
2
52
5
5
2
12
1
2
1
35
4
6
2
28
2
2
2
53
2
10
1
60
2
4
1
2
5
13
3
11
20
9
3
55
16
14
1
33
6
13
3
28
15
6
1
53
1
13
2
61
3
2
3
23
15
5
2
33
2
3
1
26
2
1
3
35
5
11
3
16
7
11
1
66
1
11
1
15
3
13
1
71
2
4
3
38
3
2
3
30
13
8
2
16
1
10
3
61
3
6
2
32
2
13
1
29
2
14
2
23
2
12
1
8
5
10
2
3
3
7
3
34
11
12
2
6
3
4
2
29
2
11
2
13
2
12
3
2
2
10
1
43
1
13
3
7
2
14
3
65
2
10
3
39
2
2
3
31
10
11
1
60
1
2
2
25
3
11
1
41
1
7
2
71
2
2
2
41
3
1
3
41
4
2
2
13
1
14
3
38
6
11
2
11
3
10
2
66
3
3
2
49
2
12
3
32
9
7
3
10
22
7
3
14
17
9
2
37
1
5
1
44
2
2
3
26
9
3
1
40
2
1
1
14
1
13
2
1
2
11
3
22
6
8
2
55
3
1
2
17
1
8
1
40
1
9
3
47
4
9
1
25
2
12
1
27
1
5
2
37
4
10
3
16
1
11
2
2
3
11
3
45
1
5
2
10
1
6
3
18
16
5
3
8
1
2
3
45
2
2
1
16
4
9
3
52
5
9
2
26
4
13
1
2
3
13
1
3
10
2
1
1
3
9
3
36
1
11
3
34
8
2
2
66
2
11
1
28
2
6
2
63
1
1
1
54
2
2
3
10
1
1
2
22
1
3
1
5
2
4
2
4
1
5
2
11
2
5
3
40
2
7
3
23
1
14
1
53
2
14
3
43
2
1
3
5
2
5
1
3
9
7
2
65
3
13
1
55
1
4
2
65
1
4
1
5
1
14
2
44
4
8
3
6
3
14
1
26
3
10
1
6
2
5
3
41
3
3
1
49
1
14
1
8
11
6
2
31
3
1
1
37
1
10
1
11
2
10
3
25
5
6
3
37
10
9
2
67
1
8
1
55
2
10
1
11
6
13
2
9
2
6
2
36
1
11
1
28
3
4
3
35
6
2
1
23
1
14
3
54
2
14
1
4
8
2
1
30
11
2
3
29
1
6
3
27
11
13
3
39
10
14
1
16
7
10
2
39
4
2
1
63
1
8
3
13
3
8
3
11
22
8
2
42
2
10
3
2
4
2
2
54
1
9
1
47
2
3
3
71
5
14
1
67
3
12
2
27
2
13
1
32
6
14
1
41
3
3
1
35
1
12
3
66
8
5
3
15
11
13
1
38
3
7
3
26
6
9
3
28
11
14
2
8
1
11
3
43
5
14
2
9
1
13
2
45
4
11
1
6
1
1
2
44
3
5
3
47
10
12
3
4
13
3
3
60
31
3
2
36
2
14
1
33
2
7
1
36
2
6
1
12
14
2
1
17
7
10
