1
18
7
12
3
47
8
9
1
34
5
4
1
55
2
10
3
41
1
9
3
12
5
5
1
52
1
1
2
26
4
9
2
16
1
13
3
8
17
12
3
31
9
13
1
12
8
12
3
30
27
4
3
27
6
7
3
40
6
3
3
43
6
3
1
54
3
11
2
10
2
13
1
35
3
12
2
27
2
4
2
47
3
5
1
25
2
14
2
23
2
1
1
16
2
4
3
18
8
4
1
31
9
6
2
5
2
2
2
9
3
2
1
61
1
14
3
10
18
6
1
29
3
2
1
14
22
3
2
26
1
4
2
2
2
14
3
66
5
9
2
37
2
2
3
2
4
8
1
42
2
6
2
39
3
3
2
45
2
14
3
4
7
9
3
32
5
11
1
1
1
5
2
33
1
3
1
8
16
3
1
65
2
1
2
25
3
5
1
23
3
5
1
13
6
13
1
30
1
4
2
49
3
12
1
52
3
9
1
41
3
9
1
2
3
8
3
61
9
14
1
26
3
9
3
52
7
10
3
36
1
13
3
7
3
14
2
41
5
11
3
65
11
8
2
17
3
11
1
11
4
1
1
16
6
8
1
42
1
10
3
36
15
6
1
40
2
12
3
53
1
7
1
67
2
10
2
67
1
4
2
32
1
10
2
38
1
7
2
60
4
3
1
35
2
2
3
68
7
11
2
71
2
2
2
66
2
10
1
43
3
14
3
12
3
5
2
15
1
13
2
18
3
11
2
42
3
14
2
14
3
7
3
37
1
9
3
38
8
6
2
40
4
6
3
32
3
6
3
65
12
3
2
30
2
1
2
2
3
10
3
55
15
13
3
25
2
14
3
11
1
9
1
43
1
7
2
10
1
12
1
7
11
6
3
68
6
8
3
6
4
11
2
27
3
5
1
31
8
13
2
28
1
10
3
26
11
5
2
12
2
10
1
33
5
5
3
13
9
9
2
43
5
13
1
63
2
2
1
9
9
14
2
17
2
7
3
39
1
12
2
41
1
7
1
3
11
6
1
1
2
13
1
15
1
5
1
10
6
2
3
2
5
8
3
37
3
4
1
14
20
14
3
63
6
8
1
40
3
13
3
53
7
1
3
13
5
9
2
37
1
3
1
65
1
10
2
54
2
11
1
36
1
12
2
3
1
11
2
11
1
14
1
49
2
12
2
36
3
9
3
49
1
10
2
34
1
9
3
45
1
8
1
37
2
9
3
55
12
2
2
35
3
9
1
27
2
2
3
22
10
9
1
26
1
12
3
23
19
14
3
67
10
10
1
13
5
8
2
55
2
14
2
44
5
1
1
32
6
13
2
13
1
3
1
2
7
8
2
22
3
14
3
17
10
5
2
23
3
11
2
66
1
1
2
18
2
5
1
38
3
6
3
15
16
14
2
36
2
13
1
68
3
12
3
5
3
2
2
28
3
12
3
33
18
1
2
4
1
5
2
15
2
10
3
1
10
6
2
71
1
2
3
15
7
5
1
63
1
2
2
35
1
8
1
53
2
4
2
8
2
6
1
61
3
7
1
34
9
3
1
60
2
7
3
44
2
1
2
6
3
10
1
8
2
2
3
54
1
4
1
53
1
4
3
45
2
10
2
40
1
4
1
12
17
11
2
44
4
13
3
28
8
13
1
33
4
14
2
9
1
12
3
23
9
14
3
11
19
9
3
34
10
11
1
5
2
13
1
5
1
4
2
34
3
2
3
28
6
3
2
12
3
4
3
44
9
7
3
40
2
6
2
63
3
2
2
25
2
7
1
28
1
12
3
16
6
3
2
61
2
14
1
22
3
14
2
52
3
8
2
32
3
5
1
39
3
6
2
60
2
10
1
32
7
2
2
38
4
10
1
27
1
12
2
53
1
6
1
4
5
5
3
47
3
13
2
1
1
13
3
3
9
14
1
3
6
4
3
22
9
4
2
29
2
8
2
45
4
3
1
49
1
5
2
13
3
13
2
43
2
5
3
71
3
2
1
66
2
6
3
25
3
3
3
16
2
4
3
38
5
13
3
31
20
4
1
45
1
10
1
10
1
4
1
44
2
13
3
42
2
8
2
7
3
8
2
31
5
2
2
67
2
9
1
37
1
11
2
63
2
7
1
71
3
13
3
34
11
10
3
14
22
2
3
7
1
6
1
6
1
14
1
29
2
10
3
71
4
3
1
71
1
5
3
60
31
10
1
41
1
10
2
30
4
13
2
65
4
14
2
22
1
5
2
53
2
13
1
55
1
10
2
29
3
1
1
25
1
1
2
68
1
3
3
3
8
13
2
39
1
13
1
9
1
3
2
7
1
9
3
29
5
4
2
54
1
8
3
9
2
9
3
33
2
3
3
29
2
13
1
47
2
7
1
66
3
9
3
35
2
14
1
38
1
8
3
39
9
12
3
4
9
4
2
14
1
7
1
15
2
13
3
43
5
7
2
47
1
10
3
30
21
1
3
18
3
11
3
35
8
14
1
44
4
5
2
42
4
9
1
11
10
1
3
14
2
5
1
28
2
5
2
65
3
6
2
61
3
9
3
26
3
5
3
61
7
8
1
68
1
6
3
66
9
10
3
60
18
12
1
67
3
14
3
10
10
9
1
30
15
12
2
3
2
14
3
8
16
8
3
67
37
12
3
5
5
6
2
6
2
4
3
1
8
5
3
17
11
11
3
54
2
9
2
11
3
4
1
4
2
13
2
16
2
12
1
60
1
1
2
49
1
6
1
45
2
13
1
18
13
10
1
39
1
10
2
1
3
3
2
55
1
2
1
17
3
10
1
17
13
10
3
49
7
8
1
36
2
14
1
54
1
8
2
68
2
14
3
63
9
14
1
6
2
14
1
7
2
3
1
22
2
5
2
4
3
13
1
23
2
5
3
41
3
3
3
27
11
9
2
5
1
5
3
42
3
2
2
52
6
12
1
47
3
12
3
52
4
9
3
9
11
2
3
6
6
2
2
8
3
8
2
33
2
2
2
31
3
2
