1
14
9
14
3
4
21
4
3
49
4
7
3
1
8
1
3
32
2
14
1
63
2
2
1
43
2
11
1
12
7
2
2
65
3
5
3
39
2
4
2
32
4
12
1
41
3
12
3
3
9
7
1
13
3
11
3
47
2
8
2
35
3
1
1
26
2
1
2
71
2
12
3
68
17
11
1
67
1
1
2
1
2
9
1
11
8
10
2
26
1
2
3
68
6
14
1
3
4
9
3
27
13
1
2
32
2
2
1
65
2
6
2
15
3
6
2
7
3
8
1
27
1
9
2
25
3
4
1
47
1
4
3
42
4
13
1
27
2
10
1
34
1
10
2
45
2
6
3
42
1
8
2
36
4
13
1
6
2
11
1
45
2
4
1
49
1
12
1
61
3
3
3
53
6
8
2
33
3
3
2
26
2
13
3
34
6
2
1
60
1
10
3
22
11
6
2
49
2
2
1
2
5
11
2
11
2
8
2
28
1
12
3
15
16
10
2
3
3
9
2
18
3
2
1
3
3
11
2
42
2
8
2
37
2
13
3
31
15
4
2
60
1
8
3
3
2
10
2
28
2
9
2
31
5
3
2
3
2
5
3
67
19
10
3
29
19
12
2
30
3
2
2
25
1
11
1
42
2
6
1
8
16
3
3
36
11
8
3
26
4
7
1
60
2
10
3
71
5
2
2
42
4
6
1
16
7
5
1
66
3
1
1
44
2
10
3
18
13
13
1
9
5
7
2
66
1
6
2
17
2
6
2
4
3
4
3
2
2
1
2
39
1
5
1
39
3
8
1
15
3
13
2
61
3
9
2
34
1
4
1
28
1
2
2
43
2
1
1
31
11
2
1
28
2
11
2
45
4
13
1
7
4
12
2
47
4
9
3
32
3
7
3
38
7
1
2
44
4
10
3
60
32
6
1
35
4
5
1
32
5
13
1
45
1
5
2
14
1
12
3
8
18
1
2
14
3
5
3
41
1
14
2
68
1
7
2
41
1
14
1
53
2
5
2
49
1
14
2
36
2
12
3
12
2
11
2
13
1
7
1
71
1
6
3
61
11
7
2
53
1
11
2
41
5
9
3
36
4
8
3
53
3
13
1
17
3
9
2
65
2
12
1
54
1
10
3
66
8
2
3
9
10
5
1
36
1
6
2
44
3
12
3
35
6
4
1
18
4
2
1
4
1
3
2
23
1
10
2
29
1
10
2
38
1
1
3
33
12
5
2
8
3
9
2
22
3
5
3
18
1
10
3
16
6
13
2
47
2
12
2
15
1
11
1
30
16
6
1
31
9
5
2
39
4
1
3
63
6
5
1
34
10
4
2
54
2
5
2
12
3
3
1
5
1
5
3
7
1
1
3
8
11
3
1
10
5
13
1
25
3
11
3
63
13
11
3
16
5
14
2
2
3
6
2
17
3
7
2
52
1
13
3
43
8
1
3
65
13
13
3
23
1
10
3
52
18
6
1
13
8
13
3
31
28
7
2
1
1
6
2
8
2
5
1
29
3
13
1
23
3
8
1
63
1
8
3
30
23
14
3
28
14
11
1
55
2
4
1
52
2
6
3
33
1
12
3
40
5
6
2
5
2
12
2
16
2
8
3
5
1
8
2
27
2
2
3
52
13
5
2
40
2
2
3
9
32
10
3
2
5
12
2
9
2
1
2
16
1
8
3
44
2
10
2
40
1
5
2
22
1
9
2
34
3
8
3
35
3
4
2
71
1
6
3
71
3
11
2
11
1
10
3
14
7
12
1
11
1
8
1
32
2
4
3
26
10
5
3
14
15
7
3
7
2
8
3
61
10
3
1
55
1
8
1
38
2
13
1
26
1
12
2
4
1
12
1
43
1
12
3
30
15
14
1
17
6
1
2
63
3
1
2
60
4
6
1
12
4
2
2
2
2
6
1
44
4
2
1
40
3
7
3
37
6
6
3
66
2
1
2
43
4
9
3
67
14
9
1
4
5
9
2
5
3
7
1
30
9
6
1
18
14
10
3
60
31
3
2
35
2
7
3
4
5
12
2
68
3
3
2
67
2
4
1
16
5
2
1
35
2
13
1
29
1
5
3
22
5
9
3
23
15
7
3
40
2
3
3
10
14
4
1
65
1
4
3
45
1
10
3
10
8
8
2
9
3
2
1
14
11
8
3
25
4
14
1
25
1
1
3
25
1
14
1
39
4
6
2
61
1
3
2
53
3
1
3
11
21
7
1
38
1
1
3
27
1
13
2
55
1
5
2
10
1
2
3
47
9
8
3
1
5
10
1
49
2
12
2
13
2
6
3
34
4
3
2
54
1
1
3
13
8
10
1
40
2
11
3
29
3
12
3
37
12
7
3
44
9
9
2
6
2
6
2
10
3
8
2
30
4
11
3
12
6
7
1
15
4
12
2
31
3
8
2
67
1
10
3
41
3
11
2
29
3
5
1
1
3
2
3
49
7
8
1
66
1
7
3
55
7
8
3
65
4
5
1
53
1
13
2
23
2
6
3
6
5
3
1
10
3
2
1
7
11
13
1
61
1
4
1
47
2
13
3
39
9
1
2
33
2
13
3
45
6
3
1
67
2
12
3
17
9
13
2
7
1
1
1
33
4
9
1
9
10
8
1
68
2
8
2
63
2
11
2
37
1
5
1
71
3
13
3
11
8
4
3
55
11
10
1
37
1
8
3
54
1
8
1
54
2
10
3
43
6
1
2
38
2
9
3
28
10
8
2
52
5
6
1
68
3
5
3
15
10
6
2
18
2
10
1
2
1
2
1
23
2
6
3
38
8
7
3
6
4
2
1
8
5
5
3
5
4
12
1
5
2
7
3
54
2
8
1
22
1
10
2
66
2
11
1
33
1
8
3
13
3
11
1
22
2
3
1
36
3
10
2
27
1
11
2
6
1
9
1
37
2
4
1
41
1
9
1
1
2
12
1
52
3
7
2
55
3
6
1
42
1
8
2
12
2
4
3
17
15
9
1
6
1
2
