2
1
2
2
2
32
4
8
3
6
3
8
1
30
20
4
3
54
1
10
3
29
13
1
1
41
1
3
1
42
1
1
1
71
1
10
1
31
17
13
3
47
9
13
1
25
1
5
3
22
7
10
2
40
2
4
3
12
3
8
3
11
8
12
3
12
4
9
1
15
4
7
3
66
9
9
2
36
1
12
1
29
1
4
3
38
12
12
2
30
2
4
3
60
4
6
2
14
1
5
1
34
7
1
2
44
2
13
2
53
2
10
1
45
2
2
3
23
13
10
2
45
3
6
1
14
11
2
2
7
2
7
1
35
1
9
2
68
1
9
1
8
7
1
3
42
4
4
1
18
11
13
2
61
3
8
1
66
2
13
1
3
11
14
3
28
5
10
2
12
2
5
1
37
2
1
1
66
1
3
2
29
3
12
3
28
15
3
2
23
2
8
1
40
1
1
2
35
2
13
2
34
1
5
3
30
13
7
1
38
2
14
2
55
3
2
2
9
1
13
3
31
20
9
3
45
3
12
1
11
1
3
1
38
1
7
1
4
1
8
3
13
2
10
3
31
9
4
2
47
3
4
1
53
2
9
1
17
9
2
3
6
5
8
2
25
1
11
2
17
1
3
2
37
3
12
1
13
5
5
1
60
1
14
3
42
1
12
1
68
2
14
1
17
10
14
3
54
2
6
3
52
4
3
1
41
2
13
1
37
1
2
2
28
2
8
3
36
1
2
1
39
3
4
1
29
2
10
1
27
3
4
3
16
3
13
1
32
2
4
3
61
5
2
1
23
1
11
3
33
6
11
2
16
2
9
1
31
15
3
2
13
1
10
2
43
2
1
2
52
4
13
1
71
3
13
3
7
3
11
3
44
2
1
1
61
2
1
3
5
3
2
3
60
13
3
2
6
3
8
2
7
1
5
3
2
1
11
2
54
1
2
2
52
5
5
1
2
2
12
3
35
3
4
2
2
3
5
3
39
8
4
3
65
10
8
3
18
16
8
1
34
1
12
2
3
2
13
3
37
12
11
2
71
1
12
3
15
12
12
1
26
1
5
1
6
1
1
2
42
3
6
2
3
1
7
1
11
5
9
3
27
13
13
1
65
2
1
3
63
4
8
3
16
2
5
3
63
5
13
1
43
2
6
2
67
2
7
1
28
1
2
2
27
2
5
2
47
1
9
3
4
23
1
1
49
1
13
3
5
1
14
2
31
3
8
3
41
3
13
3
68
7
6
1
7
5
7
2
8
2
1
3
53
4
1
1
12
5
4
2
29
1
12
1
9
10
2
3
8
9
4
2
22
2
5
3
15
10
12
1
33
6
14
1
2
4
2
2
15
2
14
1
18
3
5
2
10
1
6
1
44
2
6
2
2
1
13
2
39
4
13
2
18
4
13
3
33
9
9
3
43
6
14
3
30
17
8
3
47
10
4
3
45
6
13
1
26
3
12
2
53
1
14
3
18
11
7
1
63
2
5
3
35
2
8
2
4
2
9
2
42
1
13
3
41
2
8
3
11
6
11
1
67
3
7
1
42
2
13
2
34
2
5
3
14
2
2
3
37
2
7
1
53
1
3
2
68
2
8
2
31
4
2
3
25
5
9
3
26
3
12
2
65
1
4
1
55
1
3
1
44
4
14
2
38
4
14
2
61
2
4
1
14
14
7
3
25
9
10
2
17
3
12
3
23
17
1
2
36
4
10
2
18
1
4
2
33
2
4
1
43
1
8
1
39
4
4
1
36
2
2
1
65
1
3
3
2
11
1
2
15
3
8
2
49
2
6
3
49
3
8
2
41
3
1
3
52
11
8
2
22
1
2
2
33
3
5
1
8
1
3
3
71
1
10
2
66
3
11
3
66
6
8
1
47
3
12
1
1
2
4
3
22
5
2
2
8
3
2
1
27
2
5
2
41
2
14
3
27
5
1
1
67
2
12
3
3
8
4
2
27
1
7
2
11
1
7
2
5
1
6
1
54
1
8
1
28
3
8
2
23
1
10
2
11
3
8
1
3
6
1
3
10
26
11
3
7
1
10
2
63
2
12
2
71
2
4
3
29
5
5
3
39
9
5
2
26
3
7
3
49
6
6
2
38
2
14
3
55
11
3
3
17
17
5
3
61
4
4
2
14
3
9
3
68
8
14
1
61
3
7
1
6
2
8
1
63
1
8
1
40
3
8
3
71
5
9
3
67
37
5
2
13
3
10
2
54
2
14
1
5
1
4
2
1
3
4
3
3
6
6
3
1
1
4
1
54
3
10
2
44
1
9
1
47
1
12
3
65
2
8
1
10
3
10
3
40
2
8
3
53
8
5
3
40
3
9
1
15
5
2
1
32
3
11
2
60
3
7
1
30
16
2
1
7
11
12
2
49
1
10
1
12
8
7
2
66
2
7
1
13
6
6
1
55
2
8
2
5
3
9
1
35
2
10
1
49
2
12
1
23
2
12
2
10
3
3
3
43
2
1
3
55
8
10
3
36
8
2
2
43
1
2
3
8
3
10
3
14
1
3
3
32
3
2
2
16
1
14
3
10
23
10
1
9
1
11
2
45
2
14
2
9
3
14
1
45
1
7
1
52
2
12
3
38
11
3
2
35
3
13
3
26
2
11
1
52
3
9
2
4
1
1
2
40
3
1
2
30
5
6
3
9
14
12
2
25
2
3
2
60
1
11
2
39
1
6
2
26
2
9
1
5
2
7
1
16
6
5
2
65
2
11
1
1
3
5
1
36
3
3
3
44
9
14
3
4
12
1
3
32
9
11
3
34
1
6
3
67
30
14
3
17
9
6
1
25
2
7
3
9
31
14
2
37
4
8
2
6
1
12
3
1
6
14
1
22
2
9
1
33
3
6
1
68
1
13
2
55
2
8
2
63
1
11
1
4
7
8
2
32
3
3
2
12
1
3
1
10
1
7
2
67
1
14
1
16
5
13
3
13
1
8
3
34
11
10
1
60
2
11
1
22
1
14
2
28
3
9
