2
63
2
9
3
28
14
6
2
65
1
8
2
9
1
13
1
63
2
9
2
44
2
3
1
1
3
2
1
65
1
6
1
18
2
9
3
37
11
8
3
29
18
9
1
60
1
6
1
9
14
11
3
27
14
10
2
9
3
6
3
61
6
1
1
55
1
11
2
3
1
7
3
53
4
7
2
66
3
2
1
3
11
11
2
49
1
8
2
14
1
9
2
42
2
8
3
32
4
11
1
54
3
11
1
33
4
5
3
27
7
10
3
1
6
7
1
68
1
9
1
31
2
5
2
47
2
8
1
71
1
6
2
35
3
14
2
3
3
2
2
25
3
8
1
4
3
1
2
31
3
2
3
40
3
1
1
15
2
9
3
41
1
10
2
32
2
8
1
37
2
12
2
30
2
12
3
7
1
5
2
45
1
7
1
13
9
7
2
18
1
3
1
66
1
12
2
43
4
4
2
44
4
2
2
23
2
14
2
27
3
3
1
30
4
7
2
18
3
5
1
16
7
5
3
33
8
1
2
52
7
3
2
14
3
6
3
67
20
14
3
16
7
3
1
39
3
14
3
39
2
8
1
47
2
2
2
67
2
5
3
17
9
8
3
34
9
8
2
10
3
2
3
54
1
13
3
55
12
13
3
65
6
1
3
42
4
3
2
38
1
1
2
49
4
7
2
17
1
4
1
42
1
6
3
2
10
13
3
71
3
13
3
1
8
3
3
23
6
11
3
63
6
2
2
68
3
5
2
15
2
2
2
37
1
4
3
25
8
8
1
10
5
12
2
66
2
4
3
23
3
14
2
28
2
3
2
13
1
3
1
6
1
12
2
25
1
9
2
29
3
8
2
43
2
11
1
71
2
9
1
35
4
11
3
9
1
7
1
44
3
2
2
5
1
11
3
54
2
12
3
3
5
2
2
36
5
12
3
26
5
8
1
18
12
4
2
52
1
11
1
11
2
8
2
65
3
1
2
12
2
1
1
29
2
6
3
47
5
14
2
36
2
4
1
54
1
7
1
28
1
9
2
53
3
8
1
31
7
5
1
52
1
2
1
29
3
9
1
17
12
3
1
26
1
8
3
12
2
1
2
35
2
3
1
5
1
8
1
60
2
5
3
49
1
11
2
41
3
13
2
11
3
6
3
4
15
8
1
41
1
13
2
28
1
14
2
40
2
1
1
25
2
9
2
61
1
2
1
9
9
5
3
63
4
7
2
38
5
10
1
49
2
5
3
43
1
1
2
1
1
3
1
23
1
2
1
26
2
9
2
7
2
8
3
36
8
4
3
43
3
11
1
1
1
11
3
15
5
8
1
16
5
9
3
13
7
1
3
38
9
3
1
39
4
7
1
35
3
12
2
41
2
13
3
32
3
4
2
53
1
12
3
36
15
2
1
37
1
5
3
11
13
13
2
22
3
9
1
67
3
7
1
5
2
9
3
68
3
4
3
15
11
12
2
31
1
14
1
13
7
4
3
66
4
1
1
34
1
13
3
18
11
11
1
45
1
2
1
14
22
5
3
49
6
3
3
38
5
12
3
3
8
11
2
10
1
13
3
37
10
9
2
54
2
7
1
43
1
2
3
14
8
8
3
71
5
10
1
36
1
1
3
31
18
6
2
2
2
4
2
26
1
2
1
66
3
10
3
8
19
12
2
2
3
14
1
10
4
4
3
16
8
8
1
6
2
7
1
47
3
9
2
16
1
14
2
60
1
1
3
5
5
13
2
23
3
14
3
11
5
2
1
17
6
5
3
6
4
14
3
39
6
13
1
63
1
5
1
11
4
12
2
40
3
3
2
54
1
6
1
12
11
3
1
34
4
8
3
53
2
8
3
10
2
1
2
11
1
4
1
15
3
2
2
55
1
14
1
22
2
10
3
45
3
2
2
71
1
9
2
30
5
6
3
35
7
3
2
32
3
7
2
15
1
13
1
32
6
5
1
33
6
7
2
6
3
1
2
16
2
12
2
13
3
6
3
4
12
1
3
9
8
2
3
10
26
10
3
52
11
2
2
47
1
3
1
40
3
2
2
4
2
9
2
39
4
5
1
55
2
1
2
17
2
1
1
2
5
11
2
71
2
2
3
68
16
8
1
43
3
4
3
29
10
3
3
45
6
7
1
14
1
11
3
13
1
2
3
34
8
10
2
45
4
13
2
61
2
4
2
67
1
12
1
45
2
2
3
26
7
8
1
25
1
3
3
61
2
12
2
39
2
8
2
63
3
11
3
65
9
8
1
4
4
6
1
44
2
7
1
42
2
9
3
41
4
12
1
28
2
10
3
12
7
13
1
38
2
9
3
44
4
10
3
14
5
11
3
60
2
6
1
36
3
5
1
22
3
1
1
61
2
12
2
33
1
2
1
27
2
8
3
67
10
9
1
53
2
2
3
33
22
5
2
27
1
10
1
23
2
7
3
52
9
14
1
53
1
3
1
2
1
14
2
34
3
9
1
68
2
7
3
42
3
1
3
25
7
12
2
60
3
10
2
42
1
3
1
12
10
1
1
7
3
11
3
47
7
7
3
40
2
8
3
30
7
9
2
68
2
4
3
18
25
1
1
52
2
13
2
12
1
13
1
38
1
12
2
7
3
12
3
66
9
7
2
4
1
5
2
1
2
11
3
22
7
8
3
31
10
2
3
8
2
2
2
22
2
14
1
40
2
8
1
8
12
14
2
8
3
12
2
8
2
2
2
6
2
2
2
55
2
3
3
55
5
11
3
5
2
13
2
5
2
10
1
8
13
1
3
44
2
7
3
17
16
4
1
32
2
7
2
26
4
9
2
29
2
6
3
7
4
10
2
34
2
11
3
30
25
5
1
61
1
2
1
30
12
6
1
65
2
11
1
7
9
10
2
33
2
11
1
67
1
11
3
28
5
5
3
60
30
2
1
49
1
4
2
37
2
1
3
35
6
12
3
2
5
13
1
27
3
3
1
3
5
13
3
22
4
3
1
41
3
12
3
6
2
10
