2
18
3
6
1
42
1
12
3
42
4
7
1
61
2
8
2
34
1
9
2
67
2
8
3
66
6
14
1
40
3
14
3
2
3
7
1
7
1
5
2
25
3
3
2
8
2
11
2
42
4
4
3
11
12
12
2
44
3
5
1
49
2
7
1
41
2
4
1
36
3
13
1
4
8
7
1
38
1
6
1
9
12
14
1
45
2
3
2
6
3
7
3
14
15
7
1
10
7
3
3
5
5
5
1
13
4
4
3
22
10
6
1
23
1
8
3
40
5
13
1
15
1
5
3
68
9
1
3
67
28
11
1
65
2
10
3
35
2
7
1
2
4
2
1
53
2
10
2
49
4
6
2
52
1
2
2
27
2
5
3
47
6
12
2
47
3
4
3
15
12
1
1
53
1
3
3
7
2
10
3
29
11
9
3
33
16
4
2
29
2
14
3
39
7
5
2
8
1
4
3
23
19
12
2
17
2
14
1
38
3
7
3
32
7
2
2
40
2
14
2
5
3
9
2
7
3
14
1
22
3
9
1
25
2
8
3
28
3
8
2
61
3
13
2
49
1
6
3
49
8
4
1
26
1
13
1
35
1
4
2
71
3
10
3
22
4
12
3
1
5
9
1
34
1
11
1
31
18
12
1
2
5
14
3
34
4
3
1
6
1
10
1
44
2
5
1
71
2
7
3
55
17
5
3
23
7
12
2
12
3
8
3
54
2
10
2
22
1
1
1
12
7
11
2
14
2
8
1
30
18
9
3
68
16
6
2
44
1
10
1
63
1
7
3
44
9
14
2
41
4
13
1
8
1
10
2
10
1
3
1
14
1
6
1
27
2
13
2
60
2
5
1
30
19
5
3
30
9
4
1
54
2
6
1
55
1
1
1
32
2
9
1
32
4
6
3
2
7
14
2
23
2
4
1
66
2
2
2
1
2
8
3
38
11
2
2
40
4
1
1
44
4
3
1
49
1
7
2
36
2
5
2
16
1
3
3
26
3
14
3
41
2
10
3
35
5
13
2
26
2
13
2
33
3
14
1
60
2
2
2
3
3
5
1
12
16
9
2
41
5
6
2
43
5
14
2
2
3
11
1
10
1
1
2
38
3
7
3
41
1
11
1
17
16
6
3
14
24
10
3
60
19
3
3
13
6
6
3
32
11
1
3
44
4
10
3
9
8
11
3
8
4
7
3
6
5
8
2
28
3
8
3
47
4
9
2
25
2
9
1
45
1
10
1
36
2
14
1
39
1
1
3
52
10
10
2
22
2
5
1
35
4
6
3
34
3
7
1
63
2
3
3
30
24
3
2
45
3
10
2
39
3
4
2
39
1
1
2
54
1
10
3
4
23
13
2
33
1
4
1
5
1
14
2
53
1
3
2
53
3
5
2
66
1
3
1
28
1
5
3
67
23
11
2
4
2
8
3
71
2
2
2
35
3
6
1
37
2
12
3
39
2
13
2
63
2
9
3
37
11
10
3
71
1
11
2
14
3
7
1
68
3
13
3
13
2
9
3
65
13
3
1
22
1
10
3
60
15
9
1
11
11
13
2
61
2
12
1
3
5
1
2
63
3
1
2
3
2
1
1
18
7
1
1
55
2
11
1
33
7
11
2
5
2
7
1
16
2
2
1
1
2
14
1
23
2
7
1
17
6
1
2
47
2
12
3
27
8
6
1
31
14
8
3
42
1
3
1
1
3
10
3
43
3
9
3
18
16
7
1
52
3
8
2
26
4
11
2
1
1
9
1
29
3
2
1
13
2
6
2
18
4
2
1
43
1
6
2
36
1
5
3
10
22
4
3
36
2
7
2
54
2
10
1
67
3
9
3
36
13
12
1
4
1
4
3
45
7
12
3
63
7
10
3
63
11
1
3
6
2
14
2
37
3
7
1
18
3
6
3
31
6
12
3
3
6
8
3
66
7
8
3
16
3
12
2
12
1
10
1
67
1
5
3
15
5
12
2
66
2
11
2
45
4
2
1
27
1
10
1
29
1
2
2
4
3
14
3
5
3
12
2
13
2
14
2
9
2
2
1
47
1
11
1
71
1
11
2
35
1
11
1
54
1
10
2
9
1
6
2
2
2
3
1
42
2
10
2
68
4
6
3
25
8
3
3
10
3
2
2
30
4
2
1
33
3
7
3
28
14
5
3
53
4
6
2
30
5
6
1
43
3
13
1
3
1
6
2
34
2
6
1
26
3
9
3
12
1
3
2
11
1
3
3
61
9
14
2
65
4
4
3
33
14
11
2
15
3
2
2
31
4
11
3
49
2
4
2
6
2
5
2
43
2
11
2
32
3
9
2
52
6
6
2
71
2
5
3
17
8
10
3
45
1
9
3
26
10
12
2
28
2
11
3
18
7
2
3
40
1
13
2
60
1
5
1
41
1
14
1
34
7
14
1
7
7
13
2
55
2
7
2
10
2
1
2
13
3
4
1
47
2
9
1
28
3
7
1
40
2
6
1
61
3
11
2
68
2
3
2
38
5
5
2
55
1
3
1
16
7
13
3
52
17
1
3
1
1
10
3
8
18
6
1
37
1
3
2
23
3
5
2
16
3
5
3
11
10
12
1
14
13
14
3
53
7
14
3
7
1
4
3
16
1
2
3
29
13
5
3
17
9
9
3
12
7
1
2
65
1
8
1
68
1
6
2
37
2
2
2
17
3
10
3
43
8
5
2
29
1
6
2
15
2
12
1
66
3
7
1
65
1
13
1
39
2
1
3
3
4
3
2
7
1
2
3
4
28
5
1
60
1
2
1
52
2
5
3
61
8
5
2
31
1
10
2
42
1
1
3
65
11
13
1
25
1
14
2
67
1
12
2
27
3
14
1
15
5
9
3
55
12
10
3
27
16
5
3
37
2
13
3
25
4
10
1
6
2
6
2
11
3
2
3
9
27
7
3
54
1
11
3
38
2
6
1
8
12
4
1
9
3
11
3
31
22
2
2
32
4
7
1
11
12
12
1
5
2
10
