2
43
4
5
2
55
3
8
3
54
1
6
1
53
1
3
3
53
4
11
2
7
1
6
2
36
3
14
1
52
1
13
1
68
1
11
2
17
3
10
1
30
15
4
3
68
12
13
2
32
3
12
1
63
1
6
3
44
7
2
2
42
2
5
3
47
3
14
2
27
2
12
1
44
4
3
1
25
1
9
3
37
12
5
3
8
9
10
2
13
2
13
1
31
7
12
3
31
21
3
2
18
4
4
1
38
1
1
2
4
3
5
3
3
10
6
3
42
1
12
1
5
1
11
2
15
2
5
2
31
4
13
3
9
13
8
2
2
3
8
3
23
12
11
1
63
2
5
3
15
2
10
3
6
2
8
1
16
3
9
1
49
2
9
1
67
3
3
3
40
3
1
1
44
3
7
3
60
21
9
3
63
11
1
3
31
19
13
2
60
2
10
2
28
2
5
2
39
1
11
3
44
5
2
2
15
1
1
3
11
4
14
3
68
6
12
2
68
4
5
1
2
5
4
3
45
2
1
3
63
8
4
1
30
13
5
2
41
4
6
3
54
2
13
3
11
17
13
3
67
16
8
1
32
4
13
2
54
1
8
1
35
3
4
1
26
2
1
3
33
12
14
3
55
9
12
2
11
3
3
3
39
7
2
1
29
3
7
2
8
3
2
3
2
5
14
1
35
1
2
2
16
2
5
2
34
2
11
1
45
2
10
2
43
2
6
1
3
9
14
3
4
5
1
3
13
2
7
1
13
2
9
1
23
2
4
3
14
10
5
3
65
1
11
3
40
2
13
2
61
2
14
3
5
5
9
1
43
2
3
1
7
6
7
2
14
3
12
3
65
8
2
1
4
5
12
2
32
4
13
2
17
2
13
1
40
2
4
1
17
4
3
2
22
3
3
3
28
16
6
2
40
3
1
1
42
2
11
3
66
6
9
3
45
3
1
3
7
3
11
3
9
32
3
1
38
3
12
3
12
7
6
3
10
24
2
2
68
1
13
1
71
2
4
1
10
8
10
1
55
1
11
3
27
15
9
1
12
8
5
1
61
2
1
3
34
7
9
2
35
2
3
3
36
11
5
3
16
7
13
2
25
2
11
3
41
2
6
1
37
2
1
1
8
10
2
3
39
4
9
2
63
1
1
1
14
2
9
3
28
4
2
3
35
7
7
2
26
4
5
3
52
12
8
2
26
3
8
2
27
3
1
1
36
1
5
1
41
2
12
2
30
1
8
2
7
3
2
1
34
11
12
2
49
2
2
3
2
2
1
2
10
2
14
2
35
3
8
2
6
1
2
2
37
2
11
2
29
3
12
3
3
4
5
1
11
6
6
3
47
10
4
3
34
1
1
1
6
2
9
1
1
1
5
1
4
8
4
1
28
1
9
2
49
3
11
1
9
4
5
1
45
1
4
1
12
5
1
1
34
4
13
3
53
3
4
2
53
1
5
1
14
9
10
2
39
2
13
1
43
1
7
3
30
19
6
2
23
3
8
3
5
4
3
2
34
3
7
1
18
11
13
1
1
2
4
2
38
5
7
2
22
2
7
1
47
1
5
2
37
3
5
3
52
17
6
1
60
1
6
2
5
1
10
3
18
5
3
3
71
1
14
3
17
13
9
3
13
6
10
2
41
3
4
1
13
9
14
3
60
15
2
3
10
11
7
3
55
14
6
3
36
6
6
2
4
2
4
2
61
3
3
1
49
1
3
1
54
3
1
2
45
4
2
2
65
3
13
2
25
3
5
3
22
6
8
2
3
2
12
1
65
2
9
2
11
1
9
1
9
8
6
2
9
3
12
3
43
4
14
2
33
2
14
1
2
2
3
2
44
3
4
2
18
1
12
1
68
2
4
2
2
1
12
1
17
16
4
3
41
3
14
1
26
1
6
2
67
1
3
1
67
1
9
1
60
2
3
1
40
3
3
3
38
9
9
3
38
7
14
1
41
1
7
2
66
1
10
2
53
2
4
2
10
3
13
1
52
3
5
2
5
3
7
2
42
3
4
1
23
1
6
3
1
5
10
2
45
2
3
1
29
2
12
3
26
5
4
3
35
1
1
1
8
17
10
1
15
3
12
2
63
3
11
3
42
4
3
3
7
2
1
1
3
5
1
2
38
3
14
2
66
3
9
2
14
2
8
2
12
2
5
2
52
5
10
3
29
1
2
2
6
2
12
3
12
4
5
2
55
1
6
1
71
3
2
2
40
1
4
3
67
18
7
3
25
6
10
1
53
2
10
1
5
2
7
2
36
5
12
3
30
23
4
3
66
7
6
1
10
4
10
2
52
4
1
2
47
3
1
1
42
1
13
2
71
1
6
2
47
1
5
1
22
1
12
1
33
5
6
1
27
2
7
3
33
8
11
1
18
4
3
3
43
1
3
2
65
4
11
3
32
9
13
3
14
17
14
3
18
12
5
3
17
8
7
3
37
11
6
3
32
12
14
2
29
2
11
3
71
3
1
1
39
4
8
3
4
25
4
3
61
6
13
1
27
1
14
2
9
2
12
2
13
3
7
3
26
1
5
2
1
1
7
1
61
3
5
3
23
2
3
2
30
4
10
1
55
2
9
3
49
1
8
2
33
3
12
1
39
3
7
3
25
5
3
3
27
5
4
2
67
2
10
1
33
4
9
2
8
2
9
1
32
1
10
1
65
1
2
3
29
16
3
2
28
3
1
3
49
8
10
3
15
6
14
1
36
3
7
1
28
3
4
3
22
3
5
3
1
4
3
2
44
1
14
3
8
18
10
1
15
4
4
3
6
4
2
1
66
3
2
1
66
2
1
1
25
2
5
1
6
1
4
2
23
1
7
1
54
1
7
1
47
3
8
1
16
2
1
3
16
3
7
3
61
8
5
2
12
1
12
2
31
5
2
1
11
10
1
2
1
2
7
1
22
3
11
2
60
3
11
2
16
1
3
1
37
1
13
2
54
2
3
1
31
18
9
2
3
3
5
2
71
3
9
1
7
2
5
