3
45
6
10
2
12
3
9
1
61
3
5
1
31
13
12
3
66
5
4
2
43
1
10
1
49
2
4
3
63
2
8
1
45
2
8
1
15
3
10
3
27
7
3
2
47
2
5
1
8
9
5
3
68
6
3
2
37
3
10
1
41
1
7
3
30
6
8
1
42
1
2
3
44
9
13
1
61
2
12
1
66
3
4
3
42
2
5
2
39
3
3
1
9
8
6
3
31
26
5
1
16
6
3
2
1
1
5
1
28
3
5
1
18
2
7
2
33
2
14
2
32
1
6
1
38
1
2
1
36
3
7
1
39
2
2
1
2
7
2
1
35
3
13
3
22
2
2
1
7
4
14
3
54
2
6
1
42
2
10
2
52
1
14
1
27
1
9
2
5
3
2
2
40
4
13
1
28
2
10
2
4
2
2
3
47
3
2
3
15
12
1
2
54
2
3
2
3
2
4
2
26
1
6
2
22
1
2
1
55
2
5
3
60
28
11
2
54
1
3
1
68
2
9
2
67
1
7
1
16
4
4
3
67
5
12
3
14
23
10
3
18
18
3
2
14
1
4
3
27
13
14
1
14
19
14
2
47
3
3
3
25
4
7
3
29
17
4
2
34
3
7
1
49
1
8
3
52
15
5
3
37
12
10
3
9
26
9
1
10
7
6
3
60
11
9
3
36
3
8
3
40
5
14
2
1
3
4
3
26
11
5
2
55
1
4
2
22
2
10
3
66
2
13
3
9
21
9
1
67
3
9
1
32
7
14
2
9
2
6
2
41
2
4
1
40
1
8
1
34
11
6
1
54
1
11
1
60
1
14
1
31
15
8
2
30
3
3
3
41
2
11
2
5
1
5
1
25
1
14
2
42
4
8
1
13
9
11
3
49
7
6
3
49
3
14
3
18
8
3
2
10
2
3
2
30
2
14
3
28
3
5
3
45
1
4
3
67
22
9
3
71
2
13
1
32
5
2
3
53
4
3
3
23
4
1
3
4
6
2
1
2
2
10
3
17
17
3
3
13
5
3
2
61
2
2
3
34
7
1
3
65
2
9
2
36
1
7
3
53
8
4
2
25
2
10
3
25
3
10
1
23
1
8
1
1
2
14
1
4
2
6
1
10
2
10
2
61
1
5
2
40
3
10
2
31
2
8
3
16
5
1
3
40
4
6
3
65
14
10
2
66
3
1
1
29
1
10
1
43
1
6
3
55
16
10
3
55
2
1
2
35
3
12
2
68
1
8
2
3
1
12
2
16
3
9
2
17
1
1
1
12
18
7
2
63
2
11
1
71
2
13
3
68
11
10
2
13
2
6
2
26
2
2
1
47
1
11
2
16
1
12
2
41
1
8
2
42
1
12
3
43
2
7
1
41
3
8
1
23
2
9
2
29
3
13
3
10
2
8
1
1
1
14
3
8
15
8
1
38
3
3
1
53
2
11
3
5
1
2
2
11
3
8
1
36
2
3
3
26
1
5
2
14
3
6
3
34
11
4
2
6
3
5
2
44
3
3
2
49
4
3
2
49
3
9
3
32
2
13
3
54
1
11
2
8
1
1
1
60
2
12
1
13
1
5
2
60
3
14
1
29
2
8
2
15
1
7
2
9
3
10
1
37
1
10
1
15
5
12
2
15
3
1
1
53
1
10
2
67
2
6
3
1
6
3
2
17
2
12
2
53
2
1
2
6
1
7
1
17
4
6
3
12
3
6
1
26
2
14
3
61
4
12
1
55
1
5
3
33
1
3
3
39
10
12
3
30
9
14
3
1
9
2
3
32
6
5
3
39
6
12
1
67
2
2
1
17
8
4
2
43
3
14
3
63
10
5
1
33
3
3
3
15
8
6
3
28
16
3
1
45
1
6
1
6
2
12
1
25
3
4
3
2
11
8
3
43
7
10
3
42
3
3
1
65
1
7
2
2
2
3
2
34
2
10
3
13
9
9
3
23
3
12
1
43
2
5
1
11
12
4
2
38
2
1
2
71
1
5
3
22
11
9
2
23
3
4
1
5
1
3
3
6
6
8
2
25
1
4
2
71
2
2
2
32
3
3
2
63
3
8
1
44
4
6
3
35
4
3
2
44
5
13
3
31
21
10
3
7
2
13
2
36
2
2
1
63
1
8
3
37
7
4
3
3
9
4
3
52
12
1
2
65
1
6
3
8
4
7
2
11
2
14
2
2
3
2
2
68
3
11
3
2
4
5
3
38
12
12
2
37
4
12
1
39
3
7
2
35
1
6
1
40
2
6
3
4
28
12
3
6
5
1
3
11
25
4
1
65
2
9
2
28
1
13
2
10
3
7
1
14
3
5
1
66
2
14
2
55
2
7
1
6
1
10
1
7
2
13
2
33
1
1
2
18
3
14
2
28
3
8
1
4
5
8
3
7
4
1
2
53
1
6
3
71
4
14
3
3
8
8
1
63
2
13
2
39
2
6
1
47
3
12
1
52
2
12
1
35
4
3
2
45
1
6
2
7
1
11
3
5
4
3
1
52
1
10
1
68
3
1
2
4
3
7
3
29
13
11
3
38
7
11
2
66
1
3
2
8
2
4
3
11
20
8
2
31
4
4
3
47
6
8
1
34
6
3
1
26
1
5
2
65
3
6
2
27
3
14
1
9
3
1
1
8
12
5
3
36
11
2
3
16
2
8
1
22
1
6
2
23
1
4
1
3
11
3
1
18
9
1
3
44
10
12
2
60
4
10
2
13
3
6
2
7
2
3
1
54
2
7
2
52
2
9
2
38
3
13
1
12
14
7
1
27
2
2
2
18
2
2
3
61
3
4
2
45
2
10
1
30
7
11
1
71
1
14
1
33
2
1
1
37
2
7
1
22
2
10
3
10
3
8
1
5
2
5
2
12
1
6
1
44
2
9
3
17
9
9
1
30
4
7
2
29
1
5
3
12
7
9
1
11
2
2
3
35
8
3
3
41
4
4
2
27
2
11
3
33
13
9
3
14
20
4
1
3
6
5
