3
15
7
1
1
5
2
6
1
39
2
9
2
54
2
5
3
5
1
14
3
67
38
1
2
29
1
12
3
45
4
10
1
26
1
11
1
30
14
8
2
36
2
14
3
4
13
4
1
41
3
13
1
4
4
13
1
3
11
12
1
35
3
2
2
14
2
1
1
71
2
2
1
53
1
11
1
63
1
9
3
39
3
11
3
16
8
9
2
25
2
4
1
33
4
14
2
40
1
4
2
35
2
1
2
71
3
3
1
15
4
10
1
3
2
6
2
17
2
8
2
14
3
11
3
40
6
2
1
30
13
1
2
67
2
9
3
4
17
7
3
42
1
13
2
31
2
10
3
45
2
5
2
28
3
4
2
11
2
1
1
49
2
6
3
31
2
8
3
1
4
12
3
36
3
5
1
34
6
8
1
52
3
6
1
68
2
14
2
65
1
8
2
3
2
4
3
13
5
5
1
27
2
4
2
61
3
8
1
6
2
9
3
11
26
7
2
5
3
11
3
49
1
10
1
18
10
7
3
47
9
3
1
8
17
7
3
28
10
2
3
41
2
10
2
26
1
14
2
8
1
1
3
44
3
1
2
52
4
11
1
23
3
5
1
60
1
4
1
23
1
2
3
65
15
3
1
67
2
12
2
41
5
11
3
18
17
13
2
49
3
3
1
22
1
1
1
63
2
10
2
39
1
6
1
12
6
13
1
40
2
3
3
6
6
11
2
66
3
1
1
2
7
1
3
60
8
6
3
38
1
12
3
26
12
6
2
54
1
1
2
39
3
12
2
67
1
1
3
47
5
12
1
55
1
3
3
43
4
6
3
66
9
8
2
1
2
6
2
16
3
4
1
32
4
2
1
61
3
10
2
33
2
10
3
25
8
9
3
30
24
10
1
47
2
4
2
38
2
12
3
25
5
8
3
1
7
7
3
12
2
2
1
42
1
12
2
42
4
10
3
61
4
2
3
52
6
4
3
55
1
14
1
38
3
1
3
44
10
14
2
3
1
2
1
1
2
13
3
34
9
11
2
27
2
2
3
5
3
7
1
31
15
6
2
37
3
7
2
63
2
14
1
31
5
11
3
22
12
13
3
18
12
8
3
35
4
14
3
23
9
8
3
60
3
7
2
68
3
4
1
35
2
14
1
60
2
8
1
14
1
7
1
66
3
3
2
55
1
13
3
9
2
5
3
63
3
13
2
28
1
14
2
27
1
1
3
40
3
10
3
8
6
3
3
41
3
10
3
14
1
10
2
32
3
14
3
68
5
1
3
66
8
13
1
14
5
6
3
7
2
14
3
49
4
13
1
44
3
12
2
44
1
3
1
55
2
6
1
13
9
4
3
13
4
13
1
33
7
13
3
22
2
3
3
38
6
8
2
60
1
10
3
14
6
12
2
12
3
6
2
65
4
7
1
10
4
9
2
36
4
11
3
32
7
2
3
2
9
13
1
54
2
1
1
28
3
14
2
47
4
11
3
27
15
3
1
32
6
10
2
9
2
5
3
29
1
13
3
42
2
7
2
9
3
14
1
4
5
1
1
15
2
1
1
18
14
12
2
71
1
6
2
34
1
5
1
53
2
12
1
42
2
1
2
43
3
14
2
4
2
4
1
36
3
11
1
17
16
2
2
2
1
4
3
55
16
11
1
34
3
12
3
10
2
8
1
45
1
10
2
7
3
6
2
66
2
13
2
10
1
7
2
23
1
5
1
17
12
1
2
49
2
2
1
45
2
2
2
37
1
9
1
43
1
7
3
29
4
8
2
4
3
5
2
52
2
3
1
7
10
13
2
16
2
6
2
44
2
1
2
38
5
3
3
39
9
9
3
37
4
9
2
30
4
9
1
10
8
6
3
17
1
1
1
71
3
11
2
43
5
6
1
43
3
8
1
1
1
9
1
12
3
9
2
41
2
11
1
39
4
5
1
68
1
9
2
15
2
10
2
5
1
8
3
53
3
14
1
66
1
1
3
71
4
9
2
47
1
11
2
8
2
3
2
6
3
1
2
31
4
2
3
9
12
8
1
36
2
3
1
41
2
12
1
11
4
10
2
35
3
6
3
3
4
8
2
11
1
6
1
25
3
1
1
40
1
8
3
61
11
12
3
54
1
11
1
11
11
12
1
38
1
5
2
23
2
4
2
68
2
3
3
8
1
4
2
13
3
2
3
34
2
14
1
27
1
14
2
53
3
3
2
12
2
14
3
30
14
2
3
33
22
13
1
6
1
12
1
28
1
2
3
16
6
13
3
2
5
4
2
15
3
9
1
5
1
13
3
6
4
4
1
9
10
13
3
10
26
6
3
32
2
6
1
7
3
13
1
44
2
4
1
16
7
6
2
45
4
3
2
55
3
5
3
33
1
13
1
26
2
2
1
47
3
6
3
68
3
11
2
63
1
3
1
49
1
10
1
29
3
12
2
32
4
2
2
33
3
4
3
35
6
3
1
65
2
4
3
53
6
12
2
1
3
13
2
40
3
3
3
31
27
3
2
26
3
2
3
43
3
3
3
37
11
1
2
45
1
13
2
29
3
11
2
22
3
2
3
71
5
7
3
15
11
12
3
63
6
5
1
65
1
3
3
17
4
14
3
65
20
2
1
29
2
4
2
6
1
9
1
61
2
8
3
3
6
10
2
61
2
1
3
11
19
2
2
42
3
2
1
52
2
11
2
17
1
11
3
28
3
1
3
36
4
1
3
52
17
1
2
18
2
7
2
34
3
7
2
22
1
2
3
23
13
2
2
18
3
10
1
16
3
14
2
25
3
2
2
60
4
2
1
37
1
3
1
54
3
8
2
2
2
14
2
30
2
9
2
10
3
1
3
12
1
2
1
2
4
9
1
9
2
10
3
27
16
9
1
67
3
3
1
22
2
13
3
54
2
1
3
67
30
13
2
13
2
13
1
37
2
13
1
8
5
9
2
7
1
14
3
26
8
2
2
53
2
14
3
7
4
8
1
25
1
7
1
13
7
13
