1
68
3
2
1
8
7
8
2
22
2
13
3
12
2
9
3
1
9
5
3
23
19
10
1
66
2
2
1
43
2
6
3
60
3
14
3
9
14
3
2
2
3
1
1
5
2
8
3
28
16
4
3
3
2
13
1
18
12
13
3
47
5
12
2
15
2
14
2
10
3
2
2
13
3
6
3
7
2
14
3
2
4
3
3
29
3
14
1
6
2
6
3
39
1
2
1
44
3
8
3
45
6
13
2
15
1
2
3
55
3
11
3
41
2
7
2
27
1
9
2
33
3
14
1
52
1
14
1
54
2
6
3
42
4
7
1
30
13
14
3
22
10
4
3
9
8
13
3
41
3
5
3
4
9
9
2
67
1
6
2
38
4
11
1
44
2
9
1
11
11
12
3
63
8
10
3
8
20
1
1
15
1
4
3
5
5
1
2
25
3
12
2
39
1
3
3
15
5
1
1
71
1
10
2
4
2
14
1
17
4
4
3
52
3
4
2
45
3
11
3
30
23
10
1
26
1
7
2
37
4
13
1
36
3
14
1
30
12
6
1
68
2
11
2
35
3
5
1
27
1
9
2
65
2
10
3
53
2
8
2
3
3
3
3
49
6
4
3
40
2
8
1
41
1
14
2
29
1
2
2
1
3
12
2
43
3
12
1
18
10
14
1
63
1
9
2
7
3
4
3
36
2
7
1
40
2
7
3
54
2
4
1
1
3
6
3
26
8
3
1
2
4
2
1
25
1
13
1
45
1
4
1
14
4
10
1
35
1
13
2
49
2
14
1
37
2
10
1
66
3
4
2
61
2
14
3
38
10
14
3
26
9
14
3
67
23
14
2
60
3
4
3
27
9
13
3
33
18
10
1
12
8
6
2
52
4
10
1
38
2
3
2
12
3
11
1
29
2
6
1
55
2
14
2
35
1
10
3
65
8
4
3
16
7
4
1
34
4
1
1
31
3
3
1
22
2
9
1
9
3
14
2
36
5
1
1
31
11
3
1
28
1
14
2
68
4
12
2
14
2
11
2
33
1
2
2
14
3
6
2
27
3
8
2
32
1
4
2
63
3
4
3
35
7
10
1
7
8
12
3
44
8
6
1
2
3
8
2
43
1
11
3
45
3
6
3
34
11
2
2
54
1
10
1
3
6
1
2
18
1
8
2
66
2
8
3
39
4
10
3
31
26
7
3
16
6
3
1
16
4
6
2
63
2
2
3
23
10
11
3
61
8
14
2
13
2
6
3
65
15
7
2
3
2
4
3
47
9
7
1
61
1
13
2
65
3
4
3
32
1
14
3
18
14
1
3
38
11
14
1
65
2
12
2
55
2
2
1
32
6
13
1
9
12
7
3
71
2
8
3
43
6
13
3
1
1
13
3
37
9
9
3
66
9
7
1
35
3
6
3
6
2
9
3
40
5
2
2
17
2
2
3
12
1
13
3
17
4
4
1
16
6
5
1
25
2
8
3
27
12
6
3
14
22
13
1
4
1
3
2
31
5
1
3
32
3
1
1
13
9
13
3
66
8
9
2
29
3
4
2
44
1
10
2
66
1
3
1
17
9
8
1
60
1
13
1
15
2
10
1
23
1
2
2
53
2
11
1
61
2
2
1
47
2
10
3
25
9
4
2
9
2
14
2
6
1
12
2
6
3
7
3
18
1
10
1
23
3
2
2
16
2
12
1
38
1
14
3
15
14
10
3
35
3
13
3
13
4
12
1
28
2
14
2
22
3
11
1
49
1
8
1
12
7
9
1
5
1
2
3
31
3
4
3
3
4
4
3
60
24
10
3
22
4
11
3
36
8
1
3
33
19
12
2
26
4
13
3
11
21
13
1
42
1
14
2
25
2
6
3
52
17
11
3
55
16
14
2
1
2
13
3
17
17
8
2
42
3
10
3
14
18
13
3
13
5
1
3
54
1
7
2
10
2
12
2
7
1
6
3
49
8
2
2
40
2
10
3
8
16
12
1
33
8
2
2
32
3
11
1
1
2
6
2
53
1
7
3
2
12
5
1
71
3
4
2
23
1
6
3
68
17
10
1
45
2
10
1
22
3
2
2
16
3
5
2
11
3
9
1
10
8
2
2
30
2
14
2
28
3
13
1
26
2
8
2
47
1
8
1
41
3
7
3
11
23
14
2
68
3
3
2
67
2
14
3
44
6
14
1
49
2
5
1
4
2
14
1
36
1
13
3
25
1
12
1
8
16
4
3
37
1
8
2
45
4
6
2
18
2
7
3
29
2
2
2
71
2
8
1
33
6
6
2
44
4
11
2
34
1
14
2
49
1
4
2
34
2
3
3
10
3
12
2
39
4
13
3
63
13
9
1
60
2
11
1
53
1
8
1
13
6
14
1
52
2
1
1
14
14
13
2
40
4
7
1
39
2
6
2
61
1
13
1
67
3
8
2
71
3
10
3
67
17
12
3
68
14
11
2
31
3
3
2
47
2
8
2
54
2
10
3
6
6
12
1
37
1
1
3
5
2
1
1
11
8
8
3
4
12
2
1
67
2
11
1
10
7
4
1
7
4
6
2
8
3
2
1
55
1
8
2
42
4
4
1
40
1
13
3
10
24
9
2
28
2
3
2
9
1
11
2
5
1
9
1
63
2
2
3
30
21
3
1
65
1
4
3
42
1
5
3
7
1
5
1
27
2
8
2
36
4
3
2
41
5
1
2
30
5
14
1
34
5
11
2
8
2
6
3
53
8
4
1
39
3
8
1
32
4
1
1
53
2
10
2
5
3
13
1
29
1
14
2
4
3
3
2
26
1
13
1
3
8
5
1
47
3
2
3
61
7
11
2
52
1
10
2
23
2
3
3
43
8
2
2
38
1
8
3
34
9
4
1
54
3
9
2
55
1
9
2
37
1
10
3
71
3
14
2
60
1
12
2
41
3
1
2
2
1
1
3
28
1
5
2
11
2
2
2
17
1
12
1
42
2
3
1
6
1
14
1
43
1
9
2
12
2
7
