3
12
5
6
2
16
1
12
1
39
1
10
2
49
1
2
1
47
3
8
1
2
1
8
2
32
1
11
1
23
3
1
1
16
4
3
2
68
2
3
3
61
4
2
2
14
2
8
2
42
1
9
2
35
3
11
1
3
6
9
3
5
2
4
3
26
4
4
1
53
1
6
3
38
10
6
3
40
3
12
3
7
4
11
3
37
12
9
3
33
7
5
2
36
3
9
2
6
3
10
3
36
9
12
3
66
8
7
1
33
7
9
2
29
1
1
3
55
10
13
2
39
1
11
2
39
3
5
2
17
1
9
2
61
3
1
3
52
1
6
1
63
2
7
1
36
3
14
2
71
1
9
3
9
7
5
3
33
5
10
3
23
8
1
3
13
3
10
3
8
18
10
2
10
2
6
1
34
6
11
2
38
2
2
3
45
3
3
1
8
8
9
3
71
1
7
1
38
3
4
3
65
6
6
2
43
4
9
3
13
5
14
2
45
2
10
1
39
2
4
1
45
1
11
2
30
5
4
2
66
1
9
1
22
2
13
3
60
23
13
1
29
3
2
3
3
9
12
1
66
2
2
1
23
2
10
3
11
18
4
2
65
3
6
3
52
9
3
1
42
1
5
3
30
12
4
1
15
3
4
3
47
3
2
1
32
6
8
1
36
2
5
2
26
2
14
2
1
2
12
1
65
2
2
1
31
12
14
2
31
1
11
2
71
3
10
2
29
3
14
1
30
10
12
1
52
2
11
1
14
11
2
1
9
12
4
2
7
1
11
1
13
2
13
1
1
2
7
3
25
1
12
2
12
2
8
2
41
5
10
3
3
4
5
3
31
14
13
1
40
2
4
1
26
2
3
3
45
7
12
3
42
4
7
2
18
2
4
3
54
1
9
2
47
2
11
3
36
2
3
2
4
1
7
1
61
2
14
3
15
11
3
3
54
2
1
3
28
13
1
1
27
2
12
1
31
5
12
1
54
1
10
1
71
3
8
1
25
1
4
1
7
9
8
1
60
1
2
2
23
1
5
2
8
3
1
3
37
3
2
2
54
1
6
3
68
6
1
1
40
1
10
1
12
14
11
1
6
1
11
2
34
2
9
1
28
3
13
2
52
5
13
2
66
2
2
2
26
3
9
2
33
2
9
3
40
4
4
1
7
5
2
3
42
3
10
1
5
2
14
3
49
7
9
1
15
1
7
3
25
2
13
3
65
7
2
2
61
2
9
3
60
24
2
3
39
1
12
1
71
1
9
3
14
12
5
1
34
7
3
3
16
4
13
3
32
2
12
3
31
7
6
2
63
1
14
2
32
3
11
2
15
2
12
1
68
3
2
2
2
1
9
2
43
5
8
3
27
5
4
2
13
2
8
1
55
2
6
2
13
1
8
3
61
3
14
3
10
19
5
2
55
3
2
1
28
2
1
3
2
12
3
3
53
2
7
2
38
3
6
3
38
1
14
3
29
18
7
3
7
3
6
2
49
3
4
2
53
1
4
1
44
3
1
3
43
8
2
3
35
8
2
3
41
4
3
2
40
2
9
3
23
16
1
1
35
4
7
3
26
3
7
3
66
9
4
3
22
10
4
2
30
3
1
3
67
38
1
1
29
2
10
3
4
14
7
2
60
4
13
2
63
2
4
1
30
4
3
2
36
1
12
2
3
3
9
2
2
2
5
1
60
2
7
3
5
5
12
3
35
4
7
2
54
2
12
3
16
7
14
3
44
3
7
2
12
1
14
1
66
1
3
3
30
19
10
1
35
1
11
1
45
2
3
2
37
1
7
1
17
9
8
3
63
12
5
3
9
17
14
1
1
3
9
2
55
2
5
3
18
12
12
1
22
3
9
1
37
1
14
1
53
2
13
1
55
1
13
2
68
3
7
3
15
10
6
3
17
16
3
2
27
3
6
1
10
7
9
3
14
14
8
1
13
4
9
1
49
2
13
2
37
3
10
1
47
2
4
2
11
1
7
3
28
2
11
1
63
1
14
3
27
3
5
1
14
14
7
3
29
9
10
2
40
1
4
2
25
2
6
1
37
2
14
2
8
2
4
2
18
4
14
2
44
5
10
3
22
3
11
3
44
1
6
1
65
1
12
3
6
5
2
1
32
2
12
3
49
1
8
2
44
1
14
2
23
3
12
2
45
4
8
2
67
2
12
1
52
3
3
2
33
3
8
1
9
1
6
3
47
10
1
3
18
19
8
3
32
6
7
3
34
10
10
3
43
5
5
3
68
5
8
3
41
3
5
1
11
8
7
1
2
4
14
2
35
1
1
3
34
9
14
3
1
4
8
3
12
7
12
1
38
1
4
1
10
8
5
1
67
2
12
2
22
2
3
3
8
15
8
3
53
7
7
3
10
17
11
2
67
1
1
3
11
6
7
2
17
2
2
1
41
3
13
2
5
2
8
1
68
1
3
1
6
2
8
2
16
2
1
1
67
1
14
2
52
2
13
1
3
9
13
2
31
3
10
2
15
1
8
2
6
1
6
2
10
1
10
2
14
1
5
1
43
3
2
1
25
2
4
2
34
3
13
2
41
4
6
2
28
1
2
3
39
4
13
1
4
8
9
2
53
2
9
2
1
1
6
2
65
2
12
1
27
1
6
3
2
7
6
2
11
3
1
1
54
3
9
3
4
19
13
2
25
1
14
1
42
2
2
2
3
1
9
1
12
4
10
2
7
2
7
2
22
3
1
1
16
7
1
1
41
1
2
1
18
13
9
3
67
36
2
1
49
1
13
3
1
2
6
2
42
2
10
3
55
8
3
3
17
4
5
1
26
1
1
2
28
3
4
2
47
1
2
3
63
6
8
2
5
1
13
2
9
2
5
1
8
11
6
1
43
2
5
2
4
3
10
1
18
3
13
1
11
11
6
1
5
1
6
3
6
4
12
3
71
3
8
2
9
3
4
1
33
8
2
1
17
10
3
2
60
2
8
1
44
2
4
2
27
2
5
1
4
6
13
1
61
1
14
