3
39
10
2
1
66
1
9
2
44
4
14
3
22
5
4
3
61
9
8
3
45
7
4
3
60
17
4
2
71
3
5
3
66
2
14
2
11
2
2
1
67
1
9
1
63
1
9
2
26
3
4
2
63
3
4
2
10
2
5
3
31
22
4
1
52
1
12
1
11
3
11
1
34
1
10
3
23
14
2
2
33
3
1
2
54
1
14
1
31
8
6
1
4
5
3
1
10
7
2
2
17
1
3
3
26
4
9
3
14
19
9
3
13
8
12
3
11
26
5
2
66
3
8
2
12
3
7
2
4
3
6
3
55
6
8
3
47
2
14
3
68
4
12
3
12
3
5
1
49
1
1
1
47
1
5
2
7
2
1
2
27
1
7
3
7
2
6
1
3
10
10
2
5
2
3
3
33
21
8
1
23
1
13
1
39
4
9
2
55
1
9
2
38
3
14
2
37
4
2
1
71
1
7
1
61
2
2
2
16
1
14
2
10
1
13
3
18
20
1
1
45
1
6
3
65
18
4
2
44
5
3
3
25
8
14
1
45
2
9
2
65
1
4
2
39
1
8
2
5
3
2
2
36
4
5
2
47
1
12
3
52
8
11
2
6
3
6
3
47
5
12
1
30
15
2
1
37
2
11
3
2
12
12
3
34
6
7
3
53
8
2
3
66
9
10
3
2
4
3
2
52
7
14
1
13
2
8
3
36
5
5
3
45
6
7
2
71
1
13
1
54
1
6
1
55
1
11
2
1
1
6
2
63
1
6
1
34
6
12
3
29
4
12
1
68
2
12
3
52
7
8
3
37
3
5
3
40
2
9
2
35
1
5
2
67
1
13
3
53
3
3
1
12
2
1
1
40
3
3
3
11
16
5
1
63
2
11
1
52
3
12
2
41
4
7
1
28
1
3
1
15
4
5
3
71
1
6
2
30
3
4
3
49
8
14
2
37
3
1
3
39
1
3
1
13
6
10
2
61
3
8
1
27
2
8
1
22
3
1
1
60
2
2
1
11
8
9
3
44
10
11
1
5
1
7
3
42
2
1
3
54
1
8
3
6
3
7
2
34
2
8
1
31
6
8
2
7
1
13
1
53
2
12
2
66
2
9
3
32
6
11
3
15
2
5
1
54
2
8
1
28
3
4
2
9
3
3
3
16
5
14
2
14
3
9
1
7
11
13
3
8
4
1
2
13
3
12
2
17
2
10
1
9
2
1
1
2
6
4
2
22
3
6
2
53
3
11
3
63
11
7
3
9
25
1
2
60
3
13
3
9
5
5
1
7
6
4
1
41
2
7
3
71
4
4
3
13
6
2
1
23
3
11
3
67
23
10
2
11
1
14
2
26
1
7
2
15
1
5
2
32
3
10
3
31
1
11
1
32
1
10
2
38
5
9
1
33
3
12
2
2
1
4
1
35
1
7
2
15
3
11
3
35
8
12
2
9
2
10
2
31
5
7
1
66
3
7
1
35
4
3
3
6
1
14
2
68
2
10
1
16
1
10
2
14
1
1
2
4
2
13
2
42
2
3
2
16
3
13
1
36
1
1
2
60
4
12
3
32
8
6
3
12
2
12
1
42
2
13
1
6
2
3
2
13
1
5
1
43
2
7
2
67
2
9
2
42
1
5
1
15
3
2
2
52
2
2
1
38
1
2
1
17
5
8
1
39
2
9
1
53
1
5
3
15
16
4
1
14
19
4
3
38
9
4
2
68
4
4
3
10
25
14
2
30
4
1
2
55
3
9
3
41
4
2
2
3
3
13
3
25
3
10
3
17
2
12
1
17
6
10
1
9
4
11
2
1
3
10
3
60
18
4
1
10
2
7
2
25
1
11
3
33
7
4
2
31
4
14
3
5
2
2
3
17
15
9
1
44
3
13
2
29
3
14
1
55
2
14
1
60
1
2
1
26
1
14
2
54
2
13
2
2
2
3
3
22
8
1
2
65
2
3
3
61
3
11
2
43
3
14
2
22
2
14
1
8
15
12
3
7
3
5
3
63
2
3
3
42
4
3
3
27
7
1
3
43
4
9
1
3
11
2
1
1
2
7
3
14
20
1
2
45
1
5
3
1
4
1
3
30
26
5
2
41
5
9
3
10
13
10
1
44
2
1
3
16
8
2
2
45
4
12
3
38
7
4
3
68
2
11
1
47
3
6
1
67
3
10
1
27
1
6
3
4
17
4
3
54
2
2
3
18
24
9
1
36
3
6
2
25
3
14
3
35
7
2
1
61
1
10
3
3
5
4
1
49
2
12
2
28
3
14
2
28
2
12
1
71
3
7
3
40
1
10
3
65
20
11
1
26
2
10
1
2
4
3
1
38
3
7
1
6
1
2
2
40
3
13
1
65
1
4
2
18
1
14
3
28
6
6
3
34
11
13
1
16
6
12
1
37
1
9
2
39
2
11
3
43
7
10
1
4
7
14
1
5
2
6
2
8
3
4
2
33
2
9
3
5
1
11
1
12
9
9
1
14
11
13
1
1
1
2
2
53
2
11
2
27
2
12
1
18
15
2
2
29
2
5
2
32
1
8
1
68
3
8
1
18
2
12
3
1
9
10
2
49
4
8
3
27
17
11
3
41
1
6
1
41
3
11
1
33
8
10
1
22
2
3
2
36
5
3
1
29
3
2
3
3
10
12
2
18
4
13
3
23
12
14
2
6
1
4
2
35
3
10
1
42
1
3
3
28
9
7
2
40
4
10
2
43
1
6
1
65
2
11
1
8
11
12
2
12
2
12
3
37
2
6
3
55
7
11
1
32
2
10
3
36
8
7
2
8
2
7
3
4
24
10
1
43
3
9
2
3
1
9
3
26
6
7
2
23
3
7
1
25
1
6
2
49
2
14
3
29
7
4
3
67
31
3
1
25
3
13
2
47
4
11
3
44
8
5
3
49
1
4
3
8
15
6
3
30
23
1
1
30
6
3
2
23
2
8
1
29
2
14
2
34
3
5
2
61
1
11
1
40
1
9
