2
60
4
13
2
60
1
8
1
36
3
7
1
23
1
12
2
63
3
4
1
29
1
4
2
35
2
9
1
63
1
13
1
22
3
6
1
17
14
6
2
67
1
11
2
26
2
14
3
25
7
3
2
65
2
1
3
16
7
6
1
12
14
12
3
38
9
5
2
5
1
4
2
37
1
5
3
13
2
11
3
22
11
13
3
31
5
10
3
22
4
9
1
32
4
8
1
31
13
7
2
47
4
6
1
2
6
1
1
9
1
11
1
47
1
12
1
33
5
4
2
42
4
4
2
52
2
11
2
38
3
5
1
66
1
2
3
10
23
11
2
71
1
7
2
47
1
14
3
5
5
3
3
63
9
1
1
40
1
1
1
13
8
4
3
47
9
10
3
26
6
4
3
3
3
10
2
1
3
7
1
68
3
9
3
35
4
1
3
31
12
13
3
2
2
9
3
1
3
10
3
65
4
1
1
18
8
2
3
9
10
13
3
15
15
10
1
11
4
5
2
34
2
12
3
5
4
13
1
68
2
8
2
55
3
12
1
7
7
12
3
55
13
14
1
49
1
6
2
22
2
4
3
61
4
12
2
2
3
4
2
28
2
14
2
52
3
14
3
28
6
3
2
39
4
5
2
6
3
5
3
43
3
3
2
38
2
8
3
34
4
14
2
9
2
9
2
16
2
14
3
40
1
7
3
55
11
3
3
65
10
10
1
13
9
10
1
45
2
12
1
55
1
4
2
13
2
7
1
26
2
8
3
54
2
1
2
53
3
7
3
63
1
1
1
63
2
7
3
27
2
1
1
11
5
11
1
10
7
9
2
4
1
5
1
39
2
10
2
15
1
9
3
60
18
7
3
6
1
14
3
33
21
8
2
7
3
5
2
14
2
13
1
35
2
14
3
52
3
12
3
71
4
12
1
5
2
2
3
61
7
7
1
71
1
14
2
55
2
12
3
4
21
7
3
13
9
13
2
36
5
9
2
71
3
5
1
67
1
12
2
66
3
3
3
36
9
5
1
44
1
14
1
43
3
1
1
41
3
3
2
10
3
11
1
4
3
5
3
71
2
11
1
7
8
10
3
66
6
7
3
18
12
6
3
11
12
5
2
33
3
2
3
34
9
6
2
17
3
8
2
29
1
5
2
1
1
14
2
27
2
1
1
12
3
9
2
22
3
12
1
39
1
11
1
10
2
14
3
54
1
7
2
63
1
5
1
42
1
14
1
4
5
2
2
15
2
6
1
67
3
9
3
2
8
5
1
2
4
8
3
41
1
8
1
31
14
5
2
7
2
2
1
30
7
7
3
6
5
1
3
47
4
8
2
43
3
8
2
12
3
13
1
9
5
4
2
12
1
5
2
13
3
13
1
1
3
1
2
4
3
5
1
30
8
4
2
61
2
1
3
45
3
14
3
10
5
6
3
38
4
2
3
27
6
3
2
36
4
9
3
9
2
1
2
44
4
13
1
52
3
14
2
67
2
3
1
28
2
9
1
28
3
8
3
7
1
3
3
30
5
9
1
71
3
9
3
40
6
13
1
47
3
13
2
17
1
2
3
39
9
6
2
27
3
7
2
30
5
6
1
42
2
4
3
16
3
8
3
25
1
11
1
65
2
8
1
29
3
6
1
3
2
2
2
31
2
12
3
3
2
5
3
68
4
9
3
29
5
5
1
6
1
13
2
45
1
11
1
52
2
8
3
26
8
9
3
37
1
3
1
43
2
5
1
61
3
9
3
4
1
7
2
23
1
11
1
16
6
10
2
11
2
8
3
53
7
6
1
32
7
13
1
22
1
2
3
66
1
5
1
60
1
11
3
42
2
3
2
44
5
8
3
7
2
8
2
53
1
9
2
32
1
4
1
35
3
14
1
3
6
10
1
6
2
7
3
45
6
10
1
14
17
3
2
9
1
9
2
14
3
6
3
1
1
11
1
27
3
12
2
43
4
14
1
55
2
13
2
68
4
4
3
49
1
6
2
8
3
12
2
40
2
3
1
8
12
12
2
54
2
1
3
30
20
4
3
14
7
10
1
36
2
2
2
66
2
13
2
18
2
10
2
41
5
11
2
42
1
2
1
49
2
3
2
39
3
3
3
42
1
8
1
34
10
14
1
1
2
4
2
11
3
7
1
45
1
11
1
61
2
10
2
37
2
3
2
68
3
5
3
12
1
12
3
14
19
7
2
41
1
4
2
16
3
11
3
11
10
12
3
29
13
13
1
38
1
11
1
65
1
12
3
52
18
4
1
66
3
3
2
45
4
10
2
18
3
14
3
36
14
5
3
8
20
8
3
12
3
12
3
53
2
6
1
16
4
4
1
14
19
10
2
54
1
9
2
25
1
13
2
3
3
12
3
35
2
3
2
32
4
3
2
40
4
7
2
3
2
2
2
33
2
4
1
54
2
6
3
32
7
1
3
32
11
13
2
34
1
12
1
15
4
1
1
27
1
5
1
40
3
3
2
2
1
14
1
53
1
2
3
43
4
11
1
26
1
1
1
5
1
12
1
53
2
4
1
54
3
1
3
44
3
13
3
60
30
10
2
10
1
10
3
33
7
12
3
39
2
4
1
38
3
11
2
26
4
12
2
28
3
11
2
49
2
8
3
18
4
3
2
65
3
4
1
44
4
12
1
60
2
2
3
17
8
2
2
23
3
14
1
15
2
2
1
18
13
8
1
37
1
12
3
49
2
13
1
25
3
14
1
33
8
4
3
37
4
7
2
6
2
4
3
23
6
6
3
44
7
8
2
35
3
11
3
68
5
2
3
41
2
10
1
25
2
8
2
61
1
14
3
17
3
8
3
23
13
2
1
17
11
6
3
15
12
9
2
30
4
1
1
41
1
3
1
8
14
8
2
29
2
14
2
8
1
1
1
23
3
8
2
31
4
14
2
5
3
3
1
37
2
4
2
49
3
3
3
8
8
10
1
34
11
11
3
67
4
5
3
28
14
2
2
25
2
14
3
67
37
6
