3
34
2
2
2
17
3
6
3
66
8
1
3
17
17
2
3
4
2
3
3
41
4
4
2
61
3
1
2
6
3
4
3
23
10
12
2
40
4
11
2
22
3
3
1
31
14
10
3
65
6
7
1
40
2
11
3
28
8
2
2
27
3
11
1
60
2
6
2
35
1
12
2
18
4
2
1
17
1
5
1
66
2
5
1
43
2
6
2
14
3
6
2
60
2
4
2
11
2
8
1
7
2
6
3
11
23
13
3
28
10
3
3
9
24
3
1
14
12
12
3
15
7
4
3
45
6
14
1
4
2
12
1
30
18
5
1
3
6
13
3
47
6
4
2
4
3
12
1
5
2
10
1
65
1
1
2
8
3
1
1
1
2
14
3
27
13
2
3
55
9
9
1
42
2
8
1
4
8
5
1
44
3
7
3
52
1
1
2
53
3
8
3
2
12
5
3
26
2
7
2
2
1
4
1
53
2
5
1
33
8
5
3
44
5
9
1
63
2
13
1
28
3
8
2
71
3
4
1
9
13
3
2
40
2
2
1
49
1
1
3
14
2
14
3
16
7
7
1
26
2
6
2
36
3
10
1
26
1
1
1
66
3
13
1
35
1
13
3
15
6
13
1
28
2
9
3
40
4
1
3
13
6
1
1
41
3
4
2
33
1
8
3
40
3
9
1
27
1
14
3
67
38
12
3
16
8
5
1
18
4
1
3
27
6
8
2
8
2
8
2
66
1
8
2
4
1
11
1
54
1
12
2
49
3
10
3
68
16
4
1
49
2
5
2
9
2
12
1
31
13
8
2
41
5
4
1
39
1
3
1
13
6
9
3
3
8
3
1
67
3
12
1
16
7
12
2
39
3
13
1
29
1
3
1
54
3
12
3
25
1
8
2
65
1
5
1
52
1
7
1
8
14
6
3
26
9
8
2
12
3
10
1
2
1
8
1
12
3
8
3
41
1
13
1
6
2
12
3
32
6
6
1
71
3
4
3
10
17
13
2
54
1
2
3
6
1
6
2
7
3
11
1
71
1
3
3
14
22
14
2
32
1
6
3
71
5
8
3
2
1
1
3
53
1
4
2
65
2
12
3
18
6
12
3
22
7
9
2
44
4
9
1
38
2
10
1
60
1
11
3
30
28
5
1
22
3
2
2
37
1
8
2
53
2
4
2
10
2
10
1
23
3
3
1
68
2
3
1
13
1
2
2
6
2
12
1
34
9
12
3
22
12
10
3
9
29
8
3
71
2
7
1
68
3
2
3
67
1
10
1
17
5
4
2
31
4
11
1
11
6
10
3
44
8
12
1
22
1
7
3
37
4
2
2
5
3
12
2
34
2
13
1
47
1
2
2
63
2
10
2
29
2
3
3
60
18
12
3
31
3
8
2
42
1
3
2
29
1
7
1
11
4
12
1
37
2
9
3
42
3
9
2
3
2
6
2
30
2
5
2
25
2
11
1
38
1
6
3
7
5
12
2
38
2
10
2
26
2
14
1
63
1
4
2
14
2
10
2
47
2
7
1
61
2
12
1
30
6
10
3
36
10
11
3
49
7
3
1
36
1
8
1
36
2
9
3
11
7
10
3
13
1
12
1
15
5
7
1
40
3
11
2
28
3
1
3
32
8
5
2
2
2
9
1
27
2
10
3
1
4
11
2
41
1
9
3
35
8
4
2
9
1
1
3
54
1
7
3
8
14
7
3
68
3
10
2
15
1
13
1
53
1
2
3
38
8
4
3
30
10
7
3
63
4
3
2
52
7
11
1
29
2
11
2
36
5
11
3
66
5
11
1
14
16
11
3
43
7
11
3
55
12
13
2
23
1
2
3
36
12
7
1
10
6
6
2
39
2
3
3
42
1
12
2
32
2
11
2
42
2
9
1
45
1
8
2
26
4
4
2
34
1
14
2
13
3
11
3
38
9
14
3
31
29
3
2
25
1
5
1
12
1
10
2
15
3
5
2
23
2
12
3
34
8
3
3
43
5
7
3
63
8
10
1
55
2
6
1
10
5
1
2
45
3
11
3
6
4
13
1
65
2
14
3
54
2
14
1
5
1
8
2
37
2
13
2
27
2
10
1
44
2
10
3
60
27
7
2
43
3
1
1
33
6
5
1
41
2
1
2
68
2
6
2
16
3
9
2
52
2
5
1
52
3
6
3
12
1
7
3
12
6
7
3
17
1
14
1
6
1
9
1
61
3
7
2
43
1
12
1
1
1
9
2
45
4
11
3
33
9
10
2
68
3
7
3
29
2
14
1
32
6
5
1
18
9
11
2
16
1
10
3
53
5
3
2
3
1
4
2
55
3
7
1
67
2
4
2
30
5
11
1
55
1
9
2
35
3
7
2
55
2
13
3
39
1
13
3
49
5
12
3
10
5
13
1
43
1
4
3
5
2
7
1
45
2
7
3
25
2
9
1
25
3
11
3
1
3
14
3
4
4
2
1
15
3
13
2
60
3
1
3
61
8
12
3
5
1
6
2
7
1
11
2
10
1
2
3
35
4
4
3
52
15
10
2
44
3
5
2
5
2
2
1
39
4
3
3
37
11
1
2
61
1
7
1
3
10
2
3
8
13
5
3
7
3
6
3
45
2
4
3
33
5
1
2
1
2
11
1
23
2
4
3
23
7
3
2
47
1
11
2
1
3
6
2
49
2
13
1
9
11
1
1
32
2
1
1
8
4
12
3
47
8
2
3
3
1
3
2
12
1
11
3
18
4
14
2
71
1
1
1
2
6
1
2
63
3
4
3
65
4
6
2
13
1
2
3
39
7
11
2
66
2
9
2
33
3
13
1
16
1
9
2
18
1
9
3
61
11
4
1
47
3
14
1
34
7
10
1
7
9
4
2
28
2
12
1
25
2
7
2
67
1
13
2
31
2
4
2
11
1
14
2
22
1
14
2
67
2
7
2
54
2
7
2
38
5
12
1
37
1
11
2
17
2
2
1
42
1
12
1
35
3
13
3
29
3
11
