1
60
1
9
2
35
3
5
3
52
9
11
2
36
4
9
2
2
2
12
2
15
2
12
1
10
5
3
1
30
20
9
1
4
7
8
2
9
3
3
3
23
18
12
1
44
4
14
2
26
2
3
1
39
2
2
1
13
5
13
1
26
1
11
1
36
2
4
2
66
3
1
1
7
2
11
1
52
2
13
2
13
2
13
2
17
1
7
1
54
3
1
1
17
10
4
1
67
3
11
2
17
3
11
2
71
3
2
3
67
10
4
1
34
9
7
1
63
2
7
3
45
7
1
2
5
3
14
2
65
2
9
2
29
3
14
3
2
6
9
3
61
5
4
3
68
15
5
3
13
3
8
1
16
1
13
2
52
7
4
3
27
3
12
3
30
14
2
2
47
1
3
2
4
2
2
3
15
7
9
2
60
1
13
3
66
6
3
3
22
5
14
2
26
3
2
3
31
3
13
2
37
2
7
1
61
2
8
2
22
2
7
1
8
17
8
2
28
3
11
1
5
2
13
2
8
2
1
3
43
3
10
3
36
14
8
2
45
2
14
1
45
1
13
2
16
1
11
2
31
1
13
3
55
17
1
3
8
7
9
1
32
6
4
1
5
1
11
3
17
10
9
1
29
1
7
3
30
8
12
3
36
6
5
2
54
2
14
1
29
2
6
3
1
9
1
2
41
2
6
3
14
23
7
3
9
22
5
2
39
4
10
1
27
1
4
3
25
5
2
1
55
2
6
2
3
3
6
1
42
1
14
3
39
10
7
2
63
3
6
2
7
1
9
1
25
1
10
1
47
1
4
2
7
3
11
3
3
5
1
3
61
4
3
2
43
2
3
1
33
4
2
3
10
26
4
2
33
3
2
3
63
9
5
3
68
4
2
1
42
2
9
2
6
3
3
2
18
3
9
1
33
5
9
2
14
3
5
2
53
2
1
3
45
2
7
2
49
3
1
1
31
4
1
2
44
2
9
1
12
6
7
1
44
1
8
3
65
19
14
2
27
1
6
2
23
3
4
3
63
4
8
1
55
1
1
1
65
1
7
2
61
1
11
3
31
17
1
3
54
2
8
3
28
5
1
1
2
6
2
1
35
2
5
2
34
3
6
2
30
4
7
3
35
5
14
2
10
1
9
2
38
4
2
3
40
6
7
2
68
2
14
1
32
1
8
2
25
1
1
2
8
1
8
1
9
8
11
1
4
3
9
1
25
3
8
1
54
2
1
1
39
3
1
3
52
7
11
2
38
3
8
3
29
10
6
2
71
2
13
2
5
1
5
1
16
7
6
1
38
2
1
3
44
1
13
3
4
9
12
2
6
1
13
2
61
3
3
3
12
7
4
1
43
2
13
1
60
2
9
3
33
14
3
2
55
2
9
2
18
1
3
1
63
1
11
3
67
30
5
1
14
16
8
3
16
4
4
1
47
3
1
2
42
4
3
3
42
4
4
2
12
3
9
3
14
13
6
1
18
8
9
1
1
2
14
3
44
7
3
3
53
6
11
3
13
9
5
1
36
3
8
1
23
3
9
2
13
3
1
3
6
4
9
3
34
7
3
2
29
1
3
3
35
2
12
3
7
2
4
3
60
12
14
2
27
2
7
1
40
3
14
2
40
3
10
3
16
6
10
3
26
3
8
2
34
1
8
3
25
8
7
2
36
2
8
2
41
5
13
3
54
1
6
1
66
1
10
3
42
2
10
3
4
5
8
1
35
3
6
3
49
3
12
2
35
2
4
2
22
3
12
1
52
1
7
2
14
1
11
3
7
5
10
1
31
3
11
1
41
3
10
1
11
11
2
2
9
2
7
3
39
3
11
1
18
15
6
3
33
18
12
1
3
10
2
1
34
11
5
2
47
2
6
3
11
15
10
3
8
15
14
3
32
9
1
2
25
3
1
3
43
4
1
1
9
3
14
1
30
9
14
2
42
1
2
1
3
9
6
1
41
2
12
3
27
11
6
2
39
3
10
1
71
2
6
3
53
5
6
3
28
9
8
2
67
1
11
2
40
1
3
3
71
2
10
1
15
5
11
2
66
2
4
2
32
3
1
2
45
3
10
2
68
3
5
1
8
15
13
3
47
3
7
3
17
6
12
1
43
1
7
1
45
2
2
1
67
2
4
2
43
1
13
2
28
2
11
1
23
2
10
3
38
1
11
1
65
2
14
1
49
1
14
1
28
3
10
2
53
1
2
2
54
1
11
3
15
3
14
1
1
1
12
2
31
5
7
3
3
9
4
3
40
5
1
1
7
3
9
3
12
6
5
1
68
3
10
1
12
17
9
2
4
1
4
3
22
1
7
3
23
17
6
2
49
2
14
3
38
6
14
1
49
2
4
3
37
12
2
1
2
4
4
3
2
3
5
3
10
18
11
2
11
1
9
3
34
9
7
3
11
14
5
3
1
10
12
2
55
1
11
1
38
3
8
1
66
3
6
3
71
4
6
3
66
4
13
2
1
2
6
1
40
2
7
3
55
4
2
3
32
7
7
2
32
4
8
1
61
3
2
1
10
4
1
2
15
3
5
2
11
2
2
2
3
2
13
2
10
3
5
2
33
2
13
1
15
4
1
2
63
2
6
1
37
2
9
1
71
3
4
2
52
5
2
3
18
5
14
1
6
1
14
1
14
10
12
3
41
4
12
1
13
3
1
1
53
2
14
3
9
27
13
1
37
1
14
2
37
4
13
3
5
1
11
1
22
3
3
1
27
3
11
1
26
2
10
3
18
8
2
1
53
1
13
2
60
2
5
2
2
3
7
3
49
1
9
3
60
26
11
1
6
2
9
3
41
1
6
1
28
2
12
2
12
2
7
3
5
4
14
1
22
2
8
1
68
1
5
3
37
2
12
2
23
2
13
2
1
1
12
2
67
2
4
3
47
6
3
3
6
1
14
3
26
11
5
1
17
6
13
2
65
4
14
2
44
1
6
1
11
7
10
3
65
3
11
2
16
3
6
2
30
1
3
3
29
19
5
