3
5
1
13
3
16
5
11
2
53
1
7
1
38
3
4
3
27
1
13
1
1
1
7
2
44
1
4
2
3
1
5
1
33
1
10
2
61
3
2
1
67
2
6
1
71
2
8
3
53
1
10
3
1
9
6
3
22
2
12
2
67
2
13
3
39
9
1
1
15
1
10
1
63
1
9
1
44
3
5
3
37
6
5
1
2
3
7
1
43
2
4
1
49
2
13
1
3
9
14
2
3
2
11
1
35
1
9
1
30
10
4
3
26
11
14
3
7
3
1
3
63
13
2
2
13
3
7
2
66
2
10
3
52
12
5
3
13
1
14
1
39
4
9
2
10
1
2
3
6
6
9
3
40
5
10
1
18
7
13
3
47
4
12
3
18
13
1
1
30
19
8
1
1
2
4
3
54
2
10
3
60
14
14
3
23
2
14
2
68
1
1
2
14
2
7
2
15
2
7
1
61
3
7
3
42
1
11
3
42
4
10
3
31
6
10
1
9
7
7
3
40
4
7
1
23
3
2
2
39
1
6
1
26
3
3
3
9
12
8
1
68
3
1
2
12
2
3
1
8
8
1
3
8
13
6
1
63
2
6
2
34
3
14
1
44
4
13
2
37
3
12
2
13
1
13
1
43
3
3
2
1
1
1
1
25
2
11
1
13
7
7
2
41
2
2
1
6
2
3
2
17
3
1
1
49
1
5
3
18
7
6
2
5
1
1
3
35
1
7
1
60
2
7
3
28
8
13
2
49
3
6
2
2
2
11
3
65
16
10
3
32
8
10
3
34
8
4
1
11
11
4
2
61
1
7
3
43
7
2
2
31
1
10
1
52
2
3
2
42
4
9
2
8
2
9
1
22
3
11
2
23
1
8
2
36
1
4
1
52
1
6
2
65
4
14
1
8
11
14
2
15
1
8
2
1
2
2
2
9
2
9
1
55
2
5
3
43
2
11
1
45
1
9
1
41
1
11
2
4
1
6
1
42
1
12
2
45
1
2
1
60
1
1
1
32
6
10
3
67
38
7
2
17
2
10
2
68
4
4
2
27
1
2
3
3
7
13
2
52
7
8
2
22
2
6
3
13
9
14
3
68
4
14
1
26
2
12
1
45
2
13
3
31
11
12
2
4
3
8
1
39
1
8
1
16
6
3
1
54
2
13
2
32
1
3
1
11
6
1
2
26
4
11
3
65
8
1
3
2
10
1
3
14
15
10
2
11
2
7
1
66
1
6
2
41
4
11
3
36
9
12
2
43
3
5
3
3
2
14
2
54
1
12
3
60
29
10
1
17
13
13
3
17
7
8
1
15
5
8
3
5
4
3
2
33
3
14
1
4
4
3
2
10
3
1
1
31
10
5
3
11
8
6
2
42
2
10
2
23
2
6
3
25
1
1
3
67
18
11
1
47
1
10
3
10
13
12
3
29
18
3
3
32
2
10
2
35
3
2
1
12
13
4
2
12
3
10
1
27
3
4
2
34
2
12
3
45
7
12
3
15
4
10
3
6
4
10
1
37
1
4
1
6
1
12
1
38
1
1
1
71
3
12
3
38
3
14
1
36
2
8
3
44
4
3
2
71
1
10
3
71
3
6
1
22
2
13
1
14
12
5
2
37
1
13
3
55
12
14
3
4
18
10
1
34
1
2
1
7
8
12
1
27
2
5
3
68
11
11
3
49
6
6
1
68
1
8
3
30
5
10
2
52
6
9
3
61
9
12
1
3
6
13
2
33
1
11
1
34
10
6
2
65
2
1
3
63
10
10
2
63
1
1
3
25
3
7
3
9
24
7
1
65
1
14
1
65
2
14
1
17
15
8
1
25
3
4
2
25
1
11
1
29
2
9
3
71
4
12
2
36
4
13
2
16
1
1
2
7
3
11
3
37
4
10
1
35
3
11
1
54
1
11
3
53
3
8
3
66
3
10
2
27
2
1
3
15
9
14
1
33
8
9
3
49
4
5
2
26
3
2
2
47
2
13
3
34
6
11
1
66
2
10
2
9
1
2
3
33
7
5
1
40
1
5
1
40
2
14
2
28
1
6
1
16
5
10
2
11
1
1
3
12
2
13
3
38
10
10
1
41
3
5
3
12
3
13
3
27
13
8
3
39
8
3
2
44
4
9
2
31
3
1
3
35
6
5
1
9
11
3
2
55
2
2
3
52
13
7
3
4
6
11
2
43
5
3
3
26
8
10
3
55
7
8
2
38
4
14
1
42
2
9
2
18
4
8
3
61
10
13
2
32
2
4
2
16
2
6
1
47
2
11
2
66
3
13
3
45
6
10
3
41
4
13
1
10
1
6
1
5
2
12
3
66
6
3
1
12
10
14
1
18
6
9
2
39
3
8
1
53
1
9
3
23
4
7
2
35
2
12
3
10
5
2
3
33
21
13
3
44
8
2
1
32
3
6
1
55
1
5
2
45
2
5
2
29
1
12
1
10
6
8
3
47
10
11
1
28
3
4
2
28
3
7
2
2
3
9
2
40
1
11
1
31
13
11
2
29
3
10
3
29
4
4
1
14
9
12
1
36
3
1
3
22
1
2
2
67
1
9
2
71
2
9
1
61
1
9
2
6
2
10
3
2
8
6
3
14
4
7
3
16
2
12
1
37
2
5
3
28
16
6
2
18
1
14
2
6
3
1
2
55
1
2
2
30
2
12
2
7
2
4
1
13
5
9
3
41
2
8
2
49
1
8
2
54
2
6
2
22
1
1
3
7
4
7
2
5
3
10
1
2
4
5
2
60
1
11
3
8
18
4
1
4
6
2
2
53
2
6
2
47
4
8
1
7
1
3
2
63
2
7
2
8
1
4
1
5
1
3
3
30
13
11
1
67
3
4
1
29
3
6
3
36
4
3
2
38
2
1
1
23
1
9
1
28
1
11
3
54
1
7
2
30
4
8
2
14
1
2
1
53
2
4
2
25
3
4
3
11
22
10
2
60
3
14
3
17
8
11
3
1
6
13
2
40
4
2
