2
44
3
11
2
11
2
7
3
27
11
14
3
26
12
3
3
71
5
4
1
2
4
13
2
44
2
5
1
25
1
11
2
45
4
6
3
61
10
3
3
33
18
7
3
32
5
9
2
63
3
1
2
18
2
8
2
7
2
14
2
39
4
10
3
22
10
4
3
40
4
6
2
68
2
6
3
25
8
5
1
35
1
4
3
53
8
8
3
23
13
1
2
49
4
1
2
60
4
1
3
33
24
11
1
41
1
14
3
61
4
8
3
3
6
6
3
37
2
7
1
7
3
2
3
66
1
14
3
42
1
4
1
29
2
1
3
71
1
11
1
1
3
10
2
1
2
14
3
11
12
10
3
54
1
11
1
52
3
12
3
9
10
7
3
38
7
1
1
5
2
7
2
42
4
1
2
13
2
2
1
39
4
6
2
30
2
13
1
41
2
13
2
15
2
2
1
1
1
6
1
14
8
6
2
66
2
10
1
60
2
12
1
17
14
2
3
49
3
13
1
31
5
7
3
68
7
10
2
37
1
9
1
18
11
10
1
11
3
7
2
60
2
7
1
49
1
14
3
53
4
13
2
7
1
10
2
22
2
14
3
1
4
6
3
67
9
3
1
11
10
2
2
40
2
3
1
35
4
8
2
4
1
14
3
52
8
5
1
55
1
6
3
35
2
10
3
49
7
9
2
41
2
6
2
53
2
8
3
36
10
11
1
6
2
9
3
44
1
5
1
5
1
12
2
33
3
1
2
8
2
12
2
43
3
10
3
10
25
1
3
68
3
10
2
55
1
11
2
36
2
3
3
47
3
4
2
68
3
14
3
16
5
6
2
65
3
10
1
15
1
3
2
34
3
9
3
39
2
6
3
63
6
7
2
54
2
5
3
2
2
2
3
31
7
9
2
53
3
2
1
25
3
12
3
27
5
2
3
9
26
7
3
54
2
2
3
66
5
5
1
44
1
5
2
38
3
14
3
5
3
12
1
23
1
12
2
13
1
9
1
37
1
9
1
34
10
13
2
3
2
14
3
11
19
6
2
45
1
8
3
1
3
14
2
4
2
14
3
28
12
5
1
68
3
2
1
53
1
9
3
12
1
10
1
17
5
4
3
15
9
11
2
2
1
5
1
71
2
12
2
52
1
9
2
25
2
13
2
52
6
3
1
3
1
6
3
31
1
8
1
43
1
9
2
26
1
1
2
5
3
13
2
61
3
1
3
7
3
10
2
54
1
1
1
71
3
3
2
35
3
6
1
28
1
6
2
42
2
2
1
14
6
10
2
26
3
2
3
16
2
13
1
66
1
3
2
23
3
4
2
33
1
4
3
8
20
7
1
12
14
1
1
60
1
12
3
40
6
7
1
61
1
12
2
41
5
3
1
39
1
2
2
6
2
2
1
28
3
4
2
10
2
14
3
29
14
14
3
47
1
5
1
15
2
10
3
13
4
10
3
60
28
6
1
27
2
14
3
2
7
3
2
22
3
9
3
60
18
5
1
7
6
13
2
17
1
7
2
31
2
14
1
10
2
7
3
39
3
1
1
63
2
5
3
55
4
11
3
65
18
2
1
8
6
4
3
34
10
3
1
22
3
3
3
8
3
11
2
2
2
10
2
9
1
8
1
33
6
12
1
40
2
2
3
12
6
4
3
30
26
11
1
38
1
4
3
14
22
1
3
63
13
7
2
63
2
3
1
49
2
7
1
42
1
12
3
6
3
7
2
47
4
6
3
17
13
5
1
30
1
14
1
3
8
11
3
4
11
14
2
25
1
4
2
32
3
9
2
12
1
2
1
45
2
6
3
6
5
4
3
43
3
5
2
35
2
13
3
25
2
13
2
37
4
3
3
26
6
4
3
15
7
5
1
67
1
6
2
8
1
12
2
16
2
6
3
37
12
7
1
37
2
13
2
16
1
10
1
12
18
12
2
18
4
10
2
40
1
1
1
45
1
3
1
18
12
2
3
41
4
9
1
32
5
1
3
3
4
3
1
43
3
3
2
30
5
8
2
1
3
6
1
22
1
4
3
52
12
10
1
8
7
6
2
34
1
1
1
2
2
14
2
49
3
12
3
65
3
3
1
63
1
8
3
44
9
4
2
32
1
5
3
30
4
4
3
34
9
1
2
5
2
12
1
53
2
14
2
66
1
8
1
65
2
2
3
28
6
7
3
22
8
8
3
18
22
11
1
26
2
5
1
23
2
10
2
17
3
9
1
67
3
14
1
31
9
3
3
35
6
11
2
29
3
10
2
11
3
9
2
9
2
10
1
16
1
13
2
27
2
13
1
13
8
9
3
55
6
12
2
38
4
11
1
47
2
2
3
18
24
13
1
55
2
8
2
14
3
1
2
3
1
12
3
13
9
10
1
27
3
2
3
42
3
3
2
47
3
9
2
65
2
9
1
40
1
5
1
36
3
12
1
9
14
11
3
14
23
14
2
31
5
2
1
4
3
6
2
55
3
12
2
29
2
9
1
10
8
3
2
10
3
8
1
47
1
14
3
36
2
11
3
41
2
7
3
32
1
2
3
45
7
14
1
4
6
10
2
23
2
5
2
27
1
1
1
61
2
12
3
5
1
4
3
23
3
10
3
10
17
4
3
45
5
14
1
54
2
10
2
71
1
7
1
6
1
5
1
52
1
3
3
67
21
9
1
32
6
6
2
6
3
10
1
42
2
8
3
7
5
5
1
66
2
12
1
44
4
2
1
29
3
4
2
61
2
13
2
71
2
7
3
17
9
7
1
30
6
10
1
13
2
4
2
43
2
4
3
29
17
10
1
54
3
9
1
26
1
1
1
16
6
8
3
4
9
11
2
36
5
12
2
12
2
14
1
33
5
1
1
68
1
6
1
34
2
10
2
28
1
14
1
38
3
6
3
38
2
8
1
9
11
6
2
14
1
8
3
43
1
5
2
67
2
2
2
67
1
3
1
36
1
11
2
15
3
7
2
28
3
12
2
39
2
14
1
65
1
4
