2
28
2
4
2
49
2
14
1
1
3
13
3
14
24
11
1
40
3
12
3
32
11
13
1
55
2
3
2
44
5
10
1
23
2
2
3
55
4
8
2
13
2
11
3
40
1
14
1
61
3
2
1
49
1
4
3
53
7
1
3
33
11
8
3
11
6
4
2
33
1
2
1
7
9
3
2
3
2
10
2
18
3
7
3
18
1
4
3
37
5
1
3
7
5
5
3
32
5
12
1
39
4
7
1
45
1
8
3
47
9
3
2
55
3
12
1
34
5
3
1
22
2
8
3
28
8
7
2
25
1
13
3
9
21
5
2
14
2
6
1
2
1
7
2
27
3
2
2
68
1
5
3
3
10
10
2
32
2
10
3
52
9
9
1
54
1
11
2
47
1
8
3
44
5
11
2
16
2
5
2
63
3
14
2
5
1
8
1
13
5
9
1
8
5
10
3
63
13
14
1
54
2
2
2
10
2
14
3
45
5
9
2
61
2
9
2
66
2
7
1
25
1
4
1
53
1
3
1
55
1
3
1
71
3
11
3
31
6
2
1
68
1
12
3
61
4
9
2
25
2
11
1
63
1
9
1
11
3
10
2
7
3
1
3
33
14
10
2
9
1
14
2
28
1
14
2
35
2
1
2
41
2
7
3
17
7
12
3
65
2
5
3
14
12
13
3
52
6
13
2
45
3
8
2
60
2
1
2
65
1
5
3
10
20
4
2
35
3
13
2
52
6
2
1
14
15
12
1
35
3
1
3
41
2
1
2
27
2
9
3
25
5
2
3
23
1
3
1
49
2
11
3
60
8
3
2
16
1
5
1
29
2
12
3
67
6
14
3
66
6
14
3
23
16
14
1
9
5
9
2
6
3
3
1
16
2
13
1
52
3
11
1
43
3
11
1
36
1
9
3
54
1
8
2
49
1
2
3
25
2
4
1
31
7
9
2
52
5
3
3
2
8
14
2
11
2
7
1
60
2
8
1
26
3
14
1
28
2
3
2
2
1
14
1
12
5
12
3
12
5
14
1
32
4
14
1
18
7
13
1
12
17
7
1
44
3
14
3
16
2
2
2
33
3
8
3
7
4
14
3
38
6
12
2
34
3
9
3
60
31
11
3
66
4
7
1
23
3
10
1
42
2
6
3
22
6
5
3
29
11
3
1
35
4
10
2
55
1
12
2
38
4
11
3
38
2
4
3
12
3
10
2
30
3
11
2
54
1
4
2
5
3
13
1
40
1
8
1
30
19
3
3
6
5
11
3
30
14
5
1
65
2
9
2
12
1
1
2
40
2
11
3
42
2
3
1
31
12
2
2
6
1
7
1
15
5
12
2
40
1
2
1
36
2
3
3
27
16
9
2
53
3
7
1
53
2
14
2
42
4
1
3
63
9
13
2
13
1
3
2
4
2
14
2
22
1
8
1
6
2
1
3
40
4
5
1
67
2
1
2
31
2
1
1
6
1
13
2
43
1
6
1
42
1
12
1
66
3
4
3
5
3
13
1
34
6
4
1
10
1
2
1
18
14
12
1
8
8
3
2
53
1
7
3
37
9
3
2
71
3
6
3
15
4
12
3
3
6
11
2
17
1
2
2
61
3
2
1
44
4
11
3
34
10
1
3
39
6
11
1
17
12
7
1
1
1
4
3
1
3
2
3
65
20
10
1
4
1
8
1
38
1
7
2
54
2
6
1
5
2
4
2
60
4
14
3
17
10
1
1
5
1
5
1
37
1
8
1
2
5
13
2
38
3
4
3
36
11
12
3
6
6
6
2
12
3
7
1
15
1
7
2
36
2
7
3
35
8
11
2
30
5
3
3
16
3
5
1
37
2
1
2
14
1
3
1
9
12
3
3
1
2
11
2
2
2
5
1
17
13
7
2
15
3
9
1
3
5
12
3
2
11
4
1
71
1
7
3
41
4
11
2
37
2
11
3
43
3
6
3
35
3
5
1
32
3
6
2
15
2
7
1
61
1
12
1
63
2
3
2
36
4
14
3
13
4
2
2
26
1
7
1
28
3
9
3
4
9
1
2
67
2
14
2
26
3
5
2
1
3
13
3
42
4
9
1
13
1
6
1
3
7
13
1
30
7
3
1
67
1
13
2
29
1
9
2
41
3
12
1
14
12
11
1
43
1
10
3
26
3
4
1
10
2
14
1
26
2
7
3
34
2
9
1
60
1
2
3
18
21
1
2
32
3
7
3
71
5
6
3
26
10
9
3
36
3
10
1
16
4
14
3
9
16
7
3
47
7
4
2
23
3
11
3
49
2
9
1
4
2
11
2
34
2
11
3
68
10
8
1
22
3
5
1
47
3
8
1
27
3
3
2
1
1
3
2
31
1
2
1
66
1
9
3
30
25
4
2
29
2
1
3
22
7
3
1
33
2
8
2
42
1
12
3
44
4
14
3
15
13
13
3
8
12
1
1
68
2
9
2
67
1
9
2
4
1
1
3
13
6
14
1
27
1
7
2
39
3
7
1
45
2
9
3
39
10
4
3
61
1
13
2
18
4
13
3
45
1
4
3
10
13
8
1
11
7
10
1
41
1
7
2
63
2
2
2
71
2
10
3
67
29
6
2
8
3
12
2
65
4
14
2
23
2
14
1
29
1
9
3
55
1
3
2
45
1
2
1
25
3
9
1
65
1
5
2
11
1
13
3
54
2
4
2
10
3
2
3
53
1
7
3
27
8
12
2
39
1
14
3
29
2
8
3
43
4
10
3
71
3
4
2
68
4
4
1
52
1
6
3
28
2
7
3
4
27
2
1
41
2
6
3
31
16
13
2
7
1
2
1
33
5
3
1
38
2
7
2
37
4
13
2
43
3
14
3
11
3
6
1
39
1
10
2
17
3
1
2
3
3
9
2
44
3
7
3
8
16
7
3
49
3
5
2
8
1
3
2
9
3
10
2
66
3
10
3
68
6
8
2
22
2
11
3
5
2
1
1
47
1
4
1
7
11
5
2
47
2
4
