2
15
2
4
2
54
2
14
2
26
1
13
2
27
2
14
1
66
1
12
2
18
2
2
2
4
2
5
3
10
15
2
1
26
1
7
1
12
4
10
3
17
12
6
3
52
4
10
2
18
3
9
1
5
2
1
2
68
2
11
3
71
4
4
1
22
2
6
1
29
1
6
2
7
1
13
3
31
30
7
3
52
16
9
1
5
1
7
3
5
1
10
3
6
2
7
1
53
1
8
3
54
1
4
1
38
1
9
2
42
3
7
3
6
5
2
1
6
1
3
3
11
1
1
2
63
1
13
3
7
2
4
2
16
1
10
3
22
12
7
2
10
2
2
1
31
12
13
2
44
2
12
2
49
4
4
1
9
1
7
1
49
2
1
3
1
6
3
1
47
1
4
1
32
6
12
3
38
6
12
3
9
8
9
3
37
6
1
3
60
20
9
3
54
2
1
3
23
17
6
3
18
18
10
3
16
2
8
1
36
2
4
1
29
3
13
2
49
1
2
2
30
4
13
1
7
1
13
2
61
1
5
3
67
36
1
3
44
3
8
3
53
6
1
2
3
3
2
3
49
3
1
3
30
25
3
2
23
2
13
2
66
3
3
2
36
3
14
3
14
19
4
3
36
2
12
3
17
11
2
1
41
2
1
2
47
3
7
1
31
14
14
3
41
1
12
2
40
4
3
2
4
3
7
1
11
8
1
1
40
1
4
3
18
20
1
3
65
6
10
1
47
3
2
2
71
2
8
2
14
1
12
1
52
2
10
2
43
1
11
1
18
10
14
2
6
3
5
2
7
2
14
2
65
3
2
1
33
2
12
3
60
32
12
3
28
10
13
3
47
4
5
2
60
3
8
1
65
2
3
2
43
5
4
2
17
3
7
2
5
1
12
2
8
2
2
1
71
3
10
3
39
4
2
1
38
2
7
1
32
3
14
3
68
3
7
1
37
2
4
1
68
1
9
1
14
15
3
2
10
3
13
2
55
2
11
3
3
5
6
2
37
3
12
1
43
1
3
2
60
2
12
3
42
1
3
3
8
11
13
1
10
8
12
2
33
3
12
1
67
1
5
3
16
7
14
1
43
3
10
3
45
5
6
1
13
2
2
2
40
3
3
3
2
4
11
1
33
7
2
3
13
6
9
2
41
4
13
1
68
2
14
1
42
1
13
2
53
2
13
3
42
3
9
1
34
1
11
1
25
1
6
2
32
1
12
2
1
2
12
1
23
3
11
1
16
4
11
3
27
9
12
2
47
2
6
3
67
17
8
1
54
1
13
3
31
6
1
3
23
13
6
3
26
10
8
1
11
1
1
2
12
1
7
2
22
3
7
1
15
5
7
3
53
1
5
2
11
3
12
2
68
4
5
1
44
3
2
3
12
1
12
3
38
4
8
3
15
10
10
2
23
1
2
3
5
2
10
2
61
3
8
3
36
9
4
2
11
1
5
1
27
1
6
3
12
5
1
1
67
3
3
2
37
1
12
2
6
2
11
1
66
3
1
1
25
2
3
2
2
2
6
2
71
3
3
1
2
4
7
1
4
4
14
3
68
16
3
2
13
2
13
1
54
2
5
2
15
3
6
1
17
9
11
3
3
3
13
2
2
3
11
1
44
2
5
2
25
2
9
1
34
2
2
1
10
2
11
3
9
31
1
2
34
3
3
1
4
7
14
2
36
1
12
3
49
1
11
3
13
9
6
3
10
19
7
1
49
1
10
1
30
4
2
3
55
16
11
2
29
2
3
3
41
2
10
2
39
2
7
2
9
1
14
3
34
5
6
2
67
2
7
1
22
3
14
1
6
2
4
1
2
3
6
1
60
1
6
3
11
8
6
3
33
2
9
2
32
4
10
1
35
3
5
3
43
4
4
2
8
3
9
2
29
3
1
3
47
10
12
1
26
3
3
3
63
1
14
2
28
1
8
3
61
5
2
3
33
3
4
2
5
3
1
1
15
3
9
2
34
2
10
3
22
2
14
3
4
2
4
1
9
8
14
3
4
8
7
2
12
3
5
3
39
2
11
1
16
7
11
1
13
3
10
2
31
4
3
2
38
5
3
1
53
2
3
1
61
2
12
2
25
1
6
2
66
2
14
3
2
7
9
3
65
7
14
2
45
1
12
1
52
1
2
2
22
1
8
1
39
4
5
2
44
4
12
3
29
5
9
3
43
3
13
1
42
2
10
2
31
1
6
3
40
1
13
2
27
1
1
3
63
13
10
2
3
2
8
2
53
1
7
2
39
3
11
3
32
1
4
2
41
1
8
1
8
15
7
3
37
8
3
1
3
6
10
1
71
1
9
1
40
3
1
2
52
5
14
1
63
1
2
3
35
3
14
1
27
3
10
1
61
3
4
1
45
2
7
3
14
2
14
3
28
12
7
2
14
2
2
1
28
3
14
2
67
1
10
1
14
7
7
1
1
2
2
3
40
4
12
2
55
1
3
3
7
4
10
1
37
1
4
2
35
1
13
1
35
4
3
1
1
1
5
1
18
11
12
2
28
2
11
1
12
3
4
3
1
8
3
3
25
9
2
1
55
2
5
3
27
15
14
2
9
2
6
2
45
2
6
1
28
1
4
3
55
6
1
3
61
9
8
1
63
2
9
2
30
3
4
1
8
3
3
3
15
6
5
3
25
7
8
3
30
5
2
2
33
2
3
1
17
6
10
1
30
9
12
3
26
6
4
2
42
1
10
1
41
3
2
2
13
1
6
3
8
13
9
2
63
3
8
2
38
4
2
1
65
1
2
2
35
3
14
1
7
9
1
3
45
4
13
1
45
1
12
1
3
11
7
2
16
3
11
1
55
1
7
3
66
8
7
3
71
1
2
3
32
8
12
1
36
3
1
1
23
1
14
1
39
1
9
3
44
8
11
3
34
9
1
2
54
1
7
2
52
2
11
3
35
2
9
2
1
3
11
2
26
4
13
2
17
1
4
3
66
9
11
3
29
19
9
2
65
4
13
1
60
2
7
