2
35
3
3
2
16
1
4
3
25
4
13
3
14
18
1
2
4
1
10
3
34
2
14
3
30
25
1
1
61
3
6
2
30
3
2
2
49
4
5
1
41
1
11
3
63
10
10
3
23
11
13
1
1
3
12
2
3
3
13
3
66
1
9
1
25
1
8
3
31
22
3
3
55
15
1
2
7
2
4
2
35
1
12
3
41
3
11
1
8
17
1
2
10
1
4
3
5
5
13
1
37
2
8
1
12
16
13
1
23
1
2
2
29
3
14
1
34
10
9
3
66
2
8
3
17
8
9
2
65
3
7
1
9
9
11
1
13
6
9
2
54
2
6
3
33
10
8
1
52
3
11
3
68
7
4
3
36
11
1
3
38
9
4
2
28
3
10
3
32
8
14
1
22
1
7
2
49
2
13
1
32
5
10
3
18
12
2
1
47
1
6
3
42
3
3
1
16
2
14
1
71
3
3
1
68
3
1
1
38
2
11
2
13
1
2
3
38
1
7
3
61
7
2
1
30
16
14
2
26
1
10
2
12
3
12
2
34
1
5
1
49
1
10
3
54
2
14
2
36
5
7
3
42
2
1
2
25
3
10
3
18
6
9
3
44
1
4
2
16
3
3
3
35
4
13
3
17
16
13
1
47
2
5
1
65
1
6
1
11
10
5
2
6
2
8
3
68
14
13
2
47
2
6
3
15
17
11
3
31
30
7
3
7
4
4
1
6
1
4
1
26
1
2
2
31
2
9
1
2
3
12
2
45
3
10
2
30
2
4
3
5
3
8
1
43
1
12
3
25
6
6
1
29
3
12
1
5
2
10
2
71
3
2
3
40
2
5
2
15
2
11
1
18
7
11
2
37
2
5
3
33
17
8
1
9
6
1
1
43
2
13
2
8
2
1
3
43
8
13
1
53
2
10
1
7
4
4
1
14
14
11
3
52
15
6
3
63
13
8
3
49
3
5
1
22
2
4
1
3
8
13
2
8
3
1
3
39
2
14
1
67
2
14
1
11
4
10
2
66
2
9
1
27
2
14
3
65
12
9
1
15
3
11
1
39
4
8
2
27
3
11
3
67
36
4
3
9
19
6
2
5
2
14
1
12
18
11
1
44
3
12
3
36
15
10
2
13
3
3
1
23
2
9
2
2
3
14
3
1
3
6
1
60
2
13
2
68
1
7
2
41
3
8
3
3
2
13
1
29
2
14
1
31
13
1
1
5
1
11
3
22
10
14
3
26
2
9
3
44
4
13
3
7
3
11
2
3
1
12
3
47
10
13
3
26
10
14
2
61
2
11
2
33
1
4
1
34
7
14
1
33
6
3
3
53
1
3
3
2
5
13
1
13
4
6
3
12
3
13
3
3
3
7
1
17
6
7
2
38
2
12
1
6
2
8
3
45
1
3
3
6
3
6
2
47
3
8
3
4
16
14
2
53
2
13
1
10
1
6
1
45
1
11
3
29
14
9
3
35
8
9
3
12
1
9
2
55
1
3
1
38
1
9
1
10
4
13
2
33
2
3
3
11
7
13
1
4
5
13
1
42
1
10
3
29
18
4
1
25
2
9
1
63
1
14
1
17
11
4
2
37
3
3
2
40
2
9
1
14
15
4
2
60
2
13
2
15
3
5
2
14
3
2
1
31
3
9
3
60
27
1
1
54
1
13
2
71
1
9
2
18
4
7
3
10
13
3
1
26
2
6
1
40
1
12
2
38
3
10
2
40
4
6
3
34
8
13
2
66
3
4
3
28
8
5
1
39
3
3
1
4
1
14
3
4
22
4
2
52
1
8
3
47
5
4
3
8
5
11
2
61
1
12
3
67
18
9
1
68
1
3
3
65
2
12
3
16
7
1
1
45
2
7
2
39
4
5
3
15
2
10
3
43
4
2
1
41
2
12
2
32
4
3
1
60
1
2
1
61
1
12
1
36
2
4
2
14
2
4
1
66
2
8
2
22
3
4
2
63
1
13
2
12
2
11
2
67
1
11
1
36
3
9
3
55
17
14
1
71
1
5
2
6
1
3
2
23
2
9
2
17
1
11
2
41
4
14
1
30
4
9
2
67
2
12
3
39
4
9
3
60
26
5
2
9
2
1
2
11
2
9
3
52
14
11
1
42
2
2
3
41
4
5
3
10
21
7
2
28
2
1
1
15
2
3
3
28
9
7
3
16
5
2
3
71
1
11
2
29
1
1
1
16
1
2
2
17
3
13
1
49
2
10
3
22
3
13
2
44
4
10
2
4
2
5
3
37
1
4
2
26
2
4
1
8
2
3
1
55
2
9
1
28
1
5
1
63
2
9
3
27
4
12
2
1
2
9
3
13
8
1
3
45
5
11
2
5
1
7
3
30
28
3
2
11
3
4
3
6
2
11
3
2
3
2
2
22
2
3
1
28
3
7
2
2
2
10
1
27
1
8
2
10
3
2
2
39
1
3
3
40
6
2
1
7
9
7
1
54
3
10
2
42
3
8
2
32
3
7
3
53
2
10
3
54
1
9
2
9
3
11
2
45
4
6
1
1
1
11
1
33
4
12
1
67
3
14
2
55
3
4
2
68
4
14
2
31
1
3
1
66
1
10
3
49
2
13
1
35
3
5
3
37
7
3
3
9
5
7
2
7
3
10
2
52
6
11
2
18
1
5
3
23
3
7
2
54
1
4
1
32
6
8
2
44
2
11
3
11
15
13
2
63
2
1
2
60
3
5
1
65
2
9
2
43
5
6
3
32
11
7
3
27
16
10
1
37
1
10
2
1
1
3
2
42
4
4
3
1
7
8
2
25
2
8
1
52
1
12
1
40
2
8
1
3
9
2
1
35
1
5
1
55
1
9
1
18
6
2
3
14
20
8
3
8
8
10
2
43
2
1
3
61
9
10
1
53
1
13
1
44
4
10
3
13
9
8
2
34
3
7
2
53
3
1
2
27
1
6
2
23
1
12
2
65
2
14
1
2
2
5
2
36
1
7
3
71
5
8
