1
29
2
7
3
38
6
5
2
42
2
12
2
38
4
3
3
7
3
6
2
26
3
4
2
26
4
8
3
12
5
14
2
45
4
2
3
71
2
9
2
6
2
11
3
66
1
11
1
13
3
1
3
29
9
10
1
14
8
12
3
55
7
4
2
7
2
6
3
18
18
4
2
40
2
4
2
30
4
9
2
41
2
9
3
52
15
6
3
23
8
10
2
8
1
4
2
37
1
7
3
2
5
1
1
32
6
14
2
5
1
6
2
35
1
5
1
35
1
4
3
16
5
13
2
14
2
11
3
68
10
13
2
23
2
9
3
27
8
4
1
14
22
1
3
14
14
6
1
67
3
11
3
36
4
10
3
1
3
4
2
36
3
5
1
38
3
2
1
61
2
10
2
49
4
14
3
60
11
2
2
71
1
6
2
41
3
14
2
18
1
12
3
25
1
10
1
60
1
12
1
12
9
5
1
4
8
6
2
9
3
9
2
36
4
12
3
1
5
12
2
30
3
5
1
36
3
12
2
31
2
6
1
44
2
14
1
43
1
2
2
63
2
14
1
26
3
12
1
27
1
13
3
13
2
11
2
5
3
5
1
66
2
8
3
6
4
10
1
32
1
9
2
11
1
7
2
15
3
9
3
43
7
11
2
2
1
9
1
26
2
14
1
25
3
4
1
1
1
11
3
54
1
2
1
7
3
2
3
37
5
11
2
7
1
13
1
23
3
12
1
15
5
2
3
55
4
5
1
27
2
9
2
3
3
3
2
44
2
14
2
32
4
7
3
18
25
13
1
65
2
7
2
22
3
6
3
65
21
10
3
65
3
8
1
42
1
1
1
3
9
10
3
39
1
14
1
7
2
10
1
18
4
14
3
34
2
3
2
66
1
9
3
16
4
1
1
1
2
11
1
23
2
8
1
60
2
8
1
22
1
9
3
35
2
1
1
35
3
2
2
43
3
9
1
10
5
14
3
37
1
1
2
34
2
6
3
29
10
4
1
11
5
13
3
11
4
9
1
34
1
8
2
12
1
3
2
68
3
2
2
37
4
2
3
31
7
13
2
43
4
7
1
55
1
7
1
3
11
6
1
15
4
11
3
61
4
6
2
35
2
12
3
33
24
13
2
34
1
14
2
38
3
5
2
23
3
3
3
31
11
7
2
39
2
6
1
44
3
7
2
54
1
8
3
39
7
8
3
41
1
11
3
54
2
7
1
61
1
1
3
13
9
14
3
63
11
5
3
8
18
13
1
16
2
3
1
67
1
10
2
66
2
6
3
61
3
6
1
41
1
5
2
18
2
7
3
41
4
4
1
37
2
14
1
31
5
5
3
47
9
3
3
6
3
14
3
34
1
11
2
67
1
6
2
3
1
7
1
45
1
1
1
5
1
10
2
42
3
9
3
43
5
4
1
54
2
8
2
61
1
12
3
47
2
1
3
36
11
3
3
2
11
5
1
36
1
12
2
1
3
2
1
71
1
9
3
67
11
5
3
38
12
12
1
49
2
6
2
40
1
14
3
5
5
4
1
22
3
2
1
9
9
11
1
40
1
5
2
28
3
8
2
67
2
5
3
42
3
4
2
71
2
8
3
42
2
2
3
44
3
6
3
28
5
3
1
43
2
2
1
68
3
3
3
23
2
7
2
44
4
12
1
31
2
14
2
54
2
14
3
8
7
13
1
63
1
11
1
29
3
5
1
18
2
11
3
67
38
13
2
32
3
8
1
47
1
8
2
16
3
3
2
63
1
4
2
1
1
10
3
5
3
7
3
60
16
14
2
28
2
9
2
60
2
8
2
45
2
7
1
2
3
12
3
53
1
11
1
34
2
3
3
68
14
14
1
47
3
11
1
39
3
6
1
38
2
1
2
17
1
5
2
11
2
1
3
63
2
8
1
33
6
13
2
13
2
7
3
9
7
2
3
28
1
2
3
3
6
6
2
33
3
9
2
22
1
2
3
53
8
14
1
40
2
13
2
55
2
9
2
53
2
4
1
4
7
3
1
17
12
13
1
30
20
2
2
10
3
2
2
10
1
6
2
53
1
4
3
40
4
4
1
9
1
3
1
45
2
1
1
66
1
13
1
71
3
10
1
52
1
11
2
12
2
2
2
13
3
6
1
11
3
3
1
10
2
7
3
26
10
13
1
49
1
7
3
14
23
9
3
30
24
8
2
68
4
8
2
52
3
12
1
8
8
5
3
30
5
14
2
47
4
7
2
65
2
11
1
37
1
11
2
29
1
9
3
17
4
10
3
45
6
10
2
31
3
9
1
2
4
4
1
55
2
6
2
16
1
12
3
27
4
10
1
53
2
2
3
17
2
3
1
53
1
11
3
32
8
14
3
22
7
13
3
11
20
6
1
6
1
11
3
4
15
7
1
25
1
13
1
6
2
13
3
71
3
4
1
28
3
7
2
6
1
9
1
68
2
4
1
12
15
7
3
7
1
8
1
65
1
10
3
44
9
14
1
52
3
8
2
4
1
10
3
45
1
3
3
66
4
2
3
32
7
11
3
35
7
9
3
10
2
9
2
60
4
7
2
8
3
4
1
17
15
7
2
39
3
2
1
13
1
6
2
47
2
3
2
17
2
8
1
16
4
14
1
28
1
14
3
49
4
5
2
29
3
3
3
3
5
8
3
15
5
1
1
33
2
2
3
10
15
7
3
4
20
5
1
30
8
5
2
2
3
12
3
33
8
13
2
52
2
5
1
41
2
11
3
26
6
8
3
9
4
10
3
22
2
2
2
27
2
13
2
49
3
13
2
25
1
3
1
54
1
6
2
14
3
8
2
9
1
13
1
5
2
14
3
15
9
3
2
15
2
5
2
33
2
12
2
4
2
2
2
25
3
14
3
52
5
11
3
25
9
12
2
61
2
12
1
39
4
6
1
63
2
10
3
40
5
8
3
49
8
10
2
27
1
14
2
65
1
2
1
42
2
14
2
55
3
9
1
8
5
2
3
12
6
7
