1
30
8
9
1
42
2
9
2
17
1
6
2
14
2
8
3
6
3
5
1
43
2
2
3
3
8
8
1
31
18
11
1
55
1
11
2
8
1
7
3
41
2
8
1
71
1
14
3
11
7
9
2
42
4
7
2
35
3
1
1
55
2
6
1
40
1
1
2
18
1
7
2
4
2
10
1
4
7
3
2
63
2
2
2
15
1
7
2
32
2
11
3
8
18
8
2
6
1
9
2
55
1
2
3
49
2
2
1
54
2
10
1
22
3
3
3
11
4
8
3
5
5
12
1
40
3
13
3
61
3
6
3
38
12
9
3
3
1
10
2
39
4
8
3
31
10
6
2
8
3
12
2
67
2
1
3
53
2
9
2
39
1
9
2
10
1
12
2
44
5
3
1
67
2
12
3
22
10
10
1
32
1
8
3
15
5
9
3
13
3
9
3
63
11
5
1
18
7
6
3
45
4
6
3
14
25
6
2
34
1
2
3
13
8
8
2
43
1
7
1
5
2
8
2
60
1
14
2
45
1
8
1
5
1
13
3
26
1
3
2
65
1
12
1
71
2
3
2
34
2
12
1
60
2
11
2
25
2
5
2
54
1
4
1
32
4
10
2
68
3
4
1
63
2
9
2
63
1
2
2
49
2
2
3
71
4
9
3
31
25
14
2
9
2
11
3
33
5
2
1
7
10
1
2
7
1
14
1
67
3
14
1
63
1
4
3
43
3
10
1
41
3
2
2
42
2
4
1
30
19
1
1
37
1
5
1
16
2
2
2
26
1
1
2
67
1
7
1
53
2
7
3
36
13
5
3
1
6
13
1
12
5
7
2
31
4
5
3
7
3
14
1
11
3
4
1
23
1
3
2
25
3
6
2
45
2
13
2
16
2
2
2
29
3
2
2
26
3
1
3
6
1
10
3
18
25
14
1
44
1
9
3
33
24
5
1
34
8
8
2
47
3
3
3
47
2
13
1
1
1
11
1
44
2
3
1
68
2
12
3
30
7
2
1
66
2
10
1
47
3
12
3
7
1
6
2
37
2
11
2
54
2
10
1
22
2
4
3
12
2
5
3
39
5
8
3
67
12
14
2
17
2
14
3
27
1
2
3
32
1
9
1
52
1
12
2
36
3
3
1
31
8
3
3
60
13
4
2
2
2
7
3
23
18
1
2
52
7
14
1
10
2
2
1
7
1
8
2
66
3
13
1
29
2
2
3
44
5
2
2
30
5
8
2
15
2
4
2
23
1
5
2
55
2
4
3
68
8
7
1
27
2
13
3
25
4
10
2
60
4
6
2
29
1
2
3
47
7
2
1
36
1
2
3
67
9
13
2
33
1
10
3
26
3
14
3
61
1
1
1
2
1
4
3
52
11
11
2
61
1
3
3
44
2
8
3
22
2
14
3
52
16
6
1
11
1
8
2
14
1
7
3
38
10
10
3
8
3
1
1
38
2
10
1
1
3
3
3
25
1
13
1
25
1
10
1
28
3
3
3
17
17
10
3
71
3
6
2
4
1
4
3
54
1
13
2
5
3
13
1
6
1
10
1
15
5
3
1
6
2
7
1
9
3
8
1
43
3
2
2
40
3
4
1
45
2
8
3
68
17
10
1
3
4
14
2
13
1
2
2
12
2
5
1
33
2
13
2
27
1
6
2
65
2
11
3
18
7
12
1
54
1
6
3
66
9
8
2
11
2
5
1
27
3
7
3
45
6
12
1
61
2
11
2
36
1
1
1
60
1
14
3
43
7
10
1
12
8
5
2
28
3
6
3
30
10
11
1
47
1
11
1
49
1
8
3
17
14
12
3
55
15
8
1
10
5
5
3
65
12
14
3
28
3
11
3
54
2
3
1
18
1
5
2
53
2
1
1
17
15
9
1
25
3
11
3
16
2
9
1
14
10
14
2
1
2
11
1
53
1
12
1
26
3
1
3
4
2
4
3
40
3
7
1
61
1
1
3
28
1
2
1
34
3
6
3
10
6
6
2
35
2
4
2
61
2
3
2
22
3
4
2
32
4
7
1
49
2
5
1
38
1
13
3
10
19
8
2
38
1
9
1
41
1
8
3
27
3
10
1
39
2
6
2
10
2
4
2
31
1
5
2
41
4
6
2
11
1
11
1
9
13
9
2
40
1
3
3
66
6
9
2
22
1
7
3
36
1
5
1
66
3
3
2
44
4
3
2
49
4
9
3
2
4
7
3
42
3
5
3
60
3
5
1
17
10
8
3
16
4
14
3
14
12
5
2
53
1
10
3
37
1
5
3
41
3
12
2
66
2
8
3
23
11
4
1
8
16
1
2
28
1
10
3
37
6
14
1
4
3
6
3
29
2
9
2
33
3
10
2
2
3
8
1
13
8
14
1
23
2
9
1
37
2
11
2
1
1
9
1
28
1
4
2
47
4
3
3
40
2
2
2
23
3
9
3
35
2
2
2
37
3
3
3
55
4
11
2
71
1
3
3
35
6
9
3
49
6
8
3
34
5
9
3
63
13
14
3
53
1
1
3
9
6
11
2
12
1
12
2
71
2
9
2
43
2
10
1
2
3
1
3
42
4
4
2
18
3
12
1
33
1
11
3
4
13
6
2
30
1
8
3
32
2
7
3
65
21
5
2
7
2
10
2
27
3
2
3
9
31
7
3
39
9
8
3
2
2
6
2
9
3
10
1
35
1
7
1
68
1
9
2
41
2
8
1
65
1
4
2
38
2
6
1
45
1
8
3
29
15
8
3
15
15
7
3
5
1
14
1
3
1
11
2
13
3
11
1
42
1
9
1
29
1
10
1
16
6
11
1
15
1
10
2
6
3
7
1
36
3
6
1
13
3
9
2
3
3
13
2
52
3
13
1
39
3
6
3
12
6
5
1
52
3
7
1
26
2
14
1
8
9
10
1
65
2
6
2
5
2
6
1
35
4
4
1
14
14
7
2
16
1
12
2
68
1
11
3
1
4
9
2
3
2
1
3
34
11
11
