1
1
2
14
3
44
9
8
2
65
1
8
2
16
2
8
2
15
1
8
3
10
13
14
2
43
2
5
1
52
3
7
2
54
1
4
1
6
2
11
3
42
2
11
3
28
8
6
2
60
1
10
3
8
3
8
2
65
4
13
3
18
2
12
2
9
2
13
1
11
7
5
1
12
11
6
1
26
2
13
2
61
2
7
2
22
3
7
3
6
2
5
3
44
1
5
1
47
2
2
2
47
4
3
1
28
2
1
3
45
5
9
1
66
1
9
1
68
2
13
3
9
7
13
1
29
2
1
3
23
11
8
1
40
3
1
1
31
5
8
1
65
1
13
3
33
23
6
3
63
2
11
1
47
3
11
1
61
1
11
3
52
18
10
2
55
3
10
3
45
7
12
3
37
9
9
1
67
1
2
1
7
8
2
1
39
2
6
3
53
6
12
3
34
8
2
2
53
1
14
3
42
3
10
2
7
1
2
1
1
3
2
2
52
3
11
2
8
1
12
3
22
9
1
2
67
1
2
2
23
1
11
3
27
12
6
2
25
3
11
2
3
3
3
2
63
2
6
3
63
9
13
2
45
4
3
1
9
1
8
2
7
3
1
2
61
3
10
3
38
6
9
1
28
1
3
3
25
5
3
3
52
17
10
1
32
3
1
3
47
10
11
1
41
2
4
3
71
2
3
3
22
2
4
1
43
1
2
2
10
1
6
2
4
3
6
3
40
1
4
3
11
17
6
2
45
2
13
2
17
2
12
3
12
4
5
1
2
5
2
3
31
12
11
3
35
7
12
2
9
3
1
2
63
1
4
3
23
18
7
3
34
11
4
1
16
3
1
3
30
2
14
2
1
1
3
1
65
2
1
2
32
2
7
1
16
5
3
2
6
3
13
3
49
8
13
3
65
5
14
1
14
9
1
1
37
2
3
1
42
2
4
1
9
13
11
3
61
6
13
1
67
2
6
3
38
1
3
3
17
10
9
1
26
1
9
1
32
7
4
1
60
2
1
1
53
2
1
3
2
3
9
2
30
3
11
3
11
25
6
1
33
7
10
1
17
5
10
1
27
2
5
1
45
2
6
1
45
1
5
2
28
2
14
3
68
12
5
3
43
7
6
3
2
9
14
2
68
1
11
2
34
2
13
3
1
4
11
1
12
7
11
1
38
2
12
2
8
3
4
2
22
1
7
3
7
1
8
2
5
3
13
3
60
3
10
3
15
17
1
2
1
3
6
1
49
2
4
1
66
2
14
3
9
16
1
1
49
1
8
1
38
3
1
3
39
4
5
1
4
8
8
1
39
1
3
1
34
1
14
2
11
2
11
3
29
3
2
1
3
9
8
1
23
2
6
1
30
7
2
2
28
1
2
2
30
4
6
3
35
8
14
2
42
4
12
1
42
1
6
1
25
3
6
3
39
7
8
2
60
4
11
2
15
2
2
1
2
7
13
3
32
11
1
2
31
4
7
2
38
3
10
2
39
2
13
3
14
13
11
2
41
1
2
3
6
6
11
1
31
4
1
1
13
3
14
3
3
2
9
2
3
1
1
3
55
7
14
1
54
3
11
2
32
3
12
1
63
1
10
1
8
8
1
2
13
2
3
3
4
19
7
3
16
7
4
2
66
3
10
1
3
3
11
1
14
12
11
2
39
1
11
1
41
1
4
2
49
1
6
2
11
3
13
2
71
2
4
2
18
4
6
3
33
6
4
2
23
3
13
3
49
4
3
1
43
2
9
1
5
2
4
3
40
6
13
1
5
1
7
2
44
5
12
3
43
1
11
1
23
3
5
2
41
2
11
2
35
1
4
3
32
12
2
2
44
1
6
3
5
3
14
3
14
19
10
1
6
1
12
2
49
2
10
3
41
1
14
1
29
1
7
1
10
6
8
2
36
5
8
1
71
1
14
1
34
6
11
2
38
5
9
1
36
2
10
1
63
2
5
3
31
20
9
2
27
1
3
2
71
3
11
1
68
3
4
3
16
8
5
2
47
2
10
2
12
1
8
3
25
7
7
3
18
24
4
3
3
7
12
1
60
1
8
1
10
5
4
3
65
12
13
1
44
3
2
1
54
2
12
2
40
3
12
3
26
1
6
3
36
6
6
3
30
10
2
1
52
1
3
3
10
9
2
1
11
5
6
1
13
2
6
1
7
9
5
1
15
4
3
3
36
8
13
3
7
3
3
1
37
1
6
1
33
3
1
3
17
8
2
2
27
2
5
3
60
30
6
3
53
8
4
1
4
6
2
1
30
9
9
2
4
2
4
3
4
24
4
1
25
2
3
2
12
2
1
2
14
1
2
2
33
3
7
1
15
1
8
1
35
1
5
3
67
22
11
3
68
2
5
1
40
2
7
2
14
3
7
3
13
5
11
1
8
16
11
3
8
18
7
2
37
4
9
2
25
2
3
2
16
1
11
2
29
3
5
3
12
2
8
2
13
3
2
3
13
9
10
1
17
12
2
3
5
4
5
2
42
2
10
2
2
2
13
3
15
1
2
1
53
1
4
2
26
3
4
2
35
3
13
3
55
5
5
3
29
18
13
2
54
2
4
1
18
5
9
1
18
4
11
2
6
1
6
1
61
3
14
3
28
1
11
1
36
1
2
2
29
1
6
2
68
3
8
2
26
2
5
3
66
5
10
2
10
3
3
2
17
3
1
2
52
5
2
1
22
1
4
3
47
8
7
2
31
2
11
3
61
7
4
3
37
10
12
2
34
3
4
2
66
2
10
2
18
3
12
1
44
4
11
3
67
2
14
3
41
3
3
2
36
1
7
1
27
3
4
3
71
5
7
2
5
1
4
2
43
5
5
3
27
14
13
3
1
3
9
3
54
2
2
2
33
1
1
3
26
11
10
2
37
2
13
3
54
1
4
1
55
2
11
2
67
2
5
2
55
2
1
2
2
3
11
1
22
2
14
2
53
3
11
1
55
1
1
2
40
1
10
3
66
4
3
1
35
2
11
1
71
3
2
