3
67
4
9
2
3
2
12
1
11
1
4
3
36
5
1
3
7
2
8
3
13
7
7
2
35
1
4
3
28
5
12
1
60
1
7
1
17
7
5
2
5
1
12
2
4
2
4
2
68
4
7
1
4
4
9
1
8
10
11
3
27
10
4
2
44
4
13
2
39
4
8
3
26
3
9
3
29
18
5
2
54
1
3
3
45
7
12
2
27
2
1
2
17
3
1
1
66
1
3
2
61
3
2
3
11
22
14
3
38
3
10
2
27
1
8
1
44
3
9
2
43
4
14
3
49
7
14
1
28
3
13
2
55
3
13
1
22
2
2
2
6
2
4
1
1
2
11
3
16
8
1
3
31
3
13
3
40
3
10
1
30
9
2
3
54
2
5
2
61
2
14
3
54
1
4
1
53
2
2
3
3
4
7
1
43
2
12
2
7
3
1
3
38
10
6
2
33
1
4
2
28
3
5
2
37
4
6
3
26
6
5
1
63
2
9
3
18
18
2
2
33
3
9
2
23
3
5
3
66
8
6
3
47
2
2
3
30
18
10
3
6
3
7
3
68
7
4
2
39
3
7
2
14
2
1
1
49
2
9
2
52
5
4
1
61
2
5
1
49
1
4
2
40
4
12
1
7
10
14
3
35
4
1
2
25
1
11
1
71
1
9
2
15
2
13
2
1
2
1
2
53
3
14
2
29
1
14
3
42
4
10
2
34
1
5
2
30
1
5
1
45
2
1
2
23
1
4
2
65
1
8
2
40
3
6
2
38
5
7
3
53
3
14
3
44
10
11
3
9
2
7
2
36
2
12
1
29
2
6
2
49
4
10
1
26
1
3
3
15
12
1
1
6
2
4
1
8
5
9
2
26
1
1
2
30
3
9
3
2
4
10
1
10
3
12
1
29
3
6
3
66
7
8
1
44
4
10
1
3
5
11
1
39
2
3
3
65
12
11
1
2
4
1
3
7
4
1
1
25
3
1
2
11
2
1
3
5
5
3
1
37
1
1
3
4
5
11
3
37
4
4
1
33
8
4
3
5
4
5
2
45
2
8
3
9
30
1
3
4
20
2
3
13
6
9
2
11
3
9
3
41
1
2
1
10
2
5
2
68
3
4
3
22
6
3
3
30
24
5
3
8
18
8
3
61
2
9
1
28
2
10
2
63
2
8
2
42
3
2
1
53
1
8
1
33
6
7
1
47
3
12
2
17
1
11
3
8
3
2
2
12
2
6
2
71
3
3
3
71
5
4
1
68
2
2
1
55
1
9
1
4
2
5
2
43
5
4
2
49
2
4
2
42
2
10
2
16
3
14
1
41
1
14
1
60
2
4
1
22
3
10
2
14
3
7
1
12
17
9
1
67
2
9
3
71
2
7
1
11
5
13
1
13
6
13
1
68
1
6
2
32
2
1
3
10
17
7
3
60
15
2
1
34
9
5
1
52
1
1
2
15
1
2
3
52
8
9
3
34
4
5
2
22
3
7
1
3
10
6
3
12
1
8
3
6
6
10
2
13
2
9
2
2
2
1
3
28
2
14
2
41
4
1
1
5
2
12
3
15
6
3
1
32
6
1
3
63
6
7
1
23
2
3
3
29
14
13
3
39
9
13
1
2
5
8
3
1
7
13
2
67
2
6
3
12
5
13
1
40
1
4
3
36
13
5
2
12
3
7
2
10
3
2
2
18
3
8
2
16
1
10
1
38
2
12
3
1
8
13
2
18
1
8
2
54
2
7
2
71
2
10
3
22
1
11
2
7
1
5
1
41
2
1
1
14
16
7
3
14
14
7
3
47
3
8
1
52
2
13
3
33
8
2
3
33
9
11
1
67
1
8
1
66
2
5
2
1
3
10
2
53
2
11
3
43
8
12
1
54
2
4
1
7
3
5
2
10
1
14
2
9
2
12
1
40
3
5
2
32
1
13
2
66
3
10
1
31
1
10
1
61
3
9
1
9
10
12
3
16
1
1
3
49
2
1
1
9
2
9
3
11
26
7
1
31
4
9
1
27
2
9
1
45
1
4
1
14
21
7
3
31
1
7
3
44
9
5
1
36
1
12
3
23
1
10
2
4
1
14
2
60
3
1
2
52
2
13
2
45
4
7
3
23
2
2
1
39
4
3
3
14
4
12
2
38
4
11
2
31
1
5
1
32
5
4
3
55
13
13
2
8
1
9
1
23
1
14
1
5
1
3
1
35
2
14
2
9
1
12
2
5
3
6
1
18
3
7
1
37
2
7
1
71
2
14
2
44
3
1
1
54
3
2
1
43
1
14
1
12
6
4
2
29
3
11
1
65
2
3
3
27
17
12
1
25
2
7
3
10
19
5
1
30
7
6
3
60
27
2
2
35
3
12
3
40
1
3
3
55
5
4
2
55
1
6
2
41
5
13
1
65
1
5
3
2
5
7
2
13
3
4
3
35
6
14
1
35
3
12
2
47
4
6
3
37
3
4
3
3
6
11
2
37
1
3
1
15
5
13
2
66
2
8
2
8
3
1
2
60
1
10
3
17
4
12
2
65
3
3
3
39
10
2
2
67
1
2
3
61
9
11
1
42
2
11
1
6
1
11
3
63
8
11
3
43
1
7
1
1
1
9
2
6
1
12
1
36
3
9
3
41
2
8
3
25
1
11
3
32
7
3
3
25
9
2
3
65
6
10
2
3
3
2
1
55
2
13
2
47
2
9
2
26
3
10
1
26
3
3
1
63
1
10
3
52
18
10
1
15
3
7
1
18
9
4
2
28
1
1
1
47
1
14
3
67
5
6
1
16
7
7
3
68
17
7
2
22
2
1
1
27
3
1
2
63
1
7
1
16
3
9
3
18
6
7
2
2
1
7
3
45
3
10
1
38
3
14
1
13
4
9
1
42
1
11
2
25
3
2
3
32
2
11
1
34
11
9
2
34
3
6
3
53
5
8
2
36
5
5
3
42
1
14
3
34
11
9
3
17
1
3
2
31
3
11
1
17
1
14
