3
4
9
2
3
9
17
11
3
6
4
2
1
10
2
14
2
16
2
1
2
5
3
9
2
71
1
9
2
40
4
13
3
18
12
12
3
28
8
8
1
29
3
11
1
35
1
11
1
8
10
1
1
66
2
1
1
8
8
10
3
35
2
12
3
67
12
3
2
60
3
14
3
16
3
8
2
49
3
10
1
39
3
8
3
42
2
9
3
68
6
4
3
3
5
12
2
8
3
2
2
22
3
10
3
40
5
14
1
39
1
3
2
6
3
1
1
45
2
5
3
71
2
2
1
15
1
8
1
36
2
14
3
42
4
11
1
29
2
11
2
38
1
4
2
28
2
1
2
18
1
10
3
9
20
1
2
29
3
4
3
65
6
9
2
26
4
14
1
37
1
11
2
17
2
5
2
53
2
13
1
12
12
14
3
4
24
13
1
6
2
7
3
37
10
3
2
4
2
7
2
32
4
7
3
41
4
9
2
14
1
4
2
42
1
3
2
7
1
3
3
1
9
3
3
22
10
13
1
65
1
5
1
1
2
11
1
22
2
10
1
71
1
11
3
6
1
8
1
38
2
5
1
61
3
7
1
53
2
7
2
31
2
1
2
66
2
8
3
49
8
6
3
30
26
8
3
60
21
14
1
12
13
9
3
68
1
3
3
66
8
11
1
44
2
8
2
6
2
8
2
61
1
9
3
17
13
9
3
45
1
12
2
45
3
10
3
54
2
9
3
52
5
1
3
14
12
3
1
49
2
8
1
40
3
6
1
9
3
6
1
14
7
10
1
54
1
9
3
26
5
14
1
45
1
8
3
41
3
3
1
28
3
13
2
2
3
13
2
16
3
4
1
49
1
12
3
49
4
12
1
1
3
9
1
67
1
2
1
42
2
10
1
23
1
12
3
43
2
14
1
27
2
9
3
7
4
12
2
37
3
7
3
65
5
6
3
35
6
14
3
34
1
14
3
37
5
6
3
29
14
7
1
63
1
10
2
65
1
12
1
4
7
9
3
16
2
1
2
43
4
3
3
5
2
3
2
27
2
4
1
32
4
6
1
54
2
13
2
60
2
4
2
33
1
5
2
63
3
14
2
14
3
3
3
33
2
4
1
47
1
10
2
42
3
13
3
54
1
2
3
15
6
2
3
61
5
1
2
2
2
4
1
65
2
8
2
39
1
4
2
9
1
11
2
52
2
5
2
12
2
7
1
66
1
2
3
44
8
6
1
7
7
2
1
63
2
14
1
60
1
12
1
14
21
6
2
4
3
2
2
63
1
13
3
31
20
8
2
18
3
12
1
52
1
6
3
43
8
2
1
13
9
5
3
30
18
1
2
35
1
10
3
66
2
3
3
1
4
6
1
31
14
5
3
53
3
5
2
47
3
14
3
27
2
5
1
10
5
2
3
67
8
4
3
8
11
10
1
55
1
4
1
17
15
3
3
71
4
7
1
34
9
1
3
63
9
11
3
10
17
1
3
38
9
6
1
61
1
1
1
30
5
6
3
26
4
9
3
25
8
3
1
41
3
2
3
45
5
1
1
60
2
9
2
54
1
7
1
11
10
11
2
61
2
5
1
43
3
13
3
47
6
14
2
68
2
14
1
30
9
10
1
43
1
7
1
17
8
3
2
40
3
12
1
9
1
14
2
26
2
13
2
31
3
12
2
13
3
5
1
37
2
9
2
1
1
10
3
32
2
9
2
43
2
13
1
36
3
8
1
15
4
10
1
13
6
5
2
11
1
11
1
11
1
12
2
44
2
14
1
31
3
6
3
36
7
1
1
3
7
14
2
65
2
10
2
28
3
9
2
71
2
11
1
4
5
1
3
12
1
8
1
71
3
5
1
26
3
10
3
13
1
4
1
33
3
13
2
35
3
11
3
15
17
10
3
53
2
9
2
52
6
5
3
34
6
5
2
15
1
13
1
38
1
10
3
3
8
5
3
14
2
6
2
38
4
13
2
5
2
14
3
25
5
4
2
55
1
1
2
37
2
10
3
8
12
6
3
10
12
10
1
32
1
2
1
25
2
9
3
2
10
13
3
55
3
9
1
33
5
6
2
8
1
2
1
44
1
4
3
13
7
10
1
26
1
2
1
53
1
4
2
34
1
7
3
32
1
10
2
36
4
2
2
30
3
12
3
39
3
13
1
16
6
10
2
22
2
6
2
53
1
8
1
42
1
6
2
23
3
11
3
23
12
1
2
3
1
13
3
17
12
7
1
28
1
6
1
2
1
9
1
7
8
7
3
38
4
2
2
15
3
10
3
29
5
12
3
22
5
4
1
25
1
6
1
23
2
13
1
18
11
5
2
67
1
5
1
3
1
3
1
40
2
9
2
68
1
6
2
23
1
5
2
49
4
8
2
12
1
10
2
32
1
4
1
27
1
13
1
41
1
10
2
30
4
5
1
16
7
4
3
2
1
2
3
61
6
13
3
36
14
2
2
36
1
8
3
18
13
7
2
44
1
3
2
33
2
9
2
17
1
13
1
35
4
2
1
68
2
1
1
5
1
3
2
54
2
3
1
55
2
7
1
47
2
5
2
55
3
3
2
10
1
8
2
10
2
5
3
31
26
6
2
47
1
11
1
68
3
6
3
12
6
11
3
23
15
13
3
28
5
4
2
9
3
7
2
41
5
4
3
39
7
12
3
27
13
7
1
52
2
11
1
22
1
3
3
11
7
2
3
11
23
6
1
34
3
13
1
67
2
5
2
11
3
3
2
29
1
3
1
2
5
12
2
13
2
1
1
5
2
1
3
52
9
9
2
39
3
1
2
7
3
3
2
45
2
7
3
5
3
7
3
55
12
8
3
33
4
4
3
40
1
11
2
66
3
7
2
34
3
9
1
18
5
6
3
60
30
10
2
67
2
12
2
41
1
4
2
25
3
7
3
47
8
9
2
3
3
2
1
6
1
1
3
44
1
5
2
25
2
9
3
63
3
5
2
27
1
8
2
1
3
6
3
7
3
5
