2
10
1
13
2
14
1
7
1
34
10
5
1
27
3
4
2
5
2
1
2
11
2
5
3
30
25
13
3
25
8
1
3
27
1
14
2
45
3
4
1
35
1
13
2
54
1
5
3
65
4
11
3
35
7
9
3
61
7
2
2
7
3
14
1
34
2
3
1
30
5
5
3
60
21
10
2
13
1
4
2
44
5
12
2
17
3
6
1
22
1
4
2
13
3
7
1
67
1
8
3
38
5
8
1
44
3
1
3
3
1
6
2
66
1
6
1
55
2
4
1
15
2
9
3
12
4
8
1
53
1
8
2
31
2
8
2
6
3
2
2
68
2
7
2
63
1
8
2
15
2
3
1
54
3
6
2
27
3
14
2
47
1
3
3
36
5
14
1
60
2
11
2
53
1
14
1
18
3
14
1
7
8
10
3
16
8
6
1
37
2
3
1
1
3
10
1
32
5
7
3
10
4
8
2
53
2
13
3
40
3
11
1
63
2
14
1
12
4
14
2
6
1
2
2
22
2
8
3
29
15
6
2
35
1
14
3
9
13
4
2
5
1
14
3
65
7
13
3
66
8
6
1
28
3
3
1
14
8
11
2
40
3
5
3
8
2
3
1
42
2
8
2
43
2
13
2
40
4
4
2
34
3
8
1
61
1
12
2
38
5
10
3
12
3
13
2
41
5
3
3
10
1
10
1
3
7
11
2
9
2
7
2
29
3
10
2
7
1
5
3
39
2
4
1
49
1
8
1
23
1
6
1
33
2
7
2
9
3
11
1
12
14
8
3
2
1
5
3
26
2
8
1
17
8
2
1
40
1
1
1
39
4
6
3
54
2
5
2
55
2
2
2
39
3
4
1
14
9
1
2
32
3
10
2
65
3
10
3
54
1
12
1
4
5
4
2
12
2
12
1
6
2
11
1
71
1
10
3
14
5
13
3
63
12
13
1
26
1
8
1
39
3
2
1
45
2
12
2
47
4
14
1
2
7
12
3
53
2
14
3
8
4
7
1
55
1
4
1
8
4
1
3
45
3
5
3
13
3
4
1
18
9
2
2
54
2
4
1
11
2
8
3
9
12
2
1
22
3
4
2
65
2
1
2
23
1
9
3
55
6
11
2
8
1
2
1
38
3
8
2
71
3
7
3
41
2
10
3
28
14
8
2
12
3
14
1
65
1
4
3
32
11
6
3
34
3
13
1
42
1
6
3
71
3
6
3
11
11
4
2
14
3
5
2
44
1
8
1
52
2
7
2
16
3
13
3
6
1
8
2
63
2
7
3
36
10
4
2
4
2
7
1
41
1
10
3
52
10
7
3
34
8
8
2
42
1
7
2
38
4
6
3
4
8
10
1
16
5
6
2
2
3
6
1
36
2
12
1
66
1
4
1
68
2
5
3
55
16
14
2
52
1
8
2
32
1
3
2
71
2
10
1
54
2
5
2
26
1
3
1
28
2
4
1
47
2
10
2
25
2
8
1
40
2
11
3
14
23
7
1
53
2
10
3
26
11
9
1
26
2
9
2
61
1
5
3
31
14
6
3
67
34
14
1
63
1
5
3
3
10
6
1
9
13
8
3
43
8
5
2
3
1
14
1
1
1
6
1
43
1
11
1
3
5
5
1
11
8
5
1
2
2
7
1
49
2
11
1
31
15
5
2
55
1
10
3
43
7
14
3
35
6
3
1
13
2
13
3
63
4
9
2
26
3
5
1
60
1
1
3
53
6
7
3
68
11
2
2
30
2
9
2
17
2
13
2
60
3
14
3
49
1
11
2
33
2
2
2
66
2
6
3
37
2
4
2
28
2
7
3
18
21
8
1
5
2
2
1
37
1
11
1
45
1
2
1
29
3
11
2
2
2
11
2
37
4
3
3
5
3
9
1
15
3
10
1
10
7
12
2
4
3
14
1
31
14
12
3
31
21
4
3
6
3
11
2
60
1
2
1
38
1
5
3
68
7
9
1
33
1
4
3
22
6
14
2
39
1
5
3
47
10
11
2
52
2
10
3
7
5
10
1
36
1
6
1
7
6
5
2
68
4
10
3
2
7
7
3
1
5
8
2
8
3
10
1
65
2
8
3
38
12
1
3
18
17
5
2
31
4
1
3
71
2
13
2
45
4
7
2
30
3
1
1
68
1
6
1
16
3
7
3
42
2
14
3
28
5
2
3
47
9
6
3
44
3
5
3
30
20
1
3
7
1
10
2
29
1
7
3
33
10
8
2
15
1
6
1
30
21
2
3
17
6
13
1
27
1
1
3
61
6
1
3
39
3
6
1
71
3
10
3
15
12
3
2
25
3
13
3
11
10
3
1
44
2
4
2
33
1
2
3
52
16
8
3
44
10
2
3
41
3
5
1
17
10
4
2
67
2
14
1
13
4
10
3
23
17
6
3
15
15
7
2
10
2
11
2
18
3
13
3
60
7
13
1
47
3
1
3
5
2
11
2
43
3
12
3
45
7
12
1
8
1
14
1
4
2
7
3
40
2
14
3
32
9
5
2
36
2
14
2
28
1
11
1
25
3
10
3
29
7
9
2
22
3
12
3
49
7
10
3
37
3
11
3
27
10
2
2
37
3
8
3
33
4
1
2
41
4
10
2
35
3
3
3
16
2
13
1
43
3
2
2
34
2
7
1
25
1
14
3
13
9
11
3
25
9
14
1
52
3
11
3
23
8
7
2
42
4
3
1
67
3
7
2
61
2
12
2
3
2
4
2
11
3
4
3
22
4
5
3
42
4
14
3
66
7
2
3
17
7
4
1
6
1
4
1
5
1
4
2
18
4
2
2
16
2
12
1
29
2
12
1
41
3
14
2
1
3
6
3
4
12
3
1
23
3
9
1
10
8
5
2
27
2
12
2
1
1
1
1
9
2
11
3
1
2
2
1
35
2
6
2
49
3
13
3
67
5
3
2
49
2
1
1
61
3
3
2
36
4
2
1
32
3
3
2
23
2
14
2
67
1
8
1
66
2
13
