3
67
12
9
1
37
2
2
1
9
2
1
3
16
7
3
1
67
1
4
3
38
7
9
2
4
3
5
3
5
3
4
3
61
4
6
1
10
3
11
3
1
9
13
2
28
2
4
3
60
20
12
1
47
3
5
1
6
2
11
1
71
2
10
2
15
1
7
1
36
3
14
1
47
2
13
1
28
1
14
2
35
1
13
1
45
2
11
3
67
5
13
2
13
3
2
2
1
3
6
1
55
2
7
1
44
3
6
1
39
4
10
1
31
17
12
3
65
20
5
2
36
1
12
2
26
3
3
3
18
4
14
1
14
13
3
2
11
3
13
2
54
2
10
3
7
3
6
1
5
2
12
1
28
3
7
3
29
2
6
2
66
1
7
3
23
1
2
2
5
3
8
2
3
2
6
1
11
2
1
3
31
13
12
2
71
1
3
2
26
2
6
1
13
5
11
1
7
3
10
2
12
1
7
2
68
1
12
3
23
7
12
1
15
2
6
2
35
3
7
3
49
4
2
1
42
1
3
1
9
8
12
3
41
2
12
1
4
6
8
2
22
3
14
3
42
3
13
1
71
1
9
3
7
1
7
2
39
3
2
1
43
1
3
1
23
3
14
2
30
2
12
3
5
2
7
2
38
3
14
1
61
3
8
3
61
8
9
3
35
2
12
2
18
3
7
1
42
2
10
1
65
2
4
2
66
3
3
2
38
2
7
1
26
1
2
3
26
5
11
1
38
3
7
2
60
1
13
1
7
8
12
3
71
5
11
2
2
2
7
2
49
1
13
1
12
18
5
2
44
5
12
2
47
2
4
1
27
1
3
1
22
3
9
1
67
3
11
1
6
1
3
1
60
2
10
3
68
14
9
2
60
4
11
3
41
4
9
3
2
8
9
1
23
2
5
3
26
6
8
3
47
2
3
2
6
2
14
1
8
14
10
2
32
4
2
3
37
3
12
2
53
1
8
2
40
4
4
1
63
2
9
2
63
3
3
2
25
2
7
2
16
2
11
3
31
6
10
2
31
3
3
3
27
14
9
2
29
1
9
2
41
3
13
2
39
1
9
3
39
10
1
3
15
16
11
1
10
1
3
2
17
2
11
2
37
3
13
1
30
5
10
2
33
3
7
3
33
24
12
2
14
2
3
2
43
3
14
1
54
1
1
1
29
3
14
3
66
4
2
3
30
4
3
2
13
1
2
1
18
2
4
2
5
1
9
3
53
8
11
1
52
3
10
2
63
1
7
1
40
2
6
3
16
6
5
3
6
5
3
1
44
4
3
1
3
3
11
3
10
6
8
3
55
6
4
3
34
4
1
3
11
16
5
2
68
2
4
3
29
4
11
3
39
6
13
2
47
1
7
1
31
16
14
3
17
13
11
2
61
1
6
2
55
1
5
1
18
3
3
1
16
5
6
3
27
9
14
1
14
1
9
2
9
3
13
2
54
1
5
1
38
1
11
2
49
3
2
2
45
1
7
3
4
13
12
2
6
3
14
2
30
1
3
3
63
4
3
3
63
8
13
2
22
1
9
1
35
1
8
1
22
2
14
2
71
3
10
1
25
3
14
3
45
1
3
2
12
3
5
2
67
2
1
3
54
1
5
3
53
3
3
1
54
3
4
1
17
4
12
3
45
7
4
1
61
2
13
2
9
2
13
3
38
8
1
1
37
1
4
3
28
7
8
2
36
2
12
1
35
4
3
1
63
1
4
3
28
11
8
2
34
3
13
3
43
3
12
3
1
2
5
2
14
1
2
3
52
17
10
3
9
13
5
1
66
3
10
1
52
1
6
2
7
3
9
2
61
3
1
3
12
7
2
3
54
2
3
2
34
1
14
1
32
4
10
3
55
8
7
1
49
1
1
1
26
2
7
1
4
7
5
2
8
1
11
1
33
1
11
2
52
2
8
3
15
15
3
3
8
15
4
2
33
2
11
2
16
1
4
2
42
3
4
3
52
12
11
3
60
27
5
3
40
2
5
3
47
1
8
1
15
4
14
2
52
5
8
3
71
2
7
1
43
3
11
1
65
1
11
3
14
16
12
3
10
7
9
1
17
11
7
2
41
1
10
1
32
1
2
3
8
12
9
1
13
8
11
1
33
2
6
2
43
4
9
2
18
4
11
2
2
3
1
3
44
10
6
3
49
7
13
3
6
3
6
2
27
3
9
2
11
2
6
1
55
1
9
2
7
2
10
3
34
6
7
1
25
1
12
1
16
7
8
3
68
1
1
2
15
3
2
2
28
1
6
1
12
16
3
2
10
3
7
3
11
6
8
1
29
1
6
3
44
1
3
1
41
3
4
3
36
14
10
3
2
9
10
1
53
2
12
2
10
2
11
3
43
4
2
3
25
5
2
2
65
2
6
3
36
6
1
3
3
7
8
2
8
2
14
1
36
1
12
1
49
2
12
3
32
11
4
2
45
3
8
2
44
3
2
2
37
4
7
2
4
1
13
1
60
1
11
2
1
2
14
2
27
1
6
2
31
1
10
2
3
3
4
3
4
3
12
3
13
7
2
1
3
7
2
3
13
1
7
2
32
2
4
1
40
3
13
3
14
1
7
3
35
6
1
3
25
4
8
1
45
1
14
1
5
1
5
1
39
3
9
1
66
2
7
1
30
14
5
3
17
12
12
3
22
9
10
1
41
1
2
3
65
17
5
2
23
1
9
2
23
3
9
3
3
9
11
3
30
5
10
1
34
8
11
2
65
4
13
3
32
2
10
1
1
2
6
2
25
1
10
2
55
2
5
2
42
4
4
3
37
10
9
3
33
20
10
1
68
3
10
3
42
2
10
1
2
5
5
2
40
3
5
1
8
3
6
1
68
1
3
3
40
4
12
2
17
3
9
2
67
1
7
3
18
14
12
3
22
6
13
2
29
2
14
3
12
6
12
3
9
7
2
1
27
2
3
1
34
1
1
1
53
1
2
1
1
1
7
1
2
3
4
1
11
5
5
3
66
9
1
2
53
2
6
