2
55
3
11
3
53
8
14
3
38
4
2
2
28
1
10
2
25
2
1
1
6
1
4
3
18
19
2
3
3
7
5
2
71
1
14
1
65
1
2
2
66
2
8
3
35
4
9
1
55
2
8
2
63
2
9
2
71
3
12
1
8
12
10
2
68
1
11
2
54
1
6
3
60
18
13
2
31
2
1
1
5
1
5
1
65
2
14
3
68
10
14
1
29
1
8
3
68
5
6
3
32
8
2
1
2
7
6
3
12
6
1
3
17
13
10
3
29
4
7
3
40
4
1
2
3
2
11
1
7
6
1
3
9
2
1
1
10
7
3
3
49
1
1
3
36
12
1
1
5
2
5
3
37
9
13
1
16
7
10
3
31
13
13
2
26
2
14
2
7
1
13
1
18
3
1
3
31
17
12
2
17
1
14
1
22
1
1
3
6
6
3
1
30
11
14
1
67
1
7
2
33
3
13
2
45
1
14
2
23
2
7
1
47
1
10
3
54
2
2
2
36
1
3
3
26
1
4
3
36
1
11
1
15
2
1
3
53
7
3
3
33
20
4
2
2
3
7
1
52
2
6
1
43
3
11
1
14
5
13
2
9
1
9
2
22
2
9
2
17
3
3
3
7
2
14
1
1
1
6
1
30
17
1
2
26
3
3
2
2
2
12
1
12
1
14
2
27
2
2
1
17
1
5
3
12
7
14
2
55
2
9
2
53
1
13
3
7
1
9
2
30
4
4
2
44
5
13
3
41
1
12
2
8
2
11
2
60
3
8
1
43
2
13
3
8
13
10
2
27
3
13
2
28
3
11
3
65
13
8
2
43
2
11
2
33
2
8
2
18
1
10
1
60
2
7
1
7
8
7
3
45
3
2
3
44
4
14
1
71
2
8
3
1
6
9
3
10
12
8
1
31
7
9
3
41
2
4
1
37
2
1
3
30
7
4
1
63
1
8
2
31
5
8
3
16
4
9
3
34
11
5
1
22
3
14
3
29
14
1
3
1
1
12
1
9
13
3
2
6
3
12
1
38
3
3
2
32
3
8
2
12
1
4
3
25
1
14
1
8
5
11
3
66
2
10
3
67
10
1
2
40
1
6
2
12
3
8
3
66
5
10
1
66
3
14
1
15
3
8
2
1
3
5
1
28
2
13
3
39
2
1
3
42
1
9
1
61
3
3
3
44
6
1
2
40
4
10
1
52
3
7
2
42
1
10
1
36
1
11
1
68
1
6
1
39
4
2
2
42
4
8
1
47
2
7
3
10
1
10
3
22
12
10
3
13
3
1
1
66
1
3
1
26
3
2
2
47
3
3
3
61
3
8
2
1
1
3
2
38
2
8
3
45
1
3
1
45
1
13
2
52
2
4
1
9
10
11
2
22
3
13
1
13
7
9
3
26
2
7
2
35
3
14
3
71
4
5
1
3
1
9
2
65
4
5
2
41
4
5
2
4
1
2
1
26
2
8
3
63
3
7
1
27
2
7
2
13
3
2
2
67
1
4
2
43
5
8
1
38
2
8
3
47
8
4
2
44
2
4
1
11
8
14
2
4
2
6
3
4
18
1
3
2
8
14
1
14
8
6
2
3
1
8
1
11
6
2
1
53
1
7
3
52
14
5
1
63
2
6
2
9
2
14
3
40
3
1
2
53
3
4
1
18
11
4
2
18
2
11
1
32
7
6
3
28
15
11
3
4
9
4
2
39
1
4
1
41
1
12
1
49
1
5
2
47
4
1
1
68
2
3
3
67
35
5
1
44
3
7
2
37
1
13
3
8
8
6
2
29
3
14
3
54
1
5
2
66
1
3
3
13
1
4
1
71
3
4
1
2
1
11
1
67
2
7
1
29
2
10
2
13
1
7
2
6
2
4
2
65
2
8
3
5
1
3
2
10
1
5
1
60
1
2
3
27
9
3
3
71
5
3
2
15
2
9
2
37
2
4
2
36
2
3
1
44
1
4
2
34
3
10
2
5
3
14
2
49
1
5
2
39
4
11
1
55
1
4
2
67
2
7
2
5
2
1
3
18
6
3
3
60
16
2
2
32
4
13
3
25
4
6
2
23
1
8
1
41
3
7
1
54
1
4
1
42
2
4
3
43
5
14
2
14
1
8
3
2
10
10
3
47
5
1
2
49
2
13
1
25
2
13
2
8
1
10
2
63
1
9
1
31
5
4
3
23
10
4
3
39
5
11
3
34
1
7
2
60
4
2
3
3
1
3
1
6
2
8
1
35
2
5
3
30
11
9
1
27
1
8
1
36
3
5
2
54
2
9
2
29
2
14
1
61
1
9
1
49
2
14
2
34
2
3
1
3
4
1
2
16
3
13
3
38
10
12
3
9
13
12
3
14
18
13
1
54
3
7
1
37
1
5
1
12
3
12
3
23
4
8
1
16
4
12
1
53
2
11
3
37
1
8
1
17
6
12
1
13
8
7
1
23
1
10
2
61
2
10
1
33
3
10
3
55
9
3
2
61
3
3
2
11
2
14
3
22
2
1
1
32
3
6
2
52
4
8
1
28
1
14
1
40
1
2
3
61
6
2
1
34
6
3
3
17
3
10
1
39
1
4
3
55
14
13
2
16
2
6
3
52
12
10
2
15
3
12
3
43
3
7
3
11
17
10
3
27
16
14
1
4
7
10
3
35
2
10
1
45
2
3
1
23
3
9
2
14
3
9
1
33
5
7
1
35
4
8
3
65
20
12
1
34
11
6
3
14
12
12
1
4
6
2
2
7
2
6
3
63
1
6
2
45
4
12
3
15
9
3
3
5
2
3
3
42
3
5
1
10
5
7
2
30
5
10
2
35
1
6
1
42
1
12
2
38
4
5
2
68
4
1
3
6
1
10
3
15
12
5
1
25
1
14
2
25
1
4
1
1
3
3
2
11
3
5
3
32
5
14
3
28
16
10
3
33
22
7
3
16
7
7
2
10
2
8
1
40
3
1
3
11
23
6
2
41
5
10
3
49
4
3
