2
10
1
3
2
2
1
6
3
65
17
9
1
54
1
3
1
16
3
4
3
27
10
3
1
35
4
13
2
1
3
1
1
18
7
9
2
55
3
8
1
36
2
2
1
23
2
13
1
18
13
13
3
61
5
2
1
65
1
9
3
44
10
2
2
15
3
5
1
49
1
13
3
60
1
5
3
7
4
3
1
6
1
11
2
65
2
3
1
7
4
6
1
66
2
11
1
47
2
6
1
15
1
12
3
7
2
10
1
23
3
14
2
32
2
6
1
5
2
8
2
30
1
2
3
13
9
1
2
29
3
10
3
28
7
3
3
45
1
4
2
5
3
11
3
1
2
7
1
33
5
12
2
28
3
3
1
47
1
7
3
61
1
1
3
35
1
14
2
38
5
14
3
2
12
9
2
63
3
13
3
31
1
14
3
53
6
2
2
55
1
1
2
6
1
11
2
13
3
1
2
2
2
4
1
45
1
9
2
49
3
11
3
32
12
1
1
55
2
10
2
44
5
9
1
22
1
2
2
26
2
8
2
9
1
14
2
7
2
4
3
11
8
10
3
45
3
5
3
8
12
8
2
18
2
13
1
13
2
12
1
26
1
7
2
22
1
9
1
32
7
4
1
32
5
11
2
63
1
5
2
43
5
8
3
68
12
8
2
17
2
9
1
68
1
7
3
33
5
13
2
4
2
3
3
37
8
13
3
68
15
10
3
29
1
3
1
17
4
8
1
10
4
3
1
1
1
9
1
39
2
4
3
4
11
12
1
1
2
3
2
28
1
6
3
25
8
3
2
17
1
6
3
23
7
10
3
4
17
5
3
71
3
5
1
71
2
14
2
27
3
5
3
26
7
7
1
9
13
13
1
3
9
3
2
67
1
5
2
11
2
7
2
11
1
2
2
41
3
14
3
43
5
11
1
37
1
7
3
66
5
11
2
66
2
4
3
38
5
6
1
14
6
13
3
3
9
12
1
41
1
4
1
13
3
4
3
10
2
11
3
36
7
3
3
17
8
11
3
60
5
14
1
38
1
10
1
40
3
7
3
5
3
5
1
40
1
8
2
32
4
5
2
40
3
6
2
45
2
7
3
6
3
12
1
71
3
10
1
38
2
2
3
29
5
3
2
42
2
3
2
23
3
3
3
9
13
5
2
39
1
9
2
65
3
4
3
30
6
3
2
22
3
1
3
33
15
11
3
67
16
1
3
31
24
2
1
2
3
5
2
5
2
9
2
53
2
13
1
45
2
6
1
63
1
10
1
17
5
4
2
26
1
6
3
43
2
13
1
27
1
10
2
9
2
11
3
9
29
10
2
29
2
4
2
31
2
2
1
61
3
5
2
33
2
13
3
16
8
9
1
52
3
12
1
35
2
6
2
44
4
8
2
36
5
14
3
35
6
11
3
22
12
5
3
3
5
11
3
10
14
12
1
25
1
7
3
15
3
1
3
16
2
13
2
37
1
7
1
14
10
14
1
26
3
14
3
18
17
9
3
54
2
9
1
61
2
2
1
60
1
3
3
54
1
1
3
49
2
6
2
49
4
8
1
30
15
2
3
55
9
10
3
28
1
6
2
25
2
5
3
17
4
7
2
54
2
1
3
71
4
13
2
30
5
9
3
65
10
10
2
47
2
10
2
7
3
6
2
4
1
4
2
52
6
2
1
3
6
2
2
71
1
13
2
12
1
2
3
49
1
11
1
4
1
6
3
6
1
8
2
3
1
14
1
12
11
2
2
15
1
2
2
60
2
9
2
47
4
3
1
10
1
2
2
8
2
10
3
23
16
10
1
54
2
5
2
6
3
11
2
61
2
8
2
10
3
9
1
29
2
11
3
42
2
11
3
2
9
14
3
25
9
14
3
13
7
2
1
42
1
3
2
41
1
2
3
22
2
5
3
38
12
11
1
7
7
8
2
42
4
5
2
40
1
3
1
53
1
2
3
42
3
14
2
25
1
13
2
34
2
4
1
2
2
11
3
63
10
12
2
33
3
5
1
8
16
5
3
66
7
14
1
4
6
1
1
43
1
11
3
12
3
12
2
67
2
12
1
8
7
12
3
34
6
4
3
34
3
12
3
36
3
14
1
30
10
4
2
52
5
13
3
52
10
9
2
16
2
2
3
67
7
7
1
25
2
1
1
67
2
9
2
35
3
6
3
55
16
1
3
32
5
1
3
52
2
4
2
61
1
10
2
3
3
7
2
68
4
8
3
41
1
4
1
65
2
11
2
38
1
7
1
5
1
1
2
13
2
14
1
12
17
9
3
53
7
10
2
71
3
14
3
14
7
8
3
26
5
9
3
27
4
1
1
67
3
2
3
47
6
7
3
47
7
3
2
23
1
2
1
34
5
6
3
63
8
9
3
12
7
5
2
60
3
6
3
1
6
9
2
37
2
5
1
66
1
8
2
27
1
1
1
11
7
4
1
16
2
5
1
11
10
14
2
16
1
2
3
41
2
7
1
27
2
1
1
34
1
3
2
34
1
2
1
42
2
4
2
36
3
6
1
63
2
9
3
44
4
11
2
1
2
9
3
8
1
14
2
53
1
11
1
28
1
8
2
68
3
8
3
37
5
13
1
43
2
3
1
33
8
9
1
44
4
14
1
31
1
14
3
14
18
1
1
31
5
6
2
43
3
1
3
39
8
12
1
52
1
4
1
49
2
9
3
18
8
4
2
66
1
8
1
44
3
6
2
12
2
13
3
30
23
1
2
18
4
12
1
53
2
4
1
55
1
9
3
15
13
13
2
14
1
5
1
22
3
12
2
39
3
6
3
11
13
7
1
9
8
2
2
8
1
11
1
39
1
8
3
39
6
9
1
6
2
4
1
37
2
14
1
60
2
8
3
5
2
14
1
68
2
6
2
35
1
10
1
29
1
11
1
28
3
12
1
41
2
3
2
45
3
11
3
40
5
7
1
36
1
2
2
54
1
9
1
15
5
14
3
40
6
11
2
31
1
5
2
14
2
6
