2
52
1
10
2
35
1
12
1
13
7
2
2
16
2
6
2
4
2
8
2
22
2
14
3
42
3
10
1
23
3
11
1
9
5
1
3
63
1
5
2
14
2
2
3
65
8
9
1
12
12
4
1
26
1
7
2
31
5
14
3
33
6
12
2
45
2
1
1
60
1
1
3
60
8
3
1
38
1
10
2
28
2
12
2
42
2
8
1
5
2
1
3
26
8
12
2
18
2
11
2
3
3
2
1
6
1
3
2
13
1
5
2
41
2
1
1
28
2
7
2
25
3
8
3
31
25
10
2
33
2
14
2
2
1
10
2
29
3
6
1
37
1
5
2
71
3
13
3
47
5
1
3
27
11
12
2
53
1
2
3
10
18
10
1
52
1
1
3
14
2
8
2
16
1
10
1
7
10
1
1
49
1
4
1
12
5
6
1
3
9
2
3
60
6
9
2
15
1
12
2
8
2
3
1
4
6
6
1
71
2
4
2
40
1
9
3
18
18
12
3
16
6
1
2
18
1
2
1
35
3
7
3
10
14
4
2
61
2
14
3
17
7
4
2
13
3
6
2
1
1
3
2
40
4
8
1
27
1
13
1
14
2
10
2
65
4
5
1
3
5
11
2
38
3
12
3
6
5
14
2
4
1
7
2
53
3
7
3
9
8
10
2
55
1
10
3
6
4
7
3
13
5
2
1
41
1
9
1
30
3
7
3
23
7
6
3
32
9
3
3
67
29
6
1
1
1
9
3
26
3
11
3
34
5
13
1
9
14
4
1
61
3
10
3
2
8
8
2
35
2
13
3
32
8
3
1
40
2
13
1
23
1
13
3
14
16
11
2
39
1
11
2
2
3
3
3
45
6
6
2
29
1
2
1
65
2
11
1
68
2
9
2
9
1
12
1
16
2
12
2
55
2
13
1
22
1
10
2
12
1
9
1
36
3
9
1
34
5
7
2
67
1
6
3
55
4
4
1
32
5
9
3
54
1
8
3
47
7
3
2
10
2
13
3
8
13
8
1
60
2
8
2
68
1
7
3
25
8
6
3
43
4
1
2
26
3
11
3
11
15
1
3
35
8
6
3
38
6
3
3
61
4
9
2
52
7
6
2
27
1
9
2
9
3
13
1
39
3
5
3
40
4
10
1
71
3
1
1
47
1
8
3
5
3
13
3
55
8
1
1
49
2
6
3
45
3
13
2
36
1
14
2
71
2
3
2
8
3
13
1
63
2
7
1
45
2
3
1
1
3
2
2
54
2
13
2
68
2
8
2
14
3
4
3
52
17
6
3
54
2
4
2
39
4
10
3
5
4
9
3
23
18
11
1
15
4
9
2
54
1
2
2
11
3
14
3
53
1
7
2
49
2
12
1
29
1
1
1
53
2
8
2
38
5
10
1
35
4
13
1
6
2
13
1
55
1
3
2
45
1
2
1
37
2
2
2
47
1
9
1
22
2
7
2
43
2
10
3
35
5
6
2
1
2
13
2
37
4
9
3
4
11
6
2
63
2
13
3
44
9
5
1
29
2
10
1
42
1
14
2
30
3
10
3
7
1
4
1
38
2
6
3
7
2
10
3
53
3
13
3
22
3
4
1
63
1
10
1
66
2
14
2
25
1
9
2
23
1
13
3
15
6
9
1
2
2
8
3
40
3
11
2
60
2
1
2
23
2
1
1
65
1
12
3
30
10
11
2
47
2
11
2
49
4
6
2
3
1
14
1
55
2
5
3
65
2
6
1
17
2
9
3
28
8
14
1
4
7
1
1
13
4
4
1
32
3
2
2
28
3
1
2
6
2
8
3
36
13
8
3
12
3
10
2
60
4
4
2
34
1
6
1
54
1
11
2
31
3
1
2
67
2
13
1
25
3
3
1
16
1
3
1
47
2
2
1
26
2
9
3
68
13
4
3
3
3
9
2
63
3
8
3
1
10
7
1
39
2
6
1
31
13
3
3
13
7
1
3
63
13
5
2
26
4
1
1
40
3
5
3
30
18
8
3
39
7
4
3
71
4
1
3
12
5
8
1
42
2
12
3
18
12
5
1
10
2
13
2
32
1
13
3
28
6
9
2
34
2
9
1
67
1
7
1
66
3
14
2
42
3
10
2
30
5
11
3
44
6
8
3
41
1
13
1
44
1
10
1
11
10
1
3
3
2
2
3
34
11
2
2
22
1
11
1
53
1
14
1
11
3
7
3
33
24
4
1
5
1
2
2
44
3
14
3
29
13
2
1
7
5
9
3
43
3
11
1
61
2
4
3
17
13
6
1
67
3
12
1
31
4
4
2
17
1
9
3
42
2
4
3
41
3
10
2
10
1
10
1
33
2
3
1
18
4
5
2
41
3
11
1
45
1
7
1
36
1
7
2
33
3
10
3
49
8
13
1
27
3
6
3
68
3
7
1
54
3
4
2
5
2
3
2
11
2
9
2
65
2
11
1
28
3
4
2
12
2
13
1
33
8
1
2
17
2
8
3
4
4
3
2
44
1
4
1
43
3
12
3
67
24
6
3
31
29
8
2
37
2
2
3
15
3
12
3
39
4
8
3
49
3
12
1
43
2
13
3
29
12
14
2
61
1
2
1
18
3
6
3
16
2
10
1
8
11
10
3
25
7
14
1
34
2
3
2
6
1
9
1
44
4
7
2
7
1
9
3
2
3
2
2
27
2
9
2
66
1
13
1
2
6
7
3
71
5
1
2
32
4
14
2
66
2
12
3
52
9
3
3
66
1
14
2
7
2
2
2
43
5
8
1
25
1
11
1
15
3
10
1
10
6
7
1
30
10
5
3
27
7
13
3
36
4
10
1
41
3
13
3
11
5
6
2
36
4
4
3
38
12
9
3
22
2
10
2
15
2
5
3
37
2
10
1
68
3
7
1
17
1
7
3
1
2
10
1
8
9
2
1
14
21
1
3
37
4
5
1
52
3
14
3
66
2
8
3
9
1
10
3
8
6
7
2
5
1
5
3
61
7
9
