1
61
1
7
1
45
2
4
1
68
2
10
3
54
2
11
2
44
1
7
1
27
3
10
2
1
2
10
2
22
1
3
3
52
13
8
1
13
8
10
1
16
3
5
3
10
8
3
1
65
1
12
1
38
1
1
3
14
24
14
1
14
11
10
1
55
2
10
1
18
15
2
1
28
1
6
1
67
2
4
2
55
1
3
1
35
1
11
1
61
2
3
3
67
7
5
3
2
3
9
1
55
1
8
1
17
14
8
1
27
1
5
2
67
1
6
3
32
10
14
1
49
1
6
1
26
2
11
1
26
3
12
2
25
3
4
2
52
3
1
2
37
3
8
2
45
4
11
2
33
1
3
2
65
3
9
1
54
2
7
3
39
5
9
3
35
8
8
2
10
1
5
1
67
1
6
1
16
1
13
1
43
1
3
2
18
1
4
2
34
2
1
2
9
1
12
2
65
2
11
1
33
3
13
3
5
3
4
1
2
4
11
1
3
5
3
1
60
2
1
1
52
1
10
3
63
2
1
1
8
9
2
3
2
10
1
1
42
1
2
3
63
1
9
2
39
4
3
1
60
1
6
1
29
1
13
1
8
10
6
3
42
4
2
1
22
3
8
3
32
11
13
2
44
4
3
3
38
4
14
3
44
7
12
3
17
3
4
1
71
2
12
2
27
3
10
1
13
5
3
2
12
1
6
2
38
3
9
3
16
4
13
1
37
2
10
2
63
2
10
2
17
3
14
2
31
1
8
2
13
2
13
3
34
6
8
2
32
1
7
2
66
2
11
3
41
1
1
2
16
3
9
3
15
4
6
3
49
6
5
3
29
16
1
1
4
5
9
2
40
1
3
2
42
2
8
3
18
11
2
2
37
1
13
2
43
4
5
1
40
3
12
3
6
2
11
3
38
2
7
1
17
8
14
1
35
2
9
1
38
3
7
3
11
18
11
2
66
3
14
2
12
3
4
2
53
1
14
3
65
13
8
3
7
5
9
1
4
3
8
1
30
20
7
1
30
21
1
2
42
1
11
2
68
1
2
1
32
3
8
2
22
3
7
2
11
3
8
2
7
1
3
3
9
12
9
3
11
24
9
2
18
3
11
1
43
3
5
2
45
1
5
2
2
3
9
3
25
3
7
3
4
26
5
2
54
1
1
1
47
1
3
3
14
7
4
2
55
2
14
2
68
4
2
1
44
4
1
3
71
4
9
3
10
14
13
2
8
3
1
3
31
2
8
1
1
3
11
1
14
7
11
3
35
7
8
3
36
3
7
3
12
1
8
1
28
3
11
2
39
2
13
2
43
5
8
3
28
3
4
1
71
3
13
3
54
1
4
2
28
2
12
3
67
35
5
1
25
3
6
3
66
4
5
3
55
10
3
2
71
1
13
2
4
1
8
2
3
1
8
1
3
7
13
3
65
5
13
1
12
2
11
1
15
1
7
1
66
3
11
1
40
2
5
3
30
10
10
1
1
2
10
2
5
1
13
2
15
1
2
1
7
2
8
3
33
21
2
2
33
3
14
1
36
1
14
2
15
2
14
3
23
14
3
2
36
3
12
1
23
1
2
1
41
1
4
2
61
1
8
1
33
7
1
2
60
4
2
2
26
2
8
1
52
2
5
2
35
3
2
3
28
14
11
1
63
2
13
3
1
7
12
1
45
1
11
3
27
15
1
2
32
3
7
2
34
3
4
3
8
11
9
1
6
2
1
2
23
1
5
3
44
4
3
2
63
1
6
1
10
1
4
3
45
4
14
2
67
2
14
1
32
4
11
3
16
5
7
3
27
11
2
3
41
2
2
3
9
25
5
2
5
2
7
2
3
3
9
1
5
2
4
1
10
7
12
1
54
1
3
2
6
3
12
3
36
6
6
1
44
3
4
2
71
2
14
3
34
5
1
2
41
3
12
2
30
2
9
1
31
3
5
1
29
2
3
3
13
4
6
1
39
1
5
2
27
1
14
1
11
6
3
1
2
7
13
2
49
3
1
2
11
1
6
3
45
6
2
2
26
3
8
1
42
2
2
2
1
3
5
3
1
10
14
3
3
1
9
2
40
2
14
1
47
2
11
1
39
4
14
2
47
1
2
1
9
9
12
2
8
2
14
1
53
1
9
3
4
2
10
3
13
3
1
1
36
2
14
2
10
2
12
2
36
5
9
1
53
2
14
1
15
4
1
3
43
4
14
1
6
1
5
2
61
3
5
3
71
5
10
2
9
3
11
1
18
4
7
3
43
1
7
2
54
2
14
3
40
6
12
3
8
20
6
3
61
6
8
2
14
1
2
3
26
12
4
2
38
5
10
3
60
10
1
2
14
3
10
3
47
1
4
3
61
9
8
3
26
9
4
1
34
9
2
1
68
3
3
1
65
2
3
3
22
11
1
2
47
4
6
3
40
5
7
2
23
3
12
3
5
1
8
2
30
3
2
2
31
3
7
2
2
2
1
3
53
2
13
2
16
2
4
1
31
16
13
3
17
10
10
2
7
2
7
3
15
6
3
2
41
2
12
3
68
14
11
3
49
8
12
1
49
2
5
3
12
7
14
3
23
19
9
3
66
9
3
3
53
8
3
3
22
4
13
3
37
5
1
2
6
1
11
3
18
22
10
1
7
1
10
1
66
1
2
3
3
4
1
2
13
1
4
1
41
2
5
3
52
6
12
3
42
1
2
2
60
1
3
2
4
2
11
3
55
3
12
3
39
7
14
1
12
3
11
3
30
9
14
3
47
9
5
2
17
1
12
1
37
1
9
3
25
1
5
2
35
2
14
2
29
1
2
1
5
1
5
2
25
1
10
3
31
6
11
3
6
6
1
2
53
3
1
2
29
2
11
1
23
2
14
1
63
1
6
3
68
6
2
1
25
2
8
1
9
12
3
3
29
2
1
3
7
3
13
1
34
1
10
3
33
1
9
2
52
1
4
3
60
8
6
1
22
2
3
2
49
1
4
3
37
4
8
1
11
7
2
2
28
1
3
