2
39
1
4
1
14
15
14
2
60
3
4
3
25
6
12
1
4
6
9
2
13
2
11
3
27
16
6
1
40
3
2
2
22
1
5
3
35
3
11
1
29
1
7
3
13
4
13
2
29
2
11
3
47
1
14
2
3
1
12
2
6
2
6
1
34
7
13
2
33
2
2
2
43
4
13
3
60
8
6
1
37
1
5
1
30
20
12
3
53
8
6
1
61
1
13
2
37
1
2
1
11
12
1
1
67
2
11
2
37
4
6
2
18
4
4
1
8
10
9
1
7
7
13
1
15
1
8
2
17
3
8
1
18
11
13
1
41
2
3
2
32
4
14
2
54
1
5
1
36
2
6
3
55
9
5
2
27
2
1
1
22
2
14
3
9
10
2
3
68
1
10
1
26
2
14
3
9
26
8
2
15
3
11
2
66
2
10
1
3
1
2
1
9
8
13
1
38
1
12
1
12
13
3
2
47
1
2
1
38
2
14
1
10
6
10
1
44
4
12
3
30
3
6
1
35
3
6
1
67
1
4
3
16
4
8
1
42
2
11
2
13
1
3
2
67
1
11
3
37
2
9
1
45
1
1
2
41
2
14
1
11
7
13
2
41
4
4
2
30
1
2
2
4
1
1
2
5
2
7
3
44
10
8
3
42
1
4
1
55
1
13
1
10
8
2
3
67
16
11
2
53
3
3
3
23
16
7
3
53
1
8
1
47
1
12
3
39
6
10
3
23
9
3
1
68
1
3
2
55
1
10
2
10
3
14
2
7
3
9
3
12
3
7
3
49
5
2
3
12
2
4
2
63
2
8
1
28
2
4
3
8
3
9
1
31
1
13
2
36
1
14
2
10
1
12
2
14
1
1
1
55
2
5
2
54
2
6
1
17
9
3
2
30
3
8
1
25
1
5
1
37
2
6
2
35
3
8
3
29
12
9
3
5
4
3
3
40
5
6
3
17
15
3
1
5
1
2
2
8
1
1
3
41
3
1
2
45
2
6
3
71
2
12
3
11
4
9
3
4
9
13
2
39
4
12
3
7
2
7
2
16
2
8
1
22
1
10
3
54
2
4
2
23
2
4
3
13
5
11
3
65
5
6
2
28
3
1
2
33
1
14
3
2
2
8
1
9
1
12
1
39
2
13
1
1
1
3
1
25
3
8
2
34
3
3
2
49
2
3
2
36
4
11
2
15
2
7
3
18
7
9
2
40
3
9
3
7
3
11
2
65
4
9
3
38
12
14
2
40
1
6
2
55
2
2
1
63
1
1
2
2
1
1
3
28
15
12
3
6
1
7
2
16
3
2
3
34
5
12
2
34
1
6
2
1
3
5
3
33
13
6
2
3
2
3
3
39
10
11
3
63
11
9
3
26
6
12
3
54
1
7
1
49
2
4
2
31
4
10
1
43
3
4
3
14
2
8
2
11
2
10
1
41
1
12
3
38
9
9
1
7
9
1
2
22
3
4
3
15
10
6
3
45
3
7
3
61
7
13
2
27
1
6
3
41
1
2
2
67
2
4
3
22
1
7
1
23
1
4
3
61
6
6
1
17
14
9
2
42
1
3
1
66
2
7
2
68
2
9
3
6
6
6
3
28
6
10
3
52
3
4
1
2
1
11
2
38
1
5
2
42
4
7
1
13
6
6
2
43
5
1
1
2
7
7
1
6
2
2
1
27
2
8
1
47
3
8
2
44
3
9
3
31
12
10
3
18
25
11
2
5
3
2
2
35
2
12
3
33
24
12
3
1
5
6
3
22
4
9
3
55
1
1
3
66
2
5
3
10
15
1
3
52
17
8
1
53
1
7
2
9
3
5
3
17
10
6
1
49
1
3
2
52
5
14
3
2
9
10
2
53
1
13
2
66
1
12
1
66
3
14
3
11
25
5
3
5
5
6
2
47
4
6
1
52
3
7
2
8
2
8
3
66
8
14
1
61
2
13
2
68
4
1
2
2
2
12
1
68
2
7
2
14
3
14
3
15
7
12
3
36
15
12
2
4
3
3
2
61
1
7
1
26
1
5
3
60
31
10
3
34
11
13
3
10
11
11
2
38
2
9
1
28
3
1
3
14
14
12
3
8
2
13
2
26
1
3
1
14
14
3
1
15
3
2
3
71
5
4
1
40
2
12
1
12
2
5
1
8
8
1
1
52
1
8
2
1
2
10
2
6
3
8
3
29
14
14
3
25
1
6
2
7
2
8
3
3
8
5
1
63
2
6
3
43
4
12
1
65
1
7
3
35
1
14
3
42
2
14
1
18
2
4
1
30
16
13
2
9
1
12
2
63
3
5
2
65
1
1
2
23
3
14
2
31
2
7
1
32
1
4
2
71
2
1
2
45
3
1
1
60
1
9
3
67
30
8
3
45
5
12
2
11
1
6
1
36
1
7
1
27
3
9
3
43
2
10
3
32
2
3
1
54
3
3
3
49
6
9
1
16
5
8
2
71
3
1
2
26
2
7
1
16
2
10
1
32
7
13
3
44
2
7
2
32
2
13
2
17
2
1
3
31
18
14
1
53
2
3
1
45
2
3
3
3
7
10
2
44
1
12
3
32
1
8
2
18
3
4
1
4
7
4
3
63
4
10
2
29
3
11
1
23
3
8
3
68
14
12
2
25
3
7
3
47
4
13
3
26
10
3
3
4
4
6
3
1
1
14
1
35
1
2
2
25
2
14
1
43
1
8
2
60
4
8
3
36
7
12
1
65
2
9
1
71
2
8
3
40
6
6
1
29
2
6
1
33
6
14
1
71
1
4
1
6
1
13
2
52
4
5
2
28
2
5
2
12
1
4
3
65
11
7
3
30
11
12
3
16
5
5
1
44
2
9
1
33
1
9
3
27
3
10
2
49
4
12
1
31
7
10
1
1
3
3
1
39
1
8
1
3
9
10
1
5
2
7
1
42
1
14
2
12
3
8
3
37
9
2
1
13
5
8
1
60
2
7
1
54
2
13
1
34
11
7
2
61
2
5
