1
27
2
4
3
40
6
1
2
35
1
14
1
61
2
14
2
18
3
7
3
55
11
1
3
8
8
9
1
61
3
10
1
33
6
14
1
7
3
10
3
38
2
10
3
1
10
6
2
9
3
3
3
54
1
13
2
3
3
14
1
63
2
5
1
35
2
8
3
1
7
3
3
32
1
11
3
23
14
5
3
66
6
8
1
36
3
7
1
23
3
2
1
26
1
9
1
41
2
7
2
7
3
5
1
43
1
14
2
30
2
8
1
34
10
10
2
23
2
13
1
52
3
2
1
1
1
13
1
65
1
1
3
29
18
14
1
8
11
2
2
65
2
6
1
18
13
12
3
25
3
4
2
26
3
3
2
45
3
13
3
13
6
6
2
32
2
14
1
6
2
10
2
31
2
10
2
7
1
11
2
53
3
4
3
32
2
2
2
44
2
11
1
39
1
10
3
28
7
9
1
25
2
14
2
11
3
11
3
10
25
1
1
15
2
13
1
37
2
1
2
53
1
14
2
55
3
13
1
30
8
6
1
40
2
14
1
49
2
14
1
44
4
2
2
4
2
11
2
43
2
1
3
35
4
14
2
42
1
7
3
12
2
13
2
36
1
5
2
42
4
7
3
7
5
14
1
4
4
6
1
5
2
12
3
9
28
11
1
3
10
10
2
71
3
3
2
38
2
2
3
41
3
11
3
68
11
8
2
8
2
13
2
52
4
5
2
17
1
7
3
47
1
2
3
34
11
13
3
33
9
7
3
39
1
9
2
61
3
10
2
28
3
13
3
13
1
12
3
55
10
13
2
22
3
3
3
31
30
12
2
11
1
11
3
30
18
4
3
39
10
5
1
60
1
10
2
16
1
13
2
40
4
14
3
36
9
1
3
45
6
12
1
44
3
14
2
13
1
8
2
5
3
8
1
23
2
9
1
60
2
6
1
32
1
9
3
17
9
6
2
30
1
13
2
37
4
7
1
13
5
3
2
13
2
4
3
47
3
1
3
12
5
12
2
26
1
12
3
63
9
3
1
14
19
11
3
60
4
10
2
8
1
9
3
37
1
2
1
7
4
1
1
40
3
5
2
35
3
12
2
47
1
11
2
34
2
8
3
23
3
13
2
37
2
1
3
63
11
6
3
15
17
1
2
54
1
5
1
2
1
1
3
9
12
13
2
15
1
14
2
36
3
12
3
42
2
14
3
52
10
3
1
11
9
1
2
25
3
2
3
61
8
1
1
28
2
3
1
10
3
2
2
9
1
3
2
14
2
7
3
26
6
10
2
43
4
5
2
1
2
14
1
47
3
11
1
17
5
2
2
28
2
5
3
71
1
3
3
10
16
6
1
9
11
14
1
38
1
8
2
66
2
11
2
55
2
1
2
5
2
12
1
41
1
4
2
47
4
8
1
43
3
3
2
10
1
11
3
34
8
4
3
28
8
10
2
34
1
4
3
33
24
14
3
30
11
2
2
33
2
6
3
14
17
8
1
31
3
11
3
2
2
6
1
22
2
6
2
40
3
6
1
15
1
2
2
1
1
13
1
66
2
9
1
22
3
12
3
65
6
1
1
71
1
4
2
3
1
8
2
45
2
12
1
54
1
9
2
17
2
13
3
25
5
7
1
32
3
6
1
68
2
2
2
23
3
11
3
71
4
12
3
22
12
8
1
53
1
6
1
14
22
2
1
16
2
10
2
44
3
2
2
67
1
9
3
43
7
4
2
10
3
2
2
2
1
1
1
18
4
12
3
16
8
7
3
15
11
14
3
11
17
9
1
17
8
9
3
18
7
10
1
13
1
3
2
65
1
13
3
17
2
3
1
30
16
13
1
36
2
10
1
4
3
4
1
66
1
3
2
2
3
2
1
28
1
2
1
12
11
13
1
9
9
9
3
2
6
9
2
60
4
10
1
3
8
9
3
18
8
4
1
67
3
1
1
29
2
12
3
8
17
14
2
31
4
8
1
47
2
11
2
67
2
8
3
3
6
13
2
27
2
7
3
54
2
10
1
45
1
10
1
67
1
1
3
22
6
12
3
37
12
2
3
43
2
14
3
67
33
1
1
29
3
7
2
15
3
7
1
2
2
7
2
16
2
6
3
11
8
11
3
4
6
14
3
38
1
6
3
6
3
7
2
29
2
7
3
61
4
10
1
54
3
7
2
29
1
9
3
27
10
13
2
63
3
5
1
35
3
2
2
33
1
8
2
41
3
9
3
67
12
3
3
49
7
2
1
42
2
9
1
53
2
11
2
49
1
11
1
63
1
9
1
33
7
1
2
52
1
12
1
37
1
9
2
27
1
5
3
14
4
9
2
6
1
5
2
68
4
11
2
39
2
12
3
68
4
11
1
16
3
14
3
65
19
7
3
4
21
5
3
52
14
12
3
5
5
5
2
49
3
11
1
38
3
13
1
1
2
7
3
42
4
9
1
25
1
4
2
6
2
3
2
41
2
1
3
31
24
5
3
41
1
9
2
60
1
5
1
55
2
5
3
29
6
13
3
60
21
5
1
55
1
8
2
54
2
10
2
66
1
11
2
18
1
1
1
8
14
1
2
25
1
5
3
16
3
2
1
12
8
5
1
42
1
9
3
5
4
4
1
65
2
3
2
14
1
8
2
39
4
4
3
40
1
5
2
22
1
9
3
7
2
13
3
26
1
13
3
44
1
10
1
31
15
9
1
49
1
12
2
71
1
7
1
34
9
11
3
44
8
6
1
68
3
10
1
45
2
12
3
53
5
6
2
12
3
14
1
11
11
13
3
49
4
4
2
68
1
10
2
4
3
1
3
36
8
7
3
3
9
3
2
32
1
2
3
27
8
7
3
45
7
7
3
6
2
7
1
5
1
12
3
35
6
2
1
6
1
10
3
53
3
1
1
10
7
11
2
12
1
12
2
61
1
8
1
26
3
5
1
52
1
12
1
27
3
4
2
63
2
3
1
39
3
8
3
66
3
14
2
38
3
10
1
71
3
2
