2
5
1
9
3
25
5
6
1
31
12
9
2
47
3
11
2
42
1
14
2
2
1
13
3
39
8
5
3
45
7
2
3
13
8
4
3
32
6
14
1
45
2
3
2
31
3
12
3
18
14
9
1
23
2
14
2
18
2
3
1
40
3
2
3
29
11
4
3
27
12
12
2
28
1
12
3
66
9
7
1
18
9
8
2
39
1
10
1
1
3
10
1
39
3
8
1
8
4
13
2
26
3
10
1
42
1
12
1
45
1
8
3
60
29
13
3
14
17
3
3
16
2
5
3
31
4
3
2
30
5
13
1
71
3
9
1
67
3
3
3
2
6
8
2
25
1
3
3
13
2
1
3
2
10
11
2
3
3
10
2
1
2
3
3
49
4
10
1
28
2
9
3
4
16
9
1
71
1
4
3
52
2
10
3
5
5
1
3
18
3
14
2
23
1
10
2
52
4
11
1
11
2
5
1
10
8
1
2
67
2
10
2
40
1
13
1
65
2
14
3
60
8
1
2
45
4
14
3
47
3
9
2
5
2
3
2
12
1
7
3
44
4
12
3
61
8
4
1
28
1
1
3
68
11
12
2
53
1
14
2
41
5
10
1
23
3
4
1
37
1
11
2
16
3
13
3
8
18
2
2
23
2
12
2
37
1
1
2
36
2
3
2
10
3
11
2
15
2
4
3
71
5
12
1
33
7
6
2
32
2
5
3
14
19
9
1
22
3
8
1
54
2
2
1
4
8
12
1
16
3
3
1
43
3
8
1
5
2
5
1
60
1
8
2
22
2
8
1
47
3
1
1
3
3
1
3
67
25
1
3
7
4
7
1
15
1
5
1
8
14
5
1
22
2
9
2
54
2
9
3
67
30
11
1
52
2
10
1
49
1
11
2
32
1
13
2
33
2
10
2
63
2
13
2
17
2
1
3
63
11
8
3
30
13
11
3
37
5
4
3
10
11
3
2
67
1
8
3
71
2
5
3
11
10
5
1
32
3
2
2
13
3
7
3
35
6
4
3
16
3
14
3
45
4
1
3
6
5
12
2
45
3
11
1
9
2
3
3
41
3
5
2
34
1
13
3
9
13
9
2
9
3
11
1
30
9
1
1
13
7
11
1
34
5
7
1
27
1
8
1
43
2
13
1
29
2
1
3
29
16
13
2
11
1
4
3
1
3
7
2
38
3
10
3
36
15
6
1
52
1
14
3
68
1
12
2
55
1
1
1
26
3
5
2
63
1
4
3
5
3
1
2
52
1
3
2
68
4
4
3
1
9
9
1
37
2
4
1
55
2
13
2
4
1
11
3
30
5
13
1
25
3
1
3
22
6
4
3
15
6
4
3
54
1
6
1
25
1
5
1
39
4
3
3
23
16
12
1
14
10
6
2
7
1
10
2
43
5
8
2
33
3
12
3
10
14
7
3
11
1
10
1
41
3
13
1
40
1
3
2
35
3
8
3
33
12
11
2
44
4
8
2
36
4
13
2
30
3
5
1
31
16
10
3
42
4
3
3
61
10
4
3
38
8
4
3
6
6
1
3
43
4
9
1
11
1
12
1
53
2
2
3
66
2
9
3
42
3
14
1
16
5
6
3
28
16
8
1
15
3
2
1
65
1
8
1
5
1
10
3
22
12
13
2
29
1
1
1
66
3
9
2
41
2
9
1
68
1
14
2
8
2
12
3
27
14
14
1
55
1
2
2
7
2
5
3
23
12
5
3
31
10
5
3
7
2
7
3
12
2
4
1
61
2
3
2
60
4
2
3
43
7
8
2
29
2
3
1
17
7
1
1
7
7
11
1
35
4
12
2
55
3
9
1
66
1
3
1
35
2
2
1
9
13
7
1
6
1
8
2
27
2
6
1
14
12
5
2
28
3
9
3
53
4
9
2
14
2
12
3
65
10
13
2
9
1
7
2
60
2
13
2
66
1
3
1
41
1
8
2
22
1
6
2
40
2
5
2
68
1
2
3
26
7
7
3
37
4
3
1
32
7
3
3
38
1
6
2
49
4
2
1
61
3
1
2
12
2
8
1
26
1
6
2
8
3
6
3
17
1
8
3
8
16
3
2
65
1
13
1
53
1
9
2
38
4
3
2
43
3
4
3
26
2
11
3
49
5
8
2
11
2
9
3
34
8
1
1
30
6
1
1
44
3
7
1
36
1
13
3
55
6
4
1
33
8
8
3
34
2
3
2
6
3
11
3
47
9
10
3
12
5
10
3
55
11
1
2
47
1
10
2
16
2
4
1
49
2
6
3
33
19
12
2
71
2
12
2
14
3
2
1
68
3
11
2
65
2
13
3
53
3
14
3
39
9
5
1
67
1
3
2
71
1
6
2
39
2
8
2
3
2
4
2
34
3
8
1
34
4
7
1
54
1
6
2
31
1
12
1
38
3
12
3
28
12
8
2
2
3
14
3
54
2
1
2
61
3
11
1
1
2
1
2
42
3
5
1
27
3
6
3
41
1
6
2
49
3
6
2
25
2
9
1
63
2
6
1
3
6
2
3
4
27
9
3
25
2
7
2
6
2
8
3
44
10
1
3
35
4
3
3
32
2
8
1
42
2
10
2
27
3
5
1
13
2
2
3
3
10
12
3
15
14
9
2
54
1
11
2
53
3
5
1
2
4
5
1
10
5
3
2
26
1
2
2
66
3
9
3
65
21
10
2
4
3
6
2
44
3
7
1
12
11
12
1
4
1
4
2
17
3
1
1
12
6
14
3
63
3
12
3
52
15
1
3
40
5
6
1
36
2
7
1
18
14
9
2
18
3
11
3
9
21
9
1
44
1
14
1
47
2
13
1
29
3
8
2
61
2
13
1
2
1
5
2
35
2
14
1
63
1
6
3
17
17
14
1
17
13
11
3
40
3
4
2
15
3
12
1
38
1
8
1
7
8
12
1
6
2
3
2
13
2
6
3
3
5
6
1
60
2
4
3
36
9
2
2
10
1
10
2
1
3
9
2
37
3
8
