1
3
8
4
3
10
8
7
1
32
5
5
1
12
13
1
2
8
3
3
1
13
1
4
2
3
3
5
2
26
2
2
3
7
3
4
3
67
29
4
2
23
1
6
1
66
1
3
3
18
24
6
2
67
2
1
1
33
1
6
1
42
1
11
3
27
16
14
3
32
2
1
2
71
1
12
3
53
2
9
1
8
17
7
1
61
1
4
3
55
15
13
3
49
6
9
1
3
9
11
2
22
2
6
3
3
8
5
2
27
2
14
2
55
1
12
1
52
2
2
1
68
2
7
2
45
1
8
2
66
2
5
3
9
10
2
3
15
2
1
1
9
4
8
3
65
3
5
1
4
4
11
3
32
1
12
3
25
8
14
1
39
1
4
2
29
2
10
2
3
2
2
2
44
1
2
3
34
1
14
1
68
1
7
3
27
2
10
1
53
2
12
3
29
8
2
1
12
18
13
2
38
2
13
3
13
3
3
1
41
3
10
1
44
4
3
1
49
1
8
2
5
1
6
1
35
4
12
3
12
6
10
1
11
8
3
1
14
21
5
3
2
11
7
3
40
3
10
1
26
2
2
3
13
7
10
1
44
1
12
1
66
2
13
3
1
7
2
2
5
2
1
3
60
15
6
1
7
9
9
3
35
3
14
3
68
10
7
2
2
3
14
2
45
4
12
3
67
28
7
3
22
9
5
2
4
1
1
2
42
2
2
2
16
2
4
3
6
6
2
1
27
2
11
1
17
12
7
3
42
1
2
2
8
2
4
2
33
1
10
2
39
4
10
3
23
12
13
1
18
4
7
1
71
2
1
2
34
3
10
3
12
4
5
3
44
3
11
1
43
2
4
1
5
2
12
3
41
3
4
3
66
5
10
2
38
1
13
1
31
1
13
1
55
2
6
3
26
7
12
2
55
2
5
2
30
3
5
3
49
3
4
2
31
2
11
1
27
1
4
3
37
12
13
1
33
5
3
3
28
5
3
3
37
4
10
2
35
2
12
1
6
2
5
2
23
2
6
3
17
3
1
2
15
3
11
2
12
1
1
3
28
13
1
1
30
18
12
3
65
11
12
1
55
1
8
2
11
3
7
1
40
3
7
3
52
13
7
3
25
4
4
1
4
8
13
2
47
1
12
2
41
1
8
1
7
4
8
1
10
8
6
2
68
3
4
1
22
2
2
3
54
1
5
2
11
1
14
2
40
3
2
3
66
4
4
2
37
2
3
3
17
6
2
2
25
2
12
2
6
3
2
2
65
1
13
2
9
3
14
3
52
17
13
2
12
3
5
2
17
2
5
2
36
4
4
3
36
12
5
1
2
1
12
2
42
3
5
1
25
2
5
1
16
1
7
1
47
1
12
1
45
2
14
3
45
4
1
3
40
6
4
3
63
3
9
2
17
3
11
1
6
1
4
1
71
1
3
3
3
4
1
1
37
1
9
3
22
7
7
2
49
3
11
3
55
16
5
3
4
15
4
2
14
2
13
2
33
2
8
2
28
2
2
2
53
2
5
2
32
2
1
2
4
3
14
2
6
1
13
3
42
4
14
1
65
1
14
2
1
1
2
1
28
2
13
2
30
1
4
1
60
2
14
2
36
3
14
3
5
3
11
1
61
2
3
2
29
3
14
2
49
4
7
3
47
1
3
3
33
15
7
1
52
1
1
3
11
22
12
1
25
1
14
3
38
3
2
1
42
2
6
3
1
4
2
2
9
2
14
2
54
2
3
2
60
2
10
3
9
25
13
3
54
2
8
1
36
1
11
3
33
19
2
2
43
3
13
3
11
17
13
2
54
1
14
1
16
7
8
2
1
2
2
1
22
3
5
1
14
20
1
3
18
22
8
3
7
4
4
3
36
2
4
1
54
3
2
2
39
1
7
2
2
2
7
3
16
2
8
2
14
1
7
1
67
1
1
2
18
1
4
3
4
2
6
1
39
4
10
3
8
16
9
1
45
1
13
3
41
4
1
2
25
1
14
3
5
2
10
2
13
2
10
2
44
3
5
3
29
14
11
3
34
2
8
2
67
1
8
1
8
9
1
1
13
6
6
1
38
2
8
2
41
4
13
3
31
9
8
2
27
1
5
2
68
4
12
2
15
2
12
3
43
1
14
3
31
6
7
1
54
2
5
1
15
2
9
3
45
6
4
1
40
2
8
3
8
5
10
2
18
4
6
1
2
6
2
2
34
1
8
3
61
11
14
1
63
1
12
1
1
3
9
1
5
1
3
3
6
1
2
3
30
27
4
1
47
3
6
1
9
11
3
1
67
2
13
3
15
4
8
1
34
10
10
3
16
5
5
3
2
5
5
3
26
12
11
3
60
8
7
1
23
1
10
1
35
2
10
2
63
1
12
1
29
1
1
2
28
3
13
2
61
3
3
3
14
17
1
3
35
1
8
1
28
1
6
3
71
3
14
3
43
4
10
2
7
3
5
1
1
1
14
2
53
1
2
2
63
2
13
1
38
3
6
1
41
2
5
2
26
4
9
3
61
2
14
3
38
10
1
1
63
2
3
3
47
4
7
1
26
1
1
1
34
8
2
2
47
3
2
2
32
3
3
1
30
3
1
2
10
1
5
2
61
2
13
2
22
1
1
1
17
10
11
2
31
5
3
2
13
1
3
1
49
2
8
2
66
1
12
3
68
6
3
1
11
1
3
2
37
4
2
3
14
13
9
2
40
4
10
2
7
1
8
1
18
12
8
1
43
1
1
2
65
4
3
3
10
16
6
3
39
3
13
2
71
2
13
2
43
4
13
3
71
5
13
1
53
1
11
1
36
3
9
1
32
4
9
1
23
2
14
3
44
10
14
2
10
3
13
2
52
5
4
1
37
2
9
2
35
1
4
2
60
3
2
2
52
2
9
3
30
6
5
1
15
1
5
3
39
9
2
1
60
1
4
1
65
2
10
2
16
3
8
1
10
4
4
3
23
3
3
1
29
2
12
3
63
2
6
3
53
8
3
1
31
5
2
