3
28
14
8
2
13
1
9
1
13
3
13
2
25
2
14
3
26
3
13
2
23
1
7
2
61
1
10
3
65
20
4
3
31
25
12
1
13
8
12
2
32
1
12
3
32
5
8
1
31
9
9
1
14
7
1
1
55
1
4
3
68
3
13
2
44
5
12
1
3
2
10
1
1
1
13
3
66
2
11
1
11
11
3
1
14
5
10
2
40
2
10
1
15
1
12
1
53
2
12
2
9
2
10
2
47
1
12
2
14
2
7
3
35
5
5
2
16
1
7
2
11
1
8
3
25
4
1
1
16
3
10
2
45
1
12
1
60
1
8
3
71
3
10
2
40
4
1
1
30
15
6
3
10
1
11
1
39
2
14
1
8
16
3
3
44
4
14
1
28
1
14
2
13
2
12
1
5
2
10
3
2
8
10
1
32
7
9
3
8
7
13
3
17
12
2
3
12
2
7
2
68
3
1
2
16
3
9
3
14
14
2
1
30
19
2
3
42
2
11
2
53
3
2
2
12
2
11
3
10
3
12
3
54
2
10
1
60
2
9
2
35
3
6
2
66
1
5
3
49
1
10
3
61
7
13
1
45
2
2
3
28
9
11
1
63
2
10
2
41
1
9
1
40
1
8
1
68
2
5
3
33
5
14
1
54
3
3
2
6
2
14
2
45
2
12
3
15
15
10
2
43
3
10
3
23
12
14
2
18
1
3
2
14
3
5
1
12
11
14
3
45
3
12
3
43
6
10
1
23
3
7
2
52
7
9
3
43
3
5
1
18
1
4
3
47
4
13
2
34
1
3
1
66
2
9
2
3
3
14
3
42
4
12
1
67
3
10
2
9
3
14
2
49
2
7
2
33
2
13
1
52
2
4
1
65
1
9
2
38
5
8
1
27
1
9
1
17
16
1
3
6
2
11
2
10
2
6
2
31
5
11
3
2
3
1
1
23
2
14
3
63
7
13
3
47
9
12
1
42
2
12
2
30
5
3
3
13
2
3
3
52
11
7
3
34
1
1
2
28
1
13
2
8
1
8
1
71
2
6
1
47
2
5
1
47
1
1
1
39
1
4
2
42
4
7
1
44
1
10
3
16
7
1
1
52
3
12
3
32
1
8
1
28
3
1
3
7
5
8
2
18
3
8
1
25
3
8
3
55
4
3
2
6
1
11
2
17
1
10
2
66
3
4
1
40
3
14
2
65
4
6
3
13
9
9
2
55
1
10
3
9
32
1
3
39
2
3
1
45
1
1
1
35
1
12
2
17
3
6
3
36
9
13
1
9
8
13
3
27
4
8
3
29
5
5
3
66
3
14
1
37
2
13
1
22
3
12
1
33
2
12
3
41
2
4
2
41
2
3
3
14
8
7
3
30
27
1
2
10
1
11
1
10
6
1
3
16
8
9
2
38
3
8
2
1
2
7
2
27
1
11
3
5
1
5
3
7
4
5
1
44
4
5
3
1
8
11
3
53
2
11
1
66
1
5
1
43
1
5
2
68
4
13
3
4
14
13
1
10
4
11
1
36
1
11
1
68
1
14
1
49
2
10
2
28
2
10
2
29
2
7
2
71
1
7
3
61
2
5
3
53
4
11
1
1
2
7
2
2
1
14
3
3
1
8
3
34
11
6
2
2
3
4
1
5
1
13
1
2
6
4
1
18
11
3
1
3
10
1
2
67
1
13
2
12
3
14
2
31
1
9
1
11
6
13
1
17
10
8
1
2
3
6
1
8
9
2
2
49
1
2
2
39
4
9
2
55
2
12
3
67
38
10
1
26
2
13
2
54
1
6
1
37
1
4
3
60
26
1
3
40
4
3
3
11
7
3
1
38
3
11
1
55
2
13
3
15
3
10
1
53
1
8
2
30
3
14
2
7
1
9
1
29
2
2
3
23
17
9
1
25
1
7
3
71
2
5
3
3
8
4
3
36
8
13
1
7
7
14
2
67
2
2
3
49
8
5
2
3
2
4
3
27
1
3
2
22
2
9
1
33
5
11
3
40
3
10
2
60
4
6
2
52
6
12
2
53
2
4
3
9
30
2
3
31
26
1
2
25
3
7
3
39
1
2
3
26
10
5
2
65
1
9
2
63
3
12
3
52
5
14
3
33
3
3
2
37
2
14
3
38
4
14
1
15
5
14
2
54
2
8
3
22
10
13
2
22
1
4
1
38
2
5
3
1
9
13
1
43
2
13
2
37
4
8
2
61
3
3
1
16
2
1
3
8
2
2
3
4
15
4
3
37
6
13
3
6
1
2
1
6
1
4
1
27
2
9
2
29
3
1
1
12
15
13
1
22
1
7
1
7
5
5
3
29
19
10
2
4
2
13
2
35
1
13
1
41
3
14
2
47
4
5
1
6
2
8
1
67
2
12
3
38
1
8
3
17
2
14
3
18
5
11
3
30
22
4
2
11
2
6
3
22
2
13
3
55
5
5
1
71
1
6
2
63
1
9
1
4
8
8
3
63
9
5
2
44
1
8
1
61
2
14
2
32
2
10
3
60
29
1
1
4
1
5
2
15
2
8
1
63
1
6
2
7
2
6
2
5
2
7
2
1
1
13
2
60
1
1
1
65
2
2
1
49
1
9
2
27
2
12
1
41
1
4
1
29
3
2
3
18
23
1
2
8
3
4
1
36
3
5
2
33
1
12
1
32
5
4
3
12
1
3
3
45
6
9
1
34
4
12
3
5
5
5
3
44
1
13
2
34
3
4
2
39
2
14
3
65
13
6
1
26
3
9
3
11
26
7
1
9
4
13
2
15
1
3
2
26
3
2
2
36
5
2
1
35
3
8
2
4
3
14
2
36
4
11
3
35
4
9
1
54
2
14
2
43
1
8
2
71
2
6
2
26
2
8
1
31
16
8
2
23
2
8
3
25
8
2
3
54
1
6
3
41
3
10
2
42
3
1
1
42
1
6
1
61
3
7
3
37
1
8
2
5
3
10
1
34
9
3
3
68
9
5
3
67
34
2
