2
9
1
3
3
5
2
9
2
3
1
14
2
27
1
11
3
37
1
12
1
25
3
8
1
27
1
5
3
68
14
3
3
3
9
5
3
28
8
13
3
11
15
4
1
63
1
6
1
3
6
1
3
63
7
10
2
38
1
13
1
33
3
14
2
27
2
10
1
43
2
8
2
61
3
10
2
9
3
12
2
13
2
8
2
23
2
2
3
34
7
11
1
16
2
10
3
13
9
7
3
2
4
13
1
53
1
13
1
52
3
12
3
31
1
4
1
67
1
10
1
45
1
9
3
44
10
3
1
5
2
7
1
15
4
3
1
5
1
9
1
63
2
10
3
3
10
14
2
1
3
3
3
18
5
1
1
7
1
6
1
68
3
10
2
37
2
13
1
8
3
11
2
31
4
6
2
7
2
5
2
26
4
13
3
26
11
5
2
45
4
13
2
18
2
13
3
29
16
5
3
36
11
13
3
14
14
7
3
40
3
10
3
7
1
8
3
12
4
4
2
2
3
3
2
53
3
8
2
37
3
8
3
10
20
6
3
4
7
12
3
9
15
9
1
26
2
5
1
68
1
8
3
27
5
2
1
31
15
14
1
44
1
8
3
60
10
6
2
5
1
9
2
44
2
3
1
53
2
11
1
26
1
4
3
15
14
5
2
39
1
9
3
16
5
12
3
5
3
11
3
27
2
2
2
52
4
6
2
11
2
8
3
34
4
3
1
55
2
2
3
54
1
2
3
23
17
13
1
9
5
13
3
1
3
7
2
30
5
11
1
33
7
7
1
54
2
5
2
55
2
4
1
36
3
13
2
31
1
2
3
8
9
5
3
49
3
1
1
28
1
12
2
12
1
8
2
44
5
2
3
43
7
11
3
16
4
5
1
2
3
3
1
22
1
5
2
66
1
8
2
60
3
14
3
55
16
13
2
3
3
6
3
30
21
6
3
71
5
7
2
35
2
14
3
32
9
5
1
8
6
3
3
13
1
8
3
45
7
5
1
16
1
6
3
47
5
14
2
35
3
14
2
29
2
10
2
23
1
1
1
14
18
10
1
14
2
13
2
71
3
10
3
17
8
9
2
28
1
14
1
65
1
3
3
2
1
5
1
38
1
7
2
34
2
5
3
7
3
6
1
13
2
1
2
41
1
3
2
4
1
2
3
33
10
8
3
53
1
10
2
11
3
8
3
4
14
7
3
52
15
6
2
17
3
10
1
27
3
14
3
22
4
3
2
1
1
6
1
30
13
6
1
29
1
4
1
40
2
12
3
30
23
5
2
15
1
10
3
53
8
3
1
1
2
10
2
40
3
5
1
54
1
1
1
71
2
4
2
54
2
10
2
14
2
4
1
31
9
12
1
47
3
2
3
38
9
11
3
68
7
11
2
36
1
2
2
16
1
14
3
37
5
11
1
11
11
14
1
10
8
6
2
32
4
6
2
2
2
5
2
18
1
1
2
60
4
8
3
33
24
4
3
18
1
4
2
63
3
5
2
30
4
5
3
60
31
8
3
65
2
12
2
42
3
9
1
3
7
12
3
35
5
8
3
28
10
2
2
67
2
5
1
42
2
5
1
71
3
13
1
30
11
1
3
15
2
5
3
39
4
6
1
66
3
3
3
66
3
3
3
35
7
7
1
6
1
6
3
32
7
7
3
54
2
2
2
52
2
7
1
9
3
10
2
5
2
3
3
10
21
13
2
16
3
11
2
61
1
7
1
32
7
4
3
8
6
6
1
67
3
3
2
33
3
1
2
49
1
9
1
6
2
1
2
68
3
14
2
55
3
4
3
14
26
3
1
49
1
7
1
18
6
3
2
45
1
11
2
54
1
13
2
29
1
3
2
32
2
7
2
33
2
10
1
43
3
10
2
8
2
3
2
66
3
2
3
61
5
7
1
41
2
11
3
11
6
1
1
11
3
3
3
40
2
3
3
44
2
13
1
15
5
1
3
25
3
11
3
22
9
12
3
67
22
2
1
34
3
5
2
49
4
2
2
7
3
11
3
47
7
3
2
4
2
2
3
63
4
14
2
10
1
13
3
67
29
1
1
60
2
12
3
25
5
9
3
39
1
12
2
25
1
13
2
39
2
13
1
47
2
8
1
36
1
8
1
39
1
8
1
52
2
10
2
26
1
11
2
14
1
11
3
71
4
2
3
65
14
10
3
61
1
13
3
31
14
9
3
6
3
10
2
8
1
14
2
17
2
7
3
43
3
7
1
23
2
3
1
12
13
11
3
23
10
5
1
32
1
13
3
12
3
14
2
15
3
13
1
60
1
12
3
1
2
9
1
55
1
4
3
41
1
13
1
41
1
14
1
17
9
1
2
65
3
10
1
10
4
11
3
42
1
14
1
40
3
10
2
53
1
9
3
26
10
11
1
4
3
2
1
66
1
13
2
6
3
6
3
36
5
8
3
29
7
6
1
35
2
11
1
44
3
9
3
9
31
10
1
7
2
6
3
6
4
3
1
42
1
14
1
45
2
13
1
29
3
8
1
39
4
3
3
17
6
5
1
38
2
3
1
49
2
10
1
23
3
7
3
55
9
3
3
38
8
9
2
43
3
12
1
28
3
10
1
61
2
12
2
10
3
4
2
28
3
3
2
22
2
8
2
40
4
7
2
13
1
12
3
52
10
1
1
22
3
2
2
34
3
5
2
38
2
6
1
34
1
9
2
25
2
9
1
25
1
1
2
42
4
10
2
36
3
1
2
47
1
4
2
22
3
6
3
42
3
12
1
2
4
14
1
1
3
14
1
65
2
12
2
65
1
11
3
66
5
9
2
41
4
12
3
49
5
14
1
35
1
4
1
37
2
12
2
63
1
3
1
37
1
3
1
12
2
8
2
43
5
3
1
4
2
7
1
13
3
14
2
67
1
13
3
45
6
6
2
12
3
7
2
47
2
12
1
17
5
10
2
71
2
11
1
61
1
3
2
68
4
13
2
6
2
3
3
41
2
7
1
18
11
4
