1
17
9
9
1
47
3
6
3
18
24
14
1
10
7
13
2
5
1
5
2
54
2
10
2
30
1
2
1
13
7
13
2
37
3
5
2
45
1
4
2
14
2
5
2
41
2
12
1
52
1
13
3
42
4
9
1
37
1
14
1
61
1
12
3
33
24
5
2
38
5
8
3
68
9
14
3
16
1
10
2
11
2
3
3
11
14
5
2
67
1
2
3
11
24
4
2
3
3
3
3
34
3
2
3
4
4
6
2
28
3
11
3
65
21
7
2
18
3
5
1
54
3
6
1
26
2
13
3
63
13
12
1
3
4
1
2
63
1
3
1
5
1
13
2
26
2
6
3
1
7
14
2
30
5
7
2
35
2
14
3
43
5
10
2
39
3
4
2
5
2
8
1
63
2
5
1
9
6
14
1
13
6
8
2
7
2
14
2
8
2
3
1
45
1
6
3
43
8
2
3
66
4
3
3
32
11
10
2
32
2
8
1
31
11
9
2
39
2
1
3
31
11
8
3
22
5
13
3
53
3
11
3
40
6
11
3
28
5
5
1
33
1
8
2
6
3
7
3
23
12
4
1
31
9
8
1
14
20
10
1
33
8
5
1
29
3
11
3
52
8
13
1
27
2
14
3
14
14
9
3
67
23
12
3
68
15
9
2
43
1
3
3
25
5
13
2
7
1
8
1
12
5
10
3
12
5
1
1
35
3
8
3
53
8
12
1
53
2
14
3
61
11
5
1
27
3
4
3
4
12
3
1
32
5
9
2
8
3
12
2
55
2
1
3
9
4
7
3
40
1
4
1
55
2
11
2
22
2
4
3
38
5
1
1
34
7
3
2
4
1
8
3
25
6
11
3
60
11
9
3
23
4
3
3
6
2
7
1
8
17
5
2
55
3
10
1
40
1
5
1
39
3
6
1
65
2
5
2
65
1
3
3
28
8
14
2
28
2
9
3
71
1
14
2
53
3
5
1
14
5
1
3
55
15
10
2
45
3
4
2
61
1
12
1
5
2
13
3
54
1
12
2
14
1
12
3
67
11
12
2
9
3
13
2
29
3
10
1
11
6
9
3
60
7
5
1
71
2
14
2
2
2
5
1
6
2
3
2
60
3
2
1
12
1
9
1
54
1
3
1
38
3
2
2
11
1
1
3
29
9
7
1
28
3
12
3
10
17
11
3
14
24
3
3
15
11
7
1
35
2
11
3
10
2
3
1
7
5
11
1
63
1
1
3
44
2
10
3
13
7
1
1
3
7
3
2
29
1
9
2
71
3
11
3
39
10
1
3
66
8
1
1
26
1
8
2
1
3
1
1
2
1
9
1
36
2
6
2
36
3
14
2
38
4
13
3
35
6
9
2
34
3
1
2
42
1
8
2
13
1
12
2
37
4
5
1
1
3
7
2
17
2
10
3
38
2
4
3
8
6
1
2
2
3
8
1
43
1
13
1
4
4
10
2
68
3
3
3
15
6
4
3
2
2
3
2
15
2
5
1
36
1
13
1
25
1
12
3
52
10
10
3
65
2
2
3
49
5
5
2
35
1
6
1
47
2
6
2
54
1
14
2
12
3
8
3
2
10
14
1
61
3
11
1
68
2
6
3
7
5
5
3
3
5
3
1
16
5
14
2
49
3
13
2
53
1
2
1
44
2
2
2
23
1
5
3
63
6
11
1
32
7
3
3
6
5
12
2
26
1
9
1
6
1
7
3
42
2
11
2
10
1
1
2
44
5
6
1
43
2
8
3
13
5
13
3
26
4
9
3
41
4
8
3
34
1
5
2
12
2
9
3
61
9
7
2
40
1
1
3
47
10
7
3
27
3
8
3
22
1
7
1
16
4
8
2
33
1
1
3
3
3
14
3
37
10
3
2
43
4
6
2
66
1
2
1
25
3
13
1
23
2
1
1
22
1
14
2
71
2
11
3
39
2
6
1
29
2
13
3
29
18
12
1
11
3
8
1
10
6
3
1
67
1
10
3
9
31
13
2
33
3
2
3
32
5
6
2
18
1
13
1
1
2
8
1
60
2
2
3
26
12
11
2
52
3
9
2
1
1
1
1
49
2
10
2
40
2
2
3
17
7
6
3
71
3
5
1
49
1
9
1
17
8
13
3
33
21
3
2
63
3
11
2
3
1
5
1
66
3
4
3
18
6
12
3
47
2
4
2
22
3
1
2
66
3
10
3
37
11
2
2
32
3
1
1
71
3
13
1
2
7
1
2
15
3
6
3
16
7
7
2
9
1
8
3
12
3
1
2
31
2
8
1
7
7
2
2
61
2
1
1
65
1
6
2
10
2
4
2
65
2
1
3
49
7
3
1
34
8
2
3
30
5
13
1
28
2
13
2
25
3
9
3
31
13
12
2
25
2
13
1
67
3
3
1
55
1
6
2
47
2
7
1
41
1
8
2
67
2
13
3
7
2
2
1
30
12
2
1
9
8
2
2
23
3
10
1
66
1
14
1
44
1
14
1
15
1
4
3
30
27
12
3
55
3
4
3
54
2
8
2
34
1
5
2
68
4
13
3
36
7
7
2
4
3
14
2
52
4
9
2
17
1
3
2
60
2
12
2
16
2
5
1
15
5
6
1
41
2
11
1
42
2
9
1
38
2
4
2
13
3
6
2
42
4
8
3
5
4
11
1
40
3
2
1
18
7
13
2
49
4
4
3
5
2
1
3
17
6
9
1
45
2
10
2
16
1
10
3
44
10
1
2
27
2
12
3
36
9
4
3
1
2
6
3
45
5
1
1
18
2
1
2
31
3
3
1
60
1
2
1
4
1
2
1
30
11
1
1
52
2
3
1
37
2
7
3
35
2
5
3
45
4
9
1
22
2
2
1
68
1
13
2
41
5
13
3
27
6
10
2
27
3
6
3
41
2
11
1
53
1
12
1
23
1
1
1
39
4
6
2
36
5
12
1
8
9
5
3
8
4
1
2
47
3
12
2
44
1
9
1
42
1
13
2
6
2
8
