2
43
2
10
1
2
7
14
1
28
1
10
2
10
1
13
1
41
2
10
1
9
5
13
1
66
3
9
3
5
5
12
2
37
2
9
2
26
3
7
2
2
3
6
3
7
5
11
2
23
2
9
3
63
6
11
2
66
1
7
2
17
3
2
3
11
8
2
1
54
3
1
2
22
1
10
1
32
6
10
3
41
2
3
3
11
18
10
2
34
2
9
3
55
9
5
2
30
2
4
3
67
14
14
1
35
4
6
2
49
1
13
3
8
7
2
2
36
3
1
1
68
3
13
1
40
2
6
2
5
1
3
1
1
2
5
2
43
4
9
1
67
3
8
2
4
3
6
1
38
3
11
3
16
1
13
3
2
4
13
1
29
3
13
2
11
2
4
2
28
3
3
3
8
2
7
2
45
1
9
3
40
4
12
1
35
1
7
1
60
2
9
2
3
3
3
2
15
2
4
2
16
3
7
2
7
1
5
3
37
12
12
3
12
3
9
3
47
3
7
2
33
2
14
2
9
1
3
1
49
1
2
2
38
4
1
2
32
1
13
2
29
1
1
1
14
21
2
3
43
1
3
2
49
4
13
3
42
2
6
1
12
14
6
1
11
3
11
1
53
1
13
1
71
1
4
3
27
8
13
3
25
7
6
2
4
2
11
1
33
2
1
3
49
6
12
3
22
5
6
2
15
3
11
1
16
2
7
1
18
7
7
3
31
8
1
2
55
3
10
3
4
11
3
3
66
6
13
3
17
6
5
2
5
3
1
2
2
2
12
1
42
2
3
2
10
3
2
2
32
3
13
3
65
3
9
3
1
6
1
3
22
1
10
2
54
1
7
3
43
3
3
2
61
3
10
3
29
18
6
3
60
21
11
3
66
3
14
1
63
1
7
3
13
6
14
1
52
2
1
3
33
9
2
3
6
1
11
1
11
11
7
3
71
2
3
1
44
4
13
3
3
9
6
2
63
3
2
1
40
3
5
2
71
3
7
3
53
1
6
3
67
10
7
1
9
13
7
2
6
1
12
1
22
2
10
3
9
22
11
1
18
3
12
3
45
2
1
2
41
4
9
2
18
2
9
3
12
7
6
1
61
3
14
1
49
2
1
1
6
1
8
2
55
1
6
3
71
3
5
3
39
1
7
1
60
1
9
1
15
3
9
3
15
6
4
2
28
2
11
1
3
2
14
1
67
2
6
3
61
7
11
3
28
14
1
2
44
1
4
1
22
1
11
2
11
1
8
3
1
8
13
1
39
3
1
1
55
2
14
3
47
8
3
3
38
7
11
3
34
10
5
1
12
8
14
1
8
7
14
3
32
3
13
3
9
18
9
2
14
2
2
2
8
3
5
1
4
7
8
1
8
13
9
2
40
4
7
1
10
1
3
1
53
2
11
1
45
1
1
2
13
2
7
1
25
3
14
3
26
8
7
3
37
7
5
3
4
21
3
1
54
2
3
1
61
2
11
2
45
4
10
2
1
1
6
3
18
25
12
1
37
1
13
3
68
16
7
1
42
1
9
1
7
5
5
1
6
2
3
2
38
1
4
1
13
2
5
3
60
4
14
1
44
3
6
2
65
3
8
3
44
4
1
1
47
3
3
2
68
3
1
3
23
10
1
3
30
5
3
1
15
4
10
3
14
15
9
2
16
1
8
1
33
8
9
1
27
3
3
2
47
4
14
3
54
2
4
3
29
13
1
2
52
5
2
3
61
10
11
1
34
2
8
1
65
2
7
1
28
2
8
2
25
2
6
2
39
3
8
3
52
1
1
1
2
5
4
1
14
4
4
3
23
13
2
2
18
4
11
1
47
1
4
3
33
22
12
1
45
2
13
1
68
2
7
2
67
2
1
2
22
2
6
2
42
1
8
3
28
4
14
1
17
5
2
1
7
6
9
3
15
16
14
2
35
2
11
3
16
3
11
2
44
4
14
2
68
2
3
3
41
3
7
2
71
2
13
1
32
5
6
3
36
9
7
3
65
11
7
1
52
3
8
2
9
3
5
1
55
1
13
1
17
11
7
2
39
1
13
2
37
3
7
2
13
1
7
1
23
2
1
2
23
3
7
1
16
3
2
3
18
8
5
1
63
2
2
2
26
1
12
3
5
4
12
3
36
2
7
3
2
8
2
2
66
2
3
3
54
1
11
3
42
3
12
2
7
3
1
2
34
1
6
3
26
11
1
1
38
2
12
3
68
8
6
2
53
3
2
1
43
2
13
3
6
6
7
1
10
5
13
3
30
28
12
3
55
12
2
2
14
1
7
2
12
2
2
3
3
6
3
3
35
7
8
1
31
10
1
1
3
5
3
3
31
20
11
2
33
1
11
3
44
3
6
3
40
5
8
3
17
3
9
2
31
3
6
3
39
5
2
2
1
3
9
3
53
6
8
1
39
1
9
1
41
1
11
3
49
2
13
1
5
1
8
2
60
1
13
2
42
4
12
3
7
2
12
2
36
4
12
3
38
1
7
1
37
2
14
1
1
3
2
2
25
3
10
3
27
1
14
2
27
3
13
1
27
1
11
1
4
1
3
2
65
1
7
1
30
8
3
2
61
1
14
1
71
3
14
1
34
10
2
3
25
6
4
1
26
2
14
3
35
3
14
2
35
3
4
3
10
13
5
3
52
13
5
1
31
4
14
2
31
4
5
2
8
2
3
2
54
2
3
2
3
2
11
1
26
3
14
2
40
3
12
1
30
13
11
3
13
1
8
1
13
6
12
2
30
5
2
3
63
1
6
3
10
12
11
1
36
1
8
3
34
3
8
2
60
4
10
2
53
1
5
2
27
2
7
1
23
3
6
2
41
3
5
2
29
3
7
2
52
1
4
2
6
3
5
2
12
3
6
1
5
2
1
2
67
1
14
2
63
1
13
1
65
1
6
1
25
2
14
1
36
2
10
3
32
11
5
3
14
23
8
2
17
2
14
2
47
1
7
3
45
6
9
1
66
1
2
1
29
2
2
1
43
3
10
