2
61
1
14
1
38
1
4
1
2
1
14
2
36
2
6
3
16
2
7
1
22
1
5
1
10
7
1
2
40
2
7
1
8
8
14
2
45
1
1
1
43
3
11
1
17
11
14
3
60
22
10
3
16
7
5
1
44
2
14
2
47
1
2
1
47
2
9
2
67
2
14
2
30
3
5
2
41
3
6
3
49
4
10
2
63
3
11
1
18
14
4
3
25
3
10
2
53
2
1
1
35
2
6
3
25
9
7
3
52
4
1
1
39
3
8
2
4
1
1
2
43
5
1
2
3
2
13
1
41
2
7
2
5
1
14
3
33
9
7
1
52
3
13
2
12
2
12
3
47
2
10
2
30
4
4
2
28
3
8
2
17
2
9
3
42
3
6
1
17
1
2
3
53
5
6
3
34
9
3
3
49
6
7
1
33
3
10
3
4
2
1
1
33
4
13
3
26
12
14
2
29
3
13
1
61
3
11
3
42
4
10
1
42
1
12
1
55
2
2
2
27
2
1
1
31
12
8
1
67
1
4
1
45
1
1
2
65
2
8
2
2
2
2
1
34
7
10
2
47
2
13
2
45
3
13
3
27
14
3
3
12
4
5
3
23
8
2
3
33
6
7
2
68
2
2
3
61
10
10
2
6
3
8
3
3
1
7
3
71
1
11
3
44
10
13
3
4
11
14
2
25
1
11
3
26
3
9
1
6
1
2
1
34
3
4
2
16
3
12
2
44
3
5
3
30
10
5
2
65
4
6
3
43
6
9
1
10
3
14
1
11
8
2
2
60
4
10
3
7
1
14
2
38
4
2
1
16
1
4
2
23
2
3
2
22
3
14
2
33
1
12
3
27
11
6
3
29
5
1
1
41
3
5
1
25
3
1
2
27
1
10
3
23
12
14
3
29
13
6
1
45
2
13
3
13
1
2
1
68
2
7
1
27
1
1
1
63
1
12
1
53
2
5
2
34
1
11
2
67
1
9
3
3
6
4
1
5
2
7
1
65
2
5
2
23
1
13
3
66
4
3
1
23
1
7
1
23
3
6
3
5
5
14
3
13
5
11
3
12
6
11
2
54
2
4
2
35
3
11
3
32
1
7
3
65
1
7
2
5
3
8
2
63
2
7
2
41
5
10
1
71
1
6
1
31
9
12
3
22
12
5
2
66
2
8
3
45
3
8
3
35
3
14
1
40
1
7
1
29
3
12
1
43
1
1
2
26
1
14
3
54
1
4
1
47
1
10
3
1
3
14
1
49
2
3
1
42
2
8
3
61
4
3
2
61
2
13
2
1
1
11
1
53
1
8
2
71
3
3
3
43
8
6
3
47
9
8
3
6
6
1
3
2
4
10
1
60
1
2
1
63
2
13
2
52
4
10
2
18
1
8
2
68
4
5
1
4
5
7
2
40
1
4
3
10
7
6
3
10
11
12
2
8
1
11
1
14
6
2
3
52
18
11
2
32
4
10
3
18
8
2
3
9
7
11
1
3
10
7
2
13
3
5
2
53
3
10
2
11
2
14
3
9
11
11
1
37
1
6
2
15
3
5
2
66
3
9
3
2
7
3
1
30
8
14
2
34
3
4
1
66
3
5
2
52
5
9
2
10
2
13
3
36
3
6
1
32
6
6
2
39
1
10
3
71
2
6
2
11
1
9
2
17
3
8
2
36
3
11
1
27
2
3
1
13
1
1
1
38
2
11
1
13
6
1
1
7
2
8
1
36
1
4
3
63
1
13
1
3
7
14
1
44
4
10
3
17
15
4
2
18
4
11
1
61
1
13
2
3
3
6
2
35
1
3
3
11
17
6
1
7
11
6
3
40
1
5
2
55
3
5
1
39
1
1
1
14
7
5
3
55
9
10
3
31
17
10
3
60
25
3
2
33
2
3
1
6
2
6
3
5
1
5
3
38
2
1
2
29
1
3
2
32
3
11
1
49
1
8
2
37
2
1
1
28
1
3
1
28
3
11
1
66
2
7
3
67
24
7
1
15
3
10
2
12
3
6
1
37
2
6
2
10
1
6
3
22
3
2
3
6
5
7
3
63
11
7
2
26
4
6
2
14
2
5
2
16
2
2
2
2
3
9
2
43
1
10
1
54
2
4
3
66
6
10
2
38
1
8
3
7
4
12
2
60
1
8
1
1
3
13
3
32
3
13
1
25
2
14
2
31
2
6
3
55
16
2
2
25
3
1
2
1
3
9
1
60
2
5
1
71
3
2
1
40
2
2
3
28
16
3
1
54
3
1
1
29
2
1
3
68
8
1
3
45
6
7
3
14
4
14
2
42
2
14
3
36
11
5
3
41
2
6
3
37
7
3
2
9
2
1
1
22
2
6
1
4
2
9
3
15
8
1
2
22
2
7
1
35
3
14
1
9
2
8
1
18
1
12
2
37
3
14
3
67
8
2
2
31
5
14
3
8
13
12
2
9
1
5
3
35
7
3
3
1
1
4
1
36
3
1
3
18
17
13
3
44
5
8
2
8
2
12
1
52
1
9
1
67
3
2
3
53
3
5
3
54
2
4
2
49
2
5
2
4
3
10
3
38
7
9
1
2
6
7
1
16
4
5
1
15
1
7
1
32
7
5
2
13
1
13
3
37
10
9
2
44
4
3
3
65
4
6
3
39
4
9
3
15
17
4
3
31
9
11
1
5
1
7
3
8
14
6
2
39
2
3
1
11
6
3
2
71
2
4
2
49
1
10
3
14
14
9
1
68
3
14
3
34
4
11
1
8
17
14
2
14
1
6
1
1
2
14
3
17
3
8
1
30
15
5
2
7
1
13
2
15
2
8
2
6
2
1
1
26
1
12
1
55
1
12
1
12
12
6
2
42
3
8
1
12
1
2
3
68
4
4
1
65
1
11
3
11
20
7
2
54
1
8
2
7
2
14
1
26
2
4
3
28
13
3
3
30
21
1
3
41
1
12
2
55
2
2
2
28
1
9
1
9
12
3
3
39
7
5
3
40
4
13
