1
27
2
10
3
29
10
14
1
15
1
1
3
3
8
8
2
44
4
4
3
71
3
2
1
43
1
14
1
66
1
6
2
34
3
11
2
5
2
13
3
12
1
12
1
34
9
11
2
37
2
13
1
13
4
2
2
71
3
1
2
38
4
1
2
42
3
3
1
49
1
2
3
40
5
14
3
39
6
1
2
7
3
8
3
3
2
13
2
22
1
8
1
68
3
14
1
15
5
8
2
43
4
2
1
13
2
11
2
29
2
14
1
6
1
4
2
41
4
1
2
7
2
11
2
18
1
12
1
71
3
9
2
29
3
2
2
17
2
14
2
17
3
6
3
63
8
14
1
66
3
1
1
35
4
12
3
40
4
2
2
33
3
3
3
30
7
7
1
9
11
12
1
40
2
13
1
30
13
12
2
10
1
13
1
55
2
8
2
3
1
6
1
68
1
4
1
1
1
6
3
32
9
5
1
63
2
10
1
37
2
3
3
5
3
3
2
47
2
3
2
61
3
9
2
35
2
9
1
67
1
1
3
13
9
10
1
61
3
8
1
55
1
11
2
26
1
7
1
8
8
6
3
11
13
11
1
2
5
1
1
14
13
13
3
35
6
9
2
23
3
7
2
14
1
7
2
38
2
1
3
12
6
4
2
68
2
4
2
60
1
11
1
11
7
10
1
67
3
7
3
4
23
2
1
23
2
9
3
42
4
1
1
12
14
14
3
1
8
14
3
36
7
12
3
47
2
12
1
17
4
4
3
16
5
5
3
9
24
2
1
9
3
3
3
36
3
3
2
39
1
1
1
32
2
12
3
54
2
10
2
9
3
3
3
28
1
3
3
49
2
10
1
31
18
2
2
11
2
14
1
47
1
12
3
2
5
9
3
44
3
5
1
54
1
14
2
63
3
2
2
16
2
14
3
34
3
1
3
34
4
4
1
26
1
3
1
31
7
4
2
60
2
6
2
36
2
6
3
30
1
1
3
17
4
3
3
7
1
1
1
29
1
14
3
11
5
8
2
43
1
5
3
44
1
4
2
39
4
14
2
63
1
6
1
33
7
9
1
34
7
1
2
52
4
11
3
37
8
5
3
55
3
2
1
45
2
12
1
44
4
10
3
33
17
8
3
65
8
1
2
1
1
12
3
5
5
10
1
38
2
13
3
66
9
1
2
16
3
3
1
37
1
14
3
27
1
1
3
22
2
13
2
65
1
10
2
36
4
9
2
42
2
10
1
53
1
1
2
66
2
5
3
66
2
2
1
25
1
5
1
3
10
4
2
44
5
4
3
52
16
9
1
52
1
7
3
60
12
3
1
22
1
2
3
67
13
9
1
10
6
11
3
60
9
9
2
66
1
10
3
6
3
13
1
39
1
5
3
2
9
7
3
43
4
10
1
14
1
14
3
10
11
8
3
65
3
14
1
4
3
13
2
40
4
11
3
29
1
12
1
60
2
10
1
65
2
1
1
7
10
7
2
12
3
13
3
10
6
11
3
8
1
14
2
31
1
4
3
61
7
12
3
38
8
13
1
71
2
9
3
32
8
11
1
16
7
8
3
17
11
6
1
26
3
6
1
17
15
12
1
36
1
1
3
28
16
1
2
9
1
12
3
27
4
2
3
31
18
13
1
42
2
4
2
18
3
12
3
14
16
12
3
7
3
1
1
8
1
5
1
41
3
1
1
54
3
1
1
63
1
4
2
55
3
13
3
52
6
3
2
23
2
2
2
3
2
7
3
39
2
8
1
47
2
4
2
14
3
6
1
1
2
5
3
4
18
9
2
2
3
10
2
12
2
11
1
18
5
9
2
8
2
3
3
61
6
3
3
54
1
12
3
45
1
14
2
49
1
13
1
22
2
1
2
47
4
3
1
5
2
14
1
12
17
12
2
4
1
5
1
32
6
8
2
61
2
4
3
16
4
2
3
37
7
2
1
43
2
3
1
45
1
14
3
43
8
9
2
4
3
8
2
52
6
4
3
71
4
2
2
71
1
7
1
2
6
3
3
35
4
12
2
1
2
13
2
45
2
11
1
35
3
7
2
32
1
10
1
4
4
6
2
27
2
3
3
38
12
6
2
5
1
9
2
55
1
14
2
31
4
4
1
65
1
10
3
25
5
6
1
39
3
4
3
45
4
14
2
6
2
4
3
55
16
14
2
41
2
10
2
8
3
3
2
26
2
5
3
8
18
9
2
49
3
13
1
18
9
14
2
67
1
11
1
44
3
8
1
53
2
14
2
65
3
10
2
10
2
13
3
26
1
6
1
30
5
8
3
15
10
8
3
41
4
3
1
3
4
11
1
10
3
10
3
13
8
6
1
23
3
14
2
28
1
10
2
13
3
9
3
23
2
7
1
7
6
11
3
31
5
2
2
15
1
14
2
40
3
1
3
9
19
9
2
28
3
13
3
23
18
11
1
49
2
1
3
33
9
12
3
18
3
14
2
35
3
14
3
25
7
6
2
30
4
6
1
38
1
9
3
67
23
3
1
40
1
5
3
18
2
11
3
49
6
10
1
42
1
6
2
30
5
6
3
22
10
14
1
28
3
2
3
42
3
11
2
22
3
13
2
15
3
4
1
5
1
10
3
14
7
6
1
27
1
8
2
67
2
10
3
53
4
8
2
68
3
8
1
60
1
11
2
32
4
2
3
68
8
10
2
11
1
12
1
61
1
5
1
33
3
6
2
53
3
2
1
29
3
6
3
47
1
8
1
52
2
5
1
6
2
3
2
25
2
2
2
25
1
9
2
53
2
6
2
54
2
4
3
53
3
10
3
63
9
2
2
2
1
12
1
25
2
6
3
6
5
12
1
11
10
8
1
41
2
5
1
16
4
4
2
34
1
11
2
13
2
13
3
41
3
12
2
27
1
9
2
37
4
12
2
6
3
9
3
1
5
14
2
54
1
11
3
68
12
8
1
28
2
5
3
26
4
14
1
36
3
9
2
45
1
9
3
15
4
4
2
33
2
10
