2
32
1
10
1
10
5
9
3
35
6
12
1
61
1
1
3
66
3
14
2
2
1
1
3
47
6
1
1
32
7
1
3
28
11
1
1
3
2
7
3
36
11
3
1
28
1
10
1
66
3
13
3
29
19
1
2
16
1
14
2
13
2
9
1
18
14
3
2
8
2
1
1
63
2
8
2
9
2
3
3
10
11
12
3
65
16
1
2
40
3
10
1
31
18
12
3
16
7
1
3
53
7
7
1
65
1
5
1
29
2
6
1
27
3
10
3
32
8
2
3
45
7
10
3
38
11
1
2
28
3
6
1
11
8
10
2
39
4
13
3
66
5
5
1
35
3
1
2
45
3
5
3
23
6
7
3
68
10
9
2
61
1
6
1
6
2
5
2
31
4
12
1
3
7
2
3
26
7
7
1
10
1
11
2
49
1
3
3
12
4
14
3
7
2
1
1
45
2
9
1
9
2
9
1
23
2
9
2
44
3
12
1
7
10
11
2
14
3
3
3
31
11
2
1
43
1
9
1
9
14
6
1
34
4
6
3
25
7
9
1
67
1
10
3
7
4
4
1
38
2
1
2
1
1
4
1
5
2
1
1
42
2
13
3
11
4
3
3
39
9
4
1
6
1
3
2
68
2
5
2
60
4
4
3
22
12
12
2
41
3
10
3
43
7
14
3
33
23
13
1
49
1
13
2
10
3
1
2
1
3
3
1
2
1
10
1
7
5
5
2
42
4
8
1
42
1
5
2
49
2
13
3
17
13
5
2
54
1
6
3
27
9
7
1
12
3
8
2
16
3
1
1
54
1
6
3
71
5
3
1
33
3
2
1
28
2
1
3
29
17
5
3
52
17
8
2
14
1
4
1
68
1
8
2
43
1
10
3
41
3
7
3
55
9
12
1
27
2
4
2
66
2
12
3
53
6
4
3
4
24
4
3
8
7
9
3
67
20
11
2
29
1
3
2
41
2
12
3
35
7
11
3
49
2
1
1
30
13
3
3
45
4
9
3
16
3
5
2
3
2
6
1
11
11
10
2
71
2
8
2
7
3
7
2
63
2
11
1
47
3
12
2
8
1
13
1
37
1
5
3
42
1
1
3
2
12
10
2
31
1
13
1
26
2
4
2
23
2
6
1
63
1
5
1
68
3
11
2
32
4
1
2
5
3
14
2
36
4
8
3
12
5
10
3
37
1
8
1
13
7
2
1
66
1
12
3
39
1
7
1
14
14
1
1
52
1
11
3
31
13
1
1
35
4
12
3
60
17
11
1
47
1
1
1
41
2
11
2
26
2
7
2
53
1
7
1
61
3
14
1
13
3
13
1
4
6
3
3
5
2
9
3
3
9
12
1
17
12
8
2
4
2
2
3
36
13
12
2
29
2
10
3
8
4
11
1
12
14
4
3
63
12
12
3
55
1
14
2
43
2
9
2
65
3
2
2
3
3
9
1
43
2
12
2
33
3
1
3
40
2
9
1
34
7
4
3
17
10
1
1
1
1
5
2
67
2
11
1
65
2
6
1
39
3
11
2
30
4
11
1
60
2
6
1
22
3
6
2
44
5
1
2
27
2
10
2
47
4
10
1
2
7
3
2
34
1
11
1
71
2
8
3
60
28
2
1
33
5
3
2
17
2
14
1
36
1
14
2
54
2
6
1
44
4
11
3
40
5
7
3
61
2
7
3
14
7
13
1
32
5
4
1
5
1
7
3
41
1
6
2
7
1
6
1
30
3
7
2
68
3
6
1
60
1
8
2
66
3
3
3
4
6
4
2
34
2
3
1
53
2
13
3
23
14
9
2
5
1
12
3
37
5
14
3
18
3
7
3
13
6
9
2
61
2
5
3
28
7
6
2
4
3
4
3
1
6
11
2
60
3
12
3
71
4
14
2
28
1
13
1
4
1
11
3
33
12
8
2
11
2
12
2
37
3
8
1
16
6
10
2
25
1
5
3
11
18
8
2
2
3
4
1
1
3
1
2
38
1
7
2
11
3
6
3
68
13
14
1
29
1
10
2
55
3
6
2
25
2
8
2
15
1
6
3
1
2
11
3
34
9
8
2
22
1
1
2
6
1
12
2
52
1
7
3
61
9
3
2
9
1
7
3
49
1
3
3
30
13
10
1
67
3
10
1
16
2
14
1
45
1
5
3
5
3
3
2
27
1
4
3
32
6
2
2
33
2
9
2
12
2
4
2
26
4
2
3
34
10
5
2
38
3
3
3
10
13
11
2
18
3
7
3
2
5
14
3
54
2
8
2
13
1
5
3
6
5
7
3
15
13
6
3
30
15
5
2
53
2
13
1
25
1
7
1
15
3
8
3
65
13
14
1
17
6
7
3
63
10
9
3
6
2
7
3
54
1
11
3
25
6
2
3
26
10
3
3
22
9
11
1
31
8
7
1
14
21
7
2
39
2
9
3
27
11
1
1
40
3
6
3
9
18
11
2
37
2
12
1
55
1
1
2
71
3
4
2
15
3
1
3
42
2
14
1
40
1
10
3
47
5
5
1
15
1
3
2
36
5
5
2
30
5
4
1
52
3
6
1
8
15
1
1
44
2
11
2
52
6
7
2
6
3
11
1
37
2
9
2
67
1
6
2
18
4
9
3
15
9
3
1
71
3
13
2
10
2
11
1
26
1
7
1
38
1
10
1
55
2
1
1
53
1
1
3
14
24
12
1
8
4
3
2
17
3
8
1
39
2
2
2
35
1
2
1
41
3
3
3
18
16
9
1
36
2
3
2
35
3
8
1
22
2
4
2
22
3
9
3
52
15
3
3
9
10
2
1
49
2
11
3
13
2
7
2
23
1
10
2
55
1
10
2
42
1
14
1
23
1
12
2
45
4
7
2
65
4
6
3
3
2
3
3
44
5
10
2
40
4
8
3
38
12
2
3
67
7
3
2
63
1
9
3
43
8
7
1
54
2
13
3
44
1
9
1
25
2
12
2
12
1
6
1
18
12
14
2
47
1
2
