2
42
2
14
2
36
3
3
2
14
1
5
1
60
1
10
1
5
2
6
1
44
4
12
3
29
14
10
1
34
11
2
2
22
2
7
2
2
3
1
2
17
3
9
2
29
3
9
2
47
1
10
1
66
1
9
1
37
1
6
2
41
3
6
1
40
2
14
2
68
2
8
1
1
3
10
3
3
5
3
2
55
3
12
1
12
16
8
3
10
6
8
3
27
3
10
3
61
3
2
2
25
3
2
1
25
1
3
3
17
7
4
3
5
5
3
2
17
1
8
2
35
3
12
3
47
9
8
1
67
2
14
3
66
1
12
2
33
3
3
3
36
10
11
3
65
6
1
3
71
5
11
3
47
5
4
3
13
7
7
3
67
27
4
2
33
1
11
2
4
1
10
1
38
1
5
3
10
8
7
2
60
3
5
1
33
8
11
3
34
5
8
2
36
1
14
1
5
1
11
2
66
1
7
1
33
1
14
3
13
9
11
1
66
3
1
1
52
2
12
3
2
8
13
3
42
4
6
2
38
3
4
3
63
12
2
3
23
10
9
1
26
1
4
1
23
1
8
2
37
4
8
3
40
2
10
2
38
5
10
3
12
2
1
1
13
1
6
3
38
6
9
3
40
5
7
1
29
3
9
3
68
14
13
3
8
5
14
3
54
1
12
3
25
9
9
3
53
4
3
3
30
16
2
1
49
1
9
2
12
1
1
1
63
2
9
2
4
2
8
2
13
2
7
1
18
11
3
1
35
1
5
2
37
1
8
1
52
3
4
2
71
2
2
3
26
6
10
2
7
2
11
1
41
2
9
2
10
3
6
2
2
2
4
2
43
5
9
3
35
5
6
2
34
2
9
2
63
2
5
3
41
4
3
2
63
3
14
3
8
10
6
1
11
6
11
2
5
1
4
2
40
2
9
3
37
7
14
1
22
1
6
3
54
2
8
3
7
4
5
3
16
7
4
2
31
5
10
3
18
7
1
3
66
2
12
2
71
3
12
1
49
2
13
1
68
3
14
1
53
1
7
2
6
3
8
1
61
1
12
1
35
2
10
1
31
4
8
2
39
1
12
1
13
5
10
1
28
1
6
3
4
17
8
1
42
1
6
2
43
4
5
2
44
3
5
1
55
1
9
3
15
1
13
2
67
1
1
1
68
2
2
2
12
3
10
1
29
2
10
2
65
2
1
2
65
4
3
2
54
2
6
1
26
3
4
2
23
1
2
2
53
1
7
3
11
18
6
2
28
1
11
3
37
3
7
1
4
1
11
2
11
2
11
2
55
1
14
3
7
2
11
1
17
14
1
2
16
2
9
1
67
3
12
3
16
4
4
2
15
2
11
2
5
3
4
2
1
2
10
1
42
2
1
1
34
1
1
3
32
12
9
3
1
1
7
2
18
1
8
3
26
5
5
1
38
3
13
2
15
3
12
3
32
3
13
2
27
1
5
3
52
6
10
3
71
4
14
1
43
3
4
2
60
2
13
1
8
15
4
1
45
1
3
3
1
6
6
3
4
26
13
2
22
1
12
3
44
8
12
1
44
1
3
2
52
2
1
3
33
22
3
2
11
3
4
1
17
5
9
2
23
2
3
2
32
4
3
1
47
3
4
3
6
5
6
3
44
9
2
3
39
10
5
1
3
4
8
1
43
2
7
2
3
2
13
2
6
2
3
1
14
3
14
2
13
3
12
2
16
3
10
1
18
3
6
2
3
1
5
3
28
2
6
1
10
2
4
1
15
1
11
3
67
37
14
1
54
1
11
3
11
21
1
3
25
4
9
3
60
8
10
3
30
26
13
2
31
2
1
2
41
2
5
1
45
2
10
1
53
2
6
3
65
2
7
2
14
3
8
3
52
13
7
1
39
2
6
3
2
12
5
3
27
5
8
1
2
1
6
2
7
1
9
2
40
3
6
2
61
2
14
2
35
1
1
3
55
14
8
2
52
6
11
1
16
2
3
1
60
2
13
1
15
4
1
1
16
7
5
1
65
2
2
1
3
3
8
2
39
3
1
1
37
2
11
2
30
2
7
2
9
1
1
2
61
1
9
2
28
2
6
2
49
4
1
3
43
7
4
3
29
19
6
3
9
32
3
3
49
5
12
3
43
3
12
1
22
2
7
1
71
3
14
2
49
3
4
1
61
2
1
2
8
2
7
2
10
1
12
2
8
3
2
1
6
2
6
1
30
19
12
3
45
4
5
2
32
3
4
1
23
3
7
3
68
15
14
2
44
2
12
3
22
8
2
1
54
2
14
1
12
18
11
3
63
6
11
1
40
3
2
1
41
1
5
3
61
7
1
3
39
1
13
2
68
4
10
3
28
11
1
2
27
2
14
3
49
4
2
2
45
1
3
1
71
1
1
1
27
2
10
1
4
7
1
1
2
3
14
3
5
2
1
3
3
4
6
2
67
2
6
3
31
10
8
2
9
2
2
3
15
4
5
2
26
2
4
1
28
3
6
1
30
7
1
2
1
1
2
1
1
1
7
1
31
18
11
3
17
8
3
1
47
1
10
1
36
2
1
3
53
5
13
2
47
3
8
1
55
2
2
3
34
10
7
1
36
1
5
3
9
10
7
3
33
16
9
2
53
2
6
3
60
22
4
2
29
2
12
3
38
11
10
3
31
12
1
2
54
1
7
3
18
12
8
3
45
6
14
3
36
15
4
1
25
3
2
3
14
22
7
2
42
3
2
1
6
1
12
3
22
7
7
2
18
4
1
1
14
21
9
3
12
6
13
3
55
4
6
3
41
2
2
1
8
1
11
2
45
2
6
1
39
4
11
1
9
8
7
1
65
1
5
1
32
3
1
1
10
4
13
1
7
10
5
3
23
5
11
2
66
3
10
2
26
4
6
3
42
2
2
3
6
6
14
3
35
7
4
1
32
4
7
1
63
1
6
2
34
3
8
3
14
16
4
2
25
2
12
2
30
4
12
1
27
1
6
1
9
5
2
1
11
4
4
1
7
6
6
