1
35
3
3
1
13
3
3
1
15
1
2
1
1
1
2
2
55
2
5
1
55
1
12
2
5
2
3
1
39
4
12
2
44
1
14
3
35
8
11
2
68
3
10
1
9
11
3
2
35
3
4
3
15
13
6
3
49
5
7
2
38
3
3
1
1
2
2
2
63
3
11
3
10
7
6
1
11
6
14
3
33
6
7
1
14
4
14
3
42
4
5
2
41
5
13
1
43
1
14
3
29
2
4
2
67
2
8
2
15
1
10
2
40
3
6
2
61
1
13
1
36
3
4
1
44
4
5
2
32
3
11
1
29
3
2
2
67
1
6
3
6
6
5
1
52
2
9
2
23
2
8
2
53
3
14
3
47
8
8
2
54
2
5
3
44
10
2
2
30
1
3
2
31
4
14
3
38
4
3
1
12
7
9
3
31
12
9
2
3
3
13
2
40
4
3
1
2
6
7
3
10
26
2
2
17
1
13
1
16
4
10
3
23
3
10
1
8
13
14
2
9
3
10
2
13
3
14
2
37
2
3
3
41
4
7
2
52
2
6
3
55
11
2
2
29
2
3
2
6
2
2
1
60
2
13
2
36
4
6
3
40
1
12
2
60
1
7
1
67
3
13
3
36
12
8
1
30
14
13
2
38
4
10
3
71
1
2
1
18
4
1
3
40
5
4
1
14
22
6
1
41
2
11
3
34
8
12
3
27
7
13
1
15
3
3
2
60
3
10
3
3
3
8
2
11
3
5
2
22
3
3
1
5
2
3
3
4
12
14
1
17
8
14
2
31
2
6
3
65
3
6
3
11
23
14
1
43
2
1
3
28
14
7
3
66
1
14
1
67
1
3
1
34
10
10
3
37
12
2
1
16
7
4
1
66
3
12
1
7
5
9
3
53
7
12
3
45
4
8
3
61
2
3
2
71
3
1
3
35
5
4
1
40
2
9
2
36
2
3
2
12
1
3
3
12
2
12
2
30
2
13
1
6
1
11
2
39
3
13
3
63
8
1
3
41
3
2
2
54
1
14
3
7
1
1
3
9
18
4
2
53
2
9
3
1
3
14
1
53
1
14
1
61
1
6
3
5
2
13
2
32
2
5
2
34
3
3
1
2
2
5
1
9
6
6
1
33
7
9
1
39
2
6
3
27
6
2
3
18
11
11
1
6
2
5
3
39
7
9
2
4
2
12
2
61
3
11
3
23
16
7
3
16
3
1
3
61
10
14
1
45
2
8
2
26
3
12
2
33
1
11
3
6
2
1
3
68
7
1
1
27
1
13
2
25
3
12
3
2
5
12
3
43
3
1
1
45
1
4
2
25
2
11
2
23
1
4
2
3
2
11
3
32
5
6
2
63
1
14
3
68
9
4
2
10
2
10
1
27
3
2
3
5
4
6
2
29
1
6
2
1
2
7
1
4
7
5
2
45
3
12
1
36
1
6
3
66
7
13
2
52
6
8
1
44
3
12
1
3
2
11
1
61
2
13
2
22
1
1
2
37
4
9
2
18
2
12
3
65
6
14
1
42
2
10
1
40
3
8
1
38
3
4
1
29
2
1
3
52
10
2
1
28
3
1
1
10
6
2
3
43
8
2
1
25
1
8
1
28
1
6
2
65
4
5
1
52
3
2
2
47
2
11
2
27
2
12
3
54
1
6
3
47
3
2
2
15
3
9
3
44
2
13
1
49
2
14
3
17
5
13
1
63
2
4
3
42
3
13
2
35
2
11
2
26
1
3
3
29
1
1
3
55
8
4
3
15
5
6
2
49
2
7
3
9
3
7
1
55
2
13
3
60
4
4
2
65
3
12
3
11
13
14
1
65
2
6
1
47
2
4
3
33
8
5
1
8
1
1
3
30
8
3
3
7
4
1
2
71
2
9
3
4
5
10
2
8
2
3
1
41
3
1
1
3
8
11
1
31
18
6
3
32
8
1
1
7
6
7
3
38
11
7
1
47
1
5
3
34
5
9
3
8
19
14
2
66
3
13
3
30
28
7
2
2
3
8
2
4
3
8
1
5
1
10
2
68
4
14
2
12
2
7
3
49
7
8
1
31
13
5
1
23
2
8
1
66
1
2
1
60
1
7
3
26
10
11
3
3
8
12
2
27
3
6
3
45
6
1
2
41
3
7
2
28
2
11
1
11
2
6
1
54
2
1
2
14
1
3
2
1
3
11
1
22
2
12
3
67
2
8
3
39
8
6
1
4
6
2
2
45
2
8
1
26
3
8
3
67
22
4
1
32
5
4
1
71
2
9
2
7
2
3
3
26
6
7
3
13
7
6
3
17
8
1
3
53
5
5
1
12
16
5
1
13
6
12
1
32
7
1
1
34
1
3
2
34
1
3
3
16
6
8
2
13
2
2
3
25
5
14
2
16
2
1
1
23
1
5
2
39
2
1
3
22
9
6
2
10
3
7
2
11
1
3
1
18
11
13
1
22
3
5
1
35
2
12
2
49
1
14
1
30
2
14
2
6
3
1
3
8
3
8
2
44
3
9
3
54
2
8
2
55
1
3
2
17
2
6
2
42
4
6
1
26
2
7
1
54
1
5
1
25
2
5
2
66
2
6
2
43
5
4
2
18
3
14
1
42
1
9
3
37
7
12
2
28
1
10
3
31
16
10
1
71
1
4
3
63
3
1
2
8
1
6
3
25
8
2
1
37
2
10
2
47
4
2
2
16
1
3
2
5
3
8
3
18
12
1
3
36
2
8
1
49
1
3
3
22
7
13
1
68
2
1
3
60
11
4
3
14
11
1
2
7
3
12
2
2
1
14
3
14
2
6
1
38
1
9
3
12
5
5
3
52
11
3
2
43
4
3
1
37
1
14
2
9
1
13
2
33
3
3
1
33
5
6
1
10
5
1
3
13
6
1
3
2
7
6
2
42
3
13
3
28
12
8
3
71
2
9
2
14
2
4
1
63
1
7
1
17
4
3
3
1
9
14
1
53
2
2
1
68
3
5
1
65
1
13
