2
23
1
14
1
65
2
8
1
30
14
12
1
2
1
7
3
41
1
13
3
7
5
1
1
36
2
4
1
12
16
11
1
16
4
3
3
25
4
2
1
7
10
10
2
34
3
4
3
40
1
11
1
33
1
7
3
29
17
7
2
63
2
12
3
63
9
10
2
3
2
10
3
33
24
2
3
12
1
10
1
11
2
5
3
15
12
11
2
1
3
1
3
5
2
6
2
38
3
4
3
36
6
9
2
66
3
4
3
49
5
12
3
14
26
2
3
4
5
5
1
5
2
10
3
38
6
6
2
9
3
11
3
31
11
10
1
7
1
12
1
6
1
2
1
37
1
14
1
8
8
9
1
9
3
12
2
5
3
12
2
22
1
9
1
49
1
12
1
41
1
9
2
14
1
13
3
30
7
7
3
67
2
3
2
36
3
3
3
39
2
7
1
22
3
10
3
68
11
8
3
5
5
9
1
29
2
3
3
65
11
9
2
25
3
13
3
17
12
14
2
31
1
8
3
10
26
8
2
18
4
11
2
60
1
9
1
44
3
9
3
13
3
9
3
38
5
7
3
39
1
6
1
49
2
7
1
60
1
7
2
15
2
11
1
27
3
5
3
16
1
6
2
45
2
4
3
2
2
3
3
32
9
8
1
38
2
5
2
16
3
2
3
65
1
13
1
23
3
11
2
65
4
12
2
47
3
3
3
42
1
14
2
61
3
12
2
39
1
14
2
45
1
3
3
54
2
7
2
11
2
2
2
68
4
2
3
8
12
13
2
7
1
8
2
22
3
13
1
31
16
3
3
53
8
2
3
71
4
1
2
53
3
6
1
26
3
13
2
28
3
11
3
55
14
4
1
25
3
11
2
52
1
8
3
45
4
3
2
27
2
14
1
71
3
13
3
14
25
6
3
7
3
4
1
52
2
10
2
44
4
3
2
23
3
1
1
32
1
9
1
43
3
5
3
25
2
10
3
61
9
2
3
27
12
1
1
15
2
4
2
3
1
8
3
61
6
4
1
35
3
12
3
36
10
6
3
37
8
7
1
28
3
7
1
13
6
1
1
40
1
13
3
37
5
7
1
66
3
3
3
22
7
2
3
30
23
6
3
6
3
5
1
53
1
2
2
44
1
13
2
12
1
9
2
7
3
8
1
71
1
13
1
18
7
8
1
65
1
7
1
37
2
11
3
6
4
9
2
2
3
12
3
18
14
9
1
42
1
7
2
6
2
9
2
34
2
14
2
30
5
13
1
14
21
12
1
47
1
5
3
66
5
1
3
35
6
4
2
54
1
10
3
60
22
5
1
15
3
4
1
39
1
7
2
53
1
4
2
63
3
6
1
63
2
3
3
9
25
8
2
33
3
2
1
67
2
14
3
4
24
5
3
43
8
13
2
35
3
14
3
2
4
5
3
40
4
8
1
6
2
3
1
11
1
5
3
29
15
2
3
44
2
7
1
4
4
6
2
67
2
2
1
10
4
12
3
34
2
8
1
17
7
1
3
47
4
12
1
43
1
2
3
8
10
2
1
35
2
10
2
30
1
11
1
66
1
11
1
1
1
11
3
52
11
14
2
17
3
12
2
8
1
13
3
28
8
2
2
17
2
6
2
37
2
7
3
31
21
14
2
55
1
7
3
49
2
10
2
26
1
11
1
16
7
9
3
67
14
3
2
47
1
13
3
16
2
13
2
40
3
2
2
32
4
14
1
68
2
6
1
3
3
4
1
26
1
1
3
41
4
6
3
11
23
6
2
2
2
1
1
60
2
10
2
43
1
3
3
10
11
13
3
13
2
3
2
25
2
10
2
4
1
11
3
53
5
10
2
11
1
11
3
43
6
8
1
5
1
9
3
71
3
14
2
9
1
7
1
68
3
14
2
35
2
11
1
17
3
8
1
9
8
5
1
23
2
12
2
42
2
4
2
10
3
5
1
52
1
10
1
45
1
12
1
34
9
13
1
67
1
3
3
12
3
12
1
47
2
13
2
41
3
6
2
4
3
9
2
27
3
10
3
3
1
10
2
66
2
7
1
27
2
7
3
1
3
13
1
55
2
11
1
40
2
13
2
29
3
7
2
55
3
14
1
2
6
5
1
32
3
6
3
17
3
1
2
49
2
13
3
60
20
1
1
31
6
5
1
3
10
4
1
39
4
10
1
36
3
1
1
61
3
8
3
34
7
5
3
15
9
12
1
30
17
8
2
43
5
6
1
8
15
10
2
18
1
6
2
60
2
6
2
52
5
5
2
68
1
11
2
29
1
11
1
28
2
11
3
35
1
14
2
6
3
4
2
5
1
11
1
63
1
1
1
54
3
13
2
41
1
7
2
8
2
12
3
32
3
2
3
23
15
3
3
42
3
8
1
14
22
5
1
45
2
9
3
47
9
12
3
26
4
2
1
22
1
4
3
1
9
11
2
37
3
7
3
28
4
5
1
1
3
12
2
42
4
5
3
54
1
4
2
38
2
8
2
14
3
7
1
42
2
5
2
32
1
3
1
61
2
7
1
18
3
13
1
4
2
12
2
61
2
4
1
29
1
5
3
23
2
5
3
11
20
14
3
3
2
12
2
12
3
7
3
33
3
2
1
54
2
1
3
63
3
8
2
1
1
7
3
26
2
10
1
33
4
1
2
28
1
12
1
41
2
5
2
36
2
3
2
39
2
9
2
16
2
11
1
53
2
8
3
44
3
5
3
22
12
6
2
54
2
6
2
71
1
4
2
13
3
13
1
25
2
8
1
44
2
9
1
55
1
1
2
31
3
14
2
33
1
2
3
27
16
2
3
66
4
11
2
67
1
13
2
10
1
13
1
12
5
4
2
71
2
3
3
68
12
1
1
13
1
13
2
49
4
2
3
18
6
5
2
40
1
14
1
34
10
7
1
38
3
2
3
55
12
13
2
15
1
7
1
10
3
2
2
65
2
3
3
52
17
8
3
9
15
4
3
45
1
9
2
26
3
3
2
13
2
5
