1
52
1
6
3
39
9
11
2
41
1
10
1
5
1
1
3
34
2
11
1
10
7
7
1
66
1
14
1
43
1
10
3
66
9
4
3
34
7
4
1
29
3
2
3
38
2
13
2
35
2
12
3
6
6
2
1
52
3
3
1
54
3
5
3
4
22
7
3
17
9
7
1
23
2
12
3
10
10
6
1
4
1
14
1
65
1
6
2
36
3
9
2
71
2
13
3
3
9
4
3
38
9
7
2
52
3
11
3
47
1
7
1
3
6
9
2
25
2
12
2
6
2
7
2
41
4
10
2
14
3
9
1
37
2
9
3
28
7
14
3
17
12
10
3
42
4
1
3
45
1
9
3
47
3
11
1
39
4
14
1
68
1
11
3
54
1
11
2
6
1
14
2
65
4
14
2
33
2
7
3
53
2
5
1
60
1
6
1
11
8
1
1
42
1
4
1
61
1
8
1
36
1
7
2
61
2
14
2
29
1
3
1
41
3
8
1
45
1
11
2
39
1
11
2
13
3
10
3
55
12
3
3
60
27
14
3
7
1
8
3
53
3
14
3
37
1
14
1
38
1
8
2
43
4
11
3
9
10
14
1
1
2
6
2
13
1
13
2
28
1
1
2
47
3
11
1
8
10
14
3
28
2
13
3
55
9
1
1
2
7
3
1
1
1
8
1
67
1
1
2
68
4
11
3
27
16
4
3
29
8
2
2
15
1
5
2
26
4
2
3
61
3
4
2
54
2
2
1
61
2
14
2
8
2
12
1
71
3
4
1
17
3
14
2
54
1
3
2
30
4
6
1
65
2
11
3
60
8
7
1
63
1
2
2
49
4
4
2
66
3
9
2
60
2
8
2
45
3
13
3
13
6
7
1
12
9
14
3
22
8
4
3
43
2
12
1
35
2
1
1
33
1
5
1
25
2
4
2
12
3
5
2
9
3
8
1
2
4
1
1
4
8
2
3
18
12
11
3
2
6
7
3
31
9
12
1
63
2
13
1
17
13
12
2
8
1
6
2
63
1
10
1
12
5
7
1
39
3
1
2
16
2
14
3
26
12
9
2
1
1
8
1
54
2
13
2
63
2
4
3
37
4
2
1
55
2
10
3
30
14
11
2
22
3
9
3
14
20
4
1
26
2
5
1
30
14
9
1
13
1
10
1
3
4
12
1
14
5
2
1
29
2
9
3
71
1
11
2
11
3
4
3
71
4
5
2
53
2
11
2
65
2
11
1
38
2
9
2
61
1
8
1
68
3
7
1
55
1
5
1
43
2
11
2
71
1
13
1
28
3
11
2
40
4
13
1
67
3
4
3
41
1
9
2
25
1
11
2
18
2
14
1
7
3
2
1
30
17
2
2
30
1
7
2
37
1
5
1
13
5
9
3
4
7
9
2
37
3
14
1
18
13
9
2
67
1
3
3
23
16
11
1
15
1
1
2
66
1
8
1
22
2
11
2
2
2
8
3
40
5
2
1
34
3
4
3
40
1
13
1
8
12
12
3
68
8
8
3
26
5
4
2
55
1
12
3
54
2
11
3
41
4
14
1
44
1
14
3
1
7
8
2
15
3
6
3
52
10
14
2
34
1
6
2
3
2
11
1
40
1
1
1
31
15
5
1
49
2
8
3
2
12
12
2
29
3
4
1
37
1
12
3
25
2
1
1
11
10
9
3
10
1
1
3
65
1
9
2
23
2
5
1
44
2
3
3
32
5
1
1
28
2
3
2
27
2
12
3
39
2
13
3
67
35
3
2
2
3
6
3
18
7
9
2
32
4
1
2
60
4
9
2
9
2
2
3
66
5
8
3
31
12
13
2
27
1
9
3
36
13
7
3
44
8
14
1
18
5
14
3
25
1
11
2
34
3
3
3
52
8
8
2
3
1
9
1
47
1
5
1
25
3
2
2
43
1
5
3
15
16
5
2
31
3
3
3
8
10
1
2
4
2
6
1
23
3
1
1
53
2
6
3
65
17
9
3
13
5
3
2
68
1
11
1
41
1
1
3
5
5
4
3
29
2
6
3
14
15
11
1
6
1
6
1
34
11
5
1
42
2
10
2
44
5
11
3
8
12
3
1
9
6
1
3
27
6
12
3
49
3
4
2
35
1
7
3
7
2
2
1
33
8
14
3
33
19
1
1
47
3
3
1
9
12
4
1
7
10
11
2
55
3
3
3
45
7
8
3
36
14
8
3
1
1
5
2
22
2
7
3
30
13
6
1
66
3
4
2
26
3
13
2
53
3
1
3
12
6
1
1
53
1
2
3
9
1
4
2
12
1
12
2
17
1
6
2
31
4
7
2
67
2
3
2
28
2
12
2
5
1
1
1
32
5
10
2
42
2
2
3
49
1
7
1
22
3
12
3
3
1
1
1
6
2
14
3
35
6
1
1
31
7
3
2
42
1
1
2
39
4
14
3
22
6
5
1
16
2
9
1
15
2
3
3
35
3
5
2
33
1
13
2
10
3
10
2
7
2
13
2
14
2
4
3
32
4
3
3
16
8
1
2
40
3
10
2
38
2
14
1
27
1
9
2
4
1
14
3
15
15
5
3
63
13
3
1
5
2
4
1
49
1
5
2
36
4
7
3
5
4
1
2
23
1
12
3
43
5
3
1
32
2
4
3
11
6
2
1
71
1
10
3
44
4
8
2
10
2
8
2
5
2
5
2
18
3
9
2
38
5
11
1
27
3
2
3
6
5
13
2
16
3
1
1
45
2
1
3
33
11
1
3
61
6
13
2
44
2
8
2
32
3
13
3
11
15
8
2
45
1
1
3
68
10
3
2
1
3
2
1
14
18
4
3
16
3
8
3
23
2
10
2
49
1
13
2
47
2
9
3
12
5
9
2
7
3
8
1
10
1
6
1
40
3
13
1
35
1
13
1
60
2
9
2
11
1
13
2
52
6
11
1
26
3
9
3
42
2
2
3
63
11
13
2
17
2
9
3
67
22
14
1
16
3
12
1
36
3
13
