3
22
3
7
2
36
3
6
2
2
2
7
3
68
17
11
1
22
3
14
1
63
2
3
1
29
2
7
2
37
3
10
3
35
2
3
2
68
4
3
1
18
15
8
3
37
12
9
3
40
4
3
1
14
19
13
2
49
3
4
3
34
7
8
3
38
6
5
2
45
1
7
1
8
16
13
3
41
3
7
3
16
1
14
1
38
2
13
3
45
3
13
2
66
3
7
3
8
17
6
1
71
2
14
3
3
4
14
3
49
1
5
3
66
8
12
3
23
3
11
2
35
2
6
2
52
4
14
1
42
2
13
2
40
1
11
1
28
2
8
2
52
1
9
1
61
2
9
3
39
3
13
1
1
1
6
2
27
1
8
2
61
3
7
2
66
1
13
2
3
3
13
1
63
1
6
3
52
14
13
3
26
1
9
1
14
14
3
3
55
10
11
3
16
8
8
2
63
3
1
1
36
3
1
2
38
2
13
3
25
3
12
2
25
2
4
1
23
2
5
1
40
3
5
1
67
3
3
1
61
1
1
3
18
21
11
2
7
3
10
1
54
1
4
3
34
11
13
1
54
2
6
2
47
2
1
1
3
1
4
3
7
3
14
3
5
3
10
2
30
3
13
1
45
1
1
2
31
2
11
2
60
4
7
1
33
7
12
3
42
4
6
3
12
4
4
2
36
1
6
1
25
1
1
2
15
1
12
3
42
1
10
3
31
24
6
2
39
1
7
3
35
4
6
1
4
6
7
1
15
3
5
3
55
1
8
1
32
7
3
2
65
2
2
2
14
1
7
2
55
1
2
3
14
20
3
2
32
4
11
3
15
14
14
3
25
2
12
2
39
4
12
1
53
1
11
1
4
3
13
2
4
3
14
2
11
1
11
3
4
3
5
3
67
34
7
1
22
2
1
2
32
2
8
1
35
2
10
1
52
1
10
3
61
4
13
1
44
1
4
3
44
8
13
2
26
3
12
1
37
1
1
1
7
3
6
1
60
1
4
3
29
5
4
1
6
1
13
2
30
2
14
1
18
9
5
2
55
2
6
2
18
4
3
3
60
14
10
2
63
1
3
1
5
1
1
3
13
1
6
2
60
1
10
1
49
2
14
3
32
1
4
2
13
2
3
3
11
17
6
1
65
1
9
3
26
11
14
2
42
4
2
3
2
8
12
2
3
2
3
3
54
2
7
3
15
6
8
1
43
3
11
3
65
4
11
3
41
1
11
1
33
2
12
1
34
9
9
2
10
1
14
2
37
4
3
3
12
7
3
2
1
3
11
1
2
6
8
2
41
2
6
1
2
5
2
3
38
8
6
2
25
3
2
2
71
2
3
1
31
13
7
2
9
1
10
1
25
3
10
1
36
2
12
2
11
2
8
1
13
3
4
2
47
4
4
3
65
7
4
3
27
16
14
1
53
2
12
3
22
10
10
2
7
2
12
3
39
8
10
2
34
2
14
2
4
2
3
3
66
3
3
3
71
5
1
2
26
1
4
3
53
8
13
2
23
3
5
3
44
2
1
1
38
3
3
2
12
3
14
1
47
2
7
2
18
2
7
1
66
3
14
1
23
3
8
2
67
1
11
1
41
2
5
2
29
2
8
2
5
3
11
2
29
3
13
2
12
2
14
3
36
7
7
3
28
16
6
3
33
11
9
3
47
10
3
1
49
1
6
3
67
24
5
1
7
9
4
2
33
2
11
2
38
3
14
2
13
3
12
1
26
2
6
1
10
4
3
2
28
2
2
3
32
2
13
1
10
5
1
1
12
7
13
3
11
11
8
2
16
3
8
1
60
2
6
3
7
2
13
3
45
5
2
3
30
8
5
3
4
21
10
3
28
1
7
2
54
2
9
3
37
6
7
3
36
12
12
1
16
7
12
1
55
1
3
2
27
3
4
3
1
9
12
1
29
3
14
1
35
1
2
2
1
1
12
1
27
1
6
3
13
9
1
1
68
2
13
2
23
2
2
1
43
1
7
1
32
2
10
2
17
2
12
1
42
1
5
1
34
7
1
1
47
3
9
3
63
9
9
3
52
5
8
3
33
12
7
1
55
2
7
2
43
3
2
1
12
14
8
3
43
4
8
2
9
2
4
3
27
5
7
3
43
5
13
3
6
1
8
2
6
1
9
3
10
1
7
2
10
2
5
3
63
2
9
2
31
4
1
3
68
7
1
3
14
1
11
1
3
5
6
3
3
8
3
2
6
3
4
1
45
2
10
3
9
28
2
1
15
5
5
2
34
3
10
1
71
3
4
1
11
9
4
2
35
3
1
2
33
1
7
3
18
8
3
3
31
4
4
2
41
4
12
2
67
2
13
1
30
12
7
3
6
4
13
1
65
2
11
1
17
2
8
2
16
1
2
2
40
3
1
3
60
28
4
2
22
2
14
1
68
1
4
1
5
2
13
2
8
1
1
3
29
18
12
3
54
1
9
2
17
3
3
1
13
7
8
2
61
2
7
3
40
5
4
1
39
4
6
2
44
1
9
2
15
3
11
3
61
5
7
1
6
2
1
1
9
2
8
1
31
12
13
2
22
3
11
3
1
1
3
1
16
3
12
1
37
2
12
2
2
3
4
1
11
6
8
1
1
3
1
2
8
3
1
1
39
2
14
3
17
10
8
1
67
1
14
2
65
1
5
2
43
2
8
1
30
17
8
2
5
1
5
3
47
5
3
3
23
15
10
2
42
3
14
1
8
14
1
2
44
2
1
2
45
2
11
1
26
1
4
1
44
3
14
3
2
3
12
1
27
3
13
3
10
18
6
1
9
5
1
1
40
2
13
3
53
6
1
2
71
3
2
3
5
2
10
3
17
8
4
1
66
2
3
3
71
4
13
2
14
2
2
2
68
2
14
2
49
2
4
2
54
1
11
2
53
2
12
3
49
6
13
3
9
2
11
2
28
3
13
1
41
3
13
1
28
1
8
1
52
2
11
2
53
3
7
3
8
11
12
3
30
28
14
1
17
15
3
