2
8
1
2
1
37
1
3
3
42
2
14
2
45
4
2
3
32
10
14
1
22
1
5
2
55
1
5
2
42
3
14
3
36
13
14
2
47
2
1
3
4
11
2
3
49
7
12
2
66
1
14
1
8
14
8
2
8
3
10
1
45
1
13
2
60
4
10
2
63
2
7
1
68
3
10
2
36
4
9
2
28
3
5
1
17
8
4
2
25
3
4
3
35
5
2
1
63
1
3
1
28
3
7
2
38
4
4
1
34
9
14
2
7
2
2
1
6
2
12
3
6
6
12
2
10
1
1
2
29
2
2
3
47
1
12
1
49
1
1
3
34
3
8
1
60
1
4
1
54
1
14
3
23
6
4
1
28
1
11
2
45
1
11
1
25
2
14
2
39
1
14
2
40
1
4
1
14
13
12
2
61
3
2
3
26
11
5
1
10
4
3
2
9
2
6
2
3
3
5
3
63
11
11
2
30
5
7
2
33
2
13
1
16
2
14
1
37
2
1
3
68
5
14
3
31
3
5
3
4
2
14
2
43
4
9
3
18
19
7
1
5
2
14
3
3
8
11
1
65
1
14
1
13
6
1
2
2
2
9
3
38
5
14
1
4
3
10
2
12
1
13
3
55
4
4
2
9
1
12
3
34
8
6
3
71
3
7
1
35
4
2
3
71
2
11
2
23
3
10
2
18
2
13
2
67
2
11
3
23
10
14
1
9
12
14
1
55
1
13
2
29
1
12
1
16
1
9
2
53
3
4
3
66
5
1
3
27
15
2
2
4
2
12
1
40
3
1
1
18
13
11
3
40
6
4
1
39
3
11
2
43
3
9
2
17
3
13
2
49
3
11
3
38
6
7
2
22
1
8
1
71
3
1
1
47
2
3
3
67
20
3
1
45
2
9
2
16
3
3
3
53
5
8
2
16
1
8
2
53
2
8
1
54
2
2
1
17
7
7
2
54
2
11
3
60
16
5
3
11
19
9
1
27
3
3
1
9
2
13
1
27
1
5
1
53
2
14
1
26
1
7
1
53
1
5
1
39
2
12
1
10
2
8
1
32
6
10
1
36
2
1
2
11
2
7
1
29
1
9
3
61
11
8
2
44
5
3
1
30
14
8
1
43
3
14
3
44
2
12
3
28
3
5
1
23
3
6
1
18
6
3
2
22
3
5
1
61
3
13
2
38
5
9
1
12
5
6
1
67
2
2
1
35
3
3
1
3
10
12
3
65
1
11
2
71
2
12
3
54
1
12
1
3
7
6
1
49
2
1
1
1
3
9
1
4
5
5
3
55
7
9
1
38
1
10
2
31
3
11
1
44
1
1
1
33
1
8
3
26
10
11
2
37
3
1
3
44
7
11
3
10
19
8
2
66
3
8
3
1
2
11
3
16
7
4
2
37
1
2
3
3
2
1
2
26
2
4
2
35
3
9
3
7
5
3
1
6
1
6
3
28
13
12
3
7
4
14
3
16
5
4
2
52
3
9
3
40
5
4
2
31
5
1
2
18
4
4
3
39
4
2
2
25
1
3
2
36
5
5
1
34
10
6
3
10
15
11
2
27
3
8
3
67
19
2
3
12
4
8
1
71
1
1
3
45
7
8
2
52
5
10
2
11
1
11
2
6
2
3
2
44
4
8
2
71
3
10
1
7
11
10
3
33
18
9
1
15
4
11
2
63
3
10
1
66
2
13
1
32
4
5
3
52
15
3
2
61
2
12
2
26
4
5
1
12
16
10
1
14
22
1
3
63
10
1
1
61
1
6
2
68
4
5
1
66
3
2
1
47
1
3
1
52
3
1
2
17
1
1
3
8
4
13
2
7
1
7
1
52
1
5
1
38
3
3
2
39
3
9
3
35
3
12
3
22
8
10
2
65
2
4
1
42
1
10
3
53
3
14
3
61
5
9
3
12
7
6
3
39
5
7
1
23
1
14
3
36
8
11
1
2
6
2
3
45
6
12
2
4
3
3
2
27
1
7
3
9
13
11
3
18
2
14
3
30
4
8
3
52
7
9
2
10
3
1
1
63
2
4
2
33
3
6
2
15
2
14
3
13
3
6
2
55
2
12
1
41
2
5
2
49
4
12
1
41
1
2
2
13
2
2
3
29
6
5
1
33
5
14
3
6
1
1
1
22
3
3
2
6
1
8
3
17
12
1
3
14
11
14
3
47
2
12
1
55
2
7
3
17
4
14
2
67
1
13
3
30
11
4
3
66
1
13
3
42
1
10
2
41
2
5
3
29
13
5
2
28
1
1
3
1
9
7
3
32
5
14
2
41
3
9
2
32
4
4
3
2
11
11
3
2
3
4
1
1
1
14
3
41
3
3
2
32
2
6
3
33
8
14
3
27
1
12
1
36
1
12
1
68
2
11
2
12
3
1
1
26
3
3
1
67
1
7
1
31
9
6
3
22
11
13
2
1
2
2
2
23
1
9
3
25
9
3
1
31
14
5
2
3
2
7
2
34
3
2
2
15
1
12
3
25
3
5
2
2
3
6
3
43
3
2
1
44
4
5
3
5
2
4
2
13
1
14
1
65
2
10
3
15
11
8
1
15
1
11
2
30
3
11
2
5
3
11
2
40
2
13
1
7
10
11
1
13
4
9
3
68
4
8
1
43
2
5
1
25
3
2
2
47
1
9
1
42
2
9
1
5
1
11
1
60
2
11
3
65
2
8
2
54
1
11
3
49
2
3
1
30
6
14
1
29
3
13
3
60
26
7
3
14
5
5
3
11
14
1
2
5
2
1
2
42
2
10
3
41
1
11
3
5
1
10
2
34
2
14
2
68
1
8
2
14
2
8
3
37
8
2
3
37
4
8
2
1
1
7
2
65
1
8
1
11
4
5
1
40
1
11
2
35
1
11
2
14
3
10
1
8
4
6
3
8
5
10
3
13
4
10
3
9
1
3
3
43
1
6
3
54
2
2
3
31
24
13
1
2
5
2
3
15
15
5
2
60
3
7
1
11
8
9
