1
32
7
8
2
31
5
5
2
16
2
9
2
8
2
9
2
32
3
5
3
4
1
11
1
10
4
5
2
30
3
1
2
2
3
3
1
26
2
10
1
5
1
14
1
32
4
10
3
18
24
5
1
39
2
9
3
53
8
11
3
45
5
1
3
8
4
5
2
27
2
9
1
54
3
3
3
28
6
9
1
8
17
12
3
45
4
3
2
14
1
2
3
15
5
3
2
40
4
5
3
7
1
10
1
38
3
8
2
39
2
2
3
29
18
5
1
26
1
10
2
26
3
9
1
65
1
4
1
1
3
14
2
26
4
14
1
12
1
9
2
55
3
1
1
14
19
4
1
31
8
3
3
10
13
14
3
63
5
6
2
38
1
12
3
36
1
2
1
38
1
6
1
52
2
13
1
49
1
14
3
23
5
7
1
37
1
13
2
53
1
3
1
60
2
2
2
31
3
6
2
6
3
7
2
28
3
4
2
18
4
4
3
28
15
13
1
17
5
4
2
27
3
3
3
39
9
5
3
53
5
4
1
11
1
1
3
61
11
3
1
27
2
6
1
68
1
6
2
45
1
1
3
36
13
8
1
10
7
12
2
41
4
14
1
45
2
3
1
6
1
9
2
33
1
10
3
2
4
5
1
68
2
9
3
30
16
1
2
52
6
4
3
66
3
9
1
5
2
9
2
15
2
7
1
65
2
2
3
68
14
2
1
47
2
5
2
16
3
9
2
25
1
3
3
61
1
11
2
43
5
6
1
55
1
2
1
2
7
14
3
1
5
10
1
53
2
6
3
29
9
7
3
5
2
7
2
36
3
1
1
11
4
13
2
22
1
7
2
9
2
10
2
63
1
9
2
54
2
10
1
61
2
5
2
55
2
7
3
49
8
11
2
13
2
5
3
54
1
12
2
47
3
10
3
17
1
4
3
6
5
9
3
9
31
5
2
42
3
5
3
44
9
8
3
32
8
10
1
2
1
8
2
39
4
11
3
34
6
14
1
25
3
13
2
29
1
6
1
3
11
11
1
34
2
5
3
3
8
3
1
67
2
13
1
28
2
10
2
10
1
7
3
65
4
13
3
68
1
9
2
15
1
5
3
43
6
6
3
33
18
11
2
34
2
3
2
54
1
7
1
66
1
4
3
37
4
14
3
22
7
14
2
23
3
4
2
23
2
13
2
37
1
9
1
53
1
7
3
41
2
8
3
31
25
7
2
68
1
1
1
29
1
9
3
26
3
14
2
49
2
2
2
47
4
1
2
13
3
12
3
42
1
14
2
41
3
12
2
60
2
7
3
60
11
2
2
37
2
2
1
47
3
13
2
36
5
5
3
38
2
2
2
5
2
14
3
38
4
4
2
1
3
4
2
49
4
2
1
15
2
12
1
63
2
7
3
40
6
5
3
33
24
11
2
65
2
8
1
7
9
12
2
42
4
6
2
2
1
13
2
9
1
4
1
22
1
11
2
4
3
7
3
67
23
6
2
66
1
10
3
13
1
11
3
42
3
6
2
44
5
3
2
30
2
2
3
27
3
3
1
29
3
6
1
61
1
14
1
40
2
6
1
25
1
1
3
35
2
3
1
34
4
6
3
6
6
13
3
35
3
3
2
65
1
9
2
71
1
9
2
17
3
14
2
6
2
11
3
14
1
10
1
33
3
9
3
37
3
11
3
32
10
9
3
63
9
4
3
47
5
12
2
67
2
3
2
44
2
11
2
61
1
12
1
15
4
2
1
14
17
7
2
38
5
6
2
22
2
6
2
12
2
2
3
12
4
7
2
18
3
11
3
40
4
4
3
52
18
6
3
18
18
2
1
63
1
2
1
54
2
2
3
66
8
2
3
10
25
13
1
35
4
6
3
54
2
10
1
67
3
14
1
40
1
2
2
8
1
6
1
52
1
3
1
35
2
11
2
3
1
2
1
18
14
6
3
71
4
2
1
36
2
12
3
16
5
1
2
3
2
14
1
43
3
7
3
30
1
1
1
66
3
7
2
7
2
12
2
60
3
3
2
35
3
13
2
63
2
1
2
11
3
8
3
52
5
14
3
4
6
11
3
23
8
1
1
9
13
14
1
60
1
10
3
1
8
4
2
53
2
8
1
3
2
1
1
9
6
14
1
16
5
13
2
10
2
2
1
7
2
5
1
28
3
12
3
3
9
3
2
11
1
5
1
37
2
8
1
1
1
6
1
42
2
14
3
17
16
10
1
17
16
5
3
8
6
12
2
32
2
7
1
44
3
9
1
13
3
10
3
47
1
14
1
16
1
5
2
43
3
12
1
39
3
3
3
31
21
2
3
15
16
1
3
49
3
14
3
55
11
4
3
13
5
11
1
71
2
14
3
14
26
5
2
40
2
13
1
4
3
2
3
22
1
9
1
12
8
14
3
7
4
3
2
35
2
3
3
60
20
9
1
22
2
8
1
23
1
10
1
71
1
6
3
5
3
13
2
67
1
7
3
12
3
10
2
52
2
8
1
36
1
1
1
41
1
6
2
4
1
14
3
16
2
14
1
18
15
7
2
1
2
9
1
31
17
11
3
65
18
4
3
9
8
5
3
27
5
8
2
25
2
10
1
44
4
4
2
34
3
10
2
28
1
3
3
25
8
4
2
45
3
9
3
2
11
5
1
43
1
1
3
44
2
4
1
55
2
3
3
43
5
10
1
30
11
1
3
11
2
12
1
30
10
7
1
13
1
6
3
34
8
13
1
27
1
1
3
25
5
1
2
17
1
9
3
71
1
8
1
4
2
8
1
45
1
2
2
12
1
2
1
6
2
11
2
5
1
3
2
68
3
7
1
42
1
4
2
29
2
13
1
49
2
11
3
55
1
11
1
23
3
10
3
39
4
9
3
41
4
12
1
41
3
10
2
61
2
5
3
67
10
14
3
11
18
7
2
66
3
13
1
33
1
5
2
33
3
2
3
26
11
6
2
71
2
9
2
7
1
9
1
8
4
11
2
14
3
5
