3
42
4
7
1
36
3
6
2
53
2
3
2
54
2
9
2
17
1
9
3
1
1
2
1
33
2
3
3
16
4
4
3
47
4
14
1
35
3
7
1
23
1
13
3
1
5
6
1
36
2
10
2
28
2
9
2
1
2
7
1
28
3
12
2
71
2
1
3
60
26
5
1
26
2
10
3
71
4
14
1
31
2
10
3
33
1
8
1
3
11
6
1
17
16
14
1
2
7
13
1
66
3
1
3
63
9
11
1
29
3
2
3
41
3
2
1
43
2
7
1
42
2
2
2
10
3
12
1
25
2
11
3
18
24
7
2
5
2
5
3
32
11
4
3
11
18
4
3
37
9
8
2
67
1
7
2
15
2
8
1
63
1
5
2
23
1
14
2
26
3
14
3
68
9
11
3
40
4
14
1
15
2
2
1
54
1
5
1
61
1
12
3
43
5
4
1
65
1
2
3
40
6
5
3
55
11
7
3
6
5
4
1
49
1
12
3
18
12
10
1
37
2
12
1
1
2
5
3
61
2
10
2
61
1
1
1
27
2
3
3
4
1
5
3
37
8
4
2
11
2
14
2
44
1
12
3
10
22
9
3
8
20
7
1
9
3
6
1
71
3
3
3
33
7
14
2
36
1
2
2
8
2
3
1
38
3
2
3
68
10
3
3
49
1
2
1
44
4
14
1
8
16
14
2
9
2
7
3
36
2
13
1
16
5
12
3
67
36
13
3
22
3
7
1
7
10
5
1
47
1
1
1
47
3
1
3
55
5
6
3
38
4
11
1
66
1
10
3
66
7
8
2
41
2
13
2
27
2
12
3
12
7
10
3
5
4
14
3
16
7
10
3
13
4
7
2
71
3
10
2
13
1
9
3
30
22
9
2
49
1
3
2
45
3
11
1
53
1
9
3
27
13
10
3
27
1
3
2
42
2
7
3
35
1
1
2
6
3
1
2
29
3
8
2
18
1
13
3
63
7
12
1
25
3
3
1
32
1
12
3
14
9
7
2
43
5
9
1
2
6
6
3
39
4
2
3
7
4
11
3
17
7
5
3
45
2
7
2
22
2
11
2
7
3
7
3
5
1
13
3
3
6
8
2
3
1
7
1
10
1
7
1
23
3
2
2
25
1
9
1
38
1
8
1
60
1
9
3
36
5
8
2
7
1
3
2
12
2
6
1
31
9
12
3
34
6
11
1
34
6
5
1
4
4
6
1
68
1
3
2
16
2
13
3
35
7
1
2
35
1
11
1
18
2
3
2
55
2
1
3
54
2
2
3
9
9
2
2
66
2
11
2
14
1
9
1
13
5
5
3
52
6
2
2
39
3
5
2
33
1
11
3
25
3
7
2
34
3
7
1
3
8
11
3
9
13
2
3
65
4
5
1
43
3
4
3
38
7
12
2
27
3
4
1
42
1
1
3
7
1
7
3
11
17
7
2
52
6
9
3
32
10
4
2
61
2
6
2
43
3
12
1
68
2
13
2
29
2
1
2
66
1
1
2
13
3
8
3
2
6
5
1
37
1
12
2
40
4
12
3
26
2
5
3
23
8
10
1
39
2
14
1
60
2
6
1
54
3
5
3
52
3
6
1
41
1
11
1
44
1
11
1
5
2
14
2
35
2
5
2
53
1
11
2
55
3
5
1
67
2
6
2
41
4
2
2
65
2
2
2
40
3
4
1
7
7
1
2
63
3
7
3
6
6
4
1
17
3
4
1
12
5
9
3
41
2
3
1
53
2
7
1
52
2
4
2
68
4
6
2
32
1
3
1
33
7
11
3
43
4
1
3
10
24
11
3
67
33
8
1
30
17
11
1
52
3
9
1
32
5
8
1
12
11
10
3
61
7
9
3
44
4
10
2
34
1
8
2
4
1
13
3
53
7
12
2
31
1
10
3
13
5
9
3
25
5
3
2
63
2
14
2
33
2
14
1
34
8
14
2
52
5
1
3
17
11
2
2
42
1
11
3
39
2
10
2
4
3
1
2
10
1
11
2
8
1
8
3
45
3
1
3
44
5
13
1
6
2
14
3
31
10
9
1
35
1
1
1
45
2
4
3
71
2
11
2
44
3
7
1
22
3
3
2
2
3
14
3
12
1
4
2
60
3
9
1
13
6
6
3
4
2
8
3
47
6
2
2
6
1
5
1
28
2
10
1
14
6
11
3
65
21
1
2
11
1
8
3
54
1
13
2
3
2
9
2
28
3
4
1
55
2
11
1
41
2
13
2
32
4
12
2
16
1
13
2
2
1
6
2
37
3
6
1
63
2
1
2
5
3
1
3
28
16
6
2
31
2
9
3
22
6
4
2
12
1
6
1
11
1
2
1
30
5
7
1
16
3
12
1
5
1
3
2
1
1
7
3
28
3
9
3
29
16
8
1
11
10
11
1
29
1
5
1
55
1
8
2
39
1
10
3
31
16
7
1
9
7
11
2
37
1
7
2
9
3
9
2
38
2
14
1
27
3
7
3
8
1
8
1
10
8
10
3
60
11
3
1
8
13
9
2
30
3
1
1
6
1
8
3
42
3
12
2
17
3
3
2
25
2
11
3
15
14
13
1
1
3
7
1
61
2
5
1
4
2
3
2
49
2
1
2
47
2
7
2
15
3
3
1
45
1
5
1
40
3
4
2
38
4
6
1
65
2
3
3
66
2
13
3
29
10
10
1
26
1
14
1
39
1
1
2
18
4
4
1
67
1
5
2
67
2
12
3
23
1
13
2
26
1
10
3
15
8
7
1
22
2
13
3
53
2
2
1
49
2
7
2
23
2
6
2
22
3
7
2
45
4
12
2
54
1
4
3
26
4
6
1
71
1
10
3
30
27
8
2
60
2
12
1
40
2
14
2
47
1
13
1
14
2
6
2
30
1
10
1
18
10
9
2
65
3
12
3
34
11
2
2
68
1
9
1
15
3
14
3
2
2
8
3
14
6
10
3
49
6
14
3
3
3
5
2
36
5
13
2
14
3
12
