3
15
6
5
1
16
6
3
3
67
34
1
2
23
2
13
1
61
3
2
3
12
1
13
3
37
5
3
1
32
7
2
2
30
4
3
2
13
3
12
1
28
2
1
2
16
3
6
2
44
3
10
2
30
2
5
2
4
3
1
3
26
9
10
1
3
7
10
3
35
4
9
2
29
2
12
1
34
3
6
2
54
2
4
3
54
2
13
3
17
8
7
3
65
4
7
2
7
1
8
1
66
1
1
2
12
1
6
1
25
1
12
3
8
11
12
1
43
2
5
3
65
16
6
3
33
19
9
2
66
2
14
2
39
4
13
1
31
7
14
1
4
7
7
1
63
2
12
2
45
4
8
2
28
3
4
2
36
1
8
1
49
1
13
2
71
2
7
1
63
1
10
1
35
1
9
2
33
1
13
3
38
10
10
2
35
3
3
2
42
3
2
3
60
22
10
2
29
1
8
3
40
6
14
3
14
15
12
3
6
6
10
2
27
2
10
2
66
3
1
1
45
1
5
1
43
3
14
2
49
2
5
1
44
2
12
2
49
3
13
3
27
10
8
1
14
5
14
1
4
4
2
3
71
5
8
2
65
3
10
2
54
1
7
1
17
13
8
2
26
2
7
3
4
27
7
1
52
2
1
3
55
12
6
2
9
3
13
2
36
3
9
1
67
2
6
2
8
2
7
2
4
2
4
3
13
1
2
3
27
2
11
1
65
2
9
1
12
12
6
2
68
2
5
2
45
1
5
2
13
2
7
3
18
7
6
1
42
2
14
3
36
5
9
2
63
3
1
2
8
1
13
1
11
3
2
3
29
7
12
2
34
1
7
1
2
3
7
2
37
2
4
1
30
21
5
2
61
2
2
3
49
5
1
1
68
2
8
1
55
1
13
1
8
8
13
1
1
1
4
3
5
5
3
2
40
2
8
3
14
1
6
2
60
3
2
2
53
3
1
2
43
4
9
3
7
3
12
2
33
3
9
1
23
3
1
1
34
7
6
3
10
13
4
1
7
7
9
1
25
2
4
3
2
6
13
3
44
10
8
3
11
18
2
2
15
1
10
1
33
2
13
2
10
3
5
1
9
3
8
2
25
1
5
3
37
3
6
1
13
6
1
2
11
3
6
3
23
9
9
1
47
1
1
2
71
3
10
3
29
19
8
3
66
7
3
3
54
1
11
2
28
2
12
2
47
1
6
3
68
14
2
1
8
1
12
1
60
1
11
3
66
4
13
1
39
2
8
2
47
2
7
2
18
1
11
1
11
9
9
2
55
3
1
2
32
2
14
2
15
3
12
3
43
8
14
3
35
8
4
3
10
19
7
3
63
2
1
3
42
2
11
2
52
7
2
3
60
5
9
3
45
3
12
1
36
3
1
1
15
1
1
3
39
4
10
3
67
11
7
3
32
7
4
2
37
1
7
1
15
2
11
2
67
2
7
3
1
6
2
1
37
1
10
3
71
2
14
3
17
14
10
1
33
7
8
2
14
1
12
3
3
9
13
2
3
3
9
1
27
3
8
3
34
4
8
2
7
2
10
1
38
1
10
3
49
8
11
1
10
3
5
3
39
3
6
2
5
2
8
3
61
6
8
1
42
1
13
3
7
2
7
2
16
2
10
1
53
1
14
3
30
9
4
3
28
13
12
1
29
2
11
3
26
12
5
1
37
2
2
1
10
7
2
1
67
1
12
1
1
2
13
2
31
4
5
1
54
2
7
3
53
2
7
1
7
6
5
1
66
3
8
3
25
7
3
3
52
6
12
3
28
7
11
2
18
4
3
3
11
19
8
1
29
1
10
1
41
2
12
3
31
6
5
3
32
2
5
1
40
1
3
1
6
2
13
1
26
3
8
1
17
5
8
1
65
1
3
3
34
1
6
2
2
3
7
3
12
6
10
1
3
5
8
3
1
1
2
2
22
1
10
1
68
1
10
3
16
1
5
1
38
3
3
2
11
1
9
1
49
2
14
3
44
4
6
1
28
3
11
1
71
3
1
2
38
3
6
1
44
4
11
3
9
28
10
1
40
3
10
3
40
3
6
2
27
3
11
3
33
3
7
2
39
2
2
3
41
4
14
2
12
3
8
2
6
1
1
1
52
1
3
2
17
3
12
2
52
2
7
2
2
2
1
1
22
3
5
3
25
4
1
3
18
4
6
3
61
5
7
2
61
3
3
1
23
2
11
1
18
11
13
3
47
1
6
1
27
1
9
2
65
1
3
2
34
2
10
1
22
1
8
2
1
1
3
2
23
1
11
2
44
5
9
3
4
9
8
2
6
2
1
2
26
3
13
2
10
1
8
2
25
2
5
2
14
2
12
2
5
3
4
3
47
10
9
3
63
5
2
1
6
1
10
3
36
15
6
2
55
1
7
1
16
7
3
1
55
2
2
1
47
2
1
1
32
3
1
3
68
12
3
1
31
3
12
1
39
4
9
3
15
16
4
1
26
1
11
1
18
4
4
1
71
1
12
1
54
3
1
3
38
6
9
3
52
13
11
2
17
2
11
2
1
2
6
3
42
1
1
2
41
2
8
1
30
7
3
2
63
2
1
2
67
1
12
2
31
1
10
3
6
2
11
1
9
6
12
2
53
1
4
3
31
12
11
2
32
1
14
2
41
3
9
2
22
2
6
2
9
1
9
3
13
3
14
3
2
2
3
3
45
6
6
3
22
4
3
3
23
13
10
2
60
1
8
3
8
10
14
3
5
2
1
3
22
8
9
3
3
2
8
3
9
23
13
2
38
5
14
1
2
6
6
1
41
1
8
1
53
2
12
1
5
2
7
1
36
1
7
3
16
3
11
2
40
3
1
1
14
8
12
2
35
2
9
1
12
1
8
1
61
1
3
2
42
4
13
1
13
4
10
1
60
2
11
2
43
3
13
3
30
23
9
2
68
1
7
3
55
17
13
2
3
1
13
1
5
1
2
3
53
3
8
1
35
4
14
3
41
1
9
3
43
3
2
1
45
2
7
