2
43
1
13
1
44
3
1
3
32
6
1
3
41
1
9
3
7
5
4
2
54
2
2
2
10
1
6
2
9
3
6
2
65
3
13
1
25
1
8
1
60
1
5
1
7
2
4
2
42
1
10
2
11
2
8
3
63
4
3
3
55
7
2
3
26
3
5
3
7
4
1
2
7
2
9
3
66
3
8
3
68
6
4
2
41
2
8
1
4
2
2
1
52
3
4
3
9
2
2
1
53
1
8
3
3
3
3
2
49
1
12
2
25
1
12
3
44
8
11
3
30
25
8
1
14
15
6
1
1
3
13
3
42
4
2
1
36
3
3
2
18
4
8
1
26
3
14
1
18
10
3
2
7
1
2
1
66
2
8
3
33
16
12
1
32
7
3
1
23
3
6
1
45
2
14
1
4
7
3
2
55
1
6
1
49
2
8
1
39
2
12
2
47
2
12
3
47
7
10
3
25
2
4
2
26
1
13
1
12
8
1
3
11
11
13
3
36
12
13
3
6
4
11
1
63
1
5
2
61
1
9
2
71
2
3
1
49
1
4
2
32
2
1
3
35
7
3
1
37
2
7
1
61
1
14
3
71
1
14
2
3
2
3
2
33
3
3
2
6
3
13
2
37
4
12
2
49
3
6
2
44
2
13
2
16
2
8
1
8
5
2
2
13
1
11
3
23
6
11
3
49
2
5
1
60
2
2
3
45
2
8
3
54
1
1
3
44
3
11
2
16
3
13
2
8
2
1
3
40
6
10
3
18
5
1
3
65
11
2
2
23
2
8
1
1
2
1
2
52
6
5
3
5
4
5
3
61
2
2
3
49
5
12
1
53
2
4
2
63
2
5
3
41
4
11
3
8
20
5
1
41
2
8
2
36
5
12
1
43
3
3
2
39
3
13
2
36
4
6
2
3
3
7
3
60
9
6
1
35
3
6
1
2
5
12
1
36
1
7
1
47
3
9
3
71
5
6
3
15
8
14
3
60
30
9
3
31
14
14
2
4
2
9
1
68
2
2
2
65
2
14
3
37
9
1
1
40
1
1
1
22
3
11
2
14
3
11
2
28
2
8
2
52
2
1
1
33
3
1
3
22
11
1
1
65
2
11
1
55
2
13
3
43
4
13
2
60
3
6
3
10
16
12
3
38
6
1
1
39
1
12
1
38
1
3
3
13
9
13
1
43
1
2
2
33
2
9
3
1
1
8
2
1
3
14
1
45
1
8
1
40
2
3
1
10
7
6
2
15
1
5
2
11
3
5
1
67
2
4
1
12
17
6
2
22
3
6
2
45
1
11
3
32
12
4
2
60
4
1
3
13
1
2
2
47
4
5
2
68
2
2
2
9
2
6
1
26
2
1
1
29
3
10
3
4
13
4
2
53
2
11
3
52
4
2
2
15
3
11
2
53
3
3
3
1
3
12
2
54
1
10
3
63
7
10
1
2
1
5
1
71
3
11
3
43
3
4
2
17
2
5
1
54
2
10
1
27
2
11
3
4
18
14
1
3
6
1
2
27
3
9
2
30
3
8
2
67
1
11
1
30
16
14
3
28
9
1
2
27
2
5
3
30
24
8
3
31
5
1
1
28
2
4
2
26
4
14
1
6
2
13
1
32
4
4
3
15
11
5
2
14
2
13
3
54
2
7
1
34
7
12
3
36
11
3
3
11
26
9
3
2
11
14
2
18
1
10
3
27
8
6
2
22
1
8
1
55
1
1
1
11
10
2
2
41
3
7
3
18
19
7
2
34
2
9
2
63
3
6
3
9
1
10
1
52
2
11
1
23
2
1
3
67
1
5
3
66
1
14
3
42
2
9
3
65
20
13
2
13
3
2
3
34
9
12
1
38
3
12
1
6
1
5
2
4
3
1
3
38
5
4
2
35
2
12
2
55
2
3
1
42
2
1
1
28
1
10
1
33
6
11
2
1
1
14
1
41
3
12
3
29
5
12
3
17
8
9
3
39
9
1
3
16
8
2
3
47
1
8
1
8
13
13
3
2
2
9
2
45
2
8
1
35
2
1
1
14
11
14
2
8
1
11
3
23
15
7
1
17
15
7
3
45
1
14
2
38
4
2
1
16
2
8
3
26
11
8
1
31
14
14
2
2
3
2
1
13
6
6
3
14
10
4
3
25
4
13
2
25
3
4
1
27
3
3
2
31
3
14
2
37
3
2
1
34
2
5
3
68
15
1
2
34
1
3
1
22
1
3
2
38
3
1
1
47
1
2
2
42
3
2
3
67
18
11
3
17
6
14
2
61
3
5
1
16
3
2
3
53
7
3
1
17
11
12
3
55
16
13
2
28
3
12
3
12
4
5
3
33
10
8
2
12
3
2
1
7
1
9
2
10
3
7
1
42
1
9
1
15
1
4
1
66
3
2
1
5
1
12
1
5
2
12
1
68
1
3
2
29
1
14
1
61
3
11
3
14
19
6
2
44
1
9
3
39
8
1
3
6
1
11
2
23
1
13
1
71
1
14
1
25
3
7
2
68
3
10
1
37
1
12
2
12
1
11
2
17
3
8
1
10
1
11
2
6
1
13
3
3
6
11
2
71
3
14
3
28
2
9
3
34
10
12
1
63
2
12
3
22
1
11
2
5
3
14
1
29
1
9
3
40
1
7
3
53
3
10
1
30
17
3
3
35
2
3
2
40
1
2
3
29
2
7
2
43
3
4
3
52
17
14
1
44
2
8
2
35
3
13
3
10
15
6
1
67
1
1
3
27
10
13
2
67
2
11
3
16
4
6
2
66
1
13
2
32
3
4
1
11
4
9
2
66
2
6
1
3
3
14
3
61
10
2
1
9
5
2
1
31
2
12
1
54
1
1
1
65
1
11
2
2
1
8
2
29
2
3
1
9
8
6
3
5
5
8
2
5
1
5
1
13
8
4
2
30
2
6
2
31
5
4
3
12
5
6
2
39
4
9
1
18
7
5
1
15
5
3
2
40
2
7
3
8
12
1
3
37
8
11
