3
63
2
8
3
66
1
4
3
27
1
4
3
43
5
3
2
2
1
2
2
11
1
14
2
22
1
9
3
7
5
2
2
63
1
14
3
37
9
4
1
10
5
6
1
12
5
14
3
26
10
1
1
22
2
3
1
33
5
7
3
39
4
10
3
42
3
9
1
49
2
12
2
15
1
4
1
68
1
2
1
42
1
1
1
1
2
13
3
67
3
13
1
7
11
9
2
13
1
7
2
26
1
7
1
36
3
6
1
52
2
1
3
68
16
4
1
37
2
2
1
61
1
1
1
37
1
6
2
71
1
7
1
44
3
2
2
42
1
6
2
43
1
14
2
22
3
10
1
38
1
8
2
47
3
8
3
2
4
11
2
32
4
6
1
9
8
5
1
52
3
11
1
17
1
2
2
28
2
3
3
3
4
5
1
71
2
5
3
35
5
1
1
12
6
14
2
35
2
7
1
49
1
10
3
6
1
1
2
8
1
10
3
1
10
2
3
10
19
5
2
33
2
13
1
67
3
9
2
36
4
1
1
18
11
11
2
68
3
3
1
31
3
14
3
32
9
9
2
66
3
7
1
28
3
13
2
6
1
10
3
31
23
12
3
29
9
10
1
33
3
6
3
9
7
11
2
10
1
11
2
66
1
3
3
13
9
12
3
71
1
4
2
42
2
14
1
9
10
12
2
71
2
10
2
7
3
2
2
39
4
6
2
15
3
4
2
61
1
6
1
4
8
7
1
23
1
4
2
11
3
9
2
3
2
1
3
49
6
7
2
30
1
9
2
44
1
14
2
49
1
3
1
13
7
11
3
28
15
4
1
53
1
5
3
28
13
5
1
5
2
1
1
1
1
3
2
49
2
11
3
45
4
8
2
1
1
13
2
12
3
10
3
16
6
7
3
1
1
1
1
55
1
6
2
30
4
7
2
14
3
10
2
32
1
5
1
54
2
4
2
3
3
8
2
43
5
8
2
5
1
14
2
18
1
6
2
63
2
9
2
27
1
12
3
18
16
13
2
38
4
5
3
34
10
6
2
52
4
14
3
16
7
13
2
55
2
10
2
9
2
10
1
8
11
9
1
32
6
4
2
14
2
5
3
52
13
13
1
44
1
5
1
10
6
4
3
36
1
4
3
4
28
9
3
17
7
9
1
45
1
3
3
26
9
12
1
17
5
3
3
30
11
14
3
10
17
11
3
63
13
1
2
16
1
2
1
66
3
14
1
38
3
1
1
8
8
4
2
47
2
5
3
40
3
7
3
18
24
3
1
31
12
5
3
5
1
11
1
65
2
1
3
53
6
14
3
47
2
13
2
54
2
11
1
40
1
5
3
55
12
3
1
67
2
7
3
22
6
5
3
68
11
10
1
26
2
7
3
35
4
8
2
67
1
14
1
13
2
13
1
29
3
3
3
7
3
4
2
28
3
5
1
34
9
11
1
11
4
5
3
14
17
1
2
18
4
12
3
12
6
9
2
39
2
7
2
67
2
12
3
4
1
4
2
31
5
11
3
31
7
1
3
23
7
4
2
35
1
3
2
65
1
7
2
53
3
1
3
11
19
10
1
30
6
7
1
63
2
1
2
41
2
3
3
37
5
10
3
38
8
2
1
65
1
11
3
30
18
10
2
4
3
12
3
8
13
10
2
38
3
5
1
43
3
3
2
25
1
10
1
27
1
11
1
61
2
4
3
43
4
3
3
38
6
14
3
67
16
6
3
3
7
7
2
16
2
14
3
60
17
2
1
60
2
8
1
27
2
6
1
22
3
5
1
3
9
8
1
45
2
2
2
12
1
7
2
31
4
8
3
54
2
13
3
41
1
11
2
6
2
10
2
36
1
10
1
4
7
8
1
14
16
6
3
66
9
10
1
39
3
4
2
61
3
9
3
40
1
5
1
34
5
3
3
33
21
9
2
45
3
5
3
54
1
11
2
17
2
9
2
26
2
14
2
33
1
4
1
66
1
2
1
54
1
11
3
29
8
4
1
26
3
14
2
54
1
13
3
61
1
8
1
5
1
13
2
41
1
6
3
65
6
4
1
40
2
4
2
9
3
6
3
55
11
4
3
2
5
2
3
45
7
1
3
25
9
4
3
44
5
2
3
15
5
14
3
25
4
8
1
41
3
10
2
29
1
2
3
14
18
2
1
2
6
4
3
49
8
2
1
42
2
4
3
17
3
7
3
42
1
6
1
32
5
10
3
12
5
4
2
4
1
5
2
7
2
3
3
33
8
3
2
23
1
3
1
63
1
9
2
60
2
3
2
45
4
3
3
27
11
1
2
52
1
13
2
55
1
9
1
53
2
5
1
41
2
13
3
13
7
5
3
34
5
10
3
52
2
4
2
68
4
10
1
25
3
5
1
18
1
9
3
53
5
13
1
15
3
9
1
16
6
9
1
6
1
11
2
2
3
7
1
14
11
3
2
13
3
13
3
6
2
8
2
37
1
3
2
8
3
7
3
32
10
11
3
39
6
7
2
1
2
9
3
9
15
7
2
23
2
6
1
3
8
1
2
17
3
8
1
39
1
4
2
25
3
6
2
5
3
3
1
6
2
4
1
35
2
6
2
40
3
13
2
40
1
1
2
60
1
13
1
36
2
1
3
11
2
14
3
23
16
9
3
65
15
14
1
25
1
4
1
16
2
11
1
47
1
12
2
53
2
2
2
37
4
6
3
22
2
9
1
55
2
11
3
8
12
1
2
27
3
14
1
11
5
10
2
29
3
6
1
30
20
8
1
47
3
8
1
60
1
5
2
44
2
10
1
29
1
6
1
7
5
13
1
71
1
13
3
71
5
4
3
61
10
1
3
47
1
14
3
5
3
8
3
60
7
11
1
23
3
6
1
28
1
7
3
36
15
12
1
68
2
11
3
44
7
3
1
43
1
12
2
10
2
8
1
15
2
9
3
41
2
11
1
35
3
6
2
34
1
5
2
34
3
6
2
65
4
9
1
2
1
8
3
15
14
9
