2
1
3
11
3
37
1
13
2
9
1
2
2
67
1
3
1
55
1
2
1
31
4
3
1
9
8
4
2
38
3
9
1
30
4
1
2
7
1
8
2
55
1
14
2
9
2
12
1
1
2
12
3
18
15
12
2
54
2
8
2
35
1
13
3
16
7
10
2
27
1
6
1
67
3
10
3
54
1
7
1
33
2
11
2
39
4
1
3
40
2
2
2
29
1
8
2
66
1
9
2
60
2
7
1
7
4
1
1
17
4
14
3
66
5
7
2
42
3
6
2
47
3
9
3
1
9
3
3
8
8
6
2
2
3
8
2
25
1
3
2
29
3
12
2
2
2
12
3
10
14
1
1
39
4
1
3
42
2
12
1
2
2
2
1
61
3
9
1
4
8
14
1
35
1
10
2
47
4
11
1
41
3
2
3
27
9
8
3
32
12
11
1
42
1
5
3
34
10
13
1
67
1
14
2
32
1
10
3
41
1
14
1
23
3
4
3
2
1
12
3
53
5
7
2
49
3
14
3
22
6
13
3
55
2
7
3
1
3
3
3
26
2
12
1
66
2
11
3
28
6
14
1
25
3
10
2
8
1
13
2
12
2
14
1
61
2
8
3
22
8
9
1
15
1
7
1
53
1
5
3
3
6
12
3
23
12
8
3
4
28
13
3
10
17
11
3
15
13
4
3
17
11
7
1
16
3
7
3
47
7
2
3
45
3
11
1
37
1
3
3
66
6
11
3
29
14
5
2
37
3
7
1
63
1
12
2
5
1
11
3
38
2
13
2
52
2
6
1
34
5
8
1
47
2
5
1
11
5
5
3
60
7
11
3
37
4
8
1
28
1
11
3
61
5
8
1
13
8
7
3
71
2
4
3
12
7
8
2
11
1
14
2
6
3
12
3
44
7
11
2
34
3
8
2
23
1
12
3
6
3
1
1
32
7
10
1
5
2
11
2
18
1
14
1
54
1
8
3
7
2
2
1
28
3
9
3
28
7
14
1
8
5
3
2
65
3
14
1
38
1
12
3
27
5
3
3
16
6
9
3
35
4
5
3
5
1
3
3
38
6
6
2
23
2
1
3
23
2
6
1
44
3
5
3
36
12
6
1
65
1
7
1
26
1
12
1
43
1
4
1
34
7
6
1
44
4
7
1
60
2
4
2
12
3
11
1
13
1
10
1
15
4
9
3
39
5
9
2
45
1
7
2
6
2
6
2
26
4
11
2
16
3
5
3
49
2
7
2
41
1
14
1
60
1
13
1
31
3
4
1
36
1
4
1
27
1
4
1
49
2
1
1
14
1
4
2
22
2
10
2
63
1
10
1
47
3
13
2
61
2
10
2
55
2
13
2
7
2
13
2
45
2
14
2
17
3
4
3
9
16
11
2
14
3
10
1
29
1
2
3
41
2
9
1
65
2
6
1
22
2
9
2
38
2
8
1
22
1
6
1
3
9
10
1
40
1
8
2
30
2
10
1
6
2
12
3
5
5
2
2
37
4
4
3
65
13
8
3
63
3
7
1
63
2
1
2
44
3
7
3
13
7
9
1
16
1
10
1
35
3
12
1
41
1
13
2
15
1
8
2
54
1
9
1
68
1
6
2
4
3
3
3
52
8
11
2
68
1
14
3
68
13
13
1
18
14
8
3
31
19
12
2
61
3
14
3
71
1
3
1
29
2
4
2
25
3
3
3
2
9
7
2
36
1
11
3
35
7
5
1
66
3
3
1
55
2
7
2
33
2
9
2
49
2
7
1
42
2
3
1
3
6
5
3
15
5
11
3
40
1
5
3
67
11
8
2
30
3
8
3
14
26
7
3
12
6
8
1
10
5
13
2
52
4
14
3
44
5
5
1
54
2
10
3
47
10
14
3
63
9
12
1
45
2
4
1
1
1
2
2
3
3
9
3
34
6
12
2
41
4
8
1
40
3
13
3
60
2
7
3
36
5
1
3
6
5
13
1
37
2
4
2
31
2
11
3
31
4
8
3
55
13
6
2
11
2
4
1
8
6
4
3
65
14
5
3
8
4
12
2
60
3
11
2
18
3
3
1
23
2
2
1
52
1
8
3
67
14
5
2
68
2
6
2
63
3
2
2
3
1
14
1
30
3
9
2
53
3
14
3
42
1
4
3
14
9
9
1
9
4
12
2
34
1
11
2
14
2
9
1
2
7
9
2
31
3
11
3
9
17
9
1
71
1
13
2
1
1
7
1
38
3
14
2
36
3
11
2
53
2
14
1
6
1
7
2
8
3
1
3
32
6
10
1
36
3
5
2
42
4
14
3
4
24
11
1
71
3
5
1
39
2
4
3
43
6
14
1
52
3
9
2
40
1
10
2
33
1
12
3
25
4
12
1
17
7
8
2
15
2
11
2
43
3
3
1
11
3
6
1
68
2
5
3
25
8
7
1
26
3
11
3
43
4
4
2
26
3
1
2
17
2
3
2
40
2
10
3
11
11
6
2
44
5
2
1
5
1
1
2
67
2
2
3
54
2
14
1
43
3
1
1
25
2
3
3
11
4
4
3
13
4
11
1
14
8
13
3
29
6
7
2
66
3
9
2
4
2
8
2
27
2
10
1
32
6
11
1
45
1
1
1
49
1
11
1
12
15
10
3
33
8
7
2
32
4
11
1
33
4
13
2
43
2
6
1
27
3
5
2
39
2
14
3
18
3
14
3
61
7
7
3
53
7
4
2
71
1
14
3
49
1
12
3
33
12
5
1
4
6
3
1
53
2
14
2
71
2
6
2
16
1
5
2
35
3
11
2
65
2
5
2
13
1
5
2
5
2
10
2
22
1
11
1
7
9
7
3
68
14
12
1
10
3
3
3
3
1
7
2
28
2
2
3
52
10
7
2
10
2
2
3
17
15
8
1
12
2
6
2
28
3
2
3
39
2
1
3
26
7
1
3
7
4
4
2
10
1
8
2
13
2
7
3
30
22
6
3
45
1
11
1
18
9
2
3
30
20
11
