2
17
2
3
1
39
4
10
1
47
3
14
3
61
6
10
1
42
2
11
1
65
2
4
1
12
2
2
3
14
1
1
2
35
1
10
3
49
2
11
2
7
1
9
2
71
2
12
2
39
1
3
1
6
2
3
2
28
1
13
1
71
3
5
1
1
2
1
3
45
6
14
3
63
2
8
1
33
1
2
2
1
1
6
2
47
2
7
3
67
2
11
3
8
8
12
2
54
1
2
2
67
2
4
2
16
1
5
3
66
1
13
3
67
38
6
2
53
3
7
1
34
7
10
1
7
8
2
3
39
1
11
2
52
6
8
1
52
1
7
2
13
3
4
3
38
4
1
1
44
2
1
2
60
3
9
2
68
3
6
3
22
8
14
3
1
8
4
1
49
1
12
2
9
1
7
2
35
2
6
3
54
1
2
3
26
2
7
1
40
3
8
3
33
15
9
2
44
3
10
1
15
3
5
3
5
3
10
1
12
5
5
3
18
13
1
3
35
6
11
1
2
7
11
1
47
2
1
3
38
7
11
3
40
3
4
3
15
17
6
1
41
3
13
2
5
2
2
1
11
8
8
3
54
2
3
3
7
2
7
2
42
2
10
1
44
1
7
2
13
1
6
2
31
2
8
1
63
2
5
3
33
3
5
2
3
2
12
2
67
1
3
2
2
2
11
3
16
8
10
1
39
3
1
2
29
1
6
1
54
1
1
1
26
2
10
3
26
12
9
3
41
1
1
3
13
4
7
1
27
3
11
3
30
25
8
2
39
4
7
2
26
1
6
1
35
4
14
1
23
1
11
2
36
1
4
1
35
3
13
1
34
5
9
3
32
7
5
3
44
7
11
3
36
12
7
1
30
11
12
1
8
15
13
2
8
1
14
3
25
3
5
3
43
7
12
1
63
1
10
2
8
3
7
2
4
2
3
3
4
10
13
1
38
2
4
2
54
2
11
2
63
1
1
1
7
9
1
1
17
12
12
1
54
3
10
3
34
9
4
2
6
3
10
1
4
3
11
3
2
8
2
2
65
1
3
2
37
2
4
1
26
1
1
3
53
3
7
2
34
3
14
3
66
6
8
1
5
2
5
1
36
3
5
1
65
1
11
2
25
1
13
1
61
3
4
2
18
3
14
1
1
3
11
2
15
1
8
2
10
3
9
2
55
1
13
1
3
7
3
1
61
2
10
3
13
3
7
1
29
3
4
3
29
7
5
2
25
2
14
3
47
9
11
2
34
1
1
3
12
4
11
1
40
1
7
1
66
2
1
3
28
14
1
3
55
10
12
1
45
2
9
3
47
3
13
3
42
1
4
3
23
2
14
3
60
20
9
1
53
1
9
3
44
4
5
1
10
4
2
2
38
1
8
1
5
1
13
2
30
5
2
2
49
4
7
1
13
3
2
3
40
4
8
1
37
1
11
1
71
1
5
2
52
7
13
2
27
1
1
3
27
13
13
3
35
2
14
2
41
1
13
3
23
15
7
1
18
5
11
3
37
12
8
2
42
4
4
3
31
5
11
1
52
3
10
1
15
4
5
3
30
6
10
3
18
7
3
3
63
13
5
2
66
3
9
3
71
4
4
3
8
7
12
1
18
4
7
2
31
3
1
1
31
16
11
1
32
5
14
3
17
15
11
3
3
3
3
2
14
3
6
3
41
4
13
2
37
4
8
2
14
1
8
2
32
1
6
3
52
10
1
1
55
2
12
1
33
3
8
2
4
1
6
2
60
1
3
3
52
7
3
2
33
2
8
1
3
6
13
1
6
1
11
3
11
17
13
1
43
3
8
2
55
3
4
2
49
2
7
3
14
9
7
1
14
8
12
3
17
1
14
3
37
10
6
2
44
2
6
1
68
3
10
3
6
2
10
2
12
3
9
3
10
12
13
1
28
1
9
2
38
4
4
3
22
12
4
2
32
4
9
2
16
2
5
1
9
9
13
3
53
4
11
1
31
14
5
2
65
4
14
3
61
9
2
3
16
4
5
2
7
3
3
1
16
1
8
3
4
22
8
1
60
2
4
1
41
1
14
2
36
4
13
2
12
1
12
2
43
1
9
1
22
2
12
3
1
6
11
2
40
1
14
1
67
2
12
1
17
2
8
2
3
1
2
2
61
3
11
2
71
3
14
1
49
2
10
2
22
2
2
1
16
2
5
2
33
1
6
1
25
2
9
1
11
4
1
2
10
1
8
3
68
9
10
3
42
4
4
2
5
3
14
3
45
3
11
3
49
8
14
2
26
3
8
2
1
3
9
1
25
1
1
2
41
4
1
1
10
2
2
2
63
2
4
1
32
4
4
2
30
1
11
2
45
1
8
1
38
1
5
3
31
21
14
3
12
5
10
1
66
3
7
2
6
1
3
3
9
3
3
2
9
3
12
3
6
6
10
3
25
4
1
1
14
22
4
1
9
12
5
3
10
11
7
3
29
6
13
3
34
8
6
1
4
1
8
3
60
18
3
1
37
2
4
1
8
4
3
3
36
3
9
2
17
1
10
3
15
8
14
1
28
2
12
1
42
1
13
3
9
7
10
2
61
1
7
2
43
5
13
1
30
12
2
1
68
1
12
3
32
3
7
1
27
1
1
3
68
11
13
3
11
1
14
1
23
3
2
3
55
16
9
2
11
3
11
2
53
1
6
3
5
2
10
3
2
10
5
2
22
1
11
2
47
1
10
2
45
2
1
2
15
3
11
2
66
1
12
3
65
18
14
1
45
1
4
2
68
4
3
3
3
4
6
1
29
2
1
2
23
3
3
2
40
3
10
3
27
7
6
2
29
3
13
1
13
5
3
2
11
1
9
1
36
2
14
3
28
13
2
2
2
1
10
1
55
1
12
2
28
2
7
3
39
6
14
1
43
2
6
1
60
1
3
3
7
4
1
1
67
1
14
2
23
1
3
2
18
2
13
1
22
3
3
3
65
10
11
2
27
3
11
3
43
2
1
1
2
6
4
1
53
2
2
3
71
1
9
