3
39
4
4
3
47
9
6
1
67
1
8
2
15
3
8
1
43
1
2
3
30
15
6
3
41
1
9
3
68
2
1
1
29
1
14
3
7
5
2
2
9
1
3
2
16
3
2
1
55
2
9
1
18
9
4
1
8
5
9
3
35
7
12
3
16
5
3
2
23
1
7
3
2
1
12
2
42
1
14
3
68
9
8
3
1
4
4
2
39
2
9
1
45
1
4
3
41
3
10
2
15
1
2
3
7
3
12
3
36
1
6
2
44
2
2
2
37
1
6
2
22
1
1
2
23
3
1
1
65
2
14
1
44
4
4
2
55
3
7
1
26
1
5
1
37
2
5
1
37
1
5
2
18
4
12
1
29
2
6
1
47
1
2
3
37
12
10
1
9
11
10
1
5
1
7
1
33
4
7
1
66
2
5
1
55
1
2
1
6
1
1
1
27
2
1
2
37
2
1
2
14
1
9
1
38
2
1
2
71
1
10
1
23
3
14
1
17
8
7
1
53
2
14
3
30
4
12
2
3
1
1
2
35
2
7
2
36
1
6
1
22
1
4
3
54
2
12
3
9
3
13
3
8
5
6
2
33
1
12
3
37
4
6
3
33
10
2
3
67
18
3
3
49
3
2
1
15
5
14
2
30
4
11
3
47
7
9
1
47
2
3
1
1
3
13
1
1
2
12
3
25
1
4
2
10
1
8
3
29
4
6
3
40
3
6
1
65
1
6
1
49
1
9
2
5
3
7
2
9
3
8
1
27
1
1
1
54
3
11
2
25
2
10
2
39
1
12
3
16
1
8
3
40
2
10
1
61
3
6
1
25
1
8
3
32
8
7
1
23
1
5
1
61
1
12
1
2
4
10
2
32
2
1
3
31
15
4
3
65
18
6
2
63
3
11
2
10
3
4
3
17
12
9
2
47
2
14
2
66
2
14
1
11
2
9
1
25
3
7
3
12
1
3
2
49
2
8
2
55
1
7
2
67
2
9
1
33
3
11
1
32
3
12
2
28
1
7
2
38
5
6
2
34
3
5
2
52
6
7
3
25
5
1
2
52
1
14
2
54
1
1
1
18
12
6
3
11
14
1
2
8
1
4
3
71
5
9
1
9
2
12
1
26
3
12
2
44
5
11
2
26
4
10
2
8
3
9
3
66
3
11
3
15
16
10
2
60
4
12
2
16
1
7
2
35
1
9
2
40
4
7
3
29
14
12
3
22
10
12
3
26
7
6
1
16
6
9
2
71
2
10
1
41
2
10
1
39
3
14
3
63
5
3
1
39
1
11
1
22
3
12
3
11
24
14
1
36
2
5
3
31
2
3
3
43
2
12
3
63
2
13
1
6
2
10
2
65
2
5
1
52
3
12
2
66
1
10
3
38
5
6
2
7
1
14
2
61
1
5
3
13
5
8
3
4
18
4
1
40
3
2
2
38
1
5
1
13
3
8
1
8
15
14
1
52
1
14
1
38
1
11
1
12
10
9
2
65
4
8
1
68
1
6
1
45
2
5
2
67
1
6
1
40
2
8
3
44
6
7
1
63
2
13
2
13
1
2
3
13
9
12
2
1
3
13
1
71
2
1
2
60
3
1
3
12
5
2
1
28
2
4
3
53
7
10
1
15
1
2
3
42
1
9
1
30
11
13
1
68
2
8
1
32
7
5
2
36
4
9
3
45
2
14
2
30
3
9
2
53
1
4
2
2
3
3
1
34
8
3
2
22
2
2
1
14
6
11
2
33
2
7
1
41
1
5
2
45
2
3
3
60
7
14
2
68
3
2
1
16
2
14
3
61
9
12
3
10
10
11
1
28
1
3
2
40
1
13
2
1
2
8
3
60
23
1
2
68
4
14
2
47
3
6
2
18
2
1
3
52
16
6
2
6
2
9
3
49
7
5
1
54
1
11
3
28
10
12
1
42
1
5
2
34
1
9
1
3
1
4
1
60
2
13
2
12
1
9
3
17
3
10
3
38
9
11
1
43
3
4
1
12
15
7
1
4
2
4
3
1
1
2
2
42
2
8
2
32
4
14
3
26
1
5
2
14
2
2
2
63
2
13
1
34
2
9
3
44
10
13
3
23
19
10
1
44
2
13
1
31
7
4
2
49
3
3
1
30
14
12
3
53
1
10
2
6
1
3
1
3
5
7
3
5
4
11
3
55
4
13
3
32
1
9
2
17
1
13
3
27
5
5
3
10
24
3
1
7
8
14
1
10
5
8
3
2
3
3
1
17
9
4
1
67
2
4
3
27
4
9
3
9
25
13
2
31
2
1
3
6
2
8
2
2
2
2
3
55
9
9
1
42
2
12
2
41
1
2
2
3
3
2
3
34
7
14
2
25
3
10
2
27
2
11
1
14
17
6
1
49
2
9
2
5
2
14
2
13
3
9
3
4
7
8
2
31
1
8
2
11
1
10
3
18
2
12
3
35
3
12
3
23
18
1
3
52
5
5
2
11
2
14
2
26
3
4
2
41
3
4
3
36
12
3
3
22
4
1
2
4
2
4
3
61
11
2
1
60
1
5
3
39
2
10
1
4
5
9
2
29
1
4
1
53
1
6
3
18
17
1
3
6
3
3
2
27
1
2
1
66
1
4
3
54
1
9
3
3
9
14
3
15
2
4
3
45
5
2
1
31
17
9
1
7
11
2
3
43
1
8
1
71
1
8
2
43
1
8
1
5
2
5
1
35
4
5
2
12
2
6
2
17
3
14
3
67
12
1
2
61
3
9
3
42
3
7
3
66
4
4
3
71
1
6
3
28
12
2
2
4
3
12
3
34
2
7
3
14
5
2
3
8
14
11
2
29
2
13
1
2
3
9
3
3
1
11
2
54
2
2
3
5
3
1
1
11
12
1
2
28
2
7
2
53
3
12
3
33
17
3
3
65
11
1
1
10
3
6
3
14
2
3
2
7
3
11
2
45
4
2
1
63
1
10
1
36
3
2
1
13
1
4
2
43
2
2
1
35
1
13
