2
4
3
1
3
26
2
5
2
35
3
3
1
49
2
2
1
45
1
4
2
25
1
2
1
17
11
8
2
53
2
1
1
26
3
9
3
35
5
11
3
3
3
8
2
40
4
12
1
14
4
8
1
23
3
5
2
22
1
13
3
47
1
6
2
42
2
1
2
10
1
14
2
66
1
4
2
67
2
13
3
71
5
4
1
7
4
8
3
67
2
8
2
7
1
5
1
52
2
11
1
31
5
7
3
25
6
6
3
28
4
8
1
33
5
1
1
53
1
13
2
52
4
10
2
45
4
5
1
23
2
14
3
12
7
13
3
16
4
5
1
3
5
8
2
23
2
8
3
1
10
14
3
71
2
1
2
27
3
12
1
42
2
10
1
71
3
5
2
43
1
1
3
34
2
12
2
61
3
13
1
17
2
11
1
36
1
6
1
39
1
5
1
36
3
1
3
47
4
9
2
1
1
9
2
39
3
5
3
67
15
2
2
49
2
6
3
17
9
6
2
12
3
2
1
41
2
3
3
3
7
7
1
43
2
6
1
11
5
1
2
38
3
5
3
14
14
13
2
29
3
6
1
8
1
12
3
22
8
10
3
66
7
5
1
15
4
2
1
65
1
11
3
37
2
14
2
63
3
11
3
29
14
2
3
15
11
6
3
18
19
11
1
32
3
6
3
60
16
14
3
10
4
1
3
31
8
5
2
63
1
5
3
32
11
13
3
8
8
8
2
18
3
13
2
11
1
14
2
30
5
11
1
28
1
12
1
43
3
10
3
45
4
7
2
65
3
2
3
7
4
12
1
11
8
7
1
22
2
2
3
54
1
5
3
38
9
9
2
29
1
2
3
27
3
5
2
16
3
2
3
60
6
4
3
42
4
9
1
30
13
6
3
22
11
13
3
65
21
8
2
41
4
4
3
2
6
5
2
28
3
6
3
68
9
12
2
30
2
3
1
63
1
9
1
28
3
7
1
37
2
14
1
55
1
9
2
32
3
2
1
29
3
10
2
17
3
1
1
12
5
12
1
60
2
14
2
38
5
3
3
14
16
11
1
66
3
12
3
10
3
3
2
71
2
11
1
22
3
7
2
65
4
11
2
6
3
1
3
39
6
3
3
34
1
12
3
43
3
2
3
49
2
9
3
9
2
11
1
10
4
4
3
36
10
13
1
32
2
14
3
65
2
7
3
32
7
11
2
33
3
7
1
45
2
8
2
68
1
8
2
39
1
11
1
6
2
9
3
49
4
8
2
14
2
13
1
67
1
9
2
44
3
6
1
71
2
5
1
38
1
4
1
29
2
6
1
30
2
8
3
30
25
1
1
37
1
9
3
54
2
1
1
54
2
4
1
25
2
5
3
16
2
9
1
60
1
8
3
40
1
2
3
28
15
10
1
9
1
12
3
43
1
13
2
9
3
4
1
6
1
6
2
15
3
13
2
16
1
9
2
13
1
7
2
36
4
11
1
18
11
5
3
44
9
9
2
25
3
9
2
53
1
10
2
47
2
6
3
4
11
3
3
27
11
8
3
18
18
12
2
40
1
4
3
15
1
11
2
28
2
8
1
8
12
8
2
13
2
13
2
1
2
12
3
1
3
10
1
9
4
8
2
27
2
10
2
6
1
9
2
8
1
9
1
12
2
8
2
55
2
7
2
26
3
5
2
54
1
4
3
6
1
12
2
71
3
5
3
38
1
13
1
10
5
7
1
61
2
12
3
33
24
4
3
35
4
7
3
61
3
10
3
5
4
12
3
4
21
10
1
4
5
13
1
61
3
13
3
41
3
10
3
55
9
10
2
7
3
1
3
36
9
10
2
17
1
12
2
61
1
5
3
5
5
5
3
63
4
7
3
37
8
3
1
27
2
9
2
42
1
3
2
55
1
9
1
16
7
2
3
41
2
9
2
5
2
6
3
55
12
5
1
34
5
1
3
6
6
7
1
5
1
11
3
39
7
13
1
65
2
5
1
25
3
5
2
41
2
7
2
11
3
13
3
26
7
13
1
68
1
4
3
23
13
2
1
47
3
7
2
45
3
10
1
40
2
4
2
37
1
1
3
17
6
11
1
44
2
2
3
11
10
10
1
13
2
3
3
42
3
11
3
30
21
14
3
11
17
11
1
13
8
8
3
9
23
7
2
60
2
3
2
68
4
6
3
44
10
9
1
54
3
9
1
3
3
2
2
44
5
3
1
67
2
7
2
22
3
8
1
35
3
3
1
42
1
9
2
34
2
9
3
45
1
14
1
4
6
11
2
10
2
7
2
60
4
8
2
47
1
13
1
27
3
7
3
2
1
3
2
2
3
2
2
49
1
2
1
15
1
3
1
26
2
4
1
52
1
8
1
66
1
5
3
29
12
12
1
38
3
3
2
5
1
8
3
66
8
7
3
31
18
9
2
9
2
5
2
36
5
4
2
26
1
8
1
68
2
6
3
53
5
12
3
13
4
10
3
52
4
4
3
23
15
9
3
7
5
7
2
14
3
11
1
1
2
8
2
33
1
8
1
18
5
5
1
33
1
7
1
16
1
10
1
31
16
1
3
40
5
5
2
3
2
10
2
31
5
13
2
52
5
10
3
68
15
14
3
12
2
12
1
63
2
11
2
2
1
10
2
67
1
12
3
53
6
12
2
66
2
5
1
41
1
6
2
23
3
13
3
33
4
8
1
49
1
11
1
35
1
9
1
47
2
4
1
55
2
5
3
61
10
9
3
25
7
8
1
2
7
3
1
1
1
13
2
3
1
4
1
34
7
9
2
34
3
1
2
4
1
8
2
18
1
9
2
37
4
3
1
39
2
11
3
52
9
11
1
14
20
10
2
15
2
2
2
35
1
3
1
44
4
7
1
2
5
3
3
63
7
13
1
5
2
4
3
8
14
9
1
7
9
6
2
8
3
2
2
43
2
1
2
32
1
6
3
13
2
7
2
12
1
4
2
31
1
3
1
40
1
7
1
53
2
14
2
54
2
4
