1
15
3
3
2
7
2
6
2
32
3
7
2
6
2
12
2
18
3
1
2
25
1
13
1
34
3
2
2
27
1
10
2
14
2
10
1
40
3
1
1
35
3
2
1
65
1
14
2
66
2
7
3
32
9
6
1
67
1
2
3
12
5
5
3
4
7
7
2
34
2
9
1
2
3
12
2
26
1
6
2
65
1
7
1
29
1
4
2
28
2
12
3
52
8
14
2
8
2
14
1
52
2
2
3
4
3
11
1
8
1
9
2
68
2
3
3
71
3
3
2
4
3
13
1
10
7
6
3
10
10
6
2
61
2
1
3
14
15
14
2
12
3
5
1
12
9
2
3
43
1
11
1
39
1
13
2
22
1
1
2
13
1
1
3
53
8
9
2
22
3
11
1
63
2
11
2
42
2
10
1
23
1
10
3
36
10
9
2
17
3
4
3
41
3
2
2
60
4
14
1
27
2
11
1
22
3
4
3
1
9
7
3
66
5
8
3
13
6
12
1
43
3
9
2
31
1
11
3
44
1
4
2
31
4
11
3
34
1
9
2
14
3
11
2
10
1
14
2
15
1
8
2
38
5
5
3
30
25
10
1
15
4
10
2
45
2
4
1
6
1
9
3
33
22
1
3
35
8
5
3
16
4
10
2
15
3
9
1
40
2
2
1
5
1
14
1
38
1
4
1
52
1
9
2
37
2
4
3
5
1
7
3
42
3
6
1
61
2
10
1
4
1
9
3
6
3
10
3
29
16
4
3
37
4
4
1
14
17
5
2
2
3
7
3
44
9
14
3
53
2
6
1
68
2
13
3
9
6
1
3
7
5
2
2
12
1
13
2
52
3
11
3
61
7
4
1
6
2
8
3
60
29
10
1
1
2
3
1
53
1
3
1
44
4
12
3
68
9
3
1
7
3
4
3
29
12
9
2
60
3
10
3
40
4
10
1
4
2
13
3
47
10
5
2
35
3
10
1
26
1
7
3
31
28
3
3
11
24
11
3
61
6
11
1
27
1
7
3
22
5
4
1
55
1
4
3
8
17
12
3
26
10
3
3
15
15
13
3
49
4
9
3
17
8
8
3
31
2
8
3
43
2
13
1
26
2
11
1
44
2
5
3
8
1
11
1
37
2
2
1
66
2
2
3
39
8
6
3
28
6
13
2
35
2
4
1
42
1
1
1
49
2
5
3
15
10
7
2
53
3
3
2
18
2
6
2
67
1
5
2
71
2
10
3
9
32
4
3
14
19
7
1
22
2
8
1
49
1
5
2
47
2
10
1
71
3
7
3
18
19
7
1
36
2
13
1
32
1
5
3
3
10
3
2
67
2
1
3
23
15
11
1
9
2
11
2
65
2
3
3
6
4
1
2
11
1
5
1
65
2
8
2
55
3
9
2
42
4
12
3
45
2
4
3
23
14
5
2
54
1
2
1
14
20
6
2
40
4
9
1
39
4
14
3
40
5
5
3
65
10
3
3
25
5
11
3
49
2
5
3
39
1
9
3
5
4
2
3
33
5
3
1
7
7
9
2
49
2
12
2
41
5
4
2
26
2
5
2
66
3
7
1
66
1
5
1
32
4
5
1
60
1
1
3
3
2
11
3
37
5
9
2
43
5
4
2
23
3
13
3
65
4
9
3
13
8
7
3
27
1
1
1
18
7
11
3
38
1
8
1
17
4
14
2
71
3
13
3
67
11
8
2
37
3
5
1
68
1
5
3
67
25
11
3
1
3
12
1
54
1
7
1
33
2
9
3
28
16
11
3
71
4
1
3
68
2
12
2
38
3
1
1
31
9
3
1
16
4
1
3
63
9
8
1
25
3
4
3
26
7
9
3
38
7
8
3
55
14
11
2
25
2
4
2
30
3
9
2
30
4
14
1
1
3
10
3
18
18
3
1
29
3
2
1
23
3
6
2
43
2
10
3
11
25
8
2
63
3
2
3
27
14
3
1
35
1
7
2
49
4
10
3
35
1
14
1
28
3
1
1
9
1
8
2
4
2
14
2
13
3
13
2
29
2
10
2
23
2
5
1
63
1
3
3
41
4
8
1
60
2
1
2
54
2
9
2
7
3
12
1
34
6
12
2
1
1
14
2
52
4
4
3
12
4
10
1
61
1
9
1
11
3
12
1
30
21
13
2
68
4
14
1
37
1
12
2
36
1
6
3
55
8
5
1
45
2
12
1
43
2
2
1
41
2
5
3
60
28
12
1
45
1
12
2
63
1
10
2
16
2
4
2
34
1
2
3
54
2
13
3
47
9
2
2
39
4
13
1
55
2
1
2
16
1
4
2
17
2
5
1
18
12
12
1
17
15
7
2
40
3
4
1
47
1
5
1
67
2
4
3
66
1
3
3
42
1
11
2
53
2
8
3
16
8
8
3
25
7
10
1
16
3
4
3
54
1
14
2
27
2
13
1
3
7
11
1
2
1
3
2
6
3
12
3
17
2
1
1
47
2
2
1
53
2
8
2
45
3
7
1
3
6
6
2
39
2
7
2
2
1
13
3
34
11
9
2
29
1
1
2
8
3
7
3
52
3
11
1
28
1
6
2
36
5
11
2
55
1
4
3
2
6
13
2
1
2
10
2
3
1
13
1
10
8
8
2
5
1
12
3
36
15
7
2
9
1
6
2
11
3
8
2
5
3
6
3
10
1
8
3
45
1
10
1
13
9
14
3
30
26
9
1
71
1
4
2
28
1
9
1
5
2
7
2
61
3
1
3
63
7
11
2
10
3
9
2
47
4
6
3
2
4
13
2
3
2
6
2
44
3
7
2
32
2
1
2
44
4
5
3
22
12
13
1
36
3
5
2
41
3
6
1
38
3
4
1
11
1
9
1
42
2
4
1
25
1
7
2
33
2
3
1
33
6
11
2
9
2
13
1
13
7
2
1
31
12
4
1
41
1
10
1
30
14
10
1
8
8
1
3
7
3
14
3
32
3
10
2
33
3
14
1
54
2
6
1
12
12
1
