1
65
2
12
1
67
3
5
2
28
1
2
2
37
4
5
1
43
1
14
2
15
1
14
1
55
2
8
2
43
2
9
2
52
4
13
1
32
3
1
3
9
9
14
1
1
3
8
1
15
3
5
1
26
1
5
3
55
16
10
2
23
3
1
2
29
3
13
1
26
2
2
1
8
16
6
1
39
2
9
1
43
2
7
1
3
2
4
3
60
5
2
2
30
5
14
2
29
2
4
3
63
9
11
3
26
7
1
1
14
13
9
3
42
3
5
1
71
1
10
2
14
3
4
3
43
3
6
3
53
8
6
1
7
9
13
2
42
3
10
2
8
3
14
3
71
5
2
3
35
1
12
3
55
10
9
3
38
10
6
3
2
9
2
1
71
3
10
2
4
1
4
1
33
8
12
3
22
2
13
3
6
5
12
3
42
1
3
3
68
17
8
3
23
4
1
2
55
3
8
1
65
1
11
3
45
7
3
3
38
4
12
3
52
18
11
2
1
3
1
2
18
2
10
1
67
1
2
3
6
1
14
3
35
7
12
2
41
5
6
3
7
2
8
3
37
2
14
1
36
1
13
2
40
3
13
3
11
17
7
1
63
2
4
2
54
2
7
3
12
3
6
3
22
11
7
3
4
2
9
2
66
1
13
1
11
5
12
2
7
1
14
1
16
3
7
2
12
3
8
1
8
2
5
1
54
1
6
1
40
2
2
1
31
3
1
2
16
1
6
2
45
4
12
1
37
2
8
1
36
2
7
2
33
1
2
1
45
1
9
2
61
3
11
2
53
3
3
3
39
4
6
1
14
16
2
1
12
13
13
3
25
9
2
1
29
2
8
2
22
2
10
3
67
27
11
1
22
3
9
2
14
2
13
3
67
24
9
2
32
3
14
2
34
2
6
2
71
2
9
1
27
2
12
3
49
5
11
2
38
3
1
3
30
4
6
2
11
3
11
3
26
6
3
2
67
2
12
1
47
1
10
1
2
4
9
1
32
7
3
3
63
8
7
3
61
10
9
1
7
1
1
1
28
3
4
2
13
1
5
3
12
1
13
1
45
2
5
2
3
2
8
3
31
3
3
2
2
2
13
3
10
23
10
2
39
3
13
3
41
1
12
1
18
12
8
1
55
1
12
1
16
4
6
2
47
2
7
2
52
5
4
1
6
1
8
1
9
14
9
1
35
3
1
1
17
7
10
3
60
21
9
2
27
3
10
3
2
10
14
2
63
1
13
2
11
1
10
1
34
9
5
3
54
1
5
3
32
6
14
1
29
1
1
3
11
4
10
2
5
3
13
3
40
6
12
2
10
3
8
1
37
1
6
1
41
3
11
2
26
1
3
2
26
3
3
3
23
9
2
3
16
5
5
2
41
4
10
3
34
11
3
2
1
2
14
2
38
4
11
2
53
2
13
2
35
2
1
2
34
1
14
3
13
6
11
3
36
3
12
3
4
16
5
1
49
2
9
2
22
1
9
2
35
3
11
2
31
3
10
1
10
2
6
2
2
1
3
3
45
1
11
1
28
2
2
3
7
5
7
1
53
2
5
2
55
1
10
3
29
1
9
3
14
2
2
2
44
4
5
1
5
1
7
1
53
1
10
1
54
3
14
1
52
2
2
1
13
8
12
2
61
1
8
2
36
3
4
1
25
3
5
1
68
1
4
2
16
2
5
3
17
2
7
2
25
1
2
1
9
6
13
2
6
1
1
1
49
1
10
3
28
1
10
1
63
1
11
3
9
27
3
2
66
2
8
2
40
2
5
2
25
2
3
1
60
1
13
3
52
11
4
1
31
12
3
3
43
8
9
1
39
3
8
3
65
15
4
3
5
3
4
3
27
17
2
3
36
10
1
3
31
26
4
1
12
6
10
3
44
5
4
2
28
3
8
3
47
1
14
1
44
4
12
3
44
9
6
3
40
2
8
2
65
1
9
1
38
3
13
2
67
1
8
2
13
2
8
3
13
2
13
3
1
9
8
3
18
11
14
2
10
2
3
2
31
1
13
3
1
3
11
1
18
7
2
1
1
1
4
3
27
5
1
2
47
4
2
3
41
2
8
3
8
4
8
1
11
6
14
2
17
3
2
1
35
1
6
1
42
1
10
3
8
17
11
2
15
3
11
2
30
3
12
3
3
8
10
3
61
8
5
3
53
7
13
2
49
1
12
2
45
2
1
1
22
2
1
2
60
4
8
1
44
3
14
1
15
2
13
1
60
2
11
2
63
3
12
1
66
2
3
2
32
4
3
3
66
3
2
2
49
4
4
1
13
5
2
2
5
1
3
3
15
5
5
1
47
2
1
3
49
4
12
3
29
10
1
2
4
2
7
2
9
1
7
3
47
4
11
3
33
23
13
3
10
18
13
2
7
3
9
1
34
3
13
1
52
1
12
2
12
2
4
1
61
3
1
2
43
5
5
3
18
16
7
3
71
1
13
2
18
1
8
1
38
1
8
2
60
1
8
2
39
1
14
1
6
2
1
3
15
7
12
1
30
18
6
1
41
2
4
1
40
3
7
2
27
1
14
1
30
16
14
1
33
1
1
2
42
4
4
1
61
2
11
2
68
3
13
1
17
1
3
2
44
3
9
3
68
14
4
3
65
5
10
1
66
3
6
2
23
1
5
1
2
7
10
1
4
6
14
2
54
1
14
3
17
14
1
1
25
2
8
3
37
12
3
1
23
3
13
3
3
9
13
3
33
21
7
3
25
4
13
3
66
9
3
1
42
2
14
2
8
2
2
2
68
2
8
3
32
7
11
2
36
4
10
1
68
3
4
2
17
1
11
1
3
9
2
2
9
3
6
3
14
7
3
3
54
2
4
2
6
3
7
3
39
9
4
1
10
4
6
2
37
2
6
1
23
2
12
2
3
1
2
1
27
3
6
2
71
3
13
3
30
3
1
1
5
2
13
2
33
3
3
3
28
7
8
3
5
1
14
3
34
7
11
2
65
2
10
3
16
6
4
1
4
1
11
