2
37
3
7
3
27
15
5
3
71
2
5
2
34
1
9
2
12
1
13
2
23
1
8
2
12
2
10
1
5
1
5
3
22
12
3
2
36
2
1
1
27
2
3
3
31
8
13
3
39
8
10
3
45
2
9
1
16
5
6
2
27
3
9
2
54
2
3
3
23
2
8
3
10
7
11
1
26
1
10
2
36
5
3
3
14
18
10
3
9
9
9
1
49
1
12
3
66
2
8
1
3
3
7
2
40
4
9
3
26
10
14
3
55
6
7
1
38
1
6
2
38
5
5
3
67
10
12
3
5
3
8
1
49
2
10
1
53
1
8
1
1
1
4
2
37
4
2
2
29
1
12
1
60
2
10
1
55
2
2
3
47
10
1
2
55
2
13
2
35
3
1
1
18
1
13
2
47
1
11
1
65
1
4
1
61
2
3
1
3
4
5
3
36
11
6
1
13
9
10
2
16
3
4
1
29
1
9
1
29
2
14
3
33
9
6
1
23
1
8
3
32
1
3
1
15
1
7
1
68
2
5
3
54
1
5
3
27
12
3
3
67
7
5
1
63
2
13
3
54
2
9
2
67
1
13
2
71
3
5
2
23
2
6
2
3
1
12
3
4
12
10
2
1
2
4
2
33
2
11
2
13
1
7
1
4
3
1
3
41
2
14
3
2
4
12
3
65
15
9
2
18
2
10
2
5
3
14
2
30
5
9
1
30
3
13
2
2
1
9
3
1
2
1
2
10
3
10
1
12
9
13
1
32
6
12
1
54
1
8
3
23
14
5
3
38
2
14
2
42
2
8
1
42
2
5
1
4
6
14
1
38
3
14
2
45
1
2
1
25
3
6
2
14
3
9
3
47
1
8
3
49
6
1
2
6
1
12
1
44
1
6
2
8
3
7
3
52
16
5
2
9
3
3
3
28
5
10
1
35
2
13
1
10
2
10
1
33
2
11
3
39
7
3
1
41
2
12
2
26
2
1
3
33
17
9
3
53
4
4
2
34
3
13
2
3
2
8
1
42
1
9
1
28
3
10
1
60
1
11
2
61
1
2
2
25
2
11
3
6
2
4
2
28
3
7
1
2
1
9
1
52
3
9
1
39
3
2
1
31
11
3
3
35
4
6
1
5
2
8
2
53
3
5
2
53
2
11
1
47
3
9
2
35
2
12
1
2
2
5
3
31
18
8
3
60
29
9
2
32
4
11
3
35
7
5
1
26
3
1
2
2
3
2
3
11
10
5
3
68
15
13
3
34
7
1
1
34
6
14
1
67
2
8
1
13
8
12
2
31
5
5
1
10
1
9
2
38
4
13
2
32
1
2
1
1
3
9
1
9
6
6
3
68
11
9
3
63
2
9
3
61
11
1
1
35
3
4
3
37
4
2
3
49
2
12
3
42
2
7
3
26
4
2
1
30
21
14
2
30
1
7
1
14
9
7
3
2
11
6
2
60
1
14
1
27
1
14
3
10
11
10
1
67
1
9
1
71
1
5
3
17
13
4
3
65
18
5
1
17
14
9
1
54
3
8
3
29
6
13
3
16
8
1
3
12
6
1
1
45
1
6
2
61
3
4
2
6
3
1
2
65
2
1
3
52
7
1
3
8
3
9
3
36
14
5
2
31
1
5
3
11
6
13
1
53
2
8
3
14
19
7
2
60
4
1
2
47
3
9
3
9
6
10
2
27
1
4
1
66
1
5
1
40
2
9
1
15
5
3
1
43
2
2
3
7
3
3
3
32
10
14
1
6
1
1
2
44
1
7
3
1
6
11
2
11
1
9
1
22
3
2
1
44
3
9
3
61
4
13
2
4
3
6
2
4
1
9
2
16
2
4
2
41
3
1
1
8
4
12
2
43
5
3
3
6
6
7
2
39
2
14
1
41
1
3
2
15
2
13
1
52
2
4
2
18
3
6
3
7
5
3
2
49
4
14
1
18
6
13
3
13
1
9
3
15
7
12
2
17
1
1
3
30
6
13
3
18
3
7
3
38
10
4
3
45
6
7
3
8
14
9
3
43
7
9
2
63
1
9
1
28
2
1
1
25
2
8
2
68
4
3
3
44
9
13
2
54
1
14
3
41
3
10
3
15
15
3
2
25
1
8
1
36
3
11
2
17
3
6
2
26
4
5
1
23
3
12
3
63
11
4
1
63
1
2
2
22
2
1
2
11
3
3
3
13
9
9
3
12
7
13
1
7
4
3
2
66
2
13
2
7
2
6
2
9
2
5
3
66
3
1
1
14
7
8
3
30
13
5
2
28
1
6
2
42
1
8
1
12
15
3
1
11
10
2
2
1
1
4
1
11
9
13
2
14
2
2
3
34
1
3
1
43
1
2
3
44
5
14
2
68
2
4
2
66
1
8
2
55
1
6
1
37
1
6
1
34
10
9
2
43
4
3
1
36
1
4
3
5
1
4
3
71
4
2
1
31
4
11
2
13
2
3
3
22
9
13
1
68
3
10
2
33
1
1
1
66
2
9
3
29
4
6
1
45
2
13
3
3
10
13
2
5
2
9
3
3
8
9
2
49
1
10
1
9
5
9
1
6
2
8
3
55
7
8
2
29
2
3
1
47
2
1
2
10
1
8
3
4
1
10
2
40
3
12
2
67
2
11
2
71
2
1
3
43
4
10
3
28
14
1
3
40
1
4
3
37
1
2
1
17
3
3
1
71
3
1
3
17
11
3
1
40
1
9
1
33
7
12
3
60
24
4
1
55
1
7
1
61
1
9
2
52
7
8
2
8
2
1
2
15
1
13
3
53
8
2
1
22
1
6
2
41
1
9
2
52
2
13
3
25
9
3
1
39
4
10
2
39
3
2
2
22
3
6
1
8
16
11
1
37
2
12
1
16
1
1
3
18
23
2
2
45
4
7
1
7
2
9
3
25
7
14
2
65
4
5
3
16
2
2
2
63
3
10
1
32
2
6
2
44
3
2
2
7
3
12
3
40
2
10
3
42
3
8
1
65
2
12
