1
6
1
6
2
61
1
3
1
10
7
13
3
44
2
14
1
28
2
7
3
47
4
11
1
16
6
8
1
37
1
13
1
63
1
13
2
16
1
8
2
37
1
11
1
17
13
3
2
6
1
7
1
14
20
5
1
3
1
11
2
28
1
4
1
54
1
2
1
22
2
6
1
1
3
10
2
49
3
8
1
35
4
10
1
32
4
9
2
13
2
6
1
36
3
1
3
14
1
5
2
17
2
14
3
44
4
3
2
4
3
3
3
38
1
3
3
60
25
9
3
36
13
8
3
32
12
14
2
5
3
13
3
40
5
11
2
2
2
11
1
25
3
10
3
33
21
4
2
54
2
10
3
35
2
8
1
11
2
8
3
7
4
10
3
42
2
2
2
11
1
1
2
28
2
10
3
54
2
2
2
32
1
1
1
45
2
10
2
43
4
4
1
2
4
8
3
9
14
10
3
66
2
6
3
6
4
14
1
30
20
4
3
34
6
5
1
5
1
13
3
71
5
7
1
66
1
9
2
67
2
7
2
33
3
6
1
9
13
11
1
8
10
8
3
55
3
11
3
35
7
8
2
30
3
12
2
55
2
6
1
13
9
2
2
44
5
2
1
67
3
1
3
49
4
9
1
53
2
8
1
35
1
14
3
27
9
2
3
33
6
11
1
68
2
2
1
49
1
2
2
65
2
5
3
15
7
7
3
12
1
8
3
52
3
7
1
61
1
14
2
27
3
9
3
67
26
7
1
34
4
5
2
30
5
5
2
7
1
1
2
10
1
14
1
16
3
7
3
16
6
6
1
44
1
11
3
68
9
6
1
71
2
4
3
11
13
11
3
17
11
7
2
38
1
12
2
47
1
5
3
6
3
6
3
4
17
1
2
15
3
4
1
28
1
6
2
36
3
13
1
3
7
6
3
8
3
4
2
33
2
2
2
25
3
5
1
43
2
10
2
12
2
1
1
12
9
5
3
18
12
4
1
33
3
6
1
41
2
12
2
23
1
9
3
9
6
6
3
16
3
5
3
39
7
11
1
31
12
7
3
2
8
6
3
12
7
14
1
63
2
3
3
25
5
5
1
2
7
9
1
47
2
4
1
38
2
8
3
71
2
12
3
8
11
11
3
26
8
9
1
47
3
8
2
63
2
7
3
37
4
2
2
34
2
8
1
27
1
1
2
39
3
6
1
65
2
3
2
42
4
2
2
22
1
5
3
13
3
4
1
67
2
14
1
68
1
9
3
61
7
12
2
55
1
13
3
60
5
3
3
52
6
1
3
29
10
2
3
3
1
3
1
34
3
9
1
17
3
11
1
52
2
11
1
25
2
11
3
65
7
11
2
8
3
9
3
36
12
7
1
13
3
3
2
37
2
4
1
66
3
13
1
55
1
6
3
53
6
13
3
49
5
10
3
28
13
6
3
30
1
14
3
23
18
12
2
63
1
9
2
67
1
11
2
45
3
7
2
34
3
4
1
18
3
14
2
40
2
5
3
47
10
8
3
31
2
4
3
11
11
9
3
41
1
9
1
14
4
11
2
3
3
9
1
42
2
5
3
30
25
7
3
15
16
11
1
61
2
4
2
41
5
4
3
38
12
13
3
23
7
12
2
53
1
7
1
31
1
8
1
29
2
2
1
5
2
12
2
40
1
4
3
28
2
6
2
65
4
11
2
9
1
14
3
1
3
1
1
39
4
5
2
39
1
6
2
26
2
3
2
66
2
5
1
49
2
2
2
3
2
9
3
10
11
9
3
7
1
8
3
32
11
4
3
40
2
2
2
12
3
11
1
60
1
3
3
22
1
13
2
10
3
2
2
68
2
5
3
53
8
8
2
18
4
6
3
27
2
6
2
52
1
3
2
60
3
13
1
15
1
7
1
40
2
12
3
43
4
3
3
17
13
11
2
7
3
12
2
45
1
10
1
15
2
11
1
26
2
2
2
15
1
12
2
68
1
10
1
39
3
8
3
10
12
11
2
26
1
8
3
34
2
3
1
10
4
13
2
16
3
3
1
6
2
13
1
55
2
2
3
13
6
8
1
4
6
11
3
5
1
13
1
37
2
6
2
43
2
9
3
61
4
9
2
35
3
5
3
54
1
12
2
31
4
3
3
25
4
11
2
18
2
6
1
8
11
9
2
60
1
10
3
67
7
5
3
5
2
9
2
29
1
4
1
54
3
6
1
11
6
11
3
45
2
10
1
71
1
10
2
29
3
5
3
2
11
7
2
44
2
1
3
43
1
12
3
4
5
14
1
33
2
1
1
29
3
4
1
52
3
11
3
39
2
9
2
14
1
8
1
22
3
9
2
36
5
10
3
29
5
13
3
31
22
14
2
23
3
14
1
23
1
14
3
55
9
1
2
38
2
10
2
27
2
7
2
31
3
1
3
68
5
11
2
1
2
2
1
65
1
11
1
18
1
4
2
25
2
6
2
5
1
14
2
6
3
8
1
53
1
8
2
35
2
8
2
9
2
5
1
36
2
13
3
1
7
4
1
1
2
13
3
18
6
5
1
43
1
14
2
11
3
12
3
66
1
1
2
42
2
1
2
47
2
1
3
37
12
6
3
22
7
9
1
45
1
13
3
26
9
6
1
7
8
11
2
14
2
5
3
45
3
3
1
44
4
4
2
71
1
10
2
22
2
5
2
66
1
9
1
60
2
5
2
61
3
7
1
26
3
2
2
53
3
14
2
49
2
8
2
32
2
11
2
52
2
1
1
4
5
7
2
71
3
4
1
23
3
4
2
54
1
2
1
40
1
10
1
38
1
5
3
3
5
2
1
42
1
13
2
1
1
1
1
41
3
12
3
63
2
10
3
65
14
10
2
17
1
3
2
41
3
13
3
63
9
5
1
7
3
11
1
9
5
9
3
41
4
13
3
42
3
11
1
27
2
10
2
8
1
5
1
32
1
7
3
14
6
14
1
30
19
1
2
2
3
9
1
12
16
7
2
4
2
13
2
13
3
12
