1
66
1
8
3
67
26
7
3
53
3
11
1
61
3
7
3
68
3
4
1
18
3
3
3
65
18
8
1
8
5
14
1
33
3
11
3
44
5
11
2
14
2
14
1
27
1
13
2
49
3
11
2
18
3
12
2
66
1
7
2
38
3
9
3
34
3
8
3
32
11
9
2
28
3
6
2
4
2
3
1
29
1
11
1
1
3
4
2
29
1
11
3
10
17
12
1
63
1
1
2
63
2
2
2
54
2
14
3
45
2
14
2
3
3
5
1
55
2
8
2
53
1
7
2
66
3
11
1
23
2
12
1
3
8
10
1
42
2
1
3
33
19
2
3
28
7
10
2
9
2
10
2
42
3
9
1
26
1
5
3
2
10
6
3
31
5
12
1
18
9
2
1
40
3
10
1
65
2
6
1
52
1
2
2
36
4
11
3
6
2
13
1
67
1
1
3
40
6
4
2
9
1
8
2
68
1
7
1
53
1
6
1
49
1
3
2
1
3
5
1
30
18
8
1
6
1
13
2
34
1
9
1
16
6
14
3
3
7
2
1
67
2
12
1
7
3
6
2
26
2
5
2
23
1
3
3
41
3
12
2
61
3
11
1
17
10
13
3
11
24
13
1
16
4
8
1
14
17
1
1
37
2
7
1
27
3
2
3
52
16
9
3
60
21
7
3
36
12
4
2
37
3
7
1
34
5
6
2
26
4
5
2
11
1
7
3
13
8
11
2
54
1
6
3
42
3
3
3
39
1
11
3
53
5
8
2
31
2
8
3
16
7
8
2
5
3
9
1
25
2
3
3
55
13
14
3
63
7
2
2
33
2
14
3
39
4
6
1
52
2
13
2
25
3
4
1
63
2
8
2
35
3
12
2
53
3
1
2
30
5
11
1
39
4
5
2
67
1
7
1
49
2
7
1
15
4
14
2
35
1
14
2
5
1
12
2
22
2
3
3
31
18
7
3
14
1
14
3
11
3
12
1
60
2
8
3
5
2
1
3
3
8
12
1
60
1
3
1
38
3
1
2
60
2
4
1
4
8
8
3
4
1
3
2
11
3
2
1
68
3
1
2
38
1
7
2
4
1
9
3
60
15
1
3
9
4
6
2
15
2
6
3
38
2
13
2
10
1
2
3
10
15
6
3
54
2
9
2
30
4
1
2
23
3
4
1
53
2
9
3
44
8
6
3
25
9
7
1
42
1
2
3
14
19
3
1
13
8
11
1
23
1
10
3
49
6
7
1
10
5
1
1
5
1
6
2
55
1
10
2
14
1
6
3
8
16
1
2
45
1
4
3
47
3
1
3
12
7
9
3
30
14
13
2
8
2
8
2
16
2
6
1
6
2
3
1
5
2
11
1
9
11
8
1
54
1
8
2
8
1
4
3
30
1
1
3
26
2
1
3
37
11
4
1
61
1
8
3
7
1
10
3
8
7
1
2
52
6
14
2
44
4
5
3
34
10
14
1
11
8
11
2
71
2
13
2
43
4
13
3
32
10
10
2
32
3
1
3
2
3
4
3
25
2
2
2
47
4
12
3
71
2
5
1
29
3
12
1
11
4
2
1
13
5
3
3
67
21
10
2
7
3
13
2
15
1
2
2
25
2
5
3
43
4
12
2
32
4
10
3
15
14
3
1
43
3
12
2
27
1
14
2
55
2
12
3
16
2
10
1
17
15
11
2
17
2
11
1
31
3
13
2
1
2
4
3
52
6
9
2
3
2
12
3
65
2
8
3
66
7
11
1
43
1
4
1
66
2
6
3
22
12
13
1
32
1
13
2
39
4
1
3
28
10
11
1
1
1
2
3
1
2
4
3
27
14
13
1
36
3
2
3
5
4
9
2
49
4
9
2
17
1
4
2
13
1
5
3
22
2
12
1
10
2
6
2
41
5
7
2
22
3
13
2
47
2
7
1
22
2
8
2
12
2
12
2
16
3
1
1
22
1
11
2
6
2
6
3
61
5
9
2
45
3
2
2
27
2
14
3
45
7
6
1
38
1
14
2
65
4
14
2
29
3
1
3
35
5
14
2
12
1
4
1
28
3
10
3
4
20
2
2
67
2
11
1
37
1
11
2
13
2
11
1
2
5
10
1
47
1
13
2
41
2
8
3
68
1
9
2
44
3
8
3
7
2
8
3
1
8
4
1
35
1
11
3
61
2
6
2
61
2
3
1
8
4
13
3
29
13
14
3
18
17
11
2
71
3
10
1
44
3
7
1
30
15
14
2
37
2
3
1
15
3
6
3
71
1
2
1
36
1
11
1
31
5
3
2
7
1
11
3
9
8
8
3
26
1
2
1
45
1
2
2
68
4
12
3
17
7
6
1
45
2
14
2
10
2
13
1
3
9
4
1
33
2
2
1
14
10
2
3
6
4
12
1
7
11
1
2
33
3
5
3
12
6
4
2
43
5
2
3
29
18
8
1
44
1
13
1
32
6
12
3
47
10
8
3
17
17
2
2
6
1
11
1
40
2
2
1
9
2
7
1
26
3
4
2
40
3
13
2
65
3
3
1
71
2
10
3
54
1
12
3
66
9
14
2
42
1
13
1
65
1
4
1
28
2
8
1
12
1
12
2
36
2
3
3
23
12
14
2
28
1
9
3
35
6
4
3
37
9
10
3
18
3
10
2
18
1
3
3
63
4
10
3
23
17
13
3
43
2
8
3
40
1
9
3
13
1
2
3
33
17
2
1
54
3
13
1
25
1
7
1
71
1
10
1
41
2
9
3
38
1
6
1
47
2
5
1
4
4
12
3
27
16
9
1
34
9
4
2
60
3
5
3
55
4
10
3
36
11
4
2
31
1
8
3
41
4
7
1
39
1
4
2
2
2
9
2
39
2
11
2
34
2
6
2
40
1
8
2
52
1
1
3
15
2
14
2
63
1
6
1
68
2
11
3
42
1
11
1
35
3
7
1
2
6
11
3
49
1
7
1
55
1
13
1
12
14
3
2
2
3
12
1
41
3
12
