1
32
2
5
3
14
15
3
3
26
6
4
3
34
8
11
2
55
3
3
2
39
1
7
1
66
3
14
3
17
8
3
1
29
3
13
3
22
7
7
1
54
1
13
2
32
1
8
3
49
8
2
3
47
9
12
2
41
4
9
3
9
18
9
1
54
3
9
3
63
2
8
3
1
3
5
3
52
8
11
3
15
14
7
3
66
8
6
1
9
3
14
2
1
3
10
3
8
12
3
2
68
4
6
3
66
4
14
2
39
3
13
2
28
3
12
1
49
1
9
2
25
1
11
1
44
3
4
2
67
1
12
3
23
19
5
3
9
8
10
1
7
2
10
2
40
4
7
2
18
2
4
2
54
1
8
3
23
11
3
1
38
2
5
3
38
11
1
2
3
2
6
1
31
15
11
1
25
3
1
2
4
3
6
1
15
1
4
3
16
2
5
2
12
3
14
2
13
2
14
3
2
6
14
3
7
4
14
3
44
8
7
1
43
1
11
1
12
1
3
1
55
1
1
1
30
13
14
2
13
1
11
3
10
15
13
3
39
8
12
2
6
1
2
2
12
2
14
2
27
3
9
1
8
17
12
3
65
9
8
2
2
2
3
3
5
3
6
1
42
1
7
2
23
1
14
3
39
4
3
2
1
1
4
3
60
7
11
2
53
2
10
2
11
2
7
2
29
1
11
1
15
5
4
1
67
3
5
1
13
3
2
3
47
8
12
2
14
3
12
1
45
2
14
3
25
7
11
1
36
3
9
3
55
13
7
3
53
7
7
1
37
2
12
1
38
1
7
2
5
2
3
1
34
3
11
2
23
3
9
1
27
2
5
2
34
2
8
1
6
2
5
1
47
2
14
3
61
7
1
3
43
2
2
1
65
1
5
2
4
2
13
3
17
17
3
3
6
3
5
3
32
1
5
2
60
2
1
3
18
5
3
3
49
3
9
3
12
6
5
1
55
2
4
3
33
18
8
3
54
1
2
1
68
3
4
3
29
14
3
1
35
1
12
3
28
12
3
3
65
10
6
2
38
2
9
1
3
2
6
2
40
1
5
2
34
3
4
3
14
25
6
2
33
2
12
2
60
4
5
1
4
4
8
2
54
2
1
1
27
3
14
1
16
4
10
3
6
2
14
2
55
2
13
3
54
2
6
2
49
3
10
3
55
1
12
3
3
3
2
2
71
3
5
3
12
2
4
2
8
2
7
2
16
3
1
3
36
11
9
2
32
2
2
2
38
1
5
1
5
1
7
1
71
2
4
1
14
14
12
1
33
2
1
3
4
27
3
2
71
2
3
2
44
2
9
2
22
1
7
3
28
8
11
2
16
1
8
3
16
6
1
3
42
3
10
2
36
3
10
2
30
5
14
3
45
4
12
2
33
1
9
1
2
3
2
3
40
3
8
2
36
5
13
1
36
1
7
3
18
10
10
2
17
2
13
1
13
2
4
2
47
1
13
2
10
3
8
2
61
2
12
2
63
1
9
2
53
1
6
2
17
3
12
1
23
3
10
1
39
4
8
1
22
2
14
1
25
2
3
3
30
17
5
2
66
1
9
1
67
2
2
1
68
2
9
2
7
2
12
2
41
3
12
2
45
2
9
3
37
7
1
2
47
3
12
1
53
2
9
2
52
7
4
3
1
6
7
2
44
1
7
1
71
3
7
3
4
14
10
2
30
2
13
1
41
3
11
3
71
1
13
3
41
2
2
3
68
10
10
1
7
10
4
1
65
2
4
1
29
1
2
3
27
1
6
2
18
1
11
3
31
21
13
1
47
1
2
1
40
3
9
2
28
1
10
2
6
2
8
1
45
1
4
3
60
18
11
3
35
1
14
3
32
3
4
3
63
5
6
3
7
2
8
2
43
4
5
1
17
11
7
1
33
4
12
1
18
5
2
2
35
3
2
2
9
1
12
3
61
5
5
2
26
2
9
2
63
2
9
1
4
7
4
1
66
1
9
1
60
2
6
1
61
1
13
3
31
4
6
1
28
3
8
2
43
1
5
1
17
12
2
2
3
3
13
2
45
3
2
3
36
9
2
2
25
3
2
3
26
7
3
1
28
1
9
3
37
5
3
3
52
10
7
1
10
4
11
2
5
1
3
3
33
11
5
1
23
1
1
1
11
10
13
3
35
8
2
2
68
3
8
2
65
1
12
3
53
4
10
2
29
3
13
2
42
1
7
2
65
4
11
1
52
3
2
1
52
1
4
1
63
1
3
2
2
3
2
3
11
26
12
2
10
2
10
3
71
5
2
2
15
3
6
3
2
2
14
2
49
2
2
1
16
7
13
2
35
1
9
3
44
9
2
2
31
3
11
3
45
2
6
1
61
2
10
1
12
8
7
3
41
4
11
2
22
2
14
2
31
1
4
3
34
6
12
3
8
20
11
1
37
1
13
1
6
1
6
1
2
7
2
2
66
3
11
1
1
2
8
1
40
1
9
1
3
1
8
1
49
2
10
3
67
25
4
1
14
4
9
2
37
3
13
1
31
8
2
3
13
3
14
3
43
7
13
1
8
15
6
1
1
3
9
3
3
7
14
3
15
4
7
1
9
13
4
3
5
2
2
3
38
1
4
2
26
3
1
2
52
2
12
1
34
1
6
1
53
1
14
2
61
3
4
1
11
4
14
2
67
2
6
1
42
2
2
1
43
2
13
2
9
3
10
1
41
2
13
1
10
1
13
2
7
3
1
1
26
3
6
1
35
3
13
3
67
29
3
2
8
1
3
3
10
7
9
3
29
2
2
1
18
9
3
3
68
15
12
1
22
3
14
1
44
4
10
3
30
27
7
3
22
3
13
2
27
2
13
2
14
1
13
1
32
3
8
1
30
4
12
1
63
2
10
1
60
1
2
3
27
5
1
3
11
3
9
1
39
3
1
2
15
2
5
1
26
1
3
2
11
1
13
1
5
2
9
2
37
4
3
3
25
9
9
2
42
4
6
3
42
1
1
3
13
5
4
3
40
6
10
