2
39
2
5
3
35
8
11
3
7
4
11
2
3
3
1
1
63
2
6
2
67
2
3
2
5
2
7
2
34
1
12
1
67
2
4
3
3
5
14
1
44
1
12
3
8
15
3
1
18
2
4
3
41
1
3
1
37
2
10
1
55
2
2
2
66
1
10
3
4
10
3
1
36
1
12
3
17
13
14
3
8
17
6
2
36
3
5
1
13
3
12
1
61
1
14
2
44
5
1
3
14
7
12
3
37
4
7
2
25
2
1
2
37
4
3
1
52
3
1
2
42
2
5
1
29
3
5
2
43
2
9
2
8
3
11
3
53
7
9
2
40
1
9
3
68
2
4
1
30
12
7
2
31
4
12
3
52
9
2
1
3
7
5
1
10
3
13
3
27
9
4
3
67
32
9
2
15
1
14
3
44
5
7
3
38
5
14
1
47
1
6
2
66
3
6
2
27
2
11
3
52
12
8
3
16
2
4
1
4
1
3
3
12
2
12
2
35
2
7
2
15
2
1
2
52
4
11
3
4
20
1
2
39
3
2
1
15
2
6
1
65
1
9
3
11
14
3
2
68
2
4
2
43
5
9
3
1
8
6
1
34
9
10
3
40
6
7
1
54
2
13
2
22
1
12
3
23
4
12
3
63
6
3
3
39
1
7
3
13
6
9
1
66
2
3
1
49
2
1
1
11
10
3
1
22
1
4
2
37
3
11
2
11
1
3
1
6
2
9
2
53
1
3
1
61
2
3
2
23
3
1
1
32
7
4
2
23
1
12
1
29
2
8
3
45
5
8
3
54
2
1
3
65
3
3
3
31
26
3
2
3
1
4
1
14
9
14
3
38
1
13
3
42
1
4
3
61
4
11
3
22
10
14
1
25
3
3
1
27
1
8
3
36
15
1
3
17
4
8
1
39
1
10
3
30
13
3
1
28
2
10
2
35
1
2
3
25
7
10
3
10
10
10
3
34
2
11
3
54
1
1
1
37
1
13
1
71
2
10
3
60
24
9
1
26
1
3
2
65
3
6
3
28
15
5
1
60
2
13
1
27
2
5
2
7
2
1
1
34
6
12
1
13
1
12
2
25
3
9
3
7
5
14
2
68
4
14
2
53
2
6
2
4
3
5
3
9
5
5
3
22
3
2
1
3
9
13
2
4
1
2
1
41
3
12
2
17
2
12
3
63
10
6
2
6
2
13
2
71
1
2
2
42
1
10
3
55
7
7
3
1
10
2
3
28
2
9
1
40
1
8
1
49
1
5
2
28
1
6
2
55
3
4
1
43
1
5
1
31
14
9
3
42
4
2
2
52
1
9
3
11
26
6
2
6
1
9
1
43
2
2
2
38
2
12
1
53
2
10
3
61
7
10
2
33
2
14
3
68
16
5
1
39
3
14
1
8
9
4
3
10
16
10
1
63
1
14
3
5
3
14
2
34
3
13
3
14
19
14
1
71
1
1
2
65
4
6
1
5
1
10
3
29
11
12
3
40
3
9
1
33
1
5
2
60
2
10
3
45
3
5
3
47
6
13
1
66
1
1
2
55
1
9
2
5
1
7
2
47
4
12
2
10
1
13
3
32
5
2
3
6
3
5
2
26
1
13
1
52
2
12
3
33
12
8
1
44
4
6
2
1
1
12
3
33
7
8
2
1
2
7
1
15
5
7
2
63
3
2
1
6
1
7
3
66
6
6
2
32
2
13
2
18
4
8
3
26
8
5
2
49
3
14
3
16
8
11
2
32
3
5
1
23
2
14
1
68
1
10
3
23
12
8
1
32
1
14
3
15
1
3
2
41
5
2
2
12
3
6
3
39
7
12
1
17
14
5
3
12
7
7
2
61
1
11
1
45
2
5
2
13
3
4
3
3
2
11
2
36
2
7
1
16
5
3
1
47
2
2
2
29
1
11
2
54
1
5
3
47
5
3
3
29
12
1
2
12
1
12
1
33
8
2
1
14
5
4
1
12
6
2
3
25
4
10
1
68
3
8
2
11
3
9
3
30
8
10
1
10
6
5
3
60
1
5
1
9
1
11
2
67
1
1
1
30
17
14
3
55
3
8
2
45
3
6
1
9
10
6
2
14
1
14
2
30
4
5
1
42
2
14
2
9
3
8
2
26
3
13
3
31
28
12
2
60
1
4
2
33
1
8
1
65
2
4
2
2
1
2
1
54
3
7
1
12
3
3
3
15
5
4
1
16
6
5
3
71
3
11
2
45
1
10
2
16
2
9
1
38
2
6
3
71
4
5
1
8
15
12
2
44
1
10
2
27
3
4
1
45
1
12
3
34
9
13
1
35
1
7
3
13
7
2
2
2
2
1
2
40
2
11
2
41
1
10
3
2
10
11
3
35
4
10
2
28
2
12
1
40
2
10
3
5
2
8
3
37
12
9
2
9
2
12
3
67
12
6
1
41
2
14
3
36
12
12
1
23
1
6
2
14
2
9
1
4
6
11
1
60
1
9
2
7
1
9
3
44
2
3
3
2
1
13
3
27
5
14
1
11
11
13
1
25
1
6
2
61
2
11
2
31
1
14
2
54
2
12
1
28
1
10
3
43
8
14
1
1
2
10
1
18
3
9
1
2
4
4
2
18
3
14
1
5
2
1
3
32
2
3
1
7
6
9
2
71
2
8
1
36
3
4
2
63
1
5
1
42
1
8
1
55
1
8
3
53
2
9
3
26
10
6
2
47
3
14
3
43
3
6
1
26
2
14
3
49
3
10
2
10
3
9
1
31
18
8
3
66
3
6
1
7
9
5
1
53
1
3
2
49
2
11
3
41
4
14
2
8
2
12
2
38
4
6
2
30
5
3
2
17
1
6
3
9
6
12
1
1
3
4
1
2
1
12
2
29
3
9
2
16
3
6
1
22
3
8
2
22
3
7
1
67
3
12
3
18
8
14
1
35
3
4
3
65
7
11
2
13
2
9
3
18
6
5
1
17
7
5
3
49
2
10
1
38
3
8
3
6
2
14
