1
18
5
1
2
63
3
1
2
45
3
3
2
40
1
4
1
65
2
4
1
26
2
8
2
40
3
4
2
71
2
3
1
38
1
8
3
3
5
10
1
29
1
7
2
65
3
10
2
66
2
2
1
29
2
11
1
23
1
7
3
13
6
9
2
67
2
10
3
14
17
12
3
54
2
3
2
33
1
10
2
7
3
12
3
37
11
7
3
6
6
4
2
13
3
5
3
28
9
10
2
11
1
13
3
29
3
14
2
29
3
5
2
42
2
4
2
3
2
5
2
2
3
11
3
49
3
3
3
37
6
2
2
33
3
1
2
44
2
3
1
31
12
3
2
39
4
9
3
5
4
14
2
29
1
9
1
7
4
14
3
43
5
14
1
41
2
4
3
16
3
14
1
23
3
8
3
30
6
4
1
18
4
7
2
41
5
14
2
14
3
8
3
41
3
8
3
41
2
4
3
55
17
6
1
47
1
14
3
27
4
8
3
18
5
12
3
8
15
2
2
28
2
3
2
10
1
6
1
13
7
11
1
41
1
11
1
26
1
5
2
9
1
1
1
30
13
14
2
9
3
9
3
27
2
6
2
6
1
4
3
25
7
2
2
38
2
11
2
31
3
11
3
44
2
13
3
33
12
11
1
11
12
3
2
2
2
7
1
8
11
6
1
67
3
6
3
71
3
5
2
42
4
7
2
63
2
6
3
4
14
14
3
44
8
1
1
22
1
14
3
15
9
8
1
60
2
4
2
12
1
9
1
8
13
8
1
39
4
1
1
39
2
1
2
34
1
8
2
5
3
3
1
34
8
9
1
12
4
2
2
5
2
5
2
43
1
13
2
3
1
7
3
8
9
10
2
22
2
1
3
45
2
3
1
63
1
3
1
2
1
10
2
27
1
12
2
37
4
4
3
4
20
10
3
14
1
2
3
68
2
12
2
52
3
5
3
7
3
1
1
4
4
14
2
52
2
1
1
33
8
14
2
36
4
7
3
34
11
5
2
25
1
8
1
44
3
9
1
43
2
6
1
14
14
14
2
38
1
2
3
22
4
1
1
1
2
4
2
18
2
8
1
61
2
5
3
12
5
11
3
26
1
9
1
7
10
5
2
55
2
3
1
5
1
14
3
6
3
13
2
28
3
8
2
26
4
2
1
35
3
11
1
32
2
12
1
32
4
12
1
35
2
13
3
38
8
12
3
12
1
7
3
53
1
2
3
32
1
9
2
27
3
12
1
16
4
7
1
40
3
11
3
66
5
13
3
40
4
8
3
40
5
13
2
65
1
3
1
52
3
6
1
53
1
14
3
23
19
8
2
7
1
11
1
68
2
7
2
37
1
8
1
12
2
10
1
3
8
10
2
47
3
13
1
42
2
12
3
66
9
2
2
34
3
13
3
63
11
4
1
33
3
1
3
49
6
5
2
22
3
11
3
2
7
11
3
22
8
5
3
17
9
7
3
39
10
7
3
16
5
3
1
4
5
11
2
30
5
4
1
14
9
10
3
25
4
10
2
61
2
9
2
35
1
7
1
61
1
14
1
6
2
4
3
29
1
7
3
47
2
12
3
52
17
3
1
15
3
13
3
60
11
8
2
53
1
6
1
45
2
2
3
67
23
8
1
60
1
1
2
25
3
4
1
55
1
10
2
32
1
13
2
39
3
4
1
9
6
9
2
54
1
1
3
63
13
14
1
37
2
9
2
61
1
8
3
26
9
1
1
67
2
13
2
11
2
8
1
43
3
7
1
36
2
1
2
18
3
10
1
71
1
4
2
13
1
8
2
49
3
11
3
53
3
8
2
36
1
6
1
47
2
9
1
1
1
5
1
17
15
4
3
55
8
4
1
9
12
4
2
60
1
1
2
44
3
2
3
68
8
6
1
25
2
13
3
31
19
7
1
45
1
14
3
28
12
6
2
53
2
9
3
17
7
7
2
1
1
12
2
45
1
14
1
68
3
4
2
71
3
5
3
71
5
4
1
5
2
5
3
32
8
6
2
17
3
6
2
41
3
3
1
25
3
13
1
27
3
13
1
6
1
3
2
4
2
9
2
43
5
13
2
23
1
2
2
26
3
10
3
60
8
9
2
16
2
8
1
53
2
1
2
16
1
6
1
55
2
10
2
23
3
14
2
8
3
4
1
49
2
9
2
1
3
5
3
30
18
11
3
35
1
8
2
12
2
12
2
10
3
12
1
44
4
13
3
42
3
14
3
9
10
4
1
15
1
3
3
33
21
6
3
43
1
10
3
10
1
12
1
28
3
10
3
54
1
9
2
47
4
2
1
22
2
12
1
31
16
8
1
42
1
11
2
8
1
11
3
42
1
6
1
54
3
14
1
10
5
8
2
15
3
11
1
66
1
8
3
45
7
11
2
35
3
4
3
36
2
10
2
31
4
9
2
14
2
2
3
52
10
14
3
65
10
9
1
37
1
6
3
10
17
1
2
55
1
11
2
6
3
8
1
65
1
14
1
49
1
10
3
13
9
10
1
27
1
9
3
65
19
4
1
28
2
4
3
18
17
8
3
7
5
5
3
9
22
2
1
36
3
13
3
47
5
14
3
38
11
13
1
2
3
11
2
60
4
1
1
13
8
4
3
34
8
1
1
16
5
9
1
11
4
14
3
31
7
10
2
67
1
11
3
61
1
8
2
68
1
8
1
34
6
2
3
5
5
13
2
4
3
4
3
36
7
5
1
71
2
13
1
52
1
11
3
23
8
14
1
10
3
10
3
3
2
4
1
17
7
4
1
30
6
13
1
38
2
11
1
66
3
3
2
17
2
6
3
1
4
7
2
68
4
8
2
49
2
3
2
54
2
5
3
15
1
9
3
2
2
6
1
40
2
13
2
15
2
4
3
61
7
2
1
54
1
11
3
35
7
2
2
66
3
14
3
67
15
13
3
39
4
5
1
3
10
4
3
1
9
13
3
11
10
11
2
32
4
12
2
30
3
10
1
63
2
2
3
11
6
5
