3
40
6
7
3
67
26
6
1
25
3
7
1
39
4
1
2
27
2
4
1
31
5
1
1
7
3
7
2
16
2
12
1
60
2
14
3
33
3
3
3
61
11
14
1
31
17
10
1
38
2
11
2
63
2
2
2
67
2
5
3
3
9
13
2
12
2
10
1
53
2
12
3
4
16
11
3
25
2
4
3
9
2
3
3
34
6
5
1
26
2
11
2
38
3
9
3
17
11
11
2
22
2
3
1
33
8
4
3
36
12
4
3
25
1
6
1
34
5
1
1
41
1
14
2
26
2
10
3
40
3
10
1
42
2
12
1
54
2
4
3
27
6
8
1
26
1
2
2
61
2
8
2
33
2
14
3
54
2
14
2
45
4
2
2
37
4
9
2
71
3
12
1
38
3
12
3
54
1
1
1
28
1
13
3
61
10
7
1
29
1
4
2
8
1
9
2
63
1
9
3
60
18
4
1
17
3
7
3
18
18
6
1
30
6
5
1
53
1
14
2
31
1
2
1
66
2
7
2
15
2
8
1
55
2
12
3
2
2
9
2
42
3
13
2
68
3
5
2
47
2
13
2
6
1
12
1
16
1
10
1
5
2
14
1
49
1
13
3
10
13
13
2
53
1
13
2
13
3
9
3
9
19
2
3
1
10
7
1
6
1
8
1
67
2
14
1
6
2
10
1
44
4
1
3
63
7
4
3
55
6
1
3
28
4
9
1
63
1
9
1
5
1
10
2
36
1
5
2
47
4
7
3
42
3
1
3
38
8
11
1
42
1
4
3
65
19
13
1
54
1
11
3
28
2
1
1
15
1
2
2
31
3
10
1
40
1
4
2
65
1
7
2
23
3
5
2
5
3
12
1
40
3
1
2
49
1
1
2
3
3
9
2
23
2
3
2
54
1
5
1
66
1
2
3
15
1
11
2
37
3
7
1
23
2
9
2
32
1
6
3
8
5
4
3
34
1
3
1
8
10
2
3
52
4
13
3
3
1
12
2
14
1
9
2
30
1
8
1
22
3
8
1
22
1
8
3
44
2
3
3
53
7
11
2
1
2
14
3
26
7
10
1
49
2
3
1
1
1
6
2
27
3
6
1
55
1
1
1
61
1
7
1
9
14
6
3
55
15
11
3
30
9
4
2
35
2
12
2
66
2
4
3
43
2
2
1
33
4
11
3
22
8
7
2
34
3
1
2
39
1
5
2
28
3
2
1
63
2
2
2
65
3
1
2
49
4
6
2
61
1
8
3
32
12
6
1
12
4
14
2
30
2
13
2
25
3
7
1
47
1
14
1
3
2
10
1
71
3
2
2
44
5
13
2
45
2
8
1
27
2
8
2
7
3
4
2
33
3
14
3
12
1
11
1
68
3
2
3
35
2
6
1
44
2
13
2
68
1
6
2
3
2
6
2
71
1
6
1
14
9
14
1
43
2
11
1
13
5
9
2
54
2
8
1
11
8
11
2
34
1
7
3
7
3
11
3
17
13
12
3
42
2
13
2
67
1
6
3
23
19
10
2
22
3
14
3
2
8
12
1
17
15
3
1
2
2
7
3
8
15
14
2
60
3
7
1
41
2
5
3
71
3
1
2
53
2
4
3
68
15
10
1
4
1
6
3
47
6
4
1
3
8
6
2
55
3
14
1
30
13
2
3
6
3
2
3
68
11
1
2
26
1
5
2
11
2
14
3
65
16
11
1
36
1
6
2
28
1
12
3
37
8
5
3
41
4
10
3
52
9
9
1
32
2
2
3
6
5
3
3
66
5
6
2
8
3
6
1
45
2
10
1
65
2
3
3
11
3
2
3
29
2
2
3
45
4
11
3
22
1
14
3
5
5
7
2
41
5
13
1
18
9
9
3
26
5
3
2
29
3
4
1
16
4
5
2
1
3
4
2
40
4
2
2
9
2
11
3
18
7
8
2
7
2
6
2
11
1
9
1
2
4
2
2
38
2
8
2
39
2
3
3
1
9
11
3
66
1
6
2
66
3
2
1
34
3
2
3
11
9
8
3
15
5
2
2
52
3
13
3
7
5
4
3
63
1
6
1
11
10
6
3
39
3
9
1
10
6
1
2
6
2
8
3
71
2
11
1
32
6
11
3
31
12
1
1
60
1
2
3
27
9
3
2
43
3
3
2
18
2
2
1
13
7
11
2
10
1
9
2
55
2
10
2
13
1
5
1
27
3
2
2
2
1
11
1
10
5
14
1
47
3
3
3
14
26
3
3
39
8
6
1
71
1
12
3
14
11
13
1
37
2
3
2
4
3
5
2
18
3
10
2
10
3
4
1
18
12
10
2
15
3
11
1
61
2
7
1
12
15
2
2
14
3
6
1
36
2
1
3
41
2
8
1
1
2
9
3
23
7
4
1
52
3
7
2
40
1
13
2
32
2
9
2
29
2
4
1
23
1
11
1
52
1
10
2
60
1
6
3
29
17
13
2
16
1
6
2
12
3
11
1
4
7
6
1
15
2
4
2
36
4
2
2
52
5
5
3
37
5
4
3
44
7
4
2
35
1
14
1
37
1
11
3
5
4
8
3
38
7
5
3
4
1
11
3
49
6
4
1
28
2
11
3
16
2
13
1
9
13
11
3
45
5
5
1
65
1
2
3
33
12
4
3
67
21
11
2
25
1
6
3
13
9
7
3
10
7
9
2
17
2
14
1
45
1
1
1
14
22
10
2
17
3
14
1
25
1
5
2
9
3
10
3
16
4
1
3
47
8
1
1
8
15
9
1
43
1
10
3
60
3
10
2
44
3
6
3
32
11
12
2
43
5
1
3
12
7
10
1
29
3
5
1
35
1
10
1
39
3
7
3
53
6
9
3
49
2
13
1
7
9
10
3
35
7
2
3
31
23
3
3
13
2
9
2
42
4
7
3
43
4
6
2
4
2
10
1
35
2
14
2
41
1
9
2
5
1
14
1
68
1
1
3
30
13
14
1
67
3
13
3
36
8
4
2
2
2
12
