2
26
2
12
1
49
1
13
3
44
8
1
1
45
1
7
2
5
1
13
2
38
3
12
1
32
2
3
3
54
2
1
3
23
6
10
1
34
8
5
3
53
1
2
1
55
2
6
1
52
1
11
1
15
5
14
3
26
1
3
3
52
2
12
1
71
3
7
3
33
2
6
2
10
2
3
2
52
5
14
3
37
1
4
2
37
3
2
1
2
5
10
1
11
3
14
3
35
7
7
2
13
1
5
2
29
3
3
1
43
3
13
2
63
3
13
3
14
22
13
1
27
3
3
3
22
3
12
1
31
5
9
2
2
1
9
3
18
17
13
3
30
28
10
1
38
2
10
3
27
9
10
3
5
3
2
1
33
5
14
1
34
9
12
1
10
7
10
2
6
1
7
3
38
8
14
1
14
9
6
1
63
2
13
3
71
4
11
2
3
3
2
3
40
6
3
2
40
1
10
3
26
6
3
2
45
2
5
2
17
3
7
2
17
2
14
3
65
15
1
2
55
1
1
1
16
3
4
1
2
1
3
1
10
6
10
1
54
2
6
2
23
3
9
1
28
2
4
1
47
3
13
2
71
1
8
2
1
2
5
1
11
11
4
1
41
3
10
3
16
2
4
2
49
4
13
1
33
3
2
1
38
1
3
2
54
1
4
2
1
3
1
1
54
1
13
3
47
2
6
2
22
1
6
1
65
2
10
1
6
2
13
1
5
2
10
3
25
9
9
3
29
13
10
2
4
3
11
2
8
3
5
2
11
2
9
3
30
9
7
2
47
4
3
1
30
13
13
3
11
2
2
1
6
1
9
2
34
2
10
3
17
7
7
3
5
2
9
1
36
3
9
2
67
1
2
1
35
2
10
3
7
2
2
1
37
1
3
2
32
2
8
3
41
4
9
3
16
7
2
1
68
2
5
3
33
16
9
3
65
16
7
2
60
3
1
1
63
1
1
3
31
4
6
3
68
2
8
2
44
4
9
2
71
2
9
1
22
1
12
1
47
1
6
1
31
8
13
2
63
2
12
3
71
1
10
3
17
16
4
2
6
2
2
1
23
2
8
2
68
2
1
3
66
2
11
3
7
4
6
1
15
4
8
3
10
19
7
3
36
4
11
1
9
5
4
2
39
3
6
1
42
2
6
1
42
1
8
2
33
3
3
3
1
6
1
3
14
11
1
1
39
2
9
3
12
2
1
2
22
2
6
3
68
6
8
2
43
1
2
2
35
1
6
3
61
11
6
1
7
6
14
1
36
2
10
1
13
7
10
1
61
1
4
1
27
1
11
1
12
2
2
3
42
1
3
2
35
3
10
1
39
3
13
2
40
2
8
2
41
4
3
3
45
1
9
2
36
5
13
3
55
2
13
3
38
12
3
2
66
3
8
3
45
5
8
3
34
11
3
2
38
4
9
2
37
1
3
2
53
2
4
1
52
3
13
1
29
1
2
2
61
3
11
2
14
1
9
1
17
4
6
2
4
1
2
3
22
5
6
3
61
5
10
2
30
5
13
3
53
8
3
3
49
4
8
1
66
2
3
2
33
2
12
1
53
2
7
2
31
3
6
2
16
3
13
3
2
9
10
3
34
10
5
1
61
3
4
1
12
10
10
1
35
4
14
1
67
1
5
1
28
1
1
2
25
3
1
1
71
1
8
2
5
3
3
1
40
2
13
3
18
11
8
1
26
2
9
1
18
10
1
3
67
27
9
2
31
1
7
2
65
2
1
2
45
1
3
2
2
3
8
3
43
4
6
2
29
2
1
2
3
1
14
3
31
11
12
3
25
2
4
3
60
18
14
2
13
3
13
1
68
1
10
1
41
1
13
2
60
2
9
1
67
3
10
1
40
3
7
2
32
1
3
1
60
1
6
3
13
3
9
3
49
5
12
3
44
10
6
2
42
4
9
2
44
3
9
3
15
2
3
3
10
21
4
1
13
2
9
2
67
2
2
1
3
4
14
2
14
2
1
2
12
3
7
3
37
8
3
2
34
1
12
1
66
3
5
3
54
1
6
2
68
3
6
3
8
13
4
1
1
2
8
3
63
6
2
3
29
11
3
1
30
20
12
3
35
5
7
1
55
1
3
2
42
1
2
2
8
1
4
2
28
3
12
1
49
2
3
3
1
5
6
2
16
1
1
2
25
1
4
3
27
6
12
3
32
7
11
3
63
2
9
3
39
5
8
1
43
2
9
3
8
20
12
2
9
2
10
2
23
2
3
3
2
1
12
3
67
28
8
3
42
4
1
3
28
15
11
3
47
9
6
3
4
7
8
3
40
2
13
3
13
5
13
2
18
2
7
3
12
4
12
1
18
1
7
3
41
1
9
2
41
2
11
1
7
5
7
2
55
2
14
1
1
3
8
3
4
18
10
2
7
1
10
2
65
1
10
2
12
1
3
1
25
3
13
1
29
2
4
3
52
1
9
2
43
3
7
1
5
1
8
2
7
2
9
1
9
14
3
3
6
5
9
1
4
1
5
1
3
5
6
3
66
7
12
2
10
3
8
1
25
2
8
2
28
1
12
1
32
4
2
1
37
2
14
3
36
5
14
2
52
2
4
3
28
3
2
2
11
3
13
3
55
6
1
2
27
1
8
2
30
1
7
2
36
1
5
1
45
2
13
1
53
1
1
1
4
3
14
2
61
1
11
2
15
2
6
1
17
15
11
1
14
20
1
2
18
3
8
1
8
16
4
2
53
1
6
3
23
12
4
1
65
1
5
3
9
20
12
3
3
2
9
3
39
4
6
2
39
2
9
3
15
16
13
1
16
4
1
1
60
2
12
1
26
3
4
3
32
8
2
2
26
1
10
3
3
4
7
1
44
4
4
2
49
1
1
2
66
2
7
1
44
2
9
1
23
3
9
3
43
2
9
2
15
1
7
2
54
2
12
2
27
3
11
3
9
19
6
2
47
3
9
3
6
1
8
3
11
26
10
3
60
6
11
1
8
10
9
2
9
3
2
1
22
3
10
