1
66
3
13
2
38
3
4
1
6
1
11
1
28
3
10
1
41
2
2
3
71
1
3
3
18
15
8
3
23
11
5
2
55
1
8
2
14
3
13
2
16
3
8
1
10
3
10
1
27
1
14
3
47
6
7
1
34
9
5
1
26
2
7
3
1
2
4
1
45
2
7
1
11
6
9
2
60
4
8
3
10
22
2
3
53
1
9
1
4
7
13
1
37
1
14
1
44
4
12
2
1
3
7
3
29
6
12
2
67
1
5
1
40
2
14
2
39
1
10
2
28
3
14
2
17
2
12
1
7
1
12
1
42
2
8
2
6
3
13
2
11
1
9
2
31
1
7
2
67
2
4
1
36
1
1
3
10
23
9
1
5
2
11
2
15
1
6
1
68
3
11
3
17
12
13
3
15
11
8
2
34
2
4
2
41
1
9
1
49
2
12
3
26
11
14
3
5
3
12
3
38
8
8
3
31
5
4
1
35
3
13
3
11
3
2
3
27
10
4
2
25
1
7
1
63
1
4
3
5
2
7
3
18
19
12
2
1
2
2
3
35
1
11
2
25
3
14
1
8
2
4
2
61
3
11
1
18
4
2
3
52
13
13
1
16
2
13
1
34
11
14
1
71
1
3
3
7
5
2
1
55
2
13
3
38
10
4
2
26
1
14
2
35
1
5
1
17
13
7
2
17
3
3
2
45
2
14
3
45
7
2
3
45
5
8
2
68
4
4
2
13
2
8
1
4
8
3
3
65
21
4
1
63
2
10
2
28
1
4
2
3
2
11
3
40
5
10
2
12
1
12
2
71
3
14
2
47
3
6
3
36
2
7
2
8
2
10
1
29
2
14
3
49
2
14
2
14
2
3
3
13
8
13
3
61
10
3
2
27
1
1
2
42
3
2
1
15
3
11
2
49
3
1
2
42
4
13
3
42
4
12
3
55
3
11
3
11
20
8
2
29
2
4
1
29
3
7
1
55
1
10
3
67
24
8
1
52
3
9
2
7
2
6
3
67
14
3
3
36
5
14
3
2
6
4
1
15
5
1
1
23
1
5
3
42
1
5
2
30
3
12
1
28
1
6
1
35
1
10
3
25
2
6
3
34
7
10
3
43
1
11
3
8
1
4
3
66
2
1
3
26
10
13
3
4
11
12
3
40
3
14
1
14
2
4
2
38
5
5
3
35
5
12
1
10
6
9
2
18
1
9
1
36
2
8
2
44
1
1
2
61
1
13
3
41
2
4
2
4
3
2
3
31
11
6
2
3
1
1
2
40
3
2
1
33
1
6
2
2
2
8
1
16
4
12
2
53
1
1
3
9
16
1
3
3
6
2
2
54
1
3
2
52
4
12
3
17
3
14
2
45
1
7
3
61
8
5
2
63
1
13
2
35
2
5
2
22
3
3
1
3
7
13
3
25
9
13
2
66
3
6
3
49
7
6
1
39
3
1
1
65
2
3
1
43
2
7
2
23
2
14
1
66
2
11
3
1
9
7
2
7
3
11
2
9
3
4
1
47
1
13
3
33
15
3
1
47
3
7
1
31
16
3
1
14
16
12
1
30
11
10
2
9
2
1
1
1
3
14
2
26
4
1
2
37
3
14
3
6
1
14
3
54
1
3
2
32
2
14
3
29
16
7
1
40
1
12
1
41
1
3
2
66
2
10
1
42
1
4
3
32
12
14
2
71
1
2
1
13
7
14
3
33
20
7
1
2
5
13
3
23
3
1
1
8
10
13
2
18
3
9
2
34
1
3
3
54
2
12
2
2
3
2
1
32
7
7
2
60
2
14
1
13
4
8
1
12
12
7
1
3
8
13
1
67
2
2
3
30
9
11
3
22
10
1
1
5
1
10
2
8
3
6
1
68
2
8
1
11
2
9
3
3
4
9
1
43
1
11
3
68
14
1
2
11
2
5
2
37
4
1
2
49
2
6
3
68
5
5
2
10
1
13
1
32
1
4
2
65
1
14
1
33
5
14
1
9
8
4
3
44
7
10
3
39
10
7
1
12
18
14
3
37
7
6
3
16
6
14
1
22
3
9
2
40
2
10
1
30
2
2
1
60
1
2
3
71
3
13
3
14
23
13
2
22
1
7
3
66
7
6
1
38
2
11
1
38
1
13
3
63
5
6
1
17
1
12
1
52
2
9
2
29
3
1
3
22
6
14
3
37
12
10
1
23
3
10
2
43
2
7
2
54
2
4
3
60
32
4
2
47
1
11
2
32
1
5
1
31
6
3
2
13
1
12
3
9
26
1
1
54
1
6
1
44
2
4
3
55
14
13
1
18
13
4
3
14
6
10
1
22
1
3
3
4
10
11
2
27
2
11
3
7
1
9
3
28
8
10
2
65
2
6
2
52
1
4
1
2
6
12
3
6
2
7
2
44
4
1
2
36
3
3
2
4
1
3
1
54
2
1
3
28
15
5
3
13
9
11
3
8
17
9
1
25
1
4
3
41
3
14
3
63
12
5
1
6
2
12
1
25
2
9
3
44
2
1
2
16
2
7
3
53
7
7
1
71
3
13
3
12
4
7
3
60
30
2
3
43
3
3
1
53
1
1
3
39
5
3
2
23
1
13
2
30
4
3
1
7
4
10
3
2
5
7
3
52
18
4
2
43
1
3
3
30
21
8
1
9
5
8
1
61
3
7
3
12
3
4
1
27
2
13
2
15
2
7
1
26
3
7
1
1
1
7
2
39
3
7
2
5
3
12
2
53
2
1
2
41
3
1
3
65
10
2
2
6
2
7
2
10
2
10
2
31
3
3
2
33
3
14
1
67
1
6
1
39
2
6
1
45
1
6
1
60
2
13
2
55
2
3
2
12
2
2
1
53
2
6
3
34
3
8
1
49
1
4
3
15
5
12
2
63
3
3
2
5
1
5
1
65
1
7
2
68
3
3
2
36
5
1
1
37
2
11
3
32
7
12
1
61
2
7
3
16
2
10
2
33
2
10
3
47
7
8
3
27
1
12
