3
67
36
13
3
47
5
1
1
17
3
1
1
3
3
12
3
60
10
9
3
32
6
4
3
5
5
9
1
30
17
9
3
18
10
12
3
13
2
3
3
25
3
14
3
17
15
8
3
44
8
11
2
71
1
1
1
35
1
6
1
7
11
3
3
22
11
7
2
49
3
1
3
7
2
10
3
12
2
7
3
27
4
10
1
18
12
13
2
53
3
2
1
11
2
9
1
32
5
8
1
55
1
13
1
34
11
11
3
66
5
2
3
36
12
12
1
71
3
11
3
29
7
7
1
1
3
12
2
65
3
13
3
29
8
12
3
34
1
3
3
5
2
5
3
55
11
3
2
35
3
6
2
71
2
10
2
61
3
3
3
67
12
7
3
30
22
6
1
31
3
4
1
53
1
14
2
5
1
12
3
42
3
3
1
66
3
9
2
23
2
7
3
31
1
5
3
3
8
3
3
53
1
4
2
14
3
8
1
45
2
3
1
31
6
14
2
33
2
7
1
45
1
10
2
55
1
9
1
37
2
8
1
60
2
5
2
35
2
6
1
39
2
2
3
25
7
8
3
65
1
5
2
11
1
9
3
66
6
3
2
38
1
11
3
53
2
6
1
12
3
14
3
38
1
1
3
52
14
13
1
63
2
1
1
23
2
11
1
8
9
2
3
26
12
14
2
67
2
1
1
25
3
3
1
14
22
14
2
12
3
5
3
60
30
1
1
7
8
2
2
9
2
2
3
45
3
6
2
22
2
9
3
15
10
11
1
2
7
3
1
43
2
7
2
6
2
8
3
28
15
12
3
14
17
14
1
47
3
5
3
18
17
9
2
4
3
10
2
53
2
13
1
8
10
4
2
6
1
11
1
12
5
10
2
28
2
5
2
63
2
9
2
54
2
12
2
65
4
12
3
68
13
8
1
29
2
3
1
33
3
12
2
18
1
10
2
28
1
11
3
71
5
13
1
44
1
9
2
27
1
5
2
8
3
3
1
26
3
3
2
36
1
9
1
6
2
2
2
54
1
10
3
31
7
3
2
68
2
13
1
9
9
1
1
67
2
4
1
26
1
6
3
22
10
14
3
30
7
8
1
68
2
8
2
60
3
14
3
55
12
12
2
40
3
6
1
54
2
10
1
22
1
2
3
61
10
8
1
5
2
10
3
6
6
2
2
49
2
4
3
35
8
1
2
18
4
4
2
17
1
12
2
37
1
13
1
6
1
14
3
44
2
8
3
4
18
6
2
45
1
11
3
11
9
7
3
8
6
3
2
42
3
7
2
31
4
2
1
25
1
10
1
33
1
4
1
36
2
1
1
9
3
8
2
3
3
7
3
1
2
9
1
65
1
13
2
43
4
4
2
63
1
14
3
10
1
1
3
6
4
5
2
47
1
4
2
40
4
2
2
7
2
4
2
1
3
14
2
16
2
3
3
42
1
14
3
54
1
4
2
13
3
14
3
45
7
7
3
38
4
9
1
11
1
4
3
33
3
13
1
49
1
8
1
52
1
7
3
41
1
11
2
36
2
10
1
40
1
6
1
47
1
3
3
37
10
6
2
41
3
10
2
29
2
1
1
41
3
10
2
45
4
12
3
47
3
11
3
52
4
4
2
38
4
12
2
39
2
1
1
54
3
13
3
17
4
3
3
2
11
4
3
23
5
8
2
10
1
9
2
13
1
11
1
13
4
13
3
68
2
3
2
39
4
9
2
30
1
13
3
37
4
5
3
43
3
13
2
68
1
1
2
44
5
5
1
15
5
4
1
71
2
13
1
27
1
7
1
37
1
11
2
25
1
14
2
16
1
11
2
47
4
8
2
44
2
10
3
71
2
14
1
65
2
12
3
23
19
9
1
23
3
9
1
63
1
1
1
4
3
8
2
25
3
8
2
26
4
2
3
4
7
10
3
33
20
4
2
15
1
8
1
44
3
2
3
10
2
7
3
16
4
12
2
12
1
11
1
53
2
3
2
15
3
3
3
41
3
11
2
60
4
11
1
40
2
3
2
26
1
9
2
9
1
10
1
30
12
10
2
37
3
1
3
32
5
8
2
17
2
10
1
16
1
1
2
41
5
8
2
2
1
13
2
32
4
4
3
54
2
10
2
34
2
6
3
35
3
7
2
67
1
13
1
38
1
8
3
36
14
13
3
14
24
7
3
39
2
7
3
65
8
14
1
66
1
7
1
14
6
14
3
2
2
14
1
29
3
9
3
15
7
7
3
3
1
9
1
42
2
12
1
27
2
13
1
17
6
11
1
39
4
2
3
40
3
12
1
43
3
6
3
8
11
8
1
3
1
1
2
33
3
5
2
61
1
6
2
55
3
7
1
2
6
10
3
49
6
1
2
7
1
3
1
32
1
8
1
10
8
5
1
10
4
11
1
35
2
9
1
61
2
9
3
34
3
10
3
28
3
8
3
7
3
14
2
30
4
3
1
15
2
9
1
49
2
11
2
32
3
1
3
9
19
8
1
34
3
9
1
61
3
10
1
52
3
4
1
55
2
4
2
27
2
2
3
40
1
8
2
10
3
4
1
1
2
7
3
16
1
12
2
5
3
13
2
66
3
1
2
14
2
12
1
41
1
11
1
18
10
8
2
1
2
14
2
23
3
7
1
36
1
7
3
12
3
1
3
63
4
13
1
5
1
7
3
1
1
10
2
2
3
5
3
43
6
10
2
11
3
6
2
22
3
12
1
22
3
14
1
28
1
8
3
39
10
2
3
61
2
10
3
9
3
9
1
16
5
11
1
28
2
10
3
49
7
10
2
29
3
5
1
68
1
6
3
27
7
8
2
3
2
4
2
42
2
3
2
66
1
9
2
31
5
3
2
34
1
2
3
63
6
7
1
4
6
7
3
11
24
8
2
52
2
6
1
60
1
1
3
26
10
5
1
38
2
5
2
4
2
10
2
8
1
1
2
43
2
11
1
42
1
7
1
67
3
13
2
52
4
12
1
13
9
3
3
13
4
10
