2
54
1
2
2
26
1
9
1
39
2
14
3
68
6
9
3
8
19
7
3
44
10
2
1
44
3
11
3
16
1
3
1
32
1
11
1
49
2
13
1
4
8
10
2
47
2
4
1
9
10
8
2
14
2
13
1
7
10
13
1
61
3
9
2
23
3
4
2
41
4
11
3
43
5
3
2
8
3
13
2
45
2
9
2
28
1
9
3
13
5
2
2
54
2
8
3
29
13
5
3
13
9
3
2
4
2
13
2
41
1
4
2
30
3
13
2
53
1
14
2
55
3
10
3
7
5
9
1
40
2
2
1
63
2
12
1
44
1
3
2
39
2
6
1
11
8
7
1
16
7
7
2
6
1
6
2
29
2
13
1
7
1
6
3
25
9
11
1
52
3
1
3
15
13
9
3
33
20
3
1
66
1
9
3
38
12
12
1
10
1
13
1
45
1
6
1
65
2
7
3
11
7
10
1
31
5
9
2
18
2
6
1
18
3
10
1
3
2
1
3
65
15
8
2
33
3
7
3
60
12
3
2
22
1
14
3
4
21
1
3
3
7
6
2
31
3
9
1
34
7
1
1
28
2
4
1
60
2
3
3
2
7
2
3
63
10
9
2
36
5
4
2
27
3
4
2
15
2
6
1
41
1
14
1
39
3
3
3
29
1
4
2
3
1
3
1
60
1
1
1
66
2
9
1
27
1
3
2
36
3
12
3
1
1
3
1
4
1
4
2
25
2
13
3
31
15
12
2
8
1
5
2
32
2
3
3
34
10
10
1
17
9
6
3
18
1
14
2
7
3
7
3
6
4
12
3
37
6
5
3
16
6
9
3
11
6
3
1
22
2
10
2
63
3
5
3
33
13
13
1
55
2
13
2
68
1
7
1
54
1
14
2
30
2
6
2
39
3
13
1
34
9
7
1
67
3
5
3
67
1
6
1
18
12
3
2
6
3
4
1
29
2
4
1
23
1
7
2
25
3
9
3
32
11
14
2
5
3
1
2
43
3
1
1
37
1
3
2
9
2
9
3
17
8
5
2
23
1
2
3
49
2
11
3
25
8
3
1
9
9
10
2
2
1
7
2
66
2
13
2
71
1
9
2
66
3
14
2
49
1
1
3
61
11
7
2
17
1
3
3
40
3
9
2
12
3
12
3
14
13
1
3
40
5
11
3
27
9
8
2
40
4
3
2
40
1
2
1
12
5
14
1
35
4
6
1
2
3
3
2
55
1
13
2
18
1
11
1
31
18
1
3
43
4
3
3
36
12
5
2
60
2
8
3
10
23
4
2
22
3
7
1
43
3
5
3
52
4
2
1
47
3
8
3
41
3
6
3
22
6
10
1
36
1
9
2
71
3
7
2
38
4
5
3
71
5
5
3
42
1
12
3
1
6
13
2
61
2
4
2
42
4
13
2
4
1
4
1
32
5
7
1
63
1
11
3
15
1
8
1
53
1
13
3
28
15
6
1
6
1
3
1
35
2
13
3
9
31
4
2
11
2
9
3
26
6
9
2
31
1
14
3
5
2
6
1
47
2
14
3
10
16
8
3
60
18
6
3
38
8
4
3
3
3
2
1
38
3
11
3
6
6
10
3
44
8
3
2
14
1
14
2
33
2
13
2
15
1
3
1
16
4
11
2
27
1
14
2
16
2
14
3
27
7
9
3
22
9
7
3
68
13
11
1
15
5
7
2
35
3
3
1
2
2
7
2
3
2
10
2
16
3
14
3
34
5
12
3
14
10
11
2
63
2
14
1
5
2
7
3
45
1
12
3
52
11
3
3
32
4
1
2
43
2
2
1
6
2
5
3
36
9
12
1
28
1
5
3
12
6
8
2
34
2
6
2
10
2
5
3
35
7
2
3
47
5
11
3
45
7
4
3
61
1
3
2
35
2
6
1
33
1
1
3
9
10
4
3
42
4
8
1
17
3
2
2
1
3
9
2
67
1
10
3
23
6
7
3
2
6
6
2
65
4
4
2
26
4
4
2
60
3
3
3
7
2
4
2
47
4
10
1
3
11
9
1
65
1
3
3
71
1
14
1
27
2
14
2
38
5
4
3
55
2
14
1
30
6
7
3
23
13
8
1
53
2
4
2
67
2
13
1
33
5
10
1
45
2
2
3
66
4
11
1
42
1
1
1
22
1
9
1
26
3
2
2
44
2
10
2
45
4
6
3
18
9
11
3
49
8
6
3
5
4
4
2
68
4
9
1
30
3
13
1
12
1
6
3
67
21
13
3
55
17
4
2
37
4
9
2
9
1
10
3
30
16
13
1
8
13
4
1
42
2
3
2
61
3
12
3
31
21
6
3
39
8
3
1
40
1
9
2
28
3
12
2
53
3
14
2
32
3
2
1
1
1
10
1
11
1
6
1
10
5
10
2
34
1
1
1
29
1
7
2
37
1
7
1
49
1
3
1
25
2
9
3
37
3
6
1
71
2
12
1
8
7
11
2
13
1
5
2
10
1
11
3
63
3
11
1
61
1
14
3
17
11
7
3
39
6
11
1
25
3
9
3
26
1
4
1
52
1
7
3
53
8
10
3
54
2
8
2
1
1
10
1
14
13
8
3
30
3
12
1
55
1
2
3
4
9
5
2
11
3
9
1
68
3
3
3
41
1
6
2
52
2
1
3
47
8
4
2
29
3
1
3
12
3
6
1
71
3
8
1
41
2
11
3
66
9
4
2
7
2
7
2
52
3
7
2
5
2
12
1
13
1
14
1
23
3
10
1
5
1
2
2
49
4
1
1
38
2
9
1
1
2
3
1
43
2
9
3
53
7
9
1
36
2
12
1
68
2
13
1
37
2
2
2
17
2
14
3
54
1
9
1
54
2
3
1
13
4
11
3
65
12
9
3
35
4
6
2
42
2
6
3
28
3
9
2
44
5
5
1
14
11
10
1
15
4
4
1
67
1
8
2
12
1
2
2
2
2
12
1
26
1
8
2
65
3
7
2
13
3
10
3
8
14
7
