1
60
2
4
3
4
11
2
1
42
2
7
2
31
2
13
3
11
14
3
3
1
4
9
1
28
2
3
1
41
1
9
3
2
12
8
2
32
2
13
2
28
2
10
2
13
3
8
3
3
6
12
3
8
17
7
2
61
1
10
2
13
2
11
3
45
7
9
1
13
3
7
2
49
2
4
1
37
2
11
1
38
3
5
1
3
2
7
3
55
5
6
3
54
1
9
1
40
1
10
3
29
19
2
2
14
2
6
3
3
8
2
3
6
5
8
3
44
5
10
3
47
10
1
1
29
1
7
1
45
1
14
3
31
14
8
1
8
5
10
2
9
2
4
2
42
3
10
1
27
1
13
3
27
15
8
2
68
3
14
1
36
3
10
2
35
2
9
1
39
3
9
1
29
2
7
1
2
4
5
1
71
1
8
3
9
30
3
3
42
1
1
1
18
15
9
2
1
1
3
1
9
14
13
3
7
1
8
1
45
2
9
3
66
3
13
1
30
21
3
1
53
1
13
3
41
1
9
3
15
9
10
3
23
17
7
3
36
4
2
1
14
8
13
3
7
5
8
1
5
2
11
2
15
3
6
2
53
3
1
1
6
2
2
3
22
11
2
2
6
1
10
1
13
8
3
3
32
10
7
2
63
3
3
3
71
5
4
1
10
5
5
1
47
3
5
3
67
30
14
1
3
5
14
1
60
1
14
3
10
14
12
2
40
3
4
2
3
3
8
3
38
10
5
1
12
6
13
3
1
10
13
1
25
1
6
2
35
1
13
3
34
3
7
3
8
4
7
2
67
2
2
3
30
3
10
2
52
2
4
3
44
8
14
1
23
1
10
2
54
1
11
2
9
1
14
3
66
5
14
2
15
2
1
2
22
3
7
2
12
2
11
1
16
5
8
1
30
17
2
2
68
2
7
2
47
3
8
3
17
4
9
2
36
5
13
3
16
7
1
2
43
5
4
3
26
4
5
3
25
6
4
1
34
2
14
3
33
15
6
2
60
4
2
2
7
3
13
3
40
6
12
2
65
2
10
2
6
2
9
2
27
3
11
2
11
3
2
1
54
3
8
2
42
2
7
2
29
3
8
3
12
7
11
1
63
2
8
2
49
3
2
3
63
9
10
1
4
5
3
1
61
2
8
3
55
15
5
3
68
2
10
1
7
11
12
1
44
2
5
3
60
8
11
1
66
2
14
2
66
2
12
1
16
4
10
3
28
14
3
3
41
3
2
1
67
2
9
2
16
3
11
1
26
3
8
2
3
2
10
2
41
4
13
3
32
6
10
2
54
2
3
1
53
2
5
1
68
1
4
3
30
24
14
1
22
2
11
1
49
2
1
1
1
1
13
2
26
3
5
3
12
4
4
2
33
2
3
1
54
1
14
1
14
3
2
1
49
1
13
2
66
1
8
3
63
3
4
2
27
2
7
2
34
2
11
2
28
1
10
1
15
1
2
2
38
2
13
3
61
6
4
3
23
7
2
1
35
3
2
2
61
3
4
2
55
1
13
3
34
6
1
3
43
6
14
1
41
2
8
3
2
1
12
1
65
2
10
3
37
2
14
2
63
1
6
2
30
4
3
3
68
17
4
3
47
9
14
3
28
11
5
2
39
4
3
1
40
3
12
2
11
1
9
1
31
3
6
1
43
3
4
1
7
4
3
2
53
1
13
1
63
1
13
2
71
3
2
3
10
8
9
2
36
4
9
1
68
2
3
2
2
1
6
3
9
26
4
1
31
15
1
1
17
9
6
3
37
12
11
1
65
1
11
2
18
3
8
1
22
1
2
3
22
1
11
2
41
2
3
3
29
3
6
3
35
6
9
1
33
7
4
2
16
2
14
2
18
1
10
3
65
2
4
2
8
1
11
1
11
7
1
1
38
2
10
1
42
1
5
1
2
7
7
2
44
2
1
3
14
16
3
1
23
3
10
3
17
5
8
1
11
12
10
2
60
1
6
3
18
18
8
3
39
8
8
1
27
2
11
2
8
2
3
2
30
2
12
2
34
3
8
1
5
1
3
1
8
1
10
2
12
1
14
3
5
1
7
1
25
2
11
3
65
5
9
1
12
15
8
3
49
4
3
1
26
2
11
2
67
1
2
2
4
2
1
1
15
5
5
3
18
2
3
2
25
3
13
1
32
1
11
1
34
4
6
2
55
3
4
3
42
2
1
2
17
2
2
1
66
3
10
2
29
1
4
3
26
12
3
2
71
1
2
2
33
1
7
1
6
1
6
1
37
1
6
3
38
11
11
1
55
2
6
1
47
1
2
3
49
5
8
2
10
3
2
2
45
2
11
3
27
12
7
3
67
1
4
3
13
6
4
3
45
4
8
3
4
17
10
2
14
3
2
1
18
4
3
3
5
3
5
3
53
2
1
3
43
1
14
2
44
1
11
1
1
3
1
1
67
3
6
2
43
2
6
2
65
3
8
1
52
3
1
2
22
1
13
3
16
5
12
2
4
1
11
2
40
4
1
1
32
3
1
3
54
2
5
1
55
1
12
3
13
4
3
1
35
1
9
2
1
3
4
1
44
4
5
3
53
6
9
3
35
4
14
3
36
11
13
2
17
1
4
2
47
2
7
2
37
2
12
2
25
2
7
2
2
3
11
3
40
5
11
3
14
4
9
3
60
2
13
2
23
2
7
2
52
7
9
3
6
2
5
1
4
2
4
1
28
3
7
3
61
3
5
3
71
2
5
2
38
5
7
1
43
1
5
3
11
8
6
2
5
1
2
2
39
3
1
2
10
1
5
3
52
9
3
2
23
1
11
1
17
13
5
1
61
1
4
3
33
14
6
1
10
6
12
1
9
1
5
3
52
18
4
3
25
1
14
2
37
4
11
1
52
1
6
1
36
1
13
2
7
1
10
3
15
12
14
3
31
30
11
2
5
3
1
2
26
1
8
2
45
1
6
1
71
2
9
1
33
1
11
2
31
1
4
1
39
4
11
3
39
4
3
2
32
4
12
