3
49
4
11
1
41
3
14
2
25
3
6
3
1
4
14
3
52
12
5
2
37
2
2
2
31
1
10
3
67
33
5
2
28
3
9
3
40
2
14
3
31
21
1
3
41
3
9
3
54
2
11
1
33
5
1
2
27
3
3
1
68
3
14
1
29
1
6
2
36
1
14
2
1
1
13
2
32
3
4
1
8
7
3
2
45
4
1
2
18
1
2
2
7
2
11
2
25
2
8
2
61
1
11
1
28
3
5
2
30
5
8
1
25
3
10
1
63
2
12
3
9
19
12
3
12
7
1
1
43
3
14
3
3
10
4
1
7
8
3
1
4
5
10
2
28
2
6
3
22
5
1
3
14
6
10
3
43
3
12
1
49
2
6
3
5
2
13
3
42
2
8
1
42
1
9
1
27
3
5
3
11
13
8
1
4
4
11
1
32
6
5
1
10
4
5
2
17
3
13
2
52
4
12
3
16
8
6
1
35
2
5
3
30
11
4
3
33
8
1
2
55
3
7
3
66
6
8
3
33
22
2
3
34
7
3
2
23
2
11
1
26
1
12
1
37
1
9
2
60
4
4
2
42
1
9
3
18
20
1
3
8
16
2
1
55
1
12
3
28
8
13
3
28
15
6
1
22
2
14
3
6
2
4
1
13
6
1
1
53
2
14
3
39
9
3
3
25
7
1
3
25
4
2
1
65
1
10
3
66
9
1
1
9
6
11
2
18
4
6
2
41
2
2
2
44
1
14
2
11
3
11
2
15
3
3
2
49
4
6
2
54
2
1
3
65
19
11
1
17
11
6
3
34
1
3
2
32
1
1
2
16
2
12
2
14
2
5
3
2
7
6
3
27
6
14
3
63
9
1
1
25
1
5
1
45
2
6
1
18
14
14
2
65
3
1
2
2
2
12
2
34
2
13
1
12
12
2
3
11
5
3
2
26
2
8
1
67
3
8
2
63
1
1
1
10
6
7
1
31
1
8
1
5
2
1
1
66
2
5
3
7
4
5
2
10
2
12
2
13
3
9
3
13
2
10
1
5
1
5
3
26
12
14
3
10
2
6
3
23
5
7
2
66
3
7
2
1
2
6
3
23
3
9
3
54
1
14
1
17
3
3
3
61
2
8
1
14
9
12
2
38
1
11
2
61
2
11
3
26
10
5
1
26
3
12
1
9
10
7
1
2
3
14
3
5
4
2
3
7
1
13
2
67
2
7
1
45
1
13
3
4
15
5
1
44
2
1
2
63
3
4
1
53
1
5
3
15
15
10
3
4
6
2
1
40
1
2
3
47
10
5
1
60
2
5
3
27
1
3
3
45
6
14
2
8
1
7
2
12
3
4
3
41
2
13
2
53
2
10
3
47
8
9
1
44
3
3
2
22
2
14
2
35
2
1
2
22
3
5
1
23
3
14
1
39
3
1
3
36
5
8
3
68
6
6
2
38
5
9
2
17
1
2
1
1
3
8
2
5
3
11
3
35
7
11
2
45
3
11
2
6
3
7
1
47
2
12
1
60
1
11
2
43
3
2
2
3
3
13
1
16
6
4
3
37
8
10
1
23
2
4
1
14
15
1
3
52
4
9
1
36
2
5
3
55
1
10
3
18
11
14
3
9
21
9
2
4
1
10
1
43
2
7
1
13
9
1
1
32
4
1
3
39
6
7
3
14
21
14
2
35
1
7
1
16
7
14
1
8
17
10
2
47
3
8
2
44
4
6
1
61
2
5
1
71
3
12
2
2
3
11
3
38
11
9
2
16
1
11
2
29
2
11
1
11
12
9
1
68
1
13
3
8
13
9
3
16
7
8
3
71
5
9
3
32
5
1
3
61
1
5
2
13
1
10
1
38
1
5
2
39
2
13
1
1
1
5
1
67
1
3
3
60
17
5
1
2
1
1
3
17
17
12
2
53
3
5
1
15
1
7
1
39
4
5
2
30
1
5
3
36
13
14
3
12
3
5
1
54
2
13
3
71
1
6
1
38
3
8
2
40
1
12
3
44
9
13
2
68
2
4
1
18
5
6
3
31
25
13
3
22
3
8
1
55
2
11
2
14
1
8
1
37
2
13
1
28
1
3
3
42
4
4
1
52
1
11
2
5
1
9
3
15
8
14
1
33
1
5
2
68
3
10
3
53
8
11
2
9
1
13
2
39
3
6
2
66
2
13
1
42
2
12
2
11
2
10
3
17
10
12
1
7
10
9
3
32
2
12
2
23
3
4
2
12
1
10
3
65
4
11
3
60
13
13
1
54
3
14
2
33
3
6
3
67
1
12
2
60
1
3
1
49
1
2
1
22
3
13
3
29
3
14
2
34
1
2
3
6
3
5
2
27
2
11
2
33
1
2
1
27
1
4
3
37
10
5
3
3
4
8
3
43
5
6
2
65
2
1
2
71
2
3
1
36
3
2
1
15
3
1
2
4
2
10
3
2
6
13
2
31
3
11
2
42
3
6
2
55
2
12
2
52
7
11
2
9
2
2
1
29
3
14
3
55
6
9
2
15
2
1
1
6
1
11
2
6
2
7
1
12
17
4
2
43
2
13
2
29
3
7
3
30
9
5
3
10
18
1
1
40
3
7
2
67
1
7
1
47
1
7
1
61
1
14
1
34
3
1
3
13
9
14
1
31
3
6
1
63
1
13
1
35
1
14
3
45
5
6
2
41
1
13
3
44
2
6
3
53
3
2
2
8
3
11
1
71
2
11
1
65
2
11
2
47
2
1
2
26
1
11
3
68
13
13
3
1
10
9
3
29
15
7
1
52
2
2
1
3
3
2
3
49
5
7
1
66
1
6
2
40
2
1
2
54
1
8
1
6
2
14
3
35
6
11
1
30
7
1
3
38
3
9
3
63
10
12
2
10
1
6
1
34
2
5
1
3
1
8
2
36
4
11
1
11
1
12
2
3
2
10
3
40
3
6
2
49
1
2
2
37
4
4
1
30
5
11
2
71
3
10
1
41
2
5
2
7
1
13
