3
66
6
12
3
23
3
9
1
35
2
8
2
13
3
12
2
35
3
5
1
4
8
9
2
38
2
5
2
44
3
5
2
2
1
1
3
12
3
5
2
16
3
5
1
3
8
14
2
36
4
11
2
12
3
8
1
41
3
13
1
30
4
12
3
47
6
13
2
6
2
14
2
67
2
3
2
32
1
9
1
71
2
1
3
41
4
6
2
30
4
4
3
33
22
10
1
63
2
10
3
3
6
6
3
36
3
7
2
66
1
7
3
14
14
5
3
42
3
12
3
32
3
13
1
23
3
8
2
26
4
14
2
6
3
1
1
6
1
14
2
17
3
11
2
55
3
8
3
43
7
3
1
27
3
5
3
29
14
2
3
23
11
7
1
71
1
14
2
3
3
11
1
54
1
6
2
45
1
2
1
35
3
1
1
41
2
2
1
9
2
5
3
65
1
2
2
53
2
3
1
47
1
14
2
29
1
5
1
66
2
4
2
52
6
13
1
61
2
2
1
22
3
4
1
13
4
5
3
61
9
1
2
54
1
4
1
44
3
14
2
71
1
3
2
8
1
9
3
40
2
14
3
7
2
9
1
38
3
2
3
1
7
12
1
18
10
5
1
32
1
1
3
4
22
7
3
10
2
9
1
61
1
2
2
4
3
14
1
31
2
8
2
4
2
11
1
14
19
10
3
41
3
10
2
65
1
14
2
67
1
2
2
30
3
12
3
37
1
10
1
2
3
4
2
36
1
14
2
22
2
2
3
34
3
13
3
8
7
8
1
12
10
12
2
31
4
11
2
41
5
8
1
34
11
9
1
25
1
12
3
10
14
5
2
47
3
5
1
1
3
4
3
67
5
9
3
6
1
10
1
39
2
6
1
4
5
10
2
47
4
6
3
8
6
2
1
37
2
12
1
52
2
10
1
26
2
9
1
40
2
10
2
3
2
14
1
31
12
2
1
52
1
13
1
8
12
14
2
34
1
2
2
11
2
12
2
33
3
13
3
25
2
7
3
30
14
7
1
68
2
2
3
55
17
5
2
26
2
10
1
17
2
1
3
68
1
1
1
5
2
1
1
44
4
12
2
65
3
9
3
12
5
7
1
10
1
11
3
2
8
13
2
61
1
11
3
5
4
4
3
49
3
10
3
53
6
7
3
26
8
14
2
39
1
14
2
61
3
8
1
67
1
14
1
37
1
8
1
28
3
14
2
12
1
5
3
53
3
11
1
7
3
11
2
45
2
14
3
13
3
1
1
43
1
12
2
66
3
7
3
47
7
6
1
5
1
14
3
65
19
3
3
43
5
4
2
53
1
11
1
9
9
6
2
44
5
10
3
7
4
10
2
2
2
12
3
16
3
5
1
36
3
3
1
66
3
2
2
7
3
3
3
30
6
3
3
28
14
2
1
29
1
10
1
15
4
10
1
25
3
5
2
23
1
3
1
49
2
2
3
27
17
6
2
1
3
2
3
11
7
10
2
14
2
13
1
34
3
2
3
33
14
14
3
38
7
5
2
10
3
2
2
68
3
11
2
23
2
3
2
28
2
13
1
8
11
14
3
2
10
12
3
61
7
12
2
63
1
5
2
31
5
10
1
22
2
8
2
14
1
9
1
1
1
6
2
49
1
10
2
43
4
10
3
26
11
10
2
28
1
5
2
5
1
9
2
42
3
2
3
68
8
13
3
37
11
6
2
41
3
7
1
42
1
8
2
29
2
6
1
65
2
14
1
53
2
3
1
40
1
11
3
17
3
8
1
17
3
9
3
71
2
4
2
32
4
2
2
25
3
10
1
11
2
11
2
71
3
7
2
35
1
5
1
68
3
12
3
9
11
12
3
15
17
11
1
38
2
9
3
14
5
13
2
22
1
6
1
47
2
10
3
44
2
10
1
49
1
1
3
11
15
5
3
39
7
10
2
37
2
5
3
28
4
4
1
36
1
9
2
27
3
2
3
45
3
10
3
18
8
3
3
44
9
1
3
71
5
9
1
55
2
4
3
52
9
12
2
49
3
11
2
43
1
2
1
67
3
8
2
15
3
9
2
18
2
6
1
33
7
2
3
66
5
12
3
5
1
11
3
38
9
3
1
45
1
1
3
55
3
2
3
54
1
8
1
15
1
1
1
60
2
2
3
49
7
9
2
1
1
7
1
60
1
6
1
55
1
5
3
16
1
3
1
26
1
7
2
38
1
2
2
8
3
11
2
40
2
9
3
4
17
10
1
42
2
10
3
18
25
13
1
43
2
12
2
18
1
6
2
9
2
1
1
45
2
12
3
67
29
12
3
27
3
2
2
40
1
11
1
11
4
14
1
23
1
3
1
32
5
11
3
42
1
12
3
22
6
14
2
68
4
1
3
35
1
9
2
63
2
5
1
16
4
10
2
11
1
13
2
33
2
7
3
35
2
10
1
18
13
6
1
6
2
10
2
17
2
8
2
9
1
1
2
25
2
7
3
25
6
10
2
7
1
9
3
40
5
11
2
55
2
12
2
60
2
9
2
16
1
8
3
36
5
1
3
3
3
1
3
60
10
3
2
10
2
11
2
54
2
5
3
1
4
14
3
9
7
9
3
39
1
5
1
13
5
14
1
39
1
10
3
54
2
1
3
45
5
14
2
34
3
2
1
29
3
7
3
29
17
6
2
5
3
12
1
63
1
14
1
3
3
8
1
27
2
14
3
32
4
2
1
28
1
13
1
53
1
12
2
15
1
9
2
52
4
13
1
33
5
6
3
63
12
3
3
63
11
9
3
52
14
7
2
37
3
7
2
60
1
6
3
60
5
5
3
15
5
9
3
31
3
2
3
31
8
14
3
6
3
14
3
34
5
5
1
30
12
11
2
13
2
9
3
17
10
4
2
39
3
2
1
16
5
7
3
13
9
2
1
54
2
13
1
7
1
9
1
14
13
9
1
65
1
11
1
12
13
13
3
22
1
9
2
27
1
5
1
10
5
2
1
2
4
3
2
42
4
10
