3
55
17
11
3
35
7
5
1
10
1
8
2
54
1
14
1
22
1
3
1
37
2
11
3
8
7
2
3
40
6
12
1
54
1
11
2
22
1
4
2
28
1
12
1
35
4
11
2
25
3
3
1
18
15
13
3
53
6
10
2
52
3
9
3
14
21
5
3
35
2
14
3
1
2
1
2
17
1
1
2
45
4
6
3
47
4
12
1
5
1
4
2
68
3
7
3
30
14
10
1
17
15
11
2
14
3
8
2
71
1
8
2
66
2
5
3
53
1
6
1
37
1
7
2
44
4
2
1
65
1
6
2
26
1
13
3
16
5
13
3
1
9
5
1
55
1
3
2
63
2
14
2
47
3
7
1
1
1
10
2
44
2
2
3
5
3
13
1
13
7
6
1
71
3
2
3
71
2
10
2
45
2
13
1
42
1
3
3
44
10
8
3
37
8
11
3
14
3
7
1
68
3
6
2
8
2
14
2
2
3
13
1
6
1
14
1
42
2
11
2
32
3
3
2
6
2
11
2
65
1
4
1
41
1
3
3
9
22
6
2
26
3
1
2
67
1
1
1
32
5
5
1
16
2
4
3
61
6
5
1
49
1
14
2
36
1
8
1
7
1
2
1
11
6
6
2
42
2
9
3
3
10
14
1
52
2
5
3
43
3
3
3
12
5
5
3
34
1
11
1
23
1
6
3
6
5
3
1
23
2
9
1
66
1
13
1
49
2
7
3
28
13
1
1
63
2
12
1
67
2
4
3
11
6
10
3
32
6
10
2
31
1
12
3
13
8
3
2
4
3
13
2
53
3
10
2
8
3
2
1
28
3
2
3
11
16
11
3
4
25
1
2
18
4
3
1
12
10
11
3
6
4
1
1
31
11
6
1
30
1
5
2
36
5
14
3
5
4
13
3
8
19
10
1
34
11
7
2
67
2
1
2
17
3
6
2
39
4
13
1
29
2
12
2
43
4
10
1
61
2
13
2
7
1
2
1
7
2
13
1
13
9
13
1
3
6
14
1
15
4
8
2
9
2
9
3
41
2
3
3
31
14
3
3
54
2
8
3
9
30
7
3
44
6
5
2
71
2
14
3
23
5
3
1
44
1
12
1
27
3
8
3
12
1
1
2
53
1
12
3
15
10
7
1
30
15
10
3
66
6
13
2
41
2
4
2
41
4
11
3
22
5
3
3
43
1
9
1
33
5
7
3
52
16
2
1
27
1
12
2
15
2
11
3
26
3
5
3
36
13
12
3
38
10
8
2
23
3
6
1
53
2
8
2
34
1
14
1
2
5
13
3
63
4
8
2
18
1
7
3
4
28
1
2
30
2
7
1
36
2
2
3
16
2
2
3
63
8
6
1
43
2
2
2
31
2
10
3
65
20
7
1
25
1
7
1
66
3
13
1
52
3
2
3
49
7
13
2
63
1
9
3
39
1
6
2
9
1
12
3
23
17
5
1
55
2
2
2
10
1
12
3
17
10
2
2
32
2
4
3
52
13
3
3
30
22
14
2
12
1
3
1
39
2
13
1
68
2
9
3
45
4
2
3
60
18
11
3
34
4
5
3
47
7
13
1
3
9
3
1
25
3
6
1
9
7
9
1
41
3
14
1
5
2
4
2
55
3
9
3
55
11
11
1
63
1
10
2
65
4
12
1
4
4
1
1
40
1
5
2
11
3
13
3
26
2
4
1
35
2
7
1
29
1
10
1
40
3
7
3
3
4
14
2
25
1
7
2
37
3
1
1
18
13
9
2
43
2
5
2
40
2
8
2
66
1
9
3
61
5
1
2
61
3
10
1
11
3
6
2
34
2
4
2
30
4
13
3
15
16
8
1
4
2
12
1
6
2
8
3
67
38
12
3
66
2
13
1
61
3
10
3
28
15
1
2
7
2
7
2
33
3
14
1
2
4
8
3
42
1
3
1
60
2
12
1
8
5
9
3
31
15
1
2
5
3
10
2
3
3
12
1
67
1
10
3
27
11
3
2
11
1
8
1
60
1
10
1
14
11
3
1
22
2
12
2
33
1
6
2
10
3
13
3
2
4
9
2
39
3
11
2
49
4
6
3
29
12
10
1
53
1
4
1
34
7
3
1
26
2
4
3
39
8
11
1
39
1
7
3
13
9
4
3
18
2
10
1
9
5
10
1
47
1
6
3
45
3
2
1
26
1
3
2
49
2
12
1
17
8
8
2
60
1
4
2
22
3
7
1
54
3
12
1
38
2
1
2
23
2
12
3
42
2
14
2
55
1
5
3
25
8
3
1
43
1
5
1
45
2
10
3
60
19
3
2
5
2
12
3
33
12
6
3
25
5
5
2
37
4
6
2
13
1
11
2
68
4
3
1
28
2
5
3
18
15
6
1
45
1
1
2
12
2
4
1
10
4
5
3
17
13
9
2
27
2
7
3
22
3
11
1
36
1
13
1
14
10
6
2
29
2
9
2
28
3
8
3
36
7
2
2
29
1
6
3
7
4
4
2
47
1
14
2
3
1
11
2
16
3
14
1
44
3
5
1
32
3
13
2
15
1
9
2
6
1
14
3
37
7
2
2
14
2
2
2
13
2
11
3
38
1
7
3
40
4
2
2
38
4
13
2
4
1
11
3
10
19
7
1
47
3
1
3
71
1
14
2
27
1
13
3
49
1
10
2
40
4
8
2
1
2
12
2
2
2
8
3
65
5
11
2
52
5
3
3
10
10
8
3
2
2
6
3
27
7
5
3
29
3
8
2
1
1
14
2
35
2
5
1
33
3
8
1
38
1
8
1
12
6
11
3
33
19
3
1
15
1
2
3
32
7
10
1
1
3
10
3
54
1
11
3
68
13
13
1
31
14
12
1
71
2
13
1
65
2
7
2
54
2
4
3
7
5
3
2
61
1
3
1
8
8
12
3
41
4
12
2
35
1
11
2
42
1
11
2
38
1
2
3
67
28
11
2
60
3
3
2
16
2
8
3
68
4
6
1
16
4
10
