1
10
7
3
2
66
1
3
1
22
2
11
2
34
2
9
3
45
2
11
2
3
3
7
2
16
2
9
3
28
10
2
2
31
5
5
2
15
2
5
3
22
1
11
3
3
4
4
3
39
4
1
3
31
4
4
1
43
1
12
1
63
2
9
1
27
2
3
2
27
1
11
3
63
9
1
3
17
15
6
1
22
1
13
2
26
2
11
2
4
3
7
3
41
1
5
3
34
11
9
1
1
2
9
1
45
1
9
3
3
9
14
2
6
3
10
2
49
1
8
1
41
3
7
2
44
4
7
1
47
3
2
3
5
4
6
3
12
4
4
3
42
3
11
1
30
3
13
3
22
10
13
1
18
10
10
1
35
1
4
3
12
6
11
2
40
2
5
2
31
4
6
2
68
4
12
3
2
11
4
1
29
2
1
3
28
15
11
3
67
6
2
3
15
4
5
1
3
1
13
2
36
2
6
2
36
4
13
2
37
2
5
3
26
6
14
3
25
4
13
1
44
2
14
1
60
2
4
3
31
11
1
3
32
10
9
1
2
7
10
1
7
8
9
1
27
1
7
3
42
1
11
3
55
14
1
1
43
2
13
1
52
2
6
2
11
2
5
2
44
5
6
2
10
1
12
3
9
17
11
1
71
3
3
2
35
2
2
2
43
5
9
2
49
3
11
3
8
20
2
3
60
14
5
2
61
3
14
3
10
9
8
2
32
3
5
2
2
1
6
2
47
1
10
3
52
10
10
1
15
4
5
3
43
7
14
1
67
2
9
1
54
3
2
1
40
3
8
1
49
2
4
2
29
1
5
1
63
1
11
3
47
6
8
1
61
2
1
3
23
13
1
1
12
12
5
1
14
4
4
1
65
1
10
3
18
14
11
2
27
2
11
2
6
1
7
3
6
2
9
1
38
1
4
1
31
16
11
1
23
1
4
2
12
1
8
1
39
1
1
3
34
9
3
3
16
6
12
1
14
8
10
3
54
2
10
1
44
3
3
2
10
2
1
1
37
2
5
3
14
20
13
3
61
9
9
2
37
4
6
2
55
2
9
2
34
1
12
1
5
2
5
2
39
2
2
3
36
13
1
1
66
1
3
2
63
2
7
1
42
2
8
3
68
16
3
3
9
23
5
1
32
4
5
1
25
3
9
1
6
1
11
2
66
3
7
1
53
1
8
3
36
12
10
3
15
2
6
1
11
11
9
3
33
24
2
1
67
1
13
1
9
7
9
3
41
4
7
3
54
1
13
1
55
1
5
2
22
3
14
3
65
5
6
1
16
4
9
1
47
2
7
2
1
3
13
1
39
3
4
2
38
1
12
3
35
8
14
1
5
1
9
2
25
2
7
2
61
1
14
1
28
2
10
3
8
14
14
2
65
1
6
1
15
1
9
2
11
3
11
2
60
4
6
2
1
1
3
2
47
4
10
2
15
3
4
1
2
3
8
1
68
2
12
3
49
7
6
3
38
11
11
1
30
14
13
3
4
16
1
1
38
3
12
3
43
8
12
3
71
1
10
1
17
9
12
2
18
3
9
2
9
1
1
2
28
1
13
1
36
2
14
2
42
2
5
3
44
2
12
1
68
3
8
3
52
8
13
1
49
1
6
2
65
3
9
2
38
3
4
3
66
3
7
1
10
2
11
2
53
1
4
3
29
10
8
3
67
24
4
2
63
1
6
2
67
2
1
2
29
2
8
3
6
1
8
2
14
1
11
3
30
1
10
2
30
1
11
1
23
2
12
2
43
2
13
1
65
2
6
3
55
7
13
2
67
1
9
1
71
1
10
1
35
3
2
2
4
1
12
3
27
5
1
1
45
2
6
2
54
1
5
2
33
1
7
1
6
2
13
1
29
1
2
2
53
3
11
3
37
3
8
2
26
4
2
2
45
2
6
1
8
8
4
1
66
3
14
3
10
25
3
3
71
5
1
3
40
3
3
3
13
1
9
3
63
5
8
2
71
3
2
1
52
1
8
1
26
2
9
2
55
1
2
3
7
2
8
3
53
2
6
2
13
1
3
2
33
2
8
3
17
16
8
1
25
1
8
1
3
5
14
2
14
3
8
1
31
4
11
1
1
1
1
3
11
10
14
2
3
1
4
2
23
3
13
2
17
2
3
3
1
8
5
2
8
3
2
2
42
3
1
3
1
6
6
2
2
2
1
1
26
3
8
2
13
3
3
1
34
2
3
2
12
3
4
1
28
3
2
2
39
3
3
1
4
3
9
3
47
7
1
3
61
4
5
2
52
2
9
2
16
3
5
1
18
6
9
3
30
12
2
2
45
1
2
1
33
5
9
3
60
22
11
1
9
9
6
3
35
4
12
3
68
9
6
2
9
3
3
3
7
3
10
2
5
2
11
3
53
7
5
3
44
6
7
2
41
5
12
2
71
1
11
3
26
11
14
2
22
1
13
1
13
1
13
1
41
1
9
3
18
25
4
1
53
2
8
3
40
5
7
2
40
3
8
1
54
1
4
2
18
2
2
1
36
1
5
2
32
1
12
1
13
5
3
3
5
2
10
1
11
4
8
2
68
1
9
1
61
1
13
1
60
1
9
3
65
2
1
1
32
3
3
2
30
5
12
1
55
2
14
3
14
4
2
1
8
14
1
2
17
1
7
3
23
17
13
1
16
7
2
1
34
3
7
2
41
4
12
3
4
15
4
3
32
7
14
3
66
7
11
3
45
3
13
1
33
1
13
1
4
5
4
2
7
3
5
2
52
1
5
2
28
2
8
3
2
1
12
1
7
4
8
3
27
2
5
3
13
2
8
2
60
2
10
3
25
8
6
3
39
3
7
2
5
1
2
3
38
7
3
3
33
1
2
1
17
13
8
3
29
8
9
3
49
5
2
1
42
1
12
2
7
1
10
1
12
15
5
1
37
1
14
2
35
1
11
2
54
2
9
1
40
1
9
3
16
2
11
2
25
3
12
3
11
7
14
2
23
2
7
2
8
1
6
3
37
7
4
