2
61
2
3
3
54
1
9
2
8
1
9
1
49
1
14
1
7
9
11
1
63
1
2
1
65
1
1
2
38
4
13
1
36
1
7
1
52
3
10
3
16
8
13
1
4
2
1
2
40
2
5
2
40
4
11
1
17
7
4
3
9
28
10
3
7
3
10
3
2
11
12
1
5
1
11
1
67
3
7
1
33
4
7
2
17
2
2
3
71
5
12
1
15
4
13
2
2
3
10
3
67
24
14
2
52
5
14
3
65
20
11
2
8
2
12
1
39
1
3
2
52
6
11
3
44
4
14
3
32
9
10
3
12
5
1
2
10
3
6
1
55
1
4
3
42
3
5
2
43
5
7
2
41
4
6
2
27
2
4
1
9
6
9
2
9
3
14
2
26
2
8
3
7
1
1
3
61
10
3
1
63
2
14
2
18
2
13
3
41
2
7
2
54
2
4
1
10
3
4
3
13
7
8
2
42
4
7
2
9
2
7
1
53
2
2
3
29
11
9
3
8
20
4
1
25
2
6
2
22
1
8
1
14
15
5
3
39
3
8
1
44
2
10
3
8
8
3
2
13
1
13
1
17
5
6
3
10
12
8
2
26
1
1
1
12
16
3
1
40
3
12
2
55
3
6
1
35
4
4
3
65
4
10
2
7
1
5
3
40
5
4
3
13
2
14
1
61
3
8
1
68
1
4
3
34
8
10
2
42
3
11
3
12
3
12
1
71
2
9
2
44
1
6
3
1
7
6
2
68
3
3
2
67
1
10
3
67
33
4
1
34
4
13
2
6
3
8
3
53
5
1
3
53
4
1
1
66
1
13
3
40
2
9
3
39
5
12
2
18
4
13
1
38
2
2
1
2
5
8
2
22
3
14
2
63
3
8
1
42
2
3
1
16
6
8
3
23
2
12
3
6
3
5
1
44
1
8
2
23
3
2
1
68
3
10
1
27
1
7
2
13
2
5
2
44
5
10
3
2
3
9
3
11
5
10
1
45
1
10
3
34
6
7
3
61
5
14
3
38
12
5
2
14
2
11
3
45
6
2
2
71
1
13
3
55
2
10
3
30
22
10
3
26
6
5
1
54
2
13
2
35
2
7
1
27
2
2
2
32
1
14
3
29
13
3
3
35
6
9
2
49
2
6
3
5
2
10
3
25
1
9
2
15
3
3
3
32
11
2
3
6
6
8
1
31
14
1
3
17
3
3
2
15
1
13
1
71
3
9
2
36
2
10
3
68
12
3
1
12
17
2
3
10
18
8
3
17
16
14
3
45
4
10
1
10
2
4
3
60
21
11
2
5
1
12
1
37
1
10
2
4
1
12
3
36
4
9
1
11
11
10
1
1
2
5
3
31
19
2
1
28
1
11
1
49
2
3
2
28
1
6
3
38
5
3
2
3
3
8
3
55
1
14
1
11
8
12
2
2
2
3
3
28
9
5
2
27
1
7
3
43
3
10
3
22
2
11
2
67
2
12
2
60
3
1
2
11
2
11
3
47
9
4
1
7
1
5
1
54
1
12
2
10
2
12
2
53
3
1
2
55
1
5
3
26
11
2
2
33
3
2
2
37
2
2
2
49
1
5
3
16
3
14
2
4
2
7
3
1
1
5
3
9
5
5
3
31
6
13
3
37
12
10
1
9
1
3
1
22
3
1
1
52
1
6
1
28
3
7
2
25
3
4
2
45
2
12
2
39
4
9
2
23
1
11
1
34
5
12
1
8
11
5
2
47
1
10
3
49
3
6
2
7
3
4
2
61
1
11
1
67
2
7
3
37
3
10
3
52
18
1
1
30
5
10
1
15
2
10
2
28
3
5
3
63
13
14
1
53
1
4
1
42
1
11
2
3
2
10
1
33
3
6
2
30
3
1
3
60
12
3
2
36
1
9
2
14
1
7
1
60
1
10
3
27
3
4
1
16
5
6
2
32
4
5
3
43
5
7
3
33
13
10
1
60
2
13
2
66
3
2
1
29
3
7
3
27
16
10
2
16
1
11
2
66
2
5
2
65
4
14
1
65
2
11
1
18
10
11
3
4
12
1
1
23
2
13
2
45
4
1
2
63
1
11
1
3
4
9
2
16
3
12
2
17
3
9
3
15
8
9
2
31
3
9
3
66
1
12
2
68
1
11
3
23
1
14
2
37
4
7
1
26
1
9
2
12
1
13
1
41
2
4
2
31
4
8
1
6
1
13
3
44
3
2
2
38
1
11
1
55
2
12
2
12
2
10
2
53
1
4
1
36
3
11
1
32
7
14
1
5
2
6
3
11
25
11
2
41
3
4
1
14
14
8
3
66
3
7
3
5
5
3
3
14
26
14
3
68
8
8
3
18
7
14
2
5
2
7
1
47
3
7
2
6
1
13
2
60
1
10
3
52
12
11
1
43
1
2
2
33
2
5
2
29
2
13
1
22
2
7
2
54
1
4
1
29
2
4
1
66
2
10
3
3
3
5
1
25
1
12
3
3
10
1
1
40
2
12
2
65
3
10
2
25
2
9
2
35
3
6
1
35
3
3
1
45
2
10
1
37
2
6
1
47
1
6
1
41
1
12
3
22
5
7
1
13
6
2
1
39
4
5
3
47
1
4
2
39
1
5
3
42
1
13
3
35
3
10
3
36
12
6
1
6
2
12
1
4
1
13
1
13
9
13
1
8
8
13
2
30
4
3
3
63
6
3
3
30
10
14
3
54
2
13
2
11
1
9
1
30
10
13
3
25
9
2
1
23
3
10
3
18
21
12
3
4
13
1
1
38
3
3
3
49
1
6
1
3
1
1
3
14
11
9
3
28
13
12
2
47
2
14
3
71
1
3
1
18
11
4
1
61
1
6
2
29
3
6
2
71
2
5
1
43
3
4
3
15
9
9
2
34
1
5
1
31
16
6
1
26
3
3
1
2
4
8
2
1
3
5
2
1
1
2
2
34
3
8
3
33
9
6
3
41
4
10
1
32
3
3
1
1
3
10
2
43
2
2
