3
36
3
2
2
63
1
3
1
67
1
9
3
30
15
5
2
30
2
4
1
31
8
11
2
66
2
9
3
7
1
14
2
66
1
3
1
35
4
7
2
35
1
8
2
8
1
1
3
22
3
7
1
54
1
12
2
23
2
2
2
26
1
11
2
65
1
4
3
34
4
9
3
54
1
3
1
34
6
7
1
68
3
7
3
8
7
3
3
45
4
11
2
35
3
5
2
71
1
10
3
16
8
7
2
67
2
9
1
22
1
3
1
68
1
7
1
25
1
14
2
11
1
12
1
12
14
13
1
37
2
6
2
47
1
9
3
29
13
7
2
29
1
1
2
65
4
5
3
39
10
6
1
30
12
13
3
13
8
7
1
6
1
12
1
6
2
7
3
14
18
4
2
13
2
2
1
28
3
11
3
27
14
10
3
44
5
5
2
2
2
13
1
13
9
5
2
53
1
4
1
7
7
1
3
30
10
3
3
4
18
6
2
60
2
13
3
61
10
8
2
36
4
12
1
53
1
9
3
25
7
13
3
5
3
1
3
54
2
8
2
45
3
9
1
26
3
10
1
33
8
5
1
40
3
11
1
3
1
8
3
23
14
4
2
27
2
3
3
43
6
2
2
40
3
2
1
8
2
4
1
55
2
3
1
8
8
3
3
10
10
11
2
33
1
2
3
25
8
14
1
7
8
8
3
63
10
4
2
44
4
11
2
49
4
13
2
17
3
11
3
47
6
4
2
40
2
11
2
29
3
10
2
34
3
4
1
44
3
2
2
37
2
4
1
4
3
13
2
18
2
14
3
60
10
1
2
54
1
2
3
7
4
2
1
5
2
5
3
33
21
4
3
41
1
9
2
12
2
9
1
43
3
3
2
47
4
2
2
6
2
12
3
55
5
3
2
39
2
5
1
39
2
6
3
23
5
12
3
44
6
9
2
38
1
6
1
61
2
13
2
54
2
14
1
41
1
10
3
35
4
10
3
35
1
1
3
71
5
7
2
34
2
6
3
33
11
10
2
13
1
2
2
30
5
8
1
11
6
11
2
41
4
12
2
6
1
9
2
23
3
6
1
18
1
8
2
10
1
13
2
14
1
7
1
2
6
6
2
5
2
7
3
15
8
13
2
52
2
3
3
53
8
6
2
22
2
9
2
4
3
4
3
36
12
5
2
38
4
1
3
28
13
3
2
61
2
9
1
13
7
3
3
11
1
11
3
68
4
13
1
26
1
4
1
44
4
4
2
8
3
4
2
14
2
3
1
16
4
3
1
10
2
9
2
3
1
13
3
1
7
4
1
15
3
6
3
53
6
4
1
14
13
3
2
1
2
13
2
7
2
9
2
36
2
11
3
17
12
3
1
1
2
10
1
16
6
14
1
2
7
10
1
71
2
6
3
22
6
1
3
31
11
8
3
2
8
13
1
71
3
12
2
52
5
9
1
9
13
4
2
17
2
2
3
26
9
14
1
49
2
11
3
63
8
8
1
31
16
5
1
55
1
1
2
28
2
13
1
38
3
6
1
3
11
10
3
9
12
2
1
47
1
1
2
68
3
4
3
8
5
9
3
41
2
7
1
32
2
3
2
10
2
13
2
31
3
12
2
68
4
3
3
39
1
5
2
2
3
13
1
9
12
7
3
27
4
14
1
45
1
4
1
54
2
10
3
17
16
10
3
16
1
2
2
3
2
6
3
18
5
2
2
28
1
12
2
1
3
10
1
1
3
12
1
49
1
10
2
18
4
6
1
38
2
12
2
55
2
13
1
17
15
8
1
43
1
11
3
28
10
6
1
34
4
12
3
55
11
14
2
26
4
8
3
45
1
7
3
49
2
6
1
17
11
2
3
47
2
10
2
43
3
9
1
37
1
7
1
60
1
14
1
29
1
4
2
7
3
10
1
61
1
2
1
23
1
9
1
42
1
5
3
29
17
13
2
33
2
2
2
9
1
5
3
42
2
9
1
66
1
6
2
12
1
7
3
66
1
10
3
32
7
13
3
12
4
14
3
32
12
4
3
1
4
2
1
27
3
1
3
2
12
6
3
5
2
2
1
30
15
1
3
37
5
3
1
53
2
10
1
63
2
1
3
40
3
2
1
40
2
9
2
25
3
10
1
27
1
8
3
6
4
8
1
29
2
2
2
63
2
5
2
45
1
8
2
42
2
7
3
10
2
3
3
40
4
8
1
65
1
14
3
4
28
10
2
42
3
5
1
18
14
5
2
11
2
13
2
9
3
10
1
33
4
7
1
41
3
5
3
31
15
13
3
60
3
7
2
32
1
2
1
36
3
3
3
38
7
11
3
6
3
9
1
60
2
6
3
3
8
14
2
16
3
3
2
16
2
2
2
37
1
8
1
12
9
1
1
35
1
1
1
10
4
12
1
63
1
13
2
41
5
4
3
43
4
6
2
22
1
10
2
15
1
2
3
71
1
6
1
36
2
4
2
53
3
2
1
25
2
11
1
15
1
12
1
45
2
6
1
23
2
8
3
11
3
13
3
65
7
12
2
55
3
5
3
68
17
5
2
43
5
1
2
15
2
8
2
27
3
8
1
65
2
6
2
32
2
2
1
5
1
14
3
67
13
9
3
49
6
4
2
61
1
12
2
31
4
12
3
14
6
1
3
9
30
12
2
4
2
8
2
71
3
11
2
60
3
4
2
5
1
7
3
38
2
14
3
26
6
8
1
14
16
8
1
4
5
1
1
42
2
1
3
3
3
7
3
18
21
9
1
28
2
8
1
39
1
4
1
66
2
5
1
47
3
2
2
67
1
8
1
67
2
9
3
67
32
9
3
37
10
5
3
65
13
13
3
15
12
14
2
49
1
7
2
39
1
3
3
66
5
4
3
52
18
5
3
61
2
9
1
32
1
1
1
22
2
11
1
11
4
3
2
25
1
3
3
42
4
8
3
34
11
5
1
52
1
9
3
12
2
13
3
52
8
7
2
44
5
12
3
13
2
11
1
52
3
3
