3
26
9
1
3
65
7
11
1
31
16
9
1
26
3
10
2
13
1
12
1
3
10
6
1
67
2
14
1
23
3
5
3
43
5
13
1
17
13
6
2
12
1
12
1
52
3
9
3
38
4
12
3
10
2
3
2
39
2
8
1
13
9
10
1
65
1
6
3
66
3
4
2
65
1
6
2
68
2
2
3
65
19
9
1
68
2
6
2
1
3
4
2
12
3
8
2
43
1
6
2
53
1
2
2
45
2
1
1
26
2
4
2
11
3
14
2
4
1
10
3
61
4
12
3
32
2
10
3
6
3
12
2
47
1
5
3
55
4
4
1
53
1
9
2
52
3
7
1
8
12
11
3
63
7
13
2
35
3
6
3
33
5
10
3
34
11
4
2
3
3
7
2
41
2
5
1
68
1
6
2
40
3
9
2
14
2
2
2
34
3
13
1
54
1
6
3
29
8
8
1
53
2
11
1
43
2
4
1
45
1
14
3
68
6
3
1
16
7
8
3
9
23
12
1
33
5
10
1
12
5
4
2
34
1
5
3
14
12
9
2
32
2
1
3
68
4
12
3
3
8
13
2
7
2
6
1
23
2
2
2
40
4
9
1
4
8
2
1
29
3
12
2
8
1
7
3
71
4
8
2
31
4
2
3
16
8
13
1
7
4
4
2
66
3
4
3
26
5
14
3
2
6
8
2
43
3
9
2
41
3
6
3
43
3
11
1
25
2
6
2
49
1
14
1
15
4
7
1
31
6
11
2
42
2
14
2
18
3
10
2
29
1
14
3
8
19
4
3
10
20
11
3
12
7
7
3
6
6
11
3
13
1
9
3
45
6
14
2
6
3
12
2
11
1
12
2
16
2
14
1
5
2
8
1
39
2
11
3
67
3
7
3
8
15
11
2
9
1
12
3
40
3
13
1
11
3
7
1
35
2
4
1
3
3
9
3
45
7
9
1
29
2
4
1
61
1
9
3
15
17
2
2
33
3
12
2
30
3
8
2
60
3
2
2
15
2
12
2
54
2
3
2
63
3
2
1
49
2
9
1
14
5
13
1
6
2
14
2
18
2
3
1
65
2
6
2
66
1
12
2
33
1
6
3
7
4
10
3
23
8
10
2
61
1
8
3
61
6
1
2
1
2
5
2
2
1
9
3
2
9
6
2
49
3
2
2
36
1
6
3
54
2
7
1
38
1
14
3
5
3
5
2
28
2
4
1
36
1
13
1
66
3
3
2
44
3
13
2
31
5
13
1
7
5
12
2
26
1
8
3
32
7
8
3
7
3
3
1
54
3
12
1
16
1
5
3
17
11
4
1
36
3
6
3
47
3
3
3
42
2
9
3
47
8
6
3
38
6
7
1
11
8
7
3
67
12
9
3
34
2
12
1
30
4
13
1
47
3
1
1
42
1
5
2
23
3
7
3
15
7
14
2
25
2
14
3
1
2
14
1
33
1
7
3
22
1
9
2
9
2
8
2
71
3
6
2
25
3
9
2
45
4
9
2
28
3
6
1
14
1
8
3
23
6
11
1
67
3
12
3
36
2
9
1
41
1
10
3
42
1
5
1
66
2
14
2
61
2
1
2
5
1
9
2
14
1
11
3
41
1
5
2
36
2
12
1
41
2
3
3
55
11
7
1
55
2
1
1
47
1
12
1
39
4
2
1
5
1
13
3
37
8
2
1
1
2
2
3
1
6
9
2
4
2
13
3
49
6
4
1
27
2
7
2
29
3
5
3
31
27
11
3
39
4
6
3
4
16
2
3
25
8
3
1
32
7
4
3
53
3
9
2
53
2
3
1
35
3
5
3
17
1
6
3
4
2
13
3
37
7
6
2
38
2
11
3
11
6
10
1
38
3
13
1
55
1
9
1
42
2
11
1
27
3
14
1
32
6
12
1
18
14
6
3
3
3
8
1
17
5
8
2
35
1
8
2
71
1
4
1
49
1
11
3
9
22
13
3
60
20
9
2
54
1
8
1
15
5
13
3
39
9
6
1
12
6
9
2
7
1
8
1
22
2
3
1
4
6
14
3
44
9
13
3
53
5
5
3
54
1
4
2
68
3
13
3
22
5
9
2
37
1
12
3
36
10
13
3
71
2
12
3
12
5
8
3
5
5
8
1
37
1
12
1
10
4
1
3
41
2
13
1
34
8
6
2
67
2
3
2
27
1
10
3
18
15
7
1
2
7
5
3
40
1
11
3
18
14
14
2
55
2
11
1
45
2
6
3
28
11
3
3
35
7
9
1
44
3
14
2
3
1
3
1
28
1
7
2
37
2
4
2
8
3
7
2
27
3
9
1
40
1
12
3
63
6
11
3
27
13
2
3
16
6
4
2
32
4
2
3
11
20
7
3
30
2
9
2
2
2
12
2
10
2
7
3
27
2
10
3
35
2
12
1
9
7
12
1
9
5
14
2
10
3
10
2
39
4
1
3
31
20
13
2
5
2
11
2
63
2
12
1
30
1
9
1
37
2
14
1
6
1
2
2
15
3
1
2
38
3
5
1
52
1
5
2
67
1
12
2
23
1
6
2
52
2
10
3
52
14
7
2
26
4
11
1
18
7
10
2
16
3
5
2
17
3
3
2
17
2
4
1
43
3
14
1
61
3
12
2
65
2
5
3
30
9
7
1
40
3
6
3
29
16
2
1
60
2
14
1
71
1
8
2
22
1
1
1
13
6
13
1
28
3
5
3
14
24
4
1
63
1
2
1
44
1
13
2
22
2
6
1
34
1
7
1
1
1
2
2
30
2
4
2
47
3
4
3
33
4
5
3
44
10
10
3
66
1
5
3
13
6
12
2
44
1
7
1
8
4
12
1
2
5
13
1
25
3
5
1
22
3
14
3
52
8
6
3
28
1
4
3
60
14
1
2
42
1
2
2
60
4
9
3
25
5
2
1
63
2
9
1
60
1
7
1
71
2
1
2
55
3
5
1
10
8
5
2
6
1
3
3
49
5
1
2
13
3
9
