1
35
3
10
1
53
2
9
3
1
4
8
3
11
10
6
1
45
1
8
1
4
8
10
2
66
1
2
1
52
1
9
2
7
3
4
1
68
2
2
1
28
3
2
3
47
10
14
2
61
1
2
3
7
3
10
1
47
3
11
3
15
11
5
2
11
2
6
2
22
2
5
3
53
7
2
1
67
3
11
2
32
1
6
1
36
2
5
1
55
2
9
1
35
2
8
1
29
2
12
1
67
1
13
1
42
1
1
3
39
10
1
3
33
2
14
2
37
3
12
3
55
3
2
3
71
2
2
3
22
4
3
2
35
2
1
3
10
19
3
3
15
4
5
3
65
11
2
1
61
1
1
1
40
3
3
3
37
7
12
1
15
2
4
2
45
3
13
1
12
16
7
2
12
1
6
1
25
1
11
3
13
3
7
2
43
2
10
2
2
2
6
2
71
3
13
3
23
13
7
3
41
2
4
2
27
1
4
3
18
15
5
2
1
2
8
1
22
3
2
1
11
11
8
1
30
11
1
3
52
15
9
2
41
4
3
3
35
6
11
3
3
1
2
3
52
6
10
2
15
1
11
2
14
2
8
3
29
7
13
3
27
1
7
2
23
2
9
1
25
2
7
2
9
1
12
3
23
2
11
2
5
2
13
2
68
4
5
1
60
2
6
1
41
2
4
1
8
8
4
3
36
8
10
2
26
4
8
3
45
7
9
3
6
5
12
3
33
13
14
1
28
2
10
3
30
12
8
3
7
1
2
1
39
2
5
2
47
4
12
2
11
1
14
3
40
6
8
1
22
2
11
1
10
7
7
1
40
1
4
1
43
3
10
1
52
2
14
2
17
2
7
2
6
1
3
1
71
1
3
2
27
2
2
2
53
3
6
1
11
1
6
1
13
9
9
3
1
10
2
3
54
1
13
3
17
7
3
1
18
11
7
3
29
18
3
2
49
1
10
1
42
2
2
1
68
3
2
2
43
4
3
3
66
3
11
2
9
2
12
1
61
2
14
2
25
1
5
1
5
1
2
2
3
1
4
3
63
6
10
2
66
2
2
1
41
3
7
1
31
14
1
1
30
4
11
1
47
1
13
1
65
1
9
1
16
3
5
3
67
9
12
3
8
4
3
3
25
9
4
3
39
8
12
3
49
3
4
3
26
1
5
1
6
2
12
3
31
3
2
3
42
3
4
3
5
1
9
1
23
3
2
2
4
3
7
1
13
5
13
3
17
15
1
2
5
3
11
2
1
3
14
2
54
1
10
2
63
3
1
3
30
21
9
2
10
3
12
3
34
10
11
1
6
1
3
2
16
2
5
3
55
11
6
2
12
2
9
2
31
1
3
1
66
1
14
2
34
1
7
3
12
3
2
2
33
1
4
2
16
3
14
3
40
3
11
3
4
16
7
2
52
3
3
3
34
6
8
1
9
11
1
3
37
6
13
2
8
3
8
2
34
3
13
2
55
3
2
3
9
23
5
1
29
3
12
2
68
1
6
3
36
3
4
2
30
5
5
3
28
2
2
3
49
5
2
1
15
5
8
1
54
3
11
1
66
2
7
3
32
12
4
1
27
3
6
2
39
1
14
2
55
2
11
2
14
3
5
1
7
10
4
2
25
2
6
3
2
2
1
1
49
1
1
1
36
3
11
2
17
1
13
1
37
2
5
3
41
1
12
3
22
6
3
3
25
1
9
3
16
8
1
2
52
2
8
3
13
8
12
2
47
1
13
3
38
2
9
3
31
10
3
2
36
4
11
1
32
3
1
2
53
1
9
2
7
2
1
2
65
1
11
1
44
3
11
3
28
15
4
3
54
2
14
3
16
4
11
2
6
3
6
2
33
2
5
1
18
7
7
3
44
3
7
1
53
1
11
3
12
7
4
1
17
13
8
2
3
3
6
1
38
2
6
2
29
2
5
3
66
7
14
1
33
4
4
1
49
2
11
3
27
17
6
1
27
1
12
3
26
11
10
2
45
1
11
1
63
1
10
3
44
8
10
2
37
4
8
1
7
4
2
2
36
5
12
3
32
9
1
2
18
1
11
2
15
2
14
2
23
3
7
2
38
4
11
1
65
2
13
2
61
2
13
1
23
1
6
2
13
1
2
3
2
5
1
1
45
2
6
2
38
3
14
2
13
2
10
3
35
7
12
2
41
3
12
2
65
2
7
2
32
3
3
2
4
2
8
1
10
1
2
3
65
1
5
1
3
4
10
3
18
20
13
1
34
5
9
3
5
4
1
3
61
1
3
2
54
2
12
2
44
3
11
3
9
7
11
3
71
3
7
1
3
8
6
1
14
4
9
3
8
10
1
3
14
9
11
3
61
2
10
2
26
3
9
3
43
3
3
2
60
3
2
1
2
7
1
3
63
4
5
1
12
14
1
2
39
4
14
1
14
13
1
3
6
1
9
1
71
2
5
2
31
2
12
3
68
1
10
3
14
4
10
2
22
1
8
2
8
2
2
2
35
3
10
3
38
5
1
1
32
7
8
1
2
4
11
3
42
1
8
1
8
16
6
3
68
7
10
2
44
1
8
1
55
1
2
1
33
1
3
3
53
6
8
3
11
22
1
1
16
1
4
1
43
2
13
3
10
5
14
1
63
2
13
1
31
9
3
2
42
4
9
3
3
3
14
1
5
2
3
2
49
3
3
2
28
3
11
3
47
3
6
2
67
2
8
1
54
2
4
3
43
7
10
1
26
2
9
2
30
2
3
1
1
1
5
2
18
2
6
2
67
1
1
2
60
1
12
3
45
2
12
3
60
1
12
2
10
2
7
1
9
3
14
1
38
3
13
1
17
14
7
1
39
4
4
2
40
2
12
3
67
17
1
2
28
2
1
2
29
3
5
1
4
3
2
2
63
2
14
2
2
3
6
1
60
1
1
2
42
2
3
2
40
3
4
1
1
2
8
3
60
22
10
1
37
1
4
1
34
8
14
2
71
2
8
1
26
1
14
3
4
10
8
1
44
2
10
