1
27
2
13
2
28
2
8
3
13
6
12
2
26
3
8
3
44
4
11
1
29
2
4
3
22
4
11
3
43
7
13
3
54
1
1
1
54
1
4
1
5
1
11
1
22
1
14
3
14
18
7
1
27
1
1
2
65
4
7
3
26
12
7
3
2
3
9
1
54
3
3
3
49
6
9
2
65
2
11
3
42
2
14
1
26
1
4
1
41
3
11
2
67
1
6
2
31
2
4
3
32
5
11
1
45
2
8
1
1
2
11
2
45
2
12
1
18
7
11
3
23
8
4
2
10
1
5
3
8
2
8
2
1
2
7
3
25
2
2
2
14
1
4
1
16
7
8
3
35
8
1
1
33
1
1
3
13
2
8
3
4
27
6
3
9
19
7
3
65
4
1
3
9
27
5
1
28
3
4
1
35
2
3
2
5
3
6
3
12
4
2
2
33
3
14
2
44
2
9
2
22
3
4
2
34
1
7
1
49
1
14
3
43
6
5
1
67
2
9
3
27
16
1
1
36
3
10
2
30
1
8
2
12
1
12
2
31
5
4
2
44
1
12
2
61
2
6
3
47
6
6
3
52
3
10
1
35
3
12
1
47
2
4
2
7
1
5
2
47
2
13
2
47
1
11
3
66
7
7
2
71
2
10
1
32
4
10
3
11
26
9
2
27
3
13
2
68
3
8
3
65
10
6
1
38
1
4
1
7
11
9
2
68
4
4
1
1
1
7
1
42
1
14
1
22
2
13
2
11
1
10
1
53
2
3
3
8
16
11
1
52
1
10
1
14
4
8
2
55
2
1
2
43
1
12
2
25
3
13
2
36
3
6
2
67
2
11
1
39
1
6
2
17
3
2
2
52
6
7
1
4
5
13
1
37
1
5
1
12
8
11
2
2
3
8
1
71
2
13
1
65
2
3
3
30
24
5
3
29
5
10
3
34
5
9
3
28
5
5
1
63
1
6
3
15
5
12
3
1
10
5
1
8
5
10
1
34
4
2
3
37
5
10
3
17
13
9
1
53
1
7
3
6
6
12
3
15
10
10
1
26
2
2
3
67
24
13
1
6
1
14
2
53
3
4
1
63
2
5
3
18
21
13
1
61
3
8
2
15
3
5
3
16
4
9
3
53
2
14
2
66
2
4
2
33
1
5
1
17
9
3
1
37
2
12
2
30
5
13
3
14
5
14
2
3
1
6
3
22
12
11
3
53
6
5
1
66
1
10
1
71
3
11
2
10
3
1
1
10
2
14
2
26
1
6
1
66
2
14
2
37
3
8
2
8
3
10
1
7
9
8
3
41
3
1
3
41
1
1
2
41
2
14
3
7
1
12
1
34
5
6
2
15
1
4
3
31
16
14
2
41
4
5
2
32
2
9
1
3
11
10
3
36
7
9
1
67
1
1
1
9
3
10
1
44
3
2
2
13
2
3
3
60
10
9
1
32
3
6
2
29
3
13
1
13
5
2
2
23
2
5
3
49
2
6
1
14
22
3
3
71
4
5
3
39
9
3
2
38
3
13
1
43
1
6
3
1
3
11
3
11
21
8
3
7
5
13
3
45
3
10
3
5
2
4
1
45
1
5
3
27
5
7
2
4
1
2
3
30
5
5
2
49
4
2
3
38
5
7
2
42
2
2
1
8
14
8
3
39
10
13
1
41
1
13
2
32
1
4
2
54
2
3
2
40
4
6
3
32
3
12
3
33
7
12
2
63
1
12
2
55
1
1
1
12
11
13
1
2
7
12
3
33
6
12
1
23
2
13
1
52
2
4
3
55
13
10
2
1
3
14
1
15
4
12
1
11
8
6
3
55
16
8
1
65
1
3
2
11
3
3
2
49
1
11
2
2
1
10
3
35
6
1
3
54
2
1
1
28
2
7
1
17
4
11
3
38
1
6
2
52
5
5
3
45
1
1
2
6
3
12
2
14
2
1
3
36
1
5
3
68
13
14
3
17
16
4
1
2
4
6
2
18
1
5
2
45
1
1
2
53
1
1
1
15
1
7
3
6
1
4
2
28
1
7
2
17
1
12
2
37
1
2
2
35
3
14
2
23
1
2
2
4
2
10
1
23
3
9
2
6
2
13
3
63
3
3
2
39
3
5
2
42
4
1
1
31
9
5
3
5
1
13
1
25
1
3
2
34
2
7
3
42
1
9
1
44
4
12
1
39
4
6
2
27
1
4
2
66
3
7
3
68
5
1
3
40
4
12
3
4
22
11
2
39
2
2
1
6
2
5
3
52
6
10
1
68
1
2
2
43
3
14
2
16
1
1
1
43
3
1
2
71
3
3
1
61
1
4
2
36
1
10
3
61
8
11
2
5
1
1
1
3
3
4
1
42
2
8
1
36
1
3
2
54
1
9
3
12
2
3
3
37
9
10
1
68
2
14
3
10
11
14
1
25
3
7
3
18
18
9
2
18
4
7
1
49
2
6
2
61
1
14
3
34
9
6
1
11
10
7
1
55
2
7
2
35
1
11
1
18
6
12
1
9
12
10
3
40
5
5
2
40
3
7
1
38
2
4
3
10
18
3
1
31
4
11
3
47
2
9
2
13
1
2
3
29
3
2
3
23
11
5
1
10
3
10
2
60
2
14
1
13
7
7
2
38
4
6
3
44
5
10
3
26
11
3
2
22
2
6
2
3
2
12
3
63
1
13
3
3
2
8
3
71
2
10
3
3
3
14
2
8
2
3
1
29
3
11
1
40
1
11
3
31
7
8
1
55
1
7
1
4
2
12
2
12
3
12
1
60
2
7
3
28
2
1
2
16
2
1
1
40
2
9
3
67
33
2
3
61
9
4
1
16
4
1
3
16
6
1
1
5
2
5
2
25
1
10
3
60
16
8
1
47
3
9
3
25
5
12
3
2
9
12
2
9
1
7
2
63
3
12
2
9
3
6
1
30
9
1
3
66
9
8
2
60
1
12
1
33
4
8
1
60
1
10
2
7
3
14
1
30
1
5
2
29
2
10
