1
36
3
10
1
44
1
2
1
5
2
9
3
41
1
4
1
2
4
13
1
41
3
11
3
23
13
2
1
33
1
10
2
8
3
14
2
39
2
1
2
49
4
1
3
54
2
2
2
2
3
7
1
54
2
7
1
8
14
7
3
44
4
4
2
43
2
12
1
61
2
14
2
40
1
5
3
4
12
12
3
36
1
1
1
25
3
6
1
10
1
13
3
9
29
1
3
1
7
5
1
13
8
10
3
6
5
2
3
42
3
4
3
8
4
5
1
15
5
14
1
66
2
14
2
60
3
11
2
42
1
7
1
61
3
14
3
11
2
9
1
71
1
2
1
14
6
11
3
36
2
11
3
10
17
3
1
37
2
2
1
26
1
11
3
37
9
12
3
37
12
2
3
26
12
12
2
6
1
13
2
37
3
3
2
27
1
3
2
5
2
8
1
43
3
3
1
65
1
6
2
26
4
1
2
35
2
2
2
28
1
7
2
2
2
13
3
55
1
10
2
22
2
3
3
32
2
6
1
52
1
6
3
61
4
4
2
5
3
6
1
6
2
8
2
67
2
10
2
10
2
4
3
44
9
2
1
37
1
11
3
63
10
10
1
42
1
11
1
45
2
5
1
47
2
1
3
39
3
7
2
47
2
6
3
47
1
10
1
2
3
3
2
49
3
10
1
49
1
2
2
36
1
9
1
63
1
11
1
22
3
4
1
35
1
1
3
29
4
14
3
34
10
5
2
45
2
13
2
39
3
14
1
71
2
11
1
1
1
12
1
27
3
11
2
4
3
7
3
25
2
1
1
7
4
6
1
15
1
4
3
39
8
12
1
7
7
9
3
43
1
14
3
15
9
4
3
63
9
4
2
54
1
7
2
3
2
2
1
9
12
10
3
2
7
3
3
33
17
4
3
25
4
2
3
27
12
7
3
12
2
10
1
39
2
11
3
22
7
4
3
12
4
1
3
49
8
6
1
22
1
12
2
55
3
12
1
44
3
2
3
42
1
1
1
34
10
9
1
54
1
13
3
55
11
3
1
31
6
6
3
52
1
12
3
10
18
1
3
14
26
7
2
44
3
1
3
15
16
4
2
34
3
14
3
13
8
8
2
32
2
7
1
32
3
11
2
52
2
9
2
23
1
9
1
12
14
1
1
67
1
14
1
52
2
12
2
6
2
7
2
42
3
12
2
71
3
10
1
41
2
4
1
32
1
14
2
4
2
13
3
67
9
11
1
34
6
12
3
16
6
7
2
41
1
11
1
12
3
8
3
33
7
9
1
60
2
10
3
27
11
12
1
53
2
14
1
6
1
4
3
26
7
12
3
4
20
1
1
55
1
12
2
53
3
5
3
30
20
5
1
3
11
3
3
35
1
8
1
9
10
5
2
53
1
9
3
68
9
8
3
3
2
13
3
67
29
13
1
8
3
10
2
31
1
13
1
4
2
4
2
52
3
3
3
23
2
8
1
38
2
6
3
38
9
6
3
28
12
13
3
22
5
10
1
36
2
4
2
25
1
3
3
17
10
2
2
67
1
5
2
32
1
12
1
30
13
5
3
38
1
6
2
15
3
13
2
23
2
7
1
13
5
8
3
13
6
10
2
41
4
3
2
31
3
1
3
31
23
2
2
7
1
8
3
53
8
13
1
66
3
3
3
45
5
5
2
12
3
9
2
22
1
10
2
60
1
2
2
9
1
4
1
27
2
9
2
1
3
11
3
65
5
9
2
63
1
2
2
13
1
3
3
16
5
3
2
71
1
9
1
4
7
5
1
30
20
6
2
65
3
10
2
8
2
11
2
45
3
8
3
47
7
11
3
35
2
13
3
65
10
2
2
3
1
14
1
55
2
7
2
66
2
6
2
30
1
5
2
33
1
14
2
33
2
9
3
71
5
11
1
14
12
4
2
18
2
1
2
17
1
12
2
11
3
9
3
60
23
13
2
55
2
9
1
40
3
2
2
12
2
12
2
28
2
4
2
27
2
4
1
40
2
14
2
65
4
13
3
54
1
14
1
65
2
11
1
28
1
13
2
10
3
4
3
9
27
5
3
7
3
4
1
33
7
3
1
38
3
7
1
25
1
7
1
47
3
13
3
3
4
9
3
1
4
3
2
37
1
6
2
13
2
13
2
1
2
10
3
11
19
13
3
32
3
13
2
18
1
2
3
7
1
13
1
43
1
14
1
17
12
14
1
26
3
3
2
47
4
10
2
61
2
6
1
23
3
6
3
30
26
13
3
8
2
2
3
5
2
13
1
11
2
9
3
45
7
2
2
9
3
1
3
40
2
9
1
49
2
11
3
66
3
11
2
66
3
6
1
3
9
3
3
52
4
3
1
29
1
11
3
2
12
12
2
14
3
8
2
36
5
7
3
14
10
1
2
35
3
12
3
29
15
2
2
38
2
7
1
16
7
8
2
54
2
10
3
43
3
13
1
16
6
10
3
66
4
8
3
18
22
1
1
31
7
3
3
49
4
3
2
68
2
11
2
11
1
3
2
16
1
9
2
38
1
4
2
25
3
2
1
53
1
6
2
30
3
8
2
14
2
9
1
23
1
6
3
34
8
1
1
17
7
9
1
5
1
2
3
53
5
13
3
41
2
4
2
7
3
9
2
63
2
10
3
60
3
14
2
17
2
2
1
29
3
10
1
18
4
13
1
67
2
14
1
28
2
11
2
40
4
3
2
34
2
13
3
17
15
12
3
71
2
3
1
68
3
3
3
5
4
3
1
10
8
11
1
45
1
14
3
68
7
3
1
11
11
5
2
29
1
11
1
63
2
12
2
16
3
5
3
31
9
9
1
35
3
7
2
15
2
6
1
18
11
14
3
6
2
11
2
44
1
13
2
61
1
2
2
26
2
6
1
1
2
1
2
68
4
2
3
40
4
13
1
39
1
13
3
28
7
1
1
60
1
11
2
29
2
10
3
61
6
10
1
42
2
7
2
43
5
8
1
68
1
14
3
18
15
11
