1
49
1
7
1
41
2
3
2
4
1
8
1
38
3
7
2
61
3
12
1
6
2
4
3
25
8
10
2
39
3
6
1
63
2
1
3
11
11
3
2
6
1
13
2
5
2
1
3
15
9
5
1
68
2
9
2
47
1
12
3
54
2
2
1
60
2
1
3
55
2
7
2
12
2
2
3
53
6
2
1
30
8
4
2
9
1
2
1
66
1
9
2
71
1
12
3
2
12
11
2
45
3
1
2
16
3
12
2
30
5
9
2
29
1
2
3
13
1
6
2
26
4
6
1
34
2
14
3
29
17
3
2
67
2
7
1
63
1
5
1
12
1
12
3
36
4
3
2
35
2
14
1
47
1
11
1
5
2
7
1
43
2
11
2
37
4
9
2
15
3
9
1
71
1
7
2
11
1
7
3
41
4
8
2
37
2
10
2
6
3
4
2
28
2
10
3
47
6
3
1
54
1
10
3
30
2
1
2
27
2
9
1
41
3
11
3
37
9
14
1
14
10
14
1
9
10
9
3
14
2
10
2
54
1
6
1
71
2
11
1
8
5
4
2
22
2
6
1
65
1
11
2
14
2
5
1
40
1
1
2
34
3
14
3
17
6
4
1
9
8
4
2
17
3
13
1
6
1
8
3
25
9
8
2
31
4
4
3
26
8
10
2
39
4
8
3
34
4
1
2
2
1
2
3
6
3
11
3
49
8
8
1
4
4
12
3
4
20
12
1
2
1
5
3
2
1
13
3
43
3
11
1
5
1
1
1
36
2
9
2
34
2
5
3
23
9
9
1
43
1
1
3
61
5
14
1
34
9
3
1
42
2
1
1
10
4
4
2
9
2
9
2
49
1
11
3
35
5
2
2
38
5
1
3
22
11
8
2
18
1
10
3
17
7
2
1
53
1
9
3
31
10
2
1
61
3
14
3
63
10
13
3
3
9
6
3
13
2
4
2
43
3
4
2
60
1
10
2
40
3
4
3
34
8
6
2
52
3
8
1
15
4
14
2
47
2
1
3
39
8
11
3
43
5
8
3
39
10
5
1
13
1
3
3
67
16
2
3
71
4
9
1
60
1
12
1
66
3
2
3
54
1
14
2
30
1
11
3
29
11
6
1
11
9
8
1
22
2
1
3
10
13
3
1
37
2
9
2
7
2
6
1
23
2
12
1
11
6
13
1
35
1
11
1
35
4
5
3
27
4
3
2
44
1
8
3
60
31
9
3
14
10
14
2
54
2
7
3
16
8
8
1
14
21
2
1
27
3
4
2
60
3
2
1
54
2
5
3
66
2
5
1
3
1
13
1
52
2
10
1
7
11
4
3
9
17
12
1
27
1
3
2
66
3
13
1
67
3
8
2
41
4
13
2
15
2
6
3
32
12
14
1
40
2
8
2
66
1
14
3
10
18
14
1
25
3
14
1
13
6
8
2
45
1
10
3
32
11
4
1
67
2
9
1
45
1
14
3
12
1
2
2
18
3
4
1
4
8
12
2
10
3
3
2
42
2
1
3
5
4
13
2
8
2
13
3
18
7
8
3
33
14
2
1
44
2
4
1
55
1
4
2
42
1
8
2
22
3
7
1
31
13
6
3
66
1
12
2
3
3
5
2
17
1
5
3
65
11
11
2
4
3
8
2
10
1
6
2
14
1
5
3
42
3
7
3
55
6
7
2
63
3
7
2
2
2
12
1
32
5
7
1
52
1
6
1
31
14
2
3
60
1
11
2
61
1
6
1
39
2
13
2
27
3
1
2
71
3
13
3
18
5
13
1
33
6
4
1
39
4
3
3
22
6
1
3
49
4
5
2
53
3
11
1
49
2
9
3
11
20
6
1
18
14
8
1
18
2
13
3
5
1
1
3
27
5
1
1
22
3
10
3
52
10
14
3
8
13
14
2
36
5
3
2
32
4
1
3
30
25
12
1
65
2
5
3
45
7
13
1
7
9
11
1
68
3
4
1
17
6
9
3
15
7
13
1
3
7
5
1
61
1
3
2
23
2
8
3
68
8
6
3
33
22
13
1
37
1
12
1
44
1
7
3
28
5
9
1
32
7
3
3
4
24
13
3
61
9
10
3
65
21
11
3
63
1
6
1
17
14
6
3
6
5
3
1
15
3
3
3
31
4
8
3
53
8
4
3
38
5
14
3
44
6
11
3
40
3
4
3
71
3
11
3
68
14
13
3
44
7
7
2
65
3
3
1
16
4
14
2
5
1
1
2
12
1
6
1
29
1
5
2
67
1
10
2
3
2
10
3
35
4
6
2
29
2
9
2
52
4
11
1
55
2
6
2
7
3
1
2
68
2
8
2
16
1
12
1
29
3
2
2
49
3
4
2
40
2
4
2
28
3
5
1
45
2
11
3
7
2
13
1
10
2
10
3
28
6
8
3
52
12
5
1
1
2
3
2
43
1
5
2
32
1
7
1
25
2
9
2
13
3
10
2
33
3
5
1
12
13
7
3
42
2
11
1
42
1
8
3
1
6
8
2
63
2
11
2
13
2
8
3
3
10
11
2
55
1
11
1
28
3
14
1
53
2
9
3
8
2
6
3
40
1
4
2
1
3
12
2
55
3
2
3
36
3
5
1
23
3
13
3
37
8
1
3
12
2
4
3
26
9
10
2
38
4
4
1
26
2
13
2
44
2
4
3
16
3
10
1
47
3
9
3
7
5
12
3
9
14
6
2
25
1
13
1
38
1
8
2
25
3
7
1
30
1
9
2
1
1
1
3
1
8
10
2
36
1
1
2
31
5
9
3
45
6
5
2
11
3
6
1
1
3
12
1
26
3
2
1
2
6
13
3
38
4
12
2
65
4
2
2
33
2
5
2
26
2
14
2
68
3
12
2
41
2
9
3
41
3
7
1
36
1
5
1
33
5
11
3
47
9
3
2
35
1
14
3
23
19
2
1
8
7
6
2
53
1
8
2
8
3
2
3
67
12
1
2
23
3
3
1
28
1
6
1
16
5
2
