1
26
1
14
2
1
2
10
3
68
17
4
1
42
1
9
2
11
2
3
3
1
4
13
1
45
1
12
2
32
2
13
3
43
2
3
2
26
1
14
2
27
1
12
1
37
1
7
2
23
2
7
1
33
6
10
2
15
1
12
3
14
12
11
1
3
2
8
2
10
1
14
1
36
1
11
2
35
3
8
1
4
5
1
2
15
3
12
1
26
3
9
2
55
3
4
3
68
2
7
1
53
2
12
3
3
7
11
1
28
2
6
2
44
1
14
2
60
4
10
1
31
8
1
2
17
3
10
1
60
1
12
3
15
3
3
1
44
1
8
2
33
1
13
3
54
1
8
2
41
5
12
2
52
3
8
2
47
3
14
3
13
8
1
3
65
7
9
3
71
5
11
2
43
4
5
3
2
8
3
1
71
1
1
2
14
2
1
2
45
1
6
1
16
1
9
2
4
3
12
3
36
1
5
1
61
2
3
2
65
3
7
3
33
9
13
1
9
4
2
2
5
3
5
1
32
5
13
3
63
4
4
3
44
1
6
3
39
9
2
3
9
22
8
3
18
4
14
1
14
15
4
1
12
8
9
3
44
7
8
2
49
4
11
3
30
5
11
1
29
1
9
2
18
3
14
3
10
8
2
3
8
16
9
3
18
20
14
3
45
7
3
2
54
2
3
3
31
24
9
2
36
3
2
3
7
2
2
1
7
3
14
1
6
2
6
3
14
15
14
3
42
3
10
3
71
4
6
1
15
5
5
3
53
1
3
1
10
4
8
3
6
5
7
1
47
1
3
2
35
2
2
3
1
5
13
1
47
2
1
2
27
3
1
1
65
1
13
3
37
1
6
2
52
4
3
2
66
2
8
1
41
2
8
1
22
1
8
2
16
3
3
2
37
2
9
1
55
2
8
1
44
2
12
1
10
8
5
2
18
4
1
2
37
1
13
1
60
2
7
3
27
5
9
2
55
2
9
2
26
2
9
1
40
2
14
3
67
25
12
3
6
2
5
1
49
1
9
1
34
10
14
3
2
2
14
1
35
3
4
3
28
8
1
3
66
6
7
1
13
6
1
2
42
4
10
2
9
2
4
1
14
1
14
1
27
3
4
3
38
6
3
3
4
25
13
1
1
3
6
2
47
1
2
3
27
11
5
2
38
5
11
1
43
1
14
1
43
2
7
1
11
11
14
1
66
3
3
3
25
5
4
1
54
1
3
2
14
1
7
2
33
2
11
3
26
1
4
2
39
3
11
1
30
6
12
1
13
3
8
1
40
1
10
1
71
3
3
1
52
3
13
3
53
4
12
1
42
2
4
3
28
4
11
2
41
4
8
1
9
5
1
2
71
1
13
2
65
2
9
1
68
3
13
2
38
2
5
3
42
1
3
3
9
9
9
1
18
15
2
3
23
16
2
1
28
3
10
1
61
3
11
3
41
1
11
1
11
5
2
2
53
1
8
1
67
3
11
3
8
14
10
2
60
1
13
1
67
1
4
3
52
12
2
2
34
2
7
2
31
2
7
1
2
7
8
3
17
12
14
1
25
2
3
3
49
1
6
3
3
9
1
3
43
3
10
3
30
6
3
2
67
2
9
3
49
6
13
3
37
4
5
2
1
1
2
2
42
1
10
3
12
3
11
2
12
2
8
2
71
3
1
1
39
2
4
1
36
3
14
2
39
1
5
2
32
1
8
2
40
2
9
3
7
4
13
2
9
3
10
3
65
14
14
3
5
5
14
2
11
3
6
1
45
2
7
2
8
2
8
3
35
6
3
2
23
1
12
3
4
19
12
1
2
4
14
2
31
3
1
1
3
9
11
2
67
1
9
3
29
5
7
1
5
2
12
3
31
13
1
2
10
2
9
1
63
2
14
3
54
2
6
3
63
10
5
2
25
1
3
2
6
1
9
3
40
6
7
3
38
4
11
3
12
5
6
3
60
12
10
2
63
3
1
3
32
2
5
2
44
4
1
2
49
1
12
2
61
3
4
2
13
2
12
2
17
2
9
1
49
2
3
3
36
15
14
3
47
5
7
3
16
2
10
2
8
3
11
3
15
7
3
3
17
16
6
2
29
1
10
3
26
11
5
1
22
2
7
1
33
8
14
2
63
1
3
3
61
10
10
2
34
3
6
2
68
4
3
2
16
1
4
2
6
2
2
1
63
1
1
2
29
2
14
1
5
1
14
2
40
3
3
3
23
9
6
3
45
1
4
1
16
3
13
1
27
1
14
2
3
3
5
3
61
2
11
1
7
4
4
2
54
1
5
1
31
2
13
1
12
17
13
3
40
1
2
1
18
2
2
1
38
3
1
2
43
3
7
3
60
1
11
1
6
1
5
3
32
7
9
2
36
2
11
2
66
1
7
2
28
2
13
1
65
2
10
3
5
1
3
3
67
32
5
1
39
4
12
2
68
1
7
2
7
3
1
3
55
14
7
2
53
2
13
3
52
9
1
3
34
10
11
1
15
1
7
3
22
6
3
1
8
15
13
2
5
2
1
2
13
1
8
3
11
25
10
1
1
1
3
3
22
4
1
1
52
2
8
3
55
2
4
3
39
8
6
1
54
3
9
1
41
3
9
1
8
1
2
3
10
25
7
1
53
1
5
2
7
1
4
2
30
1
8
3
11
16
6
1
37
2
14
2
22
2
4
2
28
1
5
3
33
14
3
1
55
1
9
1
23
1
10
1
25
3
8
3
47
2
12
1
17
9
6
2
3
2
11
3
25
3
10
1
29
3
12
1
23
3
2
3
16
6
13
1
38
1
7
2
2
2
13
1
4
2
8
3
34
2
12
1
30
20
2
1
17
10
11
1
66
2
11
3
29
18
5
3
66
1
11
3
41
3
4
1
68
1
14
1
34
9
10
2
30
3
14
1
32
6
9
2
2
1
14
2
61
2
4
2
45
4
4
2
25
2
11
2
12
3
3
2
4
1
8
3
13
2
4
3
35
1
4
2
22
1
3
1
35
4
5
