1
16
1
8
1
16
7
12
3
31
24
8
1
18
12
1
3
7
1
13
1
25
3
12
2
30
2
1
3
14
20
9
2
60
1
9
2
3
3
8
3
34
11
14
1
9
8
1
3
8
19
3
1
67
1
14
3
8
1
3
1
26
1
8
3
6
2
9
1
6
1
2
3
28
2
9
2
54
2
11
3
39
5
12
1
67
3
4
2
18
4
8
3
26
3
13
2
39
1
3
2
16
1
14
3
44
7
11
2
28
3
14
3
66
1
11
2
33
3
1
3
45
4
1
1
30
1
7
2
14
3
3
1
33
1
9
1
42
1
12
2
41
5
12
2
2
2
6
2
39
2
10
2
23
1
3
1
53
1
3
2
33
1
7
1
3
8
7
3
34
4
14
3
54
1
8
2
67
1
11
2
25
2
4
2
27
3
13
3
23
17
7
3
12
7
14
2
15
3
14
2
43
1
4
1
41
3
10
3
31
15
10
1
61
3
12
1
27
1
1
1
49
2
10
2
16
3
13
2
35
3
6
3
2
8
2
1
71
3
4
1
66
3
12
3
30
21
10
1
36
2
7
1
1
1
14
3
23
11
6
3
68
10
8
1
68
1
9
2
32
2
8
3
61
10
8
3
2
9
5
1
6
2
9
1
12
2
14
2
1
3
14
1
45
2
12
3
36
1
12
3
42
1
9
3
63
3
2
3
49
1
5
2
45
2
7
3
33
15
4
1
32
6
9
3
16
8
14
2
65
3
2
1
34
11
9
3
26
1
14
3
68
1
6
3
29
15
11
3
7
2
4
2
55
1
1
1
13
2
6
3
35
8
6
2
66
1
3
2
68
2
14
2
36
4
10
1
66
2
9
2
1
2
14
2
10
2
10
3
14
15
8
3
38
8
4
3
55
13
2
1
5
1
14
2
47
1
8
2
61
2
11
3
32
7
2
2
9
3
1
1
38
2
12
1
29
3
12
2
22
1
5
2
30
4
14
2
12
2
6
1
39
1
11
1
43
3
8
3
27
10
2
1
53
2
2
3
38
3
12
2
43
4
2
3
15
1
11
1
28
2
14
2
60
2
2
3
52
15
1
1
11
10
9
1
45
1
6
3
27
4
1
2
38
4
6
3
18
7
9
3
29
2
2
1
26
3
3
2
8
1
6
1
7
5
10
1
65
2
6
3
13
3
10
1
5
2
13
3
5
1
9
2
53
1
12
2
61
3
2
2
65
4
9
2
52
2
6
2
13
1
3
2
40
3
9
1
14
12
5
2
67
2
1
3
9
10
5
1
68
3
9
1
15
2
13
3
63
1
12
1
31
4
12
2
52
3
11
3
65
13
14
1
17
13
3
1
34
1
5
1
36
1
11
1
60
2
12
3
5
4
3
3
45
7
6
1
65
1
14
2
28
2
1
2
17
2
4
3
54
2
13
3
55
8
7
2
44
5
12
1
47
3
1
2
8
3
14
1
4
5
6
3
1
10
8
2
66
3
7
2
37
1
8
1
23
2
6
3
41
2
7
1
37
1
4
2
29
2
2
3
25
5
1
2
55
3
4
1
43
1
11
2
14
1
1
1
39
2
6
3
36
8
1
2
42
1
3
3
40
6
8
3
53
1
2
3
39
8
11
1
3
4
7
1
61
1
3
3
6
6
11
1
40
3
9
1
22
1
11
2
13
3
9
1
35
1
13
3
35
4
3
2
40
1
14
1
44
4
9
1
15
1
8
3
53
4
12
3
15
6
2
3
28
1
14
3
32
12
2
2
49
4
2
1
10
7
9
3
11
25
6
2
34
3
13
1
7
3
4
3
66
5
7
2
18
1
12
2
11
1
9
2
3
1
13
1
2
7
4
3
1
4
10
3
9
7
1
3
42
4
12
1
54
3
11
1
55
2
13
3
67
4
13
1
52
1
9
2
41
1
3
3
4
2
10
3
10
25
3
1
17
14
14
3
22
8
7
3
71
4
9
3
37
2
1
1
9
11
9
1
10
3
1
3
47
9
7
3
67
10
10
3
49
3
5
1
41
1
14
1
31
3
8
3
17
16
6
1
4
2
2
3
71
3
13
2
71
3
10
3
3
3
9
1
1
2
12
1
2
3
5
3
47
3
7
3
41
3
6
1
12
13
5
2
47
2
4
2
26
2
13
2
34
2
6
2
4
3
4
1
49
1
1
2
36
5
6
3
43
6
10
1
44
3
6
3
33
8
7
2
7
3
8
2
32
4
13
3
3
4
12
2
63
3
6
2
15
1
11
2
7
1
5
3
52
2
4
2
71
2
12
2
68
4
6
3
37
5
6
1
47
1
6
2
5
3
11
1
14
5
6
1
23
1
13
2
25
3
1
3
4
6
5
3
17
3
13
1
18
13
10
1
63
2
9
3
10
18
6
2
63
2
3
3
44
1
7
1
60
1
14
3
18
4
1
2
54
1
1
1
54
2
12
1
35
2
5
2
53
3
13
1
37
2
9
3
60
3
11
1
63
1
5
2
31
2
1
3
30
9
10
3
13
8
14
1
52
3
7
2
4
2
12
2
5
2
11
2
29
3
7
3
61
7
1
2
23
2
14
3
65
19
6
1
25
2
7
1
8
11
6
2
6
2
10
2
49
3
2
2
31
3
11
2
9
2
14
3
12
1
13
2
38
1
3
1
29
1
13
3
11
4
7
1
11
6
13
1
28
3
13
3
40
1
12
2
45
1
14
2
35
1
2
1
42
2
2
1
32
3
9
2
12
3
8
3
16
6
12
1
33
5
11
2
22
3
9
2
10
1
5
1
40
2
10
2
17
1
4
2
6
1
11
2
27
2
3
3
22
1
11
1
55
1
2
1
13
7
5
2
37
4
12
1
8
16
8
2
44
4
7
3
60
20
6
2
11
2
10
2
26
3
7
2
42
3
14
1
71
2
13
3
43
3
14
1
22
2
13
1
38
1
13
1
27
3
5
2
2
3
13
1
30
21
13
3
25
1
8
