1
10
8
8
1
8
11
4
2
2
1
13
2
7
2
13
1
32
3
5
2
45
4
8
1
61
2
13
3
37
5
2
3
17
6
2
1
60
1
5
3
67
24
10
1
44
4
6
3
39
3
3
2
49
2
13
3
7
1
14
2
14
2
7
3
14
18
2
3
28
5
7
1
63
2
12
2
35
1
11
3
43
8
13
3
38
7
5
3
63
2
5
2
23
3
10
1
16
5
9
1
4
5
14
1
29
3
9
2
26
3
1
1
7
7
11
1
5
2
8
3
17
14
2
2
18
4
13
3
26
3
2
3
29
19
1
1
13
1
1
3
11
1
10
2
29
1
14
2
31
2
14
3
15
6
3
1
15
4
12
3
5
4
4
1
6
2
1
1
22
3
12
1
45
1
2
3
8
18
14
3
36
11
2
1
1
1
9
3
61
7
7
2
61
3
9
2
1
1
6
2
30
4
3
1
53
2
3
2
4
1
12
3
22
2
12
1
55
2
2
2
5
3
5
3
60
17
2
2
12
2
14
3
6
2
13
2
15
2
3
1
37
1
2
3
65
9
4
1
15
3
5
1
38
2
1
2
54
2
2
1
12
9
9
1
54
1
10
2
25
2
14
1
17
3
5
1
43
2
9
1
54
2
3
2
6
1
11
2
23
1
12
1
23
2
12
2
33
1
12
2
71
1
13
1
11
11
10
3
38
2
1
1
1
3
4
1
67
3
9
3
71
1
1
3
65
17
5
2
53
1
12
3
45
6
2
3
71
4
3
3
34
9
3
3
29
11
8
1
3
9
9
1
33
1
13
3
7
5
7
1
17
15
2
1
49
2
10
2
66
3
13
1
30
16
14
2
42
4
14
1
61
3
2
1
45
2
4
3
27
2
11
3
53
3
7
3
33
16
8
2
61
2
3
3
31
12
13
3
35
8
8
3
52
18
14
2
65
2
5
2
49
3
14
1
28
1
13
1
8
16
2
2
10
3
12
2
25
3
12
3
44
2
7
2
38
4
8
1
13
5
11
2
37
1
4
1
71
2
6
2
32
4
3
3
53
6
11
2
2
3
2
3
28
16
12
2
40
4
14
3
14
20
8
1
47
1
10
3
44
6
8
2
28
3
2
3
54
2
13
3
2
1
10
3
11
6
12
1
68
2
4
3
23
5
11
1
27
2
2
2
32
1
7
2
68
2
9
3
67
8
7
1
37
2
7
2
17
2
4
2
28
2
12
1
65
2
11
2
66
1
7
3
61
8
2
2
1
2
7
3
16
3
9
3
31
11
10
3
18
7
12
1
11
4
5
1
2
6
4
2
65
4
5
2
13
1
5
3
25
9
1
2
11
3
6
3
1
5
7
1
27
1
11
1
31
11
1
2
33
3
1
2
55
3
7
2
18
2
9
2
38
5
2
1
52
2
8
2
44
3
11
3
49
5
2
3
68
5
7
2
63
3
8
1
41
2
13
1
63
1
4
1
53
1
6
3
39
10
10
3
2
4
9
3
26
4
7
1
40
3
13
2
60
3
10
3
55
17
5
3
63
1
1
2
60
2
10
2
36
4
11
2
44
2
14
3
3
6
11
1
60
2
8
1
18
12
11
1
10
2
9
1
52
3
1
1
2
1
3
2
71
3
12
3
6
3
12
1
34
2
13
3
47
6
5
1
26
1
1
3
40
6
13
3
68
7
1
1
3
2
1
1
40
2
12
3
12
4
2
3
37
11
8
2
52
7
13
1
39
2
10
2
45
1
6
2
16
2
5
2
52
5
11
2
12
3
14
1
28
3
12
3
32
1
11
2
8
3
2
3
3
9
6
2
43
4
9
3
12
7
5
1
38
3
4
3
8
13
12
2
54
1
8
2
14
1
3
1
7
5
1
2
16
1
10
3
9
5
5
1
22
2
6
2
27
3
5
1
43
1
9
3
66
8
2
2
15
1
2
1
35
2
2
2
43
1
1
3
33
24
6
2
3
2
3
3
23
7
7
2
68
3
8
1
41
1
12
1
14
7
4
2
37
3
10
2
30
3
8
2
17
1
7
2
6
2
1
3
34
3
8
1
14
11
3
3
40
3
13
2
8
2
9
1
9
3
6
1
55
1
3
1
25
3
6
2
4
2
10
1
35
3
2
1
16
2
7
3
55
1
8
2
67
1
10
3
35
2
3
1
32
2
7
2
35
3
5
2
47
3
4
3
1
9
1
1
71
3
10
3
47
2
11
1
47
3
7
3
41
2
1
3
5
1
8
3
9
24
12
1
33
3
13
1
6
1
7
1
18
11
7
1
66
2
5
3
36
8
9
1
44
2
10
1
67
2
13
2
11
1
3
3
32
8
9
2
26
2
13
3
13
7
7
1
4
2
10
2
63
1
13
1
29
1
14
3
30
28
5
3
43
6
7
2
41
2
9
3
16
2
7
2
55
2
2
2
27
1
1
1
49
1
8
3
30
23
10
2
29
3
6
1
39
4
12
2
3
1
2
1
26
2
12
2
9
2
1
2
67
2
10
3
42
4
14
2
7
1
7
2
34
3
3
2
47
1
3
2
10
1
6
3
25
3
12
1
30
15
6
1
12
15
9
2
42
2
2
2
40
2
9
1
65
1
5
3
10
5
3
1
36
3
7
2
13
3
1
3
18
20
13
2
9
1
14
2
53
2
1
2
39
2
5
1
9
8
4
1
42
2
1
2
31
5
10
3
60
32
10
3
4
12
1
3
4
20
1
2
22
3
10
3
41
4
8
1
5
1
9
2
41
4
13
3
10
24
10
1
42
1
5
1
34
3
6
2
36
3
6
3
66
3
12
1
31
6
13
3
49
7
9
3
27
7
3
3
15
12
4
1
36
1
8
3
52
7
7
1
68
3
5
3
45
3
1
1
25
2
14
3
42
3
3
1
66
3
4
2
34
2
7
3
54
1
14
1
23
1
9
2
22
1
10
3
13
5
4
2
39
3
11
3
22
5
3
2
5
1
3
