3
22
11
10
2
27
1
1
2
66
2
13
1
35
2
14
1
15
3
13
1
8
9
14
2
15
1
7
3
68
10
4
2
13
1
13
3
61
11
6
3
25
9
1
1
49
2
13
3
53
8
2
1
39
2
9
1
71
1
4
3
1
1
4
1
11
11
14
3
40
1
7
1
38
2
2
1
45
1
8
2
49
1
2
2
18
1
3
2
42
2
10
1
66
3
11
1
54
2
1
1
10
1
5
3
5
1
4
2
30
5
10
1
31
5
14
3
11
1
3
2
55
1
7
2
53
1
9
3
34
11
4
2
1
3
11
2
45
3
11
1
42
2
6
3
42
2
4
2
35
2
14
3
22
3
9
3
37
8
11
2
11
1
7
3
23
3
8
2
47
1
3
2
7
3
9
2
7
1
12
2
3
1
2
3
5
5
6
1
44
2
1
2
5
1
11
2
32
2
4
1
45
2
5
2
8
2
9
2
11
3
1
3
31
6
11
2
32
1
7
2
14
2
14
2
43
2
3
2
23
3
14
3
41
4
3
1
37
1
8
2
67
2
2
3
25
6
9
2
35
1
2
2
41
3
13
3
67
24
3
1
18
2
14
1
36
3
6
2
63
2
3
1
12
1
2
3
16
5
7
1
15
2
5
1
47
2
6
1
52
3
4
2
31
2
2
1
22
3
2
1
9
10
8
3
11
5
14
3
32
2
5
2
41
4
9
3
63
7
2
2
54
1
4
1
5
2
5
2
10
1
5
1
65
2
2
2
2
1
11
1
53
2
2
3
8
10
13
3
26
2
6
1
4
1
9
3
33
1
14
2
15
3
7
1
53
1
2
3
6
4
3
3
55
13
1
1
37
2
12
1
17
3
3
3
14
8
11
3
61
6
12
1
35
3
11
3
47
8
4
1
6
1
11
3
36
4
13
3
66
9
5
3
9
25
2
1
29
3
12
1
17
1
9
2
68
2
6
2
27
3
12
2
65
2
9
1
14
10
7
1
29
1
12
3
39
4
14
3
7
1
9
2
49
4
4
1
52
1
9
2
44
1
7
1
1
3
13
2
22
1
3
3
26
10
12
3
45
1
10
3
42
4
9
3
2
11
13
3
44
8
4
3
68
15
3
3
3
1
7
2
39
4
5
2
40
2
3
1
54
3
7
2
44
2
10
3
45
5
7
1
39
4
3
1
1
1
7
2
34
3
10
1
42
1
9
3
36
3
12
3
13
2
9
1
43
3
5
3
31
14
9
2
22
2
5
1
30
21
2
3
17
6
7
1
2
1
9
3
1
6
13
2
2
3
12
1
34
1
9
2
67
1
2
3
18
20
5
1
23
1
9
3
65
10
4
3
67
22
14
2
66
1
9
2
52
7
12
2
8
1
7
2
28
2
9
1
63
1
7
3
7
3
7
2
34
2
3
1
40
1
8
2
12
1
12
2
17
3
1
2
1
1
4
2
9
2
3
3
44
10
14
1
38
1
9
1
33
4
8
3
65
21
10
3
71
2
4
2
63
1
2
3
18
22
8
2
61
2
7
1
40
3
12
1
16
4
9
1
41
3
14
3
33
19
1
1
30
18
8
1
60
2
1
1
36
2
12
3
23
16
2
2
14
1
1
3
40
5
11
1
41
2
6
2
33
2
5
2
28
1
13
1
61
3
13
1
34
3
3
3
28
12
10
2
45
2
2
2
16
3
12
2
53
3
10
3
10
9
4
1
67
3
3
2
47
2
4
3
8
5
11
3
10
2
13
3
35
6
14
1
13
3
10
3
27
12
4
3
60
28
3
3
39
7
8
1
3
3
5
3
43
5
7
1
25
2
12
1
9
4
3
1
28
1
9
3
30
11
6
3
6
5
1
3
14
9
3
2
40
4
11
2
36
2
7
3
35
1
5
1
47
1
3
1
60
1
13
3
55
6
4
2
33
1
12
1
28
3
7
1
7
10
10
3
71
4
14
2
71
2
6
1
14
2
11
1
10
8
10
1
44
3
5
1
4
5
3
3
3
9
14
2
9
1
14
1
61
1
5
3
30
4
8
1
32
6
5
1
71
3
6
3
4
21
9
2
26
1
2
3
49
2
5
2
52
1
4
1
5
1
12
1
2
3
11
1
25
1
9
2
65
1
12
1
67
2
11
1
32
3
9
2
42
1
10
1
27
1
10
2
29
3
12
1
49
1
9
2
61
3
6
2
55
2
12
2
39
3
11
3
27
4
4
1
33
7
11
1
31
8
5
1
12
12
6
3
54
1
4
3
2
10
10
2
26
4
3
1
43
1
9
1
63
2
4
3
37
9
12
1
3
4
11
3
16
6
6
3
34
7
3
2
71
3
1
2
68
3
9
3
47
2
7
3
4
18
3
2
25
3
9
3
60
19
14
3
63
11
12
1
6
2
8
3
15
2
7
2
6
2
9
2
43
5
7
1
68
3
10
2
23
1
2
3
32
4
1
2
4
3
5
2
13
3
10
1
66
1
7
3
9
6
3
3
17
9
12
1
8
1
11
1
13
5
7
2
60
1
1
3
53
7
14
2
37
2
9
3
43
7
1
1
26
2
9
3
13
3
8
1
68
1
10
3
52
15
13
2
29
2
6
3
29
11
2
2
31
1
14
2
38
2
3
2
4
2
8
1
65
1
8
2
37
4
13
2
18
3
6
2
60
2
6
1
55
2
6
1
16
6
8
3
28
11
5
3
15
13
11
2
12
2
4
2
3
2
2
1
11
10
6
3
49
4
6
1
55
1
9
3
41
1
10
1
7
1
3
2
25
2
8
1
22
1
1
3
38
11
1
1
18
3
1
2
5
3
4
1
26
3
8
3
54
2
2
2
36
3
5
2
38
3
12
3
12
6
7
2
54
2
10
2
16
1
13
2
6
1
12
3
66
1
5
3
38
10
2
2
10
3
4
3
12
3
13
3
29
4
10
2
30
3
10
1
23
3
9
2
17
1
8
1
27
3
13
3
52
17
2
