1
27
1
9
3
23
10
4
2
43
1
10
2
26
2
5
2
39
1
1
2
12
2
10
1
67
2
10
1
7
1
1
2
4
3
12
3
7
3
9
3
53
3
4
2
11
2
9
3
37
5
12
3
12
4
11
1
3
10
1
2
18
3
11
3
22
4
11
2
9
3
14
1
29
3
7
3
42
4
1
3
32
9
5
2
27
1
4
2
17
3
6
1
54
1
1
2
31
4
2
3
28
7
9
1
32
5
9
3
25
7
6
2
29
3
7
3
54
1
5
2
65
4
9
2
3
1
9
2
53
3
10
2
63
1
4
2
42
2
10
1
33
4
8
2
25
1
12
2
15
3
4
3
65
3
13
2
28
2
13
2
37
3
14
1
40
3
4
1
45
2
13
2
13
3
11
2
32
1
5
1
26
2
6
1
49
2
4
2
4
1
9
1
35
3
1
1
8
6
14
1
35
2
5
2
44
2
8
1
31
7
13
3
11
3
11
2
44
5
5
2
3
3
7
2
2
1
13
2
7
1
13
3
16
2
7
1
34
5
14
1
11
7
7
1
28
3
3
3
16
8
10
1
38
1
7
3
32
12
5
3
52
17
14
3
3
2
12
1
2
2
3
2
38
5
9
2
1
2
8
3
34
6
11
1
4
5
10
1
60
1
7
1
22
1
5
1
10
8
8
3
67
1
2
3
44
3
8
1
5
1
7
1
12
2
12
1
27
2
10
2
14
1
10
3
49
1
2
1
61
2
11
3
63
7
10
2
65
3
4
3
38
11
1
2
68
3
13
3
7
1
6
1
6
1
5
1
52
1
7
3
6
2
9
3
15
3
2
2
16
3
12
3
36
12
5
1
44
2
12
2
42
1
11
3
1
7
13
2
41
2
11
2
49
4
8
1
30
14
4
1
37
2
3
3
71
1
14
3
15
9
4
1
7
5
6
2
31
3
6
1
17
15
5
3
41
3
2
2
18
1
7
2
36
3
6
1
9
11
10
2
10
1
8
1
36
1
8
2
60
1
3
3
8
8
11
2
17
1
4
3
11
2
13
1
55
1
6
2
66
1
2
3
66
9
13
1
5
2
10
3
27
10
14
2
5
2
7
1
22
3
7
2
23
1
14
3
29
18
6
2
1
3
4
3
23
13
2
2
22
1
11
3
35
3
1
1
39
3
4
1
68
1
8
1
71
1
3
3
3
3
9
2
28
1
11
1
66
1
11
3
45
3
3
3
54
2
3
1
14
14
12
2
63
2
9
3
38
9
14
2
38
1
4
3
43
6
6
1
42
1
3
1
60
2
10
1
65
2
8
1
52
2
11
2
5
3
10
3
17
5
14
1
33
8
11
2
60
3
2
2
9
2
13
2
27
2
14
3
10
18
3
2
67
2
3
3
53
1
13
1
15
4
14
3
34
10
9
1
34
2
12
2
66
2
13
1
41
2
13
2
30
4
5
1
67
3
4
1
44
4
11
3
36
6
4
3
67
23
6
2
34
3
9
2
12
3
8
1
61
1
10
3
14
26
3
3
25
1
5
2
22
2
13
2
40
3
9
3
68
5
13
3
13
6
2
3
61
8
5
1
15
1
9
1
16
4
4
3
40
1
10
3
60
32
2
1
25
1
1
1
37
1
2
1
12
10
13
2
32
4
4
2
53
2
14
2
54
2
11
2
41
1
13
3
71
4
10
1
43
1
13
1
32
3
12
2
40
2
12
1
42
2
13
3
9
21
4
3
31
18
2
1
55
2
12
2
30
2
7
3
61
9
5
3
10
1
7
1
65
1
12
2
71
3
13
2
33
3
13
3
49
7
5
1
1
3
1
3
68
13
2
2
43
4
7
2
16
2
10
3
9
17
3
3
43
4
5
2
47
2
5
3
6
5
1
1
28
2
4
1
26
1
3
2
45
4
10
3
55
3
6
3
22
3
10
1
25
2
1
2
67
1
1
2
36
2
13
1
8
4
11
1
2
7
2
1
9
1
13
3
33
12
6
1
43
2
3
3
26
11
13
1
36
2
12
3
39
10
2
3
18
3
1
2
37
4
8
1
1
2
4
3
2
8
6
2
10
3
10
1
38
2
13
1
31
12
14
3
65
19
3
2
39
3
8
2
55
1
6
1
39
1
7
2
34
1
10
1
11
11
2
1
68
2
3
3
12
7
5
3
17
9
4
1
54
2
7
2
55
3
10
1
16
1
12
3
63
8
14
3
45
7
4
2
61
1
13
3
4
28
5
2
23
3
7
1
14
15
11
2
8
3
1
3
47
9
2
3
8
6
6
2
54
1
1
2
8
1
13
3
33
19
5
1
47
2
9
1
6
2
5
3
37
10
10
3
55
17
7
1
13
1
4
1
41
1
10
1
49
1
11
2
35
2
4
3
31
22
8
2
49
2
2
2
15
2
7
3
5
3
6
3
1
5
9
2
52
1
11
3
39
8
13
2
61
3
3
3
14
11
14
3
30
7
2
3
47
2
6
2
13
1
2
3
52
1
8
1
17
8
4
1
45
1
8
2
33
2
7
2
6
1
10
3
26
7
5
1
18
1
12
2
45
2
1
1
53
1
4
3
29
3
12
3
27
15
1
3
41
1
14
1
4
6
2
3
2
7
4
1
66
3
6
1
63
2
8
3
44
7
14
1
63
1
4
2
6
2
12
1
47
1
13
2
2
3
7
1
53
2
5
3
40
5
10
3
4
9
8
1
3
8
2
3
42
2
7
2
7
3
5
2
14
3
5
2
26
3
13
3
28
4
10
2
29
1
1
3
5
1
12
3
66
5
10
3
35
1
9
3
60
6
7
1
18
3
6
2
11
3
13
2
68
1
11
2
25
3
6
3
13
8
7
2
52
3
2
1
23
2
7
2
71
2
12
2
35
3
2
1
71
3
14
1
10
2
13
1
30
7
4
1
40
2
13
3
18
19
12
1
23
3
8
1
29
2
1
1
13
2
10
2
47
4
4
3
30
28
1
