3
18
13
8
1
53
1
11
1
54
1
5
2
30
5
12
3
52
11
3
3
38
1
2
1
3
4
6
2
5
3
11
3
68
11
5
1
54
3
7
2
16
2
12
1
44
2
11
1
35
2
9
3
8
2
12
3
38
7
10
1
7
10
1
1
36
3
1
1
55
2
7
3
29
9
9
2
35
1
5
3
42
3
14
2
6
3
9
3
8
16
1
3
71
4
2
2
13
1
8
1
32
6
5
3
28
14
14
3
30
24
3
3
6
5
8
1
28
2
4
1
66
1
13
1
27
2
1
1
60
1
1
3
13
8
1
2
38
4
4
1
18
15
11
1
71
3
8
1
9
8
3
2
34
2
3
2
42
3
6
2
37
3
13
2
63
3
8
2
25
1
12
1
4
1
11
1
39
1
9
2
26
1
2
3
45
1
12
3
35
1
6
2
43
3
14
1
17
9
3
1
43
3
5
3
16
3
10
2
2
1
11
3
32
5
1
1
10
6
12
3
39
2
13
3
16
6
7
1
47
2
13
2
16
3
2
3
45
6
11
1
66
2
13
1
61
2
9
1
40
2
5
1
22
2
9
2
23
1
5
1
29
3
1
1
7
9
7
2
15
2
9
1
26
1
2
2
60
2
10
1
35
3
12
3
43
7
9
3
35
8
14
1
6
2
3
2
37
1
12
1
38
3
7
3
15
7
14
1
42
2
3
2
11
1
12
3
4
4
6
3
5
2
2
1
14
4
7
3
22
2
9
3
7
2
12
2
65
3
9
2
36
2
12
2
40
3
12
2
14
3
5
1
25
1
6
1
11
6
5
3
47
9
9
2
8
3
8
1
8
11
10
2
65
1
3
3
60
28
5
2
17
3
4
1
30
2
6
1
37
1
7
3
66
7
7
2
30
2
10
2
39
4
3
1
36
1
8
2
60
1
5
2
35
2
11
3
14
23
8
2
71
3
14
1
4
5
4
2
10
1
5
2
66
1
11
3
61
2
5
1
15
3
13
1
34
9
13
1
47
1
12
2
26
2
3
3
27
17
8
2
34
1
11
1
38
1
12
1
33
8
12
2
53
3
2
1
13
9
11
2
42
1
5
1
14
5
14
3
18
5
7
1
12
17
10
2
2
3
8
1
44
3
2
3
23
3
11
3
43
1
11
3
1
5
7
2
33
3
3
2
27
3
8
2
61
2
8
3
65
9
12
3
10
21
6
3
55
5
6
1
37
2
9
3
68
10
10
1
32
4
2
3
3
3
9
2
45
4
10
3
29
18
13
2
11
3
10
2
61
1
5
3
54
2
7
2
12
1
6
1
30
18
2
2
7
1
9
3
17
17
2
3
26
4
10
1
10
5
3
2
28
2
9
1
65
1
10
3
61
8
7
3
12
7
6
2
49
2
13
2
4
1
9
3
5
3
12
3
13
9
12
3
44
7
4
1
41
2
14
1
31
4
8
1
9
4
8
2
8
2
9
3
9
16
2
3
63
10
8
2
52
6
13
2
47
1
6
1
67
2
1
2
3
3
3
1
49
2
5
1
23
3
8
3
31
20
7
2
40
1
1
2
14
1
11
3
34
1
6
3
66
3
14
3
53
7
2
3
33
16
7
3
60
17
12
3
71
3
3
3
34
7
11
1
68
3
5
2
23
3
2
3
31
30
11
1
68
1
14
1
15
1
11
1
29
2
7
2
15
3
13
1
45
1
1
3
32
3
13
1
11
4
3
2
5
2
7
3
41
1
5
2
18
1
4
2
3
2
9
1
26
3
13
3
28
11
9
3
3
6
5
3
2
10
2
3
52
17
13
2
17
2
1
1
2
1
4
1
41
3
1
3
47
6
5
3
67
6
2
1
3
3
4
1
23
2
4
3
2
8
4
2
29
3
11
3
14
24
11
2
4
3
14
1
13
5
9
2
52
4
13
3
10
13
14
2
54
2
14
3
49
2
14
2
41
1
4
1
5
1
5
3
37
12
4
1
61
1
11
1
1
3
9
2
1
3
10
3
17
16
2
3
23
12
3
3
42
4
5
1
53
2
3
1
63
1
6
3
49
8
1
3
30
12
1
3
67
9
6
2
9
1
2
2
12
3
2
1
33
6
3
2
68
1
5
3
6
2
14
2
36
1
3
1
67
3
1
2
68
3
8
1
60
2
10
3
55
16
3
1
22
1
5
2
6
1
14
2
22
1
1
2
47
3
5
1
16
7
8
3
33
12
5
3
25
1
4
1
25
3
8
2
27
2
9
2
54
1
10
1
63
2
5
2
29
2
1
1
16
5
8
3
40
5
9
3
22
7
5
1
2
5
12
3
41
2
2
1
31
12
5
1
12
13
13
3
27
9
1
1
40
3
13
2
66
3
11
2
63
2
1
2
67
1
6
2
38
2
9
2
39
2
9
1
65
2
6
2
1
2
7
2
33
1
8
2
7
2
2
3
25
3
13
2
44
2
14
3
53
2
6
3
65
20
8
3
26
3
9
2
18
3
6
2
10
2
4
3
11
21
13
1
45
2
11
1
27
3
13
2
49
3
3
2
31
1
14
1
71
1
7
3
4
23
2
3
15
15
5
3
36
2
6
2
55
3
6
2
55
1
14
3
36
5
3
2
9
2
3
1
39
3
10
2
45
1
14
3
37
4
6
2
22
3
2
1
49
1
1
2
43
1
11
3
44
6
14
3
39
3
11
2
13
2
8
1
52
3
9
3
9
15
14
3
12
1
2
1
43
1
14
3
63
7
1
3
40
4
2
1
28
3
2
2
25
3
11
2
32
3
8
1
18
4
6
1
42
1
3
1
52
2
12
1
34
7
1
1
1
2
7
3
11
6
3
3
54
1
13
2
41
4
12
2
44
1
5
3
1
7
1
2
32
4
6
2
71
1
3
2
67
2
4
2
31
5
1
3
7
5
7
1
5
2
14
2
28
3
7
1
17
5
14
2
53
2
3
1
8
8
12
1
6
1
3
1
55
1
11
