1
32
5
13
2
1
3
2
3
43
2
8
2
11
1
9
1
68
1
6
2
3
1
12
1
5
1
6
2
3
2
13
3
65
10
11
2
7
3
7
1
43
2
1
1
12
4
9
3
36
3
1
3
28
1
12
3
43
7
4
2
17
1
3
3
35
6
13
3
8
20
7
3
23
19
3
2
22
2
1
3
2
11
9
3
31
26
1
2
61
1
13
3
33
15
7
2
36
4
14
3
30
19
5
3
14
1
7
1
17
12
10
3
12
6
14
2
38
1
13
3
26
12
8
2
54
1
5
3
53
6
3
1
28
1
4
3
33
7
2
1
16
5
4
3
6
1
2
2
43
2
14
1
40
1
1
1
29
3
2
2
42
2
5
1
63
2
7
1
27
3
13
3
4
19
1
1
61
3
12
1
30
15
1
2
45
3
13
3
71
1
4
3
29
15
12
3
35
2
14
3
68
6
2
1
2
5
12
2
40
1
4
2
26
1
2
1
25
2
6
3
42
4
3
3
54
1
3
3
16
8
4
1
10
5
5
2
6
3
1
1
42
2
8
1
38
2
13
3
37
12
13
3
4
11
2
2
41
4
7
3
7
3
3
1
22
3
14
3
6
3
13
2
68
3
5
2
34
2
9
3
17
17
9
1
53
1
14
2
32
1
11
2
44
1
7
3
10
18
6
1
23
1
10
2
37
4
8
1
54
2
4
3
34
7
9
3
1
9
1
1
47
3
8
3
9
21
3
3
63
12
8
1
2
2
5
3
32
9
6
3
52
11
14
2
18
4
11
1
1
3
3
2
4
1
4
2
66
2
1
3
44
7
11
2
39
1
4
3
47
3
9
2
34
3
13
3
65
9
10
1
60
2
6
1
13
7
5
2
5
2
4
2
53
1
14
3
40
2
12
1
33
5
8
2
41
3
13
2
5
3
1
3
36
5
6
1
66
1
3
3
67
25
3
1
25
3
1
2
71
3
10
1
6
2
11
2
23
3
10
1
30
2
2
1
39
4
9
2
43
1
14
3
45
4
1
1
18
10
4
1
37
1
6
1
36
1
7
2
22
1
2
1
55
2
1
3
41
3
2
3
41
4
6
3
22
8
1
3
1
2
4
2
67
1
6
2
9
1
12
1
63
1
11
3
63
7
11
1
9
4
7
3
53
7
8
1
28
2
9
3
49
5
8
2
67
2
3
3
3
10
8
2
61
2
7
1
17
7
4
3
39
6
14
3
18
1
12
1
52
3
14
1
61
1
14
3
54
2
2
2
63
1
8
3
7
1
8
2
8
2
6
1
66
3
14
2
31
1
12
2
71
1
4
2
49
4
9
3
34
8
10
1
11
7
8
2
39
4
1
2
12
2
12
2
16
2
12
3
39
2
9
1
26
3
6
2
35
3
6
3
60
24
2
2
30
4
6
1
44
4
8
2
38
4
5
1
36
3
9
2
29
3
1
1
31
15
10
3
68
17
14
1
8
4
10
1
49
2
11
1
3
9
7
2
28
2
1
1
33
3
4
2
25
3
9
2
10
3
1
2
31
3
14
2
55
2
8
1
68
3
13
3
61
10
3
1
29
1
3
2
23
1
14
3
25
2
8
1
16
1
12
1
11
6
1
1
41
1
14
1
45
2
7
2
14
1
2
3
5
5
4
2
27
1
8
1
40
3
9
2
44
3
3
2
68
1
2
1
13
5
9
2
42
1
2
1
32
7
14
1
52
2
2
2
25
1
9
3
16
2
14
1
45
1
1
1
44
3
8
1
65
2
14
3
8
14
14
2
47
1
1
3
15
5
1
1
38
3
12
1
6
1
8
3
40
6
14
2
7
1
3
1
35
3
14
3
25
6
7
2
12
1
12
2
52
7
7
2
55
1
8
2
53
2
13
2
65
1
3
1
39
2
7
2
9
2
14
1
54
1
7
1
35
4
10
3
26
8
10
2
33
3
8
2
52
4
3
3
17
1
8
2
2
2
13
2
30
1
10
1
3
10
4
3
11
23
9
1
47
2
1
3
28
4
6
2
1
2
6
1
65
1
5
3
66
7
11
3
18
12
1
2
14
2
1
3
61
7
7
2
28
3
6
3
29
4
4
1
12
18
6
3
14
20
1
3
55
5
4
1
71
2
8
2
60
4
6
1
55
1
7
2
13
3
14
1
27
1
13
3
55
8
2
3
15
1
10
1
7
10
6
1
1
2
12
2
35
2
7
3
9
25
8
2
11
3
10
2
65
3
13
3
3
2
9
2
36
5
3
3
22
5
12
2
29
1
14
2
66
3
6
3
49
1
11
1
49
1
14
1
23
2
13
2
15
2
10
2
6
1
2
3
66
4
8
1
9
7
9
1
15
2
13
3
10
26
9
2
49
2
2
3
60
11
12
3
38
6
12
3
2
5
14
1
18
5
5
1
10
6
12
1
42
1
8
2
60
1
2
3
31
19
7
3
38
7
13
3
52
17
10
3
32
12
8
1
7
9
14
2
15
1
12
3
12
2
8
2
17
2
9
3
45
6
1
3
11
6
14
2
54
2
11
1
14
6
12
2
63
3
14
1
15
5
7
3
13
7
12
3
30
15
4
1
67
2
1
1
41
3
13
2
32
3
14
3
67
35
8
3
37
2
5
1
4
4
3
2
40
2
8
3
71
3
1
3
5
4
7
2
27
2
13
1
8
10
6
1
67
1
3
2
4
2
13
3
27
7
10
2
47
3
6
1
53
2
1
1
34
8
14
3
44
3
14
2
13
1
2
2
18
2
7
1
60
1
14
1
34
10
6
2
37
3
11
1
71
1
14
3
27
8
5
1
5
2
7
3
47
6
10
2
8
1
2
3
13
6
12
1
14
21
3
3
23
6
4
1
37
2
5
2
10
1
13
1
22
1
9
2
45
4
13
1
4
2
7
3
42
1
14
2
26
3
4
2
2
1
6
2
33
2
10
1
31
9
8
2
16
1
12
1
26
1
8
1
43
3
14
