1
52
2
9
2
8
1
3
1
32
2
12
1
1
1
11
3
25
4
8
2
54
1
14
3
71
2
4
2
18
1
3
2
66
3
5
3
71
1
11
2
37
4
6
1
47
3
9
2
31
5
3
1
28
3
2
2
68
4
14
2
68
1
5
3
12
6
2
3
55
7
1
2
63
2
6
3
14
16
8
2
53
2
1
3
29
12
11
3
63
3
12
1
60
2
1
3
4
16
9
1
61
2
11
3
28
15
11
3
8
11
12
3
2
11
3
2
47
3
9
3
44
10
10
1
12
15
8
3
16
7
2
2
22
1
11
3
40
6
10
2
66
2
6
3
29
10
8
1
23
3
10
3
30
5
7
3
11
17
5
3
27
4
10
2
4
3
1
2
16
1
10
1
29
3
1
2
65
2
8
1
71
2
5
2
9
1
13
2
71
1
13
1
10
6
6
1
37
1
3
3
7
1
8
3
47
9
12
3
11
16
5
1
52
1
5
2
43
2
13
2
6
1
4
3
4
6
9
2
23
3
11
1
34
10
8
3
36
6
7
1
44
3
10
1
53
1
3
2
1
2
14
3
16
6
1
1
11
2
5
2
11
2
11
3
18
17
12
2
44
4
4
3
52
12
1
3
23
19
4
2
30
1
6
2
3
1
14
1
14
2
13
2
40
3
9
2
53
1
9
3
5
3
11
1
71
3
13
2
47
4
6
3
39
10
2
2
10
1
7
3
61
1
13
2
65
1
6
3
35
8
11
3
7
3
9
3
45
4
9
3
23
18
4
1
7
5
5
1
6
1
6
3
66
8
2
3
38
5
3
3
37
7
4
1
54
1
10
3
31
21
6
2
41
5
4
2
39
3
14
1
17
6
5
1
7
6
7
1
45
1
11
1
38
1
7
2
45
2
1
3
43
3
9
1
55
2
3
1
3
2
12
3
54
2
2
3
67
26
5
2
26
2
6
2
67
2
10
3
68
4
12
2
12
3
8
3
9
29
10
2
28
3
9
2
17
1
4
3
9
30
6
1
47
2
2
1
5
1
4
1
18
14
2
1
25
1
9
1
42
1
6
3
37
2
10
1
15
3
13
3
34
1
4
2
32
3
4
1
5
2
12
3
65
8
5
2
52
3
9
2
33
2
5
3
26
1
5
2
3
2
11
1
10
2
1
3
22
9
2
3
40
3
8
2
13
2
2
3
10
11
3
1
11
10
11
3
17
15
7
2
35
2
9
3
13
4
1
2
45
3
1
1
68
1
11
2
60
4
7
3
3
7
12
1
18
11
5
3
53
1
3
3
67
19
8
3
42
3
8
2
2
2
12
1
23
1
11
2
15
1
12
3
53
7
4
2
34
3
8
3
49
2
8
3
6
3
5
3
33
2
3
2
42
3
9
2
32
2
6
3
49
6
8
3
25
5
8
1
22
1
11
1
4
4
7
3
63
4
12
3
2
8
12
2
27
3
6
1
22
2
7
3
43
4
6
2
25
2
3
1
40
1
13
2
52
4
7
2
7
1
7
1
36
2
13
1
35
2
6
2
71
3
8
2
15
3
10
1
61
1
14
3
35
2
8
1
41
1
2
2
5
3
1
1
42
2
11
1
65
1
1
1
4
8
11
1
41
3
11
3
47
7
14
3
15
12
12
1
66
1
12
2
11
1
8
3
41
1
2
2
55
3
2
2
41
2
1
3
12
3
12
1
39
2
11
3
15
6
4
2
30
3
4
3
55
12
7
3
42
4
14
2
4
1
5
2
7
2
2
1
2
6
4
2
27
2
3
2
35
3
3
2
54
2
9
2
40
4
13
1
25
2
8
1
67
3
6
2
61
2
8
1
27
2
8
1
3
10
9
1
9
4
14
1
1
2
3
1
43
1
11
2
39
4
4
2
63
1
7
1
16
4
4
2
29
3
10
2
10
3
11
3
68
16
5
2
33
3
4
1
34
4
10
2
36
2
5
3
52
10
11
2
8
2
13
3
44
8
11
1
16
6
13
2
42
2
2
3
39
1
6
2
6
3
14
1
63
1
12
2
29
2
6
1
35
1
4
2
44
1
10
1
43
2
4
2
28
2
9
1
68
2
7
2
9
2
10
1
65
2
3
3
60
21
3
2
25
3
9
3
28
4
11
2
38
1
11
1
38
3
6
1
26
1
10
1
45
2
14
1
30
3
7
3
14
24
1
3
65
12
1
3
41
3
6
2
37
2
12
1
49
2
8
3
13
9
12
3
33
15
10
2
18
3
13
1
33
3
5
2
12
1
9
1
37
2
5
2
60
3
10
3
34
8
10
1
49
1
10
1
33
6
10
2
16
3
4
2
36
4
6
3
18
13
3
3
26
4
3
1
14
17
10
1
44
1
5
1
8
16
1
3
27
13
8
1
63
2
3
1
30
11
12
1
13
9
5
3
45
7
1
3
6
2
5
1
13
5
6
1
31
10
8
2
5
1
2
1
17
16
13
3
5
1
7
1
32
5
7
1
67
1
9
1
15
1
5
2
14
1
12
2
67
1
4
3
30
24
7
1
12
8
1
1
53
2
5
2
1
1
13
3
32
5
12
1
55
1
9
2
61
1
4
1
54
2
8
1
2
2
12
3
1
8
5
3
60
12
8
1
26
3
10
1
66
3
8
1
60
1
4
1
29
1
9
3
36
8
11
1
6
2
8
2
49
2
4
1
31
5
5
3
61
5
7
2
13
3
5
2
22
3
1
3
10
9
12
1
8
9
14
2
49
4
12
1
28
1
5
3
3
4
4
3
22
7
10
1
40
3
12
2
14
2
14
2
2
3
9
2
43
1
7
3
31
9
3
2
38
3
13
2
26
1
8
1
36
3
2
2
17
2
14
3
17
10
5
3
66
1
1
2
31
1
14
3
1
10
6
3
54
1
11
2
34
1
1
1
27
3
11
2
55
2
12
2
23
2
6
3
38
1
9
3
32
6
2
1
39
3
7
3
8
18
4
1
9
1
7
