2
3
3
11
3
54
1
5
2
15
3
3
2
17
2
8
3
43
2
4
2
65
1
8
1
29
1
4
2
47
1
6
3
15
13
11
2
35
1
6
2
26
4
3
2
1
2
5
2
45
2
13
2
4
2
11
2
55
3
2
3
16
1
4
1
31
6
12
2
25
1
3
3
67
25
11
1
22
2
7
2
8
3
3
3
40
3
5
2
60
2
9
1
2
1
3
2
68
1
9
3
3
7
14
1
68
2
8
1
43
3
1
3
44
6
14
2
35
3
8
1
1
3
10
3
7
4
11
1
7
10
14
3
38
7
9
3
3
8
1
1
16
3
3
2
4
1
1
1
10
8
5
2
66
3
8
1
8
10
6
2
37
1
1
2
53
3
12
3
66
2
8
1
49
2
6
1
32
2
4
1
60
1
1
1
52
1
14
3
27
4
7
1
39
1
12
2
5
1
1
2
27
2
5
3
60
18
5
3
29
3
8
1
45
2
13
1
55
2
12
3
40
5
5
1
41
2
11
1
29
3
6
2
68
3
12
2
40
3
7
2
1
1
5
3
45
1
6
2
54
2
5
1
18
5
10
1
14
10
12
3
28
3
6
3
47
7
12
3
68
11
4
3
12
6
11
2
37
4
3
2
44
2
7
3
30
18
6
2
18
4
3
3
55
3
14
2
9
1
1
2
33
2
14
3
30
23
1
3
14
17
4
1
43
1
4
1
27
1
6
3
17
8
10
2
49
3
4
3
13
9
11
2
63
2
14
3
12
2
2
3
44
7
11
1
17
1
2
1
37
1
9
3
49
7
6
3
18
11
9
1
14
18
14
1
3
2
1
2
12
1
3
3
36
6
11
3
32
5
11
3
65
20
10
1
22
3
13
2
52
6
9
2
36
1
3
2
65
2
4
2
14
2
8
3
71
4
2
1
37
2
3
2
27
1
4
3
11
9
10
1
36
1
6
2
32
1
11
1
23
3
2
1
25
1
5
3
42
3
14
3
10
20
3
3
15
9
3
1
47
3
12
2
38
4
10
2
31
4
6
3
54
2
2
1
15
1
3
1
30
20
4
2
8
1
13
3
49
1
1
2
66
1
13
1
3
3
2
2
29
1
4
3
11
13
12
1
13
6
2
1
63
2
10
3
71
3
4
1
33
3
13
1
32
6
10
2
10
1
6
1
65
1
11
3
5
5
4
3
63
6
14
1
63
1
3
1
17
7
4
3
39
4
10
2
45
1
8
2
54
1
2
1
65
2
14
2
67
2
4
3
5
3
3
2
42
4
12
1
41
1
11
3
34
6
11
1
9
1
14
1
35
3
2
3
14
13
2
1
39
2
4
2
34
3
7
2
53
1
2
2
18
1
5
1
66
2
1
3
32
1
12
2
16
3
10
1
54
3
6
3
26
6
3
3
22
6
11
3
45
5
11
2
33
3
3
1
7
6
11
3
4
3
11
1
60
2
6
2
11
3
13
1
13
9
3
2
61
1
2
2
39
1
9
3
60
9
8
1
36
2
8
3
29
4
9
3
8
18
6
3
28
15
3
2
40
4
8
2
15
1
6
3
38
4
8
2
22
3
11
3
33
11
13
1
42
1
6
3
39
8
12
2
32
3
12
1
26
2
13
1
68
1
13
3
1
9
6
1
15
4
9
1
44
3
3
2
38
1
14
1
35
2
10
3
33
20
6
3
53
6
2
3
36
11
12
2
41
4
1
1
38
2
12
3
68
12
7
3
6
3
8
2
13
2
5
1
30
14
7
2
36
4
11
1
11
11
2
1
1
2
12
2
17
1
11
2
9
3
2
1
71
1
8
3
6
5
6
2
11
2
4
3
25
6
10
1
61
3
3
2
71
3
7
2
31
1
7
3
23
13
10
2
39
2
3
3
13
4
10
2
49
4
8
1
53
1
11
1
25
3
11
2
13
3
7
1
54
2
2
3
10
3
7
2
7
3
9
3
1
5
4
1
66
3
7
3
4
5
6
1
5
1
5
2
10
2
11
2
63
1
4
3
23
6
2
2
2
1
7
1
26
3
6
3
22
1
11
2
30
3
3
1
10
3
3
1
45
1
6
1
40
2
12
1
28
2
3
1
4
2
9
1
67
3
7
1
23
1
1
1
61
1
13
2
52
1
10
3
67
6
10
3
41
1
7
1
12
1
2
3
66
9
10
3
17
17
6
2
16
2
3
1
11
8
14
2
3
1
5
3
43
5
14
3
31
28
1
3
55
7
14
2
44
5
13
2
55
2
2
3
47
5
8
2
28
1
10
1
27
2
11
3
35
1
10
2
28
2
13
1
8
6
1
1
71
3
7
3
31
23
10
2
34
2
14
3
61
7
12
1
16
2
12
3
42
1
7
3
8
3
7
2
2
3
11
2
71
1
6
3
9
8
3
2
43
2
7
3
37
6
3
2
42
2
7
1
2
5
2
3
35
7
9
2
47
4
3
2
23
2
4
1
18
15
7
2
7
1
6
2
29
3
3
2
61
2
12
2
5
2
5
1
6
1
1
3
9
30
12
1
28
1
14
3
34
10
13
1
42
2
10
1
47
1
9
1
40
1
13
1
53
2
13
1
67
2
11
2
6
2
7
2
43
4
4
3
63
1
8
3
41
3
11
2
26
3
4
2
30
2
5
3
16
7
4
2
41
3
3
1
34
9
7
3
7
1
12
3
61
3
10
2
6
1
6
3
2
8
9
2
25
2
4
2
60
4
13
1
49
1
7
1
6
2
12
1
44
1
13
3
18
8
2
1
52
2
1
3
26
1
14
2
23
3
11
2
67
1
11
3
52
8
2
1
38
1
13
3
37
1
4
1
9
9
10
3
65
1
4
1
33
5
8
1
12
10
11
1
34
3
3
3
2
9
2
1
55
1
5
1
5
2
4
3
53
7
2
3
52
13
5
2
12
2
4
1
4
8
1
2
14
3
13
3
25
2
12
2
22
1
14
3
27
5
4
1
31
7
8
