2
22
1
1
3
45
7
12
1
7
1
2
1
60
2
9
3
30
19
5
3
31
7
7
2
15
1
7
3
17
7
5
3
6
1
8
3
29
15
3
1
3
11
13
3
15
10
8
1
66
1
12
3
54
2
9
1
52
1
3
1
71
2
4
3
7
5
3
1
38
3
2
1
2
2
10
1
11
10
5
3
18
24
5
1
5
1
6
2
41
3
13
3
8
8
14
3
54
1
7
3
10
4
2
3
18
13
10
1
10
8
3
1
29
2
14
3
12
6
8
1
5
2
14
2
33
3
12
3
10
5
9
1
33
7
9
1
14
6
14
2
40
3
13
3
45
2
14
1
16
7
11
1
17
2
14
3
38
9
14
3
60
29
9
2
7
1
2
3
2
3
12
1
4
7
14
2
12
1
13
2
45
2
11
2
54
2
9
2
7
2
12
2
30
2
2
1
47
2
1
3
37
9
8
2
27
3
6
3
68
15
7
2
66
3
6
3
25
2
9
1
34
9
11
3
34
2
7
3
4
13
7
1
31
3
2
1
37
1
6
2
26
4
7
3
8
16
6
2
61
3
6
2
23
1
9
3
43
5
9
2
26
1
6
1
55
1
11
3
71
4
10
2
35
1
3
1
30
2
4
1
11
7
4
3
5
1
6
1
52
3
13
3
34
8
5
1
13
4
14
1
63
1
13
2
2
1
5
2
45
3
10
1
43
1
13
2
49
2
12
2
4
1
3
2
37
3
14
2
13
1
3
2
44
1
6
3
60
25
8
3
33
17
3
1
36
3
8
1
55
2
13
1
49
2
1
1
3
8
6
1
18
5
5
1
39
1
2
3
44
8
7
2
9
2
14
1
71
1
7
1
8
11
6
2
25
2
14
3
42
4
9
3
55
5
9
2
6
3
8
2
12
3
10
3
55
15
5
2
40
2
12
1
68
3
8
2
28
1
12
3
71
5
14
2
43
1
1
1
39
4
4
1
49
1
11
1
8
10
1
3
66
9
1
3
36
13
3
2
10
3
8
3
27
10
1
1
26
2
5
3
22
1
8
2
66
2
8
1
43
3
8
3
28
10
5
1
28
1
2
1
67
3
3
1
14
3
3
1
44
4
13
2
1
3
6
3
1
4
11
2
37
4
6
3
63
2
2
2
68
3
2
3
40
5
4
2
36
1
5
1
33
2
1
2
22
2
14
3
47
8
4
1
2
6
5
3
6
3
10
3
68
8
12
3
36
4
4
2
52
1
4
3
65
4
6
2
1
2
1
1
10
1
12
2
27
2
7
2
44
5
8
2
31
5
5
1
6
1
11
1
22
1
5
1
61
1
13
3
17
1
4
2
30
1
6
3
13
7
6
2
5
1
2
2
32
1
8
2
36
2
4
2
32
4
2
1
53
1
9
2
25
3
1
1
23
1
14
1
31
6
3
3
27
8
14
1
44
2
2
3
32
5
2
1
60
1
5
2
29
3
8
2
68
4
2
3
29
13
8
1
68
2
13
2
63
3
2
1
4
1
1
3
22
11
2
3
40
1
9
2
16
2
13
2
43
3
9
3
16
2
6
1
47
1
13
3
25
3
13
1
15
1
14
2
17
1
9
2
3
1
6
2
28
3
12
3
41
1
10
3
63
12
7
2
71
2
1
1
6
2
3
2
17
2
13
3
47
2
2
1
66
2
6
3
28
15
12
3
31
24
6
1
45
1
9
3
33
23
7
2
47
4
2
2
14
2
11
3
12
7
3
3
9
10
6
2
16
1
13
2
60
2
14
1
42
2
13
1
32
3
9
3
38
6
10
1
27
1
2
1
29
3
3
3
66
6
10
1
36
2
4
3
49
2
12
2
34
2
7
2
23
3
5
2
55
2
3
1
63
2
11
1
13
5
14
2
14
1
13
1
41
1
11
3
30
6
7
2
54
1
3
3
52
12
2
1
65
1
12
1
37
2
13
3
3
9
13
2
67
1
7
1
15
4
6
3
52
5
5
1
34
6
11
3
16
6
7
1
12
1
7
3
1
3
11
1
40
2
11
2
18
2
2
2
34
1
7
1
26
3
7
1
54
2
1
2
53
3
8
3
4
21
13
3
11
2
7
1
23
3
5
1
35
2
12
2
71
1
14
1
40
1
6
2
2
2
3
3
7
2
5
2
53
1
1
1
61
3
11
2
18
1
7
3
9
15
1
2
4
2
2
1
42
1
3
1
22
2
11
3
2
1
2
1
28
2
4
2
11
1
11
3
53
3
5
3
32
4
2
3
49
3
5
3
67
26
4
2
5
3
13
1
65
2
4
1
32
4
5
3
37
11
13
2
42
4
1
2
39
3
3
2
11
2
4
2
10
2
8
2
47
2
1
3
5
2
7
2
52
7
5
2
29
2
12
1
1
1
6
2
33
1
1
3
15
11
3
1
54
3
5
3
26
6
10
3
61
9
9
1
30
8
11
2
8
3
1
3
11
24
12
1
9
9
3
2
13
3
12
2
60
3
3
2
31
3
13
2
38
4
3
1
41
2
8
1
17
7
9
2
63
1
13
2
65
4
2
3
41
2
11
2
61
1
5
2
15
2
4
3
3
2
8
3
26
5
7
1
9
11
12
3
14
9
5
3
44
2
9
1
18
4
11
3
65
12
10
1
45
2
4
1
38
2
12
3
42
2
10
1
16
6
5
1
53
2
1
2
38
1
14
3
23
1
8
1
25
3
10
2
39
2
9
1
27
3
2
1
1
3
3
1
12
2
9
3
14
8
3
1
7
9
8
1
25
1
2
3
53
1
11
3
61
8
4
3
13
4
8
3
39
7
6
3
43
1
9
2
41
5
9
1
35
1
8
3
35
3
8
2
3
2
12
3
39
4
9
3
23
14
8
1
67
1
9
2
49
3
13
2
65
3
1
2
6
1
11
2
42
2
3
3
35
4
8
2
9
3
12
2
55
3
13
2
35
3
1
2
8
1
14
3
67
2
2
2
67
2
3
