1
6
2
14
2
41
3
6
1
45
2
13
2
28
3
11
1
49
1
4
1
17
2
5
2
33
2
11
2
28
2
5
2
13
3
9
1
2
4
8
1
68
3
8
1
27
2
3
3
8
9
8
1
14
8
8
2
43
4
1
2
16
1
13
1
42
2
6
3
44
3
10
2
45
3
8
1
11
5
9
3
12
5
7
3
41
4
10
2
65
4
11
2
40
3
13
3
16
5
3
1
30
12
13
3
12
1
10
2
36
3
4
2
16
2
7
2
13
2
10
3
27
11
5
3
18
8
2
2
63
1
14
1
29
3
2
2
9
1
1
1
15
3
3
2
45
1
6
3
31
3
13
2
25
3
12
1
12
13
8
1
33
1
14
2
4
2
3
1
9
8
4
3
52
10
11
3
45
7
7
3
33
5
2
3
61
4
12
3
11
8
13
3
6
2
14
2
32
1
1
2
14
3
4
3
43
7
9
2
12
1
2
1
26
3
1
1
47
2
3
2
9
3
2
2
1
3
1
3
2
6
14
1
10
6
6
2
3
3
11
3
28
6
13
2
60
3
9
2
37
3
13
1
7
2
8
3
63
7
1
3
68
6
1
2
11
1
10
2
22
1
1
3
36
7
12
1
8
1
4
3
13
5
13
3
55
2
4
3
3
10
13
3
4
13
3
3
60
13
2
2
65
1
6
3
5
2
3
1
7
3
11
3
34
2
6
3
18
10
11
2
47
3
1
2
11
2
14
2
67
1
3
2
71
3
10
3
35
3
8
2
42
2
10
2
14
1
12
2
67
2
9
3
42
4
7
2
25
2
10
1
13
2
9
2
8
1
14
1
5
1
7
2
27
3
14
2
31
3
8
3
27
2
1
1
11
4
6
1
37
1
14
2
66
3
12
3
53
1
11
1
52
1
14
2
40
2
3
1
53
1
11
3
68
14
8
3
33
13
7
2
49
1
6
3
1
1
8
2
5
3
4
2
17
2
2
3
47
9
12
1
65
1
14
3
26
7
3
1
4
3
5
3
71
4
6
2
35
3
1
3
38
11
8
2
35
2
10
2
34
1
7
1
2
3
1
2
6
2
9
2
44
2
3
3
32
7
9
3
38
7
9
1
68
2
6
2
18
2
13
3
8
14
3
1
1
1
12
1
32
3
2
2
1
2
9
3
25
8
7
1
22
3
11
2
30
3
10
2
61
1
2
3
2
12
2
3
49
4
7
3
15
1
9
1
30
19
1
2
2
3
13
3
40
3
4
1
18
13
14
3
34
5
14
1
43
1
4
1
18
8
13
2
44
4
1
1
54
3
3
1
41
2
2
2
15
2
1
1
40
1
7
2
39
4
12
3
25
1
7
3
17
16
10
3
15
12
11
3
67
34
14
2
71
2
4
3
52
18
10
3
17
17
6
1
60
2
4
1
25
2
14
2
30
1
13
1
13
3
5
2
7
2
9
2
68
1
13
1
16
4
1
2
12
3
10
1
63
1
1
2
10
2
3
2
54
1
10
3
42
3
2
1
15
2
6
2
38
5
10
2
5
2
8
3
22
1
5
2
53
2
6
3
5
1
6
1
28
1
13
1
33
6
9
2
3
1
9
1
5
2
3
2
29
1
14
1
39
4
2
1
23
1
13
1
3
7
5
1
31
2
11
2
61
2
10
2
4
1
4
2
26
1
13
2
60
1
14
2
34
2
4
1
12
2
6
1
35
3
11
1
45
1
12
2
52
1
13
3
36
9
14
3
32
8
8
2
42
1
2
1
36
2
7
3
37
9
2
2
29
2
6
3
14
18
12
3
10
5
1
1
66
3
13
1
4
1
9
3
55
17
10
2
37
1
5
1
42
1
11
2
68
2
5
1
16
3
12
1
38
2
8
1
67
2
4
1
1
3
11
2
49
2
13
2
23
3
13
1
52
3
1
2
52
6
9
1
23
3
14
3
3
8
13
3
71
3
8
1
31
1
13
1
26
1
5
2
17
3
12
3
26
6
6
1
44
1
10
2
27
2
4
1
41
3
6
3
14
23
5
2
31
1
6
1
39
2
13
1
71
1
7
3
54
1
7
3
63
5
13
3
39
3
5
1
8
8
13
1
67
1
14
1
65
2
11
1
71
2
13
3
1
10
13
2
63
3
2
3
39
4
10
1
55
1
13
3
60
4
6
3
41
3
6
3
28
11
3
3
61
5
3
2
33
3
8
1
32
4
1
2
66
2
14
1
34
9
10
3
66
5
8
3
22
12
6
1
17
4
10
2
18
1
6
3
23
8
7
1
55
2
2
3
31
14
6
3
29
17
12
3
29
10
5
1
9
3
13
3
23
14
9
2
53
1
10
2
26
2
4
2
10
1
14
1
53
2
5
1
49
2
14
2
55
2
4
3
10
3
6
3
6
4
11
3
11
1
8
3
4
4
3
3
53
5
14
2
38
4
14
2
7
1
12
2
2
1
7
1
25
3
1
3
7
1
1
1
47
1
12
2
8
3
5
1
29
1
11
2
39
3
5
2
15
3
4
1
34
3
7
1
60
1
12
1
38
3
12
1
6
1
13
3
45
2
3
3
65
8
14
1
3
10
1
2
22
3
2
2
41
4
10
1
40
3
11
3
65
4
8
3
9
7
4
3
9
14
5
2
36
4
12
1
22
2
1
1
10
1
11
3
30
4
9
1
61
2
9
3
30
20
7
1
14
14
14
1
54
1
12
1
28
2
4
3
16
3
2
1
61
1
8
3
7
3
12
2
47
1
5
2
23
1
7
3
67
30
9
1
63
2
7
3
66
7
13
1
35
1
1
3
37
10
10
2
43
1
8
1
27
3
13
2
54
2
13
1
37
2
8
3
13
2
6
3
40
2
12
3
49
1
8
3
44
5
1
1
44
2
8
3
43
5
9
1
36
1
3
2
32
3
13
2
6
1
1
3
35
4
14
3
54
2
11
2
55
3
3
1
43
3
11
3
47
2
10
1
66
1
10
