3
65
15
2
2
28
1
8
2
38
3
10
1
45
2
7
3
28
2
3
2
15
1
1
1
3
9
8
2
67
2
3
2
15
3
12
1
26
2
8
1
54
1
5
1
30
13
10
2
40
3
12
1
53
1
1
3
5
1
10
1
11
12
7
3
4
2
5
2
33
1
10
3
8
11
8
1
31
17
13
3
15
4
12
1
43
3
6
3
1
10
14
1
32
5
13
1
67
1
11
3
49
8
3
2
35
1
13
2
12
1
13
1
43
2
3
1
67
3
7
1
52
3
14
1
41
3
8
1
11
4
1
1
16
6
7
3
9
31
3
1
14
8
14
2
68
3
9
1
16
3
1
3
7
3
14
3
34
5
9
1
36
3
14
3
71
4
10
2
26
3
10
3
63
2
8
2
13
3
3
3
66
1
5
2
71
1
13
1
40
1
2
3
32
8
2
2
65
1
3
2
18
3
2
1
18
13
1
3
33
2
1
3
68
14
1
2
31
3
5
3
11
16
7
2
66
1
9
2
32
1
14
3
23
14
14
2
39
4
7
2
25
2
7
1
61
1
8
3
30
27
9
1
7
5
10
3
17
12
8
1
25
1
10
3
16
2
2
1
17
11
14
1
66
2
10
1
35
4
9
2
29
3
4
3
3
7
11
3
30
6
1
2
47
3
3
1
29
1
6
3
29
2
2
3
25
8
7
1
42
1
4
3
18
4
14
1
9
1
7
2
23
2
6
2
22
1
7
2
11
3
3
3
6
5
6
1
10
3
10
3
22
5
6
1
28
2
7
1
22
1
5
3
2
5
3
3
7
2
5
1
49
1
9
2
44
3
12
3
42
1
7
3
39
9
1
2
8
1
7
3
10
19
3
2
53
1
14
2
44
4
13
2
27
1
7
1
28
1
2
1
44
3
13
3
61
8
10
1
61
2
14
3
41
3
13
3
27
1
4
1
68
2
7
3
47
10
2
3
27
12
3
1
27
3
6
3
55
16
12
1
47
3
3
3
38
3
12
3
10
11
7
3
60
2
14
1
39
3
2
1
63
2
12
3
54
1
13
2
68
1
4
1
65
2
10
2
26
2
3
1
55
1
3
1
6
1
7
1
44
2
10
2
60
1
14
1
37
2
13
3
16
1
14
3
53
7
5
3
9
32
13
3
71
3
8
2
53
3
1
1
12
2
11
2
52
7
7
3
3
4
5
2
9
3
13
3
8
10
13
1
9
13
10
3
52
5
4
2
66
3
13
2
49
1
1
3
12
7
4
3
43
7
6
1
18
12
5
1
47
1
8
1
10
8
8
2
55
2
14
1
63
1
12
1
40
3
6
3
31
22
2
3
41
4
8
1
45
1
13
1
71
3
6
3
35
3
7
1
37
1
4
2
4
2
12
1
15
2
9
1
8
7
11
1
7
1
6
3
5
2
1
2
3
2
13
1
36
1
13
2
2
3
7
3
2
4
12
2
8
2
12
1
41
1
12
3
35
7
10
1
30
20
9
2
17
3
14
1
2
6
14
3
23
13
4
1
23
3
13
2
11
2
8
2
9
2
2
3
55
9
9
1
13
2
1
1
5
1
8
3
22
2
14
1
39
4
2
3
66
8
1
3
37
3
13
1
4
8
8
1
38
2
14
3
25
1
1
1
66
1
7
2
1
2
12
1
60
1
6
2
60
3
10
2
17
2
9
1
38
3
4
1
22
3
7
3
39
5
4
2
40
4
1
1
33
4
5
2
43
4
2
1
29
3
5
2
47
1
11
2
36
3
6
1
23
1
14
1
15
5
5
1
33
3
9
2
41
2
10
3
26
10
11
2
35
2
11
2
34
1
13
2
4
3
9
1
34
3
7
3
43
1
8
3
45
1
7
2
42
3
14
1
3
5
13
1
31
14
11
3
17
13
9
2
37
1
3
1
32
3
2
2
16
2
4
2
2
1
12
1
68
1
14
3
52
17
14
3
45
3
5
3
44
9
4
1
26
1
5
3
38
6
9
1
14
2
2
3
54
2
8
2
29
1
1
3
29
4
7
2
7
1
13
2
41
1
4
1
2
2
10
3
36
8
11
1
1
1
12
3
4
7
2
2
30
5
8
2
1
1
12
3
40
4
2
2
43
1
13
1
8
6
1
2
34
3
2
1
49
2
7
1
4
7
12
2
18
4
10
2
10
3
2
1
42
2
9
1
1
3
8
3
6
6
12
3
36
7
7
1
25
2
3
3
34
8
10
3
49
6
3
2
5
3
11
1
53
2
9
3
11
9
5
2
49
4
6
2
39
1
14
1
71
1
4
2
63
2
10
1
54
2
9
2
67
1
10
3
1
4
4
2
65
3
11
2
13
1
11
2
54
2
2
2
25
3
10
3
63
12
9
2
71
3
6
1
27
2
11
1
52
1
6
1
5
2
9
2
22
3
1
2
42
1
6
3
31
21
5
3
12
1
5
2
3
1
9
2
45
3
1
3
13
5
4
2
6
1
13
1
60
2
2
2
14
2
13
1
12
15
3
3
18
12
7
2
52
2
5
3
65
9
4
2
31
2
13
2
12
2
14
3
13
3
2
3
67
8
1
2
16
1
10
2
7
2
3
3
33
13
2
2
45
1
11
2
33
2
2
2
54
1
3
1
34
7
12
3
32
5
1
3
28
1
12
2
32
4
12
2
36
2
2
1
17
7
8
3
60
6
14
2
61
3
4
2
63
3
5
3
26
11
3
1
55
2
1
2
10
1
11
3
44
6
12
3
67
20
2
2
5
1
10
2
37
4
7
2
6
3
11
2
28
2
7
2
38
1
7
2
55
1
12
2
27
3
14
3
14
17
11
2
30
2
2
2
61
1
6
3
37
10
14
1
6
2
5
1
35
3
5
3
47
8
7
3
40
2
7
3
15
15
1
2
14
1
8
3
53
2
11
3
61
2
6
2
23
1
3
1
65
1
6
3
14
9
1
3
68
2
11
3
42
3
5
1
13
8
14
