1
63
1
8
1
11
5
4
1
22
1
3
1
1
1
3
1
28
3
6
3
5
4
7
2
8
1
9
1
7
7
5
3
11
5
1
1
71
3
10
2
13
3
8
1
47
2
13
2
33
2
14
1
25
3
3
2
53
2
11
2
11
3
2
2
32
3
2
1
33
6
6
1
68
1
8
1
31
6
6
3
66
7
1
3
36
12
2
3
49
2
4
3
25
2
3
1
32
1
2
3
36
14
3
1
7
11
3
1
53
1
11
3
67
33
1
3
13
8
7
1
16
1
8
2
27
1
7
1
3
8
11
3
14
4
4
1
30
1
11
2
17
3
11
2
15
1
4
2
6
3
8
2
53
1
5
3
33
21
10
2
25
2
9
1
5
1
5
2
26
1
9
1
43
3
13
1
14
15
14
1
28
1
12
3
16
4
11
2
3
2
13
2
34
2
4
3
18
11
4
1
23
2
11
3
10
8
12
2
54
2
8
3
53
7
8
3
42
3
3
2
15
2
10
3
2
4
4
2
49
1
4
2
26
4
12
1
42
2
5
3
30
14
5
2
47
4
9
2
41
5
6
1
18
13
7
3
43
2
9
2
12
3
7
3
37
11
8
1
35
4
9
3
61
9
1
1
33
4
12
3
32
4
1
2
60
2
12
1
44
2
12
3
52
5
11
2
22
2
4
3
17
10
13
2
52
7
8
3
15
14
14
2
28
2
7
2
4
1
7
3
38
10
1
3
49
8
5
3
4
20
2
2
44
5
3
2
1
2
3
2
60
3
14
1
4
2
10
1
36
3
4
1
37
2
11
3
6
5
12
3
60
13
3
1
15
1
10
3
26
1
13
1
41
3
1
2
5
2
13
3
1
7
10
1
14
13
11
2
39
3
10
3
43
3
13
3
54
2
5
2
68
2
5
2
16
1
7
3
55
7
2
1
71
1
3
2
17
1
5
1
13
2
7
1
61
3
3
1
40
3
2
3
27
3
7
2
14
3
14
3
54
1
2
3
27
10
7
3
2
12
2
2
36
4
11
2
5
1
8
2
38
5
5
3
29
4
12
2
10
3
1
3
52
4
5
1
60
1
11
1
29
2
5
3
16
5
5
3
14
15
11
2
27
3
4
3
9
5
8
3
71
5
10
3
8
20
14
1
49
2
12
2
25
1
1
2
18
3
11
2
9
2
13
3
12
2
5
1
42
1
4
1
8
16
10
3
30
2
1
3
22
8
8
1
47
1
5
2
38
1
12
2
7
1
5
1
27
1
5
2
61
3
5
2
47
2
14
3
63
4
7
3
40
5
6
3
4
6
2
1
18
15
10
3
34
9
6
1
23
1
12
2
54
1
8
1
38
2
8
1
34
1
9
1
1
2
2
2
42
1
5
1
9
2
1
2
37
3
6
2
6
1
12
2
7
3
2
3
18
2
8
3
60
9
4
1
16
5
13
3
45
6
14
2
63
3
3
1
9
4
11
3
31
29
11
3
3
5
1
3
7
4
14
2
3
1
6
1
3
4
2
1
10
2
5
3
32
1
5
3
10
16
14
1
5
2
2
1
60
2
4
2
32
2
9
1
65
1
12
3
5
3
7
1
52
2
10
2
49
2
13
3
63
5
2
3
23
7
4
2
55
2
9
2
12
1
1
3
8
5
7
2
39
4
11
1
8
12
1
1
13
5
10
1
54
2
14
3
13
4
2
1
52
3
9
3
22
12
10
2
67
1
10
3
11
7
12
1
43
2
5
1
6
1
6
2
45
3
12
1
27
3
4
3
35
4
13
3
66
5
2
1
68
3
12
3
25
7
5
2
18
1
12
1
39
3
7
2
22
3
6
3
71
2
3
1
12
7
14
2
71
2
2
1
26
1
4
1
31
15
10
3
68
10
3
2
29
1
2
2
9
1
12
1
37
1
10
3
33
15
5
1
2
4
13
2
29
3
9
2
35
1
12
1
4
3
12
1
34
7
1
1
67
3
1
3
44
5
12
2
43
1
7
2
16
3
9
3
44
4
2
2
40
1
1
2
42
2
2
3
12
4
14
3
3
8
5
2
28
3
2
3
34
2
11
2
11
2
9
1
25
1
8
1
49
1
12
1
26
2
13
1
67
2
2
3
1
8
4
2
65
4
10
2
35
3
8
3
7
3
5
3
9
26
12
1
35
1
13
1
32
5
5
2
63
2
13
2
33
1
8
2
65
3
3
2
37
4
4
1
17
15
2
3
17
17
11
3
41
2
8
2
67
2
12
1
55
2
6
1
12
5
2
3
38
4
10
3
35
8
9
3
28
1
4
1
65
2
12
1
39
2
11
3
42
2
11
2
41
2
8
2
34
3
11
1
6
2
9
3
53
3
14
3
61
11
13
1
55
1
14
3
39
9
10
1
41
1
7
2
52
4
12
1
66
1
5
3
67
18
14
2
23
3
10
3
37
1
10
2
2
1
8
2
13
1
2
1
40
2
7
1
22
2
14
1
45
2
7
3
15
13
9
2
36
1
3
3
65
14
4
2
61
1
14
1
36
2
9
2
2
3
8
1
11
2
13
3
65
17
14
1
63
2
11
1
15
2
8
2
55
1
8
2
30
2
14
2
14
2
10
1
53
2
3
1
61
2
10
3
41
1
11
3
31
10
12
2
31
3
8
1
17
1
6
2
40
4
10
2
68
1
14
3
68
1
3
3
40
6
13
2
8
3
10
1
66
2
8
3
29
14
13
3
39
8
2
2
45
4
5
3
47
3
10
2
44
2
6
2
23
2
11
2
71
3
3
1
10
3
8
3
55
3
1
2
30
5
8
1
29
3
11
3
28
2
13
3
26
6
13
3
45
5
5
3
23
15
13
1
54
1
4
2
1
3
12
1
38
1
3
2
4
2
6
3
47
6
3
1
45
1
4
2
10
1
13
1
2
5
1
2
66
1
2
1
44
4
10
1
30
12
1
2
43
2
10
3
6
3
14
2
66
3
6
2
31
1
8
