2
37
4
1
1
18
13
5
1
38
1
2
1
17
4
7
2
13
3
13
3
6
5
8
1
53
2
10
1
28
2
7
2
28
3
7
2
55
2
4
2
35
3
5
1
40
2
6
2
36
3
3
3
9
17
9
2
27
3
6
3
14
25
3
3
71
2
14
1
27
3
7
1
71
2
9
3
14
20
6
3
42
4
6
3
16
6
14
3
47
4
13
2
63
2
7
3
13
7
3
1
37
2
1
2
7
2
3
3
17
2
7
1
1
1
3
1
26
1
1
3
40
2
7
2
15
3
10
3
28
4
14
3
71
3
4
2
42
4
10
2
10
1
13
2
4
1
14
2
28
2
2
1
38
3
2
2
41
5
12
1
15
4
7
3
38
11
3
2
52
2
3
3
63
13
7
1
44
4
6
2
11
1
12
2
33
3
3
3
4
25
2
3
34
4
13
3
7
5
4
2
60
1
10
3
28
10
1
1
5
1
2
1
41
2
14
3
39
2
13
3
68
8
8
2
26
1
1
3
45
3
6
3
18
20
1
2
67
2
5
2
17
1
5
1
17
8
14
3
9
20
11
3
23
14
5
1
18
9
14
1
32
4
2
3
41
1
4
2
68
2
8
1
39
2
5
2
55
3
13
1
47
3
3
2
18
4
11
1
3
11
12
1
54
1
3
3
27
10
4
1
42
2
8
2
47
3
3
1
23
3
5
2
52
5
9
2
16
2
14
1
68
3
7
1
10
5
5
2
38
5
9
1
68
1
11
2
45
1
3
2
49
3
14
1
4
7
1
2
68
1
11
3
61
2
13
3
5
5
9
3
7
4
8
3
63
3
2
2
23
2
10
2
7
1
7
3
68
10
12
3
15
3
11
3
5
4
4
2
34
2
13
1
34
3
1
3
3
4
8
2
61
1
9
1
52
3
11
2
29
3
7
3
37
11
1
2
40
1
6
3
33
18
3
3
32
12
11
2
29
1
13
2
5
3
5
3
30
17
5
2
23
3
11
3
10
11
13
3
39
10
14
2
22
2
8
2
40
2
2
3
60
20
9
2
71
1
5
3
8
8
6
2
31
3
4
1
34
5
13
1
35
3
10
3
45
2
6
2
14
1
8
3
22
3
5
2
61
2
5
2
1
2
6
3
1
6
9
2
3
3
12
1
30
12
9
2
2
3
14
1
16
1
12
1
41
1
5
1
55
2
8
1
12
10
1
3
41
2
2
1
3
1
10
1
10
6
8
3
55
8
6
1
44
3
14
1
49
2
10
2
6
3
12
1
54
3
9
1
66
3
4
3
2
4
12
1
30
16
4
3
26
6
7
1
11
11
11
2
45
3
14
1
53
1
9
1
29
2
10
2
65
4
9
2
6
1
10
3
23
17
9
3
37
8
1
2
43
1
12
3
2
5
5
1
61
2
6
3
43
3
5
1
22
3
4
2
13
1
14
3
18
18
5
2
38
1
7
3
32
4
6
3
26
10
2
2
60
2
2
2
25
1
8
2
65
2
1
3
61
6
8
2
22
1
3
2
63
3
8
1
31
4
7
1
26
2
13
2
5
2
7
1
9
3
6
3
34
7
4
2
44
4
5
3
12
5
5
3
11
4
9
2
49
4
6
1
31
17
13
2
44
3
10
1
61
3
8
1
47
1
13
3
54
1
2
2
17
2
14
1
7
6
12
2
67
1
3
2
66
3
6
3
13
4
9
3
38
4
8
2
36
5
2
1
2
7
6
1
8
13
3
1
1
3
11
1
36
1
7
3
44
2
11
1
23
1
14
2
11
2
4
1
39
4
10
2
37
2
3
1
22
2
4
3
11
13
10
1
37
1
4
3
49
3
2
1
45
2
3
1
11
1
2
3
65
17
6
3
8
7
14
2
10
3
3
3
35
2
6
2
53
3
7
2
8
2
7
1
4
6
8
2
43
4
14
2
33
2
6
1
5
2
1
1
67
2
13
1
6
1
11
2
34
3
4
3
47
7
1
2
25
3
4
3
53
1
6
1
65
1
9
2
1
1
6
3
22
9
10
1
33
2
12
1
15
3
9
3
29
4
14
3
6
3
11
1
14
19
1
3
10
17
1
1
55
1
6
1
33
5
8
3
60
7
2
1
32
3
9
2
9
3
3
1
43
3
6
3
25
8
9
3
52
3
10
3
67
36
14
1
42
1
5
1
12
3
5
2
12
1
7
2
54
1
11
3
12
3
4
2
32
1
8
3
31
5
13
2
12
3
5
1
66
1
7
2
66
1
13
1
63
1
3
1
2
4
2
3
27
1
10
3
43
5
3
3
31
22
12
1
43
1
12
1
7
3
6
3
49
7
13
2
26
2
13
3
15
12
14
1
60
1
8
2
47
1
7
3
35
7
6
2
53
2
9
1
52
1
13
3
44
5
4
2
35
1
13
1
14
15
2
1
13
9
6
2
42
1
8
2
71
3
2
1
6
2
8
1
36
2
12
1
13
7
4
3
67
25
7
2
16
1
9
3
66
5
12
1
9
14
5
1
65
2
12
2
30
2
3
3
4
13
4
3
66
3
1
1
25
1
5
2
18
2
12
2
41
2
9
2
32
3
1
3
53
5
14
3
3
1
12
2
31
4
13
3
36
2
5
1
28
1
11
1
49
1
14
3
55
2
7
2
8
1
9
2
9
1
8
3
52
4
10
3
65
7
3
3
54
2
6
2
54
2
11
1
71
1
14
2
4
3
10
2
30
5
13
2
3
1
4
1
63
2
4
3
40
4
7
1
45
1
4
1
25
3
5
3
1
7
12
2
15
2
1
3
29
5
14
3
25
2
2
1
29
3
13
1
60
2
5
3
42
1
12
1
16
6
13
1
8
8
12
2
39
4
6
1
27
1
10
3
36
3
5
3
17
16
6
3
16
5
4
1
67
1
11
2
14
2
12
2
2
2
2
2
27
2
12
1
40
3
4
2
39
1
4
3
30
11
10
3
33
10
2
1
35
1
4
