2
71
2
14
2
1
1
10
3
37
1
2
3
16
6
3
2
35
1
1
3
43
5
14
2
71
1
4
1
25
2
14
3
15
5
14
1
9
7
2
1
17
16
7
3
47
8
13
2
17
2
11
3
32
3
6
1
37
1
11
2
13
3
9
3
39
5
6
2
3
3
8
1
37
2
9
3
36
15
4
3
6
2
4
2
25
1
14
3
13
5
6
3
45
3
14
3
1
7
9
1
1
2
7
1
54
2
13
2
28
3
13
2
30
1
12
3
45
1
6
1
29
1
3
3
10
18
11
2
23
3
10
1
55
1
7
2
39
1
2
1
39
2
12
1
71
1
12
1
22
2
13
3
4
2
5
3
3
10
2
3
32
12
5
1
8
1
6
2
54
2
9
1
4
3
7
2
22
2
1
2
66
3
3
2
27
3
9
3
15
3
5
1
63
2
7
1
34
11
13
1
29
2
1
1
52
2
10
2
44
4
1
1
61
2
7
3
31
16
12
1
41
1
6
3
1
2
5
1
53
2
1
3
65
17
5
3
7
4
3
3
67
28
10
3
47
4
14
3
2
12
7
1
7
5
7
3
63
6
8
2
4
3
1
2
30
3
10
1
12
17
14
2
36
3
7
1
33
1
4
1
42
1
8
1
7
7
2
1
17
9
6
2
37
2
3
2
16
2
4
1
43
1
3
1
33
4
12
1
25
1
4
1
49
2
1
3
23
3
12
3
17
7
4
1
47
2
7
2
65
3
9
2
22
1
12
3
9
25
11
3
13
3
6
2
45
4
12
1
38
3
10
1
2
3
9
2
10
1
5
1
44
2
5
2
67
2
1
3
63
5
1
1
23
2
3
3
52
7
10
2
34
1
10
2
53
3
14
2
55
3
7
2
10
3
6
3
25
3
3
3
68
1
3
1
16
2
5
2
11
3
11
2
7
3
10
3
11
10
13
3
43
2
1
2
60
4
10
3
35
1
11
3
17
14
5
1
61
3
7
3
3
5
8
3
2
11
4
3
37
2
13
2
18
1
12
1
65
2
8
2
2
1
10
2
42
3
14
1
32
2
1
2
31
4
6
1
11
6
5
2
29
1
10
3
28
12
11
2
8
1
3
2
13
1
4
3
54
1
4
2
44
3
1
3
35
4
10
2
9
1
5
2
61
1
9
2
61
2
3
1
27
2
13
1
27
3
8
1
13
8
4
3
10
7
1
2
27
1
6
3
40
1
13
3
18
25
9
2
63
3
14
2
52
6
9
1
18
9
14
1
3
4
14
3
8
9
2
2
60
1
9
2
28
1
12
2
14
3
11
2
43
4
11
2
15
1
13
2
42
2
10
1
10
1
11
3
12
2
5
2
49
4
7
1
3
7
13
3
65
5
6
1
68
2
7
1
40
2
8
1
1
3
2
1
36
3
13
3
54
2
6
2
3
2
11
1
30
15
7
3
8
17
2
1
45
2
3
1
23
3
3
2
40
3
4
2
41
2
11
3
61
3
5
2
5
3
14
3
55
10
6
1
40
3
5
2
5
1
14
1
5
2
10
3
22
5
9
2
15
2
11
3
55
1
6
2
34
2
8
3
41
3
10
1
67
1
4
3
22
2
8
1
26
3
2
1
71
2
9
3
49
7
12
2
49
3
2
2
11
2
9
2
26
4
1
1
41
2
3
3
14
12
4
1
18
2
5
1
26
2
10
3
5
1
12
3
25
1
12
1
67
3
9
2
8
3
10
3
14
25
10
2
47
2
8
1
49
1
14
3
53
3
5
3
23
16
6
1
44
1
7
1
63
1
8
2
40
4
4
3
60
28
11
2
52
7
1
1
68
3
6
2
32
2
14
1
34
2
4
1
15
4
13
2
4
2
9
3
53
1
5
3
68
10
12
2
38
2
10
2
37
1
10
2
33
3
8
2
14
2
12
2
9
2
7
3
16
1
13
3
26
7
11
1
14
1
5
3
34
7
2
3
27
17
10
3
33
9
9
2
63
1
1
3
38
11
5
2
39
4
9
2
68
1
13
1
15
3
14
3
31
17
14
2
55
1
10
3
36
3
4
2
41
3
10
1
65
1
2
3
11
19
8
1
6
2
7
1
8
15
2
1
30
16
4
1
4
7
8
1
28
1
8
3
66
3
1
1
52
3
4
2
2
2
11
3
38
12
11
2
66
2
12
3
61
8
10
3
66
7
2
3
7
2
7
2
23
1
5
1
13
3
8
3
71
2
14
1
22
1
9
2
32
1
5
2
12
2
12
2
31
1
9
3
5
5
14
1
55
2
12
2
54
1
14
2
65
1
4
3
71
5
8
2
53
2
14
2
18
3
14
3
41
4
7
2
33
1
12
3
9
29
8
1
53
1
13
2
25
3
1
1
54
1
6
2
35
2
13
1
6
1
12
2
29
2
2
2
43
3
1
3
4
27
8
3
39
6
1
2
7
1
12
1
35
2
11
2
67
1
2
3
52
12
5
2
68
3
9
1
16
7
4
1
47
3
6
1
42
2
8
2
6
3
11
3
29
5
4
1
60
2
11
3
6
3
3
1
60
1
7
3
30
20
10
1
66
1
1
2
36
4
6
2
38
1
14
1
38
2
13
1
28
2
7
3
12
7
9
3
42
2
1
3
42
4
3
1
2
1
13
1
9
3
5
1
10
5
11
3
18
22
2
1
14
11
5
3
33
10
9
2
16
3
8
3
29
8
3
3
67
7
10
1
12
4
7
1
31
3
14
3
49
5
4
1
66
3
12
1
43
3
9
3
26
9
3
2
26
1
5
2
47
3
7
1
31
7
4
2
1
2
4
1
32
3
11
3
40
4
5
3
30
17
3
1
45
1
14
3
34
11
8
2
12
1
5
1
39
1
8
3
27
14
14
2
17
1
5
1
11
7
1
2
45
2
11
3
44
9
14
3
44
3
13
1
5
1
13
1
36
2
5
3
28
1
11
2
6
1
2
3
60
17
5
1
35
3
6
