1
43
1
13
2
6
3
13
1
67
2
11
3
33
15
6
1
7
3
6
3
55
2
14
1
6
1
1
2
9
3
5
1
1
1
12
1
1
3
5
2
2
1
2
2
49
1
5
2
42
2
13
1
55
1
10
3
23
7
9
2
38
4
4
3
54
1
12
1
34
7
7
3
61
9
5
3
9
28
4
3
53
7
2
1
34
1
6
2
32
4
5
1
40
1
5
1
53
1
13
1
31
3
1
2
8
1
9
3
25
2
2
2
44
1
11
2
63
3
13
3
43
1
13
2
66
3
9
2
17
2
12
3
44
6
4
1
6
2
4
2
2
3
4
2
40
2
14
2
37
1
10
1
10
2
3
2
66
2
2
3
63
7
7
1
37
1
7
2
41
3
3
3
55
1
14
1
3
1
10
1
54
3
6
3
27
15
7
2
5
1
8
2
3
3
13
1
38
3
10
1
39
4
8
1
61
3
9
2
61
2
6
3
71
4
7
1
63
2
14
3
30
23
6
2
65
3
4
3
54
2
5
1
23
3
11
3
47
9
12
2
13
2
2
3
37
6
3
3
22
12
1
1
2
2
11
2
52
3
11
1
23
2
1
1
29
2
6
1
14
18
4
2
9
2
6
1
4
4
4
1
5
2
6
3
12
5
3
1
33
6
12
3
41
4
14
2
8
3
13
3
2
9
11
2
55
3
11
2
34
3
5
1
49
2
6
2
15
2
9
3
10
3
5
1
22
1
5
3
66
5
3
2
68
1
4
1
12
14
11
1
29
1
1
3
68
15
11
2
6
1
2
2
33
2
8
3
39
8
2
3
34
3
8
1
25
3
3
2
30
2
11
2
71
2
11
3
60
2
5
3
13
3
12
1
41
2
2
3
41
2
6
3
3
5
2
3
17
16
14
3
33
6
1
1
63
1
13
1
17
7
12
3
17
2
5
3
52
13
7
3
4
21
1
2
60
3
10
2
52
7
11
3
5
5
11
3
6
4
12
1
15
5
5
2
4
3
12
3
6
3
7
3
23
12
12
2
42
3
4
1
36
3
4
2
35
1
5
3
5
4
10
2
29
2
6
3
71
2
14
2
26
3
7
1
2
3
4
1
40
3
10
1
49
1
4
2
12
3
13
2
12
1
12
2
25
3
10
3
36
11
9
1
10
7
3
1
8
3
6
3
61
3
3
3
49
6
7
3
16
8
9
2
53
1
3
3
29
8
6
1
9
9
1
3
18
21
8
1
38
2
4
1
16
6
12
2
71
1
9
1
3
2
14
1
28
1
4
2
15
3
1
3
27
7
12
3
38
4
2
2
60
2
12
2
67
2
9
3
32
2
9
2
67
1
12
3
7
1
9
3
8
15
1
1
16
5
10
3
34
9
5
2
43
1
5
2
45
1
13
3
68
4
14
1
36
1
1
3
25
1
3
3
63
6
3
1
45
2
2
2
7
3
2
3
13
5
7
2
27
1
6
1
18
15
13
1
55
2
9
3
15
6
9
3
65
15
14
1
8
4
4
3
30
6
8
1
14
8
6
2
5
2
9
1
12
17
2
2
35
3
8
1
43
3
7
2
47
3
5
1
9
12
5
2
39
4
3
1
60
2
13
1
13
1
7
2
55
2
11
3
28
16
1
2
7
2
4
3
8
18
2
1
44
1
8
3
60
11
14
1
42
2
7
2
3
2
8
3
12
3
7
1
27
3
6
2
41
2
9
3
36
7
9
1
66
3
10
1
17
4
8
3
11
25
12
2
22
2
9
3
66
1
8
3
18
9
3
3
4
16
1
3
32
12
14
2
36
3
6
3
45
4
2
1
65
2
10
2
45
3
9
3
52
3
4
1
65
1
2
3
53
8
12
2
11
1
4
2
49
3
12
1
68
1
8
1
28
3
9
2
13
1
12
3
10
10
5
1
71
2
7
2
10
2
13
1
52
3
9
1
66
1
14
2
1
3
11
3
11
2
5
3
1
8
4
1
25
1
10
1
22
3
10
3
16
3
3
1
4
5
6
2
16
3
11
2
22
3
10
3
37
12
6
2
34
2
2
2
65
1
8
3
35
2
11
2
30
4
11
3
44
9
13
3
39
10
9
3
26
2
1
1
32
1
11
2
18
4
10
3
42
1
13
2
18
1
1
3
31
19
7
2
61
1
6
2
16
2
2
2
43
4
13
3
1
5
2
1
67
1
3
1
35
1
13
2
54
2
11
1
42
1
11
1
26
3
5
3
9
17
2
2
44
3
12
3
65
16
5
1
35
2
13
1
13
6
5
2
40
1
4
1
30
19
3
3
43
8
8
2
1
1
9
3
15
17
2
2
32
3
8
1
68
3
3
3
29
9
2
2
53
3
13
1
44
3
12
1
60
1
14
1
33
2
5
2
36
1
1
2
23
2
9
2
47
2
2
2
17
1
9
1
31
18
4
1
15
3
9
3
45
3
13
2
29
1
9
1
27
1
3
2
31
4
13
3
22
5
10
2
31
5
9
2
37
3
12
3
49
3
2
3
26
11
5
2
14
2
7
1
41
1
13
1
54
1
1
1
5
1
4
1
11
9
9
2
38
1
6
3
47
1
1
1
26
1
1
1
47
1
9
1
61
2
1
3
14
18
4
1
52
2
11
2
27
2
11
2
33
1
7
2
39
1
8
1
37
2
4
2
68
4
3
3
40
6
12
3
67
2
2
1
7
4
11
2
63
1
13
2
4
1
2
1
30
8
1
2
28
2
12
1
53
2
12
2
25
1
10
2
28
1
11
1
18
1
1
3
2
5
11
3
67
33
4
3
14
8
9
1
11
6
2
3
38
9
10
3
3
1
12
2
23
1
3
2
54
1
1
1
71
3
10
3
7
2
2
3
31
12
8
3
40
3
9
1
32
6
9
2
10
1
4
3
35
1
5
1
39
2
4
2
14
3
5
2
11
2
9
3
28
11
9
1
45
1
8
2
26
2
6
1
47
2
1
3
42
2
11
