2
1
3
13
2
13
1
3
1
61
2
4
3
41
4
13
3
40
6
4
3
53
1
10
1
9
2
5
2
30
1
9
1
54
3
1
1
3
7
1
1
16
4
4
1
31
4
10
2
65
3
8
1
6
1
3
2
27
3
11
3
32
6
2
3
4
3
9
3
12
5
8
1
2
1
8
3
38
8
13
1
28
3
11
3
40
4
6
3
10
2
10
1
14
5
4
1
39
3
14
1
40
3
5
1
29
3
11
1
41
3
13
1
18
1
5
2
55
3
5
1
60
2
11
1
38
3
10
3
55
15
7
2
38
2
2
2
33
2
5
3
63
8
14
1
40
2
14
1
42
1
11
1
47
3
1
2
30
2
9
1
13
7
2
1
34
10
10
1
55
1
7
1
32
1
10
3
26
2
3
1
32
7
4
1
44
2
7
3
35
6
1
1
18
13
8
3
13
5
5
3
36
6
12
2
12
3
11
1
3
8
5
3
2
1
4
3
43
1
13
3
7
1
12
2
23
3
2
1
35
4
2
2
31
4
9
2
10
3
3
3
11
17
14
3
67
31
3
1
1
2
13
1
31
17
6
2
2
3
9
2
31
3
3
3
44
5
6
2
39
1
14
1
42
2
8
3
30
7
12
2
42
1
12
1
11
8
11
2
4
2
11
2
38
3
6
3
12
1
3
2
35
2
10
2
71
1
2
1
23
1
10
3
42
1
13
2
2
2
10
3
55
2
11
2
3
1
13
1
12
14
14
1
22
2
7
2
22
2
4
2
71
2
11
1
6
2
2
2
41
5
11
3
23
7
3
1
30
16
8
3
17
17
12
2
8
1
6
1
12
9
11
3
60
16
6
1
4
6
2
2
14
1
4
3
65
16
5
3
18
19
13
3
1
6
13
1
55
2
11
3
36
1
7
1
9
1
1
2
45
4
6
3
41
3
7
2
26
3
9
1
11
5
13
2
23
1
11
2
29
3
13
3
11
12
4
3
61
7
7
2
1
2
14
1
36
3
9
3
45
6
10
3
45
2
10
3
49
7
14
1
49
1
9
2
43
5
3
3
14
19
11
2
10
2
3
2
49
4
7
3
16
4
4
2
61
1
11
1
17
12
6
3
29
15
7
1
49
2
6
2
67
1
5
2
55
1
4
2
18
2
7
1
37
1
6
2
44
1
3
1
7
4
10
1
5
1
8
2
12
2
5
2
5
2
2
1
16
3
13
1
44
3
12
3
34
6
2
1
27
1
7
2
9
3
13
2
47
3
12
2
28
3
13
3
3
6
6
2
8
2
4
2
49
3
10
3
61
3
10
1
33
5
14
2
5
1
14
1
17
7
8
3
35
2
3
3
67
2
4
2
11
1
12
3
8
16
7
2
16
1
5
2
29
1
2
3
28
8
14
2
18
4
10
2
17
3
3
1
63
2
11
3
47
4
9
3
13
8
7
3
65
3
3
2
28
2
8
3
9
24
3
1
34
6
13
3
33
15
8
3
6
6
8
2
25
3
12
1
10
1
14
3
3
3
10
1
54
1
2
1
71
2
2
2
41
1
11
1
43
2
11
1
66
3
8
1
67
2
11
1
38
1
11
1
26
3
3
3
5
1
13
3
66
7
14
3
14
24
1
2
45
2
9
1
28
2
1
2
22
3
14
1
65
1
11
2
53
2
5
1
35
3
9
2
40
4
4
3
34
8
13
3
39
1
5
2
33
3
10
3
27
9
9
1
8
1
5
3
38
12
5
3
33
17
11
3
71
4
9
2
60
4
1
2
35
1
9
2
63
3
11
2
43
2
4
1
7
11
14
1
10
5
8
1
30
11
13
1
15
5
8
2
61
2
1
3
25
1
2
2
14
2
10
1
68
1
10
3
68
14
6
3
26
5
10
3
1
8
11
3
15
2
7
3
71
1
1
3
53
4
6
1
63
1
1
2
52
2
1
3
18
7
1
1
52
2
10
2
37
4
13
3
68
9
6
1
2
4
1
3
27
3
14
1
61
1
5
1
5
2
13
3
39
9
14
2
37
3
9
3
2
10
14
1
33
3
5
2
6
3
7
2
68
4
4
2
9
2
1
1
53
1
3
3
31
1
1
3
54
1
6
1
52
3
13
3
32
7
6
3
16
5
11
2
26
1
6
3
44
9
12
2
15
3
5
1
13
2
8
3
17
6
8
3
49
4
5
3
15
8
8
1
14
15
12
2
27
2
4
2
40
3
1
1
1
1
12
1
60
1
9
1
8
8
8
3
6
5
13
1
65
2
11
2
52
4
5
3
23
3
2
2
11
3
7
3
29
3
8
1
15
2
8
2
15
1
5
2
68
1
8
3
8
19
8
2
13
3
12
2
36
1
4
2
63
2
5
1
37
2
13
3
37
2
3
2
67
2
3
3
52
15
13
3
5
5
1
3
47
1
7
3
22
8
11
3
66
5
9
2
32
4
6
2
6
2
6
3
7
5
11
3
60
21
8
1
53
2
4
3
43
6
9
3
10
23
12
2
16
3
8
3
52
6
9
3
4
20
8
3
28
6
6
2
44
2
7
1
66
1
4
1
4
4
9
3
25
8
3
1
41
2
14
2
32
3
1
2
42
3
14
2
53
3
3
2
65
4
13
2
34
3
7
2
17
1
12
1
39
1
12
1
27
3
9
1
68
2
13
3
37
4
1
2
47
1
12
1
45
1
9
2
60
1
7
2
54
2
12
3
30
14
1
1
25
3
14
2
7
3
2
2
3
2
9
1
71
3
6
1
26
1
14
1
45
2
2
1
22
1
4
2
66
3
5
3
9
29
2
2
36
4
10
1
36
2
4
3
63
7
12
2
4
3
5
2
66
1
5
1
43
3
10
2
7
1
14
2
25
1
9
3
54
2
1
1
23
3
14
2
39
2
8
1
29
2
14
2
54
1
14
3
31
7
13
3
42
3
12
1
47
2
7
1
25
2
8
1
67
3
11
3
22
10
4
2
34
2
6
