2
13
1
14
2
37
4
4
1
27
3
12
2
68
4
6
2
9
3
4
1
49
2
3
3
40
1
9
2
45
2
6
1
7
4
8
2
29
1
7
3
67
7
8
3
1
2
11
2
33
1
7
3
1
6
6
3
26
2
2
3
60
9
6
3
33
13
13
1
65
1
13
1
9
10
6
3
25
8
13
3
12
1
5
2
35
3
7
2
26
3
2
1
18
7
12
2
26
2
10
1
23
2
14
3
5
1
14
1
71
2
1
3
44
4
14
3
44
8
3
3
22
8
12
3
43
5
1
2
52
2
8
2
60
1
12
1
26
1
6
1
44
2
8
2
2
1
8
1
39
2
5
2
61
2
10
2
11
1
2
2
29
3
4
1
42
1
5
2
65
4
8
1
42
2
14
1
12
6
2
2
65
3
9
3
65
4
7
2
55
2
6
3
36
13
13
3
36
8
4
3
8
13
4
2
71
1
11
1
1
1
1
1
2
5
8
1
25
2
5
1
66
1
1
1
29
3
11
3
14
3
14
3
66
4
4
1
10
6
7
2
40
4
11
3
41
2
1
1
2
3
3
2
63
1
5
1
52
1
13
3
11
11
3
2
54
2
13
2
1
2
2
2
10
2
3
1
13
1
2
1
37
2
7
2
60
2
6
1
37
1
13
3
34
9
8
3
37
4
12
2
44
4
1
3
71
4
14
2
3
1
14
1
44
3
7
1
43
2
13
2
8
1
7
3
42
2
7
1
25
1
3
3
4
26
10
1
67
1
2
1
11
5
11
2
32
3
7
1
5
2
9
3
55
15
3
2
30
1
12
3
18
6
14
3
17
5
1
3
40
3
7
3
55
5
10
2
68
1
12
2
6
3
13
3
63
12
14
1
71
1
11
3
32
1
14
3
2
5
5
1
36
3
12
2
53
3
6
1
65
2
5
3
3
1
2
3
42
1
1
2
37
3
3
2
44
3
4
2
17
3
12
1
40
3
1
3
16
2
8
3
14
18
8
2
9
1
5
2
16
2
6
2
39
2
9
3
68
16
10
2
22
3
8
2
31
5
10
3
13
8
5
2
7
3
10
1
28
1
12
2
16
3
12
3
54
2
6
2
61
1
3
1
12
3
5
3
41
1
6
1
38
2
8
3
39
6
4
2
38
3
11
1
67
3
4
3
60
23
4
1
29
2
6
1
16
5
4
1
45
1
4
3
15
11
5
1
47
3
3
1
66
3
9
1
8
14
13
1
54
1
5
2
36
1
9
3
39
1
4
1
45
2
11
1
41
3
13
1
15
3
10
3
28
4
8
2
42
3
11
3
52
16
11
1
31
5
7
1
54
2
7
1
28
3
5
2
30
4
8
2
5
1
14
1
47
2
11
1
63
2
6
2
39
3
2
3
26
4
2
1
32
5
6
1
4
8
6
3
17
13
13
1
17
8
1
1
9
11
12
2
43
2
14
1
52
2
11
1
22
2
5
3
47
10
12
3
29
18
3
3
3
9
8
2
2
3
11
2
6
1
12
3
23
16
7
3
16
4
13
1
34
6
8
3
25
1
1
3
68
5
11
2
40
3
1
2
4
2
3
2
42
4
5
3
45
2
7
2
55
1
7
3
2
6
9
3
22
6
13
1
8
9
10
3
66
6
3
3
29
3
2
1
33
2
8
3
8
14
3
3
61
10
1
3
23
6
9
2
43
1
6
3
11
4
3
2
33
3
5
2
36
5
14
1
27
1
6
2
15
3
10
3
43
3
1
3
49
4
3
2
5
2
7
1
35
2
14
2
27
2
10
1
18
13
8
2
10
1
12
3
35
2
13
2
14
1
8
3
6
3
8
2
13
2
11
2
27
3
4
1
38
1
10
2
18
3
2
2
28
1
7
1
61
1
2
1
23
1
14
3
6
2
3
1
31
13
11
3
54
1
2
1
35
4
7
1
5
1
11
1
53
1
13
1
1
3
13
3
12
2
3
2
71
2
8
2
11
2
3
2
18
4
3
3
4
4
2
2
35
2
13
1
61
2
5
2
66
2
13
2
7
1
13
2
23
2
5
3
52
12
12
2
25
3
1
1
10
5
3
3
10
26
2
2
8
2
5
1
68
2
2
1
55
1
4
1
17
10
12
1
4
5
4
2
3
2
1
1
16
2
10
2
32
4
3
2
54
1
9
3
7
1
3
3
33
24
6
2
15
2
11
3
13
1
12
2
47
1
2
1
13
2
6
1
11
7
10
2
1
3
4
1
14
16
5
3
37
1
8
1
53
2
9
3
7
4
12
3
65
1
3
1
33
7
5
3
30
11
3
3
27
7
10
1
32
1
8
1
60
2
13
3
34
8
11
3
47
4
1
3
45
7
11
2
23
3
10
2
34
2
2
3
38
9
4
2
22
1
2
1
63
1
11
2
41
5
4
2
66
1
5
3
35
1
3
2
4
3
4
2
34
3
7
2
14
2
14
3
53
7
12
2
17
2
3
2
49
3
10
3
18
10
11
1
39
3
14
3
38
3
7
3
32
10
12
2
49
1
3
1
30
19
1
3
49
7
11
1
60
1
10
1
14
3
9
3
63
6
7
1
55
2
14
2
28
2
3
3
10
23
2
1
6
2
9
3
61
1
10
3
67
12
4
1
36
1
14
1
3
9
2
1
68
1
9
3
5
2
4
3
30
9
2
1
41
1
5
3
15
9
1
1
6
1
5
2
12
3
13
1
49
1
7
2
47
4
8
2
52
3
1
3
71
3
14
2
53
2
12
1
34
10
13
2
67
2
14
1
40
1
9
3
28
9
5
3
31
27
1
3
9
14
5
1
7
8
7
2
25
2
7
1
26
3
13
3
9
24
11
3
53
6
2
3
31
21
14
2
63
2
11
2
31
2
5
2
12
1
7
1
3
2
5
2
45
1
11
2
38
1
1
2
67
1
12
1
22
3
8
2
41
3
14
1
15
5
4
1
30
4
4
1
43
1
14
3
27
3
2
