2
43
5
2
2
40
3
14
2
53
2
1
1
33
4
13
3
6
3
9
3
34
2
1
3
53
8
7
2
12
2
4
3
14
17
2
2
65
4
14
2
9
2
3
1
26
3
3
1
42
1
1
3
71
4
3
1
65
1
4
3
22
8
11
1
11
7
3
1
30
9
14
3
26
8
5
1
45
2
5
1
49
2
6
1
34
10
8
1
8
6
9
1
54
2
10
1
47
3
5
3
40
3
2
2
27
1
9
3
7
4
12
2
32
3
14
1
68
2
10
1
44
4
11
2
13
3
1
3
23
5
2
3
63
1
1
1
42
2
12
3
45
1
9
2
61
2
1
1
41
2
1
3
53
5
4
2
55
1
13
1
32
3
13
1
40
1
4
3
7
5
5
3
3
10
6
2
37
2
3
2
38
3
10
2
2
1
12
3
25
3
9
1
38
3
6
2
60
2
6
3
65
7
10
1
33
3
3
1
10
3
14
2
2
2
3
1
15
4
12
1
12
13
4
3
41
2
6
3
60
25
14
3
8
5
12
1
4
2
2
1
31
11
2
1
53
1
11
2
39
2
1
3
26
1
11
3
71
1
6
3
9
3
13
2
7
2
5
3
30
10
7
2
44
3
14
2
6
3
11
2
28
3
8
3
27
2
10
1
55
1
6
2
26
3
14
1
34
11
11
1
53
2
5
1
41
1
11
1
1
2
5
2
68
3
14
3
66
7
11
1
60
1
14
3
11
26
3
3
16
3
4
1
28
1
8
2
68
1
6
2
11
3
5
1
7
7
12
1
12
10
10
2
8
2
9
2
39
4
5
3
34
10
13
2
18
2
5
1
54
3
11
2
54
2
4
1
7
6
3
3
54
2
6
1
28
3
3
2
27
3
4
3
14
3
12
3
23
6
5
1
27
2
7
1
25
3
2
1
18
12
14
1
52
3
10
2
71
2
9
3
10
24
4
2
25
1
4
2
45
1
12
2
15
1
12
3
42
1
3
1
43
3
14
1
13
1
8
2
1
3
5
3
67
29
11
2
33
1
14
1
8
3
9
3
52
15
13
3
2
9
10
2
63
3
9
2
22
1
13
1
36
3
4
3
68
9
8
2
41
1
4
3
65
14
12
3
17
14
5
2
55
3
1
3
15
6
7
2
42
2
5
3
37
12
10
2
34
2
9
1
66
1
4
1
71
1
10
1
39
1
9
3
39
4
3
2
4
1
13
2
16
3
2
2
5
2
12
3
43
8
10
3
33
22
3
1
23
2
11
3
28
3
12
3
10
26
5
2
49
4
11
1
38
2
5
2
36
4
4
3
30
13
6
2
31
3
1
1
32
2
13
2
53
3
7
3
43
3
4
3
11
25
10
3
39
1
6
3
40
4
12
3
25
1
11
2
10
2
11
1
63
2
8
3
9
32
10
2
17
2
5
3
4
1
13
1
36
1
6
3
3
4
2
2
37
1
11
1
63
1
7
2
40
4
3
3
61
1
7
2
49
3
6
3
36
9
3
1
67
3
3
1
22
3
14
3
15
13
9
1
2
1
2
3
8
3
3
1
17
12
12
3
61
7
9
2
13
1
5
2
17
1
9
3
44
10
12
1
17
10
7
1
30
19
14
3
1
9
7
2
61
1
6
3
5
2
2
2
4
3
8
2
7
1
5
2
31
5
14
3
29
10
13
3
47
9
6
3
47
4
12
3
12
3
12
2
36
2
14
3
13
6
10
1
26
2
10
2
47
1
3
3
2
12
3
3
68
15
4
3
18
14
13
2
25
3
14
2
47
3
1
2
35
1
3
1
6
1
3
3
27
14
3
2
65
3
12
3
36
11
11
2
33
2
6
2
54
1
13
1
45
1
9
2
26
2
12
1
3
6
11
2
43
2
7
1
31
3
3
3
54
1
11
1
18
3
9
1
35
2
7
3
12
4
10
2
34
3
2
3
38
8
10
2
16
1
5
3
41
4
3
2
9
3
9
1
52
1
10
3
16
6
5
3
18
19
9
2
12
1
1
2
10
3
3
2
63
2
14
1
3
10
5
1
71
2
13
2
3
2
7
1
61
3
5
2
22
3
7
1
5
1
11
3
37
4
13
2
66
3
8
1
4
5
2
2
6
2
2
1
9
10
1
2
29
2
8
2
23
1
8
3
28
1
7
3
63
10
8
3
67
25
8
1
68
1
8
2
60
3
7
2
23
2
10
1
39
2
12
2
28
2
7
3
29
17
14
3
4
26
6
3
13
9
4
1
35
1
2
2
14
3
5
1
11
6
14
1
14
11
3
3
55
5
3
1
44
3
3
3
17
11
10
1
37
2
1
1
2
2
5
2
66
2
5
2
71
3
6
2
32
4
14
1
6
2
9
3
35
7
4
1
5
2
3
1
65
2
7
1
66
3
7
1
16
5
10
1
37
1
9
2
41
5
10
3
1
7
3
3
52
1
9
2
3
3
10
2
35
3
8
1
10
8
12
1
29
1
13
3
35
8
13
3
45
3
10
1
67
2
2
3
55
15
11
2
38
4
9
1
16
2
10
3
42
3
7
3
31
16
8
3
31
6
7
2
67
2
9
1
49
1
3
3
32
3
5
3
33
7
3
1
13
6
5
3
38
7
9
2
18
3
11
2
30
3
4
1
29
2
10
1
61
1
14
2
1
1
2
2
44
1
9
3
6
6
12
3
22
11
14
1
43
2
3
1
15
1
6
2
45
2
8
1
40
3
13
1
9
9
14
2
29
3
13
2
67
1
12
3
49
1
12
1
14
4
11
3
5
5
7
2
15
2
14
1
25
2
11
2
52
5
12
1
27
3
5
1
55
2
5
2
11
2
12
3
60
17
12
2
42
4
14
2
14
2
2
1
1
3
6
3
44
4
12
3
32
10
10
2
52
2
2
1
22
1
4
3
49
7
12
1
23
1
13
2
5
3
8
3
66
1
11
1
60
2
8
2
8
3
4
2
30
5
11
1
47
1
6
