1
35
2
1
3
28
2
7
2
71
2
1
2
26
3
7
3
44
8
5
1
7
3
12
3
13
2
13
1
5
2
11
1
65
2
9
3
18
25
4
1
5
1
7
2
66
1
11
1
18
6
12
2
4
2
6
2
42
4
13
3
5
1
7
2
55
1
2
3
2
11
4
1
63
2
6
2
25
3
12
1
49
1
7
3
67
14
10
2
29
2
3
2
2
2
5
1
35
3
8
1
3
4
10
3
61
10
3
1
9
7
4
2
65
2
4
1
53
1
8
3
43
7
8
2
22
1
6
2
35
2
5
2
47
2
14
3
25
5
12
3
41
4
9
3
30
13
3
3
23
16
5
3
18
13
2
3
34
6
2
2
31
5
6
3
43
4
3
1
43
1
6
2
45
4
13
1
17
3
12
1
22
3
1
1
27
1
1
2
2
3
13
2
68
3
14
2
12
1
9
3
53
8
1
3
35
7
12
2
55
2
3
2
15
3
3
2
7
1
12
3
45
1
3
2
34
1
11
2
45
1
7
3
55
6
6
1
36
3
1
1
14
8
7
3
28
8
12
3
33
5
9
2
6
1
12
2
39
2
3
3
36
5
12
1
71
1
10
1
32
3
7
2
28
3
6
1
53
2
2
1
29
2
4
3
53
3
12
2
53
2
9
1
22
1
2
3
16
1
8
3
38
5
5
3
66
6
4
1
44
1
3
3
60
13
4
2
13
2
3
3
40
5
10
2
5
1
9
1
4
6
14
2
30
4
7
3
55
3
3
2
11
2
13
2
4
3
5
1
67
2
3
2
28
1
11
1
36
2
3
2
1
3
1
2
14
2
1
1
25
3
1
2
43
2
13
1
15
1
1
1
12
4
9
1
27
3
2
2
68
2
10
2
43
3
12
3
15
8
8
1
54
2
7
1
68
1
3
2
13
3
6
2
33
3
13
1
61
3
6
1
45
1
6
1
30
13
13
1
25
2
12
3
37
6
14
3
25
4
11
1
1
3
5
2
36
5
5
1
17
10
6
1
47
1
10
1
54
3
2
1
60
2
13
2
18
1
7
1
39
1
14
3
10
22
10
2
67
1
10
2
6
2
13
3
6
4
4
3
31
6
9
3
14
15
3
3
1
8
8
3
27
8
13
2
63
1
8
1
49
2
4
1
11
9
5
1
32
7
10
3
68
3
9
2
40
4
14
3
31
8
9
1
34
6
12
1
9
3
1
3
5
4
11
3
54
1
7
1
55
1
9
3
49
3
5
3
60
4
14
2
41
5
12
2
23
3
7
2
16
1
3
3
12
6
2
1
31
16
11
2
60
3
12
2
54
1
8
2
3
3
8
2
31
2
5
3
63
2
2
2
17
2
10
3
9
27
10
2
61
3
14
1
1
2
6
3
65
11
9
3
26
5
1
3
29
7
5
1
28
2
8
1
55
2
10
3
15
13
1
1
68
2
14
1
37
2
7
2
10
1
9
3
68
6
7
2
27
1
2
1
52
1
13
1
8
9
3
3
22
1
3
1
13
1
14
1
45
2
12
1
65
1
8
3
27
13
1
3
41
1
11
1
63
1
3
1
16
2
1
3
9
23
14
1
66
2
9
3
37
4
3
1
3
1
3
2
47
4
14
1
37
1
4
2
26
1
10
3
16
8
2
2
38
5
12
2
63
3
8
1
67
3
9
3
17
11
1
2
44
4
6
1
2
7
11
2
61
1
4
2
1
2
3
2
33
1
4
3
54
2
13
3
65
9
7
1
38
3
13
1
30
6
2
3
11
19
1
1
41
3
1
1
7
4
1
1
44
3
12
3
13
6
5
2
71
3
14
2
30
1
7
2
22
3
3
3
11
16
14
2
60
2
4
2
7
2
8
3
6
2
4
1
23
1
10
2
42
3
1
2
38
4
3
3
45
5
2
1
61
1
9
2
67
2
14
1
6
2
8
2
5
3
3
2
9
3
8
2
8
2
1
2
25
1
11
1
10
1
14
2
37
4
13
3
1
9
14
3
71
2
8
3
30
17
7
1
41
2
14
3
42
2
1
3
67
13
12
1
42
1
10
3
66
9
10
2
9
2
4
2
44
1
6
2
12
3
14
3
52
5
3
1
16
1
9
2
17
1
12
2
8
1
10
2
10
3
10
1
23
2
3
3
47
3
1
3
26
9
4
1
18
8
10
1
34
10
4
3
4
6
7
1
42
2
5
1
4
8
12
2
27
2
2
2
37
2
3
1
40
2
3
3
52
4
14
1
11
7
6
3
17
8
10
3
7
2
1
1
38
1
7
2
14
1
13
1
33
5
8
1
14
2
11
1
39
3
14
3
61
11
3
3
7
3
10
3
22
4
7
1
13
8
7
2
49
1
4
2
3
1
7
2
23
2
6
3
71
1
11
2
53
3
7
1
33
6
9
3
29
19
11
3
49
6
6
1
71
3
8
2
54
2
6
3
35
5
2
3
36
14
13
1
66
1
2
1
43
2
7
2
15
1
6
1
28
3
2
2
40
1
1
1
29
3
1
3
42
4
8
2
36
3
1
3
23
6
9
2
35
1
7
3
10
10
5
3
32
9
8
3
8
19
4
2
18
3
12
2
65
1
3
3
8
10
7
1
12
3
8
2
49
2
11
3
3
5
1
3
2
4
10
3
38
12
10
2
52
6
10
3
39
10
9
2
32
2
9
3
39
6
3
1
15
4
10
3
4
11
1
2
11
3
6
3
47
1
4
1
10
7
10
2
29
1
9
1
8
16
1
1
40
3
13
3
34
3
11
2
41
3
8
1
47
3
12
2
39
3
11
2
32
3
2
2
16
2
2
3
3
7
8
3
12
2
7
3
33
6
5
1
52
2
3
2
66
2
9
1
60
1
7
1
26
2
2
3
44
4
3
2
52
5
14
1
2
3
14
3
32
11
11
1
26
1
9
3
40
1
13
3
14
16
4
1
31
15
7
1
6
1
6
2
34
2
13
3
63
10
7
