1
18
8
13
3
30
20
14
1
65
1
4
2
36
1
5
2
10
1
13
2
7
2
1
1
36
3
10
2
16
3
4
3
67
35
4
2
68
2
9
2
8
1
7
3
4
15
5
3
41
4
1
1
3
6
5
3
6
6
5
1
6
1
6
2
14
1
9
2
18
3
12
3
11
20
4
2
55
3
12
3
37
10
14
2
6
2
3
1
9
4
14
3
47
8
13
2
67
2
8
3
7
3
1
2
28
2
7
3
35
2
9
3
71
4
8
3
45
7
5
3
44
6
4
1
15
2
14
3
10
19
6
3
40
5
14
2
26
1
11
1
54
3
2
1
11
6
3
3
54
1
1
2
35
3
10
1
25
2
2
3
39
2
8
3
53
4
6
1
13
8
14
3
8
3
2
2
33
3
8
1
12
2
7
1
60
2
11
2
14
3
3
2
47
3
9
1
53
2
10
1
10
8
13
2
2
2
13
2
38
5
8
3
63
7
11
2
15
3
10
3
54
2
10
3
37
7
7
3
44
8
13
1
40
1
8
2
42
3
2
3
60
26
11
3
28
7
4
3
23
18
10
3
63
9
1
1
3
10
7
1
14
8
12
1
68
1
2
2
30
3
8
2
23
1
1
1
15
3
11
2
3
2
3
1
71
1
4
3
43
7
12
3
6
3
14
1
9
13
6
1
49
1
10
1
43
2
7
3
67
32
13
3
25
4
12
3
18
7
14
2
71
1
12
2
32
2
3
1
25
1
2
2
66
1
1
2
30
1
7
1
60
1
3
1
29
1
13
3
33
11
2
1
37
1
10
1
39
1
9
3
38
1
5
3
52
7
2
2
22
2
12
3
16
5
1
3
52
13
14
2
40
4
4
2
2
1
11
2
10
2
11
1
23
3
9
2
68
4
8
1
61
1
10
1
66
1
1
1
68
3
5
3
14
24
12
2
34
3
3
1
43
3
3
1
49
2
2
1
1
2
14
1
30
14
2
1
32
2
8
3
38
4
11
1
8
14
14
1
67
2
7
3
4
25
10
1
67
1
12
3
1
4
5
1
27
2
7
2
54
1
2
3
13
7
10
1
42
2
14
3
34
1
4
1
32
3
2
3
26
3
4
2
15
2
8
3
11
9
6
1
52
1
1
2
45
3
9
2
41
5
8
1
17
14
14
3
12
4
10
2
26
4
13
2
60
2
14
1
34
3
4
2
11
2
2
1
2
7
3
1
34
11
10
3
65
3
6
2
7
3
11
2
63
1
1
2
27
1
2
3
10
17
9
3
13
3
7
1
10
5
6
2
39
2
4
3
28
12
7
1
26
2
14
2
4
1
11
3
9
14
3
1
42
1
1
3
45
6
1
2
16
1
8
2
18
4
6
3
9
27
5
3
26
11
8
1
8
7
1
1
38
2
8
2
4
2
7
2
13
3
2
2
47
1
5
1
31
9
10
2
37
2
7
1
55
1
13
3
39
8
3
1
18
12
9
1
39
3
9
3
36
4
7
3
40
6
3
1
54
2
2
3
25
9
11
3
29
14
13
3
42
2
2
3
53
8
1
1
26
1
1
1
7
7
14
2
29
1
10
2
36
5
13
1
22
2
2
2
5
1
4
2
52
2
5
1
36
2
5
2
61
2
11
3
55
17
9
1
53
1
4
3
30
28
8
1
37
2
7
2
17
2
9
3
36
13
8
1
41
2
5
2
41
4
14
2
60
1
6
3
16
6
4
2
22
1
3
2
39
4
6
1
45
2
14
3
27
15
11
1
47
2
10
2
65
2
10
3
1
2
3
3
2
4
1
3
35
5
4
3
47
10
7
3
55
13
7
2
43
4
12
3
18
15
12
2
32
3
6
3
7
4
9
2
61
1
6
1
4
8
12
3
65
1
14
1
61
3
2
1
44
2
5
3
68
3
1
1
55
2
5
3
5
3
12
2
28
1
10
2
11
3
2
2
27
3
14
1
13
2
7
3
2
2
9
1
17
3
11
1
6
2
2
1
12
16
4
2
42
4
11
2
53
2
3
2
1
3
10
2
23
3
13
1
22
3
5
3
71
2
12
2
53
1
14
2
17
3
1
2
9
3
4
1
66
2
2
2
6
3
14
2
67
1
4
2
35
2
11
2
31
2
10
3
12
2
11
3
22
5
13
3
14
1
2
2
65
1
10
3
42
1
10
2
33
1
7
3
23
14
9
2
38
4
4
2
31
3
4
1
63
1
11
2
49
4
6
1
14
7
6
2
1
2
3
2
71
3
9
3
15
5
2
3
68
2
6
2
12
2
1
1
1
3
13
2
43
5
3
2
55
2
3
2
8
2
9
3
66
6
10
2
12
1
13
1
33
2
3
1
16
7
4
2
44
4
11
3
33
18
8
3
17
14
1
1
27
1
14
1
4
3
7
3
27
7
5
1
30
7
10
2
5
3
1
1
28
2
5
1
38
1
9
3
3
6
11
1
31
14
6
3
32
2
12
3
61
1
4
3
41
1
12
1
47
3
1
1
28
3
12
3
61
11
4
3
32
12
4
1
7
1
8
2
66
3
3
1
2
4
5
2
44
3
5
3
5
1
9
2
63
3
1
2
25
3
2
2
49
3
6
1
11
11
2
3
15
6
8
3
60
30
6
1
16
3
9
1
71
3
2
3
49
1
2
1
23
1
13
1
5
2
5
3
29
4
9
3
43
1
8
3
17
9
7
2
34
1
8
2
3
3
6
3
22
4
6
1
33
8
1
1
45
1
8
3
49
3
7
2
29
2
14
3
8
15
9
3
31
28
10
2
54
2
2
3
3
10
14
2
9
1
7
2
25
2
13
1
52
3
5
1
29
2
1
3
66
4
13
1
35
2
10
2
13
2
6
1
40
3
2
2
40
3
3
1
41
1
4
2
52
4
3
1
65
2
10
3
31
7
13
1
5
1
3
1
63
2
13
1
35
3
9
1
44
4
7
2
45
4
13
3
34
6
5
2
37
4
9
