1
41
3
5
2
40
1
11
2
9
2
7
3
2
7
5
3
38
3
8
3
41
2
4
2
41
4
6
1
31
15
3
2
8
2
12
2
5
3
14
1
47
2
5
2
32
4
14
3
32
11
1
2
11
3
7
3
15
12
5
1
15
2
11
2
54
2
13
1
25
2
9
2
40
3
8
3
43
1
14
1
39
4
2
1
41
2
1
2
28
2
12
2
60
1
10
2
16
3
1
2
8
3
5
3
8
17
6
2
14
2
10
3
43
6
5
3
12
6
12
2
27
2
9
3
34
3
2
2
5
1
7
1
63
1
10
1
25
3
14
1
23
1
5
3
68
12
6
2
38
4
5
3
7
1
1
1
29
1
9
3
66
6
11
1
27
1
6
3
33
5
6
1
15
3
12
3
30
26
11
3
13
6
9
1
3
1
4
2
67
1
14
3
44
3
8
2
42
1
10
2
18
3
6
3
35
8
5
1
13
3
1
1
28
2
13
2
28
3
7
1
4
6
12
3
36
6
2
2
15
1
11
2
34
1
10
1
14
21
7
2
43
3
12
2
45
2
5
2
22
1
10
3
37
5
1
2
38
3
4
2
66
2
12
2
9
1
1
3
53
6
12
1
67
2
4
2
44
4
10
1
35
1
9
1
40
3
1
3
8
3
5
3
61
2
3
3
29
19
10
3
10
16
11
3
13
1
13
2
33
2
5
1
6
2
9
2
27
3
3
1
60
1
7
1
5
1
6
3
17
11
8
3
7
4
2
3
27
10
2
2
1
3
10
2
4
2
13
2
23
3
1
1
5
2
1
3
29
15
8
2
29
1
5
2
7
2
7
1
26
3
7
3
22
11
12
1
42
1
10
3
4
12
7
2
36
3
4
3
41
1
13
1
31
9
6
2
11
2
4
1
45
1
10
1
66
1
9
3
18
9
9
1
18
7
5
1
1
1
9
1
55
1
2
1
22
2
4
2
1
1
11
2
25
1
10
3
63
11
9
1
23
2
7
1
68
1
4
3
27
2
1
2
30
3
3
2
47
3
5
1
11
7
11
2
61
3
10
1
55
2
12
1
38
2
3
3
28
4
12
2
35
3
11
3
60
22
13
1
66
2
1
1
18
4
4
2
39
4
5
1
54
3
8
3
49
6
1
3
6
5
12
3
63
12
10
1
36
1
1
2
43
4
9
1
38
3
8
1
12
15
5
2
35
1
8
3
42
2
12
1
43
3
9
2
52
6
3
1
39
2
12
3
33
18
11
2
34
2
4
1
60
2
2
3
1
4
5
3
28
12
12
1
16
2
4
3
26
10
3
2
3
1
7
3
15
3
11
2
12
3
10
2
25
3
5
2
39
1
6
1
61
1
5
3
47
1
12
1
53
2
5
1
27
2
12
3
45
7
6
2
3
2
13
3
12
4
14
1
2
1
4
2
63
3
4
1
30
15
8
2
18
4
10
3
42
4
8
3
31
14
11
1
11
8
4
3
22
6
12
3
23
14
12
3
68
7
9
3
54
1
11
1
35
4
13
3
71
3
10
1
7
3
11
2
16
1
12
3
1
8
9
3
30
19
10
2
49
4
10
2
65
3
6
1
32
4
14
3
14
17
6
1
34
2
7
1
30
14
11
1
14
14
4
2
7
1
5
1
40
2
7
1
17
4
11
1
8
6
9
3
3
1
3
1
37
2
11
3
4
4
7
1
44
1
12
3
60
15
7
3
47
10
8
1
13
1
2
1
45
2
8
2
10
1
14
1
49
2
3
2
29
3
14
2
60
3
5
1
37
1
4
2
13
3
10
3
17
9
11
2
2
2
6
2
33
3
9
2
65
1
13
1
6
1
14
2
44
5
7
2
12
2
6
3
37
9
5
3
16
8
13
1
26
2
10
2
71
1
10
2
71
3
13
2
53
1
7
2
2
3
1
1
36
2
6
3
55
2
13
2
10
3
13
1
54
2
14
3
6
3
2
1
32
2
4
3
54
2
1
3
67
22
4
2
37
2
4
3
34
5
12
2
23
2
6
3
65
10
9
1
10
6
11
3
67
31
7
1
53
1
10
3
31
12
13
1
68
3
10
3
61
3
14
2
22
2
14
1
52
2
4
2
37
4
1
1
16
5
6
3
53
3
8
1
34
9
11
3
14
4
12
1
3
11
11
1
71
3
3
2
6
2
10
3
39
8
7
1
17
5
10
1
29
3
1
1
8
1
6
2
55
3
12
2
17
3
4
1
65
2
11
3
10
11
2
2
53
2
6
2
41
2
2
1
71
1
11
1
49
1
4
1
2
7
4
3
18
8
12
1
33
7
2
3
52
14
14
2
36
2
11
1
9
10
12
2
55
1
2
2
68
1
7
3
25
6
7
3
11
10
14
1
61
2
2
3
52
3
14
1
9
12
8
2
15
3
11
3
16
3
8
2
30
1
9
1
52
1
7
2
63
2
8
2
31
3
11
2
45
3
7
3
26
9
4
2
47
4
1
2
6
1
1
2
49
2
13
3
39
2
6
3
40
6
9
2
54
1
3
2
26
1
8
2
42
4
8
1
43
2
7
3
36
7
3
2
17
1
4
3
38
6
7
1
22
3
7
3
66
7
9
1
10
2
8
2
13
2
13
2
67
2
6
3
44
7
5
2
14
3
4
1
33
5
14
3
32
6
13
3
3
6
5
3
2
9
2
3
9
1
12
2
52
3
13
3
71
2
4
3
55
7
2
3
5
4
4
3
11
25
9
3
23
8
6
1
1
3
7
2
68
4
8
1
63
2
1
1
42
2
10
3
49
7
6
3
9
12
2
3
45
3
2
2
66
3
2
1
4
2
5
3
65
9
1
1
44
2
4
1
65
1
13
2
31
5
8
3
5
1
6
1
12
17
4
1
67
3
1
1
28
3
2
2
26
3
7
2
32
1
3
2
61
1
5
3
35
5
11
3
25
8
6
2
4
1
5
3
40
4
14
1
7
7
13
1
47
1
13
