1
35
4
8
1
13
5
1
2
47
2
11
2
7
3
14
3
55
7
4
1
32
6
7
3
35
8
2
3
66
6
9
2
52
5
2
2
53
1
2
2
11
2
4
1
8
15
2
1
30
13
7
1
37
2
7
1
6
1
1
1
6
2
2
2
15
3
6
3
35
5
5
2
37
4
9
1
26
2
1
3
12
3
13
1
10
2
9
1
63
1
8
2
35
2
7
1
55
2
5
3
17
4
6
2
45
2
9
3
11
10
11
2
7
2
9
1
18
2
5
1
29
3
7
2
18
3
7
1
25
2
7
3
22
1
6
3
61
8
7
3
26
2
11
1
16
5
8
2
68
2
14
1
5
1
6
2
41
4
6
2
28
3
6
2
52
4
5
3
44
1
13
1
40
1
9
3
55
8
9
2
22
1
9
3
43
4
1
1
38
3
1
1
14
10
5
1
71
3
3
3
60
29
2
3
33
13
2
3
31
30
14
3
33
21
5
2
13
2
5
3
44
5
2
2
23
1
9
3
39
1
1
3
8
10
1
2
6
2
5
1
18
5
12
1
45
2
1
1
49
2
7
1
32
5
9
2
36
2
14
2
29
2
3
3
67
24
12
3
8
20
8
1
4
6
7
1
9
8
1
1
65
1
13
3
68
3
13
1
40
2
4
1
26
1
13
1
7
3
1
3
54
2
14
2
29
3
2
2
9
3
11
3
30
27
10
1
43
1
7
2
40
1
4
2
68
4
3
1
36
3
1
1
39
2
8
1
43
3
10
1
33
4
14
2
71
1
10
1
1
3
11
2
38
1
7
1
61
2
2
3
71
3
5
3
53
7
2
3
42
4
7
3
3
6
11
1
38
1
12
3
47
7
2
3
23
3
1
2
60
4
7
1
17
2
8
1
31
13
5
3
10
10
11
3
10
11
6
1
7
9
11
2
65
4
4
2
17
2
6
3
29
15
6
3
2
6
5
3
60
16
6
1
23
1
13
2
65
3
1
3
13
8
1
2
39
4
8
1
28
3
6
3
14
5
8
2
14
1
2
2
27
1
11
3
18
23
6
1
67
2
7
3
37
4
4
3
1
3
10
3
49
5
8
3
42
1
14
1
63
2
14
3
31
24
9
3
66
7
10
3
38
12
10
3
45
5
6
2
43
3
2
3
18
10
14
3
29
6
1
1
30
14
3
2
45
1
7
3
27
4
7
1
16
4
5
3
52
1
2
3
61
2
13
3
6
4
14
3
65
13
4
1
45
1
5
2
41
3
1
3
40
2
9
1
23
2
7
3
37
3
6
2
66
1
4
2
10
3
6
2
17
3
8
3
9
10
7
1
35
3
5
3
9
15
6
2
55
2
8
1
52
1
4
2
5
2
4
1
47
2
13
3
1
9
7
3
28
13
4
2
12
3
7
1
61
3
10
3
36
5
6
3
53
8
3
3
25
2
2
2
54
1
8
2
36
4
11
2
33
2
14
1
53
1
14
2
61
3
6
1
14
17
13
2
27
3
5
1
31
16
8
2
49
2
2
3
3
5
2
1
28
1
1
1
3
6
3
3
32
1
13
2
67
2
1
1
67
1
10
1
25
3
1
1
44
4
3
2
44
3
2
3
13
1
11
1
55
1
1
3
38
9
9
1
2
7
3
2
4
3
3
3
40
5
13
2
47
4
14
2
31
2
6
3
4
12
9
3
65
7
14
1
27
2
14
2
4
2
1
1
36
1
2
3
34
5
5
1
12
9
2
1
22
1
12
1
44
3
10
2
30
5
14
3
45
6
8
1
5
2
7
2
1
1
7
2
2
2
13
3
23
15
12
3
7
2
1
3
63
3
2
1
13
1
11
2
15
1
10
2
28
2
2
2
22
3
2
3
71
2
10
2
9
1
8
1
12
10
4
1
9
10
10
3
5
3
3
1
68
1
3
2
32
4
5
3
16
3
2
2
38
5
3
1
15
3
10
1
41
2
5
2
71
3
14
1
11
10
7
3
34
1
12
3
68
13
7
2
16
2
7
3
25
4
11
2
16
3
1
3
43
3
2
1
37
1
3
2
66
2
5
1
39
4
4
2
3
2
14
2
34
1
5
2
3
3
14
3
28
11
2
2
14
2
11
2
43
4
9
1
47
1
11
2
54
2
10
2
25
1
4
1
71
1
8
3
39
8
7
3
2
10
7
1
22
3
3
2
32
2
6
1
52
2
1
2
26
3
11
2
5
3
4
1
60
1
13
1
53
2
1
1
8
8
2
3
41
4
9
1
42
1
12
1
2
5
14
2
53
2
5
2
26
1
14
3
36
15
14
2
8
2
8
2
8
3
9
2
63
3
3
2
49
3
9
1
34
7
1
3
41
2
8
2
39
1
14
3
4
5
13
3
63
2
14
2
2
3
4
1
11
9
10
3
16
5
14
3
7
5
10
1
66
1
7
3
11
5
12
2
37
2
5
2
67
1
12
2
25
2
8
2
61
2
3
1
65
2
8
3
27
1
10
2
44
1
14
2
60
1
11
2
42
3
11
1
54
1
8
3
67
38
2
3
26
7
11
3
17
5
5
3
12
4
9
2
1
2
6
2
23
3
2
3
6
6
6
1
49
1
8
2
63
2
14
2
6
3
13
1
17
6
12
2
35
1
14
1
1
1
14
2
30
4
2
1
15
5
9
1
4
5
5
3
15
11
5
1
68
2
14
2
11
1
3
2
55
1
10
2
12
2
9
1
33
6
9
2
42
2
8
1
34
11
9
2
13
3
9
1
54
2
3
1
60
2
11
1
27
3
9
2
33
3
3
2
10
1
6
3
22
8
10
2
40
3
8
2
31
4
10
1
29
2
13
3
47
2
7
1
10
4
5
1
42
2
9
3
14
17
14
1
41
3
11
3
30
18
9
3
15
3
9
3
5
1
11
2
34
3
14
3
54
1
11
2
18
1
3
3
32
4
6
3
49
3
4
1
3
5
7
3
52
4
4
1
66
2
7
