1
2
5
6
1
13
6
6
1
33
4
10
3
43
1
2
2
23
2
2
1
53
2
11
3
6
1
2
1
45
2
14
1
37
2
12
3
14
23
8
3
38
3
3
3
66
9
9
2
34
2
11
1
66
3
14
3
47
8
5
2
52
6
7
1
63
1
13
2
41
2
8
3
52
12
6
2
25
1
4
3
31
27
14
3
28
10
9
1
29
2
14
1
39
3
6
1
22
2
13
2
9
1
12
1
4
3
9
3
34
6
11
1
17
6
9
3
41
4
10
2
11
3
11
1
27
3
2
3
54
1
6
3
23
5
1
1
12
12
11
2
47
2
3
3
33
18
9
1
30
18
6
1
14
7
9
3
2
1
3
1
16
5
8
3
49
3
9
2
65
2
3
1
14
2
2
3
23
14
11
2
45
3
13
1
43
2
2
2
60
3
7
3
36
6
3
1
65
2
14
3
67
5
7
3
35
6
10
1
55
1
13
3
22
3
6
3
36
11
6
2
25
2
10
2
71
1
3
1
52
1
11
3
2
4
4
1
35
1
5
3
38
11
2
3
12
5
8
2
55
2
12
1
63
2
11
1
3
2
9
3
4
14
12
1
32
2
8
2
29
2
6
2
15
2
14
1
7
8
14
1
67
3
5
1
12
16
4
1
71
1
5
3
53
7
11
2
14
2
6
1
34
2
14
1
35
4
10
2
29
1
7
1
42
2
12
1
3
4
6
2
3
2
5
3
15
9
1
2
11
1
11
3
55
2
12
3
1
7
5
2
65
4
7
1
44
1
6
2
68
1
14
2
1
1
9
3
1
3
2
2
27
3
6
3
18
9
9
3
14
19
5
3
26
7
6
1
10
3
3
3
63
6
11
3
17
13
9
3
9
5
4
2
28
1
12
2
55
3
12
3
65
12
3
1
9
13
6
2
23
1
9
1
6
1
1
3
3
9
6
2
9
2
7
1
34
11
10
1
45
1
9
1
36
3
6
3
10
20
5
2
63
1
7
3
7
1
14
1
31
7
11
3
44
2
1
2
35
3
13
3
37
6
11
1
16
6
13
2
30
2
13
2
44
4
11
3
43
3
10
2
14
1
4
1
8
9
9
2
39
1
10
1
66
2
7
2
27
2
4
1
23
2
6
1
25
3
1
1
11
9
7
1
6
2
5
2
40
4
3
1
13
9
14
2
66
3
6
1
36
1
1
3
40
5
12
1
40
1
2
2
37
1
11
2
13
2
2
3
32
4
11
1
28
3
2
3
44
9
13
1
44
4
13
2
18
1
6
2
38
1
14
3
32
12
1
1
1
2
7
1
30
19
13
2
41
5
11
3
4
24
14
3
29
3
7
2
66
1
5
2
26
3
4
1
52
2
4
3
12
1
1
2
32
1
4
3
39
8
3
2
3
3
1
2
54
1
12
3
15
15
10
1
5
1
11
1
68
1
14
3
45
6
10
2
31
4
12
2
36
3
5
2
8
2
7
2
53
3
14
2
40
2
9
1
55
2
13
1
40
3
4
3
60
18
13
1
1
3
7
3
11
23
10
3
67
3
2
3
49
8
6
2
52
5
8
3
5
4
9
1
53
1
3
2
26
2
4
3
25
3
3
2
10
3
13
1
15
3
6
2
43
3
5
2
6
2
5
2
22
2
1
2
35
2
14
1
4
4
2
2
38
4
10
3
22
4
8
1
29
3
3
1
67
1
13
3
68
14
8
2
34
1
3
2
5
2
14
2
45
1
10
2
71
2
11
2
17
1
7
1
41
2
13
2
67
2
5
2
17
2
6
1
11
8
4
3
55
4
4
3
16
1
8
1
31
12
13
1
2
6
2
2
31
1
5
2
2
1
3
1
68
2
10
1
18
12
9
2
13
1
10
1
61
3
8
1
32
6
4
2
8
3
7
3
5
3
11
3
30
27
6
3
63
8
6
1
37
1
5
2
39
4
5
2
30
4
11
1
43
1
12
1
23
1
13
3
27
11
7
3
54
2
11
3
30
5
8
2
32
2
13
1
17
9
14
2
2
3
13
3
31
14
1
3
61
1
3
2
16
1
13
3
11
13
9
3
47
3
10
2
37
2
14
2
4
3
12
2
47
3
9
2
5
1
9
3
25
5
14
1
25
1
7
2
54
2
8
1
49
1
7
3
39
3
3
3
71
2
8
1
71
2
12
2
16
2
6
3
13
7
9
2
10
1
4
2
7
1
13
1
10
8
7
3
13
9
14
3
71
4
9
3
37
2
2
1
22
3
10
1
26
1
2
1
47
1
2
2
15
1
2
3
68
9
10
1
38
2
8
2
60
1
1
3
45
1
1
1
9
9
12
2
12
2
5
2
49
4
13
3
29
11
9
3
27
17
14
2
61
3
14
1
54
2
10
3
65
19
11
3
8
17
6
1
15
5
1
3
40
1
11
3
60
11
4
3
42
1
11
3
53
1
10
1
39
2
12
3
33
6
3
2
63
3
14
2
28
3
10
3
6
4
10
3
61
6
1
2
44
1
7
2
7
3
7
1
27
1
11
1
41
1
2
2
33
3
9
2
68
3
2
2
36
5
14
1
61
2
14
1
7
5
9
1
65
1
4
2
49
1
4
3
66
8
13
3
42
2
1
2
67
1
7
3
34
2
2
1
38
1
14
3
16
7
13
1
5
2
11
1
60
1
11
2
43
2
14
2
18
4
3
3
3
3
4
1
42
1
4
1
28
2
3
2
22
1
7
3
41
3
9
1
8
4
12
2
61
1
12
3
10
6
2
1
33
6
4
3
8
20
5
3
7
2
2
1
49
2
7
2
53
2
13
3
35
3
12
2
12
1
14
2
33
2
3
1
54
1
9
3
17
9
2
1
26
3
13
2
6
1
1
2
42
3
5
1
18
9
11
3
18
17
4
2
42
2
6
2
4
1
13
3
52
4
4
3
28
5
14
2
1
3
11
1
47
2
3
1
60
2
13
3
9
21
14
3
26
9
10
