3
35
5
2
2
14
1
10
3
63
11
2
3
11
14
10
3
60
15
13
1
63
1
12
1
34
10
3
1
25
2
1
2
26
2
2
3
63
12
3
2
4
1
13
3
36
10
8
1
11
1
12
1
49
2
14
3
49
1
10
2
5
3
5
1
1
3
11
3
5
2
12
2
30
1
3
1
11
12
13
2
53
2
10
3
8
14
5
1
32
1
7
3
31
15
8
3
37
9
7
3
41
3
10
1
43
1
12
1
38
3
5
1
29
3
1
3
3
4
6
2
71
3
12
1
67
2
7
2
17
1
13
1
14
3
9
2
15
2
5
2
16
3
10
1
1
1
13
2
68
1
10
3
27
15
8
3
53
4
3
1
68
3
12
1
65
1
5
1
68
1
10
1
18
13
13
1
39
1
2
1
5
1
9
2
22
3
12
3
54
2
13
1
41
1
10
3
43
8
8
1
34
5
12
2
31
5
9
2
13
3
5
2
44
4
4
1
63
2
9
2
66
2
12
3
18
20
5
3
44
4
11
2
31
4
13
3
6
1
6
2
32
1
8
3
9
31
10
2
14
2
11
2
30
2
14
2
3
1
9
1
31
15
12
1
61
1
4
3
22
3
7
2
65
2
4
1
66
2
6
1
55
2
1
2
63
2
4
3
30
12
7
1
33
5
5
1
13
2
2
1
30
12
11
3
1
6
4
1
22
1
1
3
4
12
12
1
14
20
7
2
1
3
10
2
35
3
5
3
65
10
4
3
14
10
14
3
40
3
1
2
12
1
2
3
22
7
7
1
42
1
9
1
67
1
3
3
34
2
11
3
12
4
9
1
16
4
9
3
26
5
12
1
6
1
7
2
37
2
12
1
27
3
3
3
3
7
11
1
26
2
8
1
16
5
12
1
60
1
6
2
49
1
10
3
5
1
14
2
4
3
4
3
43
5
3
3
68
16
4
2
36
1
5
1
44
2
3
1
2
4
14
2
6
2
12
2
47
3
14
1
61
2
9
2
12
3
5
2
67
2
5
3
15
7
7
1
9
3
3
1
60
2
8
3
26
9
7
1
71
2
12
2
23
2
14
3
47
10
12
2
52
4
6
1
65
2
9
3
66
4
1
3
45
7
13
1
35
4
9
1
54
3
4
2
54
1
2
3
33
3
11
2
49
2
9
1
7
10
11
2
9
3
11
2
63
1
10
1
71
1
9
1
38
2
3
3
28
15
4
3
65
1
14
2
33
2
11
3
54
1
9
1
28
2
2
3
38
5
4
1
4
2
9
1
42
2
3
3
2
2
5
1
23
2
11
3
60
28
9
3
42
4
1
3
40
4
10
1
31
14
11
3
61
3
9
1
18
10
4
2
25
1
14
1
3
9
6
1
3
7
3
3
38
6
13
1
43
3
5
3
53
3
12
3
37
12
6
3
16
4
9
2
41
2
7
3
18
22
2
2
44
5
14
1
39
2
10
2
41
3
2
2
18
4
10
1
35
2
12
2
26
1
2
1
30
2
6
1
10
7
1
3
10
4
6
2
52
3
1
2
27
1
2
1
17
10
9
2
7
3
8
3
66
1
13
1
47
3
11
2
11
2
1
2
18
2
1
2
61
3
1
2
32
3
9
3
49
5
5
1
45
1
3
3
32
12
10
2
47
2
10
3
9
26
13
3
13
8
13
2
29
3
3
2
27
2
9
1
8
6
8
2
1
2
7
1
6
2
14
3
61
5
4
2
60
2
3
1
7
3
3
2
8
2
3
3
28
11
6
2
61
1
13
2
37
1
2
2
22
1
7
1
15
2
10
2
15
1
12
2
28
1
3
2
68
4
5
3
67
27
4
2
34
2
4
2
43
5
8
3
14
2
4
1
26
1
5
3
35
6
1
2
23
1
4
2
55
1
11
3
6
6
13
2
25
3
2
1
37
2
12
3
39
9
4
1
66
1
3
2
45
1
2
2
55
3
10
3
7
3
8
3
23
2
10
1
4
4
2
3
10
1
13
3
25
4
7
2
39
2
5
2
11
3
13
2
16
1
9
3
25
7
10
1
17
15
6
2
6
3
7
1
28
3
4
3
44
1
10
2
2
1
1
2
3
2
4
2
33
1
10
3
42
1
11
1
54
2
12
3
52
9
10
2
10
3
1
1
13
3
8
2
43
1
2
1
52
1
1
3
47
1
14
2
7
2
2
1
36
2
2
3
4
23
3
2
40
3
10
2
5
2
14
2
29
1
8
1
44
3
8
3
68
14
6
1
47
2
5
2
40
1
14
1
25
1
8
2
35
2
10
3
15
15
10
3
45
4
8
1
29
2
3
3
71
4
11
3
16
1
7
1
15
5
12
3
55
2
4
1
12
18
8
1
45
2
1
1
33
6
3
3
71
5
7
3
27
7
10
1
49
1
14
3
8
2
10
1
32
4
1
2
2
3
14
1
5
2
1
2
8
1
10
2
53
3
8
1
8
14
11
3
39
8
3
2
36
5
2
3
17
6
9
1
12
14
8
1
40
3
7
2
38
3
10
3
31
30
4
3
32
10
5
3
7
4
10
3
41
1
7
3
12
1
10
2
39
3
7
3
55
15
3
1
2
5
8
1
10
1
7
2
42
2
8
3
30
16
4
3
29
3
6
3
36
6
2
1
41
3
13
1
36
1
13
2
28
3
1
3
67
16
12
3
23
8
9
1
53
2
11
3
11
5
8
2
60
3
7
3
1
10
1
1
22
3
7
2
71
2
6
2
67
1
13
1
23
3
2
3
17
15
1
1
37
1
1
2
10
2
11
3
13
5
5
1
52
3
10
3
33
20
10
3
34
8
14
1
40
1
13
1
55
1
7
2
54
2
11
3
2
11
3
2
34
3
1
1
9
14
11
1
27
2
2
2
45
4
12
2
9
2
13
2
38
2
4
3
29
17
12
1
53
1
9
3
52
10
10
2
66
3
4
2
65
3
3
2
17
3
1
2
13
1
10
2
42
1
14
