2
61
1
7
2
38
3
6
2
36
3
7
3
6
5
4
1
47
2
1
3
3
10
1
3
34
2
1
3
53
7
11
1
33
1
9
2
41
4
9
1
23
2
5
1
37
2
8
2
45
3
13
1
25
2
4
1
71
1
9
2
55
2
12
1
55
1
3
3
41
4
4
1
29
1
14
2
38
2
14
3
67
7
8
3
53
5
10
1
34
9
4
3
10
2
5
2
15
1
3
2
42
1
13
2
54
1
14
1
31
7
7
1
44
4
2
1
13
3
4
2
40
4
5
2
3
2
7
3
35
1
1
2
18
2
7
3
28
6
1
3
47
8
14
3
65
1
10
3
29
2
10
3
37
11
1
3
9
6
14
3
30
24
3
1
4
5
6
1
65
2
10
2
25
1
1
1
11
11
4
1
33
3
10
3
33
19
10
1
9
5
6
2
33
2
9
2
27
3
5
3
66
4
2
3
52
9
5
3
32
8
7
3
14
22
2
3
9
21
7
3
30
28
6
2
40
3
7
2
41
2
6
1
53
1
11
2
10
1
5
2
1
1
2
2
13
2
3
2
31
3
7
3
8
14
3
3
23
16
10
3
38
9
5
2
34
1
12
1
52
3
8
2
28
1
11
2
37
4
1
1
61
3
6
3
16
8
3
1
39
4
12
2
39
1
3
1
38
2
14
3
52
2
7
1
35
1
14
3
29
12
1
2
52
2
4
2
49
2
7
2
7
2
12
3
3
2
7
3
16
6
6
1
17
11
5
2
29
3
9
3
23
14
3
2
22
2
2
3
55
4
13
1
67
2
10
3
66
8
7
3
15
12
4
1
1
3
13
2
34
3
7
1
13
2
9
1
6
2
12
3
39
9
12
3
12
3
3
2
5
3
7
1
42
2
13
3
1
2
1
2
14
1
5
2
55
3
2
1
18
6
1
2
12
3
14
1
65
1
2
3
6
4
5
2
5
1
7
2
4
3
6
2
52
3
7
3
25
1
12
2
16
1
11
3
18
20
1
2
6
3
13
1
60
1
1
1
40
1
3
3
12
5
4
1
40
2
11
2
1
2
10
1
29
3
13
3
15
1
14
2
60
4
11
3
44
7
8
3
36
10
6
1
5
1
13
1
54
3
8
1
2
3
2
2
65
1
1
3
36
4
10
1
61
1
13
1
11
2
11
2
42
3
3
3
7
5
4
2
68
2
8
1
15
3
10
2
30
4
8
3
41
2
6
2
31
5
6
3
63
11
5
3
44
3
7
3
17
3
13
2
4
2
1
2
67
1
5
1
52
2
13
1
53
2
6
1
45
2
1
2
44
2
11
1
9
8
3
1
39
2
9
2
7
3
13
2
47
1
14
3
8
16
1
3
49
4
10
2
2
3
1
3
4
24
2
1
66
2
11
2
9
1
10
3
34
9
5
2
66
2
14
2
35
2
6
2
6
1
11
2
71
2
14
3
38
10
10
1
27
1
14
1
36
3
9
2
36
1
11
1
12
6
14
2
18
3
1
1
49
2
9
3
13
6
2
3
54
1
3
3
65
10
8
1
42
1
5
2
22
3
5
3
71
5
1
2
11
3
2
2
53
1
4
1
47
3
6
3
26
8
7
1
16
3
8
3
40
5
6
3
17
5
7
3
1
1
7
1
43
2
12
3
67
38
9
2
17
1
10
2
43
5
12
1
34
1
3
2
29
1
9
1
26
1
7
1
10
5
8
1
66
1
2
3
11
3
10
2
12
2
3
1
12
9
9
1
71
2
2
1
49
1
12
1
27
2
7
2
13
1
13
2
68
4
11
2
17
2
10
1
3
3
5
3
5
2
11
2
43
2
1
2
16
3
10
1
22
1
8
2
44
1
5
2
28
2
5
3
55
3
8
1
6
1
11
3
2
11
4
1
68
3
9
1
38
1
3
3
22
2
11
2
32
3
7
1
8
4
3
3
4
26
7
1
16
4
12
1
30
2
6
1
8
5
2
2
61
3
14
1
30
1
10
3
45
3
9
3
18
25
3
1
32
4
8
1
45
1
1
3
68
1
14
3
63
9
7
1
10
2
12
2
60
2
7
2
10
3
8
1
28
1
1
3
47
7
5
1
68
2
5
1
55
2
2
3
11
10
6
2
8
2
2
1
43
3
8
3
27
11
2
1
25
3
3
3
14
12
8
2
26
1
3
1
2
1
11
3
31
27
5
2
11
2
4
3
61
4
8
2
25
2
3
1
32
1
8
2
2
2
6
2
63
1
6
2
45
4
12
3
43
8
8
3
61
2
14
1
7
4
10
2
37
3
6
2
67
2
13
3
42
1
5
1
14
16
4
1
44
2
11
2
54
2
10
2
26
4
5
1
41
2
4
3
5
3
1
2
65
4
1
3
22
7
10
3
54
2
9
3
35
4
2
2
23
2
10
2
66
3
4
3
10
19
12
1
31
17
11
2
27
1
3
3
71
3
6
1
36
1
13
2
53
3
1
2
39
2
13
1
63
1
14
1
5
2
6
1
23
3
14
3
2
7
6
1
54
2
8
2
49
3
5
3
42
3
1
1
15
1
9
3
39
8
9
1
63
2
2
3
32
5
12
2
35
3
14
3
49
1
1
1
35
4
10
1
18
12
7
1
17
4
10
3
60
20
1
1
4
2
11
2
30
3
8
2
32
4
4
2
8
1
12
2
14
3
7
2
33
3
6
3
26
7
10
3
28
3
3
3
45
4
6
2
47
3
12
3
43
4
8
3
31
28
4
3
27
2
7
2
3
3
5
3
68
5
11
3
33
1
4
1
28
2
1
2
23
1
10
1
41
3
6
3
25
8
7
3
60
28
2
1
22
3
12
1
37
1
2
1
14
21
9
1
60
2
7
2
9
3
12
3
13
9
5
3
37
3
6
2
63
3
2
2
15
3
1
1
26
2
13
3
40
4
10
1
7
2
14
3
7
4
1
1
1
1
1
1
3
10
6
2
71
3
7
1
67
1
14
