1
44
1
13
1
12
16
4
3
18
8
11
1
3
4
4
2
45
1
6
2
12
3
8
1
66
3
4
3
15
5
8
2
54
2
10
2
49
2
11
3
15
14
10
3
35
7
5
3
39
2
10
2
67
2
4
1
71
2
1
3
27
6
10
1
40
2
2
1
17
8
8
1
63
2
4
2
43
2
11
1
42
1
13
2
7
3
1
1
68
3
14
1
30
8
4
3
26
12
10
2
9
1
8
2
53
2
7
3
4
26
3
1
65
2
3
2
6
2
10
1
23
2
11
2
10
2
13
2
14
3
6
2
29
3
5
2
10
3
5
1
39
4
10
2
71
1
4
1
44
4
8
1
34
1
10
3
45
6
14
3
7
3
1
3
33
1
10
2
18
1
5
1
22
2
10
1
54
1
1
2
18
4
3
1
29
2
13
2
53
3
9
3
4
22
9
2
35
3
8
3
26
11
11
2
17
2
13
2
66
1
3
2
31
5
1
2
52
5
8
1
47
2
5
3
61
10
2
3
71
5
8
1
35
3
9
3
28
5
7
3
52
7
13
3
68
3
11
1
22
1
2
1
7
2
11
3
5
4
10
3
30
28
5
2
31
2
8
1
66
2
2
1
2
5
11
1
35
1
6
3
25
2
12
1
28
2
13
2
44
1
12
1
13
6
4
3
29
7
10
2
55
1
9
2
16
2
7
2
42
2
7
1
37
2
2
1
1
3
11
1
36
3
2
1
71
3
9
1
47
3
9
3
53
5
7
3
9
27
9
2
7
1
11
3
11
11
3
2
47
4
14
2
54
1
12
1
13
8
8
3
32
11
7
2
42
3
7
3
40
2
13
3
47
5
5
1
8
8
3
3
45
7
5
3
17
3
11
3
30
23
8
2
15
1
3
1
67
1
13
3
38
10
13
3
22
9
6
3
1
3
6
2
47
3
3
1
26
2
3
3
2
6
6
1
5
2
5
1
15
3
11
1
6
1
3
2
23
1
12
2
22
2
6
3
38
8
10
2
45
2
1
1
5
1
2
2
5
2
3
1
1
1
14
3
67
34
13
2
39
2
13
3
39
1
9
1
18
5
2
2
3
2
11
2
8
2
9
2
4
1
8
2
6
3
7
3
17
5
8
2
60
2
13
3
27
13
13
1
49
2
5
3
63
9
2
2
34
3
5
3
6
2
14
1
14
11
7
3
3
6
14
1
2
3
11
3
36
13
4
1
30
6
4
2
68
3
1
2
5
3
5
2
36
1
1
3
65
11
12
3
37
8
14
3
54
1
2
1
49
1
6
2
27
3
5
1
61
2
5
2
33
1
8
3
40
6
7
1
63
1
14
3
41
3
14
1
53
1
10
1
31
16
3
1
10
4
9
2
41
3
12
3
1
5
9
3
14
24
14
2
4
2
3
3
61
3
5
3
36
9
9
1
23
1
8
1
61
1
8
2
15
2
14
2
16
1
8
1
38
3
8
3
47
6
3
3
28
1
3
1
32
5
2
1
28
3
12
3
7
1
11
1
43
3
6
1
45
1
3
2
22
3
9
3
43
8
4
2
11
3
6
2
63
1
4
1
27
1
6
1
31
14
8
2
28
1
9
2
66
3
12
1
60
1
5
1
7
5
10
3
60
19
6
3
18
20
12
3
33
19
5
3
43
6
5
1
8
15
7
2
2
1
5
3
54
2
3
1
16
7
9
3
65
18
11
1
33
5
11
2
9
3
13
1
45
2
11
2
49
1
13
1
39
2
4
3
13
9
3
3
42
2
8
1
54
2
1
1
67
2
1
2
23
2
6
3
41
4
7
1
11
3
12
1
33
2
2
3
34
5
8
3
60
10
10
1
52
3
8
1
65
1
8
3
49
2
2
3
29
15
7
3
32
12
5
3
23
4
13
1
60
2
2
2
55
3
5
2
17
1
4
1
29
3
13
1
6
2
3
2
27
2
13
3
44
2
3
2
25
1
3
2
25
3
5
3
22
7
14
2
14
1
10
3
67
5
12
3
71
1
7
2
33
2
9
1
41
2
10
1
42
2
4
3
35
8
5
1
3
3
10
3
8
6
12
3
16
8
11
1
53
2
10
1
18
12
5
1
38
1
6
1
34
10
2
2
13
1
14
2
8
3
7
1
4
7
1
2
52
7
9
3
49
7
4
3
42
1
3
3
12
5
13
1
37
1
2
1
41
3
6
2
12
2
1
2
11
1
1
1
25
3
1
2
28
2
12
2
1
1
13
2
61
1
11
3
16
2
5
2
32
2
4
1
17
4
13
3
55
4
8
1
36
1
4
3
37
6
7
2
36
4
10
1
32
6
7
2
71
3
8
1
12
9
12
3
11
8
6
3
66
3
3
3
23
13
3
2
3
1
5
1
10
1
2
3
34
3
9
1
55
2
2
2
37
1
4
1
14
14
13
3
52
9
1
3
66
2
6
1
9
3
3
2
40
4
13
1
16
6
8
2
32
4
7
1
68
2
1
3
55
1
7
2
60
4
12
1
15
2
2
2
35
1
1
3
44
9
11
2
38
4
2
3
9
18
14
3
10
18
11
1
40
3
10
3
6
1
3
2
1
2
12
2
65
2
3
2
26
1
8
2
44
2
4
3
53
7
4
1
43
1
3
1
11
9
3
1
9
9
13
1
27
3
3
2
30
1
9
2
30
2
4
2
67
1
13
2
63
3
13
2
13
2
8
1
25
1
9
1
4
5
7
2
34
2
13
2
29
1
3
3
10
26
8
2
65
3
10
1
52
2
8
3
2
9
3
3
25
4
4
1
55
1
10
2
40
3
12
3
5
2
14
2
26
3
8
2
2
3
8
2
43
1
10
3
68
9
10
3
63
10
13
2
39
1
14
3
14
25
5
2
41
4
14
3
13
4
7
2
37
4
10
3
8
7
3
2
61
3
5
2
38
2
1
2
68
2
9
3
12
3
11
3
31
30
2
3
3
2
6
3
31
19
2
1
26
1
7
