1
49
1
12
2
39
4
10
2
26
4
1
1
12
5
2
3
10
22
14
2
4
1
2
1
42
2
9
2
41
4
3
1
3
4
12
1
6
2
6
1
33
4
8
1
35
4
14
2
23
2
5
2
53
2
14
3
9
5
6
2
67
2
10
3
4
1
14
1
34
5
3
2
54
2
2
1
34
2
11
2
71
1
9
3
32
10
12
1
68
3
8
3
44
9
3
2
44
4
1
3
68
16
7
3
53
2
13
3
9
29
11
1
43
1
4
1
40
2
6
1
33
1
14
3
27
3
2
3
71
1
6
3
23
11
10
1
39
2
13
3
60
23
13
1
37
1
8
2
53
1
7
2
68
3
2
3
27
5
2
2
67
1
7
2
63
1
11
3
49
3
9
3
37
8
10
2
8
3
1
1
54
1
3
2
31
3
6
2
66
3
3
3
16
1
8
3
6
3
7
1
5
2
12
3
3
5
4
3
2
4
4
2
63
2
11
2
45
3
7
2
2
1
3
2
22
3
12
2
10
3
1
3
13
8
9
3
68
1
14
2
18
1
7
1
27
1
3
1
4
4
7
3
40
6
5
1
8
12
7
2
35
1
4
3
26
1
4
2
49
2
1
1
38
3
11
3
14
15
14
1
37
2
10
2
14
1
11
2
15
2
9
1
63
2
7
3
17
5
11
2
34
2
4
3
15
11
12
2
60
2
2
3
44
7
1
2
25
1
9
3
34
9
9
1
31
4
7
3
63
2
5
2
33
3
9
1
17
3
2
3
29
10
5
1
25
1
3
3
39
2
13
3
16
7
14
3
3
10
11
3
7
3
13
2
47
3
13
3
22
6
7
2
2
3
13
1
67
2
8
1
36
3
2
2
11
2
8
1
36
2
10
3
60
19
8
3
31
25
3
3
49
4
7
2
33
1
3
1
53
1
5
1
26
1
4
2
30
2
6
3
54
1
8
1
11
3
9
1
14
19
4
3
38
8
11
3
66
5
10
2
1
1
8
3
41
4
8
2
38
4
13
1
9
2
2
2
12
3
11
2
3
2
4
2
13
3
7
1
18
5
12
1
39
4
7
2
32
1
11
1
1
3
11
1
1
1
10
3
28
10
10
1
25
2
5
3
5
5
13
2
9
2
9
1
15
3
3
3
42
4
6
2
45
1
2
3
31
5
3
2
36
1
13
1
40
1
5
2
16
1
11
1
15
2
11
1
47
1
10
1
32
6
12
2
5
1
4
2
15
1
3
1
67
1
13
1
32
3
2
1
41
1
12
2
11
3
12
2
1
3
2
2
43
2
13
3
63
5
12
3
39
5
10
2
43
1
9
2
61
3
7
2
12
2
12
3
30
10
3
3
55
9
8
2
25
3
9
1
41
2
3
1
26
2
4
2
55
2
6
3
17
12
2
3
36
13
8
3
61
7
3
3
33
24
12
2
37
2
1
2
7
1
8
2
35
2
12
1
61
2
11
3
12
3
8
2
42
4
3
2
4
3
2
3
42
1
14
1
4
2
10
3
35
5
4
1
45
1
3
3
25
1
2
2
32
4
7
2
26
2
11
1
45
2
4
3
32
9
13
1
55
1
11
2
10
1
11
1
2
2
8
1
23
2
9
2
40
1
6
3
35
3
4
1
65
1
2
2
8
1
5
2
44
3
13
2
39
1
14
2
6
2
12
3
12
4
6
2
47
1
11
3
5
3
6
3
8
8
1
1
61
1
1
2
42
3
5
3
37
10
7
3
71
5
7
3
67
34
2
2
40
2
2
3
11
17
1
3
1
10
13
3
45
6
14
3
26
11
7
2
52
7
2
1
60
2
5
1
3
2
4
3
61
2
8
1
10
5
13
1
38
1
6
3
2
7
14
1
66
1
6
1
66
3
13
3
36
11
1
1
68
1
12
3
33
8
1
1
12
6
5
1
22
3
14
1
30
7
11
2
29
3
7
2
16
3
4
2
17
1
8
2
65
4
3
2
66
1
7
1
53
2
1
1
63
1
7
2
52
3
13
2
65
1
6
3
43
3
10
1
7
4
7
1
52
1
10
1
71
1
2
1
44
4
10
2
61
1
7
3
23
10
14
1
8
7
6
1
28
1
8
1
31
11
3
3
10
24
5
3
65
21
11
3
18
14
13
2
28
2
2
1
42
1
6
3
28
7
10
3
4
26
5
1
16
2
1
3
25
8
4
3
18
6
7
3
66
9
1
3
7
5
11
1
30
17
3
1
27
3
10
2
49
4
8
1
71
2
9
3
14
5
4
1
6
1
10
2
36
5
11
1
29
3
12
2
13
1
8
3
30
18
9
2
30
5
7
3
34
11
9
2
27
1
11
3
47
3
5
3
6
5
3
2
14
2
7
3
15
1
8
1
13
3
11
3
43
2
12
1
43
3
9
2
5
3
13
3
53
5
2
1
5
1
8
1
65
2
1
2
34
1
3
3
65
17
11
2
6
1
3
2
23
1
14
1
60
1
10
1
9
1
12
3
45
5
8
3
52
12
3
3
13
1
13
1
18
12
6
1
52
3
13
1
55
2
14
2
29
1
2
2
3
1
12
3
8
19
12
1
13
7
8
1
2
1
8
3
52
16
6
3
22
4
14
3
55
6
11
1
44
2
11
1
23
1
12
1
54
2
4
3
38
2
6
1
11
5
12
3
67
37
1
1
16
1
4
2
71
3
7
2
22
1
14
2
60
3
7
3
41
2
2
2
17
3
7
3
40
1
12
3
54
2
4
1
28
3
10
2
38
1
9
1
47
3
11
2
28
3
3
1
7
1
10
2
37
4
5
2
41
5
12
1
17
12
2
2
9
1
2
2
55
3
7
2
27
2
14
1
29
1
2
3
1
3
3
2
18
2
4
2
31
1
2
2
68
1
11
1
22
2
12
1
35
1
6
1
49
2
2
1
10
1
5
3
47
8
7
3
29
14
4
3
11
8
13
2
7
2
7
1
14
6
7
2
54
1
8
