3
54
1
9
1
34
8
11
3
1
8
8
1
61
2
1
1
1
1
6
1
4
4
5
3
30
27
3
1
7
7
14
2
39
3
4
2
47
3
4
1
39
3
12
3
26
4
13
1
17
16
10
1
29
3
9
1
37
2
5
3
40
2
13
3
16
4
12
3
18
6
13
2
41
3
2
2
4
2
7
2
22
1
12
1
33
5
11
2
30
5
13
2
66
1
3
2
60
2
14
2
10
3
8
3
4
23
13
1
8
11
3
2
65
3
8
1
15
5
1
3
13
4
9
2
15
1
13
1
67
1
7
1
33
7
8
1
49
1
8
1
3
5
5
3
38
6
5
2
5
3
6
2
54
2
9
3
9
10
10
3
65
20
10
1
37
1
8
3
38
10
12
3
61
9
13
1
3
7
11
1
54
2
10
2
34
2
6
1
26
1
8
2
5
2
6
3
67
6
12
1
2
3
9
2
35
1
5
2
7
2
3
3
35
6
4
3
31
2
12
1
28
1
7
3
8
9
2
3
15
6
8
1
30
10
13
1
42
1
9
1
27
1
7
3
47
7
7
1
16
4
9
3
63
5
9
1
47
2
14
2
45
4
10
1
61
1
4
3
60
28
7
2
2
1
9
1
53
1
14
2
35
3
10
1
38
2
13
3
36
5
7
3
39
9
12
3
39
4
11
2
68
2
7
3
13
2
14
2
43
4
1
2
8
3
14
1
23
2
8
2
3
2
9
3
6
1
3
2
13
3
7
3
3
6
12
1
12
9
3
1
60
1
13
2
42
4
10
2
39
2
5
3
17
16
5
1
27
3
3
1
9
4
6
1
66
1
5
3
15
4
8
1
71
2
4
1
36
1
10
2
63
3
7
1
44
2
14
3
54
2
3
3
1
9
3
1
13
3
4
1
40
1
8
1
26
3
14
2
4
3
6
3
55
12
12
1
42
2
6
2
12
2
7
1
15
2
14
2
29
3
6
2
44
3
4
2
55
3
13
1
6
1
6
3
22
6
13
2
12
1
9
1
12
7
8
2
18
4
3
3
47
8
11
3
68
13
5
2
10
2
9
2
28
1
6
1
40
3
11
1
36
2
8
3
67
7
5
2
40
3
11
3
37
11
14
2
17
1
7
3
41
2
10
2
55
2
5
2
45
1
13
2
14
1
4
3
55
2
8
2
36
3
11
2
17
2
12
2
49
1
12
2
28
2
1
1
63
2
8
1
55
1
1
2
53
1
11
3
5
2
14
1
30
19
12
2
52
6
14
1
60
2
4
2
23
3
12
3
2
3
3
1
25
2
10
3
25
3
8
3
71
3
13
2
49
4
2
2
43
3
2
2
11
1
11
1
4
5
6
3
33
13
6
1
52
1
4
2
36
1
13
1
66
2
9
2
52
2
7
3
8
17
6
3
65
1
10
2
32
1
2
2
16
2
12
1
11
7
11
2
61
3
9
3
3
2
3
2
40
2
11
2
60
4
3
1
18
11
13
2
33
3
6
1
1
3
9
3
34
11
12
3
43
2
10
1
54
1
13
1
32
1
1
1
14
19
8
3
29
15
9
1
67
2
4
2
3
1
7
2
9
1
11
2
1
2
3
3
25
9
4
2
16
1
9
1
65
2
4
2
8
2
8
1
63
1
5
3
28
5
13
3
66
1
4
3
40
3
2
2
67
1
13
3
49
8
13
2
37
1
2
3
16
8
6
2
9
2
9
3
23
3
13
2
38
1
6
2
67
2
4
3
2
7
8
1
8
8
8
3
29
16
11
1
38
1
8
3
7
3
10
3
32
7
4
1
11
8
13
2
33
2
10
2
7
3
14
1
28
2
7
2
27
3
4
1
52
2
2
3
61
7
3
3
22
10
2
3
44
8
10
1
41
3
7
2
47
1
4
1
43
1
6
1
14
16
9
3
53
1
9
2
2
3
14
2
25
3
10
3
7
1
12
1
16
1
6
3
37
12
4
3
10
7
9
2
13
1
12
2
42
2
3
2
34
1
8
2
25
1
3
1
25
1
5
1
35
3
13
2
6
1
9
3
4
12
14
1
44
4
6
1
18
1
11
3
26
6
3
3
43
6
11
1
43
3
14
2
54
1
7
2
31
3
14
3
41
1
6
2
71
1
4
3
12
5
8
3
35
3
2
3
33
5
13
1
22
3
6
1
39
1
10
3
27
7
5
2
68
1
4
1
31
13
10
2
1
3
12
2
22
2
12
3
31
23
2
3
23
2
10
3
17
5
3
1
41
1
7
3
12
1
13
1
53
2
13
1
31
15
14
3
32
3
4
1
45
1
10
2
27
1
2
3
42
1
1
2
29
1
13
3
30
19
13
2
15
2
13
3
52
14
10
1
29
2
11
1
5
1
6
3
9
14
8
2
71
3
14
2
26
2
2
3
18
23
8
1
23
1
10
1
49
2
12
1
17
10
10
1
9
8
12
2
65
1
9
3
36
12
10
1
6
2
6
2
44
2
12
1
34
7
6
1
35
4
4
2
37
3
10
3
27
16
7
3
6
6
10
3
10
14
10
1
65
1
1
2
38
4
2
3
63
3
13
1
55
2
4
1
32
3
10
2
26
3
8
3
71
1
3
3
5
5
11
2
53
3
8
3
45
4
10
3
52
18
2
3
11
25
11
3
66
8
3
2
18
2
6
3
34
5
14
1
22
2
9
1
10
6
6
2
14
2
7
2
30
1
5
2
31
5
3
2
11
3
11
2
6
3
13
2
63
1
10
2
32
2
14
1
68
2
8
3
28
1
13
1
71
1
2
3
11
4
12
1
10
2
6
2
23
2
8
1
45
2
1
3
53
3
3
3
44
6
8
1
47
1
1
1
7
10
2
3
42
2
3
1
2
6
13
3
60
8
14
2
61
1
3
2
66
3
2
1
68
3
6
1
5
2
10
3
68
4
1
2
41
5
2
1
13
2
14
3
49
7
6
3
14
8
5
3
14
6
4
3
45
3
13
