1
29
3
9
2
60
2
10
3
1
5
5
2
34
2
7
3
35
1
2
1
36
3
7
1
14
5
11
2
2
3
3
3
15
15
11
2
39
1
13
2
26
1
1
3
29
11
14
1
33
3
9
2
44
5
9
3
44
3
12
2
52
5
9
2
67
1
12
1
6
1
14
2
26
4
7
2
41
1
3
1
38
2
4
2
53
1
2
2
66
1
3
3
26
9
12
2
17
2
11
1
14
6
11
1
4
7
11
2
5
2
13
2
40
3
6
3
11
13
10
2
36
4
4
2
22
2
14
2
49
1
4
3
40
2
3
2
13
3
12
2
47
1
2
2
37
4
5
2
55
3
10
2
3
1
8
3
49
6
13
3
22
1
11
2
63
1
2
2
27
2
11
1
45
2
14
2
10
1
5
2
35
2
4
1
16
7
1
3
65
4
2
3
39
10
14
3
4
14
8
2
12
1
14
1
63
2
14
2
45
2
1
3
2
8
6
2
42
2
5
1
5
1
3
3
11
25
10
3
52
18
8
2
63
3
6
3
68
12
1
1
41
3
8
3
25
8
1
2
65
4
9
3
42
2
1
1
71
3
8
2
31
5
12
2
67
2
5
1
31
9
6
3
33
11
3
2
71
2
7
3
14
18
7
3
44
1
2
3
5
2
4
1
1
3
13
3
37
3
4
1
29
1
13
1
6
2
12
2
38
3
1
2
1
3
5
3
22
8
9
1
68
3
1
3
41
4
2
2
15
1
6
2
30
2
9
3
60
29
9
3
54
1
2
3
32
8
7
2
9
3
2
1
17
6
3
2
47
2
6
1
66
1
4
3
33
23
14
2
41
4
13
1
55
1
1
1
35
2
6
1
13
3
6
1
4
8
14
1
25
3
9
3
17
2
2
2
28
1
3
1
33
7
12
2
23
3
10
1
12
8
3
3
63
8
1
3
15
4
2
2
5
3
9
3
43
2
6
2
6
2
7
3
9
28
5
3
61
4
5
2
11
3
4
2
18
4
2
2
16
1
3
1
44
4
14
1
39
1
3
3
60
32
2
1
34
11
11
1
9
13
5
1
15
3
12
3
71
4
6
2
68
2
1
2
36
1
4
3
38
5
5
2
4
1
9
3
27
4
10
3
5
3
3
2
35
3
5
2
43
5
10
3
65
5
11
1
67
1
9
3
71
1
10
2
40
4
13
3
66
2
3
2
16
3
13
3
3
6
9
1
43
2
3
1
30
2
3
1
53
1
10
1
28
2
7
3
67
36
4
1
23
2
14
2
7
1
5
1
22
3
3
1
65
2
9
1
65
1
9
1
40
3
9
3
6
3
10
3
49
5
1
1
27
3
4
1
15
1
4
3
38
9
4
3
16
2
2
1
36
2
12
1
23
3
3
1
17
4
6
1
38
3
10
1
34
8
3
3
36
5
5
1
5
2
6
2
52
3
5
3
1
2
11
1
54
1
2
2
45
1
11
1
25
1
9
2
4
2
6
2
71
3
6
1
47
2
12
3
27
9
4
3
53
1
14
3
67
23
13
1
40
2
6
1
26
3
3
2
61
2
13
1
45
1
4
2
10
2
10
3
13
3
3
1
32
7
11
3
25
7
10
1
3
4
1
3
6
1
12
1
63
1
9
1
54
2
13
3
28
5
2
2
28
3
12
3
66
6
1
3
4
9
1
2
17
3
6
3
52
4
7
3
30
25
8
1
55
2
6
1
18
15
9
1
49
1
6
3
45
5
1
3
36
6
12
2
2
2
13
3
61
10
3
3
42
3
8
2
43
3
13
3
12
2
9
2
14
2
1
3
13
4
8
1
1
2
3
2
42
1
5
3
16
8
6
1
27
2
13
2
54
1
4
1
53
2
3
2
9
1
7
2
55
1
13
3
34
3
7
3
55
7
6
3
18
24
4
3
30
4
6
2
12
2
8
3
35
8
3
2
65
2
9
3
7
4
2
3
37
4
10
1
67
3
13
1
8
10
12
3
32
12
1
1
32
6
1
1
68
2
12
2
54
2
11
2
68
3
2
1
71
2
11
3
53
5
11
1
42
1
5
1
7
4
4
3
8
14
13
2
66
3
12
2
14
3
3
3
40
4
13
1
7
10
6
2
30
1
12
3
55
14
12
1
2
1
13
3
47
2
6
1
52
1
12
2
37
1
10
1
13
2
4
1
44
2
12
1
10
8
14
1
9
2
8
1
26
2
2
3
43
8
5
3
23
8
13
2
38
1
7
3
34
5
12
2
25
3
3
2
22
3
13
1
28
3
11
1
18
3
8
2
32
4
4
2
33
1
9
1
30
17
5
1
43
3
1
3
7
2
6
2
61
3
7
2
25
2
11
1
60
2
5
1
39
3
11
2
29
2
8
3
10
4
2
2
60
4
7
3
12
7
4
3
63
13
8
1
66
3
3
1
52
3
7
1
22
1
13
1
41
1
13
1
61
3
11
1
12
4
1
1
11
2
4
3
41
3
10
2
27
1
6
1
16
3
7
2
33
3
4
2
1
2
13
2
6
3
2
1
31
17
12
3
3
4
13
3
29
5
12
3
17
16
11
1
8
9
9
3
9
32
8
1
3
6
6
1
10
5
3
3
54
2
8
2
39
4
9
3
26
6
8
1
47
3
8
2
13
2
1
2
49
2
11
2
29
3
11
3
47
1
10
2
44
4
5
2
18
3
7
3
31
12
13
2
31
2
6
1
35
4
9
3
2
11
8
2
15
3
14
1
60
1
2
2
11
2
5
1
2
3
12
1
11
12
1
2
3
2
10
2
32
3
7
2
34
3
1
1
49
2
2
1
37
2
10
3
14
13
14
2
8
1
4
1
37
1
7
3
28
11
5
2
23
2
7
3
31
21
7
1
42
2
14
3
8
9
1
3
45
3
14
3
10
8
14
3
18
7
3
2
53
2
1
3
68
4
12
2
8
3
13
3
39
6
9
2
7
2
9
3
23
9
8
1
61
2
9
