2
25
1
2
3
60
21
2
3
1
5
1
1
66
1
6
3
17
2
7
2
40
4
8
2
66
3
6
1
16
3
11
2
2
2
4
3
61
2
13
3
65
14
10
2
23
1
11
2
41
3
11
1
54
3
12
1
47
3
12
3
22
12
6
1
36
2
11
3
12
3
12
2
41
4
14
1
41
2
11
3
47
1
11
2
39
2
3
3
43
8
7
1
35
3
6
3
6
2
5
2
52
3
14
3
32
7
6
3
22
9
4
2
40
1
7
1
71
3
3
2
1
2
13
1
33
6
8
2
1
1
8
2
31
2
4
3
35
1
3
3
33
5
2
1
52
3
14
3
38
5
4
2
15
2
2
1
23
3
1
2
71
1
13
1
18
14
2
3
25
7
8
1
34
2
14
3
29
10
9
3
63
1
7
2
22
3
7
2
18
4
1
2
13
3
6
3
9
30
7
3
71
5
11
3
27
1
7
2
38
1
12
2
49
2
5
2
68
4
12
1
39
3
8
2
23
2
4
3
44
4
4
1
3
6
2
1
4
1
14
2
6
3
1
2
34
3
12
1
68
2
6
3
34
10
1
2
54
1
2
1
2
7
4
1
9
3
7
2
37
4
12
3
37
2
3
1
47
1
9
2
18
3
5
2
63
1
9
2
61
1
11
3
42
3
10
3
40
2
13
2
67
2
6
1
65
2
1
1
17
5
6
2
9
2
9
1
29
1
5
2
55
2
2
2
11
3
4
2
10
3
1
2
39
3
7
1
6
1
1
2
8
3
4
3
8
17
1
3
1
8
10
3
23
15
1
2
27
2
2
1
5
2
2
3
4
18
9
2
71
2
14
1
22
3
12
3
2
8
3
1
27
3
3
3
11
12
10
1
35
1
4
1
18
1
12
3
13
5
10
1
44
2
12
3
16
8
13
2
35
3
8
2
26
4
4
2
2
3
6
3
68
17
5
2
63
2
7
3
5
4
11
2
54
2
10
1
60
1
10
3
47
3
6
1
8
9
8
2
13
2
4
2
4
3
5
2
32
2
11
1
25
3
12
2
14
3
7
1
27
2
5
1
45
2
13
1
54
1
8
3
45
7
5
1
14
12
8
2
55
3
2
2
67
1
6
2
44
2
14
1
65
1
12
1
9
10
4
3
49
7
12
1
31
18
4
1
36
1
7
1
49
1
13
1
32
1
9
3
4
17
12
3
52
10
7
1
28
3
14
2
35
1
9
3
10
2
7
1
2
1
11
2
7
3
11
3
43
5
8
3
41
1
9
1
15
4
12
2
29
3
9
2
36
5
10
3
66
8
8
3
36
3
12
2
3
1
13
2
53
3
3
1
26
1
5
1
29
3
2
3
11
25
14
2
60
3
10
3
67
15
3
3
53
8
10
1
7
4
9
3
38
6
9
2
11
1
6
2
16
1
14
2
3
3
5
1
63
2
13
1
8
15
3
3
31
8
2
2
5
1
12
3
26
9
2
1
12
5
14
3
60
7
9
2
17
2
13
3
3
8
6
1
13
5
8
3
7
4
8
2
45
1
9
2
6
2
3
2
42
2
8
1
26
2
11
2
47
4
12
1
10
2
14
3
13
3
1
3
54
2
1
1
53
1
3
3
12
4
5
3
37
8
1
1
38
2
13
2
33
3
8
1
23
2
4
3
27
15
3
3
30
22
12
3
55
3
6
3
67
19
5
3
10
19
7
1
40
1
10
1
11
1
4
2
25
2
3
2
29
1
10
3
23
13
6
2
30
1
1
3
63
12
14
1
30
1
8
1
11
2
1
2
38
3
1
2
10
2
12
1
16
2
14
1
39
4
9
3
45
1
5
3
15
6
8
1
31
6
12
1
67
1
10
3
68
10
11
3
25
5
2
2
60
1
10
1
49
2
11
3
18
12
7
2
53
1
8
2
32
1
3
3
30
21
9
3
8
15
9
2
31
3
5
3
44
5
14
2
36
3
1
3
18
24
11
2
16
3
13
1
6
2
5
1
43
1
6
1
4
4
13
1
32
2
3
1
17
16
7
3
31
9
8
1
12
1
14
3
7
5
3
2
17
3
4
2
7
2
10
1
28
1
10
3
33
21
9
1
60
2
11
2
8
2
8
1
7
7
2
1
14
17
9
3
29
7
2
3
28
15
10
1
13
9
4
2
65
1
1
3
6
1
12
3
53
3
6
1
55
1
10
3
2
10
2
2
68
1
12
1
52
1
5
2
52
6
14
3
39
9
1
2
66
2
7
1
55
2
6
1
10
5
5
2
43
5
4
1
53
2
6
1
15
3
14
1
37
1
11
3
3
5
1
3
26
5
14
3
32
6
2
3
28
6
5
2
37
1
8
1
44
3
5
2
15
1
1
3
14
13
10
1
1
2
3
2
65
3
13
1
68
1
7
1
45
1
12
3
65
9
6
1
42
1
7
3
55
14
11
2
47
1
4
3
40
3
5
3
35
6
3
2
44
5
10
2
14
2
7
2
28
2
10
3
36
9
13
1
1
3
13
3
52
7
10
1
40
3
14
2
42
4
4
3
42
2
4
3
66
3
10
3
9
20
6
2
27
1
12
3
54
1
11
2
26
1
10
3
34
5
12
2
12
3
10
1
61
2
8
1
22
2
5
3
39
7
13
2
4
2
10
3
71
1
7
1
63
1
6
2
45
4
12
2
43
1
2
3
14
12
12
2
30
5
10
1
67
2
1
1
38
1
10
2
12
2
9
1
5
1
9
2
28
3
13
1
43
3
14
1
37
2
7
1
42
2
2
1
61
3
4
3
41
4
14
2
33
1
14
1
25
2
3
3
15
10
7
1
30
2
7
3
61
5
10
3
16
4
14
1
34
5
11
2
9
3
5
1
3
8
5
1
41
3
11
1
71
2
9
2
49
4
4
2
61
3
13
1
33
3
11
3
49
2
5
1
66
3
14
2
22
1
1
3
17
16
7
2
5
2
1
3
5
1
11
2
34
1
7
