2
7
1
2
3
68
5
6
1
31
17
8
3
23
18
6
1
40
3
5
1
49
2
14
1
13
9
9
2
28
2
7
2
15
3
9
2
14
2
1
3
25
7
6
3
40
1
7
3
28
16
1
1
5
1
5
3
9
23
9
1
47
1
13
3
37
5
9
2
32
4
14
1
9
5
7
1
12
4
12
1
45
2
14
3
65
21
12
3
28
1
5
3
60
15
1
1
71
1
6
3
63
11
2
3
61
5
3
1
68
2
12
1
18
8
4
2
41
2
5
3
29
7
3
3
11
7
2
1
60
1
6
1
25
2
11
2
27
3
3
1
67
3
5
3
33
22
5
3
27
4
1
2
42
3
6
2
30
2
2
3
35
3
6
3
35
5
6
1
43
2
14
1
65
1
3
2
40
1
1
1
30
3
3
1
55
2
7
3
6
4
11
2
60
1
10
1
66
2
10
1
43
3
1
3
47
6
9
2
37
4
11
3
16
3
7
2
45
4
4
1
41
2
2
3
61
11
8
3
37
11
2
3
45
5
11
3
7
1
3
1
14
12
7
2
7
2
14
2
3
3
7
3
11
25
11
3
12
4
1
3
34
11
5
2
4
2
2
2
37
1
6
3
2
2
12
3
8
11
10
2
49
2
6
3
3
5
5
1
39
2
14
1
40
2
2
1
28
1
5
2
44
1
5
1
63
2
11
2
39
4
6
3
25
3
3
1
30
20
11
3
1
2
3
1
11
7
11
1
52
1
11
3
66
1
6
3
32
5
7
3
31
23
12
2
40
3
3
2
47
1
13
3
13
4
8
3
5
3
7
2
23
1
10
3
44
10
9
3
43
7
10
2
55
3
2
1
36
1
11
1
38
3
8
1
27
2
9
1
34
10
5
3
30
11
12
2
1
1
5
2
3
2
7
3
44
1
2
2
55
1
14
2
10
1
7
2
41
4
12
2
6
2
5
3
32
2
12
2
54
2
7
2
12
3
11
2
60
2
12
2
15
1
3
2
39
1
5
3
30
5
3
1
3
4
1
3
9
9
1
3
66
8
14
2
47
3
11
2
65
3
11
1
18
13
1
3
60
21
14
2
16
1
1
2
35
1
9
3
29
8
13
1
11
9
13
1
16
6
7
1
38
2
5
2
26
3
6
1
23
1
12
1
25
3
13
2
11
1
7
1
3
9
4
1
9
12
7
3
10
11
1
1
22
1
9
1
33
1
12
2
13
2
14
1
27
1
4
3
18
23
12
2
4
1
4
2
61
2
9
2
5
2
12
2
71
3
7
1
8
11
2
1
32
7
6
3
52
11
9
2
35
3
2
1
10
3
10
1
26
1
7
3
4
15
5
3
6
2
13
3
10
13
7
2
31
3
7
3
22
5
10
1
13
4
1
2
71
1
6
3
71
1
11
1
10
6
5
1
36
3
8
1
53
1
7
3
15
4
10
3
47
9
1
2
16
3
7
3
71
3
14
1
1
2
4
2
34
2
11
3
33
21
3
3
34
3
8
2
2
2
1
2
65
1
5
2
8
3
9
3
36
11
14
1
32
3
1
2
18
3
10
3
40
2
14
1
61
2
9
3
55
4
1
3
26
10
7
2
25
2
14
3
54
2
2
2
67
1
13
1
33
3
13
3
53
1
2
3
7
5
13
3
23
3
4
2
6
3
2
1
4
6
7
2
68
4
10
1
60
2
3
3
45
4
3
3
36
14
9
1
35
2
7
2
63
2
7
1
2
4
11
1
28
2
9
3
67
26
2
2
52
5
5
3
38
9
13
3
17
7
3
1
5
2
7
3
55
6
7
1
4
8
6
3
26
8
11
3
27
9
7
2
38
4
9
2
36
4
10
1
35
4
13
3
67
23
12
2
13
3
4
3
13
8
3
3
14
23
9
3
31
10
1
2
67
2
1
2
63
1
10
1
42
1
4
1
55
1
2
3
17
13
13
2
34
3
11
2
11
2
5
2
49
4
11
1
16
5
9
1
31
2
4
2
28
1
3
2
17
1
3
1
61
3
3
1
37
1
14
3
54
1
10
1
17
5
7
2
52
1
5
2
61
1
4
2
29
3
4
3
63
3
2
3
39
2
14
1
71
2
7
2
22
3
6
3
16
5
12
1
2
5
10
3
18
11
1
3
52
18
11
2
43
3
1
1
14
1
10
2
36
5
1
2
1
2
11
2
33
1
14
3
41
4
10
1
52
2
4
1
49
1
4
2
10
3
4
2
33
3
2
2
38
2
4
2
42
2
10
1
37
2
1
3
12
7
1
3
38
5
8
1
39
4
8
1
7
1
13
1
66
1
5
2
12
2
9
3
4
14
13
2
53
1
12
1
44
3
11
1
67
1
14
1
15
5
1
2
9
3
14
3
49
6
7
1
15
1
5
2
22
1
5
2
45
2
2
2
43
5
10
2
5
3
9
3
68
17
7
1
54
3
1
1
41
1
6
1
42
2
7
2
25
1
13
2
9
2
3
3
5
2
3
3
1
1
6
1
26
3
7
3
53
8
11
1
29
2
3
2
54
1
14
3
39
9
7
1
68
1
8
3
8
10
10
1
53
2
10
1
44
2
7
3
2
10
9
3
49
8
2
3
65
19
2
1
45
1
2
2
66
2
10
1
8
8
14
2
29
1
8
1
23
2
5
2
14
3
6
1
7
4
3
1
1
1
2
2
31
4
14
1
47
2
6
1
63
1
10
1
54
1
3
1
34
1
10
2
27
2
6
2
2
3
1
3
14
19
3
3
3
10
3
2
26
1
2
2
68
2
6
3
15
2
3
2
8
2
5
1
6
2
7
2
32
1
8
1
65
2
4
2
23
2
10
1
29
1
10
3
42
3
3
3
43
2
12
2
30
1
8
3
22
7
1
1
17
10
4
2
18
2
14
2
17
3
11
3
42
1
3
2
66
3
1
1
12
13
2
2
53
2
2
2
44
2
7
3
41
2
7
1
22
2
9
1
6
1
12
