3
55
7
7
2
31
3
9
1
16
5
2
2
67
2
9
1
17
8
8
2
52
3
9
2
41
4
1
1
17
13
4
3
35
7
5
1
27
3
1
3
37
11
8
2
23
3
14
1
8
3
6
1
71
1
7
2
28
1
6
1
49
1
12
1
13
9
12
1
55
2
10
1
68
1
9
1
10
7
2
2
42
3
2
2
7
2
8
1
13
6
5
3
40
1
9
3
63
2
12
2
3
2
13
2
37
2
8
2
8
2
11
2
65
3
2
3
6
6
7
2
36
1
6
3
60
24
13
2
36
3
10
3
2
1
2
3
67
24
14
2
60
2
9
2
13
3
2
1
6
1
13
2
17
2
11
3
42
1
2
2
3
1
1
1
1
2
10
2
18
2
11
3
42
2
10
2
1
1
8
1
22
1
7
2
66
3
1
1
26
1
4
2
33
2
11
2
44
2
9
1
4
4
12
2
43
3
4
2
35
3
4
2
37
4
9
2
54
1
2
3
47
10
14
3
8
3
1
1
36
3
14
2
29
3
2
3
63
3
6
3
38
5
8
2
10
3
4
3
65
3
8
2
8
3
7
3
26
11
7
1
53
1
1
3
53
5
12
3
14
12
13
2
65
1
9
3
29
14
12
2
26
3
10
3
5
5
9
2
30
4
9
3
39
9
2
1
42
1
7
3
13
2
12
2
4
2
6
1
47
3
6
2
5
3
11
3
12
1
2
2
14
3
1
2
31
4
9
3
29
18
12
1
22
3
8
1
35
3
4
3
7
4
12
1
5
2
14
2
11
1
3
1
49
2
2
1
16
4
3
3
4
23
10
1
36
2
1
3
22
1
12
3
27
1
10
2
16
1
10
3
38
2
1
1
60
1
12
1
7
3
12
2
1
3
7
1
6
2
6
1
47
2
5
2
71
2
9
1
25
3
11
3
60
31
5
1
14
15
4
3
27
12
12
3
5
2
4
3
52
12
6
3
44
5
14
1
23
1
4
3
44
7
3
2
42
1
13
2
5
2
7
3
11
3
7
3
9
18
8
1
27
1
10
1
55
1
2
3
41
3
9
1
39
1
12
2
25
3
14
3
45
4
1
3
66
9
1
3
61
5
1
1
37
1
8
3
41
2
8
1
11
11
12
3
1
6
11
2
35
2
6
2
7
3
9
3
17
15
14
3
11
4
4
2
38
4
9
3
71
3
7
1
12
1
4
2
61
3
10
3
26
1
13
2
39
4
7
1
37
2
14
1
38
1
11
1
54
3
5
1
45
2
10
2
27
2
7
3
49
5
3
3
30
26
9
2
71
3
11
2
11
2
12
3
54
1
2
3
68
8
4
2
41
3
12
3
7
3
2
1
31
1
6
1
41
3
13
2
52
5
14
1
15
1
11
1
3
6
6
2
67
1
5
2
26
1
12
2
6
3
13
1
28
1
8
3
30
15
14
1
67
3
10
1
25
1
14
3
32
4
8
1
34
2
9
2
22
3
13
3
37
10
13
1
63
1
10
2
53
2
3
3
6
3
12
3
15
13
12
1
33
1
3
1
34
10
9
1
60
2
6
3
39
2
6
1
29
1
5
1
15
5
10
2
28
3
2
2
15
3
3
2
40
3
2
2
2
2
2
2
40
1
11
2
14
2
1
1
10
2
5
3
28
8
3
2
9
3
11
1
38
3
13
1
44
1
14
1
18
10
7
3
34
11
12
3
31
25
11
2
12
2
2
1
54
1
8
2
9
1
9
1
12
4
4
3
71
2
12
1
7
1
1
1
44
2
3
1
52
1
6
3
22
4
14
2
63
1
14
3
40
2
13
1
31
8
7
3
32
1
11
1
63
2
6
3
4
17
6
3
34
3
13
1
30
4
1
2
12
1
1
2
44
3
12
2
30
1
8
1
32
1
11
3
23
16
8
2
49
1
6
1
66
1
13
2
45
2
10
3
14
22
10
2
13
1
7
2
27
3
9
2
16
2
12
3
36
8
11
2
55
2
1
1
35
2
5
3
10
3
11
1
42
2
11
3
33
3
9
2
6
2
9
2
47
3
9
1
32
7
7
2
61
2
5
1
1
1
14
2
29
2
6
1
3
7
7
3
16
2
2
2
66
2
14
2
17
3
9
2
18
1
8
3
12
6
13
1
4
6
14
1
66
2
14
3
25
3
5
3
67
1
11
1
67
2
7
3
66
8
10
1
68
3
10
3
17
2
12
1
8
11
4
3
28
7
1
3
68
14
2
2
63
2
4
2
38
2
14
3
36
12
10
3
23
17
14
2
47
4
4
3
52
2
7
1
40
1
1
1
11
1
2
1
39
3
9
3
45
7
12
3
9
25
10
3
16
1
8
2
2
1
9
2
43
1
13
2
68
3
3
2
32
3
8
1
26
2
9
3
65
19
9
1
61
2
3
3
3
2
9
1
61
3
4
1
23
2
8
3
1
7
3
3
61
1
1
3
15
3
3
2
60
3
8
1
45
1
3
2
15
1
1
3
10
5
9
1
43
3
12
1
30
5
14
2
68
4
11
1
43
1
8
3
18
6
1
1
18
11
7
2
55
3
11
1
65
2
3
2
49
4
10
3
31
7
11
2
39
3
14
3
43
3
11
2
53
3
7
1
71
3
2
2
54
2
5
1
5
1
13
1
28
2
11
3
2
7
9
3
49
6
13
3
47
9
11
3
43
7
4
2
10
2
10
1
33
5
6
3
33
15
7
3
54
2
11
1
52
2
4
1
65
1
11
2
32
2
10
1
29
2
11
1
53
2
5
2
34
2
12
2
23
2
7
1
9
12
6
3
8
10
4
1
2
3
8
2
45
3
7
3
25
9
2
3
13
5
9
2
34
3
6
1
9
8
8
2
33
1
10
3
18
10
11
1
14
16
7
2
4
3
6
3
53
8
7
3
55
5
1
1
2
7
4
2
22
1
12
3
35
8
7
3
3
9
2
1
41
2
8
2
25
2
6
1
40
2
12
