3
23
13
10
1
71
2
4
3
68
2
5
3
30
3
2
3
23
14
12
3
7
5
3
3
27
11
3
1
47
1
3
2
43
4
14
1
26
2
13
1
66
3
8
2
4
3
7
3
44
1
8
2
16
2
4
1
32
5
13
1
22
1
11
2
32
2
13
1
68
2
4
3
17
10
5
3
40
3
10
2
42
1
8
1
6
2
11
1
11
2
14
3
67
22
14
2
71
3
7
1
31
10
9
2
15
2
13
1
71
1
12
1
40
2
9
3
7
4
5
2
53
1
6
2
22
1
10
3
4
15
2
2
1
1
3
2
5
3
5
3
9
18
8
1
33
1
1
3
71
5
9
2
45
3
14
3
45
5
7
2
53
2
5
1
30
7
14
1
52
1
2
2
7
2
6
3
42
4
9
2
45
1
1
1
38
3
12
2
12
1
12
1
52
3
4
1
42
2
9
2
11
1
2
1
3
8
6
1
49
2
13
2
30
2
2
3
53
7
11
3
15
15
4
3
22
11
7
3
60
3
8
1
36
2
4
3
54
1
9
3
36
7
1
3
32
9
12
1
13
6
3
1
29
3
6
3
26
11
6
2
34
1
11
1
30
4
7
3
63
3
9
2
28
3
13
2
49
2
14
1
38
1
13
3
2
9
4
2
16
1
13
1
9
3
10
3
42
3
1
3
13
7
9
1
60
2
7
2
2
1
4
2
18
1
2
2
34
2
8
1
10
7
9
2
14
3
5
1
47
2
1
3
16
7
14
2
67
2
10
3
12
4
14
2
23
2
4
1
2
3
12
2
30
3
14
1
39
1
5
2
40
1
6
2
37
3
10
1
27
3
7
1
53
2
7
2
38
2
12
3
68
10
9
1
15
4
3
1
12
17
9
3
38
6
13
1
9
13
3
3
52
14
13
1
18
6
13
3
55
6
4
2
71
1
5
1
23
1
8
2
35
2
12
2
6
3
4
1
33
2
9
2
39
2
7
1
55
2
3
2
28
1
13
1
5
2
12
3
3
1
10
3
1
1
6
1
26
1
7
1
61
3
8
2
61
2
12
2
66
2
3
3
16
2
11
3
60
30
10
1
23
2
3
2
7
3
1
2
38
5
8
1
49
1
14
3
65
10
3
2
39
4
7
3
47
9
2
2
36
1
1
1
22
2
8
2
63
3
12
3
15
12
9
1
61
1
1
2
9
3
7
2
61
3
4
3
34
9
3
2
55
1
4
3
67
4
2
3
53
1
1
1
15
1
2
1
14
4
1
3
1
6
10
3
27
16
4
2
29
1
2
2
54
2
9
2
41
3
10
3
29
17
8
2
2
3
4
1
8
10
8
3
61
7
9
1
68
3
5
3
13
9
8
1
27
1
2
1
2
7
10
1
1
1
11
2
26
4
6
3
14
9
8
2
6
2
7
3
65
21
1
2
68
3
10
3
54
2
8
3
43
8
9
3
36
1
3
1
37
1
13
3
25
1
8
1
65
2
14
1
17
2
5
3
4
21
11
1
44
2
10
1
41
3
14
3
49
1
12
3
29
2
3
2
13
1
13
3
66
6
13
2
4
2
2
1
53
1
11
3
37
7
12
2
22
3
2
2
17
3
4
1
11
4
3
1
14
14
12
2
8
2
1
1
7
8
4
2
42
2
4
2
10
1
7
3
10
24
12
1
6
1
9
2
12
3
14
1
34
8
8
1
18
13
10
3
38
7
8
1
17
11
8
3
71
2
8
3
17
16
3
2
68
2
13
3
52
2
4
3
8
11
3
2
5
1
10
3
33
15
13
3
2
11
13
1
3
4
4
1
29
2
4
3
41
3
7
1
45
1
14
2
35
3
2
1
4
3
7
1
37
2
5
2
32
4
5
1
54
3
9
3
39
4
12
3
44
2
5
2
65
2
4
1
16
2
13
1
12
16
12
1
31
5
1
1
65
1
12
1
4
7
1
3
14
20
4
1
42
1
8
1
63
1
1
2
27
2
11
3
39
5
8
3
22
2
1
3
5
4
14
3
41
2
6
1
67
3
4
1
40
1
11
1
39
2
3
1
66
1
12
3
28
5
10
2
66
1
11
3
43
3
4
2
36
2
10
3
18
2
5
1
35
4
4
2
63
1
14
2
18
2
13
2
26
3
5
2
60
3
1
3
35
2
4
2
27
3
1
3
49
4
13
2
43
1
13
1
43
1
9
3
47
4
2
2
44
5
4
2
14
1
7
3
6
2
12
3
26
8
11
2
13
3
10
1
34
4
13
2
25
1
8
1
36
3
3
2
3
2
12
2
17
2
10
3
10
22
5
2
65
4
8
2
52
6
6
3
11
18
13
3
8
1
14
2
8
3
9
2
47
2
6
3
12
2
9
1
25
1
11
1
5
1
8
3
31
10
7
1
54
2
12
1
10
5
5
2
9
2
5
1
1
3
4
2
55
3
5
3
3
9
10
1
32
1
13
2
49
4
5
3
40
2
13
1
28
3
6
3
32
6
1
3
9
14
8
1
60
1
2
1
41
2
11
2
25
2
6
3
66
8
8
2
29
2
5
3
33
18
5
3
45
3
3
1
43
3
5
2
52
1
2
3
55
9
5
2
67
1
7
2
10
3
5
1
13
2
14
3
28
2
9
2
23
1
13
1
35
1
3
2
37
4
5
3
63
9
3
3
37
9
3
2
40
2
11
3
5
1
14
1
55
1
4
1
44
1
6
1
16
1
13
3
34
10
13
3
30
10
2
3
61
11
1
3
35
1
1
2
1
3
9
2
11
2
8
2
31
3
1
1
7
9
2
2
15
3
8
2
47
1
6
2
3
1
11
2
60
2
11
1
63
2
9
1
8
15
5
1
28
2
6
2
33
3
8
2
41
4
13
2
31
4
2
1
25
2
5
3
31
1
7
3
25
7
14
3
11
9
7
2
54
1
7
2
33
2
8
1
45
2
12
3
18
9
5
3
6
6
6
2
44
3
11
1
67
2
7
