1
29
2
13
2
67
2
14
2
7
3
11
3
28
11
9
1
4
3
10
2
55
3
5
1
3
4
3
1
44
2
4
2
32
3
2
2
10
3
8
1
42
1
10
2
9
3
10
1
18
7
9
2
3
2
7
2
5
1
5
3
45
2
7
1
30
2
8
3
40
2
9
3
16
1
14
3
71
5
7
2
1
3
12
2
54
2
3
3
40
4
1
2
36
1
3
2
53
3
2
1
61
1
11
3
65
11
14
3
34
10
7
1
27
1
14
3
32
12
11
3
55
6
10
2
27
1
10
2
66
1
4
3
61
9
7
1
32
3
1
3
67
37
2
2
30
2
14
1
13
8
14
2
28
2
2
1
44
1
14
2
41
3
5
3
49
1
9
3
15
14
7
2
11
3
3
1
67
1
3
2
2
3
12
3
29
16
6
1
10
5
13
2
63
2
9
2
14
2
3
3
52
15
13
3
11
9
1
2
33
1
8
3
12
4
5
1
35
4
8
3
7
3
5
1
53
2
6
2
65
3
8
1
28
1
5
1
47
2
14
2
49
3
7
1
52
3
6
2
35
3
9
3
16
8
1
3
37
12
10
3
22
12
7
1
54
1
7
2
8
3
4
2
18
4
8
1
41
2
8
1
22
2
12
1
68
1
8
2
14
3
12
2
67
1
8
1
11
12
1
2
4
2
14
2
41
1
11
3
1
4
6
1
31
15
10
1
25
2
8
1
15
5
12
2
15
2
9
3
25
4
12
3
33
8
12
1
18
9
12
2
44
2
3
2
39
3
2
1
1
2
1
3
10
3
2
2
61
3
6
1
9
10
8
2
6
2
2
1
55
2
5
1
43
2
3
2
33
3
7
1
5
1
10
2
63
3
1
2
61
2
2
1
60
2
1
2
44
5
5
3
66
6
11
3
25
8
1
3
6
3
3
1
15
1
2
1
52
1
6
1
66
1
6
2
45
4
5
1
4
7
14
2
71
2
14
3
11
4
13
2
10
2
12
1
66
2
10
2
13
3
4
1
23
3
6
2
11
2
8
1
6
2
11
1
71
1
12
3
43
6
3
1
33
8
4
1
8
3
4
2
43
2
8
3
68
14
14
1
47
3
1
2
28
1
12
3
5
2
11
1
12
9
8
1
68
2
14
1
71
2
4
2
12
1
3
1
45
2
9
1
2
7
11
3
34
7
8
1
12
4
10
1
37
2
9
2
66
3
12
1
5
2
7
1
38
1
8
1
16
4
13
1
45
1
11
3
54
1
7
2
12
2
14
1
31
14
1
1
55
1
7
3
66
7
8
3
4
24
10
1
41
3
11
3
18
12
5
1
25
1
6
1
13
4
6
2
65
2
12
2
2
1
10
2
68
2
12
3
10
14
11
2
5
3
14
2
71
1
1
2
42
2
5
3
5
3
12
2
47
1
11
2
4
1
2
1
30
15
6
2
23
3
4
3
63
9
9
1
29
3
8
3
2
7
14
2
15
3
9
3
60
23
10
2
9
2
8
1
37
1
10
3
7
2
10
3
44
7
2
1
10
1
14
3
1
2
8
3
35
8
9
1
67
2
2
1
2
3
11
2
17
2
7
2
31
4
5
1
40
2
12
3
17
14
14
3
36
5
7
3
67
6
13
3
61
6
3
3
42
4
11
3
22
11
14
2
60
4
1
2
36
3
10
1
34
6
8
3
12
1
2
3
6
5
4
1
65
1
12
3
53
3
3
2
23
1
7
2
42
3
13
3
33
23
4
2
34
2
14
3
8
20
14
3
71
1
11
3
65
20
5
2
54
1
11
3
2
9
14
2
27
3
2
3
23
1
11
1
23
1
13
3
26
8
8
3
38
3
11
3
9
7
4
1
39
2
13
3
4
15
7
1
40
3
8
3
53
2
12
1
28
3
6
2
39
4
11
2
6
1
12
2
38
3
1
3
32
8
5
2
55
1
1
2
26
3
11
3
35
2
6
3
54
2
8
2
13
2
4
2
8
1
1
3
39
1
5
1
61
2
3
3
13
2
9
1
43
3
6
3
49
7
3
2
37
4
1
2
22
1
6
1
36
3
10
1
36
2
4
1
14
21
3
2
49
1
14
1
38
3
7
1
32
7
12
2
38
5
6
3
63
6
5
3
9
11
12
1
26
3
6
3
60
4
14
3
13
1
9
3
30
5
9
2
47
3
14
3
26
1
9
2
40
1
13
2
22
3
4
3
28
4
4
2
60
1
14
2
3
1
11
3
15
13
11
1
49
2
14
1
42
2
2
3
27
2
2
3
43
2
8
2
25
2
5
2
52
1
6
1
8
11
7
2
17
1
9
2
26
1
14
3
8
9
14
2
18
3
2
1
49
1
1
1
3
10
11
3
37
1
10
1
63
2
9
2
40
3
4
2
45
3
6
2
29
3
4
1
14
16
11
1
65
2
6
1
16
2
10
1
6
1
12
1
39
1
5
1
27
2
11
3
39
5
2
2
53
2
12
1
60
1
7
3
36
3
7
2
37
3
2
3
31
8
11
3
55
1
10
2
32
4
14
1
34
4
2
3
30
15
12
1
17
12
1
3
18
13
12
1
11
2
11
1
9
6
8
3
68
11
12
2
7
1
6
1
17
7
2
2
35
1
10
3
52
10
12
3
14
5
4
1
63
1
2
3
17
16
11
1
54
2
8
2
52
6
5
2
16
3
1
3
44
10
8
3
45
7
9
3
31
22
14
2
25
1
5
3
3
7
8
2
68
4
4
2
29
1
7
3
29
14
8
1
1
3
12
2
34
3
6
3
23
6
12
3
41
1
2
2
16
2
13
3
38
8
6
2
31
3
2
3
3
5
8
1
53
1
5
2
1
1
10
3
42
2
9
1
22
1
3
1
7
6
3
3
47
5
5
2
30
4
2
1
7
7
9
1
33
3
13
3
27
14
2
3
41
3
2
2
43
1
8
1
35
1
3
3
47
10
1
3
14
11
11
1
26
2
1
