2
63
1
4
1
53
1
3
3
29
11
10
2
16
2
3
2
30
4
8
1
38
1
3
3
54
2
10
1
63
2
1
1
61
3
1
3
12
1
5
1
6
2
1
3
45
2
7
1
38
3
9
1
41
1
9
1
8
2
7
2
13
3
11
1
47
3
1
1
68
3
9
2
54
1
2
1
49
1
9
2
71
3
7
2
49
2
1
3
23
18
12
1
7
8
7
2
34
2
5
3
28
16
1
2
71
1
5
2
29
2
13
2
43
5
11
3
68
10
2
1
65
1
7
3
67
27
8
3
38
3
1
3
30
8
12
1
2
7
13
2
36
5
13
1
10
4
3
2
17
3
3
2
15
3
11
1
71
3
13
3
39
10
10
1
18
10
2
1
11
1
11
3
11
22
1
2
39
1
3
3
27
5
3
1
71
2
6
2
53
3
14
2
44
2
12
3
35
2
11
3
27
11
4
2
10
3
4
1
16
4
11
3
2
10
3
1
67
1
1
3
14
21
10
3
29
9
8
2
68
3
6
2
37
1
2
1
9
12
5
1
68
2
13
2
40
2
13
3
43
1
13
2
68
1
2
2
14
3
9
3
17
6
5
3
44
10
6
2
32
4
6
1
3
7
12
2
32
2
10
3
13
1
11
1
40
1
6
1
3
3
10
2
45
3
2
3
31
16
7
2
35
2
9
3
55
8
7
3
68
15
6
1
1
3
12
2
67
2
5
1
22
2
5
1
17
11
12
3
36
10
2
3
53
2
6
3
12
3
1
2
66
3
2
2
9
2
4
1
60
1
5
2
55
2
9
2
31
4
12
1
41
3
2
1
27
1
9
3
61
7
11
3
22
6
11
1
40
3
1
1
9
10
2
3
66
8
9
3
65
6
9
3
39
5
1
1
17
15
12
1
34
4
14
1
52
2
11
2
2
2
4
1
7
7
8
3
65
14
14
3
66
6
8
1
15
1
3
1
33
1
5
1
65
2
12
1
54
1
13
3
42
2
2
2
18
2
3
1
49
2
3
1
52
1
6
2
30
2
10
2
13
2
13
3
15
4
10
2
38
4
10
2
1
3
3
3
54
1
8
3
71
4
1
2
43
3
14
3
52
8
1
1
45
1
8
3
55
7
1
3
44
8
7
2
38
2
9
3
5
2
14
1
28
1
10
2
47
3
6
1
25
3
10
3
26
9
10
1
42
1
7
2
67
1
4
3
25
7
11
2
3
1
1
2
28
3
1
1
11
3
14
1
29
3
4
3
41
4
2
2
17
2
5
2
66
1
9
1
2
1
2
2
29
3
7
3
25
6
8
2
42
4
2
1
33
5
8
2
23
3
7
1
25
2
8
2
28
1
11
1
4
8
7
2
27
2
5
2
12
3
4
2
22
2
4
1
60
2
7
2
61
3
14
2
2
1
5
2
34
3
12
3
38
2
11
3
32
5
4
1
55
2
4
2
1
2
8
1
54
3
2
1
44
2
12
1
26
2
5
3
23
7
5
3
49
5
1
3
7
3
11
3
31
15
8
1
35
3
7
2
52
6
4
1
37
2
2
3
45
5
14
1
67
3
2
1
39
1
12
1
47
1
12
3
4
13
7
3
49
2
11
3
8
10
6
2
52
5
12
1
66
3
13
3
40
2
13
1
1
2
12
3
16
4
11
1
26
1
6
2
7
1
13
3
5
4
6
3
53
7
10
1
15
5
6
2
41
2
8
1
43
3
5
1
12
16
13
3
41
2
8
2
11
1
14
2
65
4
1
3
4
21
4
2
37
4
8
2
44
5
4
3
6
5
4
3
67
9
2
1
16
7
10
3
61
6
13
1
28
2
2
1
29
2
10
3
28
6
13
1
53
2
14
3
18
21
4
3
40
5
13
1
39
3
2
3
34
6
2
2
8
3
6
3
35
4
12
2
26
2
11
3
11
24
8
2
36
3
7
1
37
1
10
2
11
3
4
1
23
1
1
3
6
4
14
2
26
3
9
2
33
3
6
1
66
1
6
1
42
2
13
3
1
9
8
3
2
7
13
2
15
2
2
1
8
1
5
3
43
4
8
3
14
5
1
3
63
6
6
3
26
11
6
2
6
2
13
2
27
1
14
1
36
2
12
1
45
2
2
2
25
2
5
1
5
2
4
3
32
4
2
2
42
1
1
2
12
2
11
3
8
11
8
2
54
2
12
2
63
3
13
2
61
2
9
1
22
1
9
3
10
10
5
2
45
1
14
2
31
2
8
1
14
10
13
2
40
4
10
2
23
1
7
2
22
1
3
2
6
3
14
2
53
1
1
1
4
3
7
1
61
2
1
3
22
4
6
2
4
2
11
1
10
7
9
1
55
1
4
3
13
4
13
1
30
8
1
1
35
2
10
3
3
3
12
3
3
5
11
2
60
2
3
3
33
8
9
1
14
13
3
2
47
1
14
3
36
14
9
1
27
2
6
3
16
2
10
3
1
7
11
1
13
1
12
2
10
2
14
3
63
13
14
2
9
3
10
3
42
3
1
1
30
6
4
1
63
1
5
1
31
5
2
1
12
17
12
2
3
2
12
2
35
3
2
2
16
3
13
1
32
4
2
3
33
4
5
2
41
3
9
2
5
1
14
1
43
1
11
3
9
13
11
2
39
2
5
2
60
1
14
2
65
1
7
1
23
3
6
3
17
3
5
3
7
4
12
1
34
7
5
3
9
30
12
2
55
1
9
1
6
1
13
2
14
1
8
2
5
2
11
3
47
10
13
3
37
6
13
3
10
19
14
3
37
9
3
3
15
8
10
2
49
1
8
2
33
1
11
2
8
1
3
3
30
21
2
3
18
4
13
3
60
25
13
2
25
3
10
3
71
3
12
1
13
2
2
2
7
3
2
3
34
9
9
1
31
8
10
1
5
1
6
2
4
3
10
2
18
4
9
1
36
1
10
3
52
7
2
3
47
9
13
1
32
3
4
3
60
12
3
1
44
3
3
1
18
11
9
