3
65
1
13
3
1
6
13
2
6
1
5
3
8
5
13
2
55
3
4
3
54
1
11
3
30
27
12
1
61
1
2
1
38
3
8
2
29
2
8
1
28
1
4
2
27
3
1
2
54
2
9
2
4
3
7
1
36
3
10
1
31
12
7
2
38
5
9
1
66
3
14
1
33
4
2
1
66
2
3
3
13
2
1
3
41
3
8
3
5
3
12
1
26
1
3
3
29
8
14
1
23
1
10
2
23
2
13
3
8
1
6
3
12
1
14
1
30
10
3
2
54
1
13
1
15
1
13
3
41
2
14
2
7
1
6
3
63
3
7
1
34
2
12
3
65
20
5
3
15
10
13
1
27
1
11
3
32
11
12
3
27
5
4
1
52
2
14
1
60
1
13
1
45
2
10
1
36
2
12
3
53
2
10
1
16
5
14
2
36
2
8
2
10
1
5
1
2
3
4
2
6
3
11
3
28
2
8
1
61
2
3
1
71
2
5
2
31
2
1
2
35
2
2
1
47
1
5
3
18
1
6
3
22
7
14
3
15
7
3
1
13
1
9
3
37
10
1
1
33
6
10
1
6
2
11
3
30
3
6
2
55
2
10
2
16
2
1
2
29
3
5
2
66
3
2
1
53
1
2
1
34
11
5
2
22
2
13
1
30
1
11
3
71
5
3
2
18
3
4
3
40
5
13
2
30
1
7
3
2
9
9
3
61
4
9
1
29
3
11
3
71
3
5
1
8
13
8
3
3
5
10
2
18
4
8
2
14
1
2
3
13
3
12
3
3
4
9
3
40
2
7
1
55
1
10
3
42
3
5
2
52
4
10
1
17
4
13
1
23
3
13
2
25
1
1
2
15
1
7
2
32
4
9
1
67
3
4
3
26
2
14
3
67
18
14
3
25
4
3
3
22
2
11
1
35
1
7
1
35
3
14
3
14
5
13
3
60
31
4
3
60
11
14
2
11
1
6
1
10
2
8
3
61
2
2
1
68
2
6
2
42
4
2
2
2
1
4
1
41
2
7
2
34
2
10
1
25
3
14
3
11
17
8
2
5
1
8
3
35
7
7
1
29
1
12
2
13
1
1
1
63
1
13
2
27
2
12
2
61
1
2
1
55
2
4
2
4
1
13
1
22
1
4
3
53
4
14
2
12
1
1
1
44
1
6
1
7
9
2
1
63
2
1
2
9
2
10
3
6
4
7
1
40
3
5
2
17
2
10
1
71
3
2
3
55
2
13
3
6
3
14
2
12
2
1
1
11
1
3
1
52
3
1
1
12
1
3
2
9
3
1
3
9
24
8
1
15
2
6
3
28
14
14
3
29
9
7
2
22
3
2
3
26
4
13
2
71
2
9
2
45
2
5
3
47
2
12
3
16
3
6
3
49
3
14
1
28
2
10
3
38
7
3
2
31
3
8
3
55
17
12
2
2
2
14
1
9
14
1
3
49
8
2
1
38
2
14
3
38
9
14
1
27
2
11
3
35
3
12
2
23
3
14
2
53
1
1
2
14
2
13
1
49
1
14
3
4
17
2
3
43
4
14
1
53
2
8
1
18
3
11
3
1
7
13
2
33
3
6
3
47
6
3
2
49
4
3
2
16
1
9
2
30
5
8
3
39
6
6
1
9
9
13
1
65
1
12
3
63
9
12
1
16
1
10
2
66
2
1
3
37
8
13
2
39
2
4
3
66
9
7
1
44
3
3
2
52
7
8
3
17
3
9
3
10
8
7
1
12
3
5
2
10
2
8
1
54
1
12
1
14
16
11
3
43
2
10
1
43
1
11
2
39
3
4
1
39
2
13
1
42
2
6
1
26
2
11
2
1
1
3
2
49
2
12
3
12
5
9
1
2
4
14
2
44
5
13
1
1
2
7
1
7
6
11
1
49
2
2
2
11
2
14
2
67
2
2
3
39
5
13
2
8
1
14
3
27
2
8
3
52
17
8
3
10
6
8
3
44
6
13
2
35
3
8
2
60
3
11
2
67
1
7
1
45
1
9
2
68
1
1
3
33
5
10
1
4
1
5
2
28
3
8
2
5
3
5
1
25
2
6
3
44
4
10
2
38
4
12
2
47
1
4
1
3
8
2
3
42
1
3
1
1
3
9
1
42
1
8
2
3
1
9
2
40
4
5
1
37
1
6
1
43
3
3
3
32
5
11
2
65
2
1
2
26
2
7
1
11
2
6
3
68
11
2
1
6
1
8
2
41
5
14
2
33
2
7
2
47
4
9
2
63
3
13
2
60
2
10
2
41
1
7
3
52
15
6
2
45
4
1
3
36
4
14
2
8
3
4
1
5
1
14
1
41
1
4
2
36
3
3
3
34
2
3
1
32
2
2
2
61
3
8
1
68
1
8
3
2
6
6
2
53
3
4
2
68
3
3
3
11
25
10
2
15
3
6
3
14
25
1
2
17
1
2
3
66
8
12
1
13
5
3
1
32
3
2
2
25
2
1
3
7
2
5
2
37
2
10
1
67
1
11
2
1
3
8
3
34
11
13
3
45
3
7
3
25
5
8
2
40
2
10
1
54
2
9
1
22
3
12
1
31
11
6
1
39
1
2
1
47
2
3
3
9
30
4
2
43
1
12
1
3
11
13
1
65
2
10
1
37
2
8
3
36
15
10
3
33
7
6
1
40
1
14
3
31
20
6
3
31
1
7
3
18
6
7
3
23
16
8
1
18
8
2
2
44
4
8
2
63
2
3
3
7
1
12
1
60
2
4
1
5
2
8
3
17
13
2
2
42
3
12
1
8
5
9
3
23
1
5
2
3
2
8
2
71
3
2
2
32
2
12
2
65
1
4
3
4
24
12
2
28
1
13
2
43
2
7
3
16
2
7
3
68
15
5
1
14
20
10
2
34
1
11
3
45
1
4
2
13
2
5
1
4
3
10
2
26
1
2
3
54
2
5
1
10
1
11
3
5
1
2
3
67
32
5
1
17
1
13
2
37
3
3
2
7
3
8
