1
66
1
13
1
16
4
12
3
36
3
7
3
68
6
13
2
28
1
6
3
42
3
13
3
6
1
1
1
68
1
6
2
8
2
9
2
65
3
10
2
45
2
8
2
13
1
7
1
8
5
11
1
8
8
6
1
36
2
9
2
52
1
7
3
17
14
6
3
49
8
14
2
35
2
9
3
4
17
5
1
42
2
10
2
31
1
1
1
3
11
14
2
55
3
7
2
25
1
4
3
2
10
7
2
31
2
4
1
55
1
8
1
30
12
4
3
36
14
5
1
15
1
10
3
1
5
9
3
53
1
5
2
55
2
9
3
54
1
7
2
71
3
14
2
36
3
4
3
71
2
13
2
40
3
10
2
3
2
12
3
33
18
8
3
6
5
12
2
41
3
2
2
52
2
6
2
41
1
13
1
31
13
14
1
13
8
14
2
39
1
6
2
12
3
6
1
6
2
6
1
45
1
12
1
29
3
6
3
22
11
8
1
27
2
7
1
39
3
5
2
25
3
14
3
12
3
11
3
15
9
1
1
1
3
12
3
11
1
1
2
22
1
4
3
16
7
9
2
66
3
5
1
12
13
12
1
33
5
10
2
29
2
6
1
11
2
6
2
7
2
5
1
44
2
10
2
13
2
6
3
7
5
13
2
66
1
7
1
9
10
14
1
37
1
9
2
10
1
2
2
28
3
1
1
31
18
9
3
47
10
12
3
65
5
13
1
2
1
3
2
17
1
13
2
34
1
14
1
5
1
8
1
7
10
7
3
67
4
7
2
22
2
6
1
65
1
10
2
44
3
14
1
22
1
14
2
61
1
8
1
52
3
6
2
4
3
12
1
25
2
6
2
61
2
8
1
17
5
8
1
40
1
11
2
15
2
9
1
42
1
2
3
43
8
12
2
9
3
1
3
13
4
2
3
29
12
12
2
60
4
12
2
43
2
7
1
13
1
1
3
8
13
4
3
33
19
14
3
34
3
14
1
39
4
3
1
26
3
3
3
37
2
3
2
49
4
3
3
68
10
3
3
45
6
7
1
41
3
14
1
54
2
1
3
34
10
3
2
6
1
13
3
49
1
10
1
18
15
10
1
35
1
1
1
26
2
6
3
55
8
11
3
35
7
3
1
45
2
13
2
8
1
4
3
2
8
6
3
14
21
13
1
43
3
5
2
68
2
12
3
44
10
7
3
26
7
13
3
40
3
2
3
3
10
13
2
47
3
13
2
60
3
13
1
22
2
2
2
1
3
7
2
23
1
13
3
52
2
7
1
11
5
13
2
42
3
14
2
12
2
11
1
14
12
6
1
32
2
2
1
35
3
7
3
13
9
6
3
17
15
2
1
5
2
6
2
44
2
11
2
34
2
7
1
30
1
7
2
9
1
6
3
26
9
5
1
15
4
4
2
16
3
11
2
39
4
9
3
10
16
1
2
67
2
2
1
36
1
14
2
5
3
8
1
28
1
8
1
32
3
12
2
54
2
5
1
55
2
13
3
40
6
10
1
9
7
5
2
17
2
13
3
32
10
6
3
16
6
4
3
60
23
8
2
1
1
6
2
14
3
6
3
61
6
7
2
67
1
6
1
60
2
11
1
71
2
8
2
33
1
5
3
61
8
14
3
1
10
5
2
23
2
10
3
28
3
12
3
71
4
11
2
30
1
13
2
10
3
12
3
41
4
6
1
27
1
1
3
47
3
3
2
2
2
12
3
32
4
5
3
45
4
8
2
30
4
5
1
61
1
8
1
23
3
7
3
9
31
5
3
31
2
4
2
6
2
1
1
40
2
4
1
67
1
5
1
63
2
6
1
12
15
2
1
53
1
14
3
23
11
9
1
49
1
8
2
32
4
3
1
34
7
12
1
49
2
14
2
7
1
4
2
18
2
12
2
26
3
9
2
65
1
11
2
33
2
1
1
25
3
12
1
18
1
6
1
10
2
4
3
25
4
10
2
4
1
5
3
38
10
12
3
30
24
9
2
53
3
5
2
5
2
11
2
43
1
11
1
47
2
7
3
14
9
11
1
34
6
7
3
65
9
8
2
26
1
8
1
37
2
13
2
16
1
10
2
14
1
4
2
37
3
13
2
37
2
11
1
61
2
5
3
52
11
3
3
4
7
11
3
10
11
1
3
54
2
3
2
38
1
10
3
11
7
10
2
47
2
10
1
10
3
6
2
54
1
3
2
32
2
8
1
53
2
10
3
60
11
9
3
63
7
1
1
71
3
7
3
38
11
14
1
33
7
13
3
39
1
3
3
41
2
8
2
71
2
9
2
63
2
1
2
27
2
1
1
14
4
13
2
27
3
9
1
4
1
6
3
3
9
2
3
66
9
3
1
2
4
6
3
55
13
3
2
38
2
11
2
36
2
10
3
29
9
2
3
44
5
4
1
67
3
7
3
39
9
4
3
5
3
3
1
60
1
6
3
22
8
8
1
17
1
2
3
9
20
4
1
3
1
8
1
65
2
5
2
63
3
7
2
35
1
8
3
12
1
6
3
28
2
14
3
31
29
1
1
28
2
7
1
63
1
6
1
38
3
1
2
42
4
10
1
4
6
11
1
44
4
11
1
23
1
8
2
2
1
2
1
38
1
3
2
53
1
12
3
53
3
5
1
52
2
10
3
43
3
12
3
15
15
10
1
6
1
12
3
37
3
11
1
1
1
7
3
27
11
7
2
11
2
6
2
15
3
5
3
25
1
1
1
41
2
1
3
42
2
12
3
8
9
10
2
11
3
2
3
66
8
5
2
45
4
11
3
63
9
8
3
23
7
2
1
47
1
4
2
3
3
12
1
29
2
10
1
16
2
11
2
49
3
2
3
30
4
3
3
18
21
10
3
7
4
2
2
40
1
8
3
18
1
2
3
5
5
5
1
43
2
9
1
68
3
8
2
68
3
9
1
7
2
11
3
27
2
9
3
67
28
12
3
35
3
5
2
18
3
6
1
54
3
10
2
29
1
14
1
66
3
1
