1
60
2
13
2
43
4
2
2
40
2
11
2
8
1
3
3
14
9
12
1
61
2
11
3
67
8
9
2
7
3
11
2
27
1
10
1
38
1
3
1
33
3
5
1
49
1
8
2
8
3
4
2
9
3
4
3
65
18
2
1
54
2
5
3
49
5
9
1
17
4
1
2
55
2
7
3
1
6
14
1
67
2
14
2
47
4
5
3
10
24
5
2
4
1
9
3
49
2
6
1
34
5
1
3
32
11
5
1
15
3
2
3
33
18
7
1
25
3
9
3
34
9
7
1
6
2
1
1
10
2
9
2
22
2
14
1
41
2
13
3
37
9
10
1
12
9
14
3
41
4
9
3
71
1
8
3
45
2
10
2
1
2
13
1
39
4
1
1
9
13
11
3
3
3
4
1
22
2
5
3
42
1
11
3
38
8
11
2
28
3
11
1
7
8
5
3
8
5
8
3
23
13
5
3
14
12
9
2
45
3
4
1
55
2
2
3
54
2
1
1
55
1
13
3
66
8
9
1
3
3
13
3
18
1
8
2
31
4
9
1
52
2
2
2
61
1
13
2
13
1
9
2
6
1
14
1
66
1
7
1
7
4
3
1
25
1
8
2
18
3
3
2
52
3
9
3
60
29
1
2
53
3
7
2
43
2
3
2
31
1
13
2
17
1
12
3
16
7
3
2
54
1
13
1
32
5
3
1
9
5
3
1
8
1
5
3
11
12
5
1
35
1
7
3
31
22
8
3
26
1
8
2
3
2
10
1
31
6
14
3
71
2
2
2
30
5
7
1
42
2
9
1
13
3
13
1
53
2
3
2
60
3
1
1
35
2
6
2
68
2
13
1
4
7
13
2
71
3
12
2
53
1
8
1
67
1
9
2
63
3
6
1
29
2
8
1
11
5
3
1
63
2
14
1
3
2
13
1
36
1
7
3
27
17
14
2
67
2
10
1
30
16
9
2
61
3
13
3
28
14
8
3
65
14
4
1
5
2
9
2
29
3
8
1
36
3
5
1
53
1
8
1
6
1
9
3
2
10
1
1
49
2
7
3
40
2
7
3
45
1
13
1
2
2
4
1
47
1
9
2
32
4
3
2
26
2
4
3
55
4
2
1
11
1
4
3
23
2
10
3
18
20
4
2
26
3
5
3
15
13
9
3
16
3
2
2
2
3
7
1
28
1
11
1
26
2
9
2
66
3
1
3
29
1
11
2
66
2
10
2
35
1
3
2
28
2
10
3
4
17
8
1
54
1
8
3
7
1
9
3
33
20
12
2
23
3
11
3
52
7
13
2
49
4
1
3
39
3
14
1
4
6
3
2
68
3
11
3
17
8
13
2
14
3
2
1
1
2
8
2
12
2
9
2
67
1
8
3
55
15
2
1
14
14
10
3
44
9
6
1
43
2
8
3
35
5
3
1
37
2
7
2
15
3
2
3
40
4
2
3
3
5
9
2
22
3
13
2
37
4
11
3
42
2
2
3
4
15
8
1
23
3
14
1
37
1
10
2
42
3
8
1
16
1
5
2
60
4
4
1
61
3
5
2
54
2
12
3
12
5
8
1
5
1
4
1
23
1
14
1
41
1
3
3
7
5
11
3
61
5
9
2
42
4
8
1
68
1
13
3
2
12
1
3
52
17
12
3
9
17
8
3
27
16
14
2
38
2
11
3
5
2
4
2
6
2
14
1
16
4
10
2
41
3
5
2
4
2
11
2
33
2
12
1
40
3
11
2
16
3
1
1
31
9
3
3
38
2
6
3
41
1
9
2
9
1
1
3
13
8
11
3
43
6
5
3
22
4
9
3
26
12
10
2
39
1
7
1
60
1
13
2
44
1
4
3
44
5
10
1
18
7
1
1
28
2
3
1
52
1
10
3
39
8
3
2
10
2
10
2
32
2
8
1
44
4
12
1
15
1
11
2
11
2
3
1
8
16
4
2
1
3
12
2
5
1
13
2
38
5
3
3
11
1
14
3
53
1
2
1
45
1
9
2
10
3
10
1
44
2
11
2
47
2
11
3
22
10
8
3
68
16
5
3
36
14
1
3
9
12
7
3
63
11
2
1
2
7
4
3
43
7
9
3
53
5
14
1
34
1
12
2
30
1
10
2
25
2
5
1
22
3
5
3
8
14
13
3
12
7
2
2
63
2
5
1
33
7
2
3
35
4
6
2
17
2
9
2
36
2
9
3
28
1
13
3
63
13
6
1
27
1
3
3
31
15
10
2
7
1
6
2
36
4
2
1
32
6
11
2
45
1
7
3
66
4
8
1
40
1
14
1
13
6
10
2
5
3
12
2
3
1
7
3
47
6
8
2
34
3
1
2
55
1
3
2
33
3
9
3
10
15
10
2
12
3
11
2
41
2
6
2
2
1
4
1
1
3
4
2
34
2
4
3
34
4
12
2
39
4
5
2
71
2
6
1
39
2
13
1
42
1
8
2
11
3
5
2
16
2
13
2
44
5
6
3
54
1
13
1
43
1
14
1
45
2
9
2
14
2
8
2
27
3
14
3
17
5
5
1
63
1
3
3
1
8
3
3
25
2
10
3
67
34
10
1
38
3
14
3
6
3
5
2
65
1
6
1
18
8
7
1
29
1
5
1
27
2
9
3
30
4
4
1
12
5
10
3
61
2
3
2
52
7
11
1
17
11
14
3
6
5
2
1
14
16
10
2
29
2
7
2
23
2
2
3
68
1
11
2
25
3
12
1
26
1
13
2
18
1
1
1
65
1
6
3
47
9
7
2
15
2
10
2
37
1
3
1
66
3
3
1
30
2
1
1
68
3
7
2
13
2
8
3
5
3
9
3
15
14
9
3
29
6
1
2
40
3
1
3
37
10
10
1
71
3
7
2
49
1
10
3
30
9
13
3
13
3
1
3
25
4
14
1
71
1
10
1
10
6
1
3
32
9
8
2
35
3
4
3
60
25
3
2
65
2
8
3
36
5
14
1
65
2
11
1
47
3
13
