2
45
4
6
2
53
3
4
1
67
1
5
3
53
1
9
2
44
3
4
1
39
3
14
2
37
4
12
1
4
8
3
1
65
1
9
2
23
1
1
2
27
2
12
3
29
15
1
3
17
12
4
2
13
3
13
3
22
9
11
2
31
4
4
1
63
1
14
2
34
1
4
2
17
2
10
2
45
2
5
2
49
3
8
3
55
4
8
3
14
13
4
3
8
11
1
1
38
3
14
3
27
2
9
3
16
1
14
3
15
14
8
3
52
5
1
3
37
12
2
1
68
2
9
2
63
3
6
3
68
6
5
2
29
1
7
2
67
1
4
2
18
1
12
2
2
2
2
3
13
7
1
1
28
2
6
1
11
4
4
2
3
2
1
1
6
2
1
1
33
5
11
2
7
3
9
1
42
1
8
1
26
1
7
2
43
2
2
1
14
2
13
2
47
3
5
1
8
7
1
2
16
1
6
2
15
1
11
2
42
1
6
1
2
3
12
1
53
2
12
2
14
3
7
3
39
7
8
2
11
1
7
3
71
2
8
3
67
33
12
1
16
6
7
3
52
15
8
1
47
1
5
3
32
3
8
2
17
1
10
2
32
2
4
1
31
6
11
3
41
4
12
2
41
4
12
1
25
1
6
1
5
1
9
1
7
5
2
1
27
2
7
1
23
3
14
3
1
5
12
1
17
7
4
2
41
3
6
2
66
1
2
3
3
9
9
1
5
2
11
3
49
7
8
1
3
8
9
1
29
2
11
3
26
8
5
3
3
6
8
1
13
7
14
1
7
1
14
1
44
2
6
1
29
1
13
2
38
4
1
2
55
2
3
1
63
2
11
3
49
1
7
3
11
9
13
3
23
5
8
3
63
1
7
2
4
1
13
3
5
1
5
3
38
10
13
1
15
2
13
1
15
3
6
3
61
1
10
1
40
3
14
1
47
2
12
2
31
3
11
2
32
4
12
3
8
5
4
3
33
10
14
1
43
1
10
1
22
2
8
1
18
11
4
1
52
1
3
3
43
1
9
2
30
1
13
1
23
1
5
3
10
1
14
2
33
3
7
2
18
2
8
1
37
1
9
1
44
4
9
1
40
1
7
2
15
2
10
3
34
9
2
3
71
5
10
3
25
9
8
3
39
6
12
1
18
14
3
3
25
7
8
2
25
2
10
3
5
4
14
1
16
3
5
2
9
2
5
2
8
3
2
2
34
2
12
2
52
3
12
2
61
1
14
3
61
5
8
1
55
1
10
3
63
7
12
2
12
2
5
3
12
6
5
3
53
8
7
1
43
2
14
1
41
3
2
3
65
10
1
1
53
1
13
3
15
12
2
2
23
3
4
2
28
3
10
1
60
1
10
3
60
17
14
3
42
2
9
3
40
4
7
3
6
2
10
1
22
3
12
3
18
24
7
3
6
6
12
1
32
2
14
1
71
2
2
1
10
1
12
1
34
5
12
2
22
2
7
3
17
11
7
1
45
2
6
3
29
1
2
2
65
4
2
1
13
9
14
3
27
11
5
3
37
4
8
3
31
16
12
2
35
2
9
2
16
2
8
2
55
1
9
2
5
3
8
1
4
6
10
2
3
3
4
3
13
5
4
3
9
7
1
1
27
1
5
3
22
6
4
2
28
2
10
1
35
2
3
2
9
1
11
2
4
2
5
2
68
1
8
1
68
3
8
3
28
11
8
1
9
6
13
3
35
7
6
3
4
28
9
3
11
24
1
2
39
2
9
1
6
1
8
3
16
8
5
2
66
2
4
1
12
15
10
3
36
5
12
1
11
2
6
2
26
4
3
2
68
2
11
3
28
5
4
3
60
30
2
3
4
15
12
2
52
4
8
1
14
8
14
2
10
3
4
3
30
16
10
2
40
1
12
1
31
15
7
1
32
4
13
2
8
2
12
1
67
3
10
2
35
1
7
3
1
3
4
3
65
5
5
2
29
3
9
2
36
4
2
3
14
25
2
1
33
7
7
3
45
2
6
1
66
3
4
2
30
3
13
1
12
11
2
2
71
1
3
2
40
4
13
3
36
8
13
1
17
4
10
2
25
1
12
1
39
4
4
3
44
6
3
1
36
2
9
2
44
2
1
3
55
10
12
3
7
1
8
2
6
2
5
2
5
2
14
2
63
2
2
1
1
2
5
2
71
2
5
3
7
5
5
2
11
2
12
1
49
1
5
2
27
3
4
3
31
15
5
2
22
3
2
3
47
5
1
2
54
1
5
1
60
2
10
2
2
1
6
2
38
5
2
2
1
2
8
3
38
7
10
2
60
1
6
1
26
3
11
2
65
1
12
1
3
2
13
1
9
13
6
1
65
2
9
1
36
1
5
3
44
7
13
2
61
2
10
1
10
2
8
3
66
4
6
3
66
9
12
1
71
3
2
3
34
7
3
3
40
6
14
3
68
7
3
2
10
2
9
1
25
3
5
1
30
17
6
3
10
17
5
2
26
2
12
1
55
2
6
1
54
3
2
2
33
1
11
1
61
2
10
1
37
2
9
3
18
12
10
1
42
2
2
2
1
3
3
1
28
1
4
1
54
1
7
1
34
2
8
3
47
9
11
2
6
3
5
2
43
1
5
1
8
9
2
2
60
3
14
2
53
1
2
3
12
4
11
3
42
4
6
3
23
11
7
3
54
2
11
2
13
2
2
3
43
7
2
3
30
11
9
2
7
1
8
1
35
4
14
3
41
3
4
2
49
2
9
3
26
11
12
1
66
2
9
2
37
2
11
1
52
2
7
3
32
12
14
3
45
3
3
1
49
2
13
2
42
3
1
1
45
1
14
1
38
1
5
2
14
2
1
3
33
8
9
1
30
3
14
2
47
4
4
2
54
2
3
2
67
2
14
1
41
1
13
3
67
15
14
3
54
1
8
1
2
4
5
3
35
5
5
3
2
3
4
1
61
1
4
2
36
1
4
1
1
3
1
3
2
4
13
2
39
1
2
3
9
16
10
2
12
1
8
