2
35
2
3
1
9
3
8
3
71
4
11
2
8
1
6
3
66
8
10
2
11
3
8
1
17
3
11
1
71
3
11
1
31
1
1
2
5
1
12
1
42
1
6
2
66
1
6
2
49
4
14
2
60
2
7
3
28
2
12
1
33
1
12
1
53
2
13
2
45
3
5
2
45
2
5
1
68
2
10
2
17
3
8
1
6
1
4
2
30
5
8
2
3
3
3
3
9
2
5
1
26
1
13
2
38
2
6
2
61
1
9
2
14
1
3
3
43
2
11
3
22
7
4
2
61
3
6
1
66
2
2
3
49
7
13
3
40
4
10
2
43
5
5
1
5
2
14
1
27
2
11
3
65
14
2
3
33
13
2
2
7
3
11
1
45
2
4
1
49
2
3
3
38
6
2
1
16
6
7
2
16
3
13
3
38
1
2
2
36
4
6
3
34
9
5
3
16
1
2
2
2
1
5
2
23
2
7
1
38
1
13
1
8
12
7
3
44
1
12
1
41
1
9
3
11
13
13
2
13
3
12
2
14
2
8
3
47
5
6
1
68
1
12
1
55
1
3
1
2
3
8
2
8
3
14
1
52
1
13
3
37
8
5
3
39
6
4
3
35
6
4
2
18
2
13
2
1
2
2
2
5
3
14
1
29
3
2
1
67
1
8
1
65
2
11
2
12
2
14
3
61
1
14
2
15
1
7
2
54
1
5
3
47
10
6
1
5
1
10
3
41
4
2
1
15
5
2
3
15
13
2
2
41
3
2
1
40
3
13
2
33
3
12
1
22
2
9
1
28
1
14
2
4
1
3
1
33
8
9
1
2
2
3
2
65
3
3
2
33
2
8
1
25
1
1
3
43
7
13
1
1
2
7
1
11
10
2
2
26
3
6
3
12
2
13
2
54
2
9
2
29
2
10
1
49
1
7
3
55
7
9
3
1
8
9
3
42
4
11
3
6
1
4
2
67
2
6
2
10
1
6
1
12
16
3
1
16
2
5
3
25
3
13
2
4
3
13
1
18
13
13
3
53
2
1
2
53
2
14
3
30
27
1
2
2
3
5
2
39
1
2
1
27
1
10
3
27
14
2
1
39
2
2
3
9
9
10
1
13
9
10
1
53
1
11
1
63
2
13
2
71
2
8
3
2
6
6
2
44
5
11
2
40
4
1
3
33
10
11
1
8
5
5
1
14
7
7
1
65
1
5
1
14
8
11
2
63
1
12
1
1
1
4
1
37
2
10
2
52
6
7
1
31
8
1
3
26
6
5
3
68
11
5
2
31
4
12
1
61
2
6
1
54
2
2
1
67
2
13
1
6
2
14
1
36
1
14
1
42
2
3
1
12
8
4
3
42
1
9
2
68
1
13
3
27
4
7
2
1
1
1
2
35
3
12
2
27
1
4
1
63
1
10
3
25
9
9
2
60
3
3
2
6
3
1
3
67
38
2
1
71
2
12
2
22
2
5
3
26
8
3
2
11
2
9
2
23
1
5
1
66
1
9
3
3
1
11
2
53
3
11
1
30
15
13
2
34
1
5
2
17
1
9
2
28
2
10
1
7
3
12
1
41
2
1
2
37
2
10
2
26
4
8
1
37
1
6
1
22
3
14
1
47
3
12
1
28
3
12
1
10
6
3
1
55
2
8
1
36
2
3
1
11
3
12
3
10
24
6
1
35
1
3
1
15
2
7
3
2
5
13
1
60
2
2
2
52
2
14
3
40
2
10
3
55
6
9
2
65
2
3
2
18
3
5
2
25
2
2
3
29
6
9
3
60
19
13
3
13
2
5
3
39
1
4
3
54
1
6
2
29
3
13
3
31
1
1
3
36
9
14
2
49
2
9
2
71
1
12
1
60
1
1
1
54
1
12
3
4
4
1
1
35
4
7
1
43
3
11
2
47
2
6
3
5
3
12
3
31
17
5
2
32
1
7
1
4
5
12
3
53
1
1
3
30
12
14
3
4
1
6
2
10
2
13
3
71
1
12
1
29
1
4
2
37
4
6
1
26
3
7
2
66
3
6
3
5
4
6
2
9
2
10
3
15
17
1
3
14
14
4
3
17
11
3
3
7
3
5
2
42
2
14
3
66
7
3
3
65
16
5
3
45
5
5
3
49
4
4
2
7
1
2
3
28
10
10
1
34
3
8
2
44
4
14
2
13
2
4
1
18
8
10
2
40
3
14
3
45
3
11
1
38
3
9
3
1
9
9
1
61
3
14
1
45
1
12
3
41
2
11
1
32
2
7
1
30
13
14
3
10
21
2
2
30
1
3
3
8
10
9
2
39
4
10
3
22
9
8
1
9
5
14
3
7
2
14
3
67
11
9
1
10
3
1
1
13
2
12
3
29
7
6
2
43
4
2
3
18
1
9
3
8
14
1
3
34
11
10
2
12
3
1
3
37
3
2
3
23
13
4
1
39
4
5
2
36
1
11
3
32
1
3
2
31
5
6
1
52
3
11
3
54
2
1
2
9
3
4
3
52
15
10
1
47
2
5
2
28
1
6
3
23
12
3
3
17
12
5
2
68
3
4
1
23
3
14
1
3
1
10
1
34
7
7
3
13
8
14
3
52
10
1
3
68
3
10
3
44
6
4
3
36
10
2
1
44
4
12
3
6
4
8
3
16
6
12
1
23
2
5
1
3
10
2
2
38
3
4
2
34
3
4
3
11
18
13
2
41
1
3
1
32
6
14
1
4
7
13
1
7
6
9
2
3
1
5
2
55
3
4
3
60
31
6
1
44
2
3
3
63
9
13
2
15
3
14
2
27
2
3
3
32
8
14
2
6
1
4
3
18
14
14
2
22
3
11
2
67
1
9
2
32
4
2
3
35
3
1
3
61
9
4
1
43
1
3
1
17
13
7
1
25
2
1
3
63
1
8
2
16
2
11
2
42
1
14
1
40
2
7
3
3
3
11
2
55
1
13
2
63
2
14
3
14
21
4
2
25
1
8
2
47
4
11
3
12
4
5
