3
63
6
3
1
43
1
10
2
6
3
2
3
7
4
14
2
33
3
4
2
32
2
6
1
13
6
2
2
1
2
2
1
9
9
2
1
67
1
12
3
55
15
7
1
32
1
6
2
14
2
8
2
6
2
12
2
38
2
9
2
31
5
10
3
32
6
1
1
54
3
8
1
3
1
6
3
1
10
6
1
40
3
13
1
25
3
7
3
3
10
1
1
60
2
11
1
18
4
12
3
49
2
1
2
45
2
8
1
47
1
11
2
40
2
11
2
68
2
7
1
49
1
12
1
68
1
3
2
54
1
12
3
27
6
13
2
47
4
4
1
28
2
11
3
43
2
10
1
1
1
10
1
42
2
8
3
61
5
14
3
34
11
5
1
16
6
3
3
28
11
5
1
36
1
6
2
36
1
10
3
8
7
14
2
9
2
14
1
45
2
4
3
26
5
9
3
47
8
3
3
39
10
8
1
54
1
1
2
15
1
14
3
9
32
7
3
17
9
4
2
41
1
5
3
14
14
4
3
52
15
9
1
34
11
9
1
39
4
12
1
43
2
2
3
47
3
6
1
11
12
9
3
2
8
14
3
33
6
9
1
61
2
13
2
49
1
7
2
12
3
7
1
29
2
11
1
53
2
11
2
27
1
14
1
5
1
1
1
38
1
3
3
53
7
14
1
55
2
10
1
12
7
14
1
4
2
3
3
3
9
11
3
22
2
3
1
26
3
14
2
44
5
10
1
2
1
1
2
32
1
4
1
71
1
4
2
42
3
14
1
5
2
11
3
25
6
13
2
16
1
11
2
22
2
1
1
13
7
12
1
27
3
9
2
7
1
1
1
35
4
9
2
45
4
3
1
3
11
6
2
3
3
8
2
61
1
1
3
61
2
6
2
10
1
13
1
44
2
2
3
37
9
8
3
8
18
3
2
26
4
13
3
40
2
7
2
52
1
3
3
31
11
1
2
71
1
13
2
23
3
11
3
1
1
14
2
16
3
5
2
68
4
9
3
35
8
10
1
37
1
7
3
66
4
12
3
44
8
14
2
43
4
3
3
5
3
5
3
55
1
14
2
15
3
10
1
8
11
14
3
7
1
9
2
8
1
4
3
4
15
1
2
5
3
14
2
31
1
8
3
65
17
10
2
44
1
2
2
13
2
12
3
67
2
3
2
18
4
10
2
1
1
9
3
44
2
12
2
11
3
10
1
31
3
10
2
54
2
1
3
27
4
7
3
14
3
9
2
12
1
4
2
40
1
13
1
6
1
11
2
7
3
1
3
16
5
5
3
31
25
3
1
31
16
3
2
14
1
4
3
53
1
2
2
22
1
4
2
11
2
7
1
10
7
4
2
39
1
11
2
71
2
7
3
6
5
6
2
30
3
6
2
28
1
3
2
43
1
11
3
23
9
14
1
28
1
3
2
65
1
10
1
15
4
3
1
40
2
4
1
1
3
2
1
52
2
10
3
13
5
9
1
30
11
9
3
60
2
4
3
5
4
11
1
45
1
1
3
49
1
4
2
26
1
12
1
71
2
3
2
53
1
9
3
30
24
6
3
11
19
2
2
49
4
5
3
45
3
10
3
37
8
1
2
41
4
11
2
25
2
2
1
17
2
3
2
60
1
13
1
25
2
11
1
6
2
11
1
23
1
13
3
12
5
7
1
33
7
8
3
68
17
3
1
66
2
14
1
65
1
8
1
37
2
11
1
16
3
8
1
23
2
6
3
17
2
1
3
60
12
7
1
35
3
3
3
11
26
3
3
13
7
7
3
29
8
10
1
27
2
13
2
35
2
4
3
40
3
12
2
66
2
8
1
7
1
9
3
52
2
2
3
9
18
1
1
61
1
14
1
41
1
5
1
30
9
3
3
68
2
8
2
53
2
4
3
71
2
14
3
30
7
3
3
38
12
9
1
47
3
8
2
55
1
6
3
12
2
11
2
36
2
4
1
60
1
10
3
45
2
10
1
52
1
8
2
34
2
5
1
22
3
6
3
16
6
6
2
3
1
1
1
39
2
2
2
18
3
5
2
65
3
11
1
10
4
13
1
17
4
12
3
15
12
4
2
33
1
3
1
44
3
1
2
2
1
8
1
9
4
10
1
33
2
7
1
63
1
6
3
41
3
13
2
37
3
12
3
25
9
5
3
43
7
2
2
55
2
10
2
17
1
3
1
4
1
13
3
29
16
3
2
38
3
6
1
38
3
14
2
30
1
14
3
2
12
13
1
36
3
9
3
15
9
13
3
4
28
10
3
23
8
2
1
68
3
9
3
54
2
4
3
26
2
6
2
35
3
12
3
36
14
7
3
35
2
2
2
52
5
5
2
28
2
1
1
29
3
7
1
22
1
13
1
11
6
10
2
37
4
13
2
63
3
11
2
42
1
10
2
25
1
3
1
8
9
14
1
15
3
14
3
63
7
7
2
5
1
7
1
2
5
12
1
32
7
7
2
67
2
12
2
17
3
3
3
54
1
7
3
33
20
5
1
65
2
14
1
55
1
2
2
13
1
11
3
71
5
11
2
9
1
3
2
34
3
1
3
67
16
13
3
10
12
5
3
42
1
13
2
39
3
14
1
26
1
14
1
12
4
7
1
49
2
8
3
22
3
4
2
2
3
4
2
61
3
4
3
28
15
13
2
60
2
2
3
36
1
12
3
38
6
1
2
29
3
14
3
66
6
5
2
8
2
9
1
53
1
4
1
66
3
11
1
14
4
11
2
47
3
9
3
18
3
10
1
63
2
14
2
63
2
2
2
66
3
5
3
41
2
8
3
42
3
11
2
4
1
9
3
32
4
8
2
4
2
7
1
41
2
3
3
18
11
4
1
34
4
10
1
67
2
12
2
10
3
4
3
6
2
8
1
18
13
5
3
39
5
14
3
10
13
4
1
7
6
11
3
34
4
9
2
29
2
5
3
65
18
4
2
27
3
12
2
67
1
13
2
23
2
4
1
42
1
8
1
14
21
14
