3
29
1
4
1
6
2
3
1
45
2
4
2
42
2
9
1
38
1
8
2
1
2
9
3
37
11
1
2
25
2
1
2
36
1
1
1
13
9
6
2
7
3
6
3
22
5
6
3
27
6
1
1
34
9
2
3
5
1
8
1
17
15
10
1
7
5
5
2
30
2
10
2
15
3
4
2
22
1
5
3
68
6
5
1
33
8
7
3
4
27
6
3
67
7
11
1
31
8
4
3
18
11
5
1
52
2
6
1
39
3
12
3
4
10
7
3
3
6
1
2
67
2
3
3
23
15
10
3
3
10
3
3
14
14
10
3
43
8
9
3
30
13
13
2
30
4
7
2
29
1
8
2
23
1
9
3
30
3
6
2
26
4
9
1
49
2
8
2
61
3
12
3
38
8
6
1
6
1
4
1
16
3
5
3
65
19
7
3
7
5
2
3
12
1
5
2
41
1
13
2
13
3
8
3
61
6
3
2
16
3
2
3
28
13
13
2
65
2
10
2
67
1
12
3
33
14
2
3
63
4
7
1
52
3
1
2
71
1
14
2
40
3
5
2
18
4
14
1
8
11
9
1
71
1
5
1
60
2
5
2
44
4
5
1
54
3
14
2
4
1
7
2
32
4
8
1
25
2
10
2
39
3
3
1
42
1
14
1
35
1
1
3
36
3
14
3
18
5
4
1
68
3
10
1
2
1
2
2
68
3
12
3
16
2
10
3
52
4
10
3
29
3
13
2
63
1
10
2
38
1
12
3
31
28
12
2
32
3
12
2
34
3
14
2
10
2
13
2
14
2
12
3
53
6
3
1
38
2
7
2
41
5
5
1
39
4
12
1
27
1
14
2
5
1
13
3
55
14
6
2
60
1
3
1
3
8
5
2
9
3
12
1
37
1
13
1
55
1
9
1
36
1
13
1
53
2
7
2
54
1
8
3
40
1
6
2
45
4
2
1
67
3
4
2
8
1
14
2
45
3
13
1
1
1
4
3
10
5
11
1
32
1
8
2
2
1
14
2
52
4
3
2
10
3
13
1
23
1
4
1
26
3
11
3
32
3
8
2
26
2
2
3
49
4
2
3
40
3
12
3
17
10
4
2
5
2
2
2
52
1
6
2
29
3
11
3
68
2
3
2
35
3
8
2
6
3
4
2
66
3
8
3
42
1
11
3
9
7
6
1
15
2
1
3
12
4
7
1
33
2
1
1
32
2
11
1
41
2
13
1
27
2
6
3
44
6
12
1
67
2
3
3
60
26
3
3
25
1
13
3
67
22
2
3
33
15
10
1
66
2
10
1
26
2
11
1
31
16
4
3
71
2
2
2
60
4
14
1
53
1
14
1
54
2
8
1
8
16
6
2
34
2
9
3
32
7
9
1
28
2
2
2
63
3
5
2
31
4
7
2
55
1
3
3
26
9
4
2
28
3
2
3
5
3
5
3
41
3
7
2
40
1
5
2
27
3
9
2
37
3
4
3
45
5
2
3
66
4
3
1
61
2
9
3
2
3
2
3
8
3
12
3
14
23
10
1
5
2
7
3
6
1
6
2
54
2
6
2
47
4
4
3
63
12
9
2
53
1
8
1
12
6
3
2
68
2
2
1
55
2
4
1
60
1
6
2
18
3
12
1
34
2
4
1
68
2
14
1
22
1
5
2
28
2
7
3
23
17
3
3
39
9
5
3
15
15
13
3
34
2
9
3
1
8
10
1
63
2
10
1
43
3
8
3
8
7
7
2
16
1
3
2
12
3
7
3
45
1
12
2
55
2
13
1
11
12
14
3
2
4
2
3
53
5
9
1
25
1
1
1
12
2
7
3
44
9
14
2
14
3
13
1
5
1
13
2
33
1
10
3
11
18
7
1
14
18
10
3
39
6
6
3
10
2
14
2
23
2
6
3
27
16
7
1
9
8
11
1
65
1
5
3
28
4
7
3
43
7
13
3
7
4
8
3
66
9
1
2
49
4
9
2
11
1
14
3
55
11
2
3
11
8
12
2
43
2
14
2
44
2
10
1
11
10
7
2
25
1
7
2
71
2
10
1
29
1
4
3
1
7
9
2
43
5
3
3
25
2
4
3
54
1
7
2
1
1
12
2
53
2
9
1
14
14
4
2
61
2
5
3
13
1
10
3
47
9
2
1
41
1
2
2
65
4
3
2
12
2
10
2
6
1
3
1
15
1
6
1
43
2
14
2
66
2
11
3
22
7
8
1
49
1
8
1
23
2
5
1
63
1
5
1
1
3
9
2
22
3
12
2
27
1
1
1
22
3
5
1
10
6
8
2
49
3
1
1
44
1
5
2
11
2
4
2
36
2
1
1
17
12
11
3
13
3
6
1
37
2
8
1
18
1
14
1
30
4
8
1
16
4
7
1
35
3
12
2
37
4
10
3
60
12
14
3
31
15
12
1
36
2
3
3
71
3
10
1
30
12
8
3
26
7
7
1
13
2
9
3
35
8
4
3
65
14
8
2
15
2
14
2
47
3
4
3
41
2
8
1
42
2
9
1
10
2
1
1
71
2
13
1
3
11
14
2
13
1
8
2
4
2
14
1
4
4
3
1
7
7
7
3
42
2
10
1
2
5
11
2
2
3
13
2
39
1
5
2
33
2
1
2
8
2
12
3
38
11
13
3
35
4
2
3
9
14
1
3
49
1
14
2
9
1
14
3
47
2
12
3
61
10
10
3
54
2
6
1
66
3
11
3
6
5
6
1
28
1
14
1
4
2
3
1
47
2
11
3
52
13
12
2
31
1
8
1
40
3
10
1
18
14
1
3
15
14
9
2
42
3
1
3
17
2
4
1
29
3
5
3
16
8
12
2
7
2
1
1
40
2
9
2
35
1
4
1
61
3
3
2
38
4
11
1
44
2
1
2
3
1
8
2
17
3
10
3
34
9
4
1
47
1
11
2
17
2
8
1
65
2
9
1
9
1
13
2
3
3
11
3
37
4
11
1
45
1
9
3
36
2
12
