2
63
1
13
1
54
3
14
3
34
5
11
1
27
3
7
3
37
11
3
3
18
1
7
1
31
17
11
2
9
1
1
2
67
1
11
1
55
2
11
1
52
3
14
3
16
5
11
1
22
1
3
2
49
4
5
2
15
2
6
2
45
1
1
3
5
2
12
2
33
1
14
2
8
1
8
1
25
1
1
3
44
3
2
2
63
3
2
1
36
1
4
3
33
16
2
1
29
3
5
2
60
2
9
3
68
1
14
3
29
13
9
1
49
2
2
2
45
4
10
2
26
4
8
2
43
5
5
3
55
1
9
2
55
2
13
2
28
1
7
1
68
3
7
3
16
2
4
3
5
3
11
2
11
2
5
3
12
2
9
2
29
2
11
3
54
2
2
1
9
3
14
2
54
2
4
1
42
1
5
2
42
4
9
3
45
1
7
1
52
1
2
2
68
4
6
3
30
16
9
3
11
17
13
1
65
2
2
3
14
17
8
1
8
2
6
2
7
2
5
2
16
1
11
1
27
1
3
1
14
1
11
1
65
1
6
3
45
7
3
2
66
2
7
2
18
4
10
1
63
2
12
1
16
3
4
1
53
1
4
3
31
23
3
3
40
2
10
2
67
2
13
3
17
7
2
1
8
17
13
1
18
3
12
1
14
11
4
3
53
5
6
3
8
6
3
3
39
8
9
3
38
6
10
1
42
2
5
2
34
1
14
3
61
9
3
1
71
1
12
2
40
4
10
3
35
2
2
3
13
7
5
1
13
3
9
2
37
1
7
1
28
1
11
1
13
9
1
1
44
3
10
3
27
17
3
1
1
3
14
3
28
6
6
1
41
3
3
2
41
2
4
1
49
1
3
3
68
13
1
1
4
8
9
2
23
2
14
2
41
4
8
3
7
5
4
2
53
2
7
2
44
4
6
2
53
1
3
2
55
1
8
1
3
4
6
3
71
4
4
1
61
3
14
1
25
2
3
3
38
12
13
1
67
2
14
3
35
4
6
3
52
6
10
2
17
1
7
2
4
2
14
1
66
3
14
3
4
28
8
1
33
3
3
3
61
6
7
1
32
4
1
1
35
3
6
1
9
6
6
1
33
5
9
2
15
1
1
1
31
3
5
3
43
7
1
2
17
2
7
3
41
4
14
3
13
4
10
3
29
19
2
1
30
12
1
1
5
2
3
3
22
12
14
2
61
1
3
1
2
2
12
3
53
6
10
2
27
3
13
3
3
1
5
2
10
3
14
2
36
5
5
1
47
2
12
2
8
2
3
3
17
1
8
1
28
3
2
1
44
2
13
2
60
1
7
1
23
2
12
2
25
3
11
2
66
1
3
3
67
13
12
1
37
2
10
2
16
3
4
1
41
2
9
3
39
2
4
3
18
10
10
2
54
1
7
3
49
1
2
2
34
3
3
1
6
1
3
3
63
11
10
3
54
1
12
2
61
3
12
2
22
1
2
2
1
1
6
1
47
1
5
1
55
1
2
3
2
2
12
3
10
12
5
3
3
9
6
1
29
2
3
1
5
1
6
3
31
27
14
2
26
1
4
3
34
6
14
3
15
7
14
3
23
12
2
3
66
9
10
2
42
2
5
3
12
6
3
1
22
2
1
1
37
1
12
2
35
3
11
1
38
2
1
1
54
2
3
1
39
4
3
1
10
6
6
1
61
1
8
2
39
3
3
2
9
3
13
2
1
3
12
3
9
4
8
2
32
3
1
2
32
2
9
3
15
8
1
2
39
4
3
1
34
4
2
1
11
1
14
2
47
2
14
1
32
5
4
3
7
1
6
1
53
2
4
3
2
4
11
1
40
1
9
2
12
2
13
1
17
7
7
3
4
9
4
2
30
1
13
3
1
8
12
2
38
3
12
2
6
1
9
1
11
5
8
3
49
4
6
2
38
1
13
1
35
1
9
2
35
1
12
3
28
12
3
3
36
1
1
3
25
8
1
3
14
5
5
2
49
3
9
1
16
1
7
3
6
3
8
1
2
7
1
2
71
1
8
3
65
15
8
2
6
3
7
1
30
13
14
1
36
2
11
2
5
2
1
1
26
2
6
3
60
19
7
2
2
2
8
2
23
1
10
2
31
1
14
3
11
11
12
2
4
3
1
1
6
2
7
2
13
1
6
1
3
5
13
2
25
1
10
2
36
3
9
3
23
18
12
2
68
1
8
2
30
5
12
3
65
11
2
3
71
5
10
2
2
1
4
3
10
17
7
2
13
2
13
2
14
2
13
1
17
14
10
3
8
20
3
3
26
3
1
2
5
3
6
1
71
2
2
3
25
6
4
2
52
4
11
1
60
2
6
2
29
3
7
1
7
11
9
1
45
1
10
1
12
9
6
2
28
2
12
1
45
2
4
3
41
3
12
1
18
10
4
3
22
2
11
1
68
2
9
3
40
4
11
2
43
3
1
2
44
1
13
1
12
11
5
2
65
1
3
3
47
9
14
2
3
2
12
3
47
7
12
2
22
2
14
3
26
1
9
1
7
9
2
3
1
7
14
3
52
11
6
1
43
2
11
3
37
10
3
3
42
4
7
2
10
2
14
1
26
1
3
1
38
3
9
3
30
5
10
2
3
1
5
2
27
2
13
2
18
2
7
1
10
3
5
3
63
1
14
1
15
5
1
3
32
12
7
3
43
2
4
2
47
1
10
2
14
1
6
3
9
16
5
1
66
1
9
3
6
1
6
3
33
12
10
3
36
6
4
1
63
1
9
1
40
2
10
3
32
10
8
2
52
3
5
2
33
2
1
2
37
3
11
1
39
2
13
1
60
1
13
1
23
1
8
1
15
4
11
2
31
2
14
1
4
7
1
2
65
3
11
1
34
10
5
1
67
1
2
1
43
3
3
3
67
2
2
1
1
1
12
3
55
3
13
3
27
9
6
3
60
9
12
2
71
2
7
3
66
6
3
2
7
1
6
2
11
3
8
3
44
10
4
2
40
3
6
2
12
3
13
3
42
2
3
