2
17
1
2
2
7
2
14
2
41
4
6
1
71
2
13
2
7
1
1
2
18
4
1
3
26
4
4
1
22
2
10
2
42
4
4
2
36
3
5
3
27
15
1
2
15
3
13
1
28
1
8
3
4
28
9
3
52
1
9
1
41
3
4
3
35
3
3
2
23
1
10
3
28
3
4
3
36
11
10
2
52
1
9
1
31
5
10
1
34
7
8
3
67
6
11
1
35
1
7
3
4
23
1
2
12
2
11
2
26
1
11
3
31
14
11
2
8
1
7
1
67
3
14
2
55
3
3
2
47
4
8
3
18
15
6
2
55
1
7
1
2
4
9
2
61
2
8
3
28
6
6
1
4
6
6
1
60
2
1
3
65
17
6
3
32
12
9
2
3
3
8
1
37
2
13
2
13
3
9
2
61
1
6
1
27
2
14
1
18
4
5
2
22
2
7
2
31
1
12
1
25
2
13
3
63
11
8
1
32
6
14
3
41
3
11
2
2
3
6
1
10
6
1
3
66
1
7
3
8
7
12
1
3
11
10
3
23
19
6
1
61
2
3
1
41
2
4
1
38
3
8
1
5
1
7
2
37
2
14
1
7
4
9
3
40
6
1
1
45
1
14
1
8
1
7
1
11
6
1
1
44
3
1
3
5
5
2
2
2
1
7
2
11
3
13
2
45
1
6
1
71
1
3
3
1
7
5
3
49
2
12
3
43
2
1
3
10
1
4
3
40
1
9
2
42
2
3
3
41
2
9
3
6
1
14
3
11
25
2
2
28
3
11
3
17
1
10
2
28
2
6
3
65
20
2
1
63
1
1
2
15
1
4
3
13
9
4
2
68
2
1
3
47
9
5
3
54
2
13
2
9
3
9
3
39
8
4
1
4
2
1
1
68
1
14
3
39
7
14
3
66
9
6
1
17
14
8
2
10
1
4
1
47
2
10
1
33
2
9
2
6
2
1
2
53
3
14
1
3
10
13
1
9
13
8
3
13
4
6
1
29
2
6
3
47
7
3
3
25
4
3
1
5
2
14
1
13
5
9
3
27
6
4
1
32
3
5
2
66
1
12
1
53
2
1
2
65
1
9
2
41
1
3
1
53
1
5
2
12
1
8
3
14
21
14
1
43
1
1
3
52
11
3
3
25
5
9
2
31
4
4
1
17
9
4
2
1
1
13
2
6
3
4
1
40
2
11
2
10
3
8
2
4
3
6
2
33
3
8
1
65
1
2
2
34
1
9
2
44
5
9
3
10
7
1
3
45
5
12
3
9
11
7
3
43
1
2
2
34
3
1
2
52
4
12
3
53
4
5
2
71
2
3
3
22
5
11
2
32
1
5
1
45
2
11
2
67
1
2
1
39
4
10
1
6
2
12
2
16
3
1
1
38
2
6
1
15
5
11
1
40
3
7
1
49
1
8
2
36
1
5
1
35
4
7
1
18
14
7
3
6
4
5
3
3
8
9
3
23
18
5
2
25
1
3
2
66
2
13
3
33
20
9
1
13
3
11
1
65
2
13
3
34
3
1
2
43
5
3
3
55
12
6
3
3
3
10
3
1
2
13
3
29
12
10
2
43
1
12
2
8
2
9
2
44
1
2
3
11
18
14
1
26
3
8
1
28
3
10
3
68
1
10
3
42
4
7
1
10
7
13
2
25
2
13
2
33
1
9
1
16
3
13
1
36
2
9
2
47
2
5
3
7
2
2
1
25
3
7
3
31
30
3
2
29
1
3
3
16
8
14
1
39
2
7
2
27
3
11
1
9
14
6
2
22
1
5
2
40
2
10
1
22
3
11
2
32
3
7
3
36
3
8
3
12
5
10
2
26
3
11
2
18
2
13
3
53
5
9
1
30
18
4
1
23
3
13
3
18
8
13
2
14
1
8
3
15
8
9
2
3
1
9
3
22
7
4
2
35
3
1
1
68
3
2
1
26
1
6
3
8
2
6
1
42
2
5
2
29
3
1
3
12
2
3
2
9
2
6
1
34
6
6
1
47
1
4
3
44
2
2
2
5
3
7
3
61
8
2
3
67
37
12
2
14
2
4
3
26
2
11
1
60
1
7
2
54
2
12
1
29
3
6
3
30
8
14
1
14
14
11
3
38
7
1
3
71
1
10
2
54
1
11
1
31
14
6
1
2
5
10
1
37
1
4
3
60
14
3
3
2
11
11
3
60
12
7
3
63
4
8
1
33
5
1
3
34
8
10
2
1
2
13
2
65
2
2
1
12
15
13
2
67
2
5
1
12
16
9
3
37
7
10
2
30
3
3
1
43
2
2
2
68
4
3
2
49
4
10
3
9
4
10
2
13
1
3
2
60
2
1
1
23
2
2
2
63
3
14
1
8
10
1
3
7
5
2
1
61
3
1
1
1
1
8
1
66
2
14
1
54
1
10
3
49
4
1
1
55
1
3
1
36
1
6
3
35
4
14
1
6
1
5
3
30
5
11
3
54
1
14
1
11
8
12
1
52
2
10
1
67
2
3
2
35
1
3
2
49
2
6
3
68
13
1
2
53
1
11
1
44
2
9
2
5
1
4
3
45
2
4
1
14
22
5
3
16
2
2
1
30
4
14
3
14
18
10
1
27
1
3
2
60
3
4
1
54
2
13
2
45
2
4
1
16
7
6
3
71
5
11
3
55
8
13
3
32
7
9
2
4
2
13
3
2
3
14
3
61
2
6
3
5
2
14
2
17
2
2
3
42
2
2
2
63
2
13
1
49
2
8
1
52
1
14
1
63
2
7
3
38
8
3
2
39
4
13
3
17
9
3
2
11
2
11
2
27
1
13
3
29
18
14
3
33
19
11
2
30
2
6
3
44
7
6
1
7
5
9
2
38
2
11
1
1
3
9
1
15
1
13
1
42
1
7
2
37
1
5
1
66
3
13
2
38
4
6
2
40
1
4
2
39
3
14
2
23
2
3
1
55
2
9
2
16
2
7
2
71
3
8
3
37
2
1
3
15
10
2
