3
28
12
11
2
43
1
14
2
53
1
6
1
2
2
8
3
34
2
11
3
14
14
2
3
6
6
8
2
14
3
2
1
15
4
1
3
10
1
4
3
15
15
7
1
1
2
10
1
40
2
12
1
7
7
6
3
25
7
11
1
31
15
8
3
9
26
7
1
60
1
10
2
41
5
1
3
9
31
6
2
35
1
7
2
22
2
13
1
55
2
11
2
29
3
4
2
15
2
5
2
5
2
13
2
9
2
6
3
5
4
12
3
45
1
11
3
28
5
14
2
65
2
6
2
35
3
6
1
27
3
6
1
33
7
6
2
31
2
12
2
17
2
1
3
60
10
1
3
67
27
7
2
63
2
14
2
18
4
13
2
4
2
6
3
68
3
6
1
63
2
10
3
17
13
10
1
23
1
13
2
8
2
13
3
4
23
1
3
14
12
3
2
15
3
5
2
44
3
2
3
12
7
13
1
45
2
14
2
29
1
7
3
26
4
12
2
3
3
10
1
68
2
13
2
54
1
14
3
10
15
13
3
44
3
2
3
15
9
5
1
35
2
3
3
29
3
3
3
45
4
13
2
34
1
5
2
61
3
9
1
10
3
13
2
68
1
5
3
2
2
5
1
28
1
12
3
36
11
2
3
71
4
6
3
39
7
5
1
1
3
14
2
66
2
1
2
32
3
3
1
8
15
3
3
43
8
7
3
30
7
3
2
4
1
7
1
13
7
5
3
54
2
13
2
1
1
12
3
36
8
10
3
55
10
13
2
49
3
14
1
67
3
14
2
41
3
6
3
66
1
10
2
67
2
12
2
12
2
10
2
13
1
13
1
15
2
12
3
26
6
7
3
38
5
8
1
9
12
1
1
26
3
10
2
25
2
8
2
47
2
4
2
22
3
6
1
47
3
9
1
53
2
11
3
5
5
1
3
54
1
2
2
28
3
10
2
61
2
9
3
8
16
1
2
66
1
7
1
49
1
7
1
65
1
7
3
6
2
7
1
47
1
7
1
40
1
10
1
49
2
4
3
1
7
5
3
31
23
3
3
13
9
9
3
41
3
11
1
2
3
7
2
25
3
13
2
8
3
9
1
11
4
8
3
63
13
5
1
52
1
13
2
27
1
8
2
63
1
10
2
5
1
4
1
63
1
3
1
41
3
14
1
71
2
2
3
18
3
12
3
27
8
2
2
44
5
10
3
40
6
10
3
29
18
9
3
25
9
11
1
29
3
10
2
6
2
7
2
65
1
6
3
31
2
8
2
11
1
4
3
8
8
5
1
30
6
14
1
60
2
5
1
18
5
11
3
2
7
4
1
26
1
12
1
44
1
12
1
32
3
14
3
12
4
10
1
30
1
12
3
47
3
10
3
22
2
13
3
47
1
12
3
37
4
5
1
34
1
6
3
52
16
2
1
61
3
11
2
71
1
1
1
25
1
12
1
29
2
3
3
23
4
13
2
7
3
7
2
36
5
13
2
53
2
14
2
16
2
9
2
11
3
11
2
3
2
3
2
14
1
3
1
5
1
10
1
33
8
4
1
12
2
4
1
8
14
8
1
55
1
9
1
14
2
3
2
38
1
3
2
34
2
3
1
31
16
9
3
49
8
2
3
68
11
9
1
45
1
6
1
68
3
11
1
32
4
10
1
65
2
13
2
23
1
4
2
10
2
13
2
2
1
3
1
67
1
10
3
52
1
4
1
13
3
1
1
16
7
8
3
11
23
4
2
60
4
11
2
26
1
10
2
36
3
1
1
27
2
7
1
41
1
12
3
17
9
2
3
32
11
6
2
43
3
13
2
9
1
9
3
22
7
5
1
9
9
6
2
30
4
7
2
16
3
11
3
53
8
12
3
35
4
13
2
7
2
11
3
41
2
1
1
36
2
10
1
17
8
7
3
33
24
5
2
67
1
3
3
37
2
14
3
42
2
11
3
3
1
9
3
55
5
3
1
7
3
4
1
54
2
14
1
4
4
11
2
39
4
3
1
11
5
12
3
16
7
9
1
6
2
6
1
35
3
5
2
12
3
13
2
55
3
14
1
54
1
5
3
27
11
2
1
71
3
10
2
54
2
6
3
13
7
14
2
71
3
8
3
32
5
12
3
67
35
6
3
63
2
14
3
65
2
5
2
39
3
7
3
23
14
2
3
1
2
10
3
42
4
8
3
71
1
3
1
66
3
5
2
13
3
6
1
34
9
8
3
38
9
10
1
5
2
2
3
44
2
10
2
18
1
9
3
33
10
13
1
39
2
14
3
7
5
2
2
33
1
9
2
47
4
13
3
65
11
3
2
52
3
10
2
10
3
6
3
39
5
14
2
2
3
11
1
38
3
11
1
6
1
6
1
25
2
12
3
49
6
14
2
38
3
7
2
52
4
8
1
37
2
7
2
30
1
5
1
42
2
1
2
31
5
2
3
53
3
14
3
4
25
1
3
16
1
9
2
42
3
2
3
40
1
10
2
55
2
7
1
22
2
2
3
61
5
12
3
7
1
5
1
37
1
3
1
52
3
1
3
61
3
4
1
10
4
2
2
42
4
3
3
3
10
7
2
40
3
8
1
3
11
3
1
36
1
6
3
30
18
4
2
37
1
6
2
68
3
9
2
17
1
7
1
12
13
6
2
45
1
8
2
26
2
2
1
53
1
2
2
32
2
11
3
35
1
12
1
28
2
8
1
3
7
3
1
14
6
5
1
17
10
9
2
27
2
1
1
42
1
8
1
38
1
6
2
37
4
9
3
66
8
11
3
60
9
11
2
23
2
8
2
28
2
12
1
43
3
6
2
40
2
4
1
18
14
6
1
39
4
9
1
44
3
1
2
33
2
1
3
34
4
5
1
16
1
5
1
22
3
9
1
23
3
11
1
61
1
7
1
43
2
8
2
60
1
3
2
45
4
1
3
11
5
6
2
49
4
1
2
1
2
14
1
66
2
6
1
4
1
4
2
6
1
13
3
43
7
6
3
18
9
12
