1
47
2
9
1
26
1
7
3
27
10
13
3
13
6
14
3
26
1
3
3
68
7
11
1
26
2
11
1
8
2
12
1
6
1
2
3
42
1
5
2
68
2
7
2
34
3
11
2
53
2
2
2
28
3
4
2
41
5
11
3
11
23
3
2
11
2
8
3
7
1
2
3
31
2
7
2
5
1
9
3
14
26
9
2
10
3
14
1
39
1
10
3
55
10
13
2
67
1
10
3
52
14
13
1
68
2
1
1
2
7
6
2
11
3
13
2
29
3
14
1
4
8
7
1
29
2
1
1
44
2
9
3
34
9
5
2
52
1
13
3
12
1
10
1
32
6
13
1
65
2
11
3
67
22
13
3
47
6
10
3
29
17
11
3
39
6
2
2
1
2
4
1
16
1
6
2
27
2
3
2
66
2
12
3
68
4
11
2
30
5
2
3
54
2
3
2
39
1
3
2
68
3
8
2
1
1
13
3
5
4
5
2
42
4
14
3
26
10
6
2
14
1
12
1
63
2
7
3
40
1
14
1
52
3
14
2
23
3
3
3
2
12
7
3
8
18
10
1
8
10
9
2
31
5
11
2
33
1
1
3
1
5
4
1
5
2
6
2
63
1
1
1
28
1
1
3
6
3
9
1
3
9
13
1
28
3
12
1
35
1
2
2
32
2
13
3
39
10
12
2
2
3
7
1
11
7
10
2
7
2
6
2
37
1
9
1
49
2
9
2
45
4
2
2
63
2
7
1
18
9
2
2
2
2
1
1
16
2
14
1
17
11
13
1
36
3
8
2
38
5
5
1
4
1
2
3
55
12
6
2
28
2
9
1
23
2
1
3
44
6
14
1
68
3
3
1
27
2
10
1
6
2
5
3
60
2
6
2
54
1
3
3
43
4
3
2
6
1
4
2
31
2
7
1
12
1
4
1
66
1
11
3
41
1
2
3
25
1
3
2
49
3
3
1
53
2
5
3
66
3
4
3
8
9
9
2
47
3
6
3
16
1
13
3
43
8
8
1
15
2
3
1
33
6
2
1
40
2
12
3
22
5
9
3
31
17
10
2
40
3
12
2
33
2
2
2
47
2
2
1
23
1
9
2
22
1
10
1
34
8
14
3
13
4
13
1
31
16
1
3
22
10
14
3
1
7
14
3
42
2
5
3
44
3
7
2
7
3
4
2
10
2
10
2
37
4
12
1
61
2
7
1
66
2
7
2
52
7
2
3
47
3
4
2
9
2
3
3
28
1
10
1
43
2
12
1
22
1
1
2
42
1
13
2
9
1
6
2
53
1
2
2
41
3
3
2
5
2
6
2
60
1
7
2
25
3
14
2
3
2
3
3
61
11
7
2
65
3
13
1
3
10
13
1
13
7
14
3
3
10
9
3
14
23
12
1
14
8
11
3
18
4
14
1
54
3
12
3
53
2
13
3
15
13
11
2
27
3
4
2
13
1
10
3
12
2
13
3
27
3
5
1
43
1
5
1
61
1
10
2
16
3
11
2
65
2
4
1
27
1
14
3
18
9
3
2
17
1
4
2
30
4
4
1
67
2
3
1
49
1
10
2
43
3
12
1
44
3
6
3
5
3
3
1
2
4
13
3
53
8
2
2
6
2
12
1
40
3
2
2
8
1
14
1
17
4
14
3
17
5
4
3
45
7
8
3
29
7
10
1
36
1
11
1
60
2
1
1
55
2
12
1
13
6
13
3
30
1
1
3
4
13
3
1
25
1
5
1
32
2
5
1
38
1
8
3
65
12
1
1
10
1
2
2
13
3
1
2
66
1
3
3
10
25
8
1
47
1
6
2
26
4
9
1
12
3
14
2
44
1
9
3
32
11
2
2
45
2
9
2
71
1
1
2
36
4
10
2
22
3
10
2
15
3
5
1
55
1
4
3
71
4
14
2
3
1
2
3
61
6
14
2
23
2
2
3
37
2
3
2
34
2
6
2
18
2
6
1
22
2
5
1
33
2
11
2
61
2
9
3
54
1
14
3
23
13
3
3
63
7
14
3
66
2
7
1
1
3
2
3
63
5
12
1
45
2
3
2
67
2
13
2
55
2
14
3
9
20
5
2
55
1
3
2
29
2
4
3
36
10
14
1
65
1
14
3
3
9
12
1
25
2
1
1
42
2
14
3
35
7
11
3
33
16
12
2
12
1
9
1
1
2
9
1
52
2
13
1
37
2
5
3
28
16
6
2
43
4
10
1
7
3
3
2
25
2
1
3
38
2
1
1
9
11
11
3
17
12
6
1
53
1
5
2
32
3
9
1
7
7
8
3
60
21
12
1
34
11
6
2
12
2
2
3
71
5
13
2
26
1
6
3
7
2
9
3
33
9
10
3
15
9
10
2
4
3
1
3
4
23
1
3
10
5
14
1
71
3
4
1
71
2
9
3
52
1
6
2
38
3
10
2
61
1
5
3
36
15
1
2
60
2
2
2
35
2
3
3
6
6
1
2
14
2
5
1
63
1
9
3
23
11
2
1
41
3
5
2
39
4
6
1
42
1
3
1
29
3
13
3
34
3
2
3
16
8
9
3
41
3
8
1
54
2
3
1
10
4
6
1
39
3
5
1
31
4
4
1
45
1
2
1
14
16
7
3
35
3
13
1
30
7
14
1
18
10
8
1
11
5
6
2
15
2
12
3
30
16
2
2
17
2
13
2
18
3
6
2
8
2
14
2
35
1
13
3
9
15
10
2
4
2
2
2
44
3
8
3
49
8
3
3
25
3
9
2
16
2
11
3
40
3
12
2
54
2
14
2
71
3
12
1
30
6
14
1
9
8
7
2
49
1
8
1
67
1
14
1
60
1
6
1
15
1
4
1
35
2
4
3
38
8
6
3
67
20
7
2
36
5
5
3
37
3
9
3
65
6
4
3
49
2
8
3
2
8
8
1
38
2
7
1
37
1
14
3
45
1
2
1
5
1
2
3
32
10
10
1
41
2
8
2
40
2
6
3
11
3
12
