1
13
5
2
1
53
1
13
1
38
2
13
3
28
4
7
2
12
1
4
2
66
3
8
3
14
5
13
1
67
3
9
1
27
3
5
3
33
24
1
1
8
4
3
2
37
3
11
2
42
2
7
3
55
12
2
2
16
3
4
3
17
14
14
3
3
2
11
3
34
7
13
1
44
4
5
3
29
7
8
1
65
2
9
3
8
18
13
1
5
2
9
3
1
4
6
3
7
1
7
3
39
7
6
1
44
2
6
3
35
6
8
3
16
1
1
2
10
1
5
3
13
7
7
3
31
8
12
2
25
2
3
1
55
2
13
3
45
7
6
3
26
7
8
3
37
6
10
3
12
3
5
1
39
4
9
3
43
7
12
2
43
2
13
1
34
2
2
1
38
1
6
1
66
2
14
1
65
1
3
1
47
3
7
3
6
5
7
3
22
4
5
1
45
2
6
3
30
24
2
1
18
9
2
3
33
13
6
1
45
1
12
1
22
1
8
1
54
2
1
2
63
3
7
3
26
8
13
2
54
2
14
1
49
1
4
1
26
2
12
2
40
2
11
2
8
3
9
1
3
1
4
1
33
3
11
2
71
2
8
3
71
4
10
1
36
2
13
1
1
1
6
2
34
1
8
1
31
7
8
2
9
3
6
1
26
3
1
1
66
3
2
1
52
3
8
1
68
2
10
2
32
3
5
2
53
1
13
3
66
6
4
1
10
1
7
3
45
6
13
2
1
2
4
2
36
1
6
3
5
3
2
1
67
1
9
1
61
2
3
1
32
4
6
1
6
2
13
2
18
3
14
2
23
3
1
1
25
2
7
2
23
2
5
3
35
3
1
2
12
3
14
2
17
3
9
2
4
1
13
1
40
3
10
1
12
11
12
1
17
5
10
2
61
1
12
2
45
1
14
2
42
1
5
1
9
10
1
3
16
8
8
1
71
1
1
3
29
8
14
3
38
7
4
2
47
3
13
3
44
8
9
2
30
1
7
1
35
3
5
3
60
23
9
2
29
1
8
3
18
7
7
1
4
5
11
2
5
1
7
3
41
1
14
3
67
19
12
3
61
6
5
1
3
5
14
1
41
1
9
1
28
2
10
2
68
2
1
3
52
7
1
1
11
1
1
2
65
1
5
1
16
4
12
2
22
2
11
3
37
8
4
1
42
1
14
1
33
7
10
3
22
10
1
1
15
2
3
2
71
3
6
2
4
3
13
3
65
16
2
1
23
3
3
1
68
1
4
3
6
6
11
2
27
2
6
1
2
7
3
2
36
3
2
2
6
3
9
3
32
3
4
2
49
2
1
1
32
1
5
1
30
8
1
2
33
3
8
1
10
7
2
2
33
1
11
2
25
3
13
2
26
1
10
3
36
10
7
3
30
26
6
1
37
1
8
1
14
4
5
3
10
3
11
2
39
1
12
2
17
1
7
2
43
1
2
1
49
2
1
2
8
1
11
3
38
8
8
3
61
3
11
1
60
2
11
3
18
17
9
1
7
7
11
1
31
15
12
2
47
4
2
1
47
1
11
3
1
6
3
2
34
2
10
3
54
1
8
3
63
11
12
3
42
3
8
1
63
1
4
2
55
3
4
2
15
3
5
3
23
6
6
3
17
17
10
2
1
1
11
2
13
1
11
3
4
3
13
2
28
1
12
3
54
2
5
1
28
1
5
2
63
2
9
2
38
5
3
1
35
1
13
3
2
11
1
2
2
3
5
1
54
3
1
1
30
19
1
3
7
5
12
3
15
7
1
2
5
2
7
2
44
4
10
3
60
6
1
1
52
1
10
2
44
1
7
1
61
1
9
2
18
1
13
3
71
2
5
2
9
1
4
1
29
2
12
2
30
4
8
2
66
1
10
2
22
3
8
2
61
3
14
2
60
1
1
2
31
1
2
2
41
4
11
3
68
2
6
1
71
3
11
2
16
2
6
3
28
2
2
2
35
3
3
3
15
16
5
3
10
21
7
3
25
3
1
2
37
2
13
1
63
2
6
2
35
2
9
3
31
6
1
2
13
3
14
3
5
1
4
1
16
7
2
1
14
17
13
1
2
3
14
1
23
1
13
1
36
3
9
2
60
2
9
2
65
3
12
3
39
1
5
3
55
3
2
3
4
21
12
1
60
1
6
1
17
15
6
1
29
3
6
1
13
3
7
1
8
15
1
1
18
1
1
2
15
2
8
3
14
11
3
3
65
11
14
2
26
2
14
2
31
2
11
2
39
4
5
3
49
8
4
1
34
7
3
2
3
2
10
3
41
3
7
3
25
2
1
1
27
1
1
1
15
5
12
3
36
9
6
3
53
6
6
1
55
1
7
2
41
5
2
2
52
7
2
3
23
5
1
2
32
2
13
2
10
3
12
2
11
3
11
1
22
2
13
2
54
1
6
3
2
1
4
2
7
1
4
1
1
3
2
2
49
3
1
1
40
2
1
2
28
3
6
3
27
12
14
1
43
1
6
3
52
2
7
3
47
5
10
1
39
1
3
3
49
6
11
1
11
12
5
3
67
35
4
2
3
1
2
3
68
7
6
3
43
1
10
3
9
28
9
3
11
12
2
3
53
4
7
2
38
3
2
2
45
4
7
3
32
8
8
2
27
1
6
3
44
7
1
2
40
1
4
3
66
3
9
3
42
4
7
2
7
2
5
1
53
2
8
1
6
1
14
2
53
2
3
3
40
4
2
2
6
1
6
1
12
4
8
2
55
1
10
1
4
3
4
3
27
1
13
1
43
3
4
2
67
1
7
3
34
4
13
2
29
2
6
1
9
2
12
1
37
2
14
1
7
4
12
3
3
7
9
3
8
16
13
2
11
2
9
3
40
3
11
3
9
26
11
3
12
5
1
2
14
1
1
3
13
3
2
1
42
2
2
3
63
1
4
3
47
2
3
2
52
1
6
2
68
4
5
2
2
1
9
2
67
2
1
1
41
3
5
3
11
5
6
2
14
3
10
1
25
1
10
1
5
1
13
