2
42
1
9
1
16
6
1
2
29
1
8
2
36
3
9
2
40
2
2
2
42
3
8
3
7
2
6
1
42
2
3
1
5
2
13
2
22
3
4
1
45
2
12
1
55
2
9
2
55
1
4
3
11
23
12
1
5
1
3
3
71
4
3
2
49
2
10
1
32
5
2
3
22
7
13
3
9
4
5
3
4
26
1
2
35
3
7
1
22
2
4
1
6
1
4
3
54
2
10
2
1
3
3
2
60
3
8
3
7
1
8
2
12
2
13
2
44
4
10
1
39
2
8
2
26
3
7
3
42
3
12
2
6
2
4
1
52
2
5
1
6
2
7
2
47
3
7
2
54
1
13
3
41
1
8
3
42
2
14
3
1
1
9
2
13
3
7
3
55
6
5
3
18
24
1
1
4
2
6
3
29
13
1
3
14
21
14
2
38
2
11
2
3
3
11
2
41
2
3
1
33
8
2
3
31
9
3
3
2
2
10
3
39
5
5
2
9
3
5
1
29
2
2
1
27
1
8
2
18
4
1
2
63
3
4
2
14
2
1
3
67
20
2
1
47
1
1
1
49
1
12
2
7
3
1
2
39
2
1
1
2
3
5
1
49
2
9
2
3
1
3
3
33
24
12
1
1
3
5
3
49
5
5
2
27
1
6
2
37
1
7
3
37
8
11
1
11
6
3
3
15
9
8
3
45
3
6
1
13
9
12
2
8
2
10
1
27
2
1
1
7
1
7
1
44
2
11
1
26
3
12
3
61
5
8
3
10
6
12
2
22
2
3
2
9
1
3
1
41
3
2
1
33
6
12
2
60
1
6
2
47
2
12
1
43
3
7
3
65
4
5
2
71
2
3
3
8
14
3
3
44
2
11
1
4
6
3
2
37
3
14
3
52
15
6
2
15
1
10
2
71
3
10
1
68
3
6
3
22
8
6
3
63
9
14
2
67
1
3
3
13
4
3
2
44
2
5
1
36
1
6
3
14
13
5
1
54
1
5
3
32
2
13
1
60
1
10
1
30
4
3
2
25
1
12
2
31
4
8
2
33
1
4
3
26
11
11
3
36
3
4
1
37
1
13
3
36
9
11
2
18
2
12
3
16
6
7
2
53
1
5
1
47
3
5
2
5
1
3
2
68
1
10
3
3
8
7
3
16
2
7
3
30
17
8
2
16
2
8
2
1
1
1
1
10
7
5
2
30
2
6
1
29
1
12
3
12
7
14
3
66
9
11
2
26
2
2
3
2
6
6
3
27
10
11
2
66
1
12
2
5
3
5
1
63
2
9
1
22
1
5
3
47
4
8
1
67
3
14
3
10
8
9
1
23
2
8
1
54
3
5
2
35
1
1
1
38
1
6
3
11
3
9
3
65
7
7
2
39
3
6
1
16
3
13
2
11
2
11
3
6
2
6
1
23
1
6
2
43
1
13
1
68
2
9
2
52
1
6
3
12
2
8
3
55
4
8
2
36
2
14
2
53
3
1
2
45
2
1
1
61
2
11
1
40
3
8
2
38
3
8
2
2
3
12
1
53
1
9
2
23
2
7
2
28
1
7
3
71
2
7
1
7
7
7
1
18
8
14
1
45
1
11
1
3
5
5
2
34
3
5
2
17
2
9
2
66
3
4
1
32
3
7
1
37
2
11
3
53
8
14
1
31
11
9
3
34
8
6
3
23
7
6
1
65
2
3
3
6
3
9
1
40
1
1
1
66
1
13
3
44
9
4
2
23
3
11
2
55
2
14
2
49
3
6
2
15
3
3
3
38
6
7
1
17
2
1
3
18
11
7
3
47
5
11
3
67
2
6
3
4
27
10
3
5
4
13
3
33
17
10
3
8
2
4
3
53
5
9
1
42
1
1
3
29
10
5
3
17
6
9
1
71
2
14
1
39
1
11
3
49
3
14
3
28
4
10
2
4
2
2
1
53
2
7
1
41
1
2
1
15
4
6
1
14
22
6
1
65
1
14
1
44
4
10
1
31
8
3
2
27
2
1
2
61
3
12
1
1
1
11
2
12
1
14
2
8
3
5
3
60
27
12
2
41
4
6
1
36
3
7
3
68
8
4
3
35
3
8
1
12
6
10
3
26
4
10
3
45
2
5
3
9
30
5
3
25
4
10
1
28
3
14
1
26
2
1
3
60
16
1
2
63
2
10
2
29
2
4
1
38
2
1
3
66
8
8
2
45
1
7
3
40
6
5
1
61
1
9
1
17
15
12
3
54
1
6
2
52
2
12
3
28
16
2
3
25
2
6
3
30
9
13
1
71
1
10
1
28
2
7
2
25
3
3
2
31
1
8
2
32
4
10
1
13
1
2
3
39
9
10
3
15
12
12
1
11
8
1
1
60
2
1
3
41
4
2
2
6
1
2
1
12
11
2
2
68
4
9
1
30
20
13
1
25
3
8
1
67
1
2
2
54
2
4
2
61
2
10
2
14
1
4
3
40
1
6
3
1
9
9
1
2
5
3
3
38
2
8
3
5
1
8
3
37
9
11
2
7
2
10
2
16
1
10
2
2
1
9
3
31
11
2
1
43
1
6
1
34
2
11
3
61
4
13
1
35
1
8
1
14
17
11
2
13
2
9
1
66
2
11
3
32
6
14
2
67
2
3
2
11
3
13
3
13
6
6
3
34
9
5
2
32
1
4
3
27
13
12
2
43
4
2
2
65
1
7
2
65
4
11
3
23
5
10
2
33
2
14
1
35
4
7
2
4
1
1
1
8
5
4
3
17
16
14
2
10
2
2
1
3
6
5
3
3
4
5
2
34
1
1
3
63
1
5
2
30
4
3
3
43
2
5
1
63
1
14
1
55
1
12
2
28
3
14
1
52
3
4
1
9
3
10
1
34
10
11
1
25
2
3
1
8
7
7
3
52
16
7
3
68
9
9
3
35
8
8
3
43
3
5
1
10
3
2
1
18
1
14
2
40
3
11
1
15
2
4
2
17
3
8
2
10
1
14
1
9
2
9
