1
11
9
2
2
3
3
13
2
55
2
9
3
40
1
1
2
15
1
10
3
41
1
2
1
55
1
13
3
71
1
13
3
45
6
13
1
34
4
2
1
53
2
11
1
35
3
14
3
35
1
3
2
31
1
1
3
14
25
5
2
6
1
4
3
1
9
3
1
26
2
7
2
8
3
8
1
71
1
4
1
41
3
14
1
15
5
2
3
68
16
9
1
61
1
3
3
26
3
11
2
22
3
4
1
65
2
14
1
40
3
13
3
36
4
3
1
26
1
9
1
31
6
9
2
7
1
2
1
22
3
14
1
54
1
6
3
7
1
5
1
49
2
8
3
33
19
2
3
54
1
5
3
13
6
14
2
18
1
8
3
55
3
12
1
43
3
9
1
27
3
12
3
2
3
1
1
60
1
10
2
23
1
12
2
71
2
4
1
45
1
1
1
37
1
2
2
11
3
2
2
13
1
2
1
61
2
4
3
31
15
6
3
66
2
6
1
13
3
5
1
10
5
2
3
7
5
12
2
4
2
9
3
8
2
14
2
53
1
8
1
36
1
5
2
54
1
14
2
17
3
6
3
10
4
11
2
32
1
5
2
10
2
13
3
41
4
11
3
23
8
1
2
9
1
2
1
52
1
2
2
54
2
13
1
25
3
4
1
39
2
2
1
35
4
13
1
32
4
13
1
18
2
2
2
26
3
2
2
28
1
8
2
5
1
8
2
11
2
5
2
29
3
8
1
12
2
14
2
12
1
6
2
25
3
13
2
37
4
9
3
44
9
9
1
28
1
11
2
40
3
5
1
54
3
10
2
44
2
1
2
60
1
10
3
4
8
5
1
63
2
9
2
60
4
6
1
63
1
8
1
23
3
6
3
38
8
13
2
52
7
10
3
28
2
9
1
12
11
13
3
65
10
12
2
35
1
2
3
18
18
1
3
25
2
11
1
16
2
8
1
29
1
12
3
31
2
7
1
16
5
7
1
14
21
12
1
55
2
2
3
63
9
8
1
66
2
9
2
44
1
13
3
22
7
9
1
38
2
4
1
71
3
11
3
49
6
12
3
36
11
12
3
2
6
8
2
8
1
4
2
16
2
7
3
35
8
6
3
15
1
6
2
43
2
9
1
41
2
7
2
40
1
2
3
16
7
14
1
11
12
4
2
15
2
14
1
34
11
5
2
32
4
2
1
4
2
10
3
47
8
13
2
47
3
14
1
49
1
11
1
66
3
14
3
53
6
8
3
45
7
7
1
67
2
5
3
17
13
1
1
38
3
11
3
32
9
8
2
45
1
8
2
34
1
10
3
18
10
8
2
61
1
14
2
39
2
12
1
37
2
8
3
1
5
8
1
17
13
11
1
44
2
14
1
53
1
7
3
67
11
4
1
52
3
9
1
7
7
4
2
63
3
5
2
12
3
4
2
29
2
2
2
68
4
13
2
42
4
1
3
8
5
2
1
2
4
14
2
13
3
4
2
36
1
12
1
3
4
10
3
27
14
2
3
60
29
12
1
25
1
3
3
42
2
12
1
3
9
4
2
7
2
4
1
30
10
8
3
3
9
14
1
9
13
3
2
65
2
6
1
43
2
13
2
30
5
5
2
65
4
13
3
17
14
8
2
6
3
6
1
29
2
8
2
53
2
7
2
14
3
12
2
1
2
6
3
52
9
12
3
63
1
5
1
27
2
12
3
13
4
6
3
32
1
9
1
60
2
1
1
33
2
7
3
66
9
11
2
25
2
5
2
68
1
2
2
37
3
13
1
8
10
11
2
41
5
1
2
3
2
12
1
65
1
6
1
18
10
12
3
16
3
12
3
61
2
9
3
3
4
14
2
36
5
9
1
7
3
12
2
41
4
11
3
47
4
9
3
71
4
7
3
33
16
8
3
40
3
11
3
60
14
2
3
30
17
10
1
4
1
14
3
29
4
13
3
14
3
7
2
49
1
10
3
30
23
7
3
6
5
5
2
22
2
9
2
16
1
4
3
9
4
13
2
27
1
9
2
38
3
14
2
14
1
8
2
61
2
5
3
4
15
4
1
15
3
3
3
12
5
14
2
67
1
8
1
67
3
13
3
38
10
2
2
33
2
12
1
8
15
9
3
10
17
4
3
43
5
9
1
22
2
8
3
37
4
12
2
63
2
3
3
34
4
10
1
13
1
5
3
68
14
1
3
6
3
5
2
2
1
6
2
43
5
1
2
5
3
14
2
39
4
3
2
66
1
9
1
68
3
2
3
39
8
8
1
5
2
11
2
1
3
4
3
34
10
3
2
35
2
14
3
37
1
3
2
9
2
7
1
1
3
6
1
28
3
12
3
44
10
9
3
11
3
11
1
45
2
6
1
39
3
9
2
2
2
3
2
47
2
1
3
49
3
13
2
18
4
13
1
17
11
7
2
28
3
14
1
44
3
4
1
42
1
2
3
28
7
7
3
11
18
14
2
17
2
11
3
39
5
3
3
43
1
10
1
31
1
6
3
54
2
7
2
26
4
14
2
66
2
8
3
12
2
7
3
5
1
9
2
23
3
1
1
47
3
10
1
6
1
10
3
65
15
12
3
52
7
8
2
27
3
2
3
5
4
14
3
23
10
6
2
10
1
2
3
67
34
14
2
31
3
11
1
1
1
13
1
2
6
2
1
10
4
8
1
5
1
12
3
25
1
7
2
4
1
8
3
61
3
5
3
15
11
3
1
40
2
7
3
9
29
9
2
42
1
5
2
49
3
6
1
14
20
8
2
38
5
9
2
45
2
12
2
71
1
5
1
6
2
12
2
30
4
6
2
34
3
7
3
42
3
5
3
53
3
9
1
9
10
7
3
26
8
7
1
33
4
11
2
33
1
13
2
67
2
14
1
47
1
10
3
27
11
3
1
30
3
7
1
23
1
5
3
55
10
4
2
52
1
10
1
68
1
11
3
29
19
6
1
42
2
2
1
32
7
3
1
36
3
10
3
22
3
13
2
55
1
11
