2
22
1
14
3
68
16
6
2
40
1
6
1
7
4
9
2
66
2
13
1
23
3
6
1
10
4
5
1
52
3
5
1
4
1
5
3
55
8
12
3
33
19
1
1
26
1
4
3
61
11
6
3
54
1
5
1
38
2
12
1
44
3
7
3
63
11
9
1
28
1
2
2
4
1
12
1
18
15
5
1
31
7
6
1
54
1
13
3
36
9
1
2
33
2
2
2
52
4
3
1
16
7
11
1
61
1
11
2
28
2
4
3
38
4
4
1
17
13
10
2
4
3
2
3
40
3
14
2
65
2
7
1
4
2
8
2
47
3
8
2
34
1
11
1
52
2
8
1
49
1
8
3
52
17
1
1
63
2
2
3
71
1
1
1
40
2
5
2
26
4
3
3
42
3
8
2
6
2
1
1
42
2
1
2
29
3
1
3
67
16
14
3
66
1
9
1
31
3
12
3
22
2
2
3
37
8
12
3
2
11
5
1
9
13
9
3
39
5
10
3
27
16
5
1
14
13
4
3
41
3
12
2
39
3
13
3
67
19
4
3
14
9
6
2
11
1
8
1
25
3
7
1
28
3
11
2
55
2
14
2
67
2
4
1
67
2
13
1
38
3
10
3
3
1
13
3
39
1
13
2
22
3
10
3
35
4
14
1
36
2
12
1
32
6
8
2
40
3
6
1
8
9
9
3
14
14
2
3
30
20
1
1
22
1
9
2
30
1
5
1
63
1
1
3
35
2
9
3
36
12
14
3
40
4
14
2
43
1
3
1
29
3
3
2
25
1
2
1
9
2
7
2
32
1
12
3
53
1
13
1
55
1
10
2
34
3
3
3
9
32
1
3
11
6
12
1
66
2
6
3
31
18
4
2
39
2
8
1
66
1
9
3
55
5
1
3
4
20
1
1
61
3
11
2
1
1
5
2
42
1
7
1
6
1
12
2
68
3
14
1
35
1
10
3
2
4
9
1
37
1
2
2
14
2
1
3
4
28
2
2
44
3
13
1
67
1
9
1
1
3
7
2
33
1
10
2
37
4
4
1
29
1
14
1
3
9
13
2
49
1
14
2
67
1
8
2
52
3
8
1
10
5
6
2
27
3
12
1
26
2
11
1
13
5
5
2
25
3
3
1
6
2
9
1
22
2
13
3
6
2
6
2
63
1
9
1
18
4
13
3
18
5
5
2
44
2
12
2
5
1
11
1
5
1
8
2
60
1
8
2
53
3
11
2
5
3
11
2
29
2
14
2
23
3
3
3
23
16
11
1
42
1
10
1
68
1
2
3
32
5
11
3
6
5
9
3
29
12
2
1
53
1
8
3
45
1
3
3
41
4
14
3
27
6
3
3
33
2
5
1
54
3
14
3
44
7
10
1
32
4
7
2
31
5
10
2
61
1
7
1
39
3
12
2
30
3
1
3
5
5
11
2
16
3
5
2
15
3
8
3
16
3
2
2
17
2
1
2
28
3
5
1
12
17
9
1
36
1
14
3
31
28
5
3
22
9
6
1
41
1
1
3
7
2
4
2
32
4
13
3
38
5
6
2
41
2
11
2
36
2
9
2
11
3
3
2
42
4
11
3
13
8
14
3
44
3
9
3
65
19
8
2
18
3
8
3
1
1
11
1
33
1
2
2
41
4
1
1
11
4
10
3
53
3
12
3
10
9
6
3
54
2
10
1
1
2
8
1
47
1
4
3
43
7
12
1
2
6
7
2
6
1
11
1
37
2
13
1
5
2
5
2
13
2
4
2
9
2
2
3
49
8
13
2
8
3
3
1
14
1
9
3
11
16
7
1
34
3
13
2
55
3
3
3
7
3
9
2
36
4
5
3
60
12
10
2
54
2
10
2
43
2
14
1
71
1
13
1
13
7
2
2
13
1
7
2
12
2
7
2
66
3
9
1
68
3
5
3
13
4
3
3
66
2
2
1
2
1
5
1
47
2
14
1
27
1
10
3
52
15
1
2
63
2
2
2
31
1
9
1
7
10
14
3
63
2
10
3
28
15
6
3
34
6
2
2
61
3
14
1
60
1
2
1
12
13
14
2
47
1
9
3
61
2
9
2
8
1
1
2
49
2
9
2
68
2
9
3
37
1
3
1
53
2
7
3
43
8
5
2
10
2
11
1
15
4
5
1
17
3
4
1
43
1
7
1
65
2
6
2
10
1
5
2
53
2
8
3
30
25
11
2
9
3
14
3
23
18
8
3
8
15
9
2
54
1
12
1
39
2
3
1
8
15
5
1
30
15
3
3
71
4
10
3
15
7
7
3
3
4
2
2
16
2
13
3
17
15
2
1
35
2
9
1
33
4
13
3
68
1
5
2
45
4
5
1
41
3
12
1
71
3
12
3
29
2
11
1
55
2
9
2
7
2
9
2
1
2
11
3
5
3
9
2
71
1
6
1
43
2
13
1
15
1
2
3
1
7
3
3
12
4
9
3
65
20
8
2
12
3
13
2
35
3
4
2
18
4
5
2
38
2
11
1
65
1
6
3
45
2
8
3
10
25
5
2
27
2
14
1
34
5
5
3
17
7
6
1
30
5
3
3
34
5
13
1
40
1
9
2
14
3
12
3
26
1
7
3
12
6
12
1
23
1
10
2
3
3
12
1
49
2
7
3
18
24
14
1
16
3
10
3
28
4
11
2
15
2
14
3
8
2
10
3
9
9
13
1
27
2
8
1
3
10
14
2
23
1
1
2
2
3
9
3
15
5
2
2
26
3
13
2
35
2
8
2
17
1
4
2
65
3
8
2
37
2
10
2
71
2
11
1
45
1
8
1
45
2
13
2
3
2
10
3
32
2
10
3
47
8
2
3
49
6
3
1
11
1
2
1
25
2
7
2
2
2
12
3
25
2
14
1
60
2
9
2
7
3
1
3
26
3
3
2
38
3
5
3
42
2
3
3
60
8
4
3
47
5
5
3
16
8
8
1
44
2
3
2
60
3
8
2
45
3
4
3
25
8
6
