3
30
8
11
3
10
17
4
1
54
2
12
3
71
5
5
1
9
8
5
3
45
4
6
3
60
9
14
2
60
2
9
3
44
10
6
1
9
5
9
2
40
4
13
2
30
2
6
1
22
2
14
1
55
2
1
2
8
3
1
2
41
2
1
1
13
8
12
1
14
6
4
3
14
24
12
1
28
2
4
1
41
2
7
3
36
15
3
3
9
16
3
3
61
11
2
1
22
3
12
1
29
2
9
1
37
1
10
2
31
1
12
2
54
1
9
1
32
4
11
2
23
1
3
1
42
2
11
2
3
1
4
2
2
2
10
2
32
4
2
1
5
1
10
2
40
1
12
3
26
8
3
3
42
3
13
2
66
3
5
2
47
3
7
2
25
3
9
3
66
9
3
1
47
3
7
1
27
3
1
3
14
5
11
1
49
2
10
1
30
4
4
3
26
10
13
3
18
18
9
2
22
3
13
2
43
2
5
2
45
3
7
1
29
3
8
2
68
4
12
1
2
1
14
3
28
10
3
2
38
3
4
3
55
5
10
3
40
5
3
1
41
1
1
1
45
2
10
3
6
4
1
2
22
1
2
1
63
1
12
1
38
3
5
1
6
2
8
2
55
1
13
3
39
6
14
3
43
2
7
3
8
5
9
1
4
8
2
1
43
2
7
3
67
35
5
2
36
5
10
2
7
1
5
2
6
2
3
1
7
7
4
3
15
4
12
3
16
5
5
3
29
19
1
3
65
15
14
2
7
3
1
2
30
3
5
1
53
1
1
2
63
1
1
1
25
2
8
2
11
1
3
2
34
3
10
3
10
25
11
1
15
3
2
3
42
4
7
3
68
11
4
3
32
7
11
2
39
1
12
1
63
2
12
3
7
4
2
1
32
6
3
3
22
5
2
2
9
3
2
1
45
1
9
1
31
15
8
1
27
2
4
2
34
2
6
3
47
8
13
2
61
3
5
3
49
6
1
2
61
1
4
1
11
5
3
1
38
2
9
3
53
8
3
2
5
2
13
2
17
1
11
1
30
14
11
2
12
1
5
2
4
1
11
2
4
3
2
2
45
1
10
3
63
13
2
2
27
3
10
3
65
19
12
3
17
11
13
3
33
8
10
1
47
1
3
1
31
17
12
1
28
1
6
2
26
3
3
1
18
1
11
2
67
1
7
3
35
7
12
1
18
4
8
1
68
2
5
1
60
1
3
3
5
2
11
1
23
3
6
1
67
3
12
1
39
3
8
2
68
3
11
1
52
3
6
3
15
15
4
3
11
7
6
2
44
4
12
1
60
2
2
2
65
2
3
3
68
8
2
2
43
4
14
1
54
1
10
1
65
2
14
2
49
4
7
3
33
23
11
1
44
2
1
2
71
2
6
3
54
1
2
1
1
3
2
1
14
14
12
1
40
3
14
1
4
3
1
1
12
3
8
3
28
5
5
1
2
4
13
1
6
1
11
3
11
2
10
2
8
2
10
1
71
2
13
3
13
5
1
1
25
1
9
3
29
14
3
2
63
3
1
3
16
1
1
2
1
1
2
1
71
3
11
1
35
1
4
1
17
15
4
3
4
2
9
1
39
1
13
2
33
1
6
2
25
1
1
3
12
6
13
3
45
6
2
1
61
1
13
1
17
2
1
2
23
3
1
2
1
3
13
3
13
4
9
3
40
6
14
3
1
9
2
1
55
1
13
3
9
29
2
3
52
14
3
2
53
3
5
2
14
3
9
3
31
12
2
2
31
5
10
2
42
4
1
1
66
3
12
1
16
7
3
2
27
1
1
1
10
7
9
3
25
9
5
2
14
1
1
1
36
2
10
3
36
3
4
1
26
1
1
1
43
3
8
1
40
1
12
2
9
1
13
2
10
1
10
2
53
2
3
2
54
2
11
3
27
9
12
2
35
3
4
3
4
9
1
2
10
3
4
3
25
6
5
1
3
8
4
1
49
1
6
1
5
2
5
2
44
3
4
3
23
5
7
1
67
2
8
3
49
5
9
1
33
2
14
3
38
3
7
2
38
4
13
3
22
2
6
1
33
8
13
2
18
3
3
1
12
14
10
3
5
1
9
1
35
3
3
3
27
4
6
1
10
3
13
1
68
3
3
2
6
1
12
2
2
3
6
3
53
6
7
2
12
2
7
3
43
1
13
3
34
2
14
1
8
7
14
3
37
4
7
3
47
1
6
2
28
3
9
2
47
4
12
1
16
1
1
2
18
1
2
1
34
3
8
2
28
1
13
3
67
18
9
2
66
1
6
1
42
1
2
2
15
1
11
2
29
2
5
1
23
1
7
3
7
3
8
1
8
10
7
2
26
2
14
2
29
1
13
3
31
20
13
3
41
3
13
2
41
5
4
2
15
3
5
3
34
1
7
3
32
2
6
3
6
6
13
3
63
7
1
2
17
3
1
2
49
3
4
3
18
20
10
1
52
1
8
1
7
9
1
3
8
16
6
2
32
1
6
3
2
4
2
2
52
3
9
2
39
4
1
3
52
3
3
2
33
3
2
3
66
3
13
1
26
3
10
2
60
1
8
3
54
2
14
2
5
1
6
1
44
3
13
3
44
2
11
1
36
3
3
2
42
1
7
3
23
19
1
1
37
2
3
1
66
1
12
3
41
2
8
2
67
2
10
1
13
7
1
3
3
7
5
2
13
2
8
1
53
2
4
3
55
8
2
3
3
2
7
3
12
4
8
3
71
2
2
1
11
9
10
3
38
8
8
2
37
4
9
3
60
26
3
1
3
1
13
2
36
4
4
1
65
1
7
3
17
1
2
3
39
7
7
3
37
5
7
2
55
3
10
2
52
2
10
2
16
2
11
2
37
3
12
2
35
2
8
2
71
1
8
1
15
4
13
2
65
4
10
2
13
3
8
2
3
3
14
3
35
6
13
3
30
9
13
1
34
6
8
1
1
1
1
3
2
8
8
1
61
2
13
3
61
5
12
3
1
7
13
2
11
3
13
2
16
1
2
