2
23
1
7
1
53
1
9
1
52
2
5
3
45
2
14
2
28
2
12
2
54
1
9
3
8
19
4
3
41
4
10
1
28
2
12
2
38
2
2
3
66
9
2
1
47
1
3
1
42
2
10
1
43
2
2
3
37
7
2
2
11
3
13
2
18
3
8
3
71
5
8
1
66
2
5
2
39
1
7
2
65
1
14
1
4
4
12
3
33
3
13
1
14
20
14
2
15
3
8
3
27
4
13
1
49
2
14
2
40
3
7
3
42
3
3
3
14
15
14
2
14
3
11
1
26
2
14
3
44
3
1
2
4
2
10
1
12
15
3
3
39
7
11
2
10
1
11
3
36
10
12
2
12
1
4
1
71
3
10
1
44
3
9
2
33
1
2
1
27
3
9
1
49
1
10
1
32
5
3
2
29
3
2
3
26
6
4
3
53
4
14
3
47
6
14
3
71
4
2
1
66
3
7
1
4
2
8
2
36
3
10
1
3
4
12
2
18
4
6
3
55
16
14
2
13
1
7
1
26
1
14
2
32
1
12
3
30
5
1
2
36
2
3
3
67
25
11
1
11
5
13
3
47
8
2
3
22
3
14
2
47
1
3
1
44
4
8
2
66
2
10
2
53
2
6
3
39
8
11
3
9
6
6
3
54
1
5
2
5
2
2
3
61
6
7
1
6
2
3
2
71
1
11
2
11
2
2
3
32
2
4
3
27
11
8
1
8
5
9
1
8
17
14
3
17
7
1
3
63
8
6
1
65
1
10
3
3
10
5
1
33
3
6
1
18
15
1
2
44
3
12
2
52
7
7
3
17
6
14
1
37
1
13
1
29
1
8
1
30
1
11
3
15
4
12
1
61
1
3
1
13
9
13
2
35
3
12
3
32
9
13
1
71
1
11
3
34
11
1
2
28
3
8
2
55
2
8
2
67
1
7
2
27
2
1
2
42
1
12
3
66
6
3
2
8
1
11
3
49
5
11
1
14
6
2
3
65
1
9
3
37
1
10
1
41
2
14
2
68
2
14
3
23
15
9
1
6
1
4
3
28
12
1
2
26
4
12
3
10
25
1
1
30
15
13
2
25
2
1
1
10
7
8
2
14
2
9
1
2
4
2
2
22
2
6
3
65
2
10
3
31
19
1
3
29
14
8
3
1
9
8
1
38
3
10
1
23
2
6
3
43
6
9
2
4
3
9
1
47
2
11
3
38
2
8
1
61
2
6
2
66
1
3
2
30
5
11
2
41
4
5
3
52
10
3
2
60
3
8
1
36
2
1
2
61
1
13
3
28
8
3
1
23
1
1
3
60
23
2
3
14
10
5
2
55
3
4
2
13
2
2
2
16
2
11
3
52
2
7
1
25
1
6
1
35
2
10
2
38
4
11
1
10
1
7
1
63
1
5
2
42
2
14
2
12
3
5
3
26
4
14
1
34
11
4
1
37
2
2
3
53
5
6
2
3
3
1
2
1
2
7
3
11
6
11
1
31
8
3
1
9
8
5
3
29
3
6
1
16
4
11
1
55
2
2
3
30
15
9
3
33
22
12
3
60
28
4
2
49
3
14
2
17
2
4
2
71
3
14
3
4
10
4
2
54
2
6
3
36
4
9
1
15
3
2
2
61
3
7
1
5
2
10
2
65
4
4
1
65
2
13
2
67
2
2
1
5
1
1
2
7
3
2
3
16
4
1
3
44
6
8
1
54
2
13
1
35
3
5
1
28
3
4
3
34
8
11
1
54
3
3
2
43
2
14
2
3
2
5
1
29
2
11
2
31
3
12
1
68
3
1
3
49
3
10
1
38
1
2
2
7
2
5
3
35
3
1
3
1
2
3
3
13
9
5
1
39
3
7
2
15
1
7
3
12
4
6
2
9
2
3
1
11
12
11
1
63
2
7
1
7
8
7
2
37
1
2
3
7
2
1
2
26
3
13
2
6
1
5
1
42
1
14
3
8
10
2
2
31
5
10
3
68
16
11
2
41
3
13
1
52
3
13
3
15
9
7
2
16
3
14
1
55
1
12
1
15
1
10
3
12
6
10
3
55
10
8
3
68
3
6
2
8
3
4
2
45
1
12
2
39
4
2
3
2
4
11
3
5
4
2
2
53
3
11
1
68
1
12
2
52
1
6
3
67
30
11
1
9
9
14
3
9
17
9
2
33
2
13
1
22
3
3
1
12
18
6
2
34
3
13
3
25
5
7
1
39
4
11
1
60
1
13
1
3
6
11
3
35
8
6
1
22
2
14
1
32
2
1
2
34
1
4
1
45
2
7
3
5
1
8
1
60
2
3
3
11
5
1
3
22
2
10
2
60
2
11
1
25
3
10
3
18
21
3
3
25
2
9
3
45
4
14
2
22
1
12
2
30
1
5
2
43
5
12
3
63
13
2
2
5
3
8
2
45
3
6
3
38
1
10
2
29
2
2
3
7
3
9
3
2
10
12
3
23
3
13
1
40
3
5
1
13
7
7
2
2
1
11
2
35
2
13
1
40
2
14
1
67
2
1
2
47
4
12
2
25
3
2
3
3
3
11
2
63
2
11
1
7
10
14
2
37
4
14
1
33
6
3
3
4
15
8
1
16
3
1
1
1
2
7
3
54
2
11
2
9
3
10
2
17
1
8
1
1
3
6
2
44
4
14
1
53
2
13
3
42
4
8
1
31
10
1
2
63
1
1
2
2
2
3
2
32
2
10
1
18
8
12
3
40
3
4
3
16
5
5
3
6
5
4
2
49
2
9
3
43
5
1
1
67
1
13
1
36
3
7
3
10
26
1
1
43
1
7
2
6
2
7
3
13
1
10
1
2
7
11
2
1
1
10
1
17
8
13
1
17
1
11
1
27
2
11
3
18
4
5
3
41
3
12
2
10
2
12
3
40
1
4
3
61
3
5
1
34
6
3
1
41
1
2
3
6
4
7
2
40
4
11
2
27
1
6
1
45
1
11
2
23
3
7
3
31
16
10
2
68
1
7
