1
55
1
8
1
61
3
6
2
44
1
4
3
67
32
7
2
4
3
13
2
31
2
5
1
22
2
10
1
25
2
5
3
28
9
7
3
17
1
6
1
52
1
3
1
8
1
12
2
37
2
8
1
6
2
2
2
47
1
10
2
23
2
1
1
49
2
6
2
66
1
9
3
47
5
7
1
40
1
10
3
60
10
11
3
68
12
5
1
41
3
8
2
4
1
5
1
1
2
10
3
9
14
5
1
45
2
11
3
14
16
6
1
23
3
5
2
60
2
8
2
10
3
3
3
45
4
8
2
7
3
10
3
61
6
9
1
66
1
7
2
71
2
10
2
22
1
2
2
12
2
5
1
68
2
8
1
38
1
4
3
43
2
1
3
3
6
4
1
34
1
14
3
38
6
5
3
34
3
10
3
6
4
9
3
36
7
6
2
32
1
11
3
4
18
5
2
27
3
14
1
71
2
7
3
8
17
2
2
53
3
11
1
6
1
12
1
22
1
6
1
47
1
5
3
5
5
1
3
42
4
7
1
42
1
2
2
14
2
4
2
47
4
2
2
31
4
10
1
31
8
12
2
18
3
10
1
61
2
13
2
68
4
14
2
18
4
11
3
29
5
2
1
2
5
7
3
17
6
10
1
7
8
1
3
13
8
1
2
29
2
8
3
2
9
13
1
65
2
3
3
49
6
7
2
54
2
11
3
1
10
6
2
33
2
9
1
67
3
1
1
32
5
7
2
39
2
11
2
5
3
12
3
37
11
6
1
37
2
6
3
5
2
10
2
6
1
8
2
38
1
14
3
7
3
11
3
12
6
7
3
13
7
4
3
39
4
4
2
11
3
4
2
2
1
13
3
10
10
14
3
25
9
11
1
38
3
14
2
8
3
12
3
38
5
13
2
38
4
7
2
1
1
12
2
37
1
7
1
4
8
7
2
40
1
8
3
41
1
3
3
32
1
4
2
44
4
13
3
36
9
5
1
14
7
11
1
8
6
10
3
34
5
5
1
52
3
14
3
54
2
1
1
15
2
6
2
10
1
2
1
27
3
6
2
40
2
2
3
37
8
5
2
25
3
6
2
36
4
12
3
40
2
5
1
33
8
4
3
25
3
14
1
60
1
2
3
40
6
2
1
5
1
11
1
40
2
13
3
8
2
2
2
13
3
14
2
11
2
12
3
49
3
5
2
41
4
12
2
52
1
8
1
47
3
14
3
61
8
6
2
32
4
6
3
14
24
13
2
65
2
10
2
7
2
6
2
42
1
9
2
49
4
10
3
66
4
6
1
54
3
7
2
68
1
3
2
26
1
1
1
15
5
13
2
63
2
2
3
55
5
12
1
63
2
10
1
32
4
13
3
18
5
9
3
65
19
13
2
15
1
5
1
37
1
2
2
45
3
12
1
34
7
1
3
26
4
9
3
60
13
1
1
13
1
7
1
27
1
5
1
26
1
14
1
10
2
8
1
26
2
1
2
27
1
7
3
53
5
10
2
67
2
3
1
9
1
7
3
55
11
6
1
36
2
8
3
54
1
11
1
18
12
4
2
60
3
10
1
44
4
14
1
25
1
8
3
9
4
8
2
34
3
5
3
63
4
8
1
41
2
14
1
13
6
2
2
71
1
13
2
16
3
1
3
12
3
8
1
10
4
11
1
3
4
5
2
66
2
13
1
53
2
12
2
2
2
10
2
61
1
8
3
30
24
14
2
35
1
3
2
30
4
8
2
13
1
14
3
35
8
1
1
33
7
5
2
53
2
11
1
55
2
9
2
54
1
4
1
1
1
12
1
18
3
7
3
6
5
5
1
2
1
11
3
15
11
8
3
31
24
14
2
30
5
8
2
52
5
2
3
22
3
14
3
23
9
10
2
15
3
8
1
23
2
1
3
39
3
7
2
3
1
4
3
71
2
3
3
29
12
3
3
11
17
2
1
43
1
13
2
28
3
5
2
25
1
5
1
68
3
4
1
12
14
1
1
16
6
6
2
41
5
3
3
47
10
2
2
28
1
10
1
36
1
5
3
26
2
7
3
33
23
14
3
45
7
1
2
34
1
8
1
11
9
5
1
65
1
2
1
30
11
3
1
9
14
5
3
1
7
13
1
12
6
7
2
9
3
6
3
41
2
1
2
35
2
10
1
35
4
11
2
55
3
11
3
68
8
14
2
55
2
14
3
35
7
14
1
17
9
7
3
31
16
1
1
7
11
14
3
7
2
5
1
63
1
14
3
65
12
7
3
32
7
1
1
71
3
1
3
30
22
4
1
4
6
14
2
6
3
5
3
52
17
14
1
30
18
1
1
17
8
4
2
8
2
13
3
42
1
5
3
27
11
6
3
23
16
4
1
43
3
5
1
39
4
2
1
60
2
6
1
49
1
3
1
42
2
2
2
14
3
11
2
3
2
10
2
49
3
12
1
5
2
8
3
3
8
6
3
2
11
11
3
11
2
1
1
45
1
6
2
16
1
7
2
42
2
3
1
66
2
4
2
63
1
11
3
27
4
13
2
67
1
1
1
28
2
4
2
29
1
9
3
22
12
8
2
9
2
1
2
26
2
11
1
39
1
8
1
16
4
1
2
61
2
4
3
43
4
8
2
23
1
6
3
52
5
13
3
53
6
5
3
18
11
5
3
16
1
6
2
33
3
13
1
44
3
4
1
31
15
4
3
33
13
4
1
53
1
2
3
10
24
11
1
54
1
1
1
35
2
4
3
28
10
1
3
15
10
1
1
29
1
3
2
22
2
14
2
1
2
14
1
29
2
8
2
65
3
12
2
39
1
1
3
71
4
14
3
16
4
14
3
44
9
14
2
17
1
2
2
5
1
10
2
43
3
1
1
67
2
5
3
4
26
13
2
45
1
11
2
36
5
10
1
11
2
7
3
67
19
6
2
12
1
13
1
14
4
10
1
28
1
5
3
44
6
11
1
3
9
8
2
17
3
7
2
43
4
13
3
63
2
2
3
66
1
14
