2
23
3
4
3
53
1
14
3
17
15
12
3
18
20
5
2
18
2
1
1
49
1
6
3
7
2
10
3
5
5
7
2
31
4
13
1
53
2
9
3
30
21
13
1
5
1
10
3
16
7
10
3
3
10
3
2
68
4
3
1
4
7
9
2
34
3
1
3
71
1
9
2
31
3
6
2
1
1
2
2
55
1
5
1
3
8
1
1
25
3
3
1
65
2
14
2
43
4
3
2
52
1
9
3
39
6
6
3
71
5
9
1
63
2
10
3
43
3
10
1
34
11
2
3
8
6
14
3
42
4
6
2
43
3
10
1
39
1
12
3
37
5
3
2
44
3
3
2
9
3
14
2
66
1
11
3
25
2
7
1
26
3
14
3
36
2
14
3
10
2
14
3
37
4
14
2
37
2
7
2
40
4
4
3
34
10
5
2
30
5
14
1
14
13
5
1
38
1
4
2
28
1
14
3
55
6
13
1
15
5
1
3
15
16
14
2
1
2
1
1
27
3
6
1
49
2
10
1
23
3
10
3
60
15
11
3
53
4
3
3
9
20
13
2
4
1
1
3
45
2
3
3
4
28
5
1
54
3
3
1
31
9
11
2
61
2
2
1
38
2
12
3
28
14
3
1
40
2
13
3
63
10
9
2
12
2
10
1
65
1
5
2
27
2
8
1
31
10
1
3
13
2
2
1
13
4
8
3
33
18
2
1
60
1
7
2
60
1
3
2
4
3
5
2
14
2
10
1
22
1
3
2
17
1
11
2
55
2
10
1
8
14
4
2
6
2
3
2
38
1
14
1
68
2
14
2
5
3
10
3
4
8
13
1
22
2
14
1
35
4
3
3
41
3
5
2
15
3
1
1
23
2
1
3
23
3
9
1
18
1
3
2
10
2
5
2
41
1
2
3
52
18
10
3
11
10
6
1
32
3
5
3
42
2
7
2
42
3
11
1
60
2
2
3
65
13
1
1
7
8
2
3
9
8
4
3
66
2
9
2
2
3
8
2
11
1
14
3
40
3
1
2
67
1
7
3
61
6
7
1
30
6
9
1
18
5
2
2
8
3
3
3
26
8
2
2
53
1
5
3
32
5
12
3
60
21
4
3
49
7
13
1
2
5
2
3
29
11
4
3
33
4
11
3
27
14
8
1
32
5
2
1
17
4
13
2
35
3
6
1
33
1
6
2
40
1
1
1
9
12
7
3
35
2
10
1
15
3
9
1
66
3
5
1
28
1
9
1
40
3
12
1
44
1
10
1
3
4
3
2
52
4
11
2
7
3
13
3
11
20
5
1
37
1
6
3
14
1
5
1
39
4
11
2
23
1
1
1
10
2
3
1
11
7
13
2
32
1
10
3
13
1
12
3
1
9
4
3
63
12
1
3
66
9
14
2
29
3
3
1
61
1
2
3
23
2
9
3
2
8
6
1
44
2
12
3
35
4
9
1
67
2
3
1
37
2
1
2
11
3
5
1
67
3
10
1
2
2
8
2
60
4
10
2
45
1
12
2
6
1
1
3
10
12
10
2
28
2
13
1
42
1
12
2
29
1
1
2
42
1
14
1
55
1
3
3
15
8
4
1
52
3
14
1
68
1
2
1
25
2
4
3
36
5
13
1
63
1
13
3
29
7
9
1
41
3
3
1
34
10
11
2
54
2
6
2
49
3
13
3
44
8
14
1
42
2
7
2
27
1
2
2
35
2
10
3
25
3
5
3
67
32
1
2
39
4
13
1
66
2
2
1
13
3
6
2
63
3
5
1
12
11
3
2
33
3
8
1
7
4
2
2
5
1
12
1
8
2
2
3
18
8
14
3
55
5
11
1
14
7
1
3
47
9
14
2
15
2
4
3
39
2
9
2
41
2
7
3
30
7
1
1
28
3
13
1
16
7
4
1
47
2
8
3
67
6
1
1
45
2
12
1
26
2
9
1
4
1
3
1
30
1
12
3
38
12
10
3
6
4
9
3
43
4
3
2
32
4
8
2
3
3
1
2
13
3
14
2
54
1
1
2
8
1
1
2
71
1
13
3
68
4
2
1
43
1
11
2
65
4
1
3
47
3
5
3
12
2
12
2
53
3
3
1
6
2
9
2
61
3
4
1
41
2
11
3
61
5
6
3
7
4
12
2
36
4
13
3
8
12
8
1
36
3
2
2
22
3
9
2
30
2
14
1
6
1
8
2
66
2
8
3
44
6
6
3
41
1
4
1
71
2
14
2
38
2
14
1
11
10
1
2
63
1
5
3
2
7
12
2
16
2
1
1
1
1
4
3
38
5
6
3
3
5
14
3
45
5
6
3
49
1
10
2
47
1
7
2
25
1
14
2
26
3
13
1
61
3
10
1
16
1
5
2
26
4
1
1
17
10
8
2
17
2
12
1
35
3
9
1
53
1
9
3
28
4
3
3
65
18
9
3
5
3
1
2
67
2
13
3
31
10
9
3
1
1
7
2
25
3
3
3
6
5
7
3
40
4
14
2
49
2
9
1
45
1
1
3
12
1
2
1
52
2
1
3
68
15
9
3
34
8
12
3
27
13
13
2
7
1
10
2
16
3
5
2
37
1
3
1
54
2
3
3
16
6
13
1
47
3
14
2
47
2
13
2
68
1
9
2
39
1
4
3
14
13
7
1
71
3
5
3
26
1
5
2
3
2
5
2
10
3
4
3
32
8
13
2
22
2
1
1
1
2
12
1
27
1
6
1
29
3
1
3
17
4
12
2
71
3
12
1
43
3
10
2
45
4
12
3
22
9
10
2
65
2
1
1
5
2
9
3
54
1
14
2
14
1
13
2
36
5
5
3
22
7
11
3
54
2
11
1
29
2
12
3
52
17
11
1
10
5
3
3
31
12
12
2
44
5
9
2
18
3
10
2
33
1
12
1
12
2
9
2
9
1
3
2
13
2
4
2
2
2
11
2
12
3
8
1
55
2
6
2
34
2
6
1
33
5
10
1
9
5
10
1
36
2
3
