3
39
1
12
1
26
2
11
2
45
4
7
1
26
3
6
1
7
7
6
2
66
2
9
2
65
1
6
1
63
1
3
1
41
3
11
1
42
1
4
1
65
1
6
3
34
7
5
1
9
8
8
2
71
1
10
2
10
1
3
2
47
3
8
3
17
13
13
2
6
1
9
3
9
16
6
3
2
6
8
1
12
16
1
3
63
9
5
1
14
14
14
3
40
6
6
2
26
1
10
1
8
7
7
1
71
2
1
1
10
2
10
2
5
3
1
1
13
7
4
2
67
1
6
1
2
5
3
2
9
3
12
1
45
1
13
2
68
4
2
3
32
7
12
2
25
3
6
2
1
1
1
3
65
1
8
2
32
3
8
1
35
4
10
3
52
5
12
1
38
1
9
1
33
4
6
2
6
3
2
3
65
21
2
2
54
2
9
1
36
2
4
3
66
4
5
2
12
1
7
1
55
2
7
1
18
8
9
3
53
5
10
3
31
11
7
1
40
2
6
3
68
14
8
3
71
4
11
1
10
4
8
2
1
3
8
2
39
3
5
3
52
1
10
3
61
11
9
1
53
1
10
2
17
1
5
2
45
1
13
2
30
4
1
3
42
3
12
2
35
3
2
1
54
3
7
3
47
1
13
1
3
5
14
3
12
4
6
3
22
2
10
2
30
3
11
2
22
1
13
2
4
2
5
3
44
1
4
1
18
1
2
1
39
3
5
3
5
4
11
2
12
3
11
3
67
30
13
3
43
5
13
3
2
5
4
3
45
6
13
3
61
9
10
3
28
10
4
2
49
3
12
1
39
2
3
1
5
1
14
2
34
3
11
2
9
1
5
3
30
27
13
2
16
3
11
3
5
1
9
3
15
8
14
1
55
1
4
3
28
12
10
1
8
16
5
3
36
15
4
2
40
1
11
3
40
4
6
2
14
2
9
2
29
2
2
1
53
2
14
3
6
2
10
1
17
3
9
1
32
4
11
1
30
11
7
1
29
1
7
2
41
3
10
3
3
10
4
2
17
3
7
1
14
9
7
1
61
1
8
3
16
2
11
3
54
2
2
3
33
1
10
3
4
12
6
2
7
2
14
3
33
14
1
1
16
6
2
2
63
2
7
2
14
3
2
3
67
18
2
2
15
3
11
3
14
13
13
3
13
2
12
2
7
3
3
1
71
3
4
3
54
1
12
2
10
2
9
3
23
4
6
3
26
8
4
3
7
5
8
2
32
1
6
1
29
3
2
1
67
2
12
3
68
12
12
3
7
3
5
2
16
1
12
2
43
2
6
3
42
4
4
3
55
12
9
1
1
3
4
2
40
2
8
1
52
2
11
1
45
2
5
2
53
2
7
2
13
2
11
1
44
4
10
2
3
1
7
1
54
2
9
1
6
1
1
3
55
7
1
3
47
3
8
3
38
5
11
3
6
3
7
3
9
7
12
1
25
2
9
2
25
1
11
3
10
25
2
3
37
11
5
2
55
3
12
3
39
4
5
2
55
2
9
3
43
4
10
3
18
16
14
1
63
2
3
3
34
5
5
2
34
2
7
1
42
2
9
1
60
2
9
3
44
3
3
1
66
1
11
1
6
2
4
3
8
16
6
1
16
4
12
1
2
1
12
1
47
1
8
3
35
1
10
3
29
17
2
2
8
1
12
1
60
1
8
1
32
5
13
1
23
3
1
3
10
15
11
1
3
2
7
3
66
5
1
1
43
3
14
3
3
1
7
2
8
2
10
1
30
4
1
3
12
2
14
1
23
2
4
2
23
3
10
1
1
2
2
3
49
6
5
3
41
3
6
2
26
3
11
2
54
1
14
2
27
3
13
1
61
3
14
2
39
4
14
2
42
4
13
1
25
1
14
3
27
17
9
1
31
3
4
1
68
1
5
2
41
4
6
2
42
2
1
2
28
1
4
3
25
3
5
2
5
1
2
2
38
5
10
1
41
1
11
1
11
11
14
2
49
1
8
3
36
9
14
1
44
3
12
1
47
2
3
3
41
2
3
3
25
6
3
3
18
13
7
3
16
5
13
2
52
7
13
2
66
1
6
2
37
2
8
2
65
3
11
3
29
7
11
1
4
5
4
3
17
6
5
1
27
2
10
2
13
3
11
3
11
9
5
1
34
6
13
1
52
1
11
1
7
6
2
2
22
2
12
1
17
12
8
3
8
12
11
2
3
3
10
1
66
2
8
3
45
2
2
2
28
2
10
2
29
1
12
3
1
4
14
1
15
2
4
2
68
3
6
2
37
4
8
1
34
10
12
3
13
6
3
1
28
2
2
1
27
1
5
2
44
4
14
2
36
2
12
1
22
2
6
2
31
5
8
1
65
2
4
1
37
2
14
1
40
3
13
2
60
1
7
1
67
3
10
1
11
7
8
2
63
3
4
1
9
10
13
1
5
2
6
2
36
4
5
2
47
2
12
1
33
7
3
3
53
6
13
2
4
3
11
1
15
3
9
1
28
1
12
2
31
3
10
2
15
1
10
3
26
1
9
1
38
3
10
2
27
1
2
2
18
2
2
2
11
1
5
3
30
20
4
2
33
3
1
3
37
5
2
1
43
2
10
3
49
1
14
2
60
3
10
3
23
2
11
2
71
2
9
2
43
3
7
3
35
5
9
2
35
1
4
2
67
2
7
1
36
3
5
3
27
2
1
2
52
1
5
2
23
1
12
3
60
31
6
3
31
17
12
1
49
1
7
1
31
8
13
1
13
8
7
2
2
3
13
1
12
8
13
2
11
2
14
2
44
1
4
2
2
2
3
1
68
2
3
3
38
8
10
1
49
2
13
3
60
16
13
2
38
2
6
3
22
6
13
1
4
8
5
3
32
10
7
3
11
20
9
2
61
3
14
1
37
1
2
3
4
22
4
1
22
1
14
3
1
7
2
3
15
14
9
2
61
2
13
2
33
1
6
3
14
17
4
2
18
3
1
3
71
5
6
2
53
1
8
3
63
11
11
1
35
2
5
