1
34
10
4
3
61
11
13
3
42
4
5
3
22
10
3
3
30
17
1
3
61
8
6
3
6
3
10
1
13
6
12
1
14
4
14
3
29
2
9
3
9
5
6
3
39
10
8
3
60
20
12
3
7
1
10
2
42
1
8
2
14
2
14
3
44
1
14
2
32
3
14
3
66
6
14
1
44
1
3
3
10
17
4
2
52
4
2
3
11
18
13
2
6
2
14
1
36
3
9
2
45
1
7
2
2
1
14
3
9
8
9
2
49
2
11
3
28
8
6
2
22
1
7
2
14
1
11
3
11
16
14
1
35
2
9
3
36
3
13
2
33
2
8
2
23
2
13
2
34
2
11
1
60
1
2
1
31
11
13
3
23
2
3
2
18
2
11
1
65
1
12
3
13
5
9
1
25
2
11
1
65
2
3
1
4
7
3
1
66
3
11
2
55
3
14
1
1
2
10
3
38
10
5
3
2
7
10
2
18
3
12
1
1
1
2
1
27
2
14
2
12
1
14
2
37
2
7
1
61
3
14
1
10
8
10
1
16
2
4
3
32
11
14
1
29
2
9
1
61
2
4
1
22
3
11
2
38
2
5
3
47
4
4
1
31
13
12
2
53
1
7
3
53
7
2
1
22
2
12
2
10
1
7
3
41
1
12
2
43
3
2
3
18
19
11
2
53
3
2
1
33
7
7
1
40
3
11
2
65
1
9
2
38
4
14
3
6
6
12
2
16
1
9
1
47
1
2
3
49
6
5
3
3
1
4
1
39
2
12
3
13
3
5
1
39
1
4
2
35
1
9
3
65
10
8
2
61
3
5
3
60
7
8
3
49
2
10
2
27
1
13
2
28
3
4
2
10
3
4
3
40
4
4
1
36
2
13
2
54
2
12
3
66
7
8
2
49
1
14
1
32
7
9
1
71
3
12
3
43
3
14
1
66
1
14
3
37
3
3
3
67
13
6
3
2
1
8
3
26
3
2
2
43
1
7
2
67
2
7
1
6
2
1
1
37
1
14
3
43
1
4
2
7
2
10
1
30
18
13
1
68
3
3
2
2
3
14
2
31
1
14
2
60
3
14
1
27
1
1
2
66
3
8
1
13
5
4
3
36
12
10
1
9
3
1
3
8
2
2
2
23
1
4
3
28
11
8
3
16
3
6
3
41
3
4
3
27
7
3
2
39
2
4
2
63
2
10
2
41
2
9
2
26
3
9
1
55
1
5
1
44
4
10
3
63
10
7
3
33
14
13
2
36
1
14
3
1
6
5
2
60
4
13
2
5
3
9
3
54
1
9
1
47
3
14
1
43
1
7
2
29
1
13
1
3
11
4
2
6
1
7
1
41
1
11
3
38
6
5
1
40
2
10
2
13
3
12
1
42
2
8
2
8
1
2
2
67
1
2
2
4
2
6
2
13
2
11
1
42
1
4
3
22
5
14
2
37
4
5
2
68
1
1
3
15
7
6
2
41
4
8
2
44
3
2
3
10
16
3
1
12
16
4
1
34
8
13
2
1
2
12
1
18
14
1
2
35
2
14
1
53
2
11
3
63
6
5
1
49
1
9
2
31
3
10
1
52
1
8
2
9
1
9
2
33
1
4
2
32
1
5
2
29
3
8
3
52
7
3
3
32
2
7
2
4
3
14
1
28
3
14
1
7
10
4
1
49
2
13
1
10
5
11
1
7
5
10
1
54
2
11
3
7
2
14
1
26
2
11
2
25
1
6
1
63
1
11
3
29
17
2
3
42
3
3
3
15
9
11
3
45
2
11
2
17
1
5
1
71
2
1
2
1
3
5
1
54
1
1
2
61
2
13
2
12
2
3
2
5
1
3
3
25
3
6
1
68
2
9
2
30
2
8
3
5
5
5
1
11
2
9
1
33
3
4
1
2
2
5
1
67
1
12
2
27
2
13
2
36
2
8
1
23
3
9
3
71
2
9
3
53
2
9
3
45
5
2
2
45
3
11
2
3
1
2
3
30
2
12
1
15
1
11
2
15
2
7
3
54
2
6
1
38
1
2
1
9
14
4
1
11
4
6
3
17
5
4
3
23
8
6
3
18
22
1
1
53
1
12
2
26
2
1
1
60
2
3
1
37
2
6
1
2
1
7
1
55
2
11
3
5
4
2
1
25
3
1
3
68
10
5
2
42
4
4
3
4
2
5
2
44
1
1
1
5
2
2
3
14
1
2
1
15
2
12
1
16
7
9
1
18
11
7
1
35
4
11
1
41
2
11
3
17
16
2
2
65
2
1
3
35
6
3
3
34
10
11
2
15
1
5
3
31
19
13
1
32
6
12
1
23
1
4
3
14
10
11
1
6
1
9
1
12
11
7
3
40
5
4
2
39
1
6
1
45
1
5
2
52
1
4
3
47
1
4
1
38
3
11
3
55
3
5
2
71
3
13
2
11
1
7
3
55
8
7
2
9
2
11
1
17
1
2
2
63
3
9
2
17
2
13
1
28
2
14
3
71
1
8
3
4
3
3
2
8
2
1
3
52
18
13
1
5
1
2
2
3
3
5
3
33
4
1
2
7
1
11
3
25
1
2
1
8
11
3
1
43
2
7
2
71
1
14
1
3
5
11
3
34
6
10
1
45
2
11
2
47
4
7
2
16
2
14
3
65
16
1
2
34
3
10
3
12
5
7
3
16
1
2
1
17
11
5
2
30
1
1
1
63
2
7
2
47
1
13
1
14
13
14
2
40
4
12
3
44
9
13
3
39
2
10
2
66
1
7
3
26
8
9
2
68
2
8
3
8
12
11
3
12
2
4
2
28
1
9
2
11
2
5
3
3
5
7
3
37
11
12
2
55
2
3
1
26
1
9
2
40
1
4
1
52
2
14
3
31
5
12
3
27
1
3
2
22
3
12
1
29
1
9
2
25
2
1
1
67
2
14
2
54
1
9
3
67
7
4
3
1
7
10
1
4
5
4
1
8
4
3
3
35
3
12
1
30
19
1
3
68
5
9
