2
44
5
6
1
11
10
8
2
61
3
13
2
35
1
5
1
23
3
10
3
31
17
1
2
66
2
5
2
63
1
9
1
61
3
1
2
8
1
2
3
34
3
8
1
31
12
2
3
61
1
13
2
33
1
10
2
47
4
5
3
26
5
12
2
52
6
10
3
7
4
9
3
5
1
7
1
41
3
12
1
54
3
11
2
32
2
4
1
42
1
7
3
66
2
2
2
9
3
1
1
26
3
12
2
34
2
8
2
3
1
9
1
43
1
7
3
40
3
12
3
45
6
13
3
71
1
8
2
32
1
7
2
65
2
14
1
15
5
5
1
33
7
3
1
32
5
3
1
25
1
1
3
9
2
12
3
29
5
3
3
15
9
12
3
14
17
2
2
11
3
10
1
7
6
2
1
16
2
13
1
17
7
13
1
53
2
5
3
53
5
13
3
28
16
12
2
68
4
10
1
47
1
10
3
33
20
10
2
8
2
11
3
44
3
1
2
53
3
11
3
9
27
1
1
4
8
4
3
18
14
2
2
14
1
5
2
35
2
3
2
39
3
10
3
4
20
9
1
45
2
5
2
30
2
4
2
1
3
5
3
16
3
9
1
52
3
2
3
17
5
2
1
13
5
13
1
17
15
4
2
40
1
12
1
34
6
1
3
60
18
6
2
27
1
5
3
63
1
13
2
17
2
7
1
32
1
6
1
54
2
13
3
22
11
2
2
18
2
1
1
71
3
8
1
61
2
3
3
30
5
11
1
37
2
7
1
66
2
7
2
45
1
12
1
25
2
7
1
3
9
2
2
28
3
6
1
13
9
13
2
67
2
5
1
65
1
14
3
13
5
4
3
25
9
6
2
11
2
3
2
6
1
11
3
42
4
13
1
37
1
13
2
27
3
4
3
68
9
14
1
8
11
10
1
6
1
12
3
14
21
2
1
12
6
4
2
12
2
12
2
16
3
13
1
23
2
9
1
65
2
4
2
36
4
2
3
41
3
5
3
33
1
10
3
32
8
9
1
31
5
14
1
39
1
4
1
30
2
7
3
8
12
1
3
23
16
7
1
27
2
7
2
4
3
13
3
17
3
8
2
6
3
2
1
49
1
11
1
1
3
11
2
31
4
12
2
30
5
11
1
22
1
7
3
2
6
3
3
63
9
5
2
22
1
6
1
63
1
3
3
35
4
8
2
38
1
3
1
40
2
3
3
23
15
9
2
13
3
12
3
25
2
12
1
9
5
5
1
38
1
9
2
23
3
2
3
67
21
4
2
16
1
4
1
10
7
4
1
16
3
1
1
44
3
6
1
2
5
13
3
11
9
4
2
45
2
13
1
15
1
12
1
5
1
5
3
42
3
7
3
60
25
14
3
2
8
9
1
49
2
14
1
12
16
12
3
45
5
11
1
39
3
8
2
71
2
12
2
18
4
7
2
31
5
4
3
54
2
9
2
61
2
14
2
25
2
7
1
22
3
3
3
26
9
5
2
55
3
13
2
36
1
8
2
12
3
7
3
49
6
4
3
34
1
5
2
10
2
12
3
27
10
6
1
41
2
13
3
39
1
3
3
66
6
4
1
71
1
14
2
7
3
4
3
11
17
8
3
65
12
5
1
18
1
3
2
39
4
5
3
44
10
9
1
2
7
6
2
28
2
7
1
27
3
2
2
34
3
12
3
47
10
9
1
66
3
11
3
5
4
1
1
10
8
12
1
40
1
11
2
66
1
5
2
15
2
2
1
68
1
10
3
53
6
7
1
60
1
12
1
3
4
9
1
55
2
8
2
2
3
1
3
36
6
6
3
22
10
1
3
39
3
4
1
26
1
12
2
52
4
8
3
18
9
2
3
47
7
4
2
13
2
3
2
65
1
14
2
7
2
10
1
29
2
4
1
38
3
6
3
6
2
12
3
15
7
13
2
33
2
6
1
11
1
10
2
25
1
4
2
68
2
13
3
10
25
1
2
43
1
13
3
12
1
10
1
1
2
10
2
26
4
6
2
42
2
4
1
7
7
3
2
67
1
4
3
41
2
11
2
49
3
2
2
43
5
8
3
55
1
9
3
38
7
13
2
60
1
7
1
43
3
13
3
38
12
2
1
42
2
3
3
71
3
13
2
10
1
1
3
7
1
14
3
27
14
10
3
43
3
11
1
29
1
3
3
52
1
1
2
60
4
3
3
3
4
14
3
35
2
8
2
44
2
7
1
5
2
2
1
8
13
7
1
68
2
1
3
67
3
6
3
37
7
14
3
10
20
12
3
37
3
12
1
60
2
7
3
55
15
4
3
29
4
2
2
5
3
12
2
9
2
3
2
1
2
11
2
37
1
6
2
5
2
7
1
63
2
8
2
22
3
8
2
23
2
14
3
30
1
13
3
3
5
12
2
41
1
2
3
28
8
3
1
28
2
9
2
42
1
10
3
68
1
13
1
53
1
14
3
49
1
9
3
43
4
7
3
65
20
4
3
31
12
14
2
2
2
5
3
4
24
5
1
44
1
14
1
55
1
9
3
1
2
10
1
47
3
4
1
35
2
9
3
8
6
5
3
52
8
6
1
9
10
7
3
6
6
8
2
71
1
3
2
41
2
1
2
49
1
1
1
35
4
5
1
14
10
4
3
36
11
4
2
54
1
3
1
67
2
4
2
53
1
3
1
36
1
2
1
45
1
11
1
18
5
10
2
54
2
5
2
29
2
9
2
4
2
11
2
15
3
2
2
17
1
3
3
32
12
6
2
38
5
7
1
14
12
13
3
54
1
9
3
61
7
14
1
34
7
8
2
55
2
7
1
28
3
2
2
47
1
9
3
16
5
8
3
13
8
10
1
67
1
4
2
14
2
2
2
26
3
4
3
12
5
4
1
6
2
9
2
63
3
12
2
3
3
2
1
33
2
6
1
30
5
12
1
4
5
1
2
40
2
6
1
52
1
13
3
1
3
4
2
29
3
14
1
36
2
12
3
40
5
12
2
37
3
10
