3
66
4
8
3
54
1
6
3
29
12
12
3
13
8
14
2
26
3
7
2
12
1
1
1
27
3
8
1
22
1
11
3
68
6
8
2
30
1
3
1
63
1
10
3
53
3
11
2
38
1
9
1
6
2
3
1
37
2
10
2
23
1
7
3
10
13
12
3
60
21
4
3
30
23
13
2
37
4
11
1
60
2
5
3
42
1
13
3
17
6
1
1
16
7
4
3
54
2
12
3
28
5
2
3
2
8
2
3
17
11
14
1
25
2
1
2
53
1
11
3
38
10
6
1
55
1
10
3
36
10
1
2
52
7
7
1
44
3
6
2
7
1
11
2
42
2
7
3
31
1
14
2
28
1
10
2
47
4
8
3
44
4
13
3
5
2
8
2
29
3
2
3
65
20
6
3
10
7
10
3
43
7
4
3
71
5
7
2
63
2
6
1
3
1
5
2
54
2
4
1
11
10
7
2
22
2
3
3
33
5
12
3
47
1
11
2
23
2
10
1
36
1
6
1
52
1
4
1
32
6
4
3
36
7
3
3
52
5
1
2
55
2
12
1
35
4
3
3
49
2
6
1
17
13
13
2
36
3
11
3
34
10
4
2
60
1
12
2
54
1
2
1
36
2
11
3
11
11
6
3
2
12
12
1
26
2
5
2
49
3
6
1
10
8
4
1
31
3
6
2
2
1
3
2
41
5
3
2
31
2
3
1
67
2
1
3
40
2
10
2
10
1
9
1
1
1
4
2
17
3
13
1
42
2
7
1
54
3
10
2
39
3
11
2
6
2
1
1
5
2
3
3
18
1
3
3
61
2
10
3
61
5
1
1
47
1
5
3
15
12
4
1
4
5
7
3
39
8
4
1
52
2
13
3
14
4
8
2
17
2
14
2
30
5
2
3
26
4
4
3
6
4
13
2
44
1
8
1
8
8
2
1
33
6
8
2
5
1
5
1
4
4
6
3
43
4
6
3
32
3
10
3
47
5
5
3
6
6
2
2
1
1
12
1
49
1
2
1
12
7
10
2
28
3
4
2
41
2
12
2
10
2
8
3
14
7
14
1
10
5
14
3
8
11
12
3
35
2
3
1
30
17
11
2
55
3
8
1
35
1
8
3
9
16
6
1
43
3
8
1
23
1
14
2
45
1
9
2
43
3
12
1
38
3
12
2
11
1
10
3
5
4
9
2
29
1
9
1
3
2
1
3
22
3
2
3
35
3
5
1
45
2
5
3
49
1
1
1
32
3
10
2
13
3
7
1
31
4
3
1
44
4
2
2
40
4
8
3
39
10
12
3
52
12
2
1
42
1
14
2
4
3
7
1
30
6
7
3
4
28
3
3
34
3
1
1
47
2
10
2
47
3
11
1
2
7
8
1
14
16
9
2
7
3
13
1
66
3
2
2
5
3
5
1
41
2
14
1
5
1
4
2
35
3
5
3
22
8
8
1
23
2
10
3
16
2
1
2
66
1
5
3
65
4
13
3
31
20
6
3
15
8
1
2
37
3
12
2
3
2
14
3
1
9
4
2
65
1
13
3
37
1
11
1
11
11
10
3
63
2
5
1
66
1
8
1
60
1
11
1
71
3
9
2
8
3
5
2
49
1
2
3
32
5
8
1
12
5
11
1
27
2
6
2
15
1
3
3
67
34
14
2
44
5
11
3
55
11
12
2
16
1
3
2
65
2
14
1
22
3
4
1
15
3
2
2
60
3
6
2
40
3
4
1
34
2
2
1
65
1
4
1
68
1
4
3
53
6
3
3
63
10
9
1
34
4
7
1
65
2
11
3
12
1
2
2
27
3
2
2
16
2
5
2
32
1
14
3
3
8
2
1
26
1
9
1
29
2
10
1
40
1
9
2
3
1
1
3
44
3
4
1
16
2
4
1
9
5
3
3
37
10
1
1
54
2
3
2
67
2
6
1
1
2
13
1
7
9
5
1
53
2
4
2
18
4
1
1
2
3
8
1
53
1
12
2
32
4
7
3
23
10
3
3
12
5
1
3
42
3
2
2
26
1
4
3
55
15
5
1
7
11
6
2
13
2
7
3
7
3
11
2
14
3
9
2
4
2
11
2
36
5
1
2
25
2
3
1
28
2
12
1
61
2
4
3
29
5
1
2
52
4
12
2
9
1
8
3
67
23
8
3
27
9
12
1
40
2
3
2
63
1
10
3
11
22
1
1
68
3
1
2
68
3
11
1
29
3
13
2
71
3
8
2
2
3
10
1
39
2
12
2
38
4
9
2
31
3
9
1
18
11
10
1
8
6
9
2
27
2
9
3
41
1
2
1
61
3
11
1
18
5
10
3
25
4
5
3
18
24
4
2
18
2
4
2
14
1
12
1
25
1
9
3
27
7
11
3
26
11
13
3
7
4
13
1
55
2
13
2
33
1
6
2
42
3
3
3
28
15
9
3
30
2
14
3
16
8
4
3
4
2
14
1
17
6
14
3
45
1
7
3
25
7
12
2
43
1
9
2
25
1
13
1
28
1
11
1
71
2
12
1
49
2
11
2
8
2
1
3
1
8
3
3
3
7
7
2
67
1
13
1
13
4
1
2
9
3
1
2
11
3
5
3
71
4
8
2
34
2
12
1
41
1
4
2
53
2
9
1
14
1
11
3
33
20
10
2
35
2
7
2
39
4
4
2
68
2
10
1
45
1
4
1
6
1
11
3
66
8
4
2
71
1
13
1
43
2
10
1
37
1
5
2
34
1
10
3
23
17
11
2
33
3
9
3
38
8
4
1
67
3
11
2
1
2
9
1
63
2
3
1
13
5
13
1
9
11
10
3
45
5
3
2
6
1
3
3
9
8
13
2
61
2
10
2
12
2
6
3
41
3
4
2
61
3
8
1
33
3
9
3
8
17
4
1
38
2
14
3
40
6
9
1
39
1
1
2
15
3
5
3
60
31
2
3
13
3
11
2
66
2
14
2
22
3
10
1
15
4
11
2
45
2
11
3
68
9
13
