2
65
4
6
1
36
1
10
1
4
4
3
1
44
1
7
1
40
3
13
1
35
3
5
1
17
8
7
2
15
1
11
2
29
2
13
1
15
5
9
2
39
2
9
3
31
23
7
2
7
3
10
2
17
2
12
2
60
4
1
3
67
32
13
1
5
2
10
1
32
1
9
1
26
1
3
2
29
3
6
2
10
2
4
3
8
15
8
1
15
3
12
3
28
12
7
2
27
1
3
3
7
3
14
2
26
2
13
3
18
20
14
2
40
1
7
3
7
1
6
1
2
5
8
1
2
2
13
1
53
1
9
3
43
3
7
2
8
1
10
1
11
10
14
2
60
2
4
1
1
2
14
1
10
4
12
1
42
2
10
3
30
25
5
1
71
2
12
2
12
1
9
3
33
5
5
3
68
13
4
1
31
2
2
2
6
3
9
2
42
2
13
1
39
4
6
3
15
8
10
1
54
3
6
3
38
4
11
3
12
1
5
3
5
3
4
3
29
13
14
1
25
2
11
1
47
3
11
2
4
1
5
1
37
2
6
2
67
2
9
1
37
1
10
2
13
2
13
2
31
4
4
3
63
2
10
2
39
3
10
2
4
2
1
1
30
13
13
3
40
2
7
3
27
2
2
1
1
1
6
1
44
2
11
1
38
1
8
1
8
9
10
3
42
2
3
3
26
3
7
3
6
3
6
3
41
4
2
3
65
15
3
1
66
2
1
1
7
7
4
1
18
6
10
2
32
4
5
2
9
3
14
3
38
5
10
3
17
2
13
1
27
1
4
2
7
1
1
3
53
1
11
2
23
2
11
3
32
5
8
3
32
8
9
3
34
4
5
1
52
1
12
2
28
2
2
3
28
15
1
3
5
1
10
3
3
1
3
2
42
1
7
2
5
1
7
3
16
6
6
3
6
4
6
1
3
4
7
2
37
4
13
1
25
3
12
2
45
2
13
3
35
2
1
1
47
1
5
1
26
3
2
2
3
2
10
1
71
3
5
1
12
14
4
1
29
1
1
3
71
5
10
2
52
6
3
1
11
12
14
2
25
1
10
2
14
1
5
1
61
3
1
2
16
3
7
2
54
1
5
1
68
1
13
2
54
2
7
2
49
4
4
1
6
1
13
3
22
10
1
2
27
3
12
3
1
2
7
1
67
2
2
1
7
8
4
1
8
2
3
2
47
1
4
2
12
2
10
2
38
4
5
2
11
2
4
3
68
4
10
2
44
2
12
2
15
3
8
1
49
2
1
3
14
4
12
2
41
2
2
3
4
28
2
1
23
2
8
1
32
6
10
3
17
12
6
3
15
10
11
1
39
3
5
2
18
4
6
3
60
22
7
1
28
1
5
3
54
1
11
3
71
1
6
1
60
2
3
2
35
2
14
3
22
12
6
1
45
1
9
3
49
5
3
3
10
1
7
3
25
3
10
3
67
31
11
3
49
4
4
3
47
5
2
2
22
2
14
3
61
10
12
2
10
3
5
1
42
1
2
1
3
3
6
3
4
11
1
1
36
3
12
2
30
1
13
2
17
3
9
1
14
22
14
3
61
11
6
2
37
2
2
1
10
2
2
1
4
7
4
2
16
1
14
1
30
21
6
1
61
1
5
2
47
2
3
3
55
14
2
3
52
5
6
1
41
3
2
3
11
9
2
1
22
1
6
3
44
7
2
3
11
14
11
2
49
1
7
3
53
8
12
3
66
9
1
1
33
5
14
1
41
2
13
1
43
1
14
3
44
5
2
3
26
10
10
1
45
2
14
1
63
1
8
1
55
1
13
2
40
2
3
2
5
2
4
2
55
3
13
3
40
1
13
2
61
2
11
3
39
3
2
3
13
6
3
2
9
1
8
3
36
12
14
2
26
4
12
3
41
3
14
2
45
4
4
3
27
16
8
2
71
3
13
1
52
3
4
3
66
8
10
1
22
3
8
3
9
22
8
3
10
11
8
2
1
3
5
3
23
5
4
2
28
3
12
1
14
3
7
3
8
6
13
2
18
2
2
2
41
3
6
2
34
3
10
1
16
2
4
2
14
2
12
1
68
3
5
3
30
17
9
2
61
1
10
3
13
8
2
2
68
4
11
1
38
3
6
3
54
2
12
3
60
15
3
2
2
1
13
3
1
6
4
3
12
7
7
2
66
1
1
3
39
1
6
2
53
2
9
2
31
3
3
1
17
14
3
3
55
12
10
1
29
3
6
2
23
3
11
3
37
2
6
1
9
7
1
3
25
1
7
3
2
7
4
2
3
1
7
2
36
1
9
2
43
3
8
2
1
1
10
3
31
2
3
3
23
3
4
1
67
3
9
2
13
1
8
2
44
1
3
1
13
9
5
3
47
4
4
3
18
8
10
1
33
6
2
1
28
3
7
1
9
3
8
3
45
6
12
1
27
2
9
2
68
1
11
1
34
9
14
3
45
7
4
2
63
1
11
2
6
2
2
3
37
11
2
3
14
10
9
2
8
3
4
2
11
1
6
1
35
4
4
2
65
1
4
3
43
6
12
3
35
5
2
3
33
4
7
2
66
3
12
2
71
1
8
1
53
2
7
2
43
2
8
1
65
2
7
2
52
7
13
3
36
14
3
2
2
3
8
3
3
9
2
1
40
2
9
1
66
1
11
1
13
1
6
2
38
1
8
2
55
1
3
2
32
1
14
2
25
2
3
2
67
1
12
1
34
4
11
1
16
1
7
2
33
1
14
2
36
4
6
3
34
5
1
2
63
3
13
2
53
3
3
3
63
7
3
2
22
1
5
3
65
12
11
1
49
1
11
2
33
2
3
1
54
2
14
1
43
3
13
3
2
5
9
1
5
1
3
2
34
1
10
2
35
1
6
1
65
1
2
1
23
3
8
1
60
1
3
1
6
2
8
1
55
2
1
1
31
6
8
3
16
4
9
3
9
32
4
1
12
18
11
1
63
2
3
3
29
18
8
3
52
18
12
3
42
4
6
1
18
4
4
2
30
5
2
