3
29
18
10
2
15
2
12
1
36
3
13
2
41
4
5
3
36
2
9
2
47
1
2
3
60
28
2
1
12
6
10
3
11
8
7
3
34
11
3
2
44
5
2
2
27
2
6
3
66
8
4
3
22
12
1
2
7
3
6
2
13
1
4
1
32
3
8
2
68
2
5
1
47
2
4
2
67
2
12
1
31
12
14
3
52
12
13
3
4
23
10
1
8
7
1
3
42
4
11
2
38
3
14
1
9
10
10
2
8
2
10
2
17
3
13
1
34
8
3
2
8
3
9
1
28
3
7
2
26
3
7
1
45
1
11
1
23
3
1
2
15
3
3
3
30
27
9
3
1
5
13
1
40
3
8
1
15
4
1
3
35
1
14
1
55
2
2
1
18
4
10
1
3
5
11
3
35
8
10
1
60
2
3
2
12
3
3
2
18
2
11
3
15
5
2
1
44
1
14
3
9
5
7
1
41
2
7
1
68
1
9
3
44
2
1
2
10
3
3
2
2
1
2
2
34
2
11
3
18
6
5
3
27
13
6
2
4
3
4
3
38
8
10
1
63
1
2
1
16
4
12
1
7
4
9
2
1
1
2
1
40
2
8
1
29
2
13
1
25
2
14
3
2
10
10
3
6
2
4
2
68
1
12
3
49
8
11
3
68
14
1
1
71
1
11
3
29
17
2
3
45
7
10
3
3
7
1
1
52
2
7
3
7
1
11
3
33
3
9
3
8
13
8
3
7
3
8
2
55
1
6
1
67
2
3
1
14
16
10
3
41
2
4
3
65
21
9
1
33
2
6
1
61
2
8
1
6
2
8
2
61
2
9
3
53
3
10
3
47
6
8
1
9
4
14
3
17
13
4
3
15
7
4
3
3
1
1
1
34
6
8
1
36
1
11
1
3
10
4
3
23
8
1
2
5
2
7
3
53
1
11
2
22
3
8
3
68
15
11
2
53
2
8
2
37
4
3
2
5
3
8
2
3
3
8
2
63
3
12
1
14
12
5
1
31
7
8
3
63
4
4
1
30
5
4
1
68
3
9
3
10
11
8
1
41
1
14
3
44
4
4
1
53
1
10
3
32
1
2
3
26
12
9
1
8
10
13
1
45
2
13
3
38
11
10
2
29
2
10
3
9
27
13
1
27
1
7
2
36
1
14
2
61
3
1
1
1
1
14
3
39
6
10
2
40
4
13
3
61
4
6
1
12
17
11
3
42
1
1
3
36
12
11
1
37
2
1
1
30
7
1
3
41
3
3
2
38
5
5
2
33
1
13
1
35
3
8
1
5
2
2
1
13
1
1
3
17
12
3
2
12
2
1
3
33
9
14
2
43
4
7
1
54
2
6
2
37
1
5
1
43
3
2
3
52
11
9
2
34
1
11
3
30
23
4
3
13
7
11
1
49
1
14
1
38
2
14
1
5
1
12
2
66
3
10
2
63
2
10
2
40
3
13
1
43
1
12
3
25
1
9
2
29
1
14
2
23
2
2
2
14
2
9
1
33
8
9
1
44
3
8
1
13
6
10
3
43
3
2
2
60
4
6
3
71
1
11
2
16
1
5
3
47
7
8
3
49
5
3
2
3
2
2
2
66
2
10
2
6
2
14
2
31
5
3
3
12
7
11
3
43
2
1
1
35
4
11
1
39
1
12
3
55
10
8
2
54
1
14
2
71
2
11
3
31
10
2
3
27
7
14
3
28
12
11
2
16
3
1
2
26
4
12
2
45
2
3
3
4
12
5
2
67
1
1
1
10
8
3
2
55
3
3
2
14
1
2
3
60
13
13
1
2
6
14
3
23
5
7
2
39
3
10
2
28
1
12
2
52
3
12
3
54
2
8
2
13
2
7
1
47
3
14
1
26
1
10
2
31
4
4
1
2
7
14
1
65
1
8
2
11
1
3
2
18
3
3
3
55
6
12
1
7
5
14
3
37
6
6
1
22
3
7
2
28
2
10
1
65
2
4
3
5
3
5
1
11
1
10
3
16
6
8
1
1
2
11
2
4
2
3
1
29
3
10
2
65
4
14
2
60
3
8
2
23
3
11
3
40
2
9
2
39
4
7
1
42
1
2
1
4
1
1
3
16
1
5
2
25
3
11
3
14
11
7
2
41
3
9
3
28
14
13
3
2
1
12
2
42
2
5
1
55
1
5
3
65
17
11
2
10
2
1
1
4
4
12
1
23
1
10
3
34
8
8
2
11
2
10
1
25
3
5
2
35
2
7
1
38
1
11
2
7
1
9
1
6
1
4
2
47
3
9
3
31
24
13
1
17
8
3
2
17
2
7
2
1
3
8
3
25
2
7
3
37
1
6
1
22
2
11
3
71
5
11
2
30
1
11
3
39
8
7
1
53
2
4
1
39
2
4
1
60
1
3
2
32
3
8
2
22
1
11
2
54
2
7
1
26
3
5
2
42
4
12
1
67
3
13
3
67
33
4
2
35
3
12
3
6
6
5
2
27
3
1
2
45
4
3
1
66
2
13
3
22
2
8
2
43
1
10
1
15
5
13
2
32
4
9
1
28
2
12
3
11
23
7
2
9
1
3
2
30
4
14
3
12
2
8
2
53
3
6
1
66
1
9
1
52
1
7
1
16
1
2
3
5
1
5
3
66
3
1
3
61
1
2
2
33
3
14
1
49
2
5
3
32
12
5
3
1
3
5
3
40
3
11
1
63
2
2
3
63
1
2
3
13
6
9
1
18
12
12
1
42
2
3
2
36
3
11
1
11
4
7
2
44
3
3
1
10
1
5
3
26
6
2
2
71
3
9
2
52
5
3
3
67
29
4
3
18
21
8
2
49
1
7
3
54
1
5
2
65
1
2
1
32
4
1
1
17
12
11
3
14
2
7
2
2
2
14
3
8
17
11
2
6
3
6
2
25
1
4
2
49
3
9
3
10
12
1
1
71
2
3
1
61
1
10
3
45
3
9
2
9
2
5
1
37
1
6
1
27
2
2
1
54
3
14
