2
12
3
3
2
43
1
11
2
37
1
3
3
40
5
13
3
37
1
12
2
63
2
1
1
40
3
7
2
10
3
1
2
30
2
3
3
35
7
13
1
38
1
12
3
31
17
6
1
7
5
14
3
41
2
12
1
3
11
14
1
23
3
4
1
71
1
1
2
54
1
10
3
16
4
13
3
61
6
8
2
68
2
1
3
45
4
12
1
25
3
9
3
18
1
9
1
45
2
4
2
33
1
12
3
33
14
3
2
6
3
1
1
39
2
12
2
47
3
1
2
16
3
6
1
60
1
7
3
37
9
3
1
52
1
4
1
6
1
10
1
1
2
5
1
10
7
11
2
1
3
13
3
8
17
10
3
23
15
5
2
43
3
12
2
30
3
12
2
40
1
13
1
7
6
5
3
16
2
8
3
32
8
4
3
27
11
10
3
65
6
13
1
11
1
7
2
49
2
6
2
47
2
11
3
38
6
9
2
5
2
8
3
36
2
3
3
15
5
14
1
63
1
3
2
67
1
4
3
11
23
10
2
33
2
12
3
2
6
11
2
2
3
6
2
45
3
3
3
53
2
4
2
5
1
1
1
53
1
9
3
42
1
5
2
52
1
9
1
42
2
12
1
47
3
13
3
18
5
7
1
66
1
8
1
44
2
8
2
36
4
1
2
11
3
4
3
3
10
11
1
65
1
5
2
10
2
10
3
28
6
2
2
61
1
8
3
65
18
4
1
39
4
1
2
71
2
6
1
25
1
3
1
68
1
10
1
8
2
13
2
34
3
12
3
30
21
7
1
32
4
4
1
17
3
9
2
3
1
8
3
4
27
2
1
35
3
5
1
38
3
13
3
55
8
7
3
9
18
13
2
31
1
11
3
6
6
5
1
27
2
12
2
15
1
6
3
66
2
2
2
7
2
7
1
52
2
6
1
5
1
14
1
66
3
5
2
45
2
11
1
18
13
1
2
9
1
5
1
60
2
13
3
54
2
11
3
63
13
6
1
45
1
4
2
23
3
3
3
25
4
3
2
55
3
9
2
29
3
9
3
40
6
6
2
8
3
13
3
26
10
14
2
65
4
12
3
47
9
11
3
36
8
13
2
16
1
2
1
23
1
12
3
4
28
10
1
34
1
3
1
71
2
7
2
42
3
6
1
34
8
9
2
4
2
4
3
12
4
3
3
43
1
3
2
53
2
4
1
61
3
2
3
13
1
13
3
3
9
14
1
14
6
1
1
4
8
12
1
11
4
4
3
49
7
11
3
11
6
8
3
67
25
3
3
13
5
12
1
1
3
4
3
23
18
10
2
4
1
7
3
34
9
5
2
12
1
1
1
10
5
10
3
71
2
7
2
38
3
4
1
8
13
1
2
8
1
11
2
37
4
7
2
17
1
5
1
65
2
12
3
14
15
6
3
22
10
8
2
29
1
7
1
27
1
3
1
4
4
11
1
41
2
3
3
44
2
10
2
54
2
2
1
26
3
10
1
17
11
7
3
8
15
9
1
15
5
11
2
36
1
12
1
9
2
14
3
55
7
2
2
63
1
12
3
52
13
5
1
42
1
11
3
44
3
3
1
16
1
1
1
12
4
9
1
53
2
4
2
32
1
8
2
3
2
12
3
68
10
7
2
60
1
1
3
7
5
14
1
33
2
6
3
22
1
7
2
26
2
13
2
18
1
4
2
55
2
11
3
66
7
5
1
67
3
12
1
44
4
4
3
47
7
7
2
27
2
2
2
28
1
14
2
35
1
8
1
5
2
14
3
41
1
11
2
22
3
1
3
1
6
12
1
33
5
10
1
40
1
10
2
1
2
1
2
22
2
10
1
2
4
4
1
29
3
13
1
31
9
3
3
38
12
6
2
25
1
11
1
16
6
8
3
2
4
14
3
60
29
3
1
68
2
7
2
41
3
14
2
2
1
10
1
54
1
3
1
6
2
1
1
43
1
14
2
11
2
11
2
26
3
8
2
13
1
6
1
47
1
11
3
15
16
6
3
17
3
3
1
13
2
1
2
65
3
10
2
14
2
8
3
34
7
13
1
9
11
6
2
9
2
9
3
39
7
13
3
49
4
1
3
1
2
11
3
25
7
2
2
14
1
14
1
31
1
13
2
23
1
13
3
7
1
5
1
22
2
11
2
34
1
13
2
61
3
6
1
61
1
14
1
22
3
14
3
45
3
4
1
54
2
7
1
26
2
10
2
17
2
5
2
13
2
8
2
66
2
3
3
71
4
9
2
39
4
5
3
12
6
14
1
12
14
7
3
53
8
9
2
44
5
3
3
17
14
6
1
30
7
6
3
43
4
12
3
67
21
10
1
28
3
4
1
13
7
2
1
36
3
5
1
49
2
3
1
41
3
12
1
2
6
2
3
60
31
5
3
31
25
11
1
29
2
7
3
28
5
14
1
18
9
12
3
35
4
1
2
28
3
7
3
9
27
13
2
66
3
11
3
54
1
11
1
32
3
8
1
63
2
3
3
10
6
10
3
30
17
12
2
52
3
13
3
5
5
6
2
44
3
5
3
26
8
12
1
3
10
5
1
36
2
8
2
6
2
4
1
37
2
4
1
30
18
7
2
41
4
4
3
42
3
7
1
49
1
2
3
68
3
13
2
31
5
3
1
15
2
9
2
15
3
12
2
49
4
12
2
35
3
12
1
37
1
8
3
63
11
8
3
39
2
2
3
61
10
2
2
32
2
12
2
39
3
2
1
55
2
8
2
7
3
10
3
33
17
8
2
40
4
13
2
60
3
12
2
27
1
8
3
52
3
4
2
68
3
14
1
55
1
2
1
14
18
1
3
5
4
9
2
71
1
6
3
29
13
11
2
53
1
6
2
18
4
11
3
27
14
11
1
35
4
10
3
10
7
7
3
6
5
4
1
67
2
1
3
14
7
9
2
38
2
11
2
25
3
4
2
42
2
12
3
32
2
11
3
29
12
9
2
67
2
5
1
28
1
3
1
43
2
1
