2
36
3
6
1
71
3
7
2
45
3
11
3
11
12
1
2
5
1
8
3
12
1
1
3
61
7
4
1
63
1
9
2
30
5
2
1
29
3
11
3
42
4
3
2
68
1
8
3
7
3
14
2
39
4
7
3
45
2
1
2
47
3
5
3
4
5
7
1
67
2
13
2
41
5
8
1
12
10
2
2
42
2
1
1
68
2
5
3
17
14
3
2
13
2
6
1
68
3
6
3
13
1
11
1
16
2
12
2
1
1
6
2
6
2
3
3
35
3
13
3
2
3
11
3
63
8
7
1
17
6
6
1
14
7
5
3
54
2
7
1
39
4
7
1
41
2
3
3
52
6
13
2
12
3
3
3
61
11
2
2
3
2
5
3
67
17
7
1
36
2
10
1
16
7
13
3
6
5
6
1
1
3
5
1
23
3
10
1
54
2
1
3
45
3
2
2
40
4
12
2
9
3
14
3
22
12
12
1
60
1
8
3
13
9
10
3
49
2
13
1
42
1
6
2
34
1
5
2
71
2
8
3
68
17
12
2
29
2
1
3
40
2
9
1
47
2
12
2
42
1
10
2
26
3
10
1
71
2
11
3
63
6
13
3
38
9
5
3
36
12
1
1
11
6
2
3
68
3
12
1
5
1
3
2
49
4
8
2
15
3
12
2
67
2
7
1
33
1
8
3
53
1
1
1
45
2
6
1
44
2
11
1
37
2
11
1
2
2
2
2
44
1
14
2
17
2
7
1
6
1
7
2
37
2
14
2
16
1
7
3
32
12
5
3
29
12
2
3
23
1
14
3
5
2
7
2
10
2
1
2
35
2
9
2
25
2
3
1
30
20
14
1
26
3
9
1
10
3
14
3
2
1
2
3
15
2
12
2
31
3
11
3
26
3
8
3
44
6
11
2
33
1
3
1
33
4
14
2
38
1
13
1
7
4
11
3
7
2
9
2
66
1
14
1
35
1
14
3
30
3
13
3
60
24
7
2
40
1
9
1
9
14
6
1
31
18
14
2
9
2
14
3
41
2
6
1
22
3
9
2
52
2
11
2
2
1
9
1
43
3
11
3
34
5
11
2
38
2
13
1
38
3
10
1
52
3
1
2
63
2
1
1
60
2
14
1
31
15
4
2
18
3
7
2
27
3
12
2
25
1
11
1
27
1
1
3
28
2
9
3
55
11
3
3
9
15
14
2
52
7
12
2
61
2
14
2
11
2
11
2
44
5
2
3
35
1
10
1
65
2
3
1
3
11
1
2
65
3
10
1
18
3
13
2
8
2
10
1
5
2
1
3
29
11
1
1
28
3
5
3
60
27
4
3
47
7
1
1
40
1
10
2
18
2
10
2
28
2
12
2
65
2
6
1
25
2
8
1
34
7
10
1
3
2
1
3
25
2
10
2
13
3
14
3
25
8
12
2
15
1
1
2
16
2
3
3
4
19
1
1
53
2
8
3
14
14
13
3
32
1
4
2
71
3
10
3
27
2
5
2
14
1
7
3
3
7
7
2
28
3
4
1
47
3
9
1
8
14
10
1
2
6
9
3
18
14
8
3
9
2
5
2
30
3
14
2
23
1
10
2
26
4
1
2
7
1
8
2
22
3
4
2
53
2
8
3
28
11
3
2
60
4
5
3
44
8
8
2
43
2
7
3
37
4
6
1
27
2
10
3
66
2
9
1
11
8
7
3
31
17
4
3
10
6
4
2
61
1
2
2
68
2
3
2
55
2
2
1
32
4
1
2
37
3
4
2
45
1
7
3
39
7
2
3
65
10
5
3
17
4
14
1
54
3
5
3
3
10
10
2
8
3
14
3
22
1
2
3
47
4
11
3
49
7
9
1
30
13
14
2
33
3
7
2
35
3
12
3
39
2
3
3
43
2
1
2
34
2
5
2
32
4
9
3
6
2
4
3
27
7
2
3
65
17
14
2
1
2
9
3
42
1
8
3
30
15
14
2
6
1
12
1
39
2
14
2
41
1
3
3
43
3
6
2
32
1
9
2
3
1
13
1
15
1
5
2
54
1
6
1
44
4
14
3
8
8
3
3
11
4
4
1
67
1
2
1
38
1
8
3
67
27
10
1
13
2
1
2
55
1
1
3
37
12
2
2
12
2
10
2
4
2
14
1
14
21
5
3
5
1
6
2
63
1
12
3
66
4
11
1
66
1
5
1
61
3
3
1
43
2
5
2
4
1
6
3
31
16
9
2
2
2
9
1
55
1
10
1
26
1
4
3
23
15
12
2
49
2
8
3
16
7
6
1
55
2
8
3
10
1
6
1
53
1
14
2
10
3
14
3
16
6
6
2
22
2
9
2
7
3
9
1
41
3
8
3
8
19
11
3
71
1
8
1
52
2
12
3
71
4
12
1
18
4
6
3
52
7
9
3
14
12
6
1
9
12
6
3
34
6
11
2
67
1
9
2
23
3
10
3
26
1
7
1
32
1
5
3
12
3
9
1
65
1
8
1
34
4
7
1
4
4
2
3
40
5
10
1
49
1
13
1
63
2
11
2
66
3
3
1
12
14
7
3
53
2
11
3
41
1
1
2
17
3
8
1
15
2
13
1
36
1
10
1
35
2
14
1
37
1
14
1
6
2
1
3
33
6
3
3
38
6
10
3
54
1
6
3
55
16
4
2
14
2
4
2
27
2
6
2
39
3
8
2
29
3
9
1
10
1
6
1
28
2
2
2
5
3
12
3
36
3
13
3
33
7
8
1
8
3
14
1
13
8
12
1
7
11
12
2
47
2
10
3
1
6
6
1
1
2
1
1
45
1
1
1
25
1
8
1
29
2
5
3
15
11
5
2
54
2
11
1
23
2
4
1
40
2
5
1
66
3
3
1
17
16
2
2
53
3
10
3
18
4
14
1
22
1
2
1
61
1
3
1
4
1
13
2
60
3
4
1
49
2
2
2
31
5
9
3
1
7
5
1
42
2
9
2
36
4
4
2
43
1
11
2
11
1
2
