3
28
6
6
3
2
7
7
2
63
1
5
3
22
1
1
3
16
5
14
3
30
22
8
1
13
6
2
3
49
5
2
2
2
3
5
2
68
2
10
1
5
1
12
2
4
3
10
1
33
6
9
1
26
1
14
2
2
2
5
2
63
2
2
2
30
3
14
3
47
7
8
3
63
6
11
3
13
7
12
3
13
8
5
2
6
2
10
3
5
1
5
1
22
3
1
1
16
2
11
2
35
3
7
1
25
1
4
1
49
2
7
3
37
5
12
2
16
1
6
3
45
3
1
3
11
18
8
3
53
2
12
3
27
9
1
1
17
13
10
1
36
1
9
2
9
1
6
3
49
4
4
2
67
1
7
3
12
5
12
2
17
3
7
1
26
3
14
2
7
2
3
3
32
4
4
3
2
4
9
1
55
2
5
3
28
13
2
2
15
1
1
3
14
26
9
3
10
19
4
1
11
2
3
2
49
2
8
3
47
10
7
2
35
1
8
2
5
1
14
3
36
7
12
2
68
1
9
1
9
9
12
2
15
3
9
2
14
1
11
1
41
2
9
3
3
5
2
2
4
2
4
2
31
2
6
3
30
7
3
1
61
2
4
2
3
2
7
1
2
4
2
3
53
8
3
1
41
1
14
3
41
1
6
3
37
10
12
2
31
4
3
3
15
2
4
3
14
22
4
1
28
2
3
1
23
1
5
3
8
8
12
1
12
6
1
1
13
4
4
3
22
4
8
1
6
2
8
2
37
2
9
3
11
9
2
1
29
2
14
1
61
1
10
3
23
12
13
3
6
6
3
2
44
4
5
2
67
2
5
3
33
3
1
2
36
5
14
2
47
1
4
1
67
1
8
1
44
1
11
2
10
3
1
1
52
2
4
3
32
6
13
3
54
2
2
3
16
6
4
1
10
3
9
2
10
1
3
2
38
2
6
3
44
1
2
2
27
2
3
2
49
4
13
2
8
3
11
1
17
7
14
3
1
2
12
1
27
1
8
2
17
1
12
2
38
3
1
2
39
1
7
1
68
2
5
1
30
8
5
2
61
3
8
1
43
2
2
2
65
3
9
2
55
3
13
3
25
2
3
3
15
12
11
1
37
1
11
3
9
25
6
1
6
1
8
2
3
1
13
2
5
3
1
3
35
3
4
1
40
3
12
1
34
7
14
3
42
4
11
1
38
1
13
1
11
3
13
1
12
11
14
1
52
1
13
3
61
5
1
2
18
2
8
3
68
7
7
2
45
2
10
2
42
4
11
3
34
5
1
1
8
5
2
3
39
9
2
3
7
1
5
1
27
2
14
3
17
17
10
3
26
7
14
1
66
1
5
3
31
1
14
2
29
1
1
2
34
2
12
3
42
1
2
1
39
2
8
3
68
3
14
1
66
2
7
2
22
3
6
2
44
5
3
1
47
2
10
3
4
8
4
1
71
1
8
1
33
2
7
3
38
2
3
2
23
3
8
2
33
3
12
1
42
1
1
3
55
16
4
1
45
1
13
3
12
3
10
2
52
3
1
1
63
1
3
1
4
6
4
1
2
3
2
1
14
13
9
1
39
4
6
3
65
16
6
1
14
10
12
3
34
9
5
1
67
3
6
1
65
2
12
3
71
3
8
1
47
1
10
2
40
4
4
3
27
14
7
3
8
17
4
1
38
2
7
3
60
20
7
2
6
3
4
3
18
8
12
2
54
2
6
1
44
3
11
2
7
1
13
3
7
5
6
2
18
4
3
2
30
5
5
2
26
2
14
2
54
1
6
2
66
2
1
1
34
2
3
1
37
2
9
1
63
2
11
1
31
1
4
2
12
1
8
1
29
3
6
1
15
4
6
3
23
3
3
1
65
1
12
3
67
27
1
3
33
18
9
3
65
8
2
1
30
17
9
1
53
2
4
2
71
1
13
3
31
3
11
2
61
1
5
1
1
3
9
2
14
3
12
3
63
9
7
2
55
1
4
3
4
1
10
3
41
2
12
3
5
4
13
1
5
2
6
2
43
3
11
2
34
3
5
2
47
3
5
2
60
1
4
3
71
5
13
3
66
3
12
3
3
10
4
2
32
3
10
1
4
5
14
3
60
16
7
3
17
4
3
2
52
4
11
2
1
2
9
2
11
3
4
2
27
3
3
1
60
2
7
2
33
1
3
2
43
4
12
2
12
2
1
1
1
1
13
1
68
1
12
3
9
10
9
3
29
13
12
2
8
1
5
2
53
3
1
1
35
1
7
3
61
7
2
2
42
3
5
2
40
1
13
3
10
20
9
1
54
1
4
2
29
2
14
1
35
3
4
2
53
1
10
2
16
3
11
2
11
2
6
3
26
12
14
1
7
5
12
3
18
6
6
2
32
1
9
2
1
1
3
1
23
2
10
2
13
3
4
3
6
3
11
1
32
2
13
3
29
3
9
3
43
8
6
3
52
13
9
2
65
4
3
3
1
7
7
1
54
3
10
1
8
2
10
3
38
6
11
1
42
2
12
2
71
3
3
2
13
2
13
2
60
3
5
2
37
1
3
3
52
16
13
1
15
1
14
1
3
1
9
3
55
15
11
2
9
2
5
1
40
2
10
2
28
1
3
1
10
5
11
2
26
3
12
1
25
2
8
3
45
4
2
1
43
3
9
3
54
1
8
3
39
8
10
1
45
2
4
1
22
2
2
1
36
2
11
2
45
3
13
1
18
8
3
2
22
1
8
1
7
3
8
1
3
9
14
2
25
1
9
1
53
1
4
3
66
7
5
3
40
6
6
2
41
2
10
1
28
3
14
1
31
17
5
3
35
8
8
3
44
9
9
1
9
2
4
2
66
1
12
1
16
1
1
2
23
2
9
3
36
1
2
3
25
3
10
2
25
3
9
1
32
5
13
3
67
18
11
1
71
3
6
3
40
5
1
2
41
1
6
2
28
3
13
1
18
4
12
2
36
3
13
1
49
1
1
1
55
1
9
1
60
1
12
2
39
3
14
3
43
1
8
