1
54
3
3
3
5
1
2
3
63
7
7
2
54
2
12
3
28
16
5
2
37
4
7
1
37
1
11
3
53
3
2
3
16
7
6
3
22
5
2
1
37
2
7
1
39
4
2
2
41
2
6
3
27
17
5
1
28
2
5
3
40
1
8
3
14
11
7
2
8
1
8
3
68
3
10
2
66
2
13
3
8
5
5
3
41
1
6
1
65
1
9
2
47
4
2
2
15
1
14
3
30
25
7
2
47
2
3
3
54
2
14
1
25
1
9
3
23
15
12
1
45
1
3
3
41
4
7
2
29
1
9
1
8
13
6
2
63
2
6
1
47
2
6
3
12
2
10
1
13
5
1
2
55
2
13
3
66
5
10
3
66
1
9
3
1
5
3
2
4
1
8
2
2
3
8
1
22
2
7
1
14
16
7
3
36
6
7
2
60
1
14
2
35
1
1
3
10
10
10
1
52
3
7
2
23
3
14
2
16
1
11
1
30
11
11
1
31
3
6
3
32
2
9
2
23
2
11
3
33
24
8
2
40
1
11
1
6
1
8
2
34
3
6
2
60
3
9
1
27
2
11
1
14
7
14
3
33
3
8
3
2
3
8
1
4
8
14
1
8
16
12
2
29
3
13
2
4
2
13
3
54
1
5
2
10
1
11
1
2
1
7
1
53
1
2
3
65
6
6
3
18
14
8
1
32
6
4
2
3
1
7
2
26
2
4
1
53
2
13
2
33
3
14
3
45
5
2
1
1
1
12
2
8
2
3
3
4
6
5
3
52
10
13
1
60
2
11
1
9
11
7
2
42
2
4
3
34
11
4
2
52
2
4
3
16
6
10
3
53
1
1
3
39
7
10
2
36
4
5
3
32
10
8
1
34
6
2
2
34
2
12
2
54
1
4
1
60
1
10
1
4
4
5
1
17
7
5
2
14
3
2
2
13
2
14
2
31
5
1
1
15
1
5
1
44
4
4
1
35
3
8
3
9
8
1
1
10
8
8
1
23
1
6
1
40
2
6
2
7
1
14
3
52
11
2
1
12
17
2
3
11
5
11
3
22
9
5
3
40
4
9
3
60
24
12
2
45
1
14
2
68
1
1
1
9
12
4
2
22
2
10
2
66
1
5
2
22
1
1
2
26
1
13
2
71
3
14
1
67
1
13
2
25
1
2
3
55
13
3
1
6
2
8
1
44
2
5
2
12
2
14
2
71
1
12
3
11
7
7
1
18
3
4
1
68
1
5
2
14
2
1
1
55
1
13
1
47
1
7
1
67
3
13
1
54
1
9
3
7
3
12
3
10
14
10
1
10
5
13
2
65
3
5
1
43
3
6
3
61
10
7
2
63
3
10
3
44
6
8
1
12
6
4
1
17
2
9
3
71
1
11
1
39
2
6
2
39
2
14
2
27
3
3
3
15
12
10
1
29
2
1
1
29
1
3
1
36
3
6
3
8
10
1
3
12
3
14
1
5
2
10
1
22
1
12
1
28
3
10
3
28
11
14
1
66
2
3
2
11
2
9
3
38
1
12
3
37
10
6
3
23
16
3
1
55
2
2
3
61
7
11
2
28
3
5
2
12
3
14
3
47
8
9
1
33
6
2
2
10
3
14
3
36
15
6
2
32
2
14
2
30
3
5
1
42
1
5
3
60
4
8
2
18
1
3
1
1
3
8
1
49
2
1
2
2
1
1
1
42
2
5
2
61
1
8
1
38
3
5
3
67
18
1
3
67
14
14
3
63
12
11
1
35
1
12
2
27
2
13
2
5
2
8
1
26
1
13
1
41
2
13
3
2
10
14
1
26
2
1
1
23
2
11
3
35
2
2
1
33
3
5
3
47
9
13
2
36
3
3
3
17
17
8
3
31
1
3
3
35
6
1
1
45
2
9
2
61
2
9
1
61
2
11
3
29
13
10
1
36
1
1
2
3
3
10
2
49
4
7
2
53
1
14
2
9
2
4
1
18
13
9
3
30
11
3
3
38
2
11
2
18
2
12
2
32
4
10
2
30
4
14
3
42
1
10
2
16
2
7
1
68
3
3
1
65
2
1
2
55
3
10
1
13
4
14
1
34
5
2
2
43
3
8
3
6
1
6
3
18
16
2
2
49
1
10
2
28
1
8
1
7
7
9
1
41
3
9
3
37
11
5
3
13
6
3
3
7
1
9
1
49
1
11
2
35
3
11
2
17
3
2
2
37
2
9
3
42
3
9
1
71
2
2
3
1
6
6
3
44
2
2
2
68
2
8
1
16
1
4
1
63
1
13
3
9
26
6
2
31
2
10
1
38
2
12
3
4
23
14
3
49
6
10
3
14
3
3
2
6
2
7
2
7
2
13
1
52
2
12
1
61
3
8
3
25
7
3
1
15
2
5
3
25
4
12
3
55
16
6
1
31
4
14
3
29
4
4
3
26
4
12
2
45
4
1
2
9
3
3
1
11
12
5
3
49
7
10
3
43
4
1
3
5
2
14
2
44
5
7
1
25
3
8
1
5
1
3
3
43
8
9
2
1
2
9
2
67
2
1
2
53
3
1
1
32
5
12
1
43
1
2
2
15
3
8
3
26
7
13
2
40
2
6
3
6
2
2
3
39
6
1
2
67
1
9
1
2
3
3
3
65
14
11
1
30
7
2
3
3
8
6
1
66
1
13
1
27
3
14
3
17
9
3
1
3
7
12
1
40
1
3
3
68
7
7
2
1
3
14
2
44
1
14
2
42
3
8
2
17
1
14
2
38
1
5
3
3
4
12
2
11
3
4
3
27
3
1
3
71
4
3
3
15
13
2
2
65
2
5
1
3
1
2
3
31
19
11
1
16
2
3
1
63
2
3
2
41
3
11
2
25
3
3
3
34
10
6
2
38
5
11
2
43
2
2
2
13
1
10
3
13
8
13
1
11
5
1
2
6
1
14
3
45
2
1
1
7
6
12
1
71
1
1
2
5
1
5
2
33
2
12
2
39
4
11
2
52
7
10
