1
26
2
8
3
55
17
9
1
42
1
1
2
47
3
13
3
17
4
6
1
32
4
1
2
36
5
3
2
40
3
8
2
47
4
9
3
8
11
12
2
68
3
9
1
66
1
6
2
34
1
10
1
8
14
8
1
31
2
8
2
2
1
6
1
33
1
10
2
33
2
12
2
60
3
4
3
36
14
13
3
3
9
11
2
40
1
9
2
45
2
11
3
7
1
5
2
4
1
7
3
37
9
5
1
7
7
4
2
65
3
8
3
68
17
7
2
30
3
1
2
42
4
8
3
25
2
12
2
54
2
9
1
9
13
10
2
11
1
14
1
34
6
3
1
43
1
2
1
2
3
4
2
3
3
14
3
17
17
1
1
25
1
10
2
5
2
9
1
60
1
11
3
16
5
9
3
28
15
6
2
43
3
6
1
16
3
9
2
18
1
1
3
5
4
12
3
4
5
6
2
2
2
6
3
60
1
5
3
44
7
9
1
5
1
1
3
29
13
6
1
10
8
6
1
47
2
12
3
33
15
13
2
26
1
5
2
12
2
9
1
38
1
9
1
17
7
13
3
68
5
5
1
3
7
11
1
29
2
12
2
23
1
4
1
31
18
4
1
39
3
4
2
10
3
11
3
39
10
8
3
45
5
9
1
68
1
10
2
29
3
6
1
18
2
8
2
18
2
4
2
66
3
8
3
60
26
7
3
4
20
9
2
30
4
7
2
1
1
13
3
26
2
7
2
10
1
14
3
5
3
3
3
43
4
1
1
66
3
10
1
38
2
3
2
45
3
11
2
35
3
8
1
27
2
12
3
52
13
14
1
3
6
4
3
32
8
7
3
55
11
2
2
65
2
13
1
23
3
6
1
6
1
9
2
67
1
4
2
55
2
3
1
54
2
5
1
14
17
3
3
53
4
6
3
9
10
14
2
35
1
4
2
13
1
1
1
41
1
7
2
13
3
8
2
37
3
8
2
41
5
12
1
8
5
7
2
8
3
2
2
44
4
10
2
63
3
13
2
34
2
9
2
32
3
8
2
39
3
4
3
35
2
5
1
60
2
6
3
1
5
4
2
60
2
12
3
31
23
4
3
45
1
6
3
27
12
8
3
12
2
1
2
22
2
2
3
3
1
3
2
54
1
8
3
32
4
4
3
30
6
9
3
12
3
10
2
8
2
14
1
67
3
10
2
9
1
7
3
15
10
4
3
8
16
1
3
30
5
11
1
65
2
4
1
32
7
1
2
7
3
3
3
42
4
4
1
15
2
12
3
6
6
9
3
65
14
1
2
5
3
13
1
68
2
1
1
71
3
6
3
14
15
10
3
27
8
2
1
6
2
7
3
9
29
1
1
61
2
9
1
5
2
10
1
42
2
14
2
44
1
2
1
52
1
9
2
27
2
10
1
22
2
4
3
2
7
9
2
16
1
2
2
55
1
5
3
26
12
10
2
67
2
7
2
31
3
1
1
30
16
12
2
11
3
14
1
43
3
11
1
4
6
10
1
12
15
7
3
66
6
14
3
29
9
13
2
68
1
10
1
7
1
1
2
49
2
1
1
40
1
2
3
61
5
1
3
15
1
11
2
31
2
9
2
63
2
7
2
42
1
10
1
10
5
10
3
63
8
11
3
54
2
8
3
37
8
9
3
10
5
14
3
43
5
14
2
25
1
3
2
41
3
8
3
6
2
11
2
23
2
14
2
32
2
8
3
33
21
5
2
49
4
11
3
13
5
8
3
61
4
10
3
23
15
5
1
37
2
14
3
63
9
8
1
9
3
14
3
11
10
10
1
1
2
2
1
49
1
6
3
41
3
12
1
14
2
14
3
65
19
8
1
44
4
11
1
29
1
12
1
67
2
14
3
39
8
11
1
55
2
4
1
35
1
9
3
34
10
6
3
47
10
14
2
52
5
13
2
17
2
13
3
14
7
3
1
11
2
9
1
27
1
6
2
29
1
1
2
14
3
8
1
13
6
2
1
45
1
12
2
27
3
2
3
49
8
8
2
37
4
6
3
23
10
10
2
53
2
12
3
18
10
11
3
40
2
8
2
22
3
14
1
37
1
8
2
14
2
6
2
16
3
3
1
28
2
10
3
31
2
8
1
35
3
2
3
7
3
3
1
23
2
10
3
40
3
9
3
22
5
12
2
38
1
11
3
35
4
4
3
66
5
12
3
47
7
12
2
25
2
9
2
66
1
4
2
15
3
3
3
54
1
3
3
52
3
1
3
2
8
2
2
28
1
9
1
54
1
13
2
4
3
9
3
13
7
3
1
41
2
9
1
45
2
2
1
22
3
1
2
7
1
4
1
18
5
13
1
16
4
11
2
71
2
1
2
38
2
8
3
25
5
12
1
40
2
8
1
61
3
8
3
42
1
3
3
67
33
5
3
38
2
13
2
39
2
9
1
25
3
1
1
55
1
3
1
34
9
8
3
38
6
6
3
36
8
2
1
33
5
3
2
33
3
6
2
1
3
13
3
1
1
2
1
28
1
14
1
2
5
7
1
47
3
1
1
36
3
13
2
3
2
8
1
17
1
7
1
63
2
6
1
36
2
4
1
11
6
6
1
4
7
2
1
49
2
2
1
52
3
13
2
12
3
1
1
53
1
13
2
61
2
6
1
13
2
12
2
61
1
7
3
10
24
4
3
34
4
4
2
28
3
11
1
53
2
9
1
30
5
2
3
28
4
1
2
36
1
6
1
15
3
11
2
52
2
13
1
26
1
8
1
12
18
9
2
9
2
4
2
43
5
14
1
63
1
9
1
71
1
13
3
44
6
3
3
71
2
14
3
67
6
5
3
49
4
11
3
53
7
8
2
6
3
11
3
22
4
7
3
18
13
3
1
44
3
13
3
71
3
9
2
53
3
5
1
39
1
4
3
41
4
6
3
16
1
6
3
11
23
2
2
26
2
6
2
71
3
13
2
6
2
5
2
17
3
11
1
1
3
6
1
65
1
11
2
15
1
1
