3
61
3
3
3
5
2
3
1
8
13
13
1
33
3
2
3
15
15
10
1
49
2
1
2
15
1
10
3
60
19
1
1
68
3
5
1
34
9
8
3
53
6
12
3
38
3
13
1
23
1
6
3
18
2
5
1
2
6
4
2
27
1
11
3
22
1
8
3
45
4
4
1
27
1
12
3
30
13
12
1
45
2
13
1
11
10
10
3
9
17
1
2
68
2
5
1
61
2
12
1
55
2
12
1
18
6
4
2
27
3
9
1
35
1
8
2
45
3
14
1
33
8
6
3
29
5
2
2
1
3
2
1
42
2
12
3
38
5
2
2
32
1
1
1
32
6
6
2
36
2
11
2
71
3
8
3
43
3
9
3
11
15
11
2
33
2
9
2
28
1
1
2
14
1
14
3
71
5
14
3
41
4
8
1
31
10
10
3
27
13
8
2
67
1
2
1
16
2
11
1
13
1
14
1
49
1
12
2
61
1
13
1
43
1
5
3
22
7
4
1
34
5
14
2
34
2
8
2
2
1
14
1
37
2
12
3
36
1
11
3
53
3
4
3
40
6
12
3
3
1
4
2
35
3
12
2
31
3
2
2
61
2
7
1
7
9
12
1
47
1
11
1
61
1
7
2
25
2
1
1
22
2
2
2
65
3
7
2
54
2
4
1
67
3
14
3
1
4
5
2
47
2
8
1
4
3
14
1
3
3
3
1
29
2
14
3
31
26
6
1
53
1
10
1
6
2
7
3
63
11
6
2
23
3
3
2
9
3
7
3
14
15
1
1
32
2
11
2
67
2
1
3
65
18
13
1
65
2
8
2
10
3
8
1
1
2
12
2
12
1
4
2
53
3
12
2
44
5
8
3
30
16
2
1
7
7
6
1
26
1
8
3
31
29
6
2
18
2
5
3
8
3
4
2
12
3
5
3
35
4
13
3
41
2
12
1
39
4
2
2
44
3
11
2
52
7
14
3
40
2
13
1
28
1
8
1
14
2
4
3
33
1
4
2
16
2
10
3
1
9
2
2
4
1
10
1
38
1
6
1
40
1
2
3
42
4
10
1
66
3
11
2
41
1
9
2
39
1
3
1
37
1
13
2
5
1
4
1
55
1
1
2
18
3
5
3
28
13
1
3
71
4
2
1
2
7
4
2
37
3
8
1
31
6
12
1
47
3
5
3
9
28
9
3
5
4
6
2
11
2
13
1
30
12
4
2
1
1
11
3
23
5
6
3
39
7
11
2
26
3
8
2
60
1
14
1
52
2
5
3
14
22
14
1
18
14
8
3
29
3
10
1
44
2
11
3
11
5
2
1
15
2
1
1
1
3
2
1
60
2
6
3
55
14
1
1
5
2
14
3
42
3
13
1
15
3
1
3
39
4
13
3
13
1
14
2
52
3
1
1
3
5
8
1
25
2
8
3
66
8
11
2
15
3
10
1
12
14
10
2
3
3
13
1
10
2
7
1
26
2
12
3
35
6
5
2
66
3
1
3
10
13
5
2
4
2
13
2
17
2
1
2
37
4
12
1
22
3
2
3
6
4
11
2
42
3
9
3
65
16
7
1
9
14
9
2
3
1
9
2
34
1
3
2
55
3
13
2
2
2
6
3
67
37
6
1
54
2
3
2
49
3
8
3
26
2
1
3
18
19
14
3
17
16
11
1
39
1
3
2
39
3
1
3
4
5
7
3
37
6
13
2
40
1
14
1
10
4
12
2
30
5
6
2
28
3
2
1
30
6
9
1
11
1
14
2
38
1
3
2
14
2
11
3
25
7
6
2
13
3
8
3
34
5
7
1
41
2
11
2
22
1
2
3
7
5
2
2
32
4
2
2
45
1
7
2
29
3
8
3
60
30
12
3
2
8
9
3
27
11
7
1
40
2
10
2
54
1
3
3
67
35
10
2
60
4
11
3
26
7
3
2
17
3
8
1
36
2
13
1
23
2
14
3
68
1
13
2
63
3
4
3
52
13
6
1
17
8
2
3
6
5
13
3
54
1
7
2
71
2
12
2
13
1
12
3
43
1
2
1
41
3
2
3
63
7
8
1
38
3
4
2
63
1
7
3
28
3
10
1
63
2
3
2
6
1
7
2
43
2
6
3
44
1
5
2
30
2
8
1
5
1
10
2
35
1
12
1
52
3
8
3
15
11
3
1
43
3
11
1
65
1
11
1
13
5
4
3
32
9
7
1
6
1
14
2
7
2
2
3
45
7
9
3
66
7
7
1
45
1
13
2
9
1
4
2
33
3
3
3
32
11
8
2
31
1
4
3
61
1
6
2
65
2
3
2
42
1
3
2
29
1
12
2
8
2
1
1
68
1
11
2
47
3
8
3
34
2
10
1
71
1
8
3
8
16
6
2
55
2
12
3
52
1
8
3
12
1
10
1
63
1
12
3
44
10
8
3
47
1
14
2
16
3
7
1
29
3
7
2
66
2
7
1
9
11
6
1
67
2
1
3
4
2
14
1
12
2
13
2
23
1
12
2
43
3
6
3
17
14
13
3
10
2
8
3
12
7
2
2
25
3
14
1
8
17
10
3
37
2
2
2
10
1
10
2
38
2
5
1
53
2
6
1
28
2
4
1
16
6
5
1
35
4
4
3
3
6
9
1
66
1
4
3
13
8
8
2
68
4
4
2
41
5
7
3
2
7
1
2
6
3
2
2
49
4
9
2
40
2
5
1
36
1
8
1
14
20
1
1
17
14
8
3
55
12
4
1
4
8
12
3
16
4
5
3
54
2
11
2
53
2
10
2
22
3
8
3
33
3
5
3
36
7
12
3
25
6
3
1
27
3
14
3
68
11
9
3
23
18
1
2
26
2
3
2
8
3
1
3
49
8
8
3
7
1
7
2
7
1
8
1
44
4
14
3
16
2
7
3
49
5
8
3
47
4
11
1
54
3
10
2
5
2
2
1
60
1
5
2
11
3
6
1
25
1
11
2
36
3
9
1
71
3
11
1
42
1
6
