2
17
3
11
1
39
2
13
1
25
1
12
2
44
1
9
2
31
1
9
3
68
9
1
3
47
1
6
2
5
2
14
2
9
1
5
2
60
4
5
1
71
1
2
1
43
2
2
1
63
1
2
2
2
2
8
1
60
2
7
2
52
6
7
2
40
2
14
3
3
3
3
1
37
1
4
3
37
9
13
2
42
2
11
1
33
8
11
2
29
2
1
3
42
1
14
1
16
6
1
2
25
3
2
3
53
2
7
1
34
10
11
2
5
1
5
2
30
4
1
1
55
1
12
3
30
1
4
1
25
2
5
3
23
12
10
2
38
4
4
3
2
6
6
1
5
2
5
1
14
1
11
1
34
9
12
3
39
3
2
2
23
1
9
2
15
2
6
3
68
13
11
2
32
1
5
2
60
1
7
2
34
2
3
2
26
3
6
1
41
3
14
1
28
2
11
3
11
17
13
1
8
6
8
3
67
17
1
2
8
2
10
3
26
1
2
3
9
19
6
3
1
6
11
1
45
1
14
3
53
7
1
1
63
2
8
3
60
21
9
3
36
13
3
3
27
16
14
2
42
1
13
2
16
2
14
3
30
5
11
1
47
3
11
1
45
2
13
2
49
1
2
1
2
4
1
3
13
4
9
1
35
4
2
1
4
7
10
2
10
3
1
2
40
1
9
3
29
17
9
3
65
12
3
3
44
5
3
2
39
2
14
1
42
1
13
3
9
27
3
2
71
2
10
1
47
2
8
1
43
3
10
1
49
2
9
2
35
2
1
1
2
3
4
3
71
4
14
1
18
13
4
3
23
5
9
2
68
1
3
2
36
3
5
3
28
16
12
2
29
3
2
3
54
2
8
3
34
11
14
1
44
1
3
1
9
2
13
3
40
4
9
3
63
12
2
2
16
1
2
2
53
1
12
2
8
3
2
1
12
4
12
1
27
3
14
3
15
7
9
3
38
4
1
2
47
2
13
2
63
2
14
1
16
7
1
2
43
2
11
3
49
3
8
1
52
3
7
2
45
1
14
1
1
2
1
1
7
6
11
1
3
5
13
3
7
2
8
1
6
2
8
2
15
3
9
3
26
8
13
2
54
2
9
2
4
1
14
3
52
18
1
2
23
2
6
1
54
2
6
3
1
10
6
2
22
2
8
2
12
3
2
3
12
3
11
2
55
1
12
2
38
5
13
1
28
3
12
3
52
4
8
3
7
4
2
3
47
4
14
2
36
1
11
3
44
3
3
3
8
14
6
3
8
20
14
3
35
6
11
3
33
22
2
1
52
2
11
3
33
19
11
2
43
1
6
1
66
1
11
2
41
1
11
1
32
2
11
1
17
3
14
1
39
4
11
1
31
8
11
1
11
4
9
1
13
6
2
1
10
3
1
3
45
1
3
2
17
1
12
3
34
10
11
3
67
26
7
3
61
1
11
3
10
11
8
3
6
6
10
1
36
3
6
2
61
1
8
2
27
3
11
1
22
3
9
1
17
11
12
1
9
14
14
3
5
5
6
1
7
7
1
1
8
12
8
2
37
1
4
1
23
2
12
3
41
4
3
2
32
2
1
1
6
1
10
2
11
1
12
2
1
1
6
2
7
2
8
3
18
21
6
3
5
3
10
3
10
7
4
3
17
8
14
1
18
12
12
2
11
3
12
2
53
3
3
3
49
4
5
1
66
2
7
1
41
1
9
3
3
1
11
2
22
1
10
1
54
1
8
1
29
3
2
3
32
1
6
2
3
2
3
3
4
19
8
3
25
1
9
1
29
2
13
3
17
2
8
2
3
1
2
3
66
8
14
2
35
3
14
2
18
3
4
1
15
3
13
3
63
6
8
3
38
7
8
3
39
4
14
3
22
9
5
2
25
1
7
3
31
28
9
2
7
3
11
2
26
4
6
2
6
1
8
2
67
2
8
2
37
3
8
1
40
1
9
3
6
4
3
3
11
23
13
1
38
1
5
2
44
2
4
3
43
1
6
1
22
1
6
2
31
2
4
3
45
4
7
3
36
6
9
2
34
1
14
2
28
1
6
1
60
1
11
2
33
2
11
1
37
2
7
1
71
3
13
2
28
3
9
3
32
4
8
1
31
2
2
3
42
3
9
1
42
2
4
1
68
2
8
3
25
5
6
2
55
3
2
1
33
4
7
2
12
2
4
1
49
1
13
3
13
2
14
2
13
1
11
2
63
1
14
2
47
4
5
1
35
1
3
2
2
3
2
3
12
4
7
2
1
3
8
2
67
1
12
2
61
2
11
1
30
8
14
3
28
14
12
3
18
3
1
1
67
3
14
2
33
3
10
3
16
8
2
2
18
1
6
1
67
1
1
2
27
2
1
1
15
1
6
2
66
3
5
3
55
2
8
1
23
3
5
1
3
4
8
1
68
3
2
2
68
2
8
2
4
2
6
2
65
2
12
3
61
2
7
1
5
1
3
3
29
8
12
2
45
2
10
1
27
2
2
3
55
17
2
1
10
1
11
3
31
4
5
3
40
1
9
1
44
3
4
3
54
1
6
3
14
5
1
1
55
2
14
2
39
4
13
2
65
4
7
3
15
16
10
2
14
1
2
1
26
1
10
3
41
1
3
2
41
4
9
3
65
21
10
2
71
3
6
1
65
1
1
3
27
7
10
1
12
1
5
1
30
11
14
3
66
4
10
2
52
3
14
1
11
5
8
1
13
5
4
1
61
2
7
3
4
14
13
2
13
3
13
1
65
2
9
3
37
7
13
3
2
5
10
2
10
2
14
2
54
1
10
3
71
2
6
1
4
1
3
1
1
3
10
3
22
8
14
2
49
2
1
3
60
18
7
2
14
3
4
1
32
5
12
1
61
3
1
1
53
1
3
2
66
1
11
1
53
2
6
3
43
2
2
3
35
5
7
2
6
3
4
2
30
2
1
1
38
2
5
3
16
2
12
1
14
20
8
2
9
2
6
1
36
2
1
1
40
3
2
1
26
3
2
3
14
24
9
