2
26
2
11
1
54
1
11
2
52
2
4
3
35
5
13
1
14
11
12
2
22
3
6
1
52
2
14
3
5
5
7
3
8
6
12
2
31
4
6
1
9
12
3
2
27
3
9
1
3
6
9
1
28
3
5
2
10
3
8
3
10
18
6
1
37
1
6
3
52
5
1
1
60
2
5
1
40
3
12
1
12
18
11
2
10
1
3
3
13
1
3
3
36
13
2
3
9
25
9
2
60
2
2
1
55
2
7
1
17
7
10
1
68
1
6
3
36
9
13
3
53
1
12
1
33
7
12
1
4
8
7
1
33
5
5
2
39
1
3
2
68
3
2
2
36
3
3
3
44
4
3
3
12
2
5
1
27
1
10
1
35
4
7
3
27
10
10
1
52
1
2
1
23
3
1
2
7
2
11
3
41
2
3
2
12
1
14
3
40
1
11
3
39
3
1
2
4
2
5
1
5
2
1
2
49
3
3
2
15
3
3
3
1
4
9
1
60
1
12
2
63
2
9
1
66
3
10
3
47
9
6
1
35
1
3
2
11
3
11
2
53
3
13
1
36
3
1
3
28
1
4
1
18
6
7
2
12
2
4
2
5
2
4
1
7
2
3
2
35
1
4
1
61
2
4
3
5
1
10
3
66
4
4
2
25
1
14
1
65
1
9
1
44
2
4
2
14
2
6
3
54
1
8
3
54
2
6
1
6
1
4
2
6
3
7
2
34
1
8
3
61
2
6
2
28
2
2
3
3
10
13
2
67
1
7
2
17
3
9
1
49
2
5
2
54
1
13
3
27
6
5
2
26
3
4
1
18
12
3
2
33
3
14
2
60
4
7
3
11
6
11
2
65
3
1
3
40
6
9
1
32
7
4
3
16
3
1
2
42
3
1
2
38
4
14
1
22
3
2
1
7
5
2
3
28
11
4
1
16
5
10
3
22
4
12
3
31
2
7
3
61
6
4
1
71
1
9
2
42
2
9
2
9
1
2
2
43
2
3
1
11
12
7
1
1
2
14
2
40
1
8
1
3
11
8
3
53
2
1
2
45
1
3
1
15
1
5
2
40
2
7
3
38
7
6
3
55
6
2
2
71
1
12
1
27
2
7
1
5
1
12
3
33
15
4
3
65
17
6
3
63
3
1
2
61
2
1
1
31
13
9
3
18
7
5
3
4
14
10
3
32
7
7
2
25
2
2
2
11
2
6
1
25
3
11
3
37
6
10
2
36
4
9
2
7
1
1
3
25
9
6
3
16
5
3
3
34
6
5
2
16
3
3
1
1
3
6
2
9
2
3
3
14
16
3
3
6
6
4
1
11
6
2
2
2
1
12
2
27
1
5
2
18
1
7
2
55
3
8
3
17
7
7
2
67
2
2
3
2
12
6
3
33
21
4
2
23
1
12
1
13
3
4
2
1
1
2
3
35
1
7
2
32
3
9
1
61
3
14
1
42
1
3
2
35
2
9
3
65
18
9
3
67
9
1
2
45
4
14
3
49
8
6
3
67
26
1
2
41
3
9
3
34
11
11
3
47
3
7
1
14
17
5
2
61
3
7
1
53
2
8
2
54
2
4
1
55
1
2
2
34
2
3
2
29
1
12
1
29
2
14
1
30
2
5
1
23
1
13
1
53
1
3
1
26
3
9
2
33
2
2
3
22
2
2
3
15
2
6
2
49
4
10
3
71
4
6
3
71
2
4
3
32
8
12
2
13
1
10
1
45
1
14
2
8
2
7
1
16
2
5
3
29
5
8
2
3
1
11
3
18
1
3
1
30
14
11
2
37
1
5
1
10
8
12
1
9
9
1
1
34
7
7
2
2
2
3
3
7
5
1
3
1
5
2
3
7
1
7
2
43
5
10
3
41
4
12
2
44
1
13
2
15
2
5
2
16
2
5
1
42
2
5
3
66
2
12
1
63
2
6
3
39
1
9
3
31
5
4
2
28
1
3
1
10
3
13
1
28
1
6
3
23
8
10
2
1
3
1
3
63
13
5
1
31
1
4
3
42
3
11
2
44
2
14
2
68
1
14
3
68
13
12
3
4
20
13
1
36
2
1
1
15
5
12
1
67
2
6
2
52
4
7
1
66
1
6
2
71
3
4
3
14
8
8
2
47
2
2
3
29
18
10
3
30
1
11
3
26
8
10
2
32
1
9
1
39
4
12
1
34
8
9
3
26
5
14
3
60
32
5
2
65
4
14
1
37
2
7
3
43
5
13
3
25
8
14
3
43
3
10
1
67
3
6
1
43
1
3
2
41
4
2
2
29
3
6
2
66
1
9
3
11
23
2
2
14
1
9
3
49
3
11
1
38
1
10
2
37
2
5
1
43
3
8
2
13
2
2
1
45
2
11
2
22
2
4
1
63
1
14
3
9
5
11
2
38
3
6
1
68
3
2
2
31
2
13
3
2
2
6
2
6
2
9
1
41
3
10
3
68
1
8
1
41
1
2
2
47
3
12
2
66
2
6
2
3
3
10
2
39
4
2
3
30
2
5
3
38
4
9
3
6
2
2
1
40
1
5
1
8
5
12
3
55
9
9
2
30
4
3
1
26
1
14
3
13
9
9
1
17
3
1
1
2
4
11
1
39
1
6
3
3
2
8
1
6
2
13
1
65
2
12
2
63
3
1
1
47
1
8
2
30
3
4
1
32
2
14
3
8
10
9
3
15
5
13
3
10
26
10
1
4
6
6
1
13
2
5
1
49
1
3
1
2
1
7
2
4
3
2
1
22
2
11
1
29
1
2
3
23
16
7
1
44
4
12
2
17
2
3
2
8
1
14
3
17
10
4
2
18
4
5
1
8
6
8
3
45
5
12
2
53
2
10
2
55
2
8
3
37
1
6
3
12
6
5
1
54
2
1
3
42
1
8
1
47
2
11
3
60
19
6
2
23
2
4
3
45
2
4
3
44
8
3
2
5
3
12
3
52
17
12
1
12
16
10
1
71
2
8
1
38
3
7
1
25
1
7
