1
8
13
10
1
8
17
5
3
29
7
14
3
33
17
13
1
53
2
12
1
45
2
10
3
63
4
10
2
45
1
7
2
52
1
7
1
5
1
2
1
43
2
5
3
3
4
13
2
26
4
7
3
65
2
10
1
65
2
10
3
26
1
7
3
30
4
10
2
27
3
10
1
35
4
2
3
52
17
9
2
35
1
4
1
32
5
3
2
14
1
3
1
14
9
5
1
10
7
10
3
55
15
12
2
13
2
3
3
67
4
14
2
66
1
5
1
22
2
14
1
23
2
2
1
2
5
2
2
23
2
4
1
49
1
1
2
37
2
13
1
27
1
6
1
29
2
4
3
43
2
8
1
63
2
5
3
60
6
10
3
13
5
11
3
8
3
2
1
49
2
5
3
22
7
9
2
43
3
1
3
47
2
5
2
49
3
7
1
61
2
12
1
29
3
5
3
66
6
11
1
71
2
12
3
68
16
9
1
55
1
8
2
28
2
4
2
34
2
11
3
22
2
7
1
34
6
5
3
25
7
9
2
67
1
9
2
25
2
1
2
26
3
9
1
43
1
7
1
54
2
11
3
14
20
7
3
45
1
5
1
47
3
10
1
60
1
5
3
23
8
4
3
34
4
13
1
17
9
5
2
66
3
14
3
13
6
5
2
14
3
3
3
28
8
12
3
15
8
12
3
12
2
13
1
35
3
12
1
14
8
6
2
43
4
7
2
9
3
13
1
9
13
10
1
41
2
12
2
27
2
4
2
61
2
6
1
53
1
7
3
17
8
14
3
31
25
14
3
63
13
10
3
34
5
12
1
15
2
2
3
42
4
3
2
12
3
5
3
10
4
11
3
12
4
5
2
42
4
2
2
31
3
14
2
40
2
2
3
40
6
10
2
11
1
14
1
41
1
10
2
60
1
5
2
28
1
8
2
38
3
8
3
38
7
11
2
3
1
13
3
11
3
12
3
44
7
10
3
17
3
9
3
37
9
13
2
17
2
10
1
28
1
1
3
35
8
4
2
18
4
14
2
1
3
7
1
68
2
10
1
25
1
8
1
45
1
5
3
44
10
13
2
12
1
12
3
9
18
5
2
45
3
10
3
71
2
13
1
27
2
13
3
31
30
10
1
3
4
4
3
36
4
7
1
37
2
2
2
32
1
11
2
6
1
11
1
30
16
12
3
49
5
14
2
17
1
11
1
16
3
4
3
18
5
13
1
6
1
14
2
9
2
5
3
52
10
14
3
53
8
6
1
38
2
5
1
67
2
4
3
53
5
12
3
61
2
2
1
9
5
3
1
7
7
13
1
39
3
1
3
41
3
8
3
7
3
1
1
39
1
14
3
38
9
4
3
25
4
6
3
6
5
11
3
33
16
2
2
7
3
1
3
8
19
12
3
27
3
13
3
18
7
6
1
11
7
8
2
54
1
12
1
32
6
7
3
39
6
11
3
45
6
14
3
15
11
1
1
36
3
4
3
7
4
11
2
60
4
12
3
49
8
4
2
63
1
6
1
54
1
5
3
32
5
10
2
68
3
9
2
71
2
8
3
1
4
7
1
47
2
13
2
18
2
4
3
6
3
12
1
5
2
4
3
2
12
14
2
22
1
9
2
41
3
13
3
54
1
6
1
52
3
4
3
29
9
3
3
4
20
10
1
33
3
9
2
42
3
6
3
68
10
14
2
61
1
12
2
10
3
12
1
3
1
6
2
16
3
1
2
29
1
11
1
26
1
14
3
39
7
6
1
18
15
11
2
25
3
7
2
39
2
14
3
37
2
10
3
55
7
2
2
53
1
12
2
11
3
2
2
33
1
2
1
13
1
8
1
31
6
14
2
15
1
8
3
30
21
11
1
71
3
5
2
63
3
7
1
4
7
2
3
35
3
1
3
10
19
14
2
29
2
10
2
3
3
14
1
2
7
11
3
16
3
1
1
34
9
14
2
1
2
12
2
16
2
9
2
13
1
14
2
36
4
1
1
15
1
2
2
31
2
4
2
49
1
8
2
67
2
13
1
44
1
9
2
36
3
8
3
61
7
9
1
11
11
12
2
30
3
11
1
25
2
5
1
42
1
5
3
65
14
12
3
43
1
12
3
1
1
5
2
65
4
13
3
9
16
7
1
40
3
5
2
7
1
2
1
1
2
5
1
52
2
7
3
66
9
6
3
67
5
3
3
16
7
8
1
67
1
9
1
16
7
7
3
2
7
12
1
65
1
10
3
36
2
5
1
6
2
8
2
47
1
11
2
38
5
12
1
66
2
8
2
6
3
9
1
7
4
4
3
4
18
11
1
17
8
11
3
14
11
13
1
4
6
1
3
42
1
2
1
10
4
3
2
44
2
8
3
54
2
3
1
68
3
13
1
38
1
12
1
33
1
11
3
41
4
6
2
65
3
14
3
3
10
8
2
8
3
14
2
5
1
6
2
52
6
2
2
35
3
5
2
55
1
6
1
66
3
3
3
27
9
2
1
37
1
8
1
42
2
2
2
37
4
6
1
40
2
3
3
28
6
8
3
71
4
3
1
12
11
9
1
12
9
12
2
22
3
3
1
13
3
4
1
44
3
7
2
2
2
1
2
68
2
8
1
55
2
3
1
22
1
11
2
47
2
10
1
26
3
12
3
11
4
12
2
34
3
5
3
60
19
12
2
10
2
4
2
44
3
4
1
61
3
6
1
30
17
5
2
2
1
3
2
8
2
10
1
63
1
10
2
23
1
2
2
4
1
13
2
55
3
8
1
1
1
5
2
41
2
6
2
32
3
9
1
23
1
13
2
40
4
4
3
23
13
5
1
28
3
2
2
39
4
10
3
32
6
4
2
15
2
14
3
26
12
9
2
5
3
12
2
4
3
7
2
71
1
14
1
36
1
2
3
40
1
3
1
31
1
1
1
60
2
2
1
18
3
12
2
53
2
5
3
47
10
12
3
5
1
8
2
30
5
14
3
5
4
7
2
54
2
8
2
33
2
2
