3
23
5
8
1
30
17
3
2
16
1
2
1
49
2
9
2
67
1
7
3
18
4
10
2
9
2
10
3
4
22
1
1
67
2
10
3
30
5
13
1
25
1
9
1
15
3
8
2
27
2
11
2
11
1
1
1
27
2
8
3
26
8
12
2
28
1
10
2
26
4
2
3
18
13
3
2
8
2
14
1
37
2
3
1
2
6
3
3
52
8
14
3
13
9
3
1
12
2
12
2
71
3
1
3
60
6
9
1
29
3
8
3
16
3
13
1
11
4
9
3
28
9
11
3
9
13
1
3
17
16
10
3
3
5
1
2
26
1
2
3
1
9
2
1
3
6
10
1
22
3
10
1
9
3
7
2
25
3
2
2
39
1
3
2
1
1
6
3
65
14
7
3
27
5
10
3
26
5
8
3
6
1
11
2
63
1
10
3
45
1
2
3
36
6
6
2
53
2
1
1
29
2
12
3
55
7
7
1
23
1
12
2
43
5
9
2
41
4
2
2
13
3
3
1
9
13
3
1
7
8
6
2
61
2
12
1
37
1
7
2
29
3
6
1
42
2
3
3
68
7
9
1
43
2
13
3
30
7
13
1
55
1
7
3
49
1
11
2
10
2
10
2
31
2
13
2
65
1
14
2
3
3
10
2
44
5
5
3
8
7
7
3
32
3
6
2
14
1
1
1
38
1
2
3
41
2
3
3
35
3
10
2
33
2
5
1
53
1
3
3
44
7
6
2
2
1
11
2
37
1
7
1
42
1
2
1
18
2
9
3
17
14
5
3
29
18
9
2
16
2
7
1
40
2
4
1
47
3
7
1
12
9
13
1
4
4
11
1
30
14
6
3
60
24
14
1
68
2
14
1
67
1
11
2
25
1
3
3
34
11
3
2
4
3
9
2
39
4
1
3
55
8
6
3
54
1
13
3
40
4
11
3
15
7
13
1
52
3
2
2
12
2
3
1
8
15
8
2
7
3
4
1
6
2
5
3
6
2
8
1
60
1
9
3
66
7
12
3
42
2
8
2
53
3
11
2
32
3
8
3
67
20
1
1
18
12
14
1
1
3
8
2
41
1
12
3
68
13
6
2
23
1
7
3
27
14
6
3
71
5
13
3
33
4
11
2
42
3
1
1
32
4
8
3
52
16
8
3
37
5
11
3
13
3
3
2
66
1
6
2
15
2
4
2
17
2
1
2
14
2
14
1
31
2
1
2
37
3
12
1
14
3
13
2
31
5
7
1
17
2
2
3
36
8
6
3
53
2
10
2
30
3
6
2
40
2
8
1
6
1
13
2
68
2
11
2
47
2
2
1
17
11
4
1
45
1
3
3
42
4
13
1
61
2
6
1
15
4
9
2
35
1
1
2
3
2
2
1
34
8
6
3
37
11
11
1
23
2
10
3
67
7
11
3
10
20
7
3
1
1
1
2
13
2
1
3
22
5
5
3
43
5
12
3
2
3
7
3
25
9
9
3
16
6
10
3
35
2
4
1
31
13
5
1
53
2
3
1
41
2
7
3
23
14
1
3
12
4
13
3
61
5
9
2
55
3
14
3
54
2
5
2
60
4
14
3
28
15
1
3
12
5
10
2
60
3
7
2
65
4
9
3
5
1
5
3
31
11
13
3
49
6
14
2
18
2
6
2
68
1
8
2
4
1
7
1
65
2
14
3
8
8
8
1
60
2
3
1
1
1
6
2
36
4
7
2
66
3
12
2
8
1
5
3
38
11
8
3
38
8
5
1
45
2
12
1
33
3
4
2
12
3
5
1
13
5
2
2
42
2
5
3
33
20
13
1
54
1
4
1
39
3
6
2
40
4
5
3
61
2
3
3
65
4
12
2
10
1
3
1
10
1
11
2
44
2
11
1
44
3
9
2
28
2
1
2
32
2
14
1
68
1
7
1
65
1
3
2
22
3
9
1
11
5
3
3
10
3
10
1
3
3
1
2
61
1
13
2
63
2
1
3
7
1
7
2
27
3
11
2
67
2
8
2
30
2
9
3
53
3
9
2
36
5
8
3
71
2
2
3
39
2
6
2
2
2
2
2
45
1
5
3
66
3
12
3
44
8
9
3
31
4
14
1
66
2
10
1
54
2
3
1
27
1
11
2
54
1
5
1
52
2
11
1
5
1
12
1
41
1
8
1
34
9
6
3
25
2
7
2
29
1
4
3
5
4
3
1
26
1
2
1
13
8
1
1
26
2
9
3
14
8
11
3
9
24
1
1
14
21
10
1
63
1
11
3
7
4
3
1
16
4
13
1
71
1
4
3
22
4
10
3
34
9
4
1
16
7
9
2
7
2
10
2
47
4
9
3
29
10
5
1
44
4
10
3
40
2
1
1
2
3
9
2
5
3
12
3
32
1
6
1
22
2
7
2
38
5
11
1
28
2
6
3
63
8
6
2
23
3
5
2
11
2
13
3
14
5
8
2
52
4
14
1
28
3
12
2
55
2
6
2
9
3
10
3
41
1
13
1
5
2
13
3
2
4
6
2
38
4
6
2
43
1
3
2
1
2
12
2
34
2
10
2
22
1
6
1
35
4
6
1
32
6
9
2
15
3
1
2
49
2
2
3
15
5
9
1
38
3
6
3
63
10
14
2
35
2
6
3
43
2
5
2
54
2
6
2
34
1
8
1
47
2
13
1
61
1
6
3
3
10
2
3
45
3
9
3
11
4
14
2
49
3
13
1
36
1
14
1
43
3
11
1
4
6
9
1
25
2
9
2
17
1
13
1
55
2
7
3
11
2
8
2
45
3
2
3
39
10
12
2
52
7
3
3
47
4
4
2
18
1
11
1
39
1
2
2
33
3
14
2
6
1
6
1
35
2
12
1
33
5
7
1
63
2
6
1
10
4
8
2
71
2
12
1
66
1
6
1
71
2
9
1
40
1
11
1
49
1
3
3
47
1
9
1
7
1
12
3
4
2
11
1
8
5
2
2
5
1
12
2
6
3
14
1
36
3
6
