3
27
8
9
3
6
2
5
1
22
1
11
3
15
2
7
2
5
1
7
3
53
1
9
2
41
2
3
3
35
1
3
1
14
7
14
1
45
2
14
3
37
3
10
2
35
1
13
1
2
6
1
2
37
3
5
2
8
1
11
2
54
1
10
2
34
1
14
3
38
3
9
3
23
2
12
1
3
4
9
3
23
19
5
3
25
9
1
2
29
2
10
3
67
11
14
3
44
4
10
3
5
2
11
3
6
3
12
1
67
3
8
2
15
2
5
2
17
2
12
2
1
3
11
1
42
2
3
3
32
2
6
1
40
2
3
2
39
4
8
1
61
1
4
3
37
5
12
1
36
2
7
1
9
12
10
2
44
5
3
2
34
3
1
1
15
4
1
3
60
5
11
1
17
6
6
3
33
19
8
1
35
1
9
1
39
4
1
1
30
6
6
3
30
19
9
3
43
2
6
3
54
1
13
1
25
1
3
1
61
2
12
3
40
3
11
2
40
3
5
1
49
2
13
1
8
5
11
3
53
8
10
2
4
1
1
3
65
16
3
3
61
7
6
2
17
3
13
1
9
1
1
3
68
17
10
2
7
2
14
3
2
10
8
2
63
3
6
1
25
3
9
2
67
1
13
3
68
11
1
2
39
3
10
3
18
23
6
1
36
1
7
2
38
1
9
1
41
2
4
2
8
3
13
1
66
1
14
3
16
2
11
3
28
15
10
2
52
4
8
2
27
1
6
3
25
8
12
2
66
3
8
1
28
3
9
1
23
3
9
3
28
16
8
3
26
12
2
3
39
7
8
1
8
4
11
2
30
1
2
2
28
1
3
3
10
4
3
1
29
2
13
3
3
2
5
1
5
1
2
1
63
2
3
3
60
30
8
3
36
14
7
3
61
3
3
2
33
2
1
3
8
1
2
1
11
8
8
3
41
1
14
3
34
6
12
2
49
4
4
3
63
13
5
1
47
3
3
3
52
16
4
1
16
7
8
1
53
2
10
1
6
2
1
2
61
2
7
3
22
9
7
1
32
4
6
1
34
5
2
2
15
3
5
3
49
2
8
2
37
4
3
2
63
1
14
2
7
3
13
1
32
6
1
2
14
1
12
3
1
4
13
2
53
3
10
1
49
1
7
1
27
2
1
3
66
3
14
1
43
2
9
1
26
2
12
2
68
3
9
2
32
1
5
1
29
1
5
1
18
2
10
1
15
1
11
2
5
3
14
1
10
3
3
1
53
1
9
2
26
3
10
1
23
2
14
2
65
1
5
1
67
2
2
2
45
3
11
3
17
10
5
2
10
2
8
3
9
15
2
3
27
6
4
1
71
1
3
3
71
2
4
1
55
2
5
2
25
2
7
1
1
3
13
1
65
2
8
1
11
7
12
1
13
9
2
3
5
5
10
3
49
5
4
2
10
3
3
3
29
4
9
3
12
4
12
1
37
2
2
1
44
2
12
2
11
2
12
2
30
4
9
2
42
4
14
2
55
2
11
1
5
2
12
3
18
6
5
2
4
3
6
3
14
16
3
2
60
4
1
3
11
26
1
2
2
2
10
3
1
6
12
2
66
1
14
2
11
3
14
2
52
6
13
3
44
8
6
1
16
4
10
1
1
1
1
3
4
12
4
2
16
1
3
2
68
4
12
2
55
1
8
3
63
6
5
1
65
1
8
3
17
15
2
3
40
6
1
3
55
8
4
2
43
1
4
2
9
2
2
2
60
3
1
3
7
3
5
2
33
1
1
2
28
3
11
1
45
1
3
3
29
12
12
1
3
3
7
2
3
3
10
2
67
2
2
1
7
1
10
1
44
1
11
2
41
3
5
1
55
1
2
1
22
3
8
1
71
3
2
2
6
2
13
1
17
7
9
1
31
5
9
2
47
4
14
1
6
1
4
3
47
1
14
1
18
5
13
3
2
1
14
3
26
10
5
1
60
1
10
1
54
3
1
1
7
2
3
3
9
19
9
1
52
2
6
2
18
2
3
2
9
3
12
1
63
1
1
2
31
1
11
3
16
7
14
2
35
2
6
3
30
12
10
2
27
3
6
3
45
6
12
1
68
1
8
2
45
2
8
3
7
4
9
2
22
2
13
2
23
1
11
3
13
8
10
2
13
2
7
1
52
1
4
1
13
6
2
1
2
2
6
1
28
1
2
2
29
3
3
1
35
4
3
3
45
5
14
3
43
7
3
1
42
1
1
3
47
6
7
2
44
2
7
1
38
2
5
2
54
2
8
1
34
10
11
1
33
5
1
1
30
13
14
2
1
1
1
2
36
3
6
1
4
6
11
1
68
2
5
1
43
3
13
1
10
2
11
2
12
2
2
2
71
3
11
1
40
3
10
1
37
1
4
3
10
26
14
1
60
2
12
1
47
2
3
1
54
1
5
3
11
17
6
3
55
7
4
3
13
5
8
2
53
1
13
2
22
1
10
3
32
6
12
3
35
4
9
3
67
5
6
3
71
5
10
1
41
3
4
2
65
2
13
3
31
24
1
3
8
9
5
2
49
1
9
1
38
1
9
3
12
2
14
1
26
3
14
3
41
4
5
2
14
2
7
1
14
6
13
3
3
10
9
3
54
2
1
2
71
2
11
1
33
4
9
2
42
3
5
2
38
5
3
2
23
3
5
1
4
4
1
1
39
2
11
2
40
4
9
2
61
3
2
2
36
1
13
3
36
6
12
3
42
1
5
3
66
2
3
1
31
3
8
3
65
8
4
1
66
2
5
2
32
2
6
1
12
13
10
3
39
4
9
2
16
3
11
3
22
7
14
2
6
1
9
3
14
23
7
2
13
3
7
3
38
2
14
2
47
1
11
2
18
3
12
2
43
5
10
3
31
30
11
3
33
20
2
2
2
1
9
3
52
4
8
3
42
2
10
1
12
4
14
1
27
3
11
2
31
4
6
2
26
1
11
2
3
2
13
3
15
11
1
2
12
3
5
3
34
3
12
2
25
1
2
3
4
8
13
