1
53
1
11
2
54
2
5
1
17
2
3
2
27
1
1
2
68
1
12
3
15
3
7
2
37
2
9
3
71
1
2
3
29
7
14
2
13
3
3
1
63
2
7
3
66
4
7
2
28
1
4
3
38
3
1
1
35
1
13
3
34
10
11
1
60
1
14
2
23
1
11
3
40
5
12
3
30
20
4
2
45
4
5
2
65
1
3
3
3
7
11
3
47
4
5
3
12
5
3
2
10
2
13
1
37
2
4
3
37
6
2
2
2
2
5
2
40
3
12
2
15
1
1
1
52
1
12
3
11
6
1
3
28
3
14
1
25
2
14
2
42
4
3
2
43
2
12
1
10
4
1
1
4
7
11
3
27
14
14
2
35
1
2
1
66
3
12
2
55
3
14
2
25
3
11
3
33
9
7
1
37
1
9
2
12
2
7
2
3
2
11
1
34
7
2
3
13
9
2
2
39
3
6
1
15
4
12
1
63
1
14
2
42
3
4
2
66
3
5
3
23
7
8
1
30
6
5
2
7
2
1
3
43
8
11
2
31
2
10
2
6
3
5
3
1
6
11
2
15
2
2
3
31
12
7
2
39
2
11
2
9
1
5
2
9
3
7
1
54
1
7
3
26
5
4
1
39
2
4
3
67
9
10
3
35
5
13
1
44
3
2
2
47
1
8
1
9
7
3
3
43
1
6
2
18
1
2
3
25
1
4
3
17
15
6
2
55
2
4
2
38
5
14
3
35
7
14
3
63
7
4
3
49
6
14
1
1
1
7
1
60
2
13
1
68
1
6
1
10
7
8
2
14
2
5
2
66
2
10
3
45
7
7
2
17
1
12
2
26
4
12
2
13
1
7
2
52
5
6
3
28
12
9
1
14
7
12
1
2
3
3
3
7
5
9
2
4
2
13
3
71
5
5
1
2
4
7
2
43
4
3
2
11
1
12
2
54
1
14
3
10
9
14
1
11
1
1
1
22
1
8
1
3
6
6
1
5
1
13
2
23
3
4
2
60
3
5
2
26
3
8
3
52
5
10
1
22
2
12
2
47
3
2
2
5
3
1
2
71
1
11
2
60
1
14
2
18
2
12
2
38
2
8
2
22
2
1
1
23
3
7
1
61
1
5
2
10
1
9
3
3
10
7
3
31
28
9
1
6
1
7
3
13
1
1
3
10
13
5
1
43
2
1
1
36
2
14
3
55
15
12
3
45
2
11
1
1
3
2
1
33
5
5
1
44
4
3
1
7
4
3
2
67
1
6
1
38
3
1
3
5
5
6
3
36
8
5
2
31
1
13
1
28
3
7
1
55
2
12
1
42
2
2
2
14
1
13
3
29
17
12
2
63
2
4
1
52
2
3
3
26
6
6
3
44
3
1
3
61
10
1
1
5
2
4
3
36
11
14
3
9
4
8
1
49
2
7
3
11
10
12
1
23
2
10
1
66
2
13
3
33
17
11
3
30
9
8
3
41
3
4
3
39
7
5
1
3
10
1
2
17
3
4
1
29
3
9
3
14
13
8
3
42
3
12
2
7
1
11
3
47
1
2
1
26
1
14
3
18
4
11
1
7
11
1
1
6
2
9
3
4
8
9
3
25
2
2
2
27
2
14
3
2
7
5
2
2
1
13
1
14
15
9
3
2
4
7
2
8
2
13
3
68
10
1
2
53
2
7
2
35
2
4
2
1
1
14
1
31
6
10
1
4
8
3
2
65
2
10
2
30
5
5
2
16
1
14
1
68
3
6
3
68
7
7
1
17
8
3
3
38
11
8
3
23
3
11
2
44
1
10
1
25
3
3
1
8
10
6
1
8
5
2
3
32
10
5
3
8
4
13
3
40
3
8
3
63
5
13
3
32
12
9
1
55
1
1
1
9
10
11
2
22
1
8
2
37
4
6
2
6
2
4
1
65
1
4
3
6
4
3
1
18
14
4
3
12
4
10
3
60
24
9
1
27
2
2
2
40
2
3
3
8
15
9
3
6
3
3
2
28
2
12
1
71
2
4
1
65
2
1
3
65
21
2
2
29
1
12
2
68
3
4
2
25
1
6
2
67
2
8
1
40
2
4
2
33
1
13
3
41
4
5
1
31
12
13
2
41
3
4
1
13
3
8
2
49
1
10
1
32
6
3
3
42
2
5
2
1
2
1
1
12
2
3
3
67
12
1
3
7
4
6
2
16
3
11
3
53
5
14
3
15
15
2
1
45
2
11
1
13
5
3
3
4
14
12
3
66
5
10
3
14
15
1
2
8
1
12
3
39
4
12
2
61
3
8
1
41
2
10
1
16
5
1
2
3
1
7
1
35
4
1
1
67
1
13
1
42
1
11
2
32
4
2
2
53
1
11
2
32
2
10
3
61
1
12
2
41
2
9
3
16
5
11
2
52
6
6
1
47
2
13
3
5
2
7
3
34
9
14
3
60
22
3
2
45
3
2
1
33
2
10
3
44
1
9
2
12
3
2
3
1
8
12
2
44
3
6
1
45
1
13
2
71
3
4
1
41
3
11
3
54
1
12
1
12
14
4
1
53
2
10
2
34
1
1
2
63
3
12
1
11
12
9
3
9
24
2
1
71
3
8
3
22
8
7
3
49
7
3
1
38
1
11
3
16
1
5
3
54
2
2
3
22
3
6
3
53
4
14
1
16
1
13
1
27
1
5
3
37
10
2
1
39
3
5
3
18
5
2
3
55
12
13
1
26
3
13
1
29
2
1
1
61
3
2
2
30
1
12
1
49
1
8
2
33
2
10
1
32
4
2
1
15
5
3
1
67
2
8
1
47
1
6
2
5
2
2
2
34
3
9
3
65
13
10
1
28
1
4
2
11
2
7
1
18
6
13
2
36
4
12
3
27
16
6
1
30
16
14
1
54
3
12
2
49
2
12
2
61
1
6
1
43
1
10
2
36
1
5
1
40
1
4
3
17
14
13
3
52
16
7
1
34
9
8
1
36
1
9
2
4
3
11
2
29
3
3
