3
11
23
13
2
8
1
5
2
42
1
14
3
44
6
9
2
43
3
13
3
10
18
10
3
55
4
5
1
14
14
12
3
16
8
9
3
16
3
3
3
71
5
10
3
1
10
6
3
30
8
10
2
34
1
14
2
1
2
2
2
23
2
11
1
36
1
14
3
18
14
1
2
3
3
14
1
16
2
4
3
8
14
1
3
29
14
5
3
43
3
11
1
55
2
6
2
65
3
12
3
28
10
7
1
63
2
5
3
45
3
7
2
44
5
10
3
22
4
6
2
68
4
12
2
68
1
11
3
39
8
4
3
5
5
5
3
18
6
11
3
31
3
12
2
71
1
9
2
25
3
3
1
40
2
14
2
67
1
10
3
54
1
3
3
9
5
14
3
17
3
5
3
45
5
7
2
47
3
5
3
23
17
4
1
39
4
12
3
4
9
13
1
14
13
2
3
2
7
6
3
17
9
13
1
15
1
3
2
15
1
12
1
6
2
4
1
2
3
5
1
68
3
12
1
49
2
3
1
22
1
6
2
6
3
6
2
18
3
5
3
43
2
1
2
66
3
10
2
17
2
11
2
17
1
14
2
47
1
7
3
71
4
13
1
23
2
1
3
47
8
3
2
54
1
6
2
34
2
11
3
13
3
1
3
55
1
1
3
44
2
1
2
25
1
13
2
40
4
2
1
35
2
13
3
22
9
8
2
4
3
12
3
30
13
7
2
53
2
12
1
34
10
12
1
5
1
8
1
66
2
1
1
52
3
7
2
29
2
13
3
53
8
9
2
8
2
10
2
27
1
6
3
6
3
5
3
49
3
12
3
14
8
14
1
36
3
12
2
29
1
5
3
15
1
11
3
7
5
4
2
14
3
12
2
35
2
2
3
3
8
2
1
42
1
12
2
45
4
12
3
27
10
10
1
4
2
6
3
14
21
3
3
13
9
14
2
67
2
6
2
37
2
4
1
47
3
10
1
5
2
7
1
71
2
12
1
53
2
6
1
17
2
8
1
37
1
12
2
9
1
13
2
36
3
5
1
23
3
2
3
42
4
9
2
38
1
8
1
60
1
2
3
6
6
12
1
38
3
3
3
49
7
10
1
43
3
7
1
65
2
2
3
34
6
1
3
65
4
14
1
53
1
3
2
39
2
4
2
28
2
3
1
37
2
10
1
27
2
13
1
3
11
10
1
11
4
12
3
32
1
14
2
5
1
6
1
67
1
3
1
41
3
5
1
7
3
1
1
45
2
1
1
43
1
7
2
55
2
1
2
52
6
3
3
28
11
13
1
3
2
9
3
66
6
4
2
27
3
3
3
35
6
10
1
13
8
10
2
18
1
3
3
47
10
11
2
44
2
4
2
42
4
10
2
52
2
10
2
53
3
7
1
67
3
13
1
54
1
1
2
37
3
12
3
3
6
2
3
37
2
4
1
28
1
4
3
33
21
6
2
7
1
4
2
60
1
6
2
32
1
2
1
25
1
8
1
30
4
7
3
34
11
12
3
63
12
12
3
36
12
5
1
44
1
13
2
23
3
8
2
35
1
8
2
14
1
13
1
29
3
4
2
31
4
7
2
40
2
7
2
33
3
10
3
27
7
6
1
35
4
3
1
45
1
7
2
16
1
4
3
11
5
10
3
25
7
3
1
22
3
12
1
9
4
11
1
9
5
1
3
52
9
10
2
41
5
4
2
22
1
4
1
71
3
1
3
66
7
7
3
9
29
9
1
2
7
6
3
35
7
12
2
55
1
9
3
40
4
6
3
2
6
10
2
71
2
5
3
65
8
4
1
16
4
9
1
66
1
14
2
26
4
6
3
7
1
12
1
61
1
3
1
15
2
9
2
1
3
1
3
53
5
9
3
61
5
1
2
13
3
4
1
10
3
6
1
32
1
9
1
63
1
14
1
7
8
5
3
68
7
7
2
61
1
7
1
61
3
10
1
47
2
14
1
31
1
10
3
26
3
9
1
11
10
5
2
11
3
9
1
32
2
4
2
66
1
6
3
23
19
6
2
7
3
13
1
13
9
6
2
60
4
13
1
65
1
2
1
4
5
10
2
49
2
6
1
31
17
8
2
65
4
7
2
10
1
6
3
68
12
7
1
44
4
14
1
18
4
5
2
31
5
14
1
12
3
4
3
61
10
6
3
29
12
7
2
22
3
3
1
39
3
11
3
25
3
2
2
15
3
7
1
40
3
7
2
63
2
4
2
10
3
6
2
30
4
13
2
38
4
5
1
10
4
10
2
13
1
2
1
42
2
9
1
68
2
5
1
18
12
1
3
41
1
2
3
63
6
8
3
67
26
1
3
31
25
4
1
30
21
10
1
54
3
5
1
29
2
10
3
10
1
9
3
67
1
11
2
39
1
1
1
38
1
11
1
8
2
3
2
2
2
9
2
54
2
4
3
60
7
12
2
3
2
10
2
32
4
5
2
5
3
8
1
55
1
9
3
41
2
12
1
26
3
14
3
32
6
3
2
26
3
5
3
5
3
5
2
43
2
8
3
4
5
3
2
16
3
9
1
33
5
11
3
33
14
10
2
33
2
14
1
6
1
8
2
63
1
8
3
60
10
12
3
39
1
7
3
12
7
7
1
60
2
7
3
38
3
7
3
36
8
3
2
41
4
14
3
54
2
11
2
49
4
11
1
27
1
6
2
6
2
7
2
9
2
3
2
36
2
6
1
26
2
2
1
28
2
2
2
2
3
4
3
40
6
8
2
12
2
2
3
26
9
8
2
45
1
6
3
37
1
6
3
8
8
2
2
4
1
9
3
12
4
6
3
42
1
9
1
41
1
8
2
28
3
1
1
17
7
6
2
61
3
10
1
33
4
7
3
52
18
5
2
30
2
4
1
52
1
9
3
1
6
9
1
49
1
13
3
15
14
6
3
38
2
8
1
12
17
6
1
34
4
14
1
8
13
7
2
12
3
14
1
1
3
4
1
1
2
13
1
25
3
10
2
11
2
8
