1
36
1
5
3
13
3
13
2
11
3
2
1
7
1
10
2
17
1
9
1
32
5
11
3
5
1
4
1
35
4
9
1
29
1
14
2
27
3
6
1
10
7
5
1
49
1
11
3
18
1
5
1
26
3
5
3
4
24
11
1
71
3
11
1
65
1
9
2
26
2
3
3
44
8
13
3
35
8
1
2
67
1
7
3
3
5
10
1
47
3
12
1
1
2
2
2
9
3
10
2
34
2
6
2
28
1
6
1
28
1
3
3
16
8
6
3
54
1
1
2
53
3
2
1
60
1
2
1
47
1
2
3
2
3
7
1
22
2
13
3
30
16
10
1
13
3
6
2
35
3
11
2
31
2
9
3
2
7
2
1
11
2
11
3
28
16
5
3
68
4
13
3
34
3
5
1
22
3
8
1
68
1
12
2
1
2
13
2
12
1
1
2
30
3
3
2
71
1
14
2
4
3
1
2
53
1
9
2
1
1
3
3
65
7
10
1
42
1
5
1
33
5
13
3
11
18
1
2
39
4
1
3
27
9
4
3
49
5
12
1
3
9
3
1
18
4
10
2
10
1
11
1
45
2
9
3
44
9
2
1
7
7
7
3
10
22
8
3
67
35
13
2
38
3
5
3
41
4
2
3
38
1
13
3
13
9
6
2
68
4
8
1
55
1
7
1
45
1
6
2
32
3
14
1
26
2
12
1
5
1
12
1
49
2
6
3
37
4
8
2
23
1
1
1
13
9
8
1
41
1
14
1
23
2
3
1
32
2
11
1
3
4
8
3
35
5
3
1
43
2
2
1
37
2
4
2
39
2
6
2
71
2
6
1
44
2
9
2
52
5
3
1
63
2
8
3
5
4
9
3
33
18
4
2
63
3
4
2
55
1
5
1
38
2
8
3
39
9
12
3
25
1
2
2
4
1
3
1
5
2
5
3
41
3
9
3
53
3
2
2
6
1
11
2
14
2
11
3
32
6
11
3
30
15
14
1
27
1
4
1
71
2
2
2
29
2
2
3
63
2
1
1
68
3
2
2
42
2
12
1
8
3
11
1
12
9
7
3
61
3
9
1
25
3
12
1
15
5
4
1
29
2
11
1
40
1
1
1
9
8
11
3
33
16
10
1
1
3
5
3
43
7
3
2
16
2
3
2
44
3
11
1
31
7
3
1
12
16
2
3
60
11
7
1
9
7
10
3
14
3
4
2
61
2
3
3
6
1
8
2
63
1
9
3
27
10
8
1
23
1
11
2
28
2
2
2
30
2
1
2
22
2
11
2
8
3
7
3
47
10
1
2
15
2
9
1
6
1
1
2
37
1
1
2
38
5
5
1
61
1
2
2
33
2
5
1
2
7
8
2
36
2
14
3
7
2
12
3
29
16
6
3
36
5
7
3
31
8
8
2
41
3
4
1
61
3
6
1
44
1
8
1
43
1
1
2
13
3
5
2
47
2
7
2
67
2
12
2
18
2
14
1
16
3
7
2
52
4
1
3
66
6
10
3
54
2
6
1
42
2
3
1
34
5
6
3
45
6
8
1
39
1
2
3
9
19
13
2
32
1
13
1
67
3
3
3
15
8
6
1
33
4
3
3
1
8
10
1
54
2
5
3
67
6
4
2
27
2
4
2
11
2
13
3
8
9
12
1
4
2
3
3
23
16
3
3
28
5
10
2
45
3
12
3
39
5
7
1
39
4
7
3
42
3
14
2
37
2
7
3
26
7
13
1
18
8
10
3
12
6
7
2
3
1
6
2
8
2
6
1
66
2
6
3
17
16
4
3
66
9
12
1
2
3
2
3
71
3
12
1
14
21
11
1
66
3
13
2
54
2
11
3
9
30
13
2
49
2
10
2
25
2
11
3
11
26
3
3
40
6
12
2
55
2
6
3
43
6
4
3
53
1
2
3
55
3
13
1
17
11
4
3
23
13
6
3
52
13
9
2
34
1
2
2
25
3
6
2
66
2
9
3
49
7
12
1
14
17
2
3
4
5
9
3
42
1
3
2
60
1
11
1
65
2
9
3
36
11
5
3
15
14
3
3
22
2
1
3
37
1
7
1
8
11
8
1
25
1
8
1
40
3
6
2
42
3
2
1
15
4
2
1
10
4
10
2
61
1
1
2
36
1
2
1
30
15
12
3
12
2
5
1
28
2
2
3
55
1
4
1
52
3
9
1
37
1
7
2
23
3
4
3
25
4
7
2
40
2
2
3
7
5
7
2
13
1
3
2
14
1
5
2
18
4
11
2
35
2
10
1
52
2
13
2
43
4
7
2
29
1
10
2
66
1
7
1
34
8
10
3
26
10
13
3
38
10
5
1
27
3
1
3
52
4
7
3
47
4
9
3
65
3
10
3
10
16
9
2
40
4
3
2
5
3
1
2
43
5
9
2
7
3
6
1
4
5
1
2
7
1
1
2
2
1
12
3
14
17
2
2
6
3
12
2
33
3
10
2
47
1
13
3
34
2
3
1
30
1
6
2
17
3
8
2
16
1
10
1
41
3
1
2
60
3
5
2
26
3
6
1
67
2
6
3
40
5
13
3
18
12
9
2
44
2
12
1
60
2
6
3
17
17
12
3
8
11
3
3
68
1
9
3
22
11
2
2
45
4
1
3
3
2
13
1
53
2
1
3
61
2
12
2
68
2
14
1
11
11
12
2
22
3
3
2
65
4
6
3
60
26
12
2
49
4
4
1
54
3
6
2
3
3
13
2
5
1
9
3
16
3
2
1
16
5
4
1
53
1
12
3
6
3
8
2
9
1
6
1
55
2
13
1
6
2
10
3
31
29
11
2
65
1
3
3
45
2
10
1
36
3
14
3
32
8
10
3
29
9
13
3
63
5
9
1
17
14
14
1
38
1
12
2
10
2
9
2
15
1
12
2
12
3
1
1
63
1
4
3
71
1
11
1
31
2
9
3
1
6
3
2
31
3
3
2
41
4
5
2
54
1
14
2
2
2
6
1
35
2
5
