2
15
3
2
1
4
1
14
2
30
1
12
1
47
3
6
3
15
10
14
3
22
6
14
2
22
3
10
1
44
2
14
3
34
8
4
2
27
1
5
1
65
2
9
3
31
28
11
2
23
1
13
2
6
2
1
2
40
4
14
2
16
2
2
2
26
1
10
1
67
3
14
3
14
23
7
3
9
11
5
1
6
2
13
2
11
1
3
2
9
2
5
3
29
6
6
1
10
8
4
2
26
3
10
3
5
4
7
3
5
2
13
3
38
1
6
1
17
8
7
3
35
4
12
1
16
3
11
2
38
5
4
2
68
1
9
2
55
2
2
3
16
1
6
2
37
1
14
1
18
9
12
2
47
4
5
2
42
3
11
1
30
15
1
3
66
7
4
3
60
12
6
2
68
2
13
1
53
1
10
1
37
2
6
1
39
3
6
2
39
4
12
3
29
19
10
2
1
1
13
1
11
11
4
1
42
1
11
3
30
27
1
1
7
7
1
2
43
2
9
3
18
25
6
2
65
2
2
1
61
1
7
1
36
2
4
1
42
2
3
1
16
7
5
3
3
3
13
3
41
2
5
2
32
4
1
2
66
2
14
3
25
8
14
2
35
3
1
1
26
3
10
1
13
7
14
2
18
4
11
1
60
1
3
2
13
3
5
1
12
4
14
1
52
2
5
2
14
3
7
2
34
3
9
2
35
1
3
1
5
1
2
3
43
5
10
2
5
2
14
3
28
4
6
3
32
8
11
2
6
1
5
2
60
2
13
2
25
3
8
3
39
5
7
2
37
4
6
1
13
2
11
3
6
5
11
3
10
5
14
1
65
1
10
2
67
1
3
3
45
1
6
1
15
1
7
2
71
2
2
2
40
1
14
2
49
3
5
2
18
1
10
2
2
2
5
2
3
2
11
3
63
11
3
2
34
2
11
3
26
9
12
1
32
7
12
1
40
1
4
2
61
3
2
2
11
3
8
1
38
1
2
3
33
6
4
1
8
6
10
3
34
3
7
3
47
9
9
2
5
3
3
1
34
8
6
3
27
8
3
3
23
10
8
1
43
1
14
3
18
13
10
3
52
8
3
1
34
5
9
3
2
2
1
2
52
4
4
3
13
4
7
3
39
8
13
3
8
11
14
3
44
10
4
2
22
1
10
3
55
13
13
3
71
2
10
3
4
20
3
2
23
2
13
1
44
1
8
1
55
1
8
3
31
11
14
3
68
6
11
1
14
7
11
1
29
2
5
1
25
1
5
1
31
14
5
2
17
2
7
2
8
1
10
3
33
9
2
2
53
3
8
1
35
1
2
1
63
2
7
2
55
1
14
1
3
9
2
2
45
4
3
2
45
2
4
2
15
1
13
1
26
2
3
1
2
6
5
1
49
1
14
1
10
7
12
3
11
19
11
1
12
14
1
3
60
3
10
1
25
3
9
1
8
10
7
1
66
1
4
3
9
28
7
1
1
3
3
3
25
2
11
1
54
1
10
2
25
1
3
3
11
17
5
1
31
4
11
3
8
5
10
3
61
9
10
2
27
3
6
3
42
2
8
2
4
1
1
3
12
4
14
1
47
1
7
3
65
10
7
1
67
1
4
1
11
8
2
2
63
2
4
1
15
3
9
2
17
3
13
1
28
1
10
2
65
3
14
2
2
3
13
3
53
5
1
1
6
1
4
2
66
1
9
1
23
2
12
3
42
1
2
2
14
1
2
3
65
20
7
1
5
2
13
3
12
6
14
3
47
8
7
2
12
3
13
3
49
2
5
1
38
2
8
2
32
3
12
1
4
4
14
2
36
2
8
1
60
2
14
1
45
2
4
3
67
5
13
1
32
6
14
3
16
6
5
3
40
2
6
2
33
1
10
3
3
2
13
2
31
1
2
2
10
2
4
3
44
2
4
3
13
3
3
1
68
1
9
3
36
1
11
2
4
2
10
1
43
3
3
1
29
3
7
3
7
1
5
2
61
2
8
1
9
5
12
1
36
1
8
2
63
1
9
1
18
14
12
3
30
12
1
2
28
1
11
1
49
2
12
3
23
17
9
3
7
3
9
1
1
1
1
3
52
4
12
2
41
2
11
2
60
1
1
1
17
5
5
1
33
5
6
1
71
2
14
1
71
1
11
2
47
3
3
1
39
2
7
1
52
1
4
3
61
2
3
3
38
11
9
2
49
4
9
1
37
1
5
3
67
33
12
1
61
2
6
3
32
2
12
3
37
11
14
2
53
1
13
3
49
6
12
1
22
3
1
2
7
2
7
2
54
1
12
3
40
1
7
2
36
5
6
3
54
2
6
1
33
4
4
1
66
3
1
3
54
1
12
2
30
3
4
1
22
1
9
3
4
19
13
3
35
3
13
1
35
2
14
2
43
4
10
3
26
5
14
3
10
3
5
2
13
1
12
2
71
3
8
2
8
3
5
1
7
6
9
3
2
1
14
2
54
2
9
3
63
12
3
2
12
1
11
1
55
2
11
2
39
1
8
3
37
4
7
2
16
3
14
3
17
7
9
1
27
2
5
1
41
1
9
1
68
2
8
3
27
1
2
2
67
2
9
2
29
3
9
3
28
8
1
2
44
2
1
2
31
3
6
2
33
3
10
2
44
1
9
1
41
3
8
1
63
1
3
3
17
3
1
3
14
13
7
3
6
3
1
1
27
1
11
1
2
5
14
3
43
1
12
3
68
9
1
2
52
1
9
1
28
3
14
2
28
2
10
3
1
1
13
3
66
2
9
2
1
2
8
2
10
1
13
3
1
8
12
3
41
4
12
1
9
3
1
3
15
16
14
1
30
12
10
1
3
11
2
3
45
7
10
1
53
2
6
1
14
18
1
2
42
1
14
3
22
10
14
2
7
1
6
2
41
5
12
3
71
4
7
1
40
3
13
3
36
4
14
2
3
1
11
2
29
1
11
3
53
7
2
1
23
3
1
2
9
1
2
1
45
1
13
3
55
3
8
1
54
3
3
2
38
4
4
