3
5
2
11
2
4
3
10
1
37
2
9
1
30
5
7
2
30
3
6
1
6
2
4
2
45
1
11
1
43
1
9
3
36
11
9
2
1
3
6
2
53
2
3
3
15
17
14
3
30
4
12
2
3
2
9
3
2
7
8
1
47
2
6
3
23
14
7
3
17
14
10
2
32
4
2
1
33
1
7
1
36
3
4
3
13
2
2
2
16
3
12
2
61
1
1
3
9
23
14
3
42
2
3
1
65
2
5
2
63
1
5
1
14
20
8
2
8
3
10
2
67
1
5
3
38
10
8
1
25
3
5
1
32
1
2
1
26
1
7
1
18
7
11
1
49
2
4
2
63
3
3
1
44
1
12
2
7
3
6
1
25
2
5
2
61
3
12
3
23
11
5
2
71
3
13
1
65
1
13
3
32
4
7
1
44
4
1
1
14
16
10
1
36
1
14
2
12
2
5
1
52
2
12
1
31
15
10
1
31
7
5
2
66
3
5
1
60
2
4
3
14
5
12
2
17
3
10
2
12
1
10
1
54
2
2
3
11
8
8
1
45
2
3
3
31
27
4
1
37
1
13
3
6
1
12
3
14
4
9
1
17
13
13
1
39
1
1
2
36
3
5
3
5
1
2
1
61
1
9
3
47
3
10
2
37
1
7
2
40
2
12
2
15
3
14
2
25
3
13
3
16
3
14
2
53
1
9
2
38
4
9
3
33
19
5
1
32
6
14
3
60
26
14
1
1
3
13
1
16
4
7
2
13
2
11
1
34
7
13
2
42
2
10
2
55
2
8
2
49
4
8
3
27
13
13
3
29
11
3
3
53
6
12
2
11
3
5
3
11
17
5
3
18
20
10
2
60
2
3
3
65
9
14
3
27
9
1
1
7
4
14
2
2
1
6
1
40
3
10
3
17
5
11
3
1
9
11
3
9
31
7
3
28
12
4
3
36
3
2
3
22
12
12
1
6
1
6
3
34
11
4
1
4
3
6
2
16
1
12
1
15
2
7
3
26
3
2
2
14
1
13
2
17
2
4
1
63
1
10
2
22
3
1
3
10
21
3
1
15
5
8
1
68
1
2
2
36
1
2
3
7
3
6
1
22
1
3
2
9
2
1
2
10
1
5
1
47
1
12
1
12
7
14
2
44
5
1
3
30
2
6
1
2
2
14
3
63
5
3
2
28
2
8
3
49
5
7
3
53
4
8
2
52
4
11
3
8
10
14
1
23
1
3
2
66
2
11
2
34
1
9
1
39
3
2
1
17
7
1
1
35
1
14
3
45
3
4
1
10
5
8
1
16
1
7
2
8
2
6
3
52
16
13
1
55
2
11
2
27
2
4
2
13
3
6
2
26
2
3
1
54
3
8
3
37
9
12
1
71
1
10
2
60
4
11
3
40
3
2
3
61
4
3
2
33
1
4
2
11
1
6
1
63
2
2
2
6
3
14
3
45
1
13
3
39
4
3
3
42
4
7
2
44
1
4
2
22
1
4
3
38
12
2
3
15
3
7
1
12
16
3
2
3
1
3
3
44
1
14
2
4
2
9
3
71
2
3
1
27
2
12
3
10
12
11
3
52
11
5
1
8
14
11
1
53
2
5
1
61
2
5
2
5
2
8
2
65
4
3
3
65
19
5
1
28
1
8
2
35
2
6
1
41
1
6
1
43
3
10
1
67
2
14
3
4
7
11
1
11
11
13
3
39
7
2
1
66
2
3
3
63
8
10
1
9
8
11
2
32
1
12
1
13
5
10
3
12
2
2
3
43
6
1
1
10
8
14
1
3
3
14
2
31
1
8
2
42
4
1
1
28
2
10
2
18
3
5
3
3
10
8
3
29
9
5
2
47
3
4
3
32
2
4
2
15
2
10
3
55
1
10
2
33
3
11
3
13
4
2
3
54
2
13
1
33
6
12
2
14
2
8
3
2
3
12
3
60
6
11
1
8
2
5
3
49
1
13
1
60
1
6
2
5
1
8
2
31
3
9
3
12
1
6
3
41
1
2
1
11
6
12
1
7
6
3
3
67
2
7
2
18
4
8
2
6
2
7
2
28
1
5
2
55
1
5
3
25
9
12
3
55
7
12
2
41
2
10
1
5
1
5
3
34
5
11
1
71
2
8
1
40
2
9
1
13
7
4
1
67
3
5
2
29
1
13
1
55
1
4
1
42
1
1
1
3
4
5
3
4
20
4
1
9
4
10
3
44
3
2
1
29
3
5
2
23
2
2
3
54
1
8
3
40
2
11
2
2
3
4
2
39
1
1
2
41
1
5
1
34
8
7
2
26
3
12
2
43
5
4
2
23
3
12
2
47
1
11
3
26
8
5
1
35
4
11
3
16
6
7
1
38
1
1
1
66
1
13
3
67
15
3
3
33
20
5
1
38
3
13
1
49
1
12
3
3
1
7
2
25
2
10
3
8
7
14
1
45
1
4
2
30
5
7
3
22
8
6
3
31
17
1
1
18
12
8
2
43
3
10
2
37
2
10
3
35
5
7
1
27
3
6
1
26
3
9
3
66
3
3
1
5
2
2
1
4
8
6
3
35
1
7
1
23
2
13
2
65
2
10
2
29
3
8
2
40
1
10
1
29
1
6
2
10
2
2
3
47
2
11
3
68
5
13
2
39
4
13
3
28
1
9
1
22
3
2
3
7
1
1
2
1
1
14
3
71
5
14
1
52
1
9
1
68
3
14
3
43
5
10
1
53
1
6
2
67
2
2
3
1
8
12
3
25
6
2
2
71
2
4
2
68
1
8
3
41
3
8
2
54
1
2
1
2
3
6
3
37
6
9
3
6
3
2
3
68
15
14
2
27
3
13
2
35
3
10
1
42
2
10
2
45
2
3
1
41
2
14
3
61
2
2
2
34
2
7
3
66
6
1
2
49
1
3
2
7
2
6
2
54
2
10
1
30
11
10
2
38
5
5
2
68
4
10
2
52
7
12
1
1
1
13
3
18
16
6
2
9
1
2
