3
10
3
11
2
2
3
13
1
32
5
12
2
26
2
5
1
12
8
3
1
54
3
2
3
37
8
8
3
41
4
11
3
53
5
1
3
35
6
10
3
3
2
14
1
13
4
9
1
39
4
11
2
15
3
14
2
30
2
4
1
1
1
9
1
3
1
6
2
31
2
2
1
39
2
5
1
8
15
3
2
47
1
5
1
2
1
5
3
40
6
5
2
49
4
8
3
30
12
10
1
54
2
14
2
6
2
10
3
34
1
12
3
29
16
11
1
49
2
4
3
43
3
14
1
43
1
10
1
29
2
13
2
10
1
14
3
32
3
5
2
5
1
11
1
45
1
10
2
6
1
4
1
43
3
3
1
5
2
2
1
35
4
12
2
30
3
5
3
60
12
6
2
17
3
10
3
33
18
5
1
61
2
8
1
38
3
10
2
45
3
5
2
55
2
6
2
52
5
7
2
53
3
13
2
60
4
7
3
22
5
2
3
27
16
7
3
4
2
5
3
66
4
14
1
25
3
4
1
17
10
6
2
53
1
14
2
45
2
11
2
54
1
14
3
63
9
7
2
17
1
5
3
7
2
8
1
42
2
1
2
7
2
14
1
41
3
4
3
8
7
4
3
65
3
6
3
13
1
5
2
14
1
1
2
71
3
9
3
30
11
8
2
5
3
2
1
67
1
7
2
35
3
11
1
60
2
4
2
28
1
3
3
18
9
14
2
8
1
8
3
35
8
6
3
28
1
12
3
68
12
7
2
16
1
6
2
60
1
2
3
32
9
4
1
26
3
6
1
8
8
2
3
28
15
14
2
22
3
8
3
27
7
5
2
18
4
14
3
34
2
7
3
39
2
3
1
44
4
8
3
63
5
13
2
68
3
13
3
7
4
5
2
67
2
14
1
71
2
4
3
5
1
1
1
23
1
13
2
29
3
5
3
14
11
11
2
41
3
3
3
44
5
2
2
36
3
12
1
52
1
12
1
40
3
8
1
31
11
14
1
6
1
4
2
61
1
7
1
60
1
4
3
6
5
3
2
12
3
9
2
31
1
14
2
42
4
11
2
14
2
1
1
68
3
5
1
16
7
7
1
25
1
4
3
1
1
6
2
27
1
10
1
47
2
8
1
15
5
6
3
17
10
1
2
32
2
13
3
39
4
4
1
66
3
14
1
16
2
12
2
4
1
11
1
3
11
8
3
52
7
13
3
71
3
7
2
44
5
1
3
26
12
5
1
12
11
10
2
10
3
8
2
29
1
6
2
11
3
10
2
49
3
2
3
23
9
8
2
13
1
1
1
15
3
3
1
31
10
2
2
22
2
5
3
11
9
11
1
11
2
6
3
67
36
7
3
6
4
9
3
4
15
14
3
67
22
2
1
4
8
13
3
45
5
11
2
63
1
6
2
9
2
4
3
26
10
7
1
5
1
13
2
34
2
2
1
44
3
11
2
65
3
2
1
65
2
1
2
23
1
9
1
55
1
7
1
68
1
8
3
36
1
8
2
41
1
10
1
9
14
12
3
9
2
7
2
66
2
2
3
12
2
12
3
38
3
5
2
27
2
5
3
60
23
10
3
25
8
3
2
67
1
7
1
36
3
8
1
63
2
5
1
67
2
8
1
11
4
8
1
18
5
7
2
40
1
10
2
4
2
9
3
61
3
3
1
14
15
4
3
2
3
2
2
39
4
5
3
13
3
5
1
22
2
12
1
30
18
4
2
43
5
7
2
47
3
5
3
68
10
4
1
45
2
4
1
71
3
4
3
41
2
14
3
38
1
12
2
37
3
6
1
13
1
12
3
22
10
13
1
63
1
11
2
18
1
8
1
17
15
14
2
12
2
13
1
53
2
13
3
36
5
10
3
37
3
14
1
42
1
12
1
34
4
11
3
31
7
10
1
61
3
13
2
71
1
7
3
71
1
5
1
34
11
2
1
23
3
1
2
55
1
3
2
44
2
4
3
17
1
13
1
27
3
7
3
49
3
1
2
25
1
10
1
66
2
6
1
4
6
10
1
10
3
11
3
15
5
11
2
40
3
10
2
25
2
5
1
37
2
8
1
27
2
5
1
1
2
11
2
1
1
4
1
52
3
2
3
47
1
13
2
8
3
9
2
1
3
6
2
38
5
14
2
34
3
13
1
38
1
3
3
40
5
10
1
2
3
7
1
7
2
10
1
29
3
11
2
54
2
1
3
9
20
1
3
66
2
5
3
44
7
14
2
38
2
12
3
10
21
7
2
2
1
12
3
23
16
2
3
3
9
2
1
53
1
7
3
42
1
14
2
37
2
13
1
65
1
1
3
31
22
1
3
54
2
12
1
10
6
6
3
16
1
11
2
9
1
5
3
42
4
12
3
15
7
1
3
55
15
13
3
1
8
8
3
25
3
11
2
3
1
8
2
23
2
14
2
52
7
8
1
14
3
6
1
36
2
10
3
18
3
8
3
65
18
12
2
13
2
5
2
43
4
5
3
33
3
9
3
29
7
2
3
45
7
8
2
26
4
12
2
28
2
2
2
42
3
7
1
30
16
4
1
40
1
3
3
11
26
8
1
35
2
4
2
61
3
1
1
37
1
1
1
9
9
4
3
43
8
9
1
22
1
11
1
55
2
10
1
49
1
12
3
61
10
3
1
41
2
9
3
55
1
6
1
47
1
14
1
32
4
3
3
8
17
11
3
16
7
14
3
52
13
2
2
15
1
2
3
49
2
6
1
28
3
9
2
11
2
11
2
32
4
7
2
63
2
10
1
33
5
3
3
53
4
6
2
33
2
10
2
68
2
2
2
39
3
13
2
36
5
11
2
66
3
11
3
14
3
12
1
26
1
4
1
6
2
3
2
3
3
1
3
2
6
5
3
47
5
2
2
16
3
6
1
7
7
10
3
5
2
10
1
28
2
6
2
7
1
5
2
35
1
10
2
33
3
12
1
18
2
13
3
12
5
3
3
54
1
6
1
33
3
5
2
65
4
14
