3
7
5
10
2
44
5
3
1
31
18
4
2
37
3
6
1
66
3
6
1
67
3
14
2
34
3
13
1
63
2
11
2
2
2
7
3
12
4
1
3
17
14
2
3
34
5
11
3
2
9
9
1
17
5
14
2
36
2
5
1
10
5
9
2
16
2
9
3
26
3
3
1
35
2
7
2
53
1
14
2
67
2
1
2
22
3
1
3
71
3
12
1
18
2
5
2
42
3
14
3
40
5
14
3
61
5
3
1
23
2
8
1
35
3
7
2
13
2
2
2
30
2
14
1
25
3
1
3
14
16
14
1
8
8
7
2
12
2
2
2
47
3
2
1
44
1
1
1
16
3
9
2
9
3
10
2
26
1
5
1
54
3
14
2
40
3
7
1
5
2
11
3
3
10
6
3
33
16
14
1
7
1
11
2
25
1
11
2
4
2
1
2
7
3
7
1
53
1
12
3
60
20
6
3
39
6
2
3
35
2
4
1
38
3
5
3
67
38
7
1
41
1
6
3
29
18
2
1
4
1
9
3
16
8
1
1
60
2
7
1
33
6
3
2
23
3
9
2
18
4
10
3
40
3
6
1
6
2
11
3
38
11
12
1
11
10
6
2
45
3
3
1
12
6
6
1
27
1
6
2
17
1
8
1
53
2
2
3
26
1
3
3
55
16
8
3
18
6
14
2
16
3
5
3
29
7
5
3
65
1
4
1
54
2
5
3
30
2
10
3
41
3
1
3
18
24
9
3
43
6
1
3
6
1
14
3
41
2
13
2
60
1
1
2
14
1
10
2
4
3
10
1
8
10
6
2
10
1
8
3
23
2
8
2
55
3
4
2
5
1
14
1
13
4
9
1
61
1
9
1
38
1
10
1
60
1
6
3
42
2
1
1
14
7
12
3
10
26
5
3
31
8
13
1
12
4
1
2
27
3
6
1
15
1
9
1
5
1
9
2
52
1
3
3
25
4
14
3
66
1
4
2
42
1
12
1
39
4
14
3
25
5
6
1
9
10
6
2
11
3
7
2
43
3
14
2
40
4
14
1
39
2
13
1
15
5
10
3
44
4
8
1
63
1
4
2
12
3
7
1
2
2
13
3
6
2
13
1
47
2
8
1
68
2
5
3
47
4
4
3
47
2
11
3
55
8
1
3
71
2
10
1
40
1
12
1
28
3
4
1
2
5
11
3
2
2
5
2
7
1
14
3
53
1
10
3
44
3
13
2
28
1
10
3
15
9
11
3
13
5
12
1
6
1
14
3
9
6
12
3
36
5
7
2
41
4
2
3
45
4
14
3
30
10
1
1
22
3
6
3
53
8
10
3
5
3
12
3
68
12
14
3
42
1
4
2
9
1
3
2
1
3
6
3
4
3
8
2
15
3
12
1
43
2
14
2
67
1
3
2
52
5
5
1
32
1
9
3
22
8
14
1
29
3
4
1
26
3
1
1
28
2
4
1
16
7
13
3
66
5
10
3
34
9
2
3
68
15
5
2
5
2
8
1
1
3
6
1
30
16
7
3
9
5
10
3
35
7
2
3
11
16
11
3
27
5
9
1
49
1
3
1
71
2
6
2
38
2
12
1
1
2
2
1
47
3
9
3
60
6
3
2
28
3
1
3
38
2
2
2
61
1
2
1
31
3
10
3
37
5
7
2
17
2
9
3
12
3
6
2
45
4
4
1
61
2
13
1
55
1
2
3
5
4
2
2
37
1
8
2
38
5
8
2
63
3
14
2
33
3
10
1
4
2
1
2
54
1
11
2
6
2
6
2
3
2
10
1
32
5
14
1
25
1
2
3
32
11
5
3
43
1
7
1
9
6
4
3
28
3
14
3
23
13
3
3
16
7
10
3
27
3
7
2
35
1
10
1
37
2
7
1
34
10
6
3
63
11
1
2
36
4
9
1
27
3
1
1
65
1
14
2
8
1
12
2
29
3
2
1
26
2
8
2
3
1
10
2
35
3
10
2
34
2
4
3
15
7
10
2
49
3
2
1
36
3
9
2
32
4
10
1
41
2
1
2
26
3
7
1
49
2
13
2
1
2
13
2
8
2
7
3
3
2
1
1
55
2
12
2
29
2
4
2
61
3
4
1
10
8
1
1
7
9
14
3
1
2
10
3
14
5
6
2
71
1
5
2
10
2
5
1
66
2
4
2
49
4
10
2
22
2
2
3
13
7
8
1
3
2
6
2
30
5
5
3
65
17
13
1
23
1
7
2
68
2
5
1
13
8
1
2
25
2
4
2
31
3
9
3
1
3
9
1
45
1
8
1
67
1
11
1
36
2
3
1
3
10
9
1
71
3
6
2
33
2
6
3
36
4
3
2
60
2
14
2
18
1
13
1
34
4
2
1
22
1
5
3
61
3
12
1
11
6
6
2
39
1
10
1
17
9
11
3
54
1
3
2
63
2
7
3
49
6
1
3
11
17
6
1
37
1
9
2
55
2
13
3
49
2
8
3
54
2
12
3
52
12
1
3
37
2
13
1
42
2
9
1
40
2
8
1
29
1
9
2
44
4
2
2
71
3
11
1
43
1
4
3
67
14
8
3
28
13
11
1
68
1
4
2
66
3
5
1
42
1
2
2
32
2
13
2
15
2
12
2
41
2
9
2
43
4
11
3
39
10
12
2
31
2
5
2
65
3
3
3
8
16
4
3
45
1
5
2
47
1
8
2
14
2
1
2
65
2
10
2
11
1
7
2
53
3
14
1
65
2
1
3
17
10
2
3
8
3
3
2
54
2
9
3
10
13
6
3
22
1
1
1
18
15
3
2
39
4
4
1
52
1
2
2
13
1
5
2
66
1
11
1
52
3
7
3
63
12
5
3
52
15
2
2
2
3
4
1
14
1
8
1
44
4
1
3
33
10
12
3
4
13
13
2
68
3
5
3
7
1
8
1
33
3
7
3
31
28
9
2
27
2
1
1
45
2
12
2
6
1
3
3
32
1
14
1
30
10
4
2
23
2
12
