3
25
4
5
3
11
11
7
1
11
11
8
2
43
3
14
3
8
1
3
2
39
2
4
1
71
3
5
1
68
1
13
2
1
3
1
2
26
1
10
2
6
3
11
2
15
2
12
2
30
4
6
1
61
1
6
1
36
3
13
2
15
3
14
3
39
3
3
2
53
2
3
3
33
8
9
3
12
3
4
2
67
1
1
1
42
1
9
1
10
7
10
1
52
3
10
1
17
6
4
1
36
2
9
3
5
3
6
1
31
6
8
1
6
2
14
2
52
2
1
3
53
2
1
2
3
2
14
2
18
3
1
3
14
2
8
3
43
6
4
3
17
15
12
3
61
5
8
3
22
10
1
3
49
1
9
2
71
2
7
2
31
2
5
1
7
2
14
2
60
3
7
3
13
9
8
3
25
1
9
1
1
2
4
1
49
1
5
1
2
5
2
2
4
1
4
3
47
5
13
2
66
2
6
3
68
9
3
3
11
6
1
3
71
5
8
2
2
2
13
1
71
1
1
1
30
11
14
1
33
4
9
2
10
2
6
2
2
1
4
1
37
2
1
3
60
2
9
1
44
1
10
2
32
2
1
3
45
7
7
2
49
1
1
3
6
4
2
1
14
16
13
1
41
1
10
3
18
2
1
1
18
13
13
3
22
11
5
1
15
5
1
3
8
2
6
1
25
2
8
1
28
1
10
2
27
3
8
3
27
16
13
1
45
1
7
1
18
7
3
2
28
1
14
3
61
4
6
3
63
6
7
1
66
2
6
2
36
3
9
1
43
3
1
2
12
3
6
3
13
4
12
2
14
3
12
3
43
3
8
2
65
4
7
3
17
13
1
1
5
2
7
1
10
5
4
3
38
11
8
1
66
1
7
2
68
1
1
3
18
12
8
3
16
7
13
3
4
14
14
1
34
1
7
2
7
2
12
1
4
6
13
3
49
7
5
2
60
4
5
3
54
2
4
3
10
20
13
3
37
4
1
2
45
1
11
3
63
3
11
1
8
6
4
3
32
2
13
2
8
2
7
3
42
3
5
2
63
3
10
3
15
4
10
1
25
1
10
2
33
1
12
3
14
11
9
1
53
1
2
3
44
5
5
3
55
6
4
2
47
4
12
1
54
3
13
2
44
2
4
2
35
3
13
1
9
13
6
2
6
1
13
2
44
1
1
1
16
6
11
3
6
5
9
2
30
1
6
3
3
3
14
2
40
3
7
1
39
2
5
2
27
1
1
3
38
5
13
2
45
4
9
1
68
2
2
3
60
17
1
3
15
7
7
1
29
2
13
3
35
8
9
3
10
2
4
3
34
5
12
2
23
3
8
1
53
2
5
1
15
1
6
3
37
11
9
1
16
2
13
3
65
17
14
3
67
6
3
1
23
1
9
3
3
5
1
1
14
10
10
2
54
1
3
3
16
2
6
1
2
6
4
1
55
2
11
2
41
2
5
1
63
2
11
1
32
1
13
2
12
2
1
3
9
28
3
1
37
1
12
1
23
3
4
3
23
18
13
3
12
2
7
2
13
2
6
1
54
2
9
3
7
1
6
3
5
1
1
3
2
5
12
3
36
5
14
3
44
6
13
3
9
3
1
1
65
1
8
2
67
2
12
1
61
3
7
2
71
3
6
2
28
2
9
3
2
9
13
2
8
3
9
3
45
2
5
2
63
1
10
1
41
2
6
3
1
7
14
2
52
4
3
3
71
4
9
1
3
4
5
3
66
6
3
3
32
4
3
2
38
2
11
2
55
2
2
2
29
1
10
2
14
2
10
3
29
7
3
3
4
2
9
3
41
3
8
2
37
1
9
1
34
7
8
3
33
13
10
2
34
3
14
1
39
4
4
1
38
3
3
1
33
2
10
3
40
2
6
1
3
7
3
1
7
3
12
2
17
1
14
1
9
7
9
2
22
3
5
2
5
3
12
3
30
24
1
3
66
1
7
1
65
2
4
2
3
3
6
1
44
4
4
1
30
3
9
3
30
12
5
3
55
3
10
2
55
3
3
1
26
1
2
1
28
2
10
1
49
2
8
3
54
1
8
2
11
3
12
1
67
1
7
3
29
6
11
3
1
1
2
1
60
1
8
2
33
3
3
2
29
2
8
2
49
3
4
3
68
3
7
1
6
1
3
2
9
1
8
2
1
2
10
2
53
3
8
1
26
3
9
3
42
2
10
2
5
1
10
1
1
1
12
1
55
1
14
3
27
17
13
1
4
4
1
3
34
1
7
2
54
2
12
3
52
1
7
1
47
3
10
1
31
13
8
3
47
3
13
1
17
2
13
2
36
2
11
3
65
8
10
3
28
13
7
2
31
1
12
1
38
2
8
2
66
1
13
3
52
8
4
2
47
1
13
1
45
2
1
2
18
2
3
3
28
9
12
2
7
1
1
1
35
3
13
1
22
1
12
1
40
3
14
2
11
1
10
3
26
6
3
1
47
1
3
1
63
1
2
1
13
2
11
2
39
4
14
3
26
3
14
2
38
3
14
2
43
2
14
1
43
1
2
2
35
2
5
2
23
2
4
3
36
14
3
2
37
2
11
1
67
2
10
2
42
4
13
2
68
4
5
2
16
3
1
3
35
7
12
2
4
2
14
2
61
1
10
1
42
2
6
1
40
2
9
1
13
4
3
2
10
1
2
1
32
6
14
3
31
23
11
2
61
3
4
1
29
3
7
2
34
1
12
1
35
2
5
3
31
30
9
1
52
1
10
2
13
1
11
2
17
3
14
1
27
1
12
2
65
2
12
2
26
2
14
2
40
1
12
3
7
3
13
1
11
5
7
1
22
3
3
2
9
2
4
1
27
3
14
3
53
4
6
2
25
1
11
3
40
4
1
2
32
4
10
1
12
17
10
2
25
3
13
2
42
1
14
2
22
1
12
1
8
8
9
1
12
1
14
1
60
2
1
3
39
1
13
3
67
26
5
1
5
1
10
3
23
8
13
2
41
3
6
3
41
1
2
2
16
2
3
