3
2
5
6
1
18
10
9
3
7
5
11
1
5
1
10
2
14
2
5
3
11
12
10
1
44
4
1
2
13
1
9
3
1
9
7
2
8
3
4
3
41
4
13
1
47
2
3
1
6
2
1
2
61
2
7
2
29
2
9
2
34
1
13
2
43
3
6
1
55
1
10
3
67
31
2
1
5
2
2
3
17
1
14
3
5
1
7
1
32
2
12
1
43
2
12
1
37
2
8
3
14
25
2
2
42
4
7
1
22
3
12
3
52
18
13
1
67
1
9
2
3
1
5
3
30
25
2
3
22
9
1
3
31
30
8
1
71
3
9
2
11
3
8
2
15
3
14
2
3
2
1
2
30
1
13
3
1
2
8
1
29
2
14
1
12
7
10
1
11
11
5
2
67
1
6
3
9
12
6
3
15
13
1
2
71
3
9
3
10
10
3
3
35
5
8
1
60
2
1
1
68
2
7
1
36
1
1
1
8
14
9
3
68
2
13
2
61
3
5
1
36
3
2
2
2
3
6
2
53
2
13
2
39
3
14
3
38
6
13
1
67
3
14
1
49
1
12
2
8
1
9
3
36
9
9
2
28
2
4
1
14
19
1
1
41
2
2
3
16
8
8
2
27
2
2
2
66
2
1
2
39
4
7
1
31
14
7
2
4
2
3
1
26
1
4
3
29
1
9
3
28
1
7
2
67
2
2
3
44
7
6
2
9
3
2
3
9
22
12
1
39
4
5
2
63
1
9
2
9
2
13
2
7
2
2
3
63
8
6
3
43
4
7
3
8
17
14
3
71
4
1
2
52
1
1
3
49
7
2
3
35
8
7
2
54
1
11
3
32
12
1
1
54
2
2
1
17
1
8
2
55
3
13
2
45
3
1
1
34
8
7
1
45
1
4
2
32
4
1
3
45
5
13
3
30
10
6
3
65
21
14
1
71
2
7
2
10
3
8
3
3
8
13
3
25
7
11
2
32
2
6
3
43
8
8
1
33
3
14
3
55
8
12
3
39
6
3
1
52
2
4
1
47
1
8
3
42
2
13
1
61
2
13
3
17
3
7
3
40
2
11
1
17
16
3
3
23
7
8
3
67
22
11
1
25
2
2
2
6
3
12
3
61
5
1
2
10
2
2
3
39
1
7
1
6
1
7
1
11
4
14
2
45
2
11
2
1
2
13
3
31
24
12
3
27
11
12
2
28
3
6
1
26
3
13
2
25
2
6
1
65
1
9
2
22
1
2
3
12
7
14
3
14
12
3
3
22
8
4
3
7
3
5
2
12
3
3
1
63
1
10
2
26
4
3
1
10
5
12
3
16
1
4
1
2
5
8
1
45
2
7
1
28
3
6
2
6
2
7
3
38
11
2
3
47
9
12
1
3
1
4
2
7
1
2
2
2
2
6
2
18
1
1
1
66
3
3
3
32
9
11
2
49
4
3
1
18
4
11
2
26
3
12
2
43
4
7
1
44
3
11
1
23
1
1
2
17
2
14
2
13
2
14
2
41
2
7
1
38
2
8
3
11
22
1
3
68
11
1
3
66
2
7
1
16
4
6
2
47
1
14
1
32
1
1
3
52
3
11
3
36
14
14
1
65
2
6
2
55
2
4
3
18
21
9
1
35
1
4
2
22
2
10
3
63
11
1
2
31
2
11
2
12
2
5
2
17
1
8
2
16
2
8
2
40
3
4
1
35
4
5
2
44
3
13
3
10
11
10
3
61
10
5
1
41
3
2
1
14
5
3
3
37
6
6
2
42
1
5
1
8
3
12
3
45
3
9
3
65
8
10
1
9
13
14
3
40
6
2
1
42
2
9
1
55
2
4
2
31
5
1
1
16
3
6
2
66
3
4
1
52
3
2
2
38
1
1
1
61
3
6
2
5
2
10
1
49
2
13
1
1
3
10
1
43
1
11
1
37
1
3
3
6
6
14
2
60
2
2
1
63
2
12
3
15
6
12
2
36
1
6
2
5
3
4
2
33
1
11
1
15
3
6
1
10
4
13
3
26
8
8
3
41
1
8
2
68
3
4
2
30
4
9
2
33
3
11
1
42
1
7
2
65
1
4
2
71
2
5
3
71
5
5
2
23
1
1
1
27
2
7
3
54
1
4
3
60
26
9
3
54
2
2
1
33
6
5
3
55
10
12
1
29
3
2
2
41
1
14
1
66
1
13
2
4
3
3
2
27
1
7
3
44
2
4
3
47
1
10
1
4
8
6
2
35
1
5
1
53
2
9
1
23
2
12
3
53
1
9
3
42
3
7
1
15
4
1
3
29
17
7
1
9
4
13
2
54
2
6
1
7
2
6
1
68
1
1
2
34
2
12
2
36
4
9
2
47
3
5
1
39
1
11
3
34
11
3
1
1
1
2
3
2
12
7
2
44
4
8
3
8
1
14
2
40
1
7
3
25
5
3
1
28
2
11
2
38
4
11
1
54
1
14
3
33
15
2
3
27
10
6
2
25
3
8
3
23
12
11
3
3
3
7
2
14
3
10
3
4
16
6
1
60
1
8
2
52
6
11
2
63
3
7
1
53
1
14
3
12
4
2
2
49
2
3
2
53
3
6
1
30
19
10
2
1
1
9
2
37
4
10
3
26
7
7
2
29
3
2
3
13
8
7
1
31
3
7
1
4
2
3
1
12
13
10
2
65
2
9
1
25
1
8
2
60
1
4
1
13
4
12
3
37
9
2
3
18
19
10
1
13
2
5
1
34
10
3
3
53
7
12
1
40
1
14
1
3
4
2
3
34
3
3
3
66
1
4
3
49
1
5
1
2
4
14
1
7
7
6
1
22
1
13
3
60
30
2
1
27
3
2
3
33
2
1
2
11
1
14
2
18
4
4
1
40
2
11
2
35
2
9
2
68
4
7
3
5
2
10
3
28
9
3
2
15
2
2
2
37
2
5
3
4
9
8
3
13
6
13
2
16
1
3
1
30
17
14
2
23
3
7
3
6
3
8
1
38
3
1
