3
22
12
6
2
8
3
14
2
43
5
14
1
65
2
1
3
23
6
7
2
42
4
12
3
4
7
11
3
28
12
8
1
17
6
12
3
38
12
4
3
8
16
1
2
1
2
9
3
7
1
8
3
10
21
3
1
68
1
4
2
17
1
3
1
4
8
9
2
66
2
2
1
40
1
14
1
8
11
5
1
36
3
7
3
60
19
10
3
31
10
6
2
38
2
12
1
27
1
12
1
32
6
5
3
49
6
2
3
9
27
2
2
49
4
12
1
68
2
5
3
25
7
2
3
17
12
11
2
41
4
7
2
13
1
3
1
3
2
12
2
37
1
13
2
55
1
13
2
30
2
2
2
15
2
7
3
71
4
12
1
7
3
13
2
23
1
13
3
10
9
3
1
11
3
4
1
13
4
13
2
5
2
13
2
52
6
4
1
37
2
14
1
54
2
14
1
12
2
14
3
36
7
1
3
52
4
9
3
14
18
10
2
22
1
12
3
55
3
6
2
40
2
12
2
15
3
1
1
71
3
2
3
11
12
6
3
71
1
10
1
49
2
7
3
52
10
7
3
35
2
9
3
55
17
5
1
71
2
8
1
5
1
2
1
43
3
10
2
1
3
1
1
52
3
5
3
28
8
6
3
5
1
1
1
38
2
8
1
25
2
9
2
14
3
2
3
43
5
10
1
1
1
8
2
71
3
2
3
39
2
8
1
7
10
10
3
41
3
6
2
54
2
12
3
45
7
12
1
34
6
1
1
65
1
1
1
29
2
13
3
26
10
8
2
34
1
13
3
53
8
2
2
61
2
8
2
9
3
4
1
55
1
2
2
26
1
6
3
22
3
2
2
41
5
2
3
8
9
7
3
44
4
1
1
14
6
10
1
15
1
6
3
33
13
5
3
6
6
1
2
23
3
7
2
5
1
7
1
43
1
3
3
41
1
1
1
6
1
10
3
67
10
4
1
12
5
2
3
30
7
5
2
10
1
9
3
25
5
1
2
17
2
1
2
67
1
11
1
18
2
14
2
60
1
5
2
36
3
9
3
30
24
6
1
54
3
1
2
10
2
14
3
47
7
3
1
2
1
9
3
45
4
11
2
66
1
13
3
42
4
7
2
4
3
11
3
4
2
10
2
39
2
14
3
61
8
9
3
43
6
5
3
32
9
1
2
7
1
1
1
30
4
5
1
66
2
8
3
27
2
7
3
15
16
7
2
18
3
4
1
34
10
12
1
60
1
7
3
61
6
1
2
29
2
6
2
8
1
5
2
25
1
7
2
25
2
10
2
2
1
10
1
9
4
1
2
43
3
9
3
17
17
7
2
38
3
1
3
67
15
11
2
3
1
1
3
26
9
13
1
61
1
7
2
2
3
3
1
28
1
14
1
5
2
14
1
15
4
3
3
40
2
13
3
37
4
6
2
44
4
2
2
31
4
12
2
65
1
4
3
60
14
9
3
15
4
11
1
25
3
12
1
49
1
8
2
68
1
3
3
66
2
8
1
39
1
6
2
4
2
7
3
38
10
4
1
41
1
6
3
1
2
8
1
31
5
12
3
16
2
10
3
49
5
11
3
65
7
14
3
37
1
7
1
16
1
12
1
63
2
7
1
22
1
11
2
12
1
10
3
33
12
12
2
14
2
4
1
32
4
10
3
34
2
1
1
30
17
14
2
32
3
11
2
40
1
11
1
45
1
5
2
35
3
10
1
47
2
2
1
23
2
13
2
27
2
10
2
29
3
7
3
31
11
4
1
9
12
5
2
31
2
5
1
35
1
14
3
54
2
13
3
27
3
6
1
45
2
14
3
14
19
7
3
2
12
14
1
52
2
1
2
30
3
14
1
29
1
11
2
63
2
6
2
26
2
9
3
63
12
7
2
22
2
12
3
9
32
8
1
17
14
13
2
52
2
6
3
68
2
8
2
45
1
12
2
7
2
5
1
42
1
6
1
10
3
5
1
63
1
4
3
5
4
3
1
3
8
9
2
63
1
4
3
34
9
4
3
3
2
12
3
44
1
9
2
3
2
6
2
71
1
2
3
65
4
3
1
67
1
14
2
28
2
3
2
28
3
11
1
31
18
3
2
68
3
8
3
42
2
10
2
6
3
5
1
22
2
10
3
12
7
7
3
54
1
7
1
38
1
5
1
23
3
1
2
16
3
11
1
47
1
6
1
44
4
1
1
10
6
12
1
33
3
7
2
45
4
2
2
33
2
14
2
53
2
10
3
40
4
10
2
6
2
10
3
7
3
1
3
53
7
8
2
33
3
4
2
39
1
8
2
35
2
8
3
29
9
3
1
61
2
3
1
11
8
1
3
11
17
4
1
53
2
2
2
11
1
14
2
9
2
11
3
66
3
8
1
44
2
13
1
18
11
5
2
13
3
1
1
13
9
13
1
53
1
4
2
60
2
11
2
36
5
14
2
18
2
11
2
54
1
6
1
26
1
14
1
55
2
8
2
27
1
13
1
33
4
1
1
8
4
14
3
18
10
5
1
26
2
9
3
13
7
10
1
42
2
5
2
67
2
10
2
47
2
7
3
1
3
12
2
61
1
10
2
49
2
10
3
68
4
8
2
44
5
4
1
4
2
12
1
27
2
4
1
67
2
1
2
55
3
7
2
11
2
12
3
29
12
5
3
3
5
10
2
34
3
12
3
12
2
7
3
63
5
14
1
16
3
1
1
14
7
8
2
12
3
1
1
37
1
1
3
35
4
3
1
66
3
11
2
53
1
6
2
42
1
5
2
32
4
13
1
2
2
11
1
60
2
2
3
16
3
8
1
1
2
7
1
6
2
3
3
18
13
14
2
65
3
5
1
41
3
10
1
40
2
4
3
36
10
10
1
28
2
4
1
35
2
11
2
37
2
5
2
47
1
7
1
36
2
2
1
39
2
7
2
16
1
10
3
2
5
4
3
6
1
13
3
13
3
7
3
47
1
4
3
39
3
13
3
32
10
2
3
23
10
12
