3
42
2
11
3
32
10
5
1
54
1
8
3
34
10
12
3
71
2
11
1
40
3
7
2
44
4
9
1
39
2
6
2
9
1
3
2
17
1
11
2
5
2
9
1
31
3
8
2
6
3
9
1
71
1
3
1
25
1
8
2
29
1
6
1
52
1
1
2
55
2
8
1
66
1
5
1
6
1
5
1
26
1
10
1
5
2
4
2
4
1
12
2
10
1
8
1
55
2
6
3
65
17
3
1
44
2
14
1
68
3
4
2
33
1
6
2
44
2
10
1
14
14
12
3
2
7
13
2
67
2
3
3
54
1
2
2
7
2
3
3
44
10
3
3
49
5
8
1
15
5
7
1
27
3
13
3
40
2
9
1
30
12
4
3
30
14
7
1
12
13
11
1
60
2
13
2
28
1
4
1
3
9
6
2
61
2
14
1
30
5
9
3
17
12
13
2
39
4
5
3
10
6
2
3
7
2
2
1
15
2
9
3
71
1
11
2
15
1
10
2
30
2
14
2
32
4
10
2
8
2
3
1
26
3
8
2
3
1
14
3
7
3
7
3
47
4
2
3
2
12
11
3
5
5
11
2
14
1
3
1
67
2
13
3
9
28
10
1
41
3
3
2
27
1
11
1
10
4
12
3
45
5
12
1
7
10
3
3
68
6
13
2
34
2
4
1
42
2
3
3
15
8
10
1
44
1
6
2
18
3
11
3
41
2
5
1
63
2
6
1
47
3
12
1
36
1
6
1
53
2
10
2
54
1
13
1
49
2
8
3
37
9
14
2
22
1
4
2
36
1
6
1
4
3
14
1
16
6
9
1
55
1
2
2
14
3
3
3
11
8
9
3
26
2
9
2
42
3
3
1
1
2
9
2
37
2
10
2
34
1
11
3
34
4
2
1
47
1
6
2
23
2
6
1
67
1
3
2
33
3
1
3
22
1
9
3
16
3
14
1
1
1
9
2
27
2
2
1
49
1
7
3
15
14
8
2
25
3
6
3
52
5
1
3
29
6
3
3
47
6
11
2
1
1
7
3
23
14
8
3
13
2
1
1
32
2
11
3
43
4
6
1
29
2
2
2
10
2
4
2
11
2
8
2
53
3
8
1
37
2
1
2
37
3
5
1
22
1
6
3
33
15
1
2
41
5
10
3
63
5
11
2
53
1
10
2
26
1
13
1
32
7
13
1
42
1
1
1
11
7
3
2
47
4
2
3
23
15
7
3
27
13
1
2
52
7
14
2
1
3
14
3
8
4
6
2
16
1
10
3
4
2
12
2
11
1
10
3
26
1
14
2
3
2
9
3
38
3
6
2
66
2
5
3
55
11
12
3
8
15
1
1
23
2
10
2
7
1
2
1
38
1
7
1
8
17
1
1
17
9
6
1
54
3
9
3
36
10
8
3
28
16
6
1
31
2
1
2
2
3
8
2
17
3
7
1
45
1
3
1
61
1
1
2
5
1
1
2
12
3
2
2
13
2
1
1
2
6
12
1
39
1
9
2
8
1
8
3
25
5
6
3
61
7
6
3
6
6
4
3
12
2
10
3
14
1
7
1
16
1
11
3
12
3
2
1
9
13
13
1
27
1
12
2
35
1
8
1
38
3
14
3
39
9
8
2
43
3
11
2
31
5
4
3
16
8
9
1
37
1
13
1
41
2
8
1
18
5
11
2
45
3
4
3
60
21
2
3
3
10
3
2
45
4
9
2
38
5
1
3
31
27
12
3
41
4
6
2
15
2
8
2
63
3
12
3
43
7
9
3
25
6
4
2
68
2
3
1
34
7
3
2
55
1
7
3
5
1
13
2
26
4
4
1
12
18
6
2
12
1
4
2
35
3
8
2
43
5
12
1
65
2
4
1
43
3
1
2
61
1
7
2
60
3
9
2
13
3
12
3
30
2
6
3
52
12
9
1
8
7
14
3
18
9
2
2
71
3
5
2
2
1
6
3
10
16
12
3
35
7
13
2
39
3
7
2
16
3
1
2
42
1
8
3
54
2
1
1
25
3
6
3
66
5
4
1
68
2
8
1
65
1
14
3
13
3
4
2
29
2
14
3
35
6
11
3
60
4
6
1
63
1
8
1
10
1
11
2
25
2
9
2
63
2
6
1
33
6
3
3
65
19
5
3
31
7
3
2
65
4
4
1
13
1
10
1
7
8
7
3
68
11
3
3
39
5
7
2
49
4
3
1
9
6
10
2
22
2
7
2
40
2
6
3
11
18
2
1
3
3
4
1
40
2
3
1
2
7
12
1
28
1
14
3
22
7
4
3
6
5
9
3
67
19
10
1
35
1
12
3
33
22
14
3
37
8
3
1
29
1
13
1
4
6
10
1
23
3
7
1
35
2
11
2
67
1
14
2
31
3
8
2
23
1
2
1
66
3
13
3
66
4
9
1
52
3
8
3
67
14
10
2
38
2
7
3
1
5
6
2
71
2
10
3
36
12
11
1
33
3
14
2
49
1
4
1
5
1
8
1
17
14
3
3
49
8
2
3
18
13
9
3
53
6
4
3
28
7
9
3
17
17
10
1
43
2
9
2
28
3
3
1
60
1
4
3
40
1
6
3
14
8
3
3
55
15
13
3
45
1
13
1
18
6
14
2
52
6
9
2
54
2
14
3
29
9
4
3
3
3
2
3
38
7
7
1
45
2
14
2
68
4
4
3
63
2
8
1
36
3
8
1
14
4
5
1
71
2
12
3
4
3
13
2
32
2
10
3
53
1
3
1
11
8
8
3
9
23
7
1
61
3
4
2
4
2
10
2
30
1
5
1
22
2
14
1
13
2
9
2
9
2
11
1
53
1
14
3
61
8
6
3
27
4
3
2
65
1
1
3
42
4
2
1
34
11
14
2
36
5
14
3
44
9
7
2
66
1
13
3
1
10
4
2
18
1
5
2
6
1
8
2
41
4
14
3
32
1
10
2
47
1
14
2
40
3
3
1
6
2
2
1
28
2
7
2
60
1
3
