1
60
1
8
1
29
3
12
3
9
16
1
2
47
3
11
2
23
1
7
2
33
3
2
3
25
4
13
3
35
6
4
2
27
2
4
1
66
1
14
1
32
2
13
3
71
3
2
3
63
4
8
1
52
1
3
2
63
2
7
1
26
3
13
1
67
1
3
1
11
4
13
2
3
3
12
3
5
3
10
1
29
2
11
2
22
3
14
3
49
5
11
2
44
1
5
2
54
1
4
3
39
2
5
1
3
11
5
2
38
1
2
2
39
1
6
2
3
2
5
1
1
3
14
2
55
2
10
3
6
5
3
1
43
3
11
3
3
7
12
2
37
1
12
1
1
2
5
3
49
6
1
3
40
2
1
3
23
10
10
1
5
1
13
3
11
9
9
2
7
3
7
2
13
2
3
2
43
3
14
2
5
1
7
1
4
4
14
3
38
10
1
1
55
1
6
1
13
9
9
2
53
3
5
3
5
2
7
3
53
3
5
3
45
4
3
3
54
1
11
1
7
5
11
1
39
3
9
2
52
2
1
3
45
6
1
3
27
10
12
2
30
1
13
1
3
10
11
2
49
4
3
2
52
3
12
3
60
4
7
2
37
3
5
3
18
1
8
1
27
3
13
1
40
2
13
2
13
1
3
2
14
3
13
2
18
2
2
2
66
3
9
3
32
5
5
3
16
5
1
1
18
15
14
2
29
1
14
3
44
1
5
1
71
3
3
1
35
4
6
2
12
3
4
2
18
4
13
3
23
12
1
1
45
2
2
1
14
12
1
3
31
10
2
3
4
9
11
2
12
1
11
3
1
2
10
1
44
4
4
1
53
2
2
2
39
3
2
3
33
17
10
2
32
1
6
1
22
2
9
2
44
5
6
1
25
3
4
1
36
3
7
1
7
8
6
1
65
1
1
2
45
3
10
2
31
2
14
1
47
2
8
1
2
7
9
2
43
5
6
2
53
1
5
2
67
1
7
1
22
3
6
3
67
2
11
3
12
6
9
3
36
12
8
1
23
2
3
2
40
2
7
1
38
2
5
3
61
8
3
2
55
3
13
1
49
2
14
1
33
6
1
1
30
15
10
3
65
2
2
1
43
2
1
1
67
3
10
2
41
1
5
1
55
2
5
3
65
11
12
3
13
9
1
3
54
2
6
1
36
1
6
2
10
3
14
1
8
6
11
3
41
3
11
3
42
4
3
1
27
1
8
1
38
1
10
1
63
2
12
3
36
2
8
1
18
9
11
1
6
1
9
3
67
22
12
1
61
1
11
2
15
3
2
2
25
3
6
1
15
2
6
1
25
1
11
3
52
17
6
3
60
17
12
3
42
1
11
2
47
1
13
2
65
4
9
3
44
3
8
1
34
8
4
1
34
4
3
2
67
2
4
2
41
3
3
3
7
4
3
2
54
2
5
3
63
13
2
3
30
7
7
1
10
6
5
3
52
14
13
2
15
2
10
3
30
8
5
1
35
3
13
1
44
2
14
2
65
2
5
3
29
6
4
2
26
3
5
1
9
7
5
1
28
1
3
2
38
3
5
2
23
2
4
3
14
16
8
3
17
9
13
3
53
4
1
2
42
4
6
2
25
1
2
3
22
3
11
3
27
17
3
2
7
2
1
2
1
1
5
1
10
3
3
1
71
2
4
3
34
4
3
2
1
2
4
1
17
16
9
2
61
3
14
2
16
3
5
3
68
3
8
2
2
1
9
1
41
3
9
1
4
8
2
1
40
3
10
2
34
2
5
1
28
2
1
1
63
1
1
2
63
1
6
1
16
7
7
1
41
1
10
2
5
2
2
2
16
2
7
1
47
1
9
3
2
5
3
3
31
13
6
3
66
5
11
1
8
15
8
1
60
2
6
3
17
11
14
2
6
3
3
3
16
4
7
2
36
5
5
3
15
6
3
1
49
1
3
1
12
5
6
3
18
15
7
2
27
3
10
1
42
2
14
3
6
2
13
1
6
2
12
2
28
1
3
2
29
3
14
1
45
1
7
3
34
10
11
2
33
2
8
1
17
7
5
1
9
10
2
3
37
8
5
2
28
3
2
2
17
3
1
3
2
10
4
1
65
2
14
2
40
1
14
2
31
3
3
3
38
11
7
3
71
5
9
3
10
17
3
2
9
1
1
3
28
11
10
3
43
3
8
1
16
4
1
1
31
5
14
1
53
1
8
1
52
3
3
1
37
1
13
3
3
6
3
3
55
17
4
3
40
5
6
3
8
18
8
1
30
8
5
2
30
4
4
2
14
1
6
3
33
13
14
3
68
17
5
3
29
14
9
3
35
3
9
3
1
4
2
1
2
6
14
2
26
4
7
3
4
4
12
1
11
2
12
1
5
2
14
2
35
2
14
2
68
3
4
2
11
2
7
1
68
3
12
2
61
1
6
3
25
1
10
2
32
3
1
2
35
1
2
3
7
3
1
1
12
2
10
1
31
9
5
3
41
4
12
2
11
3
8
1
33
7
14
2
8
3
14
1
26
2
8
2
6
1
10
2
10
1
6
3
8
8
1
1
39
4
13
2
4
3
4
1
37
2
3
3
22
1
12
3
37
11
9
1
66
3
4
3
15
12
13
2
17
2
5
1
68
1
12
2
36
2
9
1
23
1
6
3
10
4
1
3
66
2
9
2
71
1
11
1
14
1
12
1
54
1
4
3
26
12
6
3
11
20
3
2
9
2
14
1
13
5
12
2
49
3
10
1
15
1
1
2
2
3
1
3
12
2
13
3
9
5
14
3
13
6
3
3
55
6
7
3
47
9
3
3
14
19
13
2
60
4
12
3
47
4
4
2
42
2
10
1
54
2
3
1
61
2
12
2
66
1
6
2
60
3
14
1
42
1
9
3
61
9
11
2
8
2
4
3
32
8
7
2
4
2
8
3
28
7
12
3
43
4
10
1
32
3
7
2
71
3
6
2
45
2
13
3
39
7
2
2
68
1
8
2
22
1
8
3
26
9
2
2
34
1
14
