3
26
6
7
1
35
3
6
3
63
5
6
1
15
4
8
1
63
1
1
2
4
3
14
2
71
1
11
1
14
19
2
2
54
1
12
2
44
5
1
3
13
6
14
1
40
2
8
2
38
4
1
1
22
1
4
3
31
19
11
2
29
3
10
1
67
2
4
1
39
2
9
2
13
1
1
1
42
1
1
3
3
10
1
3
33
16
7
2
7
3
6
3
25
6
5
3
1
6
14
3
15
13
2
3
10
7
3
3
35
2
13
3
37
4
1
3
4
18
7
2
41
5
4
1
54
1
2
1
1
2
9
1
23
2
12
3
71
3
5
1
29
3
12
3
34
1
14
1
26
3
2
2
3
3
11
1
36
1
2
3
22
2
6
3
5
1
10
3
14
6
9
2
65
4
5
1
30
13
2
1
16
2
1
3
41
2
9
2
14
3
12
1
9
3
1
2
42
4
14
3
49
8
9
2
9
1
14
1
53
2
6
2
38
2
7
3
11
22
8
2
43
5
7
2
44
3
5
3
54
2
9
2
16
2
4
3
47
5
5
3
23
2
4
3
55
11
13
2
52
1
1
2
7
2
12
1
5
1
2
3
42
4
6
1
30
14
7
3
41
1
2
1
35
1
6
1
45
1
1
3
26
11
13
1
65
1
6
3
33
11
2
2
27
3
7
3
45
3
2
2
31
3
2
1
49
2
8
2
9
2
1
3
29
8
10
1
33
2
4
2
71
3
13
3
60
16
11
1
65
2
9
1
38
2
10
2
65
2
10
1
61
1
10
2
11
2
6
1
28
3
8
2
42
2
5
3
6
1
5
1
60
2
10
2
66
1
2
2
55
1
14
1
53
1
3
1
25
2
3
1
18
9
5
2
5
1
2
1
47
2
10
3
25
2
4
3
28
4
4
2
10
2
4
1
31
2
10
2
54
2
14
1
44
3
4
2
2
3
4
3
38
12
2
1
68
2
8
3
14
22
2
2
47
3
5
2
22
3
12
2
12
1
3
3
10
16
7
1
5
2
14
2
35
2
13
3
3
5
7
3
35
1
13
1
32
1
11
1
13
1
5
1
41
2
6
3
2
11
11
1
12
6
2
3
54
1
13
1
44
1
10
2
61
1
4
2
39
2
3
3
8
13
5
1
29
1
4
2
4
2
6
2
68
1
5
3
67
26
9
2
17
3
2
2
55
3
12
2
1
1
14
3
66
8
4
2
25
1
11
1
3
11
14
1
43
2
10
2
23
2
2
2
68
4
4
3
17
7
1
1
71
2
14
3
8
1
11
1
71
1
2
2
53
1
9
3
22
4
2
1
28
2
12
3
36
5
14
2
45
1
4
3
31
6
10
2
49
3
1
1
23
3
1
2
30
4
3
3
66
1
10
2
2
2
10
1
68
1
3
3
34
9
2
2
18
4
2
3
63
8
1
3
23
3
1
1
55
1
7
3
9
14
2
2
31
2
5
1
32
3
14
2
67
2
8
1
10
8
13
3
13
3
1
1
7
4
2
3
12
3
4
3
47
6
8
1
40
3
5
2
22
1
1
3
53
8
5
3
44
10
8
3
36
15
12
3
17
9
7
2
6
3
7
3
65
11
12
1
67
1
7
2
8
1
1
1
34
2
2
1
26
1
13
3
30
9
13
2
39
1
11
3
53
1
10
1
27
1
6
1
61
3
5
2
17
2
1
2
36
1
1
2
63
2
13
1
16
1
9
2
37
1
1
3
2
1
4
2
8
3
7
2
53
3
4
1
18
3
12
2
67
1
8
2
10
3
1
1
47
3
5
1
14
1
11
1
41
3
9
1
1
1
13
3
38
5
12
1
66
3
9
2
66
3
10
1
4
3
12
3
29
13
13
3
68
2
6
2
15
3
5
2
37
3
14
1
10
7
11
3
1
9
8
3
32
9
8
2
32
1
6
1
2
4
14
3
11
7
10
1
54
3
10
2
34
1
4
2
36
2
5
1
15
2
14
2
63
3
9
2
11
3
3
3
42
3
7
2
13
3
3
1
2
1
7
1
55
2
10
2
40
1
6
1
13
5
10
1
36
3
7
2
45
3
10
3
18
19
9
2
14
2
8
2
12
2
5
3
43
8
3
2
16
1
3
2
60
2
7
1
52
1
12
3
37
10
1
3
28
2
9
3
4
13
7
2
61
3
5
1
3
6
14
3
39
6
3
3
7
4
8
1
38
1
7
3
61
1
2
1
63
2
3
3
49
3
7
1
9
14
3
1
37
1
1
3
40
2
1
1
27
3
11
2
26
3
2
2
35
3
10
2
32
3
12
1
49
1
9
1
7
9
9
2
15
1
4
1
45
2
1
2
28
2
1
1
33
6
9
2
33
2
1
2
30
3
10
3
27
1
7
3
67
5
7
3
43
7
4
1
52
3
5
3
68
3
2
1
34
3
4
3
65
20
13
3
71
4
12
3
39
5
1
1
8
14
8
3
16
1
7
2
52
5
1
2
23
3
8
3
45
1
14
2
18
3
5
2
49
2
13
3
5
4
5
2
1
2
11
1
43
3
8
1
6
1
9
1
8
9
1
1
17
14
14
2
27
1
9
2
6
2
8
2
47
2
5
2
34
3
9
3
15
3
7
3
61
4
10
1
11
10
10
2
43
2
2
3
55
2
9
2
5
3
12
2
41
4
1
1
39
4
3
3
30
16
13
1
66
1
2
3
52
7
9
2
33
1
8
3
16
8
5
2
3
1
12
3
52
13
1
2
29
2
13
1
17
16
11
2
28
1
6
3
27
16
9
1
22
2
6
3
7
5
4
2
40
2
5
3
40
1
12
1
12
7
13
2
26
2
6
2
25
3
5
3
44
4
1
3
9
26
12
1
31
14
2
1
25
3
10
3
60
9
9
1
60
1
11
1
42
2
7
1
4
4
10
3
6
5
2
3
18
22
3
1
11
8
1
2
60
1
2
3
12
7
8
1
6
2
14
1
37
2
8
3
32
1
3
