1
55
1
14
1
36
3
13
2
61
2
7
3
32
2
4
3
66
9
9
2
27
3
10
1
9
8
6
1
60
1
4
1
16
3
10
3
71
4
13
1
43
2
4
2
63
1
14
2
61
1
5
1
66
1
6
1
32
3
1
1
37
1
8
3
28
10
4
1
22
1
5
2
31
1
8
1
40
2
10
3
7
5
8
3
65
3
1
3
42
3
9
3
23
19
9
1
17
3
3
2
45
3
9
3
53
7
6
1
23
3
6
1
12
5
8
2
8
2
8
3
14
1
10
2
68
1
1
1
4
3
11
2
16
1
6
1
11
7
10
1
53
2
13
1
71
2
2
2
41
3
11
1
49
2
8
2
14
1
8
1
28
3
6
2
9
1
1
3
1
10
9
2
12
1
6
3
60
29
4
3
63
1
3
3
30
16
3
3
17
1
6
3
32
1
6
2
1
2
7
2
6
3
13
2
13
2
13
1
14
17
8
3
15
11
7
1
44
2
14
3
60
21
14
2
7
1
11
1
36
1
10
1
38
1
6
3
3
1
1
2
41
2
13
1
6
1
13
2
25
2
10
3
2
11
12
2
60
4
11
3
67
30
14
1
45
2
9
1
30
8
13
3
53
6
14
2
23
2
12
3
68
10
3
1
31
17
3
1
18
7
5
1
55
2
3
2
53
1
2
1
61
1
3
3
9
12
13
1
16
2
3
1
31
3
9
2
66
1
6
3
25
6
8
1
25
1
1
2
63
3
7
3
40
3
5
3
55
11
8
2
34
1
8
2
31
5
7
3
39
3
1
2
36
4
14
1
17
10
5
1
4
8
3
1
28
2
6
1
67
2
10
2
26
2
6
2
67
1
12
1
26
3
6
3
44
1
14
3
26
8
5
2
5
3
6
3
67
33
1
3
54
2
10
3
5
2
1
3
11
22
14
3
45
6
9
1
65
2
12
1
27
3
12
2
27
2
7
1
44
4
7
2
7
3
7
2
4
1
7
3
49
3
1
1
3
10
5
1
47
3
13
3
26
5
5
3
15
1
13
2
17
2
9
2
2
1
6
3
14
18
2
3
34
5
9
3
16
4
10
3
61
7
4
1
23
2
4
3
47
4
9
1
26
1
1
3
45
3
11
1
33
7
5
2
5
1
8
2
3
3
11
2
9
3
6
2
29
3
13
3
37
8
3
3
41
1
14
2
26
4
13
1
12
17
1
2
15
1
2
3
71
1
12
2
18
4
1
3
35
8
2
3
55
1
10
3
40
1
11
3
36
8
11
3
25
9
13
1
18
12
13
1
22
2
8
2
38
4
7
2
38
1
5
3
11
25
5
3
29
11
8
3
36
10
7
1
29
1
11
2
44
4
4
1
42
2
12
1
5
2
1
3
37
6
6
1
52
1
6
3
28
4
14
2
55
2
10
1
11
12
5
1
27
2
14
1
3
3
3
2
35
2
9
2
11
3
1
3
18
8
6
2
39
4
7
3
38
8
2
1
35
1
7
1
65
1
7
3
22
3
4
2
11
2
12
1
68
3
3
3
22
12
11
1
63
2
8
3
61
2
6
1
45
1
5
1
43
1
11
2
47
1
10
1
15
1
10
2
44
3
14
3
4
7
1
2
54
1
2
3
47
3
13
3
65
20
12
3
43
4
11
3
33
21
5
1
42
1
2
3
66
7
5
2
37
1
7
3
5
1
12
2
71
3
3
1
13
5
9
1
38
3
9
1
49
1
5
3
13
1
5
3
3
2
13
1
54
3
5
1
1
1
6
3
27
7
5
1
32
1
11
1
71
1
12
2
28
2
8
3
41
4
12
2
45
1
7
2
12
2
10
2
29
2
10
1
10
4
7
2
49
3
14
2
10
3
14
3
43
5
5
2
28
1
2
3
52
11
1
3
8
17
12
2
52
1
13
3
27
12
10
3
54
1
13
2
32
4
4
1
2
5
14
2
3
1
8
1
2
6
10
1
35
4
6
1
63
1
8
3
16
1
2
2
40
2
10
2
42
4
1
3
63
13
11
2
18
1
14
3
4
1
6
2
43
3
12
2
22
3
13
3
17
5
7
2
15
2
5
2
33
1
9
1
30
18
7
2
66
3
2
1
60
2
5
1
39
2
3
2
22
1
2
1
54
1
4
3
30
18
4
1
37
2
14
1
25
3
7
1
29
2
8
1
41
2
4
3
33
2
12
3
44
3
2
2
54
2
3
3
23
16
5
1
13
1
3
1
9
3
4
1
14
7
8
1
8
1
9
2
30
4
10
2
52
4
6
2
8
1
2
2
43
5
9
3
35
1
7
2
16
2
12
2
60
3
3
2
35
1
9
3
7
2
9
2
17
1
12
1
10
2
3
2
49
2
13
1
15
4
2
1
5
1
13
3
6
2
7
3
49
6
11
1
61
3
8
2
4
2
6
1
53
1
10
2
37
4
4
2
42
1
6
1
34
9
7
3
68
9
10
3
31
5
3
3
9
11
8
3
31
26
2
3
39
2
6
2
47
3
3
2
71
1
2
1
7
8
3
3
18
11
10
3
38
3
6
1
34
10
4
1
68
1
5
2
32
3
7
1
33
4
12
3
52
16
9
2
30
5
4
2
65
2
9
3
34
9
4
3
2
3
12
3
6
6
8
1
41
3
1
2
14
3
4
3
10
23
13
1
39
4
2
1
67
1
5
1
66
3
10
3
12
4
6
2
40
3
8
2
1
1
5
2
36
5
14
2
53
3
12
2
2
2
7
2
33
2
1
3
13
7
1
3
42
4
14
1
47
2
10
2
39
2
12
2
13
1
13
1
40
3
2
3
29
7
9
2
34
2
11
2
6
1
8
3
10
4
1
2
25
1
1
1
52
3
5
2
23
3
13
2
10
2
7
1
7
7
11
2
65
4
1
1
6
2
3
1
8
13
11
3
12
2
14
3
1
5
9
2
55
1
11
2
67
2
7
1
1
2
14
2
68
2
7
3
8
11
9
