3
42
3
13
2
43
5
3
2
15
3
3
2
2
3
2
2
33
1
12
3
32
1
2
2
18
4
5
3
18
14
8
1
38
1
1
1
3
1
9
2
1
2
5
2
65
3
5
2
2
2
11
1
27
3
2
2
22
1
2
1
37
2
3
3
30
6
9
2
13
2
5
1
52
3
5
2
12
1
6
1
41
1
6
1
17
4
3
2
22
3
7
2
32
2
5
2
30
1
10
2
54
1
2
1
35
4
13
1
67
3
14
3
66
2
8
3
43
5
11
3
4
26
14
2
27
1
8
3
65
13
14
2
6
1
8
1
54
1
10
3
60
10
10
3
38
4
11
2
41
3
4
3
16
3
2
1
26
1
5
1
40
3
7
2
37
1
8
3
6
6
7
2
55
3
7
2
60
1
6
1
49
1
13
1
33
6
7
1
61
3
7
1
2
6
10
3
38
5
2
3
7
5
11
1
16
2
5
1
7
9
2
1
26
3
10
2
23
2
8
1
13
9
13
3
23
12
3
1
45
2
7
1
23
3
11
1
65
2
5
1
15
1
7
1
45
1
5
2
36
2
11
2
30
5
11
1
10
4
2
2
55
2
1
2
49
1
9
1
22
3
14
2
6
3
10
1
43
1
6
3
25
2
6
1
14
18
7
3
34
8
4
3
36
6
3
2
66
3
9
1
29
3
7
1
15
4
1
3
52
18
4
1
36
3
14
2
61
1
12
2
35
1
13
1
23
1
8
1
71
3
1
3
37
2
12
3
34
5
12
2
52
6
3
1
39
1
12
2
60
4
1
1
16
4
9
2
71
3
2
2
9
1
1
1
55
2
1
1
71
2
4
3
29
18
1
1
11
10
9
2
52
2
13
3
67
20
1
3
6
3
7
3
31
4
6
1
37
1
1
1
53
1
12
2
11
3
4
1
9
10
8
3
15
4
2
2
12
3
1
1
2
7
13
3
9
6
12
3
13
9
5
1
32
2
10
1
6
1
2
2
3
1
8
3
4
3
9
2
42
1
9
3
7
2
2
3
8
16
11
3
27
13
2
2
5
2
10
3
17
7
4
1
42
2
2
1
35
2
14
3
71
3
14
2
27
3
3
3
40
5
10
3
22
10
11
2
40
1
1
3
53
7
2
3
71
4
6
1
8
13
3
3
16
1
2
1
31
8
13
3
45
3
5
1
3
8
12
2
66
2
9
2
31
4
9
2
42
2
13
3
68
3
11
3
63
10
3
2
13
3
6
3
35
6
8
2
54
2
14
1
27
2
12
1
40
1
9
1
6
2
12
3
14
17
7
2
45
3
13
1
43
2
13
1
47
3
7
2
31
5
9
3
44
2
10
3
2
12
4
3
53
6
4
1
22
2
9
3
49
3
8
3
68
11
8
3
15
10
1
2
10
3
3
2
15
1
8
1
7
1
11
1
34
4
12
3
54
2
1
3
41
3
2
2
44
3
14
3
26
3
4
1
25
2
1
3
13
7
4
1
14
8
1
3
23
14
14
2
39
4
4
2
53
2
1
2
7
3
4
1
34
6
5
1
28
1
13
3
9
27
8
1
67
1
8
3
3
3
13
3
11
5
5
1
52
2
7
3
49
6
5
2
4
2
4
2
35
3
14
1
4
2
14
3
2
2
3
3
27
15
8
2
3
3
14
3
10
24
13
2
8
1
8
3
12
2
12
3
54
1
6
2
34
2
14
1
18
3
5
2
11
2
9
1
12
17
12
2
9
3
8
2
34
3
11
3
33
18
3
3
30
14
12
3
3
5
3
3
28
8
9
1
32
1
10
2
68
1
11
1
49
2
10
1
65
1
4
3
44
3
11
3
47
1
6
3
11
6
7
1
17
11
3
1
1
1
6
2
7
2
11
2
5
3
6
1
66
2
3
1
63
1
11
2
16
3
3
1
44
2
10
3
43
6
5
3
28
12
14
3
17
2
12
1
53
2
11
1
8
15
9
2
39
2
14
2
43
1
3
2
38
4
1
3
41
2
2
3
40
6
6
2
26
2
11
3
63
6
4
1
41
2
4
3
31
6
9
3
66
8
8
3
52
5
11
1
68
2
7
2
14
2
9
3
33
4
3
1
18
5
7
3
1
6
9
1
13
5
1
1
12
7
2
3
61
5
10
1
39
4
5
1
47
2
7
2
44
1
11
3
29
4
8
3
61
1
11
1
68
3
13
2
28
1
13
2
29
3
5
3
42
2
7
2
61
3
7
1
60
2
13
3
22
4
12
2
38
5
6
3
32
8
14
1
11
1
6
2
32
3
5
3
35
5
4
3
18
15
3
1
63
2
14
1
5
2
12
2
26
3
6
1
30
20
13
2
65
2
12
3
36
10
1
1
55
1
14
3
25
3
8
1
38
3
2
1
66
1
8
3
12
4
1
2
29
2
13
3
10
9
8
2
8
3
10
3
8
13
10
2
10
2
11
1
5
1
12
3
55
10
5
2
17
1
6
2
16
2
2
2
63
3
10
2
47
1
10
2
18
2
11
2
45
4
6
2
63
1
6
1
44
3
8
2
4
1
5
1
31
11
13
2
49
4
12
2
67
1
5
3
67
26
11
1
30
13
8
2
40
3
14
2
14
3
3
3
5
2
4
1
9
4
13
3
39
1
2
3
47
5
12
2
53
3
14
2
67
2
2
2
71
1
13
2
47
4
5
2
33
3
10
3
5
4
5
3
37
5
1
1
42
1
13
2
25
1
3
3
26
10
9
3
60
15
9
1
25
1
1
1
33
3
10
3
14
8
2
2
36
4
2
1
4
7
9
1
36
2
5
1
28
3
6
3
55
17
1
3
65
20
1
1
61
2
8
2
41
2
4
2
68
3
8
3
1
9
11
3
39
8
11
2
28
3
13
1
60
1
9
1
10
8
2
2
17
3
8
1
29
1
2
2
23
3
1
1
1
2
12
2
37
2
13
2
1
3
12
3
45
1
9
1
54
3
2
2
25
2
6
