2
43
1
2
3
30
7
6
1
34
3
13
2
31
4
10
2
16
1
13
1
41
1
12
2
49
1
10
2
63
2
13
1
7
2
12
2
67
1
5
2
22
1
13
3
47
10
8
1
53
1
14
3
26
4
12
2
54
1
1
3
61
9
8
2
45
3
1
3
71
1
5
3
39
9
5
2
71
2
8
2
22
3
7
3
45
3
6
3
15
8
2
3
29
13
11
1
30
11
8
3
8
18
2
1
33
1
9
3
71
4
4
1
16
1
10
3
42
4
14
1
35
1
10
2
47
1
1
1
35
4
3
3
54
1
11
1
47
2
2
3
2
5
14
1
38
1
6
3
65
10
3
2
30
4
1
3
12
5
8
1
7
1
3
2
23
1
12
1
66
3
11
3
44
9
14
3
26
1
4
3
60
22
5
2
28
2
14
2
7
1
5
2
45
4
12
2
5
2
10
2
12
3
10
2
28
1
7
3
67
10
13
3
65
20
14
1
13
3
10
2
53
2
12
1
63
1
14
1
5
1
13
2
29
3
3
3
7
2
4
1
45
1
9
2
13
3
12
3
52
17
12
1
5
2
4
2
66
2
6
1
22
2
5
1
3
3
2
1
25
3
3
1
47
1
4
1
6
1
3
3
18
13
12
2
41
3
2
2
65
1
7
2
7
3
8
3
37
9
4
3
3
10
11
2
61
2
4
3
28
4
8
1
52
2
5
2
26
1
2
2
60
3
11
2
65
4
2
2
18
4
12
2
52
6
6
1
12
5
6
1
71
1
5
2
55
2
11
1
40
3
13
2
41
1
12
1
15
2
4
2
33
3
6
3
47
5
8
1
45
2
5
3
27
4
11
3
53
7
1
2
52
7
8
2
10
1
7
1
31
6
9
2
6
3
10
3
36
6
10
1
11
10
4
1
27
1
14
2
36
1
3
2
68
3
11
1
67
1
9
2
12
2
4
1
14
22
11
2
61
1
3
3
36
9
14
2
47
4
13
2
17
1
6
3
54
2
4
2
14
2
5
3
55
1
4
3
22
12
13
1
2
3
2
3
39
8
11
1
11
4
7
3
66
5
10
3
11
18
10
3
53
3
14
1
32
3
4
2
17
3
12
2
26
4
10
2
44
1
2
3
4
26
14
1
9
2
2
1
39
4
7
1
54
3
10
2
35
3
5
1
23
3
9
2
15
1
3
1
68
1
7
3
67
16
5
2
54
2
12
2
13
1
6
1
66
2
14
3
68
4
11
1
26
2
5
3
6
2
12
1
36
3
8
1
42
2
6
1
41
2
3
2
32
3
11
2
27
3
7
2
66
1
6
2
4
1
8
2
18
1
4
2
71
1
11
3
8
14
8
1
22
1
8
1
4
5
9
1
13
7
3
3
22
5
10
3
37
7
14
2
11
3
3
1
53
2
6
2
37
3
5
3
60
8
3
1
60
1
9
1
14
7
14
2
2
3
14
2
38
4
8
2
23
2
1
1
36
2
5
2
53
1
12
2
30
5
7
3
3
4
4
3
35
1
5
1
31
12
9
1
37
2
13
3
29
9
14
1
4
6
12
1
33
4
14
2
6
1
8
2
33
1
3
1
49
1
7
2
49
3
13
1
23
1
11
3
38
8
1
2
4
3
9
2
16
2
14
1
25
2
4
1
39
3
6
3
63
10
1
1
40
2
9
2
32
4
12
2
39
3
1
3
23
1
6
1
61
2
14
3
32
9
9
3
68
15
7
1
1
1
6
1
68
3
11
1
1
3
8
1
65
2
10
2
38
1
12
2
40
1
1
2
3
1
14
2
55
3
10
1
29
2
12
2
63
3
13
3
34
5
11
1
8
16
14
1
10
6
7
3
40
6
14
1
54
1
14
2
8
3
7
3
31
22
12
1
28
3
13
3
10
20
8
3
15
11
2
1
2
2
8
3
49
1
1
1
15
1
2
1
28
2
7
2
10
2
10
3
18
5
2
3
9
30
3
2
67
2
7
3
14
17
7
1
8
13
2
3
1
7
6
3
13
3
9
1
10
3
12
2
35
1
9
3
32
3
2
3
4
17
6
1
27
2
13
1
44
4
7
3
45
1
9
2
44
5
3
3
41
1
4
2
1
3
11
1
52
1
9
3
31
7
10
3
30
24
14
3
28
13
10
1
44
1
4
1
17
14
3
2
42
3
5
2
68
4
12
3
11
15
2
3
27
5
1
3
9
11
9
1
65
1
4
1
17
16
8
1
34
4
3
3
2
7
4
1
55
2
13
2
40
4
8
2
25
2
1
2
14
3
12
3
33
5
9
3
33
16
6
2
8
1
12
2
39
1
5
2
15
2
9
3
43
4
2
2
9
1
5
1
37
1
9
2
2
1
6
2
1
1
12
2
3
3
4
1
18
4
3
1
26
1
7
3
49
3
11
1
43
3
11
2
5
3
2
3
43
3
7
3
17
3
10
3
13
8
3
3
38
4
10
3
5
4
10
3
17
17
2
1
42
1
9
1
63
2
6
1
67
3
8
3
14
8
5
3
10
6
4
3
34
6
9
3
1
2
2
1
3
7
2
2
34
1
12
3
41
4
1
1
60
2
8
1
38
2
9
1
9
1
1
3
42
2
12
1
29
3
11
3
7
3
1
3
61
5
8
3
66
1
6
3
6
5
5
3
5
1
1
3
16
5
7
1
32
2
3
2
11
2
12
1
61
1
4
3
25
1
9
3
63
9
6
3
55
12
6
3
12
4
3
1
16
5
4
1
6
2
5
2
34
2
13
2
27
1
10
3
44
4
14
3
16
8
10
2
29
1
11
2
43
2
14
3
25
5
6
2
36
4
4
3
35
3
12
2
60
1
1
1
49
2
5
2
37
4
14
1
12
12
6
3
40
3
11
1
55
1
9
1
71
3
9
2
9
3
8
2
31
5
4
1
30
20
8
3
23
17
5
1
18
6
2
2
25
3
6
1
43
2
3
2
42
2
10
3
52
8
3
