1
35
2
14
2
37
2
1
2
4
1
3
1
1
1
5
3
35
6
2
3
22
4
14
3
67
4
8
3
66
4
6
3
65
9
10
1
3
2
10
2
40
2
12
1
10
6
3
2
3
1
10
3
68
4
14
1
6
1
12
3
37
12
14
1
14
12
10
1
52
3
11
1
54
1
7
2
34
3
1
1
45
1
12
3
53
1
1
2
65
3
11
2
61
1
13
2
55
1
12
3
49
4
4
1
45
2
3
3
16
3
4
2
52
6
12
3
39
3
6
2
32
2
13
3
17
12
12
3
63
9
10
3
41
2
10
3
3
10
13
2
23
1
5
2
18
1
8
2
15
1
12
3
32
9
11
3
3
8
7
3
60
22
4
1
22
2
4
1
55
2
7
2
30
4
3
3
44
8
9
1
54
3
14
1
11
6
5
1
25
1
2
3
36
3
11
1
7
5
14
1
27
3
14
2
65
1
4
1
49
2
1
2
43
4
7
1
33
3
10
3
7
3
12
3
15
5
6
3
43
7
11
2
49
2
6
3
31
13
11
3
41
3
8
1
32
5
3
3
28
4
13
2
1
3
9
1
30
9
8
2
5
3
11
1
5
1
5
2
44
1
8
2
33
1
8
1
23
3
8
1
8
9
1
1
6
2
5
1
53
1
5
2
31
2
14
2
66
2
8
2
27
3
2
1
16
4
7
1
16
1
11
2
28
3
9
1
43
2
1
2
39
3
4
2
49
1
5
2
14
2
12
2
26
4
10
2
18
2
9
2
41
1
3
2
63
1
13
3
35
3
5
2
53
1
13
3
55
3
10
1
17
4
1
1
2
3
7
2
25
3
1
1
37
1
14
1
12
16
7
2
13
1
1
3
18
4
1
2
32
1
3
1
15
2
10
3
26
7
12
1
26
2
5
2
71
1
5
3
61
4
5
1
36
3
6
1
4
6
14
2
71
2
1
1
63
2
8
3
43
8
10
1
14
20
7
3
61
1
3
1
18
10
11
2
23
2
7
3
34
5
1
1
17
10
5
2
25
2
5
2
54
2
12
2
38
2
13
2
40
3
8
3
63
6
5
3
38
9
11
1
40
1
8
3
66
3
6
2
7
2
6
3
16
7
11
3
71
4
8
3
8
20
4
3
54
1
2
2
41
5
9
3
7
5
10
2
5
2
2
1
11
10
2
3
13
1
6
2
16
1
4
2
9
1
12
1
44
2
10
3
2
7
5
3
26
8
4
1
29
1
10
3
25
4
7
2
38
5
2
2
9
3
4
3
1
1
11
3
40
5
9
1
26
1
8
1
42
1
2
3
55
4
3
1
71
2
10
3
14
1
10
2
53
2
4
2
39
2
12
3
31
7
3
1
55
1
14
2
16
2
13
2
12
3
13
3
47
1
2
3
29
1
8
3
12
4
12
2
44
2
2
1
32
4
14
2
7
3
7
2
29
1
1
3
18
12
14
1
25
3
13
1
52
1
1
3
32
6
9
2
33
2
14
2
8
1
4
2
10
2
7
1
40
2
1
3
68
3
7
1
31
7
10
1
37
2
12
1
9
14
5
1
61
2
4
2
14
1
13
3
34
8
7
2
8
3
1
1
1
3
10
2
36
5
6
2
45
2
10
1
39
2
12
2
17
1
12
3
11
13
9
1
31
11
11
3
23
9
10
2
11
1
1
1
9
1
14
1
66
2
12
3
8
11
11
2
10
3
8
1
7
6
2
1
29
2
1
2
45
3
2
3
33
15
11
1
27
2
7
2
3
3
12
2
55
2
10
1
47
2
9
3
5
4
4
2
29
2
10
1
41
3
1
1
2
2
12
2
52
4
11
2
2
1
12
3
27
8
2
2
60
1
12
1
3
11
8
3
10
1
9
3
36
12
12
2
61
2
5
3
14
18
3
1
65
1
11
3
9
17
2
3
67
6
13
3
11
25
12
3
25
7
1
1
34
5
11
2
47
3
3
2
63
2
11
3
40
2
13
1
63
1
1
1
44
1
10
1
23
2
12
3
39
4
13
1
60
1
8
3
52
2
2
2
27
2
3
1
67
3
7
2
13
2
9
3
30
1
4
3
6
4
4
1
33
4
12
1
10
4
4
3
29
17
8
2
12
2
1
2
26
1
9
2
67
1
1
1
8
14
12
2
60
4
13
1
22
1
11
3
45
1
14
1
66
1
7
1
13
5
12
3
6
5
4
1
61
1
3
1
28
2
14
1
41
2
13
2
15
2
12
2
17
3
9
3
4
23
1
2
6
3
2
1
5
2
9
3
4
4
13
2
31
1
11
1
35
1
1
2
11
2
13
3
42
1
4
2
37
4
1
3
65
11
5
2
34
2
14
2
47
2
12
1
65
2
7
2
35
3
2
2
36
4
12
1
38
3
12
1
60
2
9
3
37
4
10
2
4
2
5
3
15
7
9
1
13
9
1
3
49
1
7
1
38
2
1
1
53
2
9
2
28
1
4
3
45
2
11
2
22
1
1
2
68
3
6
1
34
8
14
2
2
3
6
1
43
3
1
2
42
4
4
3
1
10
8
3
52
3
13
2
43
5
10
1
47
1
3
3
38
4
1
3
17
8
4
3
9
10
7
3
28
3
14
1
30
1
6
3
27
6
7
2
1
1
9
3
53
4
7
3
33
7
9
3
47
3
13
3
22
10
8
1
71
3
6
2
6
2
10
3
54
2
14
1
15
4
8
1
18
6
13
1
67
2
5
1
28
1
14
1
42
2
13
1
12
4
3
3
23
17
2
2
67
2
8
3
10
26
13
1
68
1
9
3
30
6
12
1
39
1
1
3
60
10
12
1
49
1
9
3
2
8
10
2
42
2
14
3
12
1
2
2
54
1
11
2
66
3
2
3
44
1
8
3
71
1
9
2
30
3
7
1
36
1
14
3
5
5
4
2
68
4
14
1
68
3
3
1
4
5
10
2
35
1
14
3
42
3
4
2
22
2
13
3
13
7
13
