1
2
1
8
1
36
1
9
3
10
20
2
3
36
2
6
1
29
1
9
3
47
9
10
1
60
2
5
1
49
1
9
3
40
2
7
3
44
4
3
2
44
3
1
2
32
2
8
1
18
12
1
3
68
16
2
1
1
1
7
1
35
1
4
2
4
1
6
1
63
1
6
3
8
16
4
3
37
7
11
2
30
1
8
1
28
2
3
2
9
2
3
1
43
2
6
2
60
4
5
2
5
2
11
1
45
2
8
3
42
3
8
1
53
1
8
2
35
1
8
1
10
5
2
2
71
3
13
3
63
11
8
3
66
1
7
2
43
5
5
3
35
4
3
1
47
2
14
3
11
15
6
2
65
1
11
2
40
1
1
2
1
1
6
2
52
4
7
3
3
9
2
1
12
16
9
3
60
11
14
2
26
3
6
1
42
1
9
2
10
2
5
1
40
3
14
2
42
1
5
3
39
2
2
1
11
1
8
1
31
15
7
2
4
3
2
1
11
9
1
2
41
2
10
2
45
2
6
2
52
3
4
3
66
3
1
1
34
5
4
3
52
15
6
2
2
3
3
2
22
3
5
1
13
3
6
1
49
2
4
2
37
3
8
3
71
5
7
3
35
7
14
1
65
1
5
2
40
4
14
1
17
9
5
2
33
1
10
1
22
2
5
3
32
3
7
2
13
2
5
3
4
16
7
2
27
1
12
2
18
3
10
3
45
6
12
3
34
11
7
2
7
3
4
2
29
1
11
3
17
15
1
3
12
6
10
2
12
3
9
3
61
2
9
1
61
1
8
2
38
1
7
2
49
1
10
1
41
1
12
3
45
2
10
1
52
1
1
1
28
3
6
1
23
1
14
2
53
1
6
1
38
2
4
3
61
6
3
1
44
1
1
1
15
1
2
1
68
1
6
3
15
3
9
1
41
2
6
2
36
5
9
1
10
1
2
3
28
7
5
2
66
3
9
1
45
1
8
3
63
8
2
3
36
6
5
3
71
3
11
1
67
1
12
3
65
2
8
1
13
9
10
2
32
3
12
1
63
2
14
3
43
1
13
1
23
3
12
3
28
2
12
3
41
1
1
1
12
12
9
3
31
21
14
2
28
2
2
1
27
2
3
2
29
2
11
3
52
10
13
2
12
1
6
3
39
6
1
2
23
2
5
2
41
4
5
2
14
2
1
1
9
5
1
3
42
2
13
1
66
1
1
1
34
9
2
3
6
1
1
3
60
18
11
3
26
4
10
2
55
2
10
2
14
3
14
1
29
3
6
2
31
1
5
2
35
2
11
3
67
6
9
3
5
2
1
2
61
1
6
2
30
5
12
3
30
21
3
1
54
2
12
1
36
3
4
2
39
1
14
3
32
12
5
2
47
4
7
2
71
1
4
3
1
7
10
1
47
3
9
3
6
5
12
2
63
1
5
3
16
4
4
1
3
5
12
1
38
1
11
2
34
2
6
1
14
1
3
2
27
2
11
1
37
1
13
2
23
1
2
1
39
2
14
1
22
1
5
2
66
1
2
2
33
3
8
1
67
3
2
2
44
1
5
2
11
1
10
1
32
6
2
2
37
1
13
1
8
10
2
3
2
9
4
2
67
2
5
3
13
4
9
3
38
4
10
1
71
2
5
3
47
6
2
2
55
3
5
1
27
1
7
3
23
10
11
1
6
1
1
2
16
1
4
2
15
3
3
1
30
2
13
2
54
2
4
2
6
1
9
1
7
1
6
3
33
14
2
3
5
1
7
3
16
2
10
2
25
2
10
2
38
2
12
3
10
22
3
1
8
7
14
1
35
3
13
3
54
1
2
2
47
3
6
1
52
3
9
1
6
2
13
3
25
5
5
1
39
4
13
2
34
3
4
2
6
2
4
1
55
1
7
2
68
1
3
3
65
16
9
3
67
32
2
2
43
2
11
1
32
2
10
3
29
17
3
1
2
2
4
2
25
3
8
1
16
7
6
2
1
3
14
2
10
3
11
3
49
5
5
2
2
2
11
3
26
6
13
2
8
3
3
3
14
14
10
2
53
3
2
1
16
2
8
1
26
1
7
2
9
3
4
3
18
6
11
1
30
20
11
2
16
2
10
2
67
1
5
2
65
3
5
2
22
2
10
3
8
13
10
3
13
2
2
1
40
1
6
3
49
8
14
3
40
6
5
1
54
3
8
3
12
4
10
3
9
25
7
3
7
2
12
3
30
23
5
1
66
2
8
2
3
1
7
3
43
7
11
2
17
2
3
3
44
6
1
1
61
2
5
1
5
1
5
1
25
3
12
1
44
4
6
1
9
11
3
1
25
1
9
2
63
3
7
3
34
10
12
1
5
2
7
2
45
4
2
2
36
4
2
3
55
3
9
3
11
22
9
3
9
12
6
2
15
2
6
1
15
2
4
3
23
11
9
1
7
7
2
2
26
2
11
3
2
10
4
2
39
4
1
1
60
1
14
1
68
2
5
3
1
8
10
2
13
1
10
3
14
11
8
1
4
6
5
3
22
3
7
1
33
1
2
2
61
2
10
3
27
7
14
1
55
2
7
3
7
1
4
2
5
3
9
2
60
2
8
3
27
11
11
1
14
22
12
3
3
5
7
2
54
1
7
1
1
3
2
2
7
1
2
1
17
8
4
1
18
15
11
1
26
3
2
2
17
1
6
3
4
13
3
1
71
3
1
1
31
4
3
3
54
2
5
2
8
1
3
1
4
8
13
3
53
1
13
3
41
3
4
3
33
18
4
3
55
15
6
3
37
12
3
1
53
2
14
2
68
2
3
3
29
2
6
3
18
18
3
3
38
3
13
3
22
1
7
3
17
2
3
1
3
11
12
2
18
4
9
1
37
2
8
1
33
3
1
1
42
2
8
1
65
2
8
2
3
2
2
3
15
8
6
3
68
11
5
2
42
3
8
3
25
1
4
2
28
3
6
1
43
1
8
2
49
4
8
2
31
2
12
3
53
5
3
3
31
1
5
2
11
3
14
