3
40
2
11
2
8
3
11
3
30
14
1
2
47
3
2
2
37
2
11
2
16
1
3
1
14
2
9
2
71
1
3
1
66
3
5
3
38
12
3
2
12
1
4
3
47
2
9
1
32
1
6
1
17
14
13
3
16
4
9
2
38
2
10
1
1
1
3
1
40
1
8
3
17
8
4
3
54
2
4
2
60
3
9
2
4
2
1
1
5
2
7
1
38
3
13
1
61
2
10
1
49
2
2
3
71
1
1
1
35
4
11
3
31
30
1
1
16
2
14
3
44
4
6
3
28
12
1
2
4
3
3
2
38
1
14
1
30
18
7
1
67
2
12
1
60
1
9
1
42
2
10
2
36
4
8
1
45
1
14
2
35
2
8
3
29
10
8
3
10
11
10
3
15
9
11
2
32
3
2
3
68
9
8
3
40
3
13
1
18
2
10
3
49
5
2
1
53
2
6
1
28
3
2
3
43
7
10
2
61
1
13
1
60
2
6
2
17
1
5
2
6
3
9
1
65
2
10
2
35
3
5
3
52
14
13
3
43
5
7
3
26
1
8
1
5
1
4
1
55
2
2
2
1
2
14
3
55
12
11
2
52
4
11
3
18
8
6
1
41
3
6
2
37
4
9
2
11
3
1
3
53
5
6
1
8
7
9
3
34
6
3
1
44
4
6
1
6
2
2
3
15
4
14
1
7
3
7
1
7
10
7
1
3
5
14
3
4
19
12
2
40
2
4
3
25
2
11
3
37
1
1
3
66
5
9
2
28
2
13
3
6
2
14
2
68
3
14
2
13
3
3
3
55
11
9
1
36
1
7
3
13
7
11
1
10
2
1
3
5
3
6
2
39
4
9
2
27
3
9
2
52
1
12
3
67
30
3
3
49
7
6
3
36
10
7
1
66
1
1
3
32
10
1
1
39
1
6
3
23
9
14
3
47
9
7
1
68
3
1
3
13
5
9
2
31
4
5
3
29
18
7
1
43
2
4
3
68
4
4
1
63
2
3
3
14
19
2
3
4
2
1
1
43
3
10
2
2
3
4
1
22
3
4
2
18
1
12
3
2
5
1
3
28
7
1
1
12
5
14
2
45
4
3
3
34
11
1
3
45
1
5
2
28
3
3
2
41
3
1
1
15
4
7
3
3
8
3
1
11
11
11
1
45
2
14
2
32
1
4
2
26
3
14
2
54
2
6
3
5
4
7
1
38
2
6
3
39
3
8
1
28
1
4
3
66
2
8
1
40
3
13
1
23
1
8
1
27
2
4
3
65
14
14
1
3
6
12
2
27
2
14
2
34
3
13
2
25
3
6
1
18
14
12
3
45
4
8
2
44
2
1
2
33
2
4
3
22
8
13
1
41
1
10
1
47
1
3
3
9
27
7
3
63
10
7
2
54
1
2
1
35
1
1
1
39
4
2
2
42
2
5
3
36
11
9
3
26
10
12
2
14
3
11
2
49
3
14
3
32
1
5
1
29
2
6
3
35
1
8
2
16
3
7
2
44
1
12
3
27
5
5
3
71
2
14
2
36
2
8
2
2
2
4
2
22
1
12
2
12
3
8
1
8
4
12
2
67
1
5
1
42
1
13
2
65
3
8
1
26
1
7
2
68
2
9
1
34
1
13
2
45
2
1
2
61
3
6
2
42
1
12
2
6
1
5
1
33
3
5
3
61
7
1
1
65
1
4
1
68
2
1
3
1
6
8
1
27
1
10
3
27
1
14
3
7
4
1
3
42
4
13
1
16
1
13
1
47
3
13
2
5
1
9
2
30
1
1
2
53
2
14
2
22
3
11
1
71
2
11
3
33
13
13
3
54
1
9
3
2
6
2
1
54
1
9
2
31
2
7
2
10
2
2
2
66
1
1
2
40
4
14
2
14
2
12
3
37
2
1
2
47
2
12
2
5
3
9
3
53
7
1
1
25
2
1
2
55
2
14
3
60
17
8
3
23
16
7
3
16
5
14
1
2
7
2
1
17
8
14
3
10
25
11
2
65
2
5
1
67
3
8
2
66
2
13
1
37
1
5
3
18
7
12
2
23
3
6
3
39
6
1
3
7
3
14
1
29
1
1
3
3
9
1
3
12
3
2
1
54
2
14
3
9
24
9
2
11
2
11
2
8
1
14
1
14
19
10
3
38
3
9
3
60
12
9
2
33
1
1
2
29
1
10
2
30
3
12
1
30
9
7
2
67
2
8
1
4
1
11
1
34
10
6
3
44
1
11
2
3
3
4
1
71
1
12
2
49
4
7
1
33
6
7
2
29
3
3
2
41
2
9
3
61
8
1
1
53
1
13
3
65
1
13
2
43
4
4
2
60
2
7
3
6
1
7
2
25
1
10
2
15
3
9
3
42
3
6
2
9
2
10
1
23
2
4
1
31
10
2
2
26
1
2
1
10
5
10
1
13
8
10
1
61
1
10
1
2
2
8
2
23
1
13
2
71
3
11
1
52
3
9
1
9
12
14
3
67
6
1
3
41
1
2
2
1
1
12
2
7
3
3
2
17
2
9
1
12
15
10
3
1
8
10
3
8
2
8
1
26
2
5
2
18
3
4
3
33
6
4
1
22
1
9
2
63
2
14
3
31
3
7
1
63
1
11
1
15
5
2
3
14
15
8
2
53
1
12
2
34
2
3
1
25
1
10
1
4
6
7
2
63
3
13
3
63
3
6
3
11
26
2
1
31
1
14
1
11
1
1
1
49
1
13
1
13
9
13
3
11
17
13
2
13
1
10
1
9
9
13
2
39
2
2
1
1
2
7
3
17
2
3
2
3
2
9
2
7
1
4
3
12
2
4
2
43
3
4
3
41
2
9
1
55
1
12
3
30
5
6
1
44
3
3
3
8
1
7
2
9
1
13
3
35
8
3
3
22
2
8
1
6
1
2
3
25
9
3
3
52
3
7
2
55
1
3
1
37
2
7
2
10
3
4
1
52
1
5
1
32
7
1
1
36
3
14
2
15
2
3
