3
3
4
8
1
23
2
12
1
11
5
12
3
53
4
4
2
14
1
8
3
6
5
2
2
49
1
7
2
8
1
8
1
43
2
13
1
55
2
2
2
49
2
4
3
14
11
8
2
7
1
13
1
39
1
10
1
1
1
12
3
52
15
2
3
61
11
5
3
2
12
14
3
44
10
7
1
67
2
6
1
6
2
10
2
23
1
10
2
23
3
9
1
35
3
1
1
37
1
13
2
34
1
12
2
52
1
7
3
29
1
11
3
11
18
4
1
10
7
10
3
45
1
4
1
11
7
12
2
37
2
6
1
37
2
6
3
31
11
9
3
34
9
9
1
29
1
7
3
30
4
13
3
5
3
13
2
71
3
10
1
71
2
8
2
66
1
1
2
12
1
5
3
10
6
6
1
30
15
4
3
18
16
1
2
3
1
7
2
7
2
6
2
66
3
8
2
5
1
12
2
28
2
9
2
42
4
7
2
29
1
8
2
38
3
2
1
12
3
11
3
54
1
8
3
25
9
9
2
52
2
2
3
63
4
8
3
2
5
14
1
25
2
7
2
65
4
13
3
35
2
12
2
47
2
1
1
29
2
14
3
68
5
12
2
67
1
3
3
27
4
2
3
37
3
5
1
34
5
11
1
10
8
9
1
9
4
14
3
33
6
6
3
47
3
4
1
3
1
14
3
60
13
6
2
39
3
14
2
39
4
4
3
22
1
8
2
68
2
10
1
15
5
9
3
38
9
13
1
35
1
7
3
30
20
9
1
33
6
2
3
55
8
6
1
61
1
5
2
35
3
10
3
66
1
11
1
54
3
12
1
8
4
14
1
60
2
5
1
28
1
5
2
3
2
1
2
6
2
7
2
41
3
12
3
1
1
11
3
16
8
12
1
38
3
9
3
9
32
13
2
15
2
9
2
15
1
10
3
18
8
4
1
31
17
6
1
40
1
7
2
42
1
9
2
31
4
11
1
65
2
14
2
17
3
13
2
18
3
6
3
63
11
1
2
2
3
1
2
14
2
8
2
30
5
14
1
22
1
11
2
43
1
5
2
29
2
5
3
8
1
10
2
55
3
5
3
40
1
3
1
44
1
10
3
25
1
2
3
7
2
11
3
53
8
5
3
10
7
6
3
71
3
14
2
2
2
3
3
44
6
14
1
1
2
4
3
28
1
2
2
26
3
12
1
34
6
7
2
63
2
12
1
52
2
4
1
5
1
13
3
67
4
2
1
7
11
2
3
43
8
3
3
12
1
5
1
71
3
12
2
6
3
11
1
17
12
5
1
68
2
2
2
31
5
5
1
40
3
1
3
28
4
14
1
61
2
12
3
68
6
11
1
53
2
6
1
45
1
8
2
55
2
14
2
22
2
1
2
40
1
5
1
14
18
5
3
61
1
8
1
9
3
10
1
31
4
4
2
41
5
8
3
13
2
4
3
41
3
6
2
61
2
1
3
15
17
5
3
17
5
9
2
45
1
8
1
52
3
1
2
54
1
10
2
22
1
12
3
47
5
10
1
47
2
11
2
32
2
1
1
30
1
6
1
7
5
12
3
17
13
14
3
9
29
7
3
52
18
10
3
26
9
11
2
43
2
3
3
32
2
2
1
25
1
6
2
68
1
9
1
42
1
11
3
4
13
5
2
35
1
3
3
3
8
14
3
49
3
3
1
39
4
7
3
26
8
4
2
53
2
10
1
14
19
1
1
67
1
6
2
47
4
14
1
63
1
12
2
38
4
6
3
67
23
8
3
4
11
3
2
30
1
11
1
55
1
5
2
17
2
10
1
27
3
5
1
63
2
14
1
26
2
2
2
9
2
1
3
11
12
10
2
33
2
8
2
12
3
8
1
42
2
11
2
33
3
10
3
43
7
5
2
34
3
2
1
33
4
13
1
23
1
4
1
66
2
1
2
10
1
3
2
63
3
13
2
44
3
6
2
1
1
3
1
60
1
3
1
44
2
4
3
35
3
11
1
49
1
4
2
9
3
5
2
32
4
10
3
16
6
12
1
32
4
6
1
18
14
5
1
45
2
12
1
2
3
11
1
26
1
12
3
5
5
9
3
1
7
3
1
16
5
14
3
65
19
10
2
61
1
8
1
15
4
1
1
3
6
13
3
42
3
5
2
25
3
6
1
4
8
3
1
54
2
6
2
1
2
8
1
8
3
13
3
14
4
10
2
60
4
9
2
71
1
10
3
39
3
3
1
6
1
9
3
31
19
6
3
12
7
7
3
55
7
11
2
53
1
4
1
49
2
14
2
28
3
7
2
27
2
12
1
43
3
1
3
6
1
6
1
5
2
6
3
34
5
8
3
40
4
13
1
53
1
13
1
17
6
5
3
60
28
11
2
16
2
10
2
11
2
4
1
13
4
3
3
45
2
11
2
18
4
13
1
22
3
11
3
33
16
12
3
71
5
11
3
37
1
10
3
15
2
1
2
16
1
9
3
8
7
5
1
32
1
11
2
54
2
3
2
10
3
11
3
23
10
11
1
68
1
7
2
11
3
2
1
36
1
10
3
66
8
7
2
60
1
12
1
47
3
13
2
36
3
2
2
4
2
2
2
8
3
4
3
27
9
8
2
5
2
13
2
45
2
14
2
13
2
8
2
65
1
6
1
65
1
11
3
32
1
2
2
27
1
12
1
38
1
6
1
28
3
4
1
36
3
7
2
37
1
12
3
41
1
12
3
29
5
14
1
66
3
8
1
41
2
6
3
36
11
5
2
26
2
3
3
65
5
2
3
7
4
7
3
42
2
12
3
13
6
9
2
36
1
13
2
67
2
12
1
41
1
5
3
39
9
6
1
18
12
1
1
2
4
5
3
36
9
8
2
4
1
14
2
44
4
4
3
22
2
3
2
25
2
11
3
54
2
11
1
4
1
5
1
16
6
9
2
40
4
9
3
49
1
5
3
38
3
5
3
23
12
10
1
12
1
1
2
13
1
6
1
27
2
2
1
13
5
10
