1
9
1
3
3
25
2
13
3
6
5
1
1
36
3
10
1
34
1
3
3
30
13
8
2
6
3
3
3
15
3
12
1
7
3
6
2
66
3
14
3
33
24
3
3
29
19
5
1
23
2
6
3
53
1
12
1
40
3
11
2
4
1
4
1
28
2
3
1
47
3
12
3
7
2
3
1
61
2
3
3
18
7
12
1
27
3
13
3
9
32
6
1
55
2
4
1
31
14
4
1
26
3
3
3
45
1
14
2
53
1
8
1
71
1
2
1
14
15
3
1
38
2
4
2
23
1
12
1
41
2
9
1
7
2
13
1
18
3
2
2
45
4
8
2
22
3
8
1
29
2
3
2
26
2
3
3
28
8
9
2
36
1
4
3
71
3
7
2
65
4
10
1
2
4
12
2
31
2
8
3
43
4
2
3
61
4
12
1
23
1
3
3
40
4
10
3
65
8
8
1
44
4
6
2
54
1
11
2
10
1
11
1
68
2
3
3
4
25
6
1
55
1
8
2
12
2
10
3
49
4
12
2
27
3
5
3
42
3
10
3
7
3
1
2
28
3
13
1
60
1
1
2
60
1
9
2
10
3
4
1
12
12
6
1
54
1
5
1
71
2
7
3
26
8
10
3
39
8
3
3
38
8
2
2
47
2
8
2
39
3
8
1
40
2
1
3
23
15
6
3
10
19
8
1
9
12
11
2
14
1
9
2
55
2
10
2
2
2
10
1
8
7
9
2
35
3
10
3
11
22
1
3
23
3
11
1
41
1
6
2
41
2
8
2
28
1
8
3
25
4
6
3
60
21
9
2
32
2
3
3
45
7
2
3
44
7
11
3
14
25
3
2
8
3
3
2
15
3
6
2
36
5
9
1
3
9
4
3
35
8
8
1
37
2
3
1
12
10
9
3
3
3
12
1
2
3
2
1
16
1
7
2
30
2
7
3
67
1
12
2
47
1
4
3
1
7
10
1
31
3
7
2
55
3
13
1
30
1
2
3
43
8
6
1
29
1
4
3
8
20
7
2
1
1
2
3
66
8
1
3
47
8
2
3
28
9
9
1
35
4
5
1
36
1
10
1
67
3
9
3
11
14
2
2
44
4
14
3
13
5
5
1
22
3
14
1
34
4
13
1
8
9
11
1
13
3
6
1
32
5
12
3
4
8
8
3
2
5
5
3
3
7
3
2
25
2
13
3
55
12
11
1
18
8
11
3
17
14
1
1
67
1
9
2
9
1
8
2
11
2
9
1
47
1
10
3
15
13
4
2
29
2
13
3
61
1
10
3
5
2
3
2
40
2
14
1
22
2
12
1
43
1
10
1
1
1
6
1
15
1
13
2
3
1
14
1
45
1
7
2
35
1
12
1
53
2
6
3
35
4
11
3
41
2
1
1
49
2
7
1
6
2
12
2
7
2
5
2
2
1
7
3
44
3
14
1
28
3
12
3
63
9
6
1
37
1
7
2
18
1
5
1
45
2
11
2
38
3
12
3
31
20
6
3
33
2
4
1
60
2
10
2
60
3
1
2
71
1
4
2
44
1
5
2
3
3
12
3
54
2
2
1
26
1
14
1
25
3
8
1
42
2
10
2
7
3
14
3
14
2
5
2
30
4
1
2
13
3
7
1
66
2
5
2
67
1
13
1
17
7
4
2
32
3
1
1
63
1
2
2
61
3
5
2
17
3
10
3
27
17
7
2
43
2
5
2
43
3
3
2
13
2
12
2
14
2
10
1
44
2
2
3
9
17
13
3
32
12
6
3
34
4
12
1
10
6
4
1
27
1
6
1
5
2
7
1
39
3
8
3
17
17
10
2
4
3
5
3
16
1
3
1
30
3
10
2
1
3
8
3
54
1
3
3
18
14
12
3
5
3
3
3
53
2
9
1
52
2
6
2
9
2
1
1
65
1
10
3
52
9
5
1
13
8
1
1
5
1
10
3
41
1
6
2
49
1
2
1
39
2
14
2
16
2
9
3
27
14
9
2
29
3
4
1
4
6
1
3
10
18
3
3
6
3
10
2
41
3
14
2
53
2
6
2
40
1
5
3
30
7
3
1
66
3
12
1
10
3
9
3
12
1
6
3
36
2
13
1
61
1
14
1
14
4
3
3
66
3
10
3
12
2
4
2
61
2
10
2
37
1
10
2
68
2
13
1
53
1
8
2
39
2
5
3
29
6
7
3
2
10
2
3
38
12
8
2
17
1
7
2
8
1
11
2
67
2
7
3
16
4
8
1
15
3
14
3
22
7
12
1
32
1
7
3
71
5
9
2
31
5
6
2
45
3
4
3
60
12
5
2
54
2
6
1
65
2
11
1
35
2
3
2
15
1
11
2
63
2
7
2
22
2
5
3
37
6
5
2
63
3
3
2
5
2
12
1
25
2
4
3
37
10
1
3
47
4
13
1
38
1
8
2
52
3
12
2
66
2
6
3
31
25
7
2
26
3
7
2
16
1
2
1
33
4
1
1
3
6
7
1
33
1
9
3
13
8
3
1
54
3
2
1
11
8
8
2
42
1
7
1
1
2
5
3
55
15
2
2
11
1
14
3
68
2
13
3
52
4
10
3
39
1
5
2
34
1
14
2
23
2
8
2
52
7
6
3
65
10
3
2
33
2
3
1
6
1
7
1
68
1
14
2
34
3
3
3
22
10
11
3
34
2
2
3
8
1
13
2
5
3
13
1
17
9
12
3
40
2
11
2
27
1
1
2
25
1
11
3
49
2
14
2
65
1
2
3
26
3
14
1
63
2
1
1
43
2
6
1
49
1
1
2
33
3
11
2
12
3
2
3
42
4
8
3
63
4
8
1
4
2
4
2
49
4
11
3
67
10
12
2
6
1
13
1
16
5
3
3
32
9
14
2
71
2
11
2
42
2
6
2
18
3
14
3
1
8
12
1
11
11
6
1
42
1
7
2
37
2
11
2
68
4
2
3
68
17
13
2
38
1
9
3
36
11
6
1
52
1
14
