2
53
1
2
3
17
2
13
3
31
29
3
3
49
4
10
2
43
3
10
3
30
8
6
2
41
1
3
1
26
2
5
1
8
15
7
1
28
1
1
1
43
3
4
1
13
7
2
3
10
11
6
3
4
26
4
1
12
17
14
2
7
2
11
3
26
1
2
1
55
1
11
2
14
3
2
1
31
11
13
2
27
3
5
3
47
5
11
3
8
4
2
2
6
3
13
3
60
21
6
1
17
5
5
3
9
9
3
1
6
1
12
1
1
3
11
2
14
1
4
1
2
4
3
2
35
2
8
1
15
3
4
3
71
5
9
2
13
2
7
2
12
1
7
3
68
14
7
1
47
2
8
2
71
2
5
1
14
19
14
3
22
8
4
3
18
24
5
2
34
3
4
3
67
9
14
3
54
2
12
2
52
3
13
2
28
1
14
2
61
2
12
1
54
2
12
2
22
3
11
3
44
7
14
3
15
14
13
2
43
4
3
1
7
11
9
3
61
11
13
1
18
14
13
1
41
2
11
3
13
9
12
3
41
2
4
2
32
4
5
3
45
5
12
3
14
25
9
1
30
9
4
1
30
18
2
2
8
2
12
3
55
14
5
1
22
3
10
1
42
1
4
3
7
1
5
2
36
5
1
2
65
3
14
1
63
1
10
3
38
7
1
1
32
3
2
3
10
8
3
2
7
3
4
2
3
1
13
2
9
1
14
3
34
9
8
3
39
2
7
3
52
10
12
3
23
6
10
1
49
1
11
1
26
1
14
2
16
1
10
1
13
4
14
3
13
2
10
2
11
2
4
1
28
2
8
2
23
1
2
2
1
2
5
2
67
1
12
2
6
2
2
1
65
2
14
1
7
10
7
3
7
3
11
3
27
8
12
3
66
3
3
3
45
1
1
2
55
3
10
1
34
2
6
2
15
1
14
1
68
1
13
3
55
8
14
1
3
11
13
2
32
1
12
3
31
28
9
3
35
6
2
2
27
2
12
1
38
1
9
1
6
2
4
1
63
2
10
1
5
1
5
2
68
3
13
3
39
6
1
1
36
1
6
3
32
10
7
1
40
1
11
3
42
4
12
1
37
1
13
2
35
3
10
2
11
3
9
2
68
2
14
1
33
1
9
1
9
14
3
3
11
7
3
2
3
2
7
3
54
1
11
2
29
1
5
2
29
3
3
2
15
2
13
2
5
2
6
3
2
7
2
3
23
2
4
2
36
4
14
3
12
3
14
2
9
3
10
3
27
1
8
1
37
2
3
2
71
1
5
1
60
2
8
2
5
1
2
2
39
4
1
3
25
4
13
2
12
3
13
2
42
3
6
3
32
8
2
2
25
3
7
1
39
4
7
2
33
3
6
3
44
5
12
2
44
5
2
1
45
1
14
2
45
1
14
1
44
3
10
3
40
2
13
2
33
1
10
2
17
2
8
2
47
1
9
1
39
1
8
3
43
7
2
1
25
3
6
1
35
1
11
2
42
4
8
3
16
1
4
3
34
11
4
3
33
7
3
2
18
1
1
1
33
8
10
1
53
2
10
2
49
3
11
2
30
5
1
1
41
3
8
1
43
1
5
3
25
2
7
2
37
4
2
3
49
3
3
3
29
13
12
1
52
3
2
1
8
14
3
1
67
1
8
1
42
2
8
3
38
2
4
2
65
2
11
1
27
3
10
2
39
1
3
1
65
1
5
2
28
2
9
1
23
2
11
3
17
17
9
2
23
3
12
1
71
3
5
1
53
1
11
3
12
6
2
2
1
1
11
1
40
2
6
1
16
1
11
3
36
5
4
3
35
2
8
1
32
5
5
3
43
5
13
1
35
3
14
2
67
2
3
2
53
3
7
2
47
4
9
1
17
10
5
3
68
3
12
2
60
2
12
2
18
2
12
3
18
23
2
1
25
1
9
3
11
19
11
3
33
8
14
1
4
3
13
2
49
2
1
3
28
4
5
3
14
21
2
2
26
4
10
3
60
31
5
1
34
1
9
3
41
3
13
3
16
5
7
2
2
3
12
3
65
12
11
2
45
2
6
1
38
2
13
3
5
3
4
3
26
3
1
1
29
2
14
2
52
5
3
1
15
5
10
1
18
15
1
1
27
2
5
3
29
14
4
2
38
4
14
2
25
1
12
1
61
3
9
2
22
1
9
1
10
3
13
1
66
1
10
1
36
2
3
3
52
12
8
1
31
10
9
1
71
1
1
2
38
2
10
3
1
8
9
2
54
2
10
1
60
1
9
2
13
3
14
2
16
2
7
1
11
1
4
1
12
4
5
1
2
3
4
3
67
33
7
1
5
2
13
2
66
3
5
1
10
4
6
2
26
1
7
2
54
1
9
1
47
3
2
2
34
1
8
3
15
7
10
1
54
3
5
1
61
1
10
2
4
1
9
3
9
13
13
1
11
6
11
2
61
3
10
2
31
1
5
2
10
3
5
2
40
3
11
2
60
1
5
1
4
6
11
3
2
5
14
2
2
1
11
2
66
1
3
1
66
3
14
3
3
2
8
1
9
2
7
1
22
1
2
1
55
2
6
1
49
2
10
3
6
4
11
3
30
6
5
3
66
6
11
3
5
1
2
1
52
1
3
3
22
4
7
2
63
1
13
1
1
1
5
3
3
8
13
2
10
1
13
3
63
7
11
2
44
3
9
3
61
3
5
3
4
5
1
3
8
1
8
3
40
6
14
2
31
4
7
3
47
8
14
2
30
3
12
2
17
1
3
2
63
2
1
1
68
3
3
1
45
2
5
1
14
16
4
2
8
1
1
1
23
3
3
3
28
14
7
3
36
6
10
1
29
1
6
3
42
2
9
3
53
5
13
3
6
6
14
1
16
7
2
1
67
2
6
2
37
1
10
2
4
3
4
1
3
9
10
3
65
15
5
2
55
2
7
3
37
11
8
3
71
1
12
2
40
1
6
1
44
4
12
3
1
4
3
3
37
9
8
3
63
8
10
2
41
3
6
3
53
3
4
