3
9
9
13
3
6
4
6
1
3
6
8
2
10
2
10
2
63
2
6
2
30
3
2
3
25
2
9
3
27
1
9
1
18
14
14
2
49
1
5
2
35
2
4
3
10
14
13
1
65
1
14
1
2
4
14
3
33
14
14
1
43
2
2
3
55
12
3
1
38
2
5
2
13
2
4
3
35
5
2
3
55
5
8
1
33
2
13
3
45
5
7
3
9
8
9
3
39
1
1
3
41
1
8
1
45
2
3
2
33
3
3
3
44
1
3
3
15
2
14
1
12
11
6
1
26
1
9
2
45
2
11
1
3
4
14
2
40
3
7
3
14
16
7
3
28
6
1
2
2
3
7
1
7
11
8
2
26
4
4
3
28
5
7
1
30
7
7
1
7
6
6
3
1
7
8
1
71
3
13
1
40
3
7
1
25
1
14
3
43
3
8
1
9
2
5
2
8
1
12
3
8
2
5
1
30
16
9
3
12
2
3
2
43
1
12
1
34
1
10
3
16
1
7
1
47
1
3
2
34
3
8
3
63
8
10
2
44
4
14
2
25
2
3
3
65
8
14
1
32
7
10
1
17
2
11
2
1
1
13
1
53
1
7
2
44
3
12
1
41
2
4
2
61
1
13
2
52
3
13
1
8
4
11
1
42
2
8
1
66
2
4
3
10
3
12
3
65
13
3
1
32
3
3
3
63
3
14
1
12
13
2
2
33
2
6
2
2
1
1
2
60
2
5
1
4
4
1
3
30
1
4
2
16
3
7
1
37
1
13
3
33
13
13
3
47
3
7
2
23
3
8
1
23
2
1
2
7
3
14
1
68
3
3
2
5
1
4
2
22
2
5
1
6
2
13
3
31
18
10
2
18
1
6
1
6
1
14
1
26
3
11
3
61
9
2
2
43
2
12
3
52
5
8
2
27
1
8
2
66
2
7
3
26
10
5
1
2
3
3
3
18
15
1
2
4
2
4
1
49
1
11
3
27
3
14
2
6
1
4
2
52
2
1
2
36
2
3
3
30
14
3
2
67
2
6
1
55
1
9
3
71
3
13
3
18
3
2
3
41
3
3
2
45
3
5
3
36
12
7
2
9
3
2
3
4
18
4
3
1
8
13
2
54
1
11
3
34
2
11
2
23
1
7
1
15
5
13
3
13
6
7
2
16
2
12
2
53
1
12
2
28
1
4
1
52
1
8
3
40
2
11
1
61
3
13
3
71
1
10
1
14
10
9
3
37
8
8
1
22
3
6
2
4
3
14
2
68
1
13
1
53
2
13
1
54
3
11
2
34
2
11
1
10
3
13
2
47
4
6
2
32
1
14
1
41
3
6
2
41
3
6
3
4
27
11
1
63
1
6
3
22
11
8
2
53
3
3
3
37
10
9
3
5
2
2
3
7
5
3
3
39
6
1
1
11
6
1
2
60
1
6
2
15
1
11
3
45
2
6
1
13
5
6
2
3
1
2
2
15
3
3
1
29
2
10
3
6
1
5
2
27
2
4
3
54
2
9
1
9
10
14
2
28
3
7
3
67
23
13
1
67
1
9
2
40
1
13
2
3
3
14
3
42
1
8
3
54
1
2
3
22
4
4
3
31
9
7
3
25
6
2
2
17
3
12
1
18
13
8
3
14
17
9
2
22
3
9
3
60
22
2
3
13
3
2
2
67
1
5
2
31
4
4
1
25
2
6
1
22
2
11
3
36
6
4
2
39
2
3
3
29
4
2
1
31
6
9
3
11
11
8
3
52
3
3
3
40
3
4
3
26
8
13
1
52
2
9
1
28
3
12
2
37
1
3
1
11
7
12
1
63
2
8
1
23
3
9
3
38
9
9
1
16
2
4
1
8
6
4
1
45
1
11
1
47
3
11
1
43
1
3
1
44
3
3
2
32
2
10
3
2
9
4
2
39
3
4
3
32
8
12
2
9
1
8
1
33
8
11
2
71
2
1
1
13
1
8
2
38
4
7
3
17
1
11
3
49
2
5
3
42
2
13
1
55
2
12
2
47
3
8
2
6
2
13
3
7
3
13
3
43
2
2
2
42
1
13
2
63
3
6
2
29
2
13
2
26
2
11
3
68
5
8
2
61
2
1
2
36
4
14
3
61
6
4
1
38
1
8
2
5
3
1
1
31
3
1
2
49
4
9
3
35
2
13
2
10
1
4
3
29
10
12
1
71
1
13
3
66
4
2
1
60
2
2
1
27
3
1
2
65
3
11
3
3
4
13
3
68
17
9
1
44
4
13
1
27
2
6
3
49
4
1
2
11
1
10
1
35
1
3
1
68
2
10
2
55
1
11
2
25
3
2
3
38
10
11
2
66
3
14
2
8
3
10
3
3
8
1
2
37
2
2
1
60
1
1
2
38
5
4
3
60
30
13
3
8
16
9
1
37
2
11
2
29
1
1
1
54
1
6
2
41
4
13
1
5
1
11
3
34
7
1
1
14
3
8
1
61
2
7
3
44
7
9
1
10
8
13
1
65
2
9
1
29
1
11
1
66
3
12
1
34
6
12
1
35
3
5
1
1
1
5
3
12
1
1
2
71
1
4
3
67
17
11
2
68
3
3
1
36
2
8
3
5
5
13
3
47
8
8
2
35
1
4
2
65
2
8
3
32
10
10
3
11
10
6
1
16
7
4
1
39
2
5
2
11
2
3
2
31
3
5
1
42
1
12
2
7
2
10
1
17
3
9
2
1
2
7
2
17
1
6
2
54
2
4
2
13
3
2
3
23
5
2
1
39
4
1
3
66
9
12
1
40
1
14
3
23
6
9
2
14
1
4
3
15
9
13
2
18
2
3
3
16
7
10
3
53
1
3
2
12
3
10
2
30
1
1
1
15
2
9
1
36
1
5
1
67
3
12
3
17
6
9
2
12
2
10
1
49
2
12
3
2
1
5
1
4
1
1
1
28
2
8
1
5
2
11
2
55
2
13
3
53
7
7
2
42
2
12
1
1
2
1
2
14
2
3
