2
68
4
6
3
37
1
6
3
39
2
13
3
45
5
13
2
49
3
4
3
66
5
6
2
16
2
10
3
39
7
12
2
42
2
4
1
28
2
3
3
47
8
11
3
65
9
7
3
61
3
7
3
29
17
8
1
43
1
13
2
27
2
14
1
47
2
11
3
67
13
9
3
35
1
13
2
4
3
2
3
16
2
4
3
13
6
6
2
55
1
3
2
3
3
1
1
66
2
2
1
18
9
2
3
6
5
13
1
37
1
5
3
53
3
7
3
14
6
9
2
53
1
7
3
28
1
9
3
68
17
14
3
52
12
13
1
4
1
12
3
41
4
2
2
22
1
13
2
40
4
4
1
44
2
7
2
47
1
3
3
18
9
3
3
32
1
5
1
39
3
3
1
40
3
8
2
26
4
14
1
63
1
12
3
63
12
6
2
11
2
6
1
68
2
12
1
60
1
6
3
60
16
9
1
34
7
13
2
37
2
10
1
55
1
3
1
43
2
8
1
44
1
3
3
54
1
6
3
22
1
1
1
52
3
8
1
11
4
11
1
26
2
14
2
7
2
12
1
36
2
11
1
31
6
13
3
16
3
4
2
1
1
8
3
27
9
7
3
5
5
2
1
53
2
11
3
40
1
11
3
68
9
2
1
23
3
8
3
2
6
7
3
10
13
12
1
61
1
6
1
41
2
12
1
42
2
7
3
12
4
4
2
32
1
3
3
23
13
2
2
61
1
3
1
3
8
12
1
39
1
9
3
35
4
4
3
55
13
14
2
11
1
13
1
11
10
1
3
33
4
4
1
55
2
2
2
42
1
12
2
18
4
10
3
37
2
14
2
35
1
8
1
61
3
11
2
67
1
6
2
6
3
12
2
31
1
5
1
14
20
3
3
27
3
8
1
18
10
13
1
65
2
7
2
60
1
3
3
43
3
6
2
71
3
11
2
45
2
1
1
52
2
6
1
10
4
5
1
38
3
2
2
29
2
8
3
5
3
13
1
4
6
14
3
43
6
12
2
28
2
4
3
6
2
6
3
41
2
10
2
54
1
2
1
1
1
12
2
4
1
4
2
45
1
13
3
52
6
8
1
68
3
14
3
49
3
11
1
5
2
6
1
17
16
12
1
41
3
10
1
54
1
9
1
13
7
5
1
54
2
6
3
71
3
13
1
7
7
10
2
44
3
2
1
36
3
4
1
63
2
11
2
63
3
2
1
26
1
6
1
67
2
10
1
65
1
10
1
15
4
3
2
22
2
8
2
32
2
1
1
45
1
9
2
6
2
14
3
54
2
14
2
47
4
13
1
9
13
10
2
53
2
11
1
30
14
3
3
12
3
5
3
4
14
13
2
3
2
9
2
17
3
2
3
9
12
12
3
17
12
7
3
25
3
1
2
39
3
7
2
37
1
5
3
38
4
1
3
53
4
6
1
67
3
3
3
44
10
3
2
8
3
8
1
2
7
7
2
12
1
13
2
68
3
3
2
9
3
2
3
31
25
8
1
15
3
1
2
39
1
4
1
9
7
13
2
60
4
10
3
34
11
1
3
49
8
12
3
45
7
1
1
5
1
3
3
33
18
12
2
1
3
7
2
44
1
9
2
43
1
3
2
15
3
1
1
42
1
13
2
67
2
7
1
35
2
3
1
2
5
9
2
25
1
9
1
71
3
5
2
30
4
11
2
66
3
9
1
22
1
4
2
9
1
14
1
29
2
11
3
63
8
12
1
32
7
10
2
55
3
10
1
53
1
10
2
17
2
5
3
15
4
4
3
36
12
11
2
14
2
8
2
43
4
14
2
10
2
14
3
22
10
12
1
32
4
7
3
11
16
8
3
40
2
5
1
28
3
3
1
33
5
7
1
49
2
7
3
65
5
3
3
11
19
11
3
3
3
8
3
7
5
8
1
14
10
1
2
5
1
9
2
52
2
6
2
36
1
4
1
17
10
12
2
27
3
9
3
71
2
11
3
67
32
8
2
65
3
8
1
34
6
9
1
12
11
2
2
66
1
11
2
18
2
9
3
28
3
3
3
38
12
14
1
8
8
9
1
33
6
7
3
55
16
10
2
2
3
3
3
42
3
9
3
66
8
6
2
13
3
11
2
10
3
2
3
44
6
11
1
29
3
7
3
17
14
4
1
47
3
3
1
35
3
2
2
61
2
14
2
41
5
13
2
30
3
2
2
23
3
8
2
35
2
4
2
33
3
9
3
36
13
10
2
34
3
12
2
8
1
2
2
25
2
4
1
37
2
2
3
15
15
7
2
36
4
8
3
42
2
7
1
7
2
7
3
3
5
9
2
16
1
13
2
28
1
8
1
31
17
8
1
23
2
9
3
26
9
10
3
13
1
6
1
30
18
9
1
16
4
13
1
27
2
13
3
7
3
8
3
25
5
13
1
10
8
12
2
40
3
7
2
33
1
8
1
40
2
10
3
34
5
14
1
16
1
1
1
49
1
10
2
52
3
6
2
5
2
14
1
22
3
10
2
63
2
14
2
7
3
5
3
10
23
14
1
6
2
5
1
60
2
3
2
65
2
8
1
25
3
3
3
9
6
3
2
12
3
9
3
1
7
6
1
45
2
4
3
31
24
2
1
66
3
14
3
23
3
14
2
13
1
3
2
14
1
10
3
26
6
14
3
30
15
8
2
38
5
10
3
47
5
10
1
71
1
5
2
23
1
10
3
29
14
2
3
2
12
1
2
54
2
6
1
1
2
13
2
15
1
3
1
25
2
5
3
1
6
6
2
26
2
8
3
8
19
13
2
2
2
7
2
31
5
13
3
4
8
3
3
8
11
5
1
13
9
8
3
60
18
10
2
38
4
11
3
18
12
3
1
12
17
3
3
14
16
6
2
71
2
9
2
49
4
12
1
38
2
6
1
27
3
2
2
34
2
7
1
3
5
4
3
30
25
6
3
61
2
10
2
41
1
9
3
32
3
9
2
29
1
3
1
6
1
13
1
8
14
14
