1
4
1
7
1
65
1
4
1
41
3
9
1
9
4
4
2
9
2
13
3
45
4
12
3
12
1
12
2
27
3
7
3
38
9
9
3
6
1
12
3
10
22
12
2
22
2
5
1
8
15
1
1
36
3
12
3
13
6
11
1
38
3
7
3
8
9
10
1
66
1
13
1
17
11
8
3
22
11
3
1
13
9
8
2
44
1
3
1
16
4
4
3
61
6
11
1
26
1
2
1
47
2
13
1
2
5
3
3
37
9
14
3
34
7
7
2
37
1
7
2
67
2
14
1
14
9
7
1
34
3
12
2
12
1
3
1
22
2
14
1
53
2
1
3
23
12
10
2
66
2
6
2
54
1
9
1
23
2
4
3
52
4
7
3
2
7
1
2
18
1
7
1
41
1
13
1
43
1
5
1
38
1
4
3
37
7
6
2
6
3
2
3
1
8
6
3
40
5
5
2
28
1
10
2
17
2
7
1
32
3
7
3
22
2
7
3
55
12
2
3
45
2
2
2
15
3
11
3
25
1
13
3
27
6
12
3
65
5
12
3
3
5
5
1
29
1
6
3
47
10
3
3
15
12
11
2
41
2
8
2
14
2
4
2
5
3
5
3
32
7
7
2
40
3
11
1
55
2
12
1
16
1
5
3
39
3
13
2
4
1
11
3
52
2
1
1
52
3
8
1
31
5
2
3
5
1
12
2
23
1
12
3
61
2
14
2
13
1
3
2
68
1
13
3
44
3
4
2
53
2
14
3
34
10
8
3
15
11
1
2
4
3
4
3
40
6
7
1
71
1
9
3
13
5
4
2
55
2
10
1
60
1
8
2
11
1
12
2
36
2
5
2
16
1
12
1
4
4
13
3
42
1
14
2
47
4
2
2
71
1
6
3
44
4
8
2
8
3
3
3
67
4
10
3
53
7
13
2
13
3
12
1
53
1
9
2
33
1
2
3
29
15
3
2
38
3
14
3
28
4
3
3
2
6
14
2
17
3
13
2
8
1
9
3
5
3
12
3
68
10
13
2
12
3
8
1
12
1
8
2
53
3
1
2
31
2
4
3
41
2
4
1
47
3
5
3
12
7
13
1
37
1
12
3
33
10
14
1
6
2
11
1
54
2
13
3
42
2
5
3
43
8
5
1
3
10
10
3
49
8
3
1
65
2
12
3
14
23
4
1
6
1
13
1
54
1
3
2
7
2
1
2
29
3
7
1
31
8
1
2
60
2
9
1
15
4
13
2
33
3
7
1
3
7
14
2
39
3
10
1
63
2
3
3
47
6
7
3
4
20
5
2
10
3
5
3
32
6
3
1
42
1
10
3
67
21
1
1
2
7
7
3
63
11
13
2
35
1
14
3
35
1
11
3
38
1
9
1
7
5
9
2
32
3
6
2
10
1
9
3
28
6
3
2
30
3
6
1
5
2
12
3
18
8
2
3
29
9
2
1
28
1
13
3
60
4
1
3
1
1
12
3
43
2
14
1
26
2
4
1
1
1
14
2
26
3
8
3
7
2
4
2
67
1
13
3
55
7
8
3
41
1
8
2
30
4
10
3
54
2
4
1
68
2
4
3
16
6
6
1
18
9
14
2
42
2
9
2
52
5
11
1
35
2
6
1
27
1
9
1
45
1
6
2
45
2
8
3
68
2
13
1
28
3
9
3
26
12
4
2
11
2
5
3
9
18
9
1
39
1
9
3
30
18
13
2
28
2
9
1
43
3
11
3
3
7
13
3
25
2
11
3
31
8
10
1
45
2
7
3
30
14
10
2
52
4
4
3
53
6
5
3
9
10
6
2
38
2
3
1
66
2
2
2
3
3
9
2
35
2
7
2
36
3
1
1
29
2
14
2
22
3
9
1
32
6
7
3
11
4
12
1
7
2
6
1
30
18
13
1
27
2
8
2
61
1
9
3
6
4
5
3
16
2
10
2
1
2
8
1
33
2
6
1
10
8
1
3
35
6
13
1
10
5
14
1
34
9
9
1
5
1
9
2
39
2
14
2
32
1
3
2
7
3
13
1
1
2
6
1
12
17
6
1
67
1
5
2
68
4
8
2
63
3
8
1
13
5
2
2
1
3
6
1
14
4
7
1
23
1
5
2
63
1
6
3
36
7
14
1
25
2
7
2
25
3
9
1
49
1
2
1
61
3
6
1
55
1
3
1
44
1
7
2
42
3
11
2
23
2
10
1
52
2
3
2
34
2
11
1
9
5
8
2
43
5
1
2
29
2
13
1
42
2
8
3
36
9
3
3
66
5
11
1
40
2
7
2
26
4
8
2
25
2
6
2
6
2
11
3
8
16
1
2
60
4
8
3
31
22
6
2
34
1
3
3
27
9
4
2
44
2
14
3
18
14
3
1
15
1
9
1
40
1
5
1
63
1
6
1
37
2
14
2
49
3
9
3
71
2
4
3
10
4
8
2
16
2
3
1
22
3
2
2
2
2
12
2
27
2
1
2
3
1
11
3
39
2
10
1
25
3
10
2
47
2
4
1
36
1
10
2
9
1
9
2
71
3
11
3
65
19
4
2
49
2
5
2
54
2
3
2
31
4
2
1
35
3
14
1
8
9
7
1
67
2
6
2
55
1
3
2
2
3
8
2
65
4
10
1
30
21
4
1
17
16
10
3
23
19
4
3
4
18
12
2
43
1
8
3
63
3
1
3
66
9
8
1
61
2
8
2
5
1
4
3
17
15
4
1
11
10
7
1
11
11
8
2
45
4
10
1
71
2
11
3
7
4
10
1
33
7
12
3
60
13
13
2
14
1
6
1
18
8
8
1
60
2
4
3
49
1
11
2
37
4
6
2
40
4
11
3
33
18
3
2
61
3
12
3
71
5
14
2
18
2
10
1
44
3
12
1
68
3
8
1
49
2
14
1
39
3
13
3
11
20
7
3
17
14
2
2
15
2
10
3
26
10
7
2
65
3
3
3
54
1
10
2
66
3
8
3
14
11
5
2
41
3
11
