2
65
3
12
1
11
10
8
2
31
3
4
1
71
1
9
3
14
22
12
1
3
11
13
1
17
6
7
2
22
2
13
1
32
7
11
3
38
12
7
2
60
4
7
2
26
1
6
1
37
2
9
2
45
2
4
3
15
9
8
1
44
2
3
1
31
6
11
2
52
1
14
3
31
4
3
3
35
1
13
3
36
10
10
1
12
6
10
2
1
2
6
2
35
3
9
2
1
3
5
2
27
2
4
3
10
1
13
1
30
13
14
1
27
3
14
1
14
2
13
2
39
3
11
3
65
19
3
3
2
10
4
1
5
1
8
3
47
10
10
3
6
3
11
1
34
1
3
1
22
3
3
2
34
2
11
2
61
2
6
1
45
1
14
1
43
3
14
1
49
2
12
1
67
1
7
2
25
1
14
3
39
8
6
3
29
5
14
3
2
11
6
2
42
3
3
1
40
2
8
1
25
2
7
1
61
1
7
3
66
5
13
2
27
1
1
3
47
3
3
1
65
2
13
1
16
4
3
3
38
9
10
2
71
3
2
1
54
3
11
1
28
1
10
2
71
1
1
3
35
8
1
2
53
2
12
3
63
10
1
2
28
3
4
2
12
1
2
3
15
1
14
3
17
10
1
1
63
2
1
1
26
2
10
1
40
3
9
2
36
4
14
1
26
1
12
2
9
3
7
3
9
19
13
3
68
17
9
2
10
2
10
1
13
5
2
1
12
12
12
2
44
3
8
1
18
14
3
1
71
3
7
1
4
6
6
3
22
7
13
1
1
2
3
2
15
3
11
1
54
2
6
2
11
1
10
1
35
2
14
2
53
3
2
2
5
2
8
2
43
1
8
2
17
1
9
2
47
3
8
3
26
12
3
3
45
2
10
2
68
1
9
3
61
1
5
2
36
2
11
2
38
4
3
3
25
3
11
1
25
3
5
1
47
1
1
1
4
4
7
1
15
1
1
3
18
25
4
2
8
2
8
2
11
3
13
2
5
3
6
3
13
2
13
2
66
1
8
3
23
15
2
3
40
2
7
2
17
3
7
2
13
1
9
2
26
3
2
1
18
11
6
1
6
1
3
1
63
1
12
3
1
8
3
3
40
5
5
3
5
5
7
3
65
8
4
3
28
15
1
3
44
8
6
3
22
10
9
3
71
5
7
2
40
2
7
1
8
11
10
2
30
3
9
2
28
1
2
2
2
1
3
3
43
2
2
2
41
2
14
3
16
7
4
2
13
3
5
1
67
2
14
3
10
5
1
1
29
1
12
2
9
2
8
2
22
1
4
3
54
2
6
3
66
9
3
3
33
12
10
2
54
1
9
2
38
2
3
3
27
14
1
2
4
3
11
2
31
5
8
3
7
2
5
2
16
2
1
1
11
4
4
3
63
4
1
1
42
1
11
2
37
1
5
1
10
6
12
1
2
4
2
3
11
24
4
3
26
2
6
2
43
3
6
1
31
14
6
1
10
3
8
2
52
2
7
3
42
4
10
2
44
4
1
2
23
3
14
1
53
1
14
1
43
2
1
3
17
7
11
3
30
8
4
2
68
2
9
3
34
10
7
2
63
3
4
3
16
5
1
1
28
3
11
3
71
1
3
1
29
3
6
3
39
2
11
1
53
2
11
2
54
2
12
1
7
5
13
3
45
4
3
3
13
9
7
3
67
33
8
1
66
3
13
3
5
2
8
1
39
4
11
3
3
10
4
1
9
3
9
1
38
2
5
2
37
4
6
3
12
2
3
3
12
6
12
1
16
5
5
3
34
5
3
3
54
1
9
1
36
3
6
2
67
2
3
1
47
2
6
3
53
2
12
2
2
2
10
2
18
2
7
2
47
1
10
1
1
3
2
2
25
2
3
3
6
6
5
3
41
2
4
2
29
1
5
3
7
3
13
1
49
1
4
3
52
13
6
2
39
2
5
2
60
3
11
1
13
9
6
1
52
3
6
2
34
1
12
3
49
7
5
3
60
26
5
1
23
2
6
3
49
8
10
3
11
1
10
2
63
2
2
1
41
1
12
2
3
2
4
1
68
2
2
3
37
8
5
1
52
1
13
1
55
2
5
2
15
2
12
3
32
3
13
1
15
5
3
3
3
8
9
2
32
3
1
2
4
2
2
1
17
2
4
2
61
3
14
3
27
2
7
1
34
11
13
2
8
1
1
2
55
3
7
3
44
10
9
1
9
9
4
1
35
1
13
1
33
5
8
2
16
3
12
1
22
1
8
1
60
1
12
1
39
1
7
1
8
10
4
3
55
7
6
1
61
2
3
2
49
4
6
1
27
1
1
3
4
22
12
1
60
2
4
3
8
15
4
3
52
6
14
3
30
21
3
2
49
3
13
3
68
5
12
3
37
5
13
1
2
3
5
3
61
9
10
3
4
23
7
3
60
30
8
3
28
4
1
1
14
16
5
1
44
3
3
2
14
1
13
1
45
2
11
1
6
2
10
2
7
2
9
3
41
1
2
3
55
2
4
2
14
3
13
2
6
1
1
1
32
6
14
3
67
17
7
3
42
1
11
3
8
11
12
1
23
1
2
3
25
1
13
3
18
9
5
2
7
3
1
1
55
1
4
1
68
3
9
1
37
1
6
2
65
4
2
3
32
11
5
1
36
2
14
2
35
1
6
3
23
19
9
2
32
2
5
2
55
2
11
2
42
1
1
3
9
32
3
2
6
3
9
2
33
3
9
1
66
2
2
3
1
9
12
2
40
4
8
2
3
3
3
1
65
1
14
3
43
1
8
3
14
7
11
2
10
3
12
2
33
2
3
2
12
3
4
1
3
5
1
1
42
2
4
2
41
5
7
2
23
2
7
2
30
2
13
2
67
1
10
1
7
11
10
3
53
7
1
3
31
2
4
2
66
2
14
1
41
3
10
1
33
1
4
2
45
3
12
1
5
2
12
2
18
4
5
3
33
11
14
3
29
2
6
3
36
4
11
1
38
3
2
2
29
3
10
1
30
20
3
