1
33
7
7
2
10
3
10
3
2
9
9
3
31
5
10
3
11
17
4
1
49
2
1
3
22
5
5
1
2
7
13
1
7
4
5
2
43
4
13
1
45
1
5
3
28
3
6
3
4
9
9
2
14
1
1
2
6
1
2
1
17
6
9
1
11
1
7
3
34
5
3
2
4
3
4
3
42
1
9
3
60
29
11
1
9
12
14
3
27
17
2
1
37
1
8
1
39
2
1
2
33
1
11
1
38
3
4
2
23
3
4
1
2
6
8
1
27
3
6
1
4
7
12
3
47
6
3
3
49
2
5
1
15
1
11
2
61
2
3
3
3
10
11
3
53
3
5
2
16
3
5
3
9
16
12
2
2
1
10
1
8
2
4
1
29
2
4
3
5
2
4
1
44
4
8
3
23
16
5
3
32
3
9
2
71
2
14
1
9
4
3
3
52
13
4
2
42
4
8
2
27
1
7
1
55
2
6
2
15
1
3
2
34
1
5
3
54
1
10
1
15
5
2
2
26
1
1
1
29
3
8
2
29
1
5
1
6
2
1
2
17
2
6
1
52
3
9
3
6
4
6
1
40
1
4
1
27
1
11
2
45
4
5
1
39
4
13
3
25
1
6
2
37
2
1
2
43
5
5
2
16
2
12
2
3
2
13
2
32
3
2
3
8
14
3
1
35
1
4
2
12
2
1
2
30
4
5
2
30
2
8
3
67
31
9
3
13
7
11
1
52
2
9
2
54
2
6
1
5
2
5
2
47
4
11
2
11
2
5
3
68
6
3
2
6
2
12
1
18
1
10
2
63
2
5
2
5
1
10
2
61
3
13
2
32
1
7
2
28
1
14
2
15
2
11
1
14
3
10
1
13
3
3
3
44
10
5
3
43
3
13
2
47
3
13
3
39
1
3
2
12
1
9
2
38
2
6
1
14
21
3
3
5
5
1
2
39
1
10
1
45
2
5
2
10
1
1
3
3
6
14
1
65
1
6
2
54
1
2
3
26
2
10
2
8
3
6
2
37
1
1
3
15
3
6
1
34
9
4
1
6
1
12
1
53
1
14
3
4
13
2
2
36
3
8
3
30
12
2
1
1
2
3
3
7
1
8
3
2
11
10
2
60
3
13
3
32
1
10
1
41
3
7
3
37
11
1
1
60
2
6
3
17
9
9
3
55
2
14
1
44
2
8
2
67
2
1
1
61
3
7
2
2
2
13
3
44
4
6
1
61
2
12
2
8
2
1
3
63
12
12
3
25
3
4
2
13
1
10
1
26
2
14
3
55
4
8
1
65
2
10
3
47
3
11
3
1
5
14
2
33
3
6
3
39
3
6
1
10
3
7
2
5
2
5
3
34
3
4
2
42
2
10
1
1
3
2
2
40
4
1
3
10
4
14
2
41
3
13
3
40
3
7
3
42
3
14
2
65
2
13
2
9
2
4
3
54
2
1
2
49
4
1
2
7
3
4
2
23
2
7
2
25
1
14
1
22
1
8
2
34
2
4
1
33
3
7
1
36
1
6
1
67
2
11
2
25
2
5
2
45
1
1
3
27
3
4
2
28
3
7
1
47
1
4
2
31
3
5
2
35
3
13
1
7
2
10
1
42
1
1
1
10
4
9
1
71
3
3
1
12
2
9
3
36
7
9
1
43
1
2
1
25
2
12
2
68
2
11
2
9
1
14
3
28
6
9
3
23
7
11
1
68
2
13
3
17
15
2
1
13
7
7
1
63
2
5
3
40
1
5
2
11
1
14
1
16
1
4
3
35
4
6
3
6
6
11
3
67
3
4
2
29
2
3
2
44
2
5
3
41
1
11
3
16
6
2
3
65
6
11
3
30
8
6
2
7
1
13
2
3
3
1
2
71
1
4
3
26
3
4
3
15
10
11
3
65
16
1
1
3
8
8
2
44
5
13
3
45
6
14
3
71
3
5
3
45
2
5
1
30
15
12
1
28
3
3
1
11
2
7
2
66
2
7
3
1
8
7
1
22
2
14
3
66
7
11
3
52
5
8
1
8
11
14
3
14
3
10
2
53
2
9
3
41
3
9
1
40
2
4
3
61
8
7
1
25
3
13
1
12
11
9
3
18
24
4
3
33
2
5
1
60
1
2
3
38
6
12
3
8
8
7
1
28
2
11
2
49
3
7
2
40
3
1
3
68
2
7
1
23
2
13
2
63
1
13
3
12
2
11
3
33
20
10
1
34
1
11
3
38
2
12
3
14
21
3
2
67
1
5
2
41
2
5
3
71
2
10
3
43
6
8
2
18
4
3
3
10
17
5
1
32
2
5
3
49
7
12
1
37
2
2
2
1
3
8
3
22
12
9
2
39
3
11
2
65
1
10
2
52
4
8
2
22
3
11
2
18
2
9
2
68
4
4
1
53
2
1
2
17
3
1
2
60
4
12
2
66
1
3
2
27
3
9
3
61
9
5
1
30
8
14
3
18
20
10
3
9
22
9
1
38
1
9
2
4
2
8
1
55
1
10
3
13
2
8
2
26
2
12
1
66
3
7
1
35
3
9
2
35
2
6
1
4
6
13
1
31
4
2
2
13
2
3
1
5
1
14
2
55
1
12
3
60
6
3
2
1
2
4
1
43
3
8
2
53
1
10
2
36
5
13
1
31
15
11
1
18
12
5
3
29
8
8
1
63
1
8
2
22
1
12
3
53
1
14
3
7
3
7
3
16
2
4
1
16
5
6
3
66
2
9
1
17
13
5
1
36
2
8
1
42
2
3
1
68
1
14
1
26
1
14
3
35
3
1
1
49
1
5
3
12
7
13
2
55
2
4
1
41
1
14
1
66
1
3
1
47
3
7
2
52
1
14
1
54
1
13
2
31
4
5
3
11
7
6
1
67
3
11
3
31
4
4
3
37
1
5
3
29
7
10
1
54
3
5
3
36
13
1
2
38
1
13
1
71
2
5
1
32
5
14
1
3
9
2
2
14
2
3
3
63
9
14
1
23
3
13
