1
5
2
8
3
68
12
8
3
66
9
14
2
1
2
4
3
39
6
9
3
13
1
1
2
66
2
5
3
52
10
12
2
16
3
10
1
9
12
3
1
27
1
14
1
67
2
8
2
18
1
6
2
65
2
4
2
28
2
1
2
45
4
9
3
37
1
7
2
40
1
3
3
41
1
1
2
47
3
14
3
7
5
14
1
52
2
12
3
13
3
3
2
22
3
1
1
38
3
2
1
10
5
12
1
45
2
6
1
11
4
10
3
12
4
7
1
2
2
2
3
14
6
2
1
40
2
7
2
33
1
1
1
49
1
6
3
22
4
14
1
63
1
5
2
26
3
2
3
11
5
7
3
47
1
6
3
39
3
3
3
22
5
2
2
63
2
2
2
11
1
2
1
33
4
5
3
15
7
2
1
25
2
10
3
12
7
1
1
33
2
5
2
53
1
5
1
4
2
9
1
27
2
2
1
11
5
11
1
22
2
10
2
23
1
10
1
63
2
9
1
55
2
4
3
25
9
14
3
23
17
13
2
32
1
1
2
6
1
8
1
1
3
5
1
28
1
5
1
66
1
6
2
35
2
9
2
36
5
6
1
17
5
3
1
14
12
5
2
44
2
11
2
67
2
10
3
67
31
11
1
17
8
10
1
26
2
6
1
6
1
14
1
37
2
4
3
67
36
7
1
6
2
9
3
60
22
2
2
15
3
10
2
10
1
13
2
54
1
10
1
52
1
4
2
29
2
6
2
3
2
7
2
26
2
6
1
18
1
9
1
36
3
8
2
39
4
10
1
37
1
12
2
3
1
14
3
47
10
5
2
10
3
3
1
66
3
12
3
28
13
11
1
54
2
7
2
14
3
13
1
29
2
5
1
34
10
9
1
41
2
4
1
39
2
4
1
23
2
14
3
3
2
7
2
31
4
7
1
13
6
10
3
38
6
6
2
8
2
7
2
38
3
10
3
40
5
10
2
60
4
6
3
31
16
14
2
30
4
11
3
17
2
8
3
16
8
11
2
12
3
8
1
71
3
2
3
49
5
3
3
41
3
14
2
52
7
6
1
34
2
4
2
37
4
8
2
42
4
4
1
7
11
10
1
65
2
13
3
16
3
5
1
15
5
14
2
27
3
10
3
10
19
8
2
16
1
12
2
55
2
10
2
22
1
14
1
71
2
10
3
52
2
9
1
13
2
4
1
29
3
13
2
53
2
1
2
44
4
7
1
45
1
10
2
7
1
8
3
9
8
6
2
61
2
6
3
35
7
2
3
36
4
9
1
42
1
13
1
3
5
14
2
6
3
10
1
18
11
5
3
42
3
3
2
65
3
7
3
18
18
7
1
44
1
5
1
60
2
14
2
43
3
7
2
42
2
6
2
71
2
14
3
38
12
13
2
7
3
8
2
31
2
2
1
22
1
8
2
5
1
8
1
30
1
2
2
34
1
13
1
2
3
5
1
32
2
5
2
47
2
6
3
6
1
1
3
1
4
10
2
66
1
14
3
66
8
1
2
23
3
4
1
1
1
2
3
32
1
3
3
49
1
2
3
4
28
3
1
28
3
14
1
16
7
5
3
37
12
10
1
43
3
4
1
53
1
10
3
40
6
6
1
55
1
8
3
9
24
7
3
23
18
12
1
53
2
6
3
61
1
13
1
8
3
7
3
35
1
2
1
61
1
6
1
49
2
7
3
44
1
8
2
17
1
10
3
53
1
5
1
5
1
1
2
54
2
13
2
2
1
1
2
4
2
4
3
8
4
7
1
35
2
9
1
3
9
11
2
15
1
6
2
13
3
8
3
5
2
8
3
2
7
3
3
33
7
11
2
30
5
1
2
49
2
11
1
42
2
3
3
25
5
7
3
68
10
10
3
45
7
7
3
65
8
2
1
16
6
13
2
35
1
6
2
13
2
7
2
28
3
14
2
14
2
7
3
18
13
8
2
4
1
8
3
6
2
12
1
12
2
9
1
15
4
8
2
12
2
4
1
7
1
3
1
47
3
2
1
36
2
13
2
5
2
2
3
17
17
10
1
60
1
5
2
55
1
8
3
63
8
3
2
25
3
14
3
36
2
1
3
26
7
6
3
2
12
11
3
34
10
3
1
4
8
13
2
60
2
7
2
41
5
5
1
23
1
8
3
43
8
13
3
33
5
1
3
71
5
14
1
31
4
1
3
26
12
14
1
8
7
4
2
36
4
9
3
29
16
7
2
49
4
1
3
11
16
14
1
68
2
4
3
65
3
7
1
14
18
1
2
37
3
9
3
4
6
8
3
60
3
10
2
32
4
11
3
54
2
8
1
9
9
10
2
9
1
8
2
71
1
4
3
7
4
13
1
54
1
8
2
68
4
3
2
41
3
4
3
5
3
11
1
39
3
2
3
28
14
3
1
68
3
11
3
61
6
5
2
38
1
4
3
63
6
1
2
27
2
14
2
68
1
4
1
40
1
2
3
3
1
7
2
52
3
5
1
30
13
7
3
54
1
1
1
38
2
13
3
27
5
9
2
1
1
10
3
10
15
7
3
31
17
6
1
31
9
13
2
11
3
7
2
43
1
10
1
41
3
5
3
14
22
1
3
44
7
13
3
1
3
13
3
34
11
3
1
25
3
5
3
55
3
11
1
26
1
13
1
67
3
4
2
9
2
1
2
33
3
8
2
63
1
3
2
40
3
13
2
17
2
8
2
8
1
5
3
27
12
7
3
29
7
5
3
71
3
1
2
39
3
9
2
2
3
8
2
34
3
8
1
43
2
9
2
61
1
4
1
61
3
2
1
44
4
5
3
45
6
5
1
12
13
5
3
53
4
8
3
15
15
11
3
8
20
1
3
43
2
3
1
10
6
2
2
18
2
4
3
30
18
7
3
30
16
5
2
45
3
5
2
67
1
13
2
29
3
8
1
32
4
4
1
65
1
4
3
55
17
8
1
35
3
6
3
42
1
1
3
32
9
2
1
47
1
11
2
25
1
13
