3
31
6
6
3
16
8
2
1
11
9
13
1
61
1
3
2
6
1
8
1
63
1
8
3
29
2
9
1
22
3
8
2
13
2
3
3
60
19
11
3
41
1
1
3
39
1
10
2
14
1
14
3
12
2
7
3
41
4
5
1
10
7
11
2
2
3
2
1
29
1
14
2
22
2
9
3
3
1
2
2
11
2
7
1
47
3
7
2
7
3
2
3
5
4
5
3
68
3
8
2
60
3
13
1
67
3
7
3
34
1
5
3
22
5
12
1
36
1
5
1
38
3
6
1
44
1
5
1
5
2
14
2
25
1
6
1
26
3
8
3
30
9
8
1
43
1
13
2
68
4
10
3
52
8
10
1
39
1
10
1
11
8
4
3
36
11
10
1
30
15
6
3
53
6
11
3
43
7
10
1
12
14
6
2
47
1
6
1
27
2
14
3
23
16
4
2
18
3
14
3
22
11
4
2
3
1
8
1
61
2
6
2
44
4
13
3
35
2
10
3
28
9
11
3
38
3
4
3
15
12
8
2
1
2
3
1
3
1
12
2
37
2
14
1
36
2
3
3
27
11
11
3
61
7
6
2
26
3
5
1
32
1
8
1
68
1
5
3
40
6
10
2
10
2
1
2
52
1
4
3
26
2
8
1
1
3
12
2
35
2
1
1
65
2
6
2
39
2
7
2
31
3
8
3
68
5
1
1
52
1
10
2
66
3
2
3
7
3
4
3
54
1
3
2
12
2
7
3
11
16
11
3
65
11
14
2
23
1
2
3
27
3
2
3
32
3
8
2
16
3
9
3
43
2
2
1
53
1
2
1
49
1
11
3
12
3
1
2
55
3
2
3
37
1
8
3
13
3
9
1
71
2
8
3
25
1
3
3
33
2
3
2
4
1
12
2
4
3
13
2
32
4
9
3
35
1
5
1
2
5
12
3
3
2
7
3
34
5
14
2
10
3
4
3
44
6
1
2
1
1
1
1
6
1
2
1
14
2
7
3
23
14
9
2
33
1
2
2
68
1
4
3
71
2
8
3
17
5
10
2
38
4
13
2
32
1
6
1
66
1
5
3
42
1
2
1
60
1
13
1
13
5
8
1
45
2
1
2
47
4
10
2
8
2
3
3
17
8
1
3
31
5
3
3
37
9
10
2
42
1
12
2
52
6
11
3
44
5
5
2
5
1
3
2
35
1
11
2
54
2
1
1
25
1
11
1
25
3
14
2
3
2
2
3
1
2
8
1
2
6
8
2
30
3
13
1
31
1
4
1
68
3
2
3
13
9
14
1
53
2
2
1
31
15
6
1
71
1
12
2
60
4
4
1
10
2
4
3
11
4
8
2
53
3
6
2
27
3
1
2
5
2
9
1
40
2
4
1
30
19
13
3
52
2
6
3
55
15
6
2
11
1
9
1
15
4
3
3
2
8
10
2
9
1
6
1
9
2
3
2
45
3
5
1
23
1
1
1
26
1
13
3
9
13
2
2
34
3
14
1
23
2
9
3
66
8
5
2
67
2
1
2
15
1
4
1
41
2
4
1
4
8
14
3
32
4
10
3
38
7
11
1
8
13
1
1
54
1
12
1
16
1
5
1
15
2
12
1
39
3
1
3
49
2
14
1
55
1
12
1
35
4
11
2
41
1
9
3
36
3
3
1
42
2
11
3
67
31
8
2
37
4
4
3
45
6
4
2
17
3
9
3
4
17
13
3
2
4
2
3
26
5
2
3
28
13
6
1
16
2
14
2
36
2
1
1
13
4
11
2
63
1
13
2
71
3
6
3
8
8
13
1
32
2
2
1
9
5
12
2
31
4
13
1
40
3
13
2
17
1
9
3
16
7
5
1
1
1
7
2
7
1
10
2
16
1
11
2
65
4
6
3
61
3
13
1
37
2
3
3
10
17
6
2
49
4
8
1
18
11
12
2
42
2
14
2
61
3
4
1
33
8
10
2
28
3
8
2
25
3
7
1
18
6
6
3
18
17
12
2
28
2
4
2
41
4
13
3
6
6
5
2
6
3
2
3
5
1
12
1
44
4
13
3
65
2
11
1
47
1
12
3
42
3
13
1
7
8
3
2
13
1
6
1
3
11
4
3
9
11
5
2
18
4
11
1
63
2
12
3
55
9
4
1
55
2
2
1
45
1
8
1
34
10
6
3
67
26
5
2
26
4
8
2
29
1
9
3
47
8
11
2
67
1
7
3
63
3
6
2
38
3
10
2
30
2
10
2
45
1
1
1
28
3
7
3
49
7
7
1
37
1
4
2
33
2
1
2
66
2
1
2
63
2
13
3
40
5
3
2
15
2
2
1
34
11
13
1
29
3
6
2
9
3
4
2
8
3
13
3
29
8
12
2
65
1
7
1
4
2
1
3
25
9
6
1
22
2
11
3
1
9
5
1
12
11
9
2
53
1
9
2
40
1
9
2
44
3
8
3
60
31
13
1
38
1
10
1
17
4
8
1
6
2
11
2
34
1
11
1
7
3
3
2
55
1
8
3
6
1
9
1
43
2
8
2
71
2
8
2
43
3
4
2
49
1
13
3
7
5
10
1
65
1
13
1
35
1
3
3
45
3
8
1
42
1
13
1
41
3
13
1
14
15
5
1
17
7
2
3
66
9
1
2
12
1
8
1
60
2
13
2
39
3
9
3
39
8
11
2
23
2
4
1
66
3
10
2
43
4
3
2
29
2
6
3
30
27
11
2
2
1
9
1
27
1
2
2
61
2
2
1
49
2
13
2
54
1
2
1
54
3
11
3
71
1
4
1
33
7
7
3
10
13
2
3
54
2
9
2
14
3
14
1
5
1
5
3
53
2
1
3
14
21
1
2
40
3
4
3
63
1
12
1
52
3
2
2
36
1
5
3
47
3
11
2
27
1
5
3
8
12
11
1
28
2
5
2
22
1
3
3
15
2
10
1
8
15
7
3
4
11
10
1
67
1
13
3
18
15
2
3
14
15
13
3
33
12
7
