3
2
8
7
1
34
7
8
1
37
1
13
3
33
13
1
2
49
1
10
2
71
2
13
1
5
1
2
3
17
16
7
3
63
9
2
3
52
10
12
1
44
2
14
2
9
1
10
3
16
2
10
1
30
6
11
1
53
1
7
3
61
2
6
1
55
2
2
1
1
2
1
2
37
2
9
3
54
1
9
2
28
1
13
3
25
6
8
1
23
2
4
3
15
8
5
2
17
2
6
1
30
9
5
2
39
1
2
3
35
1
3
1
39
3
1
1
12
18
3
1
71
2
12
1
15
5
3
1
42
2
6
1
13
2
10
2
27
1
10
1
7
1
9
1
10
1
1
2
67
1
7
3
13
1
4
1
7
2
7
3
42
1
6
1
2
2
5
2
61
3
6
2
27
3
5
2
10
2
8
2
25
3
6
1
31
3
5
3
34
10
14
1
60
1
5
2
54
2
9
2
11
2
3
1
23
1
10
2
29
2
12
2
32
3
6
3
9
11
7
3
14
1
7
3
35
5
11
3
4
6
12
2
44
4
3
1
12
1
6
1
54
1
3
2
36
2
5
1
68
2
7
1
41
3
1
2
1
1
13
3
30
26
1
3
36
13
11
2
4
3
7
1
13
3
1
1
49
1
2
2
47
2
11
3
15
16
12
2
14
2
5
2
23
2
9
1
43
3
9
3
63
6
3
3
49
1
8
3
7
2
9
3
22
7
3
3
12
3
3
3
41
3
13
2
67
2
5
2
2
3
5
3
28
11
13
2
16
2
10
3
37
8
8
2
61
1
1
2
35
1
11
3
66
7
11
2
25
1
4
1
39
4
3
1
9
3
8
2
6
3
5
3
23
17
12
1
33
3
14
3
36
1
9
1
63
1
13
1
66
3
6
1
14
15
9
3
23
8
13
1
27
1
10
3
45
2
7
3
2
1
14
2
55
2
8
1
67
2
2
1
60
2
3
2
41
2
1
3
38
8
7
2
60
2
12
3
6
6
10
1
15
4
6
2
42
2
2
1
2
1
9
1
61
3
2
3
3
6
2
2
53
1
3
1
38
3
4
3
9
30
13
1
28
2
8
1
52
3
2
1
71
1
10
3
5
5
3
2
33
3
12
1
65
2
14
3
32
11
12
2
63
3
14
3
43
7
14
2
49
3
8
1
61
2
12
2
36
3
10
3
10
1
8
3
31
11
5
2
26
2
14
3
60
28
14
2
12
2
5
2
22
2
13
1
4
1
11
1
37
2
14
3
61
5
2
2
22
3
10
3
32
7
7
3
65
7
4
3
71
5
9
3
6
5
4
3
54
2
3
3
31
18
1
1
43
1
8
2
16
3
10
1
16
2
1
3
18
22
9
1
44
4
10
2
9
2
3
1
35
3
8
2
40
1
2
1
22
3
9
3
68
17
13
3
41
4
2
3
4
7
4
3
26
4
2
2
8
3
13
2
17
1
11
2
18
1
7
3
43
6
2
1
35
2
1
2
14
3
12
2
15
1
6
2
42
1
11
1
45
2
10
2
43
3
9
1
36
1
6
3
8
7
13
3
11
19
7
2
44
1
5
1
14
20
13
2
41
4
13
1
8
2
14
3
52
3
3
1
3
10
3
1
18
10
1
1
67
1
5
3
12
2
2
3
67
4
11
1
40
3
12
1
34
11
7
2
35
2
13
3
71
1
4
1
10
5
10
1
38
2
14
3
26
11
6
2
68
2
6
2
38
3
12
2
18
3
6
1
28
1
10
2
39
3
6
3
18
2
2
2
52
2
1
1
11
3
3
3
60
11
1
1
52
2
6
2
13
3
2
2
68
3
8
2
40
3
1
1
65
1
7
3
40
2
1
3
14
15
5
1
26
2
8
2
3
3
8
3
22
10
2
3
66
8
10
2
53
2
14
3
65
19
6
1
42
1
3
2
66
3
2
2
63
1
12
3
42
3
3
2
31
3
1
3
49
3
13
3
53
2
5
2
45
3
9
2
65
1
13
2
26
4
6
2
43
4
12
3
44
10
5
2
15
2
5
2
2
1
12
2
23
3
7
1
40
1
11
1
33
5
14
3
68
11
9
2
13
1
13
2
33
1
6
1
27
2
7
2
60
3
3
1
32
2
2
1
41
1
5
2
34
1
11
3
28
15
2
2
30
2
14
2
6
2
12
1
32
5
8
1
54
3
6
1
49
2
14
2
38
1
2
3
25
4
3
1
18
3
12
3
3
1
5
1
17
12
13
1
16
3
4
2
11
3
1
2
45
1
6
1
29
3
1
1
66
2
6
3
17
13
6
2
10
1
8
2
37
1
10
2
31
5
10
1
47
1
7
2
7
3
3
3
44
1
1
1
17
6
3
1
36
3
7
3
39
9
7
3
34
1
13
3
55
13
14
2
47
4
2
1
25
2
8
2
30
1
12
2
1
2
11
3
40
6
6
1
31
13
9
1
4
4
3
3
16
4
9
3
45
1
2
1
63
2
5
1
1
3
10
2
5
3
8
3
27
7
4
3
1
3
2
1
22
1
4
2
34
3
11
3
33
4
12
2
54
1
1
3
8
2
3
3
30
4
7
2
71
3
8
2
52
4
14
2
32
1
9
1
25
3
5
3
47
4
1
1
6
1
13
3
47
3
14
2
3
1
9
3
27
1
13
1
9
10
5
3
10
18
14
3
29
12
11
3
11
1
4
3
5
4
2
3
67
20
10
1
8
13
13
3
38
4
12
1
11
10
11
2
65
2
3
1
68
3
14
1
6
2
2
3
37
4
3
1
3
8
12
2
66
2
6
1
29
1
13
2
7
2
11
3
55
17
12
1
55
1
14
2
55
1
1
2
28
2
4
2
12
3
9
2
29
3
3
3
13
5
6
3
29
9
14
3
53
6
12
1
47
2
10
2
4
1
14
3
39
3
6
2
5
1
14
1
53
2
1
3
1
4
10
1
26
3
1
1
5
2
5
2
8
2
1
1
45
1
9
3
7
3
14
