2
38
4
5
3
12
3
13
2
25
2
2
1
60
2
5
1
47
1
13
3
26
2
3
3
43
6
11
2
29
2
1
3
71
4
7
1
23
3
7
2
31
2
12
3
44
7
10
2
53
3
4
1
16
6
2
1
31
12
13
2
16
2
14
2
44
4
2
2
17
2
3
1
2
4
1
3
30
22
13
1
44
3
4
1
33
5
9
1
14
7
14
2
53
1
3
1
54
1
2
3
41
2
11
1
47
2
11
1
49
1
4
3
16
2
2
1
61
3
3
1
23
2
12
1
30
14
6
2
14
1
1
3
61
3
3
3
54
2
12
2
49
2
2
2
15
1
3
3
4
11
4
1
18
11
2
3
13
5
10
2
60
1
14
3
55
7
6
3
29
18
3
3
66
7
8
3
68
12
14
2
2
3
4
2
29
3
14
1
36
1
14
2
4
3
1
1
65
1
11
1
60
1
4
1
7
6
13
2
9
1
12
1
39
4
10
1
31
4
4
1
68
1
11
3
47
9
11
2
13
1
6
2
43
2
7
1
35
1
14
3
37
10
10
3
12
2
9
3
22
12
4
1
36
2
4
1
71
3
12
3
61
11
14
2
68
4
5
2
32
4
8
2
65
3
11
2
66
2
8
2
5
1
9
3
8
8
6
3
22
6
2
1
63
2
2
2
10
3
13
2
37
3
13
1
42
2
10
2
26
3
9
1
61
2
3
1
32
1
11
1
67
1
6
3
23
10
13
3
6
3
13
2
17
1
2
2
9
3
10
2
38
5
11
2
1
3
7
3
3
5
8
1
4
3
11
3
65
3
14
3
28
1
14
2
11
2
9
3
32
9
12
1
26
2
5
3
1
3
5
1
8
13
4
2
14
2
7
1
8
5
13
3
7
5
2
2
3
2
2
1
43
1
8
3
42
3
8
1
3
4
10
3
38
9
13
1
67
3
2
2
43
5
10
3
35
7
12
3
27
14
13
1
5
1
8
1
63
1
12
1
6
2
13
1
7
5
12
3
60
20
2
3
13
4
12
3
10
26
8
3
14
12
9
3
28
15
12
2
68
1
14
1
28
2
12
1
26
1
12
3
5
5
3
2
7
1
6
2
32
1
4
1
41
2
1
2
31
4
7
1
30
21
2
1
55
1
2
1
29
2
12
3
43
3
9
3
66
9
1
1
22
2
2
3
44
9
9
1
13
8
5
2
1
1
7
3
36
8
14
3
30
17
6
1
1
3
9
2
55
1
1
3
38
3
5
2
65
2
9
2
30
2
9
3
15
9
13
3
31
3
14
1
49
2
14
3
63
2
14
2
41
5
1
1
5
2
10
1
45
1
3
3
31
4
8
2
35
3
6
3
4
4
6
1
17
4
1
1
34
11
10
2
63
1
9
2
63
2
4
3
33
23
9
3
35
1
6
2
41
2
4
1
11
5
6
2
67
1
10
2
28
2
1
3
63
4
5
2
34
3
1
2
5
3
12
1
37
1
7
2
40
2
5
3
9
5
9
2
61
2
7
2
71
1
13
1
52
2
7
1
2
3
9
2
40
1
6
3
7
1
2
3
53
7
2
3
37
1
6
2
37
4
4
3
27
4
10
2
55
3
13
1
32
6
8
2
54
1
5
2
4
1
4
1
12
7
8
2
34
2
13
1
41
1
8
3
14
13
12
1
55
2
10
2
2
2
13
3
34
6
5
3
49
5
13
2
47
1
3
1
18
10
13
1
4
6
3
1
53
2
3
3
34
4
6
3
11
19
2
1
54
3
14
2
47
2
11
3
3
9
13
3
52
11
10
2
10
2
2
3
42
2
14
3
23
18
4
3
40
4
12
1
66
1
7
3
11
20
8
1
66
3
2
2
28
3
2
2
52
1
2
2
60
4
4
2
8
1
11
1
68
2
14
1
25
1
11
2
49
1
9
1
38
3
11
3
54
1
4
2
11
1
13
3
18
22
5
3
10
9
9
3
39
2
7
1
43
3
5
3
67
3
13
1
45
2
3
3
2
1
11
1
10
7
11
1
40
2
14
1
9
7
6
3
17
3
2
3
25
1
3
1
40
1
3
3
65
4
1
3
5
1
7
2
6
1
8
2
39
2
3
3
17
2
9
2
30
1
9
1
28
1
12
1
3
6
14
2
23
1
14
1
16
1
11
3
25
4
2
2
12
3
5
1
15
5
8
2
66
1
5
2
52
2
10
3
32
2
9
3
55
17
8
3
9
4
13
2
7
2
10
3
6
4
13
3
67
14
13
1
39
2
10
1
22
1
8
2
54
2
1
2
3
1
10
1
27
3
5
2
12
1
8
1
37
2
1
3
33
7
10
2
61
1
13
1
15
3
14
2
33
3
3
2
23
3
7
3
18
14
1
2
39
1
10
2
33
2
3
2
45
4
4
1
44
1
3
3
45
4
12
2
22
3
7
1
25
2
14
3
60
29
6
3
49
7
9
2
8
2
14
1
71
2
10
1
27
2
3
1
11
3
9
3
52
7
12
1
9
4
6
2
13
3
11
2
44
1
7
2
15
2
9
2
71
2
13
2
27
1
12
3
8
16
1
2
67
2
12
1
52
1
5
1
6
1
2
1
35
2
7
3
39
7
10
1
53
1
13
2
27
3
2
1
17
8
12
3
53
4
1
3
41
4
10
2
36
5
14
2
18
4
13
3
26
4
8
1
34
4
8
1
1
1
4
1
42
1
4
3
45
3
9
2
18
3
14
2
42
1
3
3
2
11
1
1
38
2
13
2
25
1
4
3
1
4
1
2
45
1
2
1
14
11
7
1
65
2
8
3
47
3
11
1
10
8
8
1
29
1
5
3
15
16
6
3
71
5
2
3
16
4
10
1
33
7
5
2
6
3
6
2
22
1
3
2
26
2
4
3
68
4
2
3
40
1
4
2
42
4
4
3
29
8
11
1
12
17
1
1
13
5
11
2
16
3
9
2
35
1
5
3
36
14
5
2
36
2
5
