2
7
1
3
3
42
4
10
3
7
4
7
2
66
1
4
3
37
8
4
3
65
17
9
1
6
1
6
2
5
1
11
2
28
2
13
3
14
6
2
1
34
6
7
1
61
1
14
3
40
5
3
2
17
2
5
3
68
15
13
1
61
3
6
2
66
2
1
3
60
26
5
3
27
2
1
3
34
10
4
1
32
4
11
2
10
2
12
1
27
1
8
3
22
9
6
2
33
3
5
3
7
2
13
2
29
1
6
2
45
3
9
2
38
5
2
1
7
3
6
3
44
7
8
3
26
8
5
3
41
3
10
2
45
1
5
3
35
3
13
1
11
6
13
2
4
2
10
3
47
6
8
3
67
12
2
3
5
5
8
2
16
3
14
2
6
3
14
2
17
3
12
1
4
6
9
2
37
1
8
1
32
2
14
3
5
1
11
2
32
4
12
2
23
1
2
1
26
3
12
3
29
14
6
2
53
1
11
3
9
16
9
3
60
11
3
3
4
19
14
1
49
2
9
2
1
1
10
1
65
2
1
2
60
2
10
1
30
1
8
1
8
4
1
3
12
2
13
3
23
16
11
2
8
1
7
2
36
3
12
2
71
3
4
2
43
1
5
1
44
2
13
2
61
2
1
1
12
15
7
1
42
1
7
3
47
8
13
1
42
2
13
1
55
2
5
2
26
2
8
2
43
4
3
3
49
3
1
1
47
3
12
3
16
8
10
3
45
3
4
2
39
3
13
2
44
4
1
1
39
2
5
3
33
5
11
1
65
1
6
3
23
9
3
2
63
2
8
3
16
2
3
2
25
3
11
3
30
14
2
2
41
1
13
1
1
2
1
3
2
6
13
2
14
1
8
1
9
12
11
3
53
7
4
3
68
17
1
2
61
3
5
2
34
3
10
2
54
1
13
3
15
14
4
3
43
5
10
1
47
1
1
1
37
1
13
3
49
7
6
3
3
1
14
3
63
7
1
1
10
6
8
2
35
3
11
3
11
24
3
3
30
1
14
3
32
6
9
1
7
9
6
1
71
2
7
3
18
22
7
3
38
8
9
1
30
7
12
1
60
2
3
1
33
8
8
1
23
1
11
1
16
2
6
2
52
5
4
2
18
2
5
3
39
4
7
3
6
1
12
1
38
1
11
2
33
1
11
2
29
2
3
2
3
2
13
2
2
3
12
1
17
5
8
1
8
10
13
1
39
3
13
1
13
3
8
1
71
1
13
2
38
1
13
2
36
2
10
3
8
14
10
2
31
2
12
2
14
3
5
2
60
1
3
2
37
3
5
2
31
3
7
3
1
2
9
1
66
2
1
1
14
21
4
1
68
1
13
3
66
3
6
2
34
1
13
3
54
2
7
2
53
3
4
1
3
3
2
1
36
2
11
3
25
7
6
1
16
5
3
2
4
3
7
2
40
1
3
3
61
9
8
1
18
5
13
1
54
1
14
1
22
1
14
2
49
1
14
1
52
3
1
1
29
1
2
3
17
5
2
1
40
1
3
2
5
2
4
3
31
15
3
1
25
3
1
3
37
2
3
3
40
1
6
2
52
1
12
3
61
6
5
2
11
1
10
2
44
1
7
2
27
1
12
1
35
4
4
3
9
8
7
2
10
3
2
1
2
1
6
1
54
3
12
1
67
1
12
2
67
2
6
3
4
23
3
2
8
3
8
3
18
14
7
1
41
3
13
3
39
9
9
3
34
4
1
1
34
7
13
3
52
8
13
1
22
3
5
3
32
11
3
1
36
1
8
3
14
16
3
2
68
1
14
2
9
1
6
1
40
3
7
2
22
3
9
3
36
4
4
3
71
2
14
2
65
1
7
1
43
2
1
2
42
2
11
1
5
2
9
3
45
2
10
2
3
1
6
3
13
1
11
3
8
18
12
3
12
4
11
1
2
7
14
1
13
5
13
2
35
1
12
1
9
14
11
1
38
3
8
1
63
1
12
3
33
18
1
2
6
1
5
1
6
2
3
2
15
2
7
1
53
1
14
3
28
8
14
1
10
1
13
3
67
27
4
3
2
10
10
2
16
2
8
2
65
4
10
1
28
2
10
1
15
3
11
2
25
1
2
2
54
2
13
3
71
5
3
1
28
3
7
2
47
3
13
1
12
14
2
3
42
2
3
3
25
9
7
1
5
1
8
1
31
8
4
2
30
1
2
2
32
2
10
2
12
3
4
2
63
1
13
1
29
3
12
3
1
7
9
3
31
17
2
1
43
3
5
3
52
3
3
1
67
3
8
1
18
4
11
3
66
4
11
2
42
4
10
3
10
5
10
3
3
10
13
3
43
6
2
3
11
11
9
1
55
1
9
1
23
2
14
2
12
1
1
2
26
1
8
2
71
2
12
1
45
1
14
1
49
1
10
1
11
8
4
1
66
3
13
2
40
4
4
2
55
3
5
1
3
7
1
2
39
2
9
1
37
2
1
3
38
5
6
3
27
6
9
1
4
7
2
3
13
6
7
2
68
3
14
2
2
1
14
1
1
3
10
3
55
14
2
2
55
1
11
3
10
22
14
3
63
4
7
1
68
2
13
2
47
1
12
1
26
1
4
3
35
4
11
1
27
2
12
3
44
6
13
2
41
5
11
1
35
3
8
2
9
3
5
1
17
3
4
3
54
1
2
1
41
2
14
3
28
1
3
2
22
1
3
2
67
1
3
3
55
6
10
3
6
4
13
2
49
2
5
1
60
1
1
1
63
2
4
3
17
12
9
1
15
1
3
2
7
3
3
2
11
2
10
1
14
3
9
3
29
13
1
3
36
7
4
1
44
4
4
3
53
2
14
1
33
6
5
2
28
1
6
1
53
2
9
2
27
3
11
3
65
2
13
1
52
1
6
3
41
1
13
2
13
1
13
2
18
4
6
3
22
7
7
2
13
3
3
1
31
17
7
1
45
2
5
2
30
2
11
1
25
1
11
3
26
10
9
2
15
3
6
2
23
3
5
2
1
3
8
3
15
10
12
