1
39
2
1
2
34
1
3
2
49
4
1
1
9
2
14
1
3
8
6
1
3
10
14
3
13
9
4
3
63
2
12
1
41
3
6
2
15
1
14
2
43
1
5
1
45
1
2
1
47
3
9
2
12
2
14
2
18
2
8
1
14
14
7
1
2
5
6
1
61
2
7
1
42
2
5
3
37
3
6
1
36
1
11
3
23
17
6
3
42
4
7
2
14
2
12
2
60
3
9
3
49
5
12
1
54
2
13
1
52
2
11
1
61
3
3
2
6
1
8
3
68
11
8
1
38
1
10
2
2
2
2
2
4
2
14
3
39
2
4
3
25
9
8
2
43
3
13
1
71
1
9
3
27
4
13
1
43
1
4
2
23
3
5
1
41
2
3
2
5
1
8
2
33
1
1
3
12
4
3
2
27
3
1
3
68
14
10
1
65
2
3
1
8
4
5
2
1
3
5
3
40
2
12
3
16
7
3
2
3
1
14
3
2
11
5
2
28
3
11
1
18
12
9
3
55
11
6
2
11
2
11
1
44
1
13
1
6
2
12
2
37
1
7
1
2
1
4
2
27
2
10
3
14
25
2
3
15
16
8
1
63
2
14
2
65
4
3
1
1
1
5
3
10
24
2
3
66
5
6
3
65
20
8
1
36
3
14
1
13
9
1
1
4
3
2
3
52
1
3
3
8
1
9
2
8
3
13
3
45
2
13
1
60
2
8
3
31
25
7
1
49
1
8
2
15
2
2
2
13
1
11
3
15
6
2
2
63
2
11
3
42
3
9
1
54
1
10
1
15
3
6
2
44
4
9
2
53
1
7
1
22
3
6
2
29
1
3
2
63
1
2
2
30
1
10
1
4
8
8
3
43
6
12
2
4
1
12
1
33
3
9
2
34
3
5
1
40
3
5
3
22
11
10
2
36
3
1
2
49
1
6
1
28
2
8
2
22
1
3
3
9
27
6
2
71
2
4
1
34
4
12
1
7
2
1
1
25
1
4
1
35
4
12
3
34
9
6
3
65
21
12
2
47
1
12
2
68
3
3
3
17
13
6
2
22
2
4
2
41
5
6
1
42
1
10
2
66
3
6
2
30
2
12
1
5
1
5
2
1
1
14
1
40
1
12
3
4
18
2
2
55
3
8
1
1
3
11
1
28
3
11
2
33
3
12
2
8
2
6
1
17
9
11
3
22
7
8
3
63
6
5
3
13
8
11
3
61
11
11
3
71
2
13
1
35
2
11
3
54
2
4
3
12
7
9
3
35
7
10
3
28
11
13
1
29
1
5
3
38
12
3
2
18
4
11
2
41
3
14
1
45
2
8
2
47
3
13
1
16
1
7
1
71
2
9
2
61
3
6
1
49
2
6
3
9
30
7
3
39
3
2
1
11
11
3
2
39
2
12
3
27
14
14
1
52
3
13
3
61
10
7
1
27
3
12
1
23
1
10
1
10
3
4
1
30
15
14
1
5
2
9
1
27
1
3
3
45
7
8
2
26
1
6
1
63
1
12
3
67
13
11
2
54
2
12
2
39
4
1
2
67
1
9
1
9
1
9
3
47
3
4
1
12
14
14
1
34
6
8
2
38
3
3
3
32
2
13
1
67
3
14
2
17
3
10
3
44
5
7
3
66
8
6
3
36
1
12
3
36
14
3
1
30
12
8
2
40
3
2
1
25
3
11
3
33
19
7
3
11
8
10
3
26
5
7
3
35
1
7
3
52
9
10
1
16
5
1
2
52
5
3
3
25
7
12
3
37
9
5
3
43
1
11
2
17
1
10
2
9
2
6
3
33
16
9
3
38
11
3
2
28
2
5
2
7
2
10
2
45
1
6
3
8
8
10
1
31
2
11
2
38
1
3
3
29
11
3
3
18
25
2
2
26
3
8
2
55
1
3
1
32
1
11
2
71
1
2
3
47
6
6
1
31
5
12
1
13
2
1
2
31
1
11
2
53
3
11
3
6
5
6
3
26
3
9
1
47
2
12
1
26
3
4
3
11
21
2
3
16
3
4
2
5
2
2
3
53
7
9
1
67
1
5
3
32
3
7
2
10
2
10
2
67
2
12
3
7
4
10
3
3
5
12
3
30
21
10
2
40
4
2
1
39
3
9
3
2
5
7
2
10
1
7
1
12
6
9
2
45
3
7
3
60
28
13
2
3
3
5
3
29
12
3
2
44
1
8
1
11
1
9
2
37
4
5
2
14
3
3
3
41
4
9
3
67
27
2
1
66
1
2
1
53
1
14
2
36
2
13
1
17
16
4
1
7
10
7
2
68
1
14
2
6
3
5
1
23
3
10
1
68
2
2
3
54
1
12
3
60
27
3
3
3
9
1
1
68
1
6
1
60
1
12
3
5
5
4
2
29
3
2
3
28
10
7
3
1
8
11
2
12
3
3
2
60
2
11
2
54
1
9
2
7
1
3
2
66
2
12
1
65
1
13
1
15
5
14
1
37
2
4
1
44
4
10
2
25
1
10
3
4
7
1
2
16
2
4
1
53
2
3
1
55
1
2
2
25
2
2
1
18
13
8
1
32
4
4
2
32
1
9
1
37
1
7
2
42
3
14
1
33
8
14
2
61
1
7
3
18
7
8
3
49
2
3
3
53
5
11
3
1
4
8
3
55
3
7
1
14
13
4
2
16
1
12
1
29
2
1
2
42
2
9
1
43
3
4
1
10
1
14
3
7
5
13
3
30
22
12
1
6
1
6
1
22
1
11
3
14
4
13
1
26
2
4
2
23
2
13
2
9
3
1
1
55
2
10
2
35
2
7
2
11
1
7
2
2
3
2
1
66
2
3
1
38
2
13
3
5
1
14
3
23
11
3
3
10
1
6
3
40
3
8
3
31
13
10
2
32
4
10
2
31
4
3
3
34
3
13
1
8
2
8
3
41
3
13
3
71
4
13
3
17
9
6
2
52
6
1
2
65
1
3
2
13
2
11
2
35
3
12
3
44
3
3
3
6
4
4
