3
53
8
11
1
11
12
13
1
53
2
5
1
5
2
3
2
66
3
8
3
8
14
4
1
33
6
4
1
2
6
7
1
35
1
14
2
49
1
5
3
11
11
14
2
12
3
3
3
38
2
7
3
42
3
7
1
27
3
8
1
27
1
11
2
61
1
13
1
25
3
11
1
54
2
7
1
52
1
5
2
26
3
5
3
68
13
6
1
26
1
2
3
49
6
2
2
60
4
14
2
61
2
13
1
9
9
7
1
10
2
4
3
37
1
14
3
32
8
2
3
6
1
4
2
25
2
10
1
53
1
2
3
43
2
5
1
23
2
14
3
28
15
3
2
39
1
8
3
9
2
11
3
71
3
7
1
67
2
6
1
68
2
9
2
52
4
8
2
41
2
9
3
17
13
2
1
25
2
4
2
7
1
5
3
13
5
9
1
11
9
11
2
25
1
6
3
25
4
4
2
52
3
5
3
10
13
1
3
54
1
14
2
10
2
9
3
5
1
7
2
49
3
10
2
31
1
4
2
6
2
5
3
39
5
9
1
61
2
9
1
52
3
8
3
35
3
7
3
60
22
3
3
31
9
12
3
52
2
1
3
61
3
10
3
49
3
13
2
1
3
10
3
26
7
14
1
34
7
8
2
12
1
8
2
67
1
5
2
54
2
5
1
63
1
9
1
13
1
12
2
30
3
12
3
66
6
14
3
14
23
2
1
36
1
3
1
4
7
2
2
33
2
3
3
23
12
9
2
7
3
1
3
3
6
14
2
27
1
13
1
12
15
9
3
63
9
7
3
33
1
10
1
40
3
6
2
42
4
7
3
7
5
8
1
60
2
7
2
10
3
12
2
14
3
14
3
12
2
14
2
6
3
2
1
29
2
11
1
47
1
6
3
55
12
1
1
33
8
8
1
14
22
5
1
23
1
14
2
34
3
6
2
35
2
1
1
39
4
6
2
33
1
4
1
38
3
6
3
65
13
8
2
34
1
10
1
9
5
2
2
5
3
14
2
4
1
8
2
1
2
9
3
47
1
2
3
30
6
9
2
45
1
14
1
2
4
12
1
3
8
14
2
16
3
2
3
36
1
5
1
30
3
3
1
38
2
3
2
3
1
5
3
42
4
3
2
38
2
11
1
67
1
6
2
5
1
3
3
36
13
1
1
32
6
10
1
29
1
14
3
15
15
12
3
67
19
4
1
15
2
9
2
18
2
4
2
44
5
7
2
17
2
3
2
37
3
4
1
68
1
9
1
26
3
8
2
43
4
10
1
31
10
1
2
22
3
14
2
40
4
6
3
18
9
12
2
2
1
9
3
41
4
14
1
6
2
6
2
68
4
1
3
12
3
9
2
45
2
14
1
7
9
12
3
14
1
8
1
8
3
4
2
2
2
10
3
41
2
14
3
53
3
5
2
42
1
13
1
65
1
10
2
27
2
3
1
63
2
9
1
12
2
2
3
39
2
3
2
47
2
10
3
37
3
14
3
34
3
4
2
71
3
5
2
23
3
1
3
61
8
13
1
28
3
4
1
7
6
8
1
18
15
9
1
65
2
12
3
45
3
5
1
41
2
1
1
3
7
14
2
41
4
6
1
37
1
5
3
13
6
6
3
7
4
3
3
33
8
9
3
16
4
2
2
43
3
13
2
55
1
14
1
66
2
13
1
32
7
13
3
32
4
4
3
47
4
1
3
9
32
11
1
41
3
13
1
45
1
11
1
1
1
14
2
16
2
4
1
71
2
5
3
2
4
6
1
1
2
7
1
37
2
5
2
40
1
9
3
11
22
8
2
29
1
9
2
17
3
13
2
65
1
8
3
4
12
5
1
22
2
3
2
53
1
14
1
18
14
13
1
40
1
12
1
30
6
3
3
40
2
10
1
60
1
7
2
28
3
13
3
26
12
5
1
17
12
10
1
42
2
2
3
55
13
3
3
25
5
3
2
11
3
1
2
63
1
10
1
42
1
11
1
44
4
5
2
36
4
4
2
65
3
8
2
29
2
14
3
71
4
10
2
32
1
3
1
43
3
9
3
27
12
10
2
26
1
12
2
68
3
8
1
34
5
12
3
45
1
9
2
35
1
4
2
38
3
4
3
65
12
2
3
10
15
9
1
16
7
5
1
15
1
4
1
44
2
3
3
4
4
12
3
67
18
10
2
13
2
10
2
18
4
10
2
53
2
2
3
40
5
7
3
44
9
8
3
27
6
3
3
2
5
5
2
22
2
6
3
54
2
7
3
43
6
6
3
63
7
3
1
43
2
13
2
55
2
3
1
10
3
7
3
31
24
9
2
71
2
6
1
28
1
7
1
39
1
7
1
54
1
8
1
14
12
13
2
15
2
5
2
60
2
6
2
63
3
4
3
66
3
1
2
30
4
6
3
30
7
4
1
55
1
10
1
71
3
9
2
14
1
6
3
3
4
7
2
8
3
10
1
5
1
2
1
17
15
14
3
15
12
6
2
11
2
11
1
36
2
1
2
23
1
3
2
9
2
10
1
49
1
10
2
32
2
10
2
37
2
9
2
31
5
9
2
15
3
9
1
6
1
5
1
22
3
8
3
38
8
13
3
60
9
6
2
66
1
4
3
29
12
2
3
5
5
3
3
1
6
9
3
52
16
12
1
8
14
6
2
9
1
14
1
66
1
11
2
28
1
10
3
6
4
4
1
61
1
9
1
13
8
3
3
23
16
10
2
36
2
14
3
22
8
12
2
39
2
8
3
29
19
3
2
3
3
3
1
45
2
9
1
47
3
6
1
35
2
11
3
16
2
2
3
35
7
10
3
8
13
12
3
34
10
9
3
44
8
12
2
13
1
11
2
8
1
11
2
44
3
8
2
54
1
13
3
22
5
8
1
49
2
3
3
18
22
14
1
55
2
14
3
68
17
11
1
31
5
6
3
28
5
13
1
16
6
5
1
4
2
5
3
17
7
8
2
4
2
1
3
1
7
9
2
67
2
6
2
47
4
4
