1
7
3
1
1
36
2
8
2
44
5
5
3
7
5
7
1
44
4
13
2
9
1
7
1
45
1
14
3
14
3
4
1
55
1
13
1
65
1
1
3
35
8
7
3
4
21
5
3
27
3
4
2
42
4
2
3
2
8
9
3
33
12
10
3
71
5
1
3
40
5
10
1
53
1
13
1
45
2
8
2
43
2
3
3
8
17
9
2
34
2
9
2
37
2
12
1
42
1
6
2
15
2
11
1
10
5
12
3
45
1
12
1
35
4
11
3
65
10
8
2
60
2
11
1
33
8
8
3
16
8
1
1
7
5
13
3
29
14
9
3
5
1
2
1
43
3
6
1
52
1
14
3
28
16
7
2
2
2
1
2
71
1
3
2
10
2
7
1
65
2
4
1
39
3
11
3
13
3
7
1
31
9
9
1
6
2
13
2
7
2
11
2
36
1
5
3
9
30
12
2
11
2
14
1
63
2
13
1
11
10
7
2
31
3
7
1
38
2
3
2
18
2
5
3
53
1
5
2
67
1
5
3
11
17
11
3
36
1
5
2
39
2
13
1
47
1
10
2
17
3
3
1
41
1
2
3
2
7
3
2
22
2
5
1
2
6
6
3
8
11
14
2
22
3
3
2
44
3
13
1
63
1
9
3
41
3
14
3
65
9
1
3
10
19
14
2
5
2
9
3
52
17
5
3
67
27
10
1
33
2
12
2
26
3
8
1
55
2
14
2
1
2
10
1
28
2
14
3
31
22
3
1
4
6
3
1
26
1
13
3
44
6
7
2
4
3
5
1
41
3
10
2
41
5
5
2
30
5
13
3
63
7
3
3
53
2
10
2
35
2
6
2
29
3
6
3
68
17
10
2
7
3
6
2
30
4
2
2
66
2
6
1
30
21
7
3
52
14
3
2
25
3
7
1
49
1
8
3
42
2
9
2
37
4
9
2
52
2
3
3
14
20
3
3
54
2
2
2
65
4
12
3
10
10
10
1
40
2
13
3
61
6
8
2
61
1
3
2
3
2
10
2
14
1
14
1
53
2
2
3
9
21
11
1
2
5
14
2
54
1
8
1
22
3
9
3
49
6
8
3
45
6
2
3
55
13
10
1
16
1
9
3
3
3
11
2
53
3
4
3
66
8
8
1
67
2
6
3
66
5
7
3
37
11
1
3
55
16
7
1
68
1
10
3
49
1
13
2
2
1
1
2
16
2
9
1
1
2
7
1
54
3
3
1
52
2
3
2
8
3
9
2
39
3
8
3
15
3
3
2
34
3
1
3
60
18
6
2
18
4
7
2
68
4
10
1
35
1
5
1
12
10
10
3
25
1
4
1
28
1
9
1
71
1
13
2
14
2
8
1
8
11
3
2
9
2
12
1
11
3
13
3
47
5
3
1
66
2
11
3
47
3
14
2
45
2
2
1
23
1
4
3
17
1
4
3
29
19
4
2
63
1
5
2
65
1
2
1
17
3
3
1
9
4
12
2
10
3
6
2
60
4
7
3
3
8
5
3
38
10
6
1
16
5
1
3
60
9
2
3
30
24
7
2
12
2
4
2
25
1
6
2
52
6
12
2
32
1
14
3
25
9
14
1
15
1
11
2
13
1
1
3
37
3
7
2
27
2
6
1
67
3
1
2
36
2
13
1
37
2
1
3
16
7
10
1
60
2
4
3
35
5
6
1
14
14
5
2
55
2
12
2
45
4
9
2
23
1
10
3
43
4
3
2
47
1
5
1
30
9
4
1
34
11
13
1
34
3
14
3
18
24
3
3
26
3
8
2
33
3
10
3
38
6
6
1
10
6
4
3
44
7
4
3
4
15
6
2
26
4
1
1
9
7
6
3
36
2
7
2
16
1
7
2
6
1
2
3
32
5
9
2
5
1
2
1
61
2
11
2
1
1
14
3
15
12
5
3
7
3
14
2
38
3
6
3
43
5
4
2
29
1
14
1
32
6
2
1
3
2
2
3
67
17
3
2
40
4
2
3
27
7
3
2
40
1
3
2
31
4
14
3
1
10
9
1
14
22
5
1
17
4
5
1
37
1
6
3
11
22
9
3
12
2
2
1
29
3
7
2
32
2
12
2
53
2
7
3
30
18
11
1
23
2
13
3
17
10
8
2
67
2
1
2
49
3
14
2
38
2
2
1
5
2
2
3
28
9
13
2
17
1
12
2
3
1
2
1
25
1
6
3
42
1
8
1
12
16
11
3
68
5
1
1
18
3
3
1
36
3
4
2
28
2
1
3
31
11
8
1
54
2
1
3
6
4
7
3
23
17
3
1
32
3
9
2
68
1
11
2
71
3
2
3
39
8
1
2
63
3
13
2
28
1
9
1
6
1
4
3
61
2
8
1
26
2
3
1
27
3
10
2
54
2
4
3
54
1
13
2
11
1
8
3
39
5
4
1
60
1
7
1
27
1
11
2
8
1
2
1
29
1
11
3
22
6
13
1
66
1
7
2
66
1
11
3
41
1
1
2
61
3
14
2
15
1
5
1
43
1
9
2
13
3
4
1
38
1
5
1
61
1
12
3
22
1
12
3
71
2
6
3
33
23
10
3
12
6
7
2
6
3
14
3
5
2
14
3
34
11
5
2
12
3
11
1
13
7
13
2
23
3
11
2
35
3
6
3
63
2
14
1
31
11
5
2
33
2
7
3
18
7
14
2
41
3
5
2
43
4
8
3
23
18
5
1
22
1
7
1
13
5
1
1
3
6
8
1
4
5
8
1
18
11
11
1
1
1
7
2
42
3
3
1
25
2
10
2
49
2
7
3
40
6
9
2
4
1
12
1
44
2
11
1
71
2
13
1
49
2
1
3
6
5
14
1
8
6
7
1
42
2
13
3
26
6
13
2
55
3
4
1
5
1
8
1
68
2
5
3
13
7
6
1
39
4
11
2
27
3
2
3
34
8
13
1
15
2
14
2
47
3
5
1
47
2
3
3
1
4
8
3
32
6
11
1
40
1
3
