2
9
3
2
2
44
5
2
3
16
3
4
2
18
2
5
1
66
1
5
2
27
3
5
3
8
19
1
3
34
2
5
3
12
4
14
1
45
1
5
3
17
12
9
2
23
3
1
3
55
7
10
1
44
3
2
2
6
1
8
3
30
28
1
2
34
3
13
2
12
1
10
2
66
1
10
2
8
1
5
1
68
3
10
1
28
1
2
1
65
2
10
3
35
6
13
3
29
13
3
2
14
1
14
1
36
2
14
3
60
7
9
3
38
2
14
3
63
5
11
2
6
3
7
2
1
1
8
2
49
2
5
1
9
13
3
2
10
1
14
2
31
5
6
2
28
2
12
2
68
3
10
2
42
3
3
1
71
3
14
1
1
1
11
1
22
3
5
3
11
12
13
2
33
1
1
1
26
3
7
1
8
11
10
3
40
1
8
1
30
5
6
3
1
4
5
1
25
2
13
1
25
1
10
2
55
1
6
1
55
1
11
3
32
7
4
1
5
1
5
1
44
2
14
1
52
3
13
1
47
2
1
2
41
5
14
2
53
2
11
1
65
1
6
3
52
16
1
3
66
9
10
3
22
9
14
1
53
1
9
3
52
13
1
3
10
18
1
2
36
2
6
3
61
1
8
1
60
2
6
1
11
12
13
3
3
9
14
2
41
3
8
2
38
1
7
1
37
1
12
3
37
9
8
1
45
2
10
2
23
1
14
1
37
2
6
2
36
1
8
3
49
4
14
2
52
1
10
1
12
13
6
2
14
3
13
3
68
2
14
3
9
1
8
1
27
1
13
3
4
18
7
3
71
4
12
2
61
1
6
3
47
6
2
1
35
3
13
2
22
3
4
2
22
1
9
1
12
15
12
3
5
5
8
2
26
2
3
2
65
1
1
1
26
2
9
2
54
1
9
3
16
1
14
1
71
1
5
2
3
1
2
3
67
12
6
2
29
2
9
2
4
2
13
2
71
3
6
2
15
1
10
2
63
2
6
3
63
10
6
3
36
12
3
3
39
7
10
3
13
1
6
3
61
10
3
2
54
2
7
3
67
6
7
3
53
8
3
2
17
1
3
2
16
2
5
2
1
2
14
1
13
2
13
2
31
4
1
3
42
1
10
2
15
3
6
3
45
2
2
3
26
2
1
3
17
3
11
2
27
1
12
1
53
2
2
1
38
3
2
3
37
7
1
3
14
21
11
3
53
1
8
2
32
1
4
1
10
3
1
1
55
2
12
2
12
3
10
3
3
8
14
1
23
2
7
2
2
1
10
3
22
7
9
2
8
2
14
3
42
4
6
3
9
3
8
3
10
7
2
3
65
17
7
2
10
3
5
1
54
1
6
2
5
1
10
1
34
4
7
3
65
14
6
1
29
3
9
3
38
10
8
1
4
3
3
1
11
2
9
2
2
3
2
2
47
4
2
1
31
10
7
2
40
3
2
3
41
1
1
1
16
1
13
1
42
1
6
2
60
3
8
2
38
4
1
2
37
1
12
1
33
3
8
3
13
4
11
1
66
3
9
2
13
3
11
3
39
10
5
3
33
7
8
3
7
5
10
1
15
2
2
1
49
1
12
1
9
8
13
1
23
1
4
1
60
1
2
3
30
9
4
2
11
1
4
2
49
3
11
1
7
7
5
2
65
2
3
2
25
3
11
1
42
2
6
1
39
1
6
3
36
9
2
2
66
3
6
3
8
2
5
1
2
7
13
3
6
1
12
3
26
11
3
3
33
3
3
1
3
3
8
1
39
3
13
2
39
3
4
2
35
3
5
3
35
3
12
2
55
2
8
2
30
3
12
2
25
1
7
1
68
1
9
2
68
2
9
1
32
2
13
1
43
2
5
2
30
1
4
3
28
8
1
1
63
2
5
1
8
1
6
3
34
4
13
2
43
1
2
1
7
8
5
2
37
3
12
2
11
2
4
3
32
10
3
3
18
3
6
1
35
4
8
3
28
13
5
1
28
3
14
1
63
1
13
3
43
3
13
1
13
8
10
2
47
1
9
3
66
3
10
3
60
1
10
2
3
3
8
1
41
2
6
3
25
3
4
2
28
1
10
1
52
1
12
2
33
2
13
2
45
4
14
2
16
3
2
3
49
5
5
2
9
1
6
3
29
18
7
1
18
7
2
2
60
2
10
1
54
2
8
1
14
6
3
1
40
2
10
1
1
2
7
2
42
2
14
2
34
1
14
1
6
2
13
2
17
2
2
3
40
5
7
1
18
2
4
3
15
11
7
1
61
2
13
3
31
15
10
3
4
26
8
2
7
1
1
2
7
3
8
3
31
10
11
2
43
5
8
2
29
1
6
3
41
2
13
2
13
2
3
2
52
2
2
3
47
10
12
2
26
1
7
1
36
1
7
3
2
7
13
1
33
4
13
1
5
2
8
3
7
4
6
1
34
8
3
3
68
14
13
3
45
4
3
1
38
2
10
2
71
2
8
1
43
3
13
3
6
4
12
2
35
2
11
1
6
1
6
2
63
1
10
2
67
2
7
2
4
1
5
1
29
1
14
3
18
21
14
2
61
3
6
2
53
3
9
3
44
10
13
1
67
3
6
3
14
20
8
3
71
5
13
3
2
2
7
3
54
2
5
2
5
2
8
3
54
1
11
3
44
1
10
3
12
7
6
1
15
4
12
1
16
4
7
1
32
7
9
2
44
4
4
1
3
9
7
1
30
15
2
1
4
5
1
2
40
4
12
1
14
13
9
1
41
3
3
3
25
5
13
1
49
2
4
1
2
4
2
2
18
1
13
3
11
6
3
2
67
1
5
3
5
4
10
3
43
2
8
3
27
13
13
2
32
4
6
1
27
3
12
2
45
1
2
3
55
14
12
1
47
1
1
3
15
12
5
1
22
2
6
3
23
2
10
1
31
16
12
1
67
1
8
3
27
16
1
1
10
7
7
1
40
3
4
3
23
4
1
1
61
1
1
1
17
16
10
3
1
3
14
2
39
1
2
1
17
12
10
