3
49
7
1
1
66
2
10
3
31
25
11
1
60
2
12
2
25
1
13
2
53
2
8
3
14
22
9
2
54
1
14
2
39
1
4
1
9
5
5
3
38
2
7
1
6
2
11
3
43
3
2
2
18
4
1
1
8
16
7
2
43
1
3
3
68
13
1
2
5
3
3
1
45
2
7
2
41
4
12
1
16
3
13
1
68
3
1
1
4
6
2
3
28
11
6
3
7
2
13
1
4
5
1
3
44
10
2
1
65
1
2
2
55
2
6
2
40
1
6
3
11
3
14
1
37
2
11
1
47
3
11
1
34
10
9
3
52
7
2
3
71
2
5
2
38
1
11
3
41
4
1
1
40
1
3
2
32
2
13
1
8
9
7
1
43
2
2
2
36
3
13
2
43
2
11
2
12
1
7
3
29
10
13
1
44
4
2
1
31
5
6
1
13
5
11
2
32
3
5
1
18
1
14
3
17
1
12
1
52
2
7
2
18
1
6
2
17
2
4
2
55
1
12
3
40
2
5
3
16
4
10
1
55
1
12
2
61
3
14
1
22
2
12
3
2
12
10
3
6
6
5
1
15
4
6
2
30
4
3
3
27
15
8
3
9
20
5
3
61
8
1
2
52
7
14
1
28
3
2
2
7
3
14
3
52
13
8
2
23
2
8
2
22
3
9
2
33
3
6
3
23
6
5
1
1
3
2
3
38
9
4
3
36
11
12
1
36
1
9
3
49
5
10
2
13
3
1
3
29
17
14
3
18
7
9
3
34
3
13
1
71
1
9
2
65
1
13
1
9
8
12
1
38
3
4
3
66
2
5
1
30
5
6
1
33
4
8
3
4
15
8
1
30
4
8
3
36
5
2
1
23
3
13
1
27
3
13
3
7
4
2
3
63
9
2
1
32
4
10
2
39
3
11
2
53
3
8
1
63
2
12
1
17
3
4
1
10
5
9
2
29
3
4
1
35
2
12
3
65
15
2
1
54
3
11
3
53
8
14
3
65
18
8
3
55
7
11
2
8
1
12
2
11
1
5
2
67
1
12
2
47
2
9
3
54
1
13
2
66
2
10
1
44
1
11
3
67
5
10
3
5
4
5
3
25
6
6
3
2
6
13
2
45
2
6
2
71
3
5
2
26
2
5
3
10
14
14
1
33
8
7
2
9
1
13
1
34
7
12
1
26
1
2
2
36
2
14
1
2
4
4
1
10
8
14
1
36
2
8
1
65
2
5
3
18
22
4
3
33
24
13
2
16
2
3
3
30
15
14
1
35
4
11
2
9
2
9
3
39
8
3
3
32
11
4
3
28
4
7
1
39
4
2
3
54
2
8
3
5
3
8
2
16
1
2
3
15
10
6
3
12
4
8
1
12
17
8
1
67
3
2
3
22
9
10
2
11
3
3
2
6
3
2
1
39
1
10
2
37
4
7
1
37
1
4
3
67
24
8
2
71
1
5
1
6
1
9
2
68
4
7
3
31
15
1
3
4
24
8
3
39
1
2
2
17
1
10
1
60
1
12
2
49
4
7
2
2
3
13
3
3
10
4
2
10
2
4
3
12
7
14
2
4
1
12
3
33
2
4
2
60
1
9
2
4
2
9
1
41
3
2
2
15
3
10
3
71
1
12
2
45
4
13
2
5
2
10
3
27
17
1
2
1
2
1
1
54
1
12
3
41
3
5
3
16
8
13
3
37
9
10
2
28
3
6
1
53
1
9
2
14
1
1
1
11
5
11
2
35
3
13
1
25
3
9
2
63
1
11
2
34
2
13
2
63
2
6
2
31
2
8
2
30
3
8
1
41
1
12
2
33
2
14
3
68
9
2
3
47
6
6
3
42
2
14
1
7
7
6
1
42
2
4
3
47
3
5
1
5
1
12
3
25
5
5
2
14
3
4
3
35
3
14
3
1
10
1
3
26
2
6
1
28
1
6
1
16
1
12
3
37
8
10
3
53
7
3
1
14
2
13
2
42
1
4
3
30
1
7
1
38
1
2
3
11
20
5
2
41
3
5
2
34
3
3
1
14
6
8
3
60
26
9
1
45
1
13
1
61
2
4
2
10
3
12
2
35
1
14
1
52
3
3
1
68
2
5
1
7
10
2
3
26
6
14
3
42
4
10
1
67
1
11
1
32
5
4
1
25
2
12
3
22
1
4
1
26
3
11
1
31
2
1
2
22
1
14
3
17
17
10
2
27
2
3
3
13
6
6
1
13
7
10
2
44
4
5
2
8
3
8
2
25
3
6
1
3
3
14
1
53
2
4
1
22
1
14
3
13
7
9
1
1
1
4
3
60
6
4
2
66
1
9
1
47
2
2
2
61
2
7
2
3
3
5
2
1
3
10
3
6
1
14
1
43
3
10
2
38
2
7
3
61
7
6
3
43
4
11
3
14
10
10
3
3
6
14
2
13
1
5
1
42
1
10
1
29
1
14
1
55
2
13
2
28
1
8
2
27
3
9
1
17
14
6
3
1
4
8
1
29
2
1
3
15
14
4
3
35
8
10
1
27
1
4
3
9
18
2
2
6
2
5
2
3
2
3
2
47
4
5
1
15
3
8
2
23
1
5
3
23
19
13
3
34
11
4
2
26
1
6
3
40
1
14
1
66
1
14
2
29
1
10
3
55
4
1
2
49
1
3
3
10
17
6
2
12
2
11
3
63
1
8
2
42
2
1
3
44
6
3
1
23
1
5
2
52
4
5
2
37
1
14
3
45
2
6
2
54
2
4
1
61
1
9
3
8
18
8
2
7
1
3
2
40
4
8
1
11
4
10
2
44
5
6
1
5
2
11
1
49
2
9
3
32
3
11
2
15
2
6
1
71
2
10
1
3
6
1
1
12
18
14
1
63
1
8
1
40
2
14
3
45
3
11
2
60
2
11
2
31
4
1
1
2
6
9
2
68
3
6
2
65
2
6
1
49
1
6
1
18
10
3
2
2
1
7
2
67
2
3
3
66
7
5
3
8
14
12
