1
10
6
7
3
42
2
8
2
23
3
7
3
11
8
1
2
45
2
6
3
66
6
13
2
34
1
3
1
60
1
13
2
26
2
12
3
65
19
1
2
14
1
12
2
61
1
12
2
52
7
13
1
71
1
11
2
23
2
12
2
13
2
7
1
34
4
4
2
61
3
9
1
41
3
4
3
3
4
1
1
68
3
11
1
4
5
12
3
14
11
5
2
35
1
8
3
33
1
11
3
53
4
8
3
4
23
12
3
8
6
10
1
4
2
2
1
44
2
5
3
49
6
14
2
7
1
1
3
22
5
1
2
41
3
1
2
12
3
3
2
9
3
11
1
52
2
7
1
6
1
12
1
30
12
5
1
14
14
6
3
2
9
12
2
63
2
10
1
5
2
11
3
31
25
12
3
10
4
10
3
45
1
11
1
60
2
7
2
40
1
1
3
9
23
7
1
11
5
14
1
25
1
13
2
11
1
1
2
66
3
7
1
17
16
7
3
40
3
8
2
15
2
1
2
15
3
13
1
13
6
1
2
54
2
6
2
45
1
3
1
22
3
12
1
11
1
3
1
47
1
12
2
11
2
5
2
17
2
14
1
45
1
11
2
8
3
13
1
10
4
5
3
66
1
13
3
18
19
6
2
6
3
10
1
67
1
6
3
55
11
3
1
3
7
7
2
65
4
9
2
47
4
1
2
7
3
11
1
40
2
7
1
5
1
6
2
1
2
10
2
25
1
8
1
36
3
11
1
29
1
13
2
2
2
3
1
63
2
7
1
2
3
6
3
45
3
9
3
7
4
5
1
23
3
5
3
38
7
12
1
41
2
3
1
14
21
9
1
43
1
11
1
54
2
14
1
36
2
1
2
37
1
13
3
5
3
5
2
32
1
2
3
18
10
8
2
67
1
2
3
71
1
6
2
36
3
4
1
44
4
2
1
52
1
9
2
4
3
12
3
61
9
12
3
30
17
2
3
52
13
2
3
29
14
4
1
2
5
2
1
3
4
7
2
27
3
13
3
38
11
11
2
68
2
4
2
10
3
10
1
29
2
13
3
30
16
7
3
15
3
11
3
5
5
8
1
55
2
8
2
25
2
2
2
35
3
10
2
40
3
11
3
28
15
11
3
43
2
11
3
37
3
6
2
34
3
4
1
45
2
4
2
38
2
1
2
60
2
3
1
47
3
7
2
29
1
1
1
65
1
13
2
43
4
9
2
42
2
14
2
65
2
8
3
11
23
12
3
54
1
4
3
28
1
2
1
9
4
11
1
27
2
12
1
53
2
4
2
71
2
5
3
25
3
5
2
52
4
1
2
17
1
14
3
9
7
7
2
10
1
7
2
67
2
12
3
47
7
5
2
33
1
7
3
63
9
12
1
15
4
12
1
9
10
10
3
13
9
13
1
30
18
3
1
12
13
2
1
37
2
6
2
2
1
1
1
22
1
3
2
53
1
14
3
40
4
14
3
25
4
11
1
31
17
11
2
18
3
9
3
16
1
1
1
32
2
9
3
17
4
5
2
66
1
1
1
38
3
12
2
31
1
14
3
35
8
12
3
27
11
11
1
15
1
13
2
44
3
7
1
17
14
8
3
8
11
14
3
36
5
6
1
23
2
9
3
12
5
14
3
23
1
14
2
28
1
1
3
44
4
6
2
44
2
10
3
42
1
7
3
34
7
7
3
26
11
6
3
63
10
4
1
39
4
8
1
6
2
1
1
33
1
1
2
16
2
6
3
39
9
7
1
42
1
11
1
61
3
6
1
8
15
13
3
68
17
1
3
43
8
9
2
63
3
9
2
39
4
9
2
68
4
4
3
29
4
8
3
49
3
14
2
60
1
10
1
18
6
5
2
37
3
10
3
67
6
10
3
34
8
12
2
53
2
8
2
3
3
4
3
7
2
1
3
65
11
9
2
55
1
5
1
55
1
14
2
38
5
6
3
10
14
1
2
27
1
8
2
29
2
6
2
30
4
9
2
54
1
13
1
49
2
12
3
41
2
14
1
16
6
4
2
13
3
14
1
26
3
8
2
1
3
1
2
16
1
12
1
43
3
3
2
30
2
1
3
36
1
9
1
66
2
6
3
1
9
2
2
41
5
7
2
14
2
14
1
53
1
5
3
27
10
14
3
15
2
9
2
4
1
13
2
6
1
7
3
16
2
1
3
4
3
11
1
8
9
12
2
5
2
5
1
33
4
2
2
18
2
5
3
32
12
5
1
25
3
9
3
14
22
3
3
37
5
10
2
43
2
12
1
32
5
2
3
52
3
8
3
67
11
13
1
28
1
9
1
42
2
7
1
28
3
13
3
22
4
2
3
2
8
2
3
17
3
14
3
39
6
4
2
49
1
12
1
63
1
10
1
67
3
13
3
33
16
9
1
18
4
5
3
1
8
7
3
13
3
4
1
7
3
12
1
61
2
3
1
13
3
5
3
44
7
1
3
61
7
11
1
49
1
10
3
31
23
4
1
1
2
12
3
41
3
3
2
26
4
2
3
55
12
3
1
1
3
3
3
68
4
2
1
71
3
10
1
68
1
12
1
31
14
8
2
8
2
11
2
39
1
1
3
60
19
3
2
42
4
11
1
37
1
4
1
35
4
6
2
22
3
11
2
9
1
1
3
53
2
3
1
34
5
13
2
55
2
10
2
49
2
4
2
32
2
5
1
27
1
3
3
35
3
14
1
38
2
8
2
33
2
1
2
71
1
5
3
23
3
10
2
5
1
3
2
3
1
11
1
39
3
13
3
47
3
14
3
54
2
6
2
36
5
3
2
47
3
11
3
6
4
3
1
26
1
14
3
32
8
1
1
65
2
10
1
35
2
9
2
12
1
3
1
7
6
7
1
66
1
1
2
28
2
6
3
6
6
9
3
71
3
11
3
60
12
8
3
3
2
2
1
40
1
11
1
54
1
8
1
16
1
1
3
26
6
6
1
12
3
12
2
31
2
3
3
12
1
7
2
22
2
13
