3
38
4
8
3
16
6
9
1
53
1
5
2
12
3
12
2
45
3
5
1
71
1
9
1
44
4
6
2
55
2
9
2
47
4
6
1
22
3
2
2
7
2
2
2
1
2
3
3
26
12
14
3
65
17
11
1
23
1
3
1
18
13
5
1
61
2
5
3
18
13
13
2
44
3
1
1
29
3
11
3
43
4
12
3
28
2
14
3
39
5
3
1
28
1
1
1
40
3
1
1
6
1
8
2
15
1
2
2
42
2
10
1
26
2
6
2
44
4
4
3
22
8
2
1
3
9
12
1
54
3
1
3
71
3
2
2
10
2
1
3
22
2
5
2
53
3
5
3
67
20
4
1
22
2
5
1
41
2
14
3
44
6
12
2
17
1
10
2
38
1
4
1
49
1
7
3
25
5
11
3
44
4
2
3
28
14
8
1
14
9
6
3
52
4
4
1
9
1
2
2
2
3
6
1
65
2
10
3
27
15
2
2
31
5
14
2
47
1
3
2
28
2
8
2
33
3
14
2
37
3
7
1
1
1
3
2
40
2
11
2
14
2
12
3
33
22
14
1
8
12
8
3
31
28
11
3
11
7
13
3
15
10
10
3
17
4
11
2
30
5
12
1
15
4
5
2
4
1
12
3
27
4
9
1
36
2
6
2
66
2
2
2
7
1
4
3
37
3
11
2
34
1
13
1
27
3
13
1
41
1
11
1
63
1
6
2
23
3
5
1
71
3
6
1
3
8
7
3
53
5
5
2
61
3
1
3
32
7
9
2
31
3
6
3
42
2
5
1
49
2
14
3
31
23
1
3
35
8
11
1
28
2
12
1
37
1
1
2
11
1
2
1
52
3
5
2
5
2
14
2
66
1
4
3
49
7
6
3
39
2
3
2
43
4
14
1
12
9
13
3
49
1
7
2
6
3
12
2
12
1
3
3
14
2
6
1
2
1
1
1
16
6
14
1
7
1
5
3
61
8
13
1
2
5
11
2
27
1
1
3
38
1
5
2
17
3
9
2
18
2
11
3
55
13
12
3
9
23
6
1
60
2
8
2
34
3
7
1
5
2
3
1
25
3
9
2
16
1
3
2
25
1
13
3
68
14
10
1
38
1
5
2
29
2
1
2
55
1
3
3
42
1
14
1
65
1
7
2
39
1
8
1
32
1
14
1
13
3
11
1
38
2
4
2
9
1
3
2
67
2
2
3
54
2
10
2
68
2
1
2
28
1
12
2
3
1
12
3
33
16
6
2
49
1
14
1
31
2
1
1
25
1
4
3
13
9
3
1
30
9
14
3
53
4
6
3
13
2
9
2
1
3
13
1
67
2
6
3
26
3
10
3
5
3
8
1
13
7
3
1
4
4
11
2
30
4
12
1
23
2
5
2
32
4
2
2
54
1
13
2
49
4
11
2
60
1
1
1
8
6
10
3
60
32
3
2
65
2
12
3
34
2
8
3
8
20
12
1
35
3
4
3
29
18
13
2
26
2
13
2
41
3
3
3
18
15
2
2
6
2
4
1
6
2
7
1
29
2
14
2
41
2
7
3
60
10
3
3
29
1
14
2
37
1
14
2
35
3
11
1
10
1
1
1
45
1
2
1
39
4
13
3
47
10
5
3
7
3
14
2
10
3
2
1
39
2
5
1
1
3
12
3
43
3
2
3
52
10
5
2
16
2
3
3
23
14
5
3
63
13
10
3
36
1
14
3
40
5
11
1
31
6
2
1
9
10
10
1
26
1
9
1
60
1
12
3
45
4
13
1
54
1
4
1
33
3
14
3
1
3
4
3
30
28
7
2
63
1
6
3
40
1
10
1
68
2
4
2
36
5
6
1
14
2
3
1
11
10
8
3
4
19
10
2
67
1
6
1
47
1
12
3
68
9
11
2
29
1
13
1
67
1
1
3
32
6
9
2
22
2
7
3
16
7
13
3
6
6
13
1
15
5
13
2
22
3
10
2
15
3
3
3
41
1
8
2
68
3
12
1
33
5
11
2
52
2
13
2
33
1
9
2
61
1
14
2
9
3
8
2
3
3
1
1
37
2
3
2
63
2
10
3
67
13
3
3
54
1
13
2
8
3
14
1
43
1
1
3
12
6
12
3
35
3
12
1
63
2
11
1
11
1
3
2
71
3
9
3
45
1
2
3
23
2
1
1
55
2
3
2
53
1
5
1
18
2
12
2
36
3
8
1
42
2
12
3
37
8
1
2
42
4
14
1
17
14
11
3
25
3
11
2
40
4
5
3
71
2
12
2
39
3
6
1
47
3
14
3
15
9
2
2
45
1
4
3
2
4
14
3
8
3
10
2
4
3
5
3
6
5
11
2
71
2
11
1
55
1
1
2
5
3
11
3
4
18
2
1
36
3
1
2
14
1
8
1
34
2
7
3
9
11
14
3
5
5
12
3
36
12
5
1
17
8
3
1
45
2
10
1
66
3
9
2
11
2
8
2
35
2
2
2
54
2
4
1
42
1
1
2
25
2
1
2
13
1
7
3
41
2
11
1
35
2
13
2
26
1
1
1
5
1
8
2
27
3
6
1
16
7
2
3
34
3
5
3
14
22
1
3
55
14
12
1
4
2
6
3
47
7
8
1
12
6
6
2
13
3
3
2
65
3
5
2
2
2
10
1
40
1
5
1
52
2
3
1
68
1
9
3
66
5
6
3
11
21
10
3
10
16
13
2
23
1
6
1
61
1
2
2
43
3
1
1
27
1
9
1
10
6
8
1
30
19
12
2
18
3
6
3
17
3
4
3
3
2
10
2
52
7
10
1
53
2
14
3
63
6
5
2
8
2
4
3
2
9
10
3
10
1
8
3
3
1
2
3
12
5
12
1
43
3
2
1
34
8
1
1
32
7
13
2
38
5
8
1
66
1
5
3
66
3
8
1
44
3
5
3
7
5
14
1
7
5
11
3
1
10
5
2
32
3
11
2
60
3
10
3
61
6
13
3
65
14
12
3
30
8
13
