2
5
3
4
2
32
2
1
1
4
4
10
3
8
10
1
1
60
1
1
3
40
6
5
2
28
3
7
2
60
2
12
3
1
9
6
3
31
3
9
3
36
2
3
3
44
6
12
2
47
4
14
1
49
1
7
1
36
1
7
1
26
2
14
3
12
4
14
2
40
2
13
1
23
3
5
1
63
2
13
1
52
3
11
2
37
3
14
1
10
1
5
1
18
6
5
1
53
2
5
1
33
4
9
3
34
3
1
2
25
1
1
3
65
1
8
2
54
1
5
3
68
9
2
3
10
2
12
1
47
1
9
2
23
1
3
3
66
2
13
2
65
2
1
2
12
2
11
2
45
3
7
1
12
4
12
2
15
1
14
1
60
2
12
3
42
3
4
2
34
3
12
3
65
16
9
2
14
1
5
1
68
1
12
2
65
1
9
3
67
37
7
3
45
6
6
3
43
1
8
3
71
1
8
2
29
2
6
3
27
16
2
3
7
3
13
3
63
9
5
1
2
4
8
3
11
2
3
1
13
6
14
2
38
4
4
1
29
2
10
3
39
5
11
1
42
1
12
3
66
8
1
1
7
7
3
2
31
1
4
3
60
26
1
3
29
2
5
3
53
6
1
3
49
2
14
2
53
3
7
1
25
3
7
3
13
7
7
3
55
2
8
1
38
3
5
1
65
1
2
2
30
1
4
1
16
7
13
1
71
2
8
2
53
1
7
1
13
1
14
1
5
1
2
3
2
11
9
3
29
15
3
1
55
1
4
2
61
1
2
3
54
2
3
2
68
1
11
3
52
5
8
2
63
3
6
1
34
1
7
2
49
2
12
3
7
4
4
2
71
1
13
2
66
3
4
2
33
1
12
2
42
3
3
2
15
3
14
1
11
3
3
1
35
4
4
3
16
2
9
3
68
7
3
1
30
18
10
3
35
8
8
2
2
1
8
3
9
32
7
1
39
4
4
1
47
2
13
2
55
2
5
3
6
6
2
1
61
3
3
2
38
5
9
1
43
1
7
3
38
2
1
3
27
2
3
3
3
6
13
1
45
1
10
1
14
22
14
2
16
3
13
2
30
3
8
3
22
10
3
3
26
4
11
3
18
3
11
3
9
1
5
1
67
3
12
2
9
1
8
3
71
2
13
3
32
11
14
2
13
3
1
2
31
2
3
3
15
7
5
2
55
3
1
3
1
7
14
2
22
3
7
3
60
27
10
1
37
2
14
3
37
11
6
3
41
4
14
2
42
4
1
2
32
4
3
1
41
1
1
1
32
2
9
2
43
3
6
1
8
8
11
2
13
1
4
2
49
1
1
1
40
1
14
1
25
1
11
3
54
1
2
1
39
2
13
3
52
9
1
1
4
6
2
1
38
2
7
3
31
30
4
1
26
1
3
2
43
5
2
3
18
19
8
3
33
22
10
3
14
8
12
3
17
4
11
1
65
2
2
1
15
3
5
2
1
1
6
1
22
1
14
3
4
17
14
1
8
13
13
3
44
9
5
1
44
4
3
1
16
4
4
2
60
1
10
3
34
10
13
2
10
1
9
1
15
1
7
3
5
5
7
3
25
7
14
3
28
6
4
2
18
1
8
1
67
2
14
1
10
6
9
3
45
1
10
3
47
4
13
2
4
2
2
3
36
12
11
3
33
3
7
1
66
2
8
1
53
1
11
2
29
1
4
2
14
2
12
3
26
12
6
1
9
9
2
1
68
3
9
2
35
2
12
3
23
10
7
3
11
1
9
2
54
2
14
1
31
2
10
2
45
4
6
2
3
3
13
2
28
1
10
1
1
3
7
3
61
11
10
1
61
1
2
2
26
1
12
3
30
28
11
3
28
3
2
2
36
4
4
2
33
2
13
2
18
3
12
1
27
1
14
1
49
2
9
1
36
2
2
1
37
1
2
2
67
2
6
1
11
5
1
1
45
2
3
1
28
2
14
1
44
1
6
1
9
2
2
2
6
3
8
2
35
1
4
2
5
2
6
2
44
1
11
2
67
1
14
2
40
3
12
3
3
2
5
3
10
18
2
3
42
1
1
2
66
2
11
2
6
2
2
1
41
2
6
3
32
4
12
3
16
8
8
1
17
2
13
2
27
1
11
2
41
4
5
2
11
2
3
3
25
3
8
1
29
3
6
1
55
2
5
1
54
3
8
1
23
2
8
3
15
17
3
2
68
4
2
3
4
12
4
2
12
1
2
3
5
4
3
1
31
11
11
1
71
3
10
3
6
1
4
1
6
2
3
1
5
2
4
2
26
3
9
2
36
1
14
2
23
3
3
2
1
3
14
2
16
1
8
1
2
3
7
2
52
2
6
1
66
1
1
3
61
6
12
2
44
5
2
2
9
3
11
2
3
2
14
1
43
2
4
2
2
2
12
3
12
1
14
3
41
2
2
1
32
5
6
2
47
1
8
2
8
3
3
2
11
1
7
2
71
2
8
3
23
14
8
1
40
3
10
1
33
6
7
2
17
3
9
2
39
3
10
3
63
3
14
2
37
2
5
1
52
1
14
2
4
3
13
2
10
2
3
2
41
2
1
1
30
5
12
3
67
20
1
1
28
3
3
1
42
2
12
3
55
4
6
2
39
1
1
2
34
2
7
1
1
1
2
2
7
3
9
3
14
23
13
3
43
7
10
1
54
2
13
1
14
9
9
3
38
6
1
3
22
7
10
3
17
12
10
1
18
14
1
3
8
3
11
1
22
3
6
3
40
4
2
1
3
8
4
1
12
12
11
1
17
7
5
3
13
5
2
1
34
11
12
2
8
1
8
2
52
3
11
2
7
1
9
3
39
4
7
1
7
4
9
2
22
2
6
3
49
7
14
3
53
4
2
3
47
1
13
2
17
2
8
2
63
1
5
2
27
2
9
2
25
2
3
1
35
1
5
1
63
1
7
1
27
2
3
1
3
1
8
3
37
2
7
3
2
6
7
2
61
2
10
3
35
6
1
1
6
1
11
3
30
26
3
