3
37
3
14
2
13
2
14
1
38
1
4
2
33
1
3
2
67
1
9
3
26
2
13
3
7
4
3
3
38
11
7
1
34
8
14
1
2
5
11
2
71
3
8
1
65
2
10
1
71
2
14
2
40
3
8
2
29
3
7
3
26
6
3
3
35
2
12
1
31
17
8
3
44
7
14
1
10
5
2
2
38
1
13
1
61
2
1
1
6
1
7
3
63
1
5
1
7
8
8
2
68
1
10
3
4
26
13
1
29
2
13
1
8
4
9
3
41
1
3
3
11
24
4
2
8
3
1
2
54
1
10
1
26
3
2
3
36
6
10
2
65
4
4
1
52
2
3
2
16
2
4
3
8
10
5
3
9
26
9
2
55
1
3
1
60
2
14
2
28
2
13
3
14
14
3
1
3
6
6
3
34
3
6
3
25
1
8
2
3
1
11
3
7
2
13
1
9
14
14
3
66
4
11
3
2
9
4
2
4
2
14
2
29
2
12
1
26
1
12
1
39
1
4
2
7
1
12
3
60
25
5
1
42
2
9
1
68
3
3
2
40
4
11
3
65
18
6
2
55
2
8
3
47
1
1
3
30
13
2
2
65
2
1
1
61
3
8
1
71
1
1
1
40
3
3
3
44
2
5
1
49
2
7
3
39
3
12
2
14
2
5
2
63
1
3
1
67
1
6
3
3
5
1
2
9
3
1
2
42
1
13
2
3
2
12
2
63
3
13
2
9
2
14
3
32
6
8
2
6
2
1
2
2
3
11
1
55
2
13
2
27
2
11
1
44
1
4
3
68
13
8
3
49
7
8
2
31
5
2
1
1
2
6
3
30
5
13
1
53
1
11
3
17
11
9
3
29
9
2
2
5
1
9
1
54
3
10
2
22
2
6
1
45
2
9
1
43
1
11
2
17
1
7
1
4
5
1
2
49
3
3
2
44
3
14
1
12
4
3
1
9
7
10
3
68
6
10
1
52
1
10
3
2
8
7
2
32
3
7
2
23
2
7
1
10
6
7
2
36
5
7
3
11
25
8
3
22
3
12
3
32
7
8
2
18
4
6
3
4
18
4
3
40
2
6
1
28
1
5
1
23
1
10
3
53
2
6
3
25
3
4
1
27
3
6
2
23
3
4
1
32
2
6
3
23
15
14
3
55
8
3
2
66
3
9
1
31
9
3
2
6
3
1
3
6
1
6
1
14
19
11
3
61
7
12
2
42
2
9
2
45
2
12
1
34
6
8
3
1
4
3
1
45
1
6
1
66
2
11
1
60
1
6
1
68
1
2
1
35
1
14
1
41
2
2
2
13
3
5
3
3
1
9
2
30
5
11
2
11
2
2
3
17
12
3
1
2
1
12
1
25
2
11
2
38
4
6
1
39
2
2
1
42
1
6
1
44
4
3
3
55
4
2
2
52
5
11
2
31
1
14
3
18
17
1
2
11
3
12
3
54
2
14
1
43
2
7
1
22
2
11
3
42
2
2
3
27
5
11
2
15
1
13
3
28
16
3
2
8
2
4
2
16
3
3
3
13
8
6
2
27
3
9
1
33
2
7
2
32
2
1
1
6
2
5
1
25
3
3
1
65
1
4
2
22
1
3
2
26
4
10
2
39
1
9
1
13
8
10
1
30
14
9
2
10
1
7
2
33
2
3
1
47
2
7
3
14
18
14
3
42
4
9
1
30
12
7
3
65
14
5
2
68
4
3
3
52
13
13
3
5
2
2
1
54
2
5
1
67
3
11
3
28
13
11
3
37
8
6
1
7
1
1
2
67
2
5
3
18
3
12
1
66
1
1
3
29
6
1
2
12
2
10
2
34
2
12
1
11
7
5
2
30
1
5
1
18
7
11
1
1
3
5
1
38
3
14
1
35
4
13
1
3
5
3
2
25
1
5
2
34
3
12
1
40
2
7
3
67
25
7
2
71
2
6
1
17
13
5
2
39
4
5
1
37
2
6
1
63
2
1
1
27
2
6
2
4
3
4
2
35
1
12
2
15
2
9
3
27
9
6
1
37
1
4
3
34
5
4
1
13
6
14
3
33
2
7
3
66
3
13
1
17
10
1
3
12
1
1
2
36
1
4
2
12
1
4
2
43
3
12
2
53
1
4
3
49
2
8
3
54
1
5
3
52
6
5
3
15
12
2
2
2
2
12
3
45
6
3
1
16
6
11
2
47
1
8
3
31
18
7
2
14
1
1
1
18
14
12
1
36
2
7
1
33
5
14
2
60
2
3
2
41
5
12
1
12
12
3
3
53
1
10
3
12
3
11
1
15
3
13
3
31
15
2
3
38
8
14
2
17
2
4
2
26
1
7
3
61
8
2
3
47
6
9
2
37
1
11
2
1
3
8
3
63
7
9
1
4
3
13
3
9
10
8
2
1
2
2
1
23
3
7
3
45
3
1
2
66
2
6
2
54
2
10
1
29
3
14
2
28
3
2
1
8
15
7
2
61
1
7
1
22
3
4
1
32
3
14
3
33
23
6
2
45
4
9
3
36
11
4
2
35
3
4
2
5
3
2
3
41
2
14
3
13
6
14
1
53
2
7
3
71
5
5
2
44
4
6
1
5
2
8
2
37
4
8
1
55
1
4
2
53
2
14
1
11
2
13
3
16
7
6
3
6
2
12
2
60
1
7
3
67
12
11
3
15
6
2
2
41
3
6
3
5
3
1
3
60
8
9
3
8
15
10
3
35
4
9
1
15
2
7
1
14
7
12
1
41
3
12
3
10
21
13
1
16
7
9
1
28
3
1
3
1
8
12
2
43
4
1
3
23
17
8
1
36
3
10
3
16
6
13
1
63
1
9
1
5
1
3
3
71
3
1
2
52
2
10
2
47
3
7
3
39
1
4
3
10
1
7
1
49
1
2
2
25
2
2
2
10
2
8
1
47
1
7
3
40
3
3
3
22
11
14
3
43
8
12
3
43
4
6
2
61
3
6
2
7
2
2
2
18
1
9
2
49
1
10
