3
8
11
12
2
14
1
3
3
22
2
6
2
43
5
2
3
7
1
14
1
22
3
1
3
67
21
8
2
34
1
12
1
11
6
6
2
29
1
7
2
2
1
9
2
68
3
12
1
13
5
7
2
40
4
7
2
30
2
2
1
11
5
6
3
44
5
10
2
11
1
14
3
43
6
3
3
22
7
13
1
67
1
12
2
49
1
11
1
6
2
10
1
53
1
2
1
10
7
2
2
53
2
6
3
42
4
13
2
10
3
1
3
30
25
2
2
66
3
13
1
12
14
9
3
35
8
10
2
37
2
13
1
40
3
3
2
45
3
14
3
10
4
1
1
65
1
2
1
14
6
3
2
16
3
1
1
16
4
12
2
41
1
1
3
34
10
9
2
35
1
14
3
31
22
3
2
4
2
5
3
60
29
9
3
36
15
7
2
7
3
5
1
43
3
4
2
55
3
13
1
54
3
7
3
17
7
11
1
55
2
3
2
65
1
12
3
49
4
5
3
66
5
14
2
41
2
6
2
52
1
2
1
33
6
11
2
32
3
6
3
5
4
10
1
42
1
3
2
17
3
1
1
63
2
10
2
66
2
8
1
16
3
11
3
53
3
10
1
23
3
9
2
15
2
3
1
9
14
2
1
35
3
3
1
40
2
6
1
29
1
1
2
38
2
12
3
4
13
13
2
23
3
3
1
33
5
1
3
35
2
14
1
66
1
2
3
45
5
6
1
61
3
14
3
38
12
4
1
49
1
2
2
36
2
13
2
28
1
2
3
15
4
10
1
47
2
11
3
3
4
4
2
26
3
5
1
67
3
10
1
32
2
6
3
12
3
11
1
17
15
1
1
2
3
4
3
2
9
14
1
68
2
2
1
2
7
6
3
63
8
10
2
61
3
10
3
61
7
4
2
1
1
6
1
71
1
1
3
63
7
3
1
5
2
10
2
25
1
12
2
47
1
4
2
28
3
8
1
3
11
12
3
12
1
7
2
16
2
14
3
61
2
6
2
67
1
14
1
23
1
12
2
42
4
1
1
54
2
4
1
38
1
11
1
47
3
7
2
60
2
7
3
11
19
10
2
10
1
11
1
49
2
11
1
10
5
11
2
3
1
4
3
13
8
13
3
47
5
5
2
25
3
9
3
54
2
10
1
44
3
8
2
65
3
1
1
37
2
8
3
6
5
2
2
7
2
9
2
30
1
13
2
26
4
13
3
55
4
13
1
3
7
10
3
60
15
1
2
47
2
7
1
12
13
10
2
52
5
1
1
28
3
13
3
34
1
12
3
71
1
8
3
3
1
14
2
71
3
7
2
40
3
12
1
30
7
7
1
34
10
6
1
5
1
6
2
63
3
10
1
42
2
6
1
31
16
5
1
27
1
6
3
9
3
8
3
45
1
5
2
71
1
9
2
8
1
4
3
41
1
7
1
53
2
2
3
26
8
2
3
15
1
14
3
29
18
12
1
4
2
10
2
27
2
14
2
63
1
6
1
7
1
7
2
43
1
9
2
12
2
11
3
44
7
3
3
14
1
6
3
6
1
10
3
25
5
7
3
53
5
14
2
5
3
6
3
23
15
3
2
2
3
6
2
31
5
9
3
52
8
14
2
29
2
12
3
42
2
11
3
16
4
2
2
33
2
13
1
9
8
6
3
1
6
9
3
17
16
14
3
39
10
10
3
43
3
10
2
14
2
14
3
5
2
5
1
1
2
1
1
27
2
8
2
53
1
12
2
23
2
4
1
22
2
9
2
8
2
4
3
2
10
13
1
14
17
3
2
18
3
4
1
68
3
8
1
34
5
7
3
67
20
12
1
41
3
1
2
12
3
7
3
38
2
14
1
17
2
2
3
71
4
1
2
11
3
7
1
31
11
9
2
3
2
1
1
28
2
1
1
25
3
12
1
71
2
11
3
33
6
9
3
4
26
10
1
32
6
2
1
55
1
5
2
60
4
3
3
55
13
11
2
33
3
14
3
7
4
2
3
31
6
3
3
8
8
4
2
9
3
4
1
15
3
1
3
26
6
13
3
14
20
4
3
28
1
14
2
49
3
10
3
29
17
1
2
37
3
3
2
55
1
1
1
65
2
9
3
37
3
5
2
45
2
13
2
6
3
3
3
27
8
9
2
36
3
5
2
44
2
3
2
9
2
13
2
6
1
1
3
13
9
14
1
66
2
8
1
26
2
9
3
40
1
13
2
68
1
14
2
15
1
3
2
35
3
13
3
11
16
3
1
63
1
4
1
43
1
2
1
1
1
10
1
18
15
7
1
8
11
4
1
36
2
10
1
6
1
2
1
15
2
13
2
27
3
10
1
60
2
6
1
39
2
1
1
35
2
1
2
39
2
9
1
52
2
10
3
54
1
2
3
39
9
9
2
22
3
5
3
41
4
4
1
61
1
12
3
18
17
10
3
18
16
8
2
18
4
13
3
40
5
13
2
61
2
11
2
42
3
7
3
10
10
4
1
7
11
3
1
41
2
12
2
1
3
2
1
45
1
13
1
25
2
6
2
54
1
9
3
25
1
7
2
13
3
14
3
65
17
10
1
30
4
13
1
38
2
12
3
1
3
6
1
18
14
4
2
22
1
4
3
30
20
6
2
34
3
2
2
32
4
8
2
31
1
7
2
38
4
3
1
13
2
6
2
39
1
6
1
52
3
2
1
36
1
10
3
9
31
14
1
39
4
12
3
37
1
14
3
49
2
13
3
33
16
11
2
4
1
14
3
66
9
14
3
32
6
13
1
8
15
7
1
26
1
7
1
4
8
13
2
17
1
6
2
5
2
7
3
28
8
7
2
44
5
11
3
32
2
12
3
68
15
10
3
36
10
11
3
47
9
1
3
23
8
7
3
16
1
9
2
13
2
6
1
29
3
7
1
60
1
5
3
52
16
10
2
54
2
11
3
27
1
1
1
44
1
7
1
37
1
13
2
67
2
11
1
45
2
13
3
68
11
7
3
65
2
14
