2
68
3
4
1
31
10
14
2
42
1
7
2
65
2
5
3
3
8
9
2
68
2
13
2
25
2
4
1
43
3
11
1
45
2
8
1
4
3
11
2
16
2
4
1
33
4
12
1
49
2
13
2
1
1
2
3
23
16
7
2
18
2
1
3
49
1
11
2
36
3
2
1
1
3
11
1
14
9
5
2
2
3
4
3
67
16
7
1
18
11
5
2
1
3
12
1
8
9
4
2
35
3
5
1
27
2
4
3
12
1
12
3
12
7
2
1
32
5
1
3
55
9
10
2
39
2
8
2
13
3
10
3
4
23
3
2
6
1
6
1
32
2
13
2
3
3
12
3
42
4
1
1
35
2
5
2
34
2
3
1
3
1
7
3
36
3
11
3
60
28
8
3
42
2
2
1
49
1
14
1
7
8
3
2
16
3
13
3
71
4
14
1
5
1
6
2
44
2
14
1
16
5
3
3
37
3
2
2
43
3
6
2
67
1
8
1
54
2
10
3
29
11
8
1
13
3
1
1
42
2
11
2
26
2
11
1
71
2
13
1
38
2
1
2
49
3
12
2
31
2
9
2
5
1
10
2
23
1
2
1
27
3
8
3
30
13
12
2
23
2
6
3
41
2
11
2
29
3
12
1
11
9
12
3
9
30
5
1
29
1
14
3
11
20
10
2
54
1
10
2
11
1
12
1
47
1
6
3
47
5
10
1
10
7
4
2
9
3
9
3
4
15
4
2
12
2
9
2
53
2
8
2
28
2
10
3
32
7
2
2
45
4
8
2
34
1
12
3
27
2
11
1
36
1
4
2
52
1
11
3
5
4
10
1
34
2
12
2
39
3
2
3
13
4
10
2
63
1
13
2
66
2
3
1
25
2
10
3
34
1
11
3
6
4
1
1
63
1
4
3
13
2
8
3
43
5
4
3
1
4
1
1
30
7
8
1
8
7
9
1
14
17
12
1
2
3
2
2
30
1
2
3
63
7
6
1
4
8
3
3
15
3
7
1
47
2
3
3
68
12
12
2
7
2
8
1
53
2
9
3
45
5
11
1
43
1
3
2
30
2
12
2
2
2
2
1
33
1
13
1
65
1
9
1
17
8
14
3
41
1
9
3
2
3
7
3
52
12
9
1
37
2
3
3
65
10
5
3
14
21
11
2
40
1
11
1
66
1
6
2
22
1
11
3
34
5
4
3
3
4
5
1
60
2
8
2
33
1
13
2
45
2
3
3
29
5
12
1
28
2
5
1
31
9
4
2
66
3
10
3
44
5
13
3
14
5
1
2
15
2
11
2
14
2
8
2
37
4
14
1
60
1
10
1
30
2
3
1
26
1
8
2
5
2
7
2
28
1
2
2
11
3
14
1
13
7
5
1
52
3
4
1
23
2
11
2
55
2
1
3
10
24
4
1
41
2
9
2
61
1
6
3
39
5
7
1
15
1
12
1
68
3
3
3
61
11
10
1
39
4
13
2
41
3
3
2
32
4
12
1
18
9
1
3
33
22
12
2
60
4
5
3
6
5
11
1
34
7
10
2
67
2
14
1
2
1
3
3
22
5
4
2
7
1
6
1
6
2
10
3
26
11
4
3
33
20
8
1
3
9
5
1
25
1
11
1
35
1
1
1
12
16
5
3
32
2
5
1
54
1
11
2
33
3
9
3
39
7
9
1
7
10
12
3
35
1
4
3
7
1
14
2
12
3
9
1
5
2
3
3
27
6
10
2
4
2
9
2
10
2
12
1
10
2
2
3
68
5
1
2
4
1
10
2
14
1
11
2
43
5
4
2
44
3
7
3
16
3
5
2
38
4
10
1
11
2
6
2
13
2
3
1
42
1
7
1
37
1
11
3
49
8
11
3
31
1
5
1
38
1
9
2
9
1
5
3
61
6
10
2
8
1
13
2
53
3
2
1
29
2
2
1
23
3
13
3
8
17
10
3
25
8
11
3
17
7
2
3
16
4
14
2
29
1
2
3
31
19
11
2
8
3
3
3
71
1
3
3
40
5
2
2
49
2
4
3
66
5
3
1
12
12
12
1
6
1
11
1
61
2
11
1
9
13
9
1
41
1
3
3
63
6
9
1
26
2
8
2
26
1
8
3
2
12
3
3
38
6
6
3
10
1
5
3
54
1
11
1
67
3
1
1
66
3
14
3
23
10
6
2
6
2
13
3
55
13
3
2
60
2
1
1
36
3
9
2
37
3
1
3
35
5
2
3
28
9
3
2
63
2
11
1
71
1
4
2
38
5
1
2
65
1
2
3
43
4
2
3
17
6
5
3
65
4
12
3
9
32
11
2
25
3
4
2
27
2
4
3
5
3
13
1
28
1
10
3
47
3
4
3
15
9
8
2
42
4
9
3
18
14
9
2
17
1
1
1
17
12
1
1
16
7
6
1
22
2
5
3
22
2
14
2
47
3
1
3
52
1
7
2
31
5
11
1
40
3
8
3
7
2
6
1
67
2
7
1
40
1
6
2
41
2
12
3
60
6
9
1
15
3
13
2
15
3
14
3
30
10
5
2
22
2
3
2
36
4
9
3
25
6
7
3
18
3
11
1
53
1
11
2
52
6
10
1
52
1
8
3
11
4
7
3
8
10
8
3
40
6
4
1
65
2
7
1
55
1
3
2
27
1
7
2
61
3
12
3
1
8
7
2
54
2
11
2
32
3
10
1
1
2
11
2
3
1
6
3
38
4
1
2
10
3
9
3
67
6
1
1
63
2
13
1
44
4
2
1
44
2
2
3
36
8
1
2
40
3
1
2
35
2
6
3
26
1
10
3
53
4
3
3
45
4
9
2
71
3
1
3
37
8
2
3
44
8
2
1
61
1
9
3
54
2
4
3
53
5
13
2
55
3
3
3
28
7
10
2
71
2
12
1
22
3
8
1
9
10
10
2
17
3
1
1
39
2
5
3
66
7
13
2
18
1
2
2
47
4
3
1
55
2
1
1
45
1
2
1
68
2
3
