1
3
8
14
1
39
1
11
1
35
2
11
2
34
1
9
1
25
1
12
1
71
3
10
3
34
6
12
3
63
3
13
3
40
2
14
3
22
9
11
3
71
3
13
1
33
1
7
2
63
1
7
3
49
2
14
3
33
15
11
3
14
12
14
2
4
3
10
2
25
2
12
3
23
3
9
3
26
11
9
2
45
1
11
2
6
2
12
2
17
3
8
2
14
1
9
3
18
10
3
3
60
12
2
3
43
6
11
3
2
8
3
3
68
15
10
2
10
1
8
2
65
2
13
3
43
5
8
1
25
2
1
3
26
3
2
1
47
3
6
3
23
15
13
1
5
2
1
3
41
4
9
2
36
2
6
1
49
2
8
1
63
1
11
2
6
3
2
3
8
4
10
2
47
2
7
1
63
2
3
2
68
2
5
2
13
3
8
2
52
5
12
2
22
3
13
1
61
1
11
2
1
3
6
2
27
2
10
3
31
17
7
1
13
2
14
2
8
1
13
1
37
1
14
1
29
1
11
3
13
4
9
1
7
7
7
2
7
3
8
3
15
7
1
2
35
2
14
3
3
2
1
2
52
7
1
1
53
2
13
2
68
4
13
1
36
1
11
2
55
2
4
1
8
16
3
3
39
1
11
2
32
2
10
1
16
1
7
2
16
3
10
2
27
3
10
3
36
5
11
2
54
2
13
1
6
1
6
2
33
1
13
3
35
4
3
1
22
2
2
1
1
2
1
2
43
5
11
2
28
2
11
1
38
3
14
1
27
1
7
3
27
2
8
1
29
2
12
2
40
2
13
1
40
2
9
1
4
1
10
3
32
5
1
1
12
8
14
2
41
1
6
3
39
8
1
2
41
2
6
2
11
3
3
2
53
2
5
3
42
3
13
3
47
2
10
2
71
1
8
1
41
1
14
3
15
9
4
1
4
7
9
3
38
3
14
3
34
2
12
3
5
2
5
3
53
3
6
3
3
9
11
2
63
2
7
3
1
2
7
1
54
3
14
2
17
1
7
2
49
4
2
1
68
1
1
1
65
1
13
2
66
1
12
3
52
17
3
2
36
5
10
3
65
14
2
3
9
22
3
2
5
2
11
3
60
7
3
3
44
9
4
1
52
2
13
1
11
12
13
1
60
2
4
3
53
7
10
2
61
3
13
2
30
3
5
1
30
15
1
1
5
1
3
3
7
2
2
1
42
1
3
3
10
17
10
3
16
6
5
1
67
2
8
2
13
1
1
3
37
2
5
3
38
11
4
2
71
3
7
3
18
6
5
2
54
1
14
1
1
1
14
2
1
1
8
3
37
6
9
3
4
28
2
3
61
11
7
1
2
1
13
2
60
3
6
1
33
2
12
1
32
1
14
3
29
1
5
3
28
5
12
1
3
7
4
2
45
3
13
1
28
2
6
2
60
1
3
2
44
5
1
2
49
2
8
3
35
8
10
2
42
3
5
1
60
1
1
3
45
7
5
1
2
5
6
2
18
4
2
2
53
3
5
3
10
18
1
3
49
5
4
3
30
21
14
3
67
29
3
2
67
1
3
3
11
17
8
2
47
1
1
3
33
22
3
2
26
4
7
3
71
1
14
1
14
21
6
2
37
3
4
3
16
3
11
3
66
6
1
2
31
1
13
2
12
2
13
2
44
3
14
1
66
1
11
1
13
9
10
2
3
3
12
2
30
2
9
1
32
5
6
2
14
3
4
3
55
15
8
3
41
1
3
1
34
4
5
2
9
2
1
2
25
1
11
2
15
3
5
2
2
1
1
1
45
2
3
3
22
5
14
2
22
2
3
1
49
1
2
2
15
2
3
1
17
13
13
1
71
2
4
3
1
3
5
1
22
1
14
3
54
1
8
1
54
2
6
2
2
3
12
1
9
9
8
1
65
2
8
3
44
3
3
2
9
3
12
2
39
3
12
3
12
6
1
1
44
2
8
1
18
12
7
2
8
3
11
1
45
1
8
2
40
1
2
3
13
5
12
2
10
2
3
1
47
1
12
3
2
1
4
3
4
18
5
2
33
2
7
3
36
7
14
1
17
1
13
1
26
2
7
2
7
1
2
3
55
6
9
3
54
2
5
1
6
2
9
1
52
3
9
3
27
11
12
2
39
2
1
3
8
2
12
1
31
12
13
2
29
1
11
2
35
3
11
2
32
3
9
1
67
1
7
2
37
1
14
1
68
3
9
2
34
2
4
1
14
20
10
2
23
3
4
1
27
2
12
3
30
27
10
1
42
2
7
3
47
9
4
1
44
3
14
1
55
1
7
3
68
2
4
1
23
2
10
3
6
5
3
3
67
38
7
2
28
1
11
1
15
3
14
1
38
1
11
3
61
6
7
3
29
9
11
2
12
3
9
3
11
22
3
2
4
2
11
3
9
2
10
3
17
2
4
1
35
4
13
3
31
10
9
3
28
10
14
2
67
2
6
1
26
3
8
3
66
5
7
2
29
2
4
3
14
7
2
1
18
1
1
1
7
6
1
2
11
2
8
1
34
8
8
1
43
3
7
3
52
15
9
1
9
4
9
1
66
3
13
1
53
1
10
3
63
5
7
2
3
1
11
1
12
1
10
2
26
2
1
3
40
1
2
3
12
5
9
1
61
2
5
3
7
5
12
1
43
2
10
2
23
1
7
3
65
5
3
1
39
3
13
3
17
15
5
2
5
3
7
1
15
2
5
3
42
2
3
2
16
1
12
1
28
3
14
2
38
4
10
2
66
2
14
2
42
4
3
1
10
3
8
1
11
1
3
1
40
1
6
2
65
4
2
1
8
2
6
1
36
2
14
3
45
4
14
1
23
3
3
2
43
4
1
3
32
12
8
1
37
2
2
3
6
6
6
1
55
2
8
1
10
8
1
1
41
2
9
2
61
2
7
2
38
3
11
2
31
3
14
1
30
21
14
3
25
6
9
1
31
8
7
3
25
2
13
2
18
1
4
2
55
3
1
1
16
5
11
3
5
3
1
