1
18
12
5
1
68
1
11
1
38
3
5
3
40
2
9
1
29
3
10
2
2
2
4
3
25
4
2
1
41
1
13
3
39
7
8
1
30
20
7
3
18
2
9
2
47
2
4
1
1
1
10
1
60
1
11
1
33
1
7
3
61
1
2
3
8
15
2
2
12
3
4
2
45
2
14
1
44
3
3
1
10
8
10
3
60
3
2
1
45
1
12
1
54
2
4
3
42
4
3
1
67
2
12
3
4
28
4
2
63
3
9
1
63
1
3
1
38
2
6
2
1
1
12
2
47
4
10
1
16
4
4
2
17
2
2
3
71
3
8
2
4
3
3
2
14
1
14
2
29
3
8
2
13
1
4
2
37
2
3
1
5
2
12
2
41
1
14
2
27
3
11
1
71
1
12
3
15
5
6
1
61
1
2
3
36
11
1
1
15
4
8
2
3
2
3
3
26
2
1
3
6
6
14
1
60
2
13
3
34
7
5
3
27
5
1
2
44
3
8
1
47
1
7
1
31
5
6
1
43
1
2
3
68
1
3
2
65
4
4
1
45
2
14
2
26
2
2
1
2
2
11
1
35
1
11
2
38
5
9
3
3
1
1
2
23
3
12
2
17
1
11
1
13
3
9
3
13
2
11
1
28
3
14
2
11
3
3
2
49
2
5
3
61
7
7
1
65
2
7
2
68
2
14
3
11
2
7
2
36
3
14
3
11
5
1
2
26
3
4
2
27
1
1
1
26
2
1
1
7
5
11
2
40
2
7
1
14
1
13
2
22
3
10
2
66
2
10
1
65
1
9
3
22
3
13
3
43
2
7
1
27
2
8
2
13
3
10
1
11
2
10
1
8
3
5
2
25
2
7
2
16
3
8
3
18
4
4
2
68
4
7
1
28
1
3
3
65
5
12
2
43
3
1
2
60
3
12
2
7
3
11
1
40
1
1
2
60
2
5
1
52
3
13
1
13
2
5
1
22
2
6
1
63
2
13
1
17
2
3
2
9
3
11
3
12
3
1
1
71
3
13
2
23
1
3
1
16
5
5
3
40
6
2
2
25
1
14
3
3
8
9
1
3
9
8
2
30
4
4
1
6
2
12
2
63
1
6
3
14
10
1
3
10
2
4
2
39
3
10
2
3
1
2
2
28
3
5
1
42
1
4
1
44
1
3
3
47
10
12
2
52
7
4
2
7
2
7
3
52
18
14
2
31
1
10
1
31
16
10
2
40
3
5
2
10
2
5
3
67
35
2
1
27
3
9
3
68
2
3
3
36
3
13
2
45
3
4
1
52
1
12
3
17
16
11
2
67
1
12
2
5
2
13
2
2
3
13
3
28
12
10
3
5
5
3
2
34
1
12
1
18
1
12
1
8
2
6
3
6
2
11
3
7
5
3
1
4
1
1
3
28
5
7
2
16
1
6
1
33
5
5
3
37
3
8
1
35
2
4
2
61
1
10
2
29
1
7
1
22
1
10
3
30
6
11
1
2
5
11
3
30
1
2
3
63
9
6
2
54
2
12
1
42
2
11
1
9
11
6
2
42
2
1
2
15
3
6
1
30
16
6
1
6
1
5
3
15
3
13
1
40
2
14
1
32
6
6
1
29
1
9
3
38
11
1
2
8
3
13
1
55
2
14
2
36
5
6
3
42
3
3
2
14
3
6
2
6
1
2
1
17
9
6
3
26
11
10
2
12
1
8
3
37
1
13
3
16
5
12
1
39
4
6
1
25
1
14
1
12
9
12
1
34
2
6
3
25
9
11
1
37
1
4
2
65
1
2
3
47
5
4
2
33
1
6
2
37
1
1
1
25
2
2
2
66
3
10
3
32
2
13
3
14
26
13
1
53
2
4
2
1
2
6
3
44
1
12
1
67
3
1
2
9
2
10
3
53
3
12
3
9
10
7
3
55
7
3
3
23
10
9
1
23
1
9
1
61
3
2
2
55
1
14
1
66
3
12
3
41
4
13
3
31
18
12
3
44
6
3
3
52
10
4
1
36
3
3
2
18
2
5
3
1
10
13
3
5
1
11
1
12
12
7
2
61
2
6
2
67
2
12
3
22
9
1
2
8
1
11
3
39
9
4
3
9
23
5
2
53
3
9
1
49
2
3
3
54
2
5
3
49
4
10
2
5
1
11
3
33
12
13
1
26
1
2
3
2
4
14
3
32
1
6
2
44
4
14
3
17
7
14
2
32
1
7
1
15
3
6
3
45
3
6
1
55
1
7
1
47
2
1
1
10
3
8
1
39
3
2
3
65
15
10
2
42
4
12
3
29
9
12
2
28
2
2
1
34
10
11
3
54
1
13
3
34
9
7
3
4
10
3
3
10
20
12
1
14
20
10
1
7
7
14
1
4
2
2
2
11
2
14
3
60
20
14
2
71
1
3
1
32
5
1
2
18
1
5
3
31
3
1
2
22
2
5
3
66
3
3
2
49
4
9
1
66
1
2
2
41
5
3
3
12
4
5
3
67
23
14
1
41
2
8
1
37
2
11
2
38
1
10
2
35
1
9
3
23
17
1
2
31
4
12
2
43
2
7
2
34
3
2
3
35
1
7
2
53
2
7
1
1
2
6
1
53
1
7
3
16
6
3
1
54
3
3
2
55
2
10
3
66
7
1
2
71
3
9
1
49
1
5
2
32
2
4
2
10
1
8
3
7
2
11
2
33
3
9
1
68
3
6
2
30
1
14
3
13
8
8
2
35
3
3
2
52
5
7
3
38
10
12
3
35
2
7
3
63
13
7
1
5
1
2
3
33
6
4
1
3
11
12
2
4
2
3
1
11
6
7
3
8
16
6
3
55
6
10
3
53
7
9
1
36
2
11
3
27
8
14
3
2
5
5
3
41
2
1
1
9
14
12
3
49
3
1
2
6
3
4
2
15
1
2
1
23
2
6
3
45
6
1
2
39
4
11
2
54
1
9
3
1
5
4
1
43
3
5
3
43
5
13
3
71
2
6
3
29
3
2
