1
61
3
12
2
23
3
3
1
55
2
4
1
13
6
10
2
13
3
14
3
52
10
7
1
28
2
7
3
35
6
4
3
17
16
10
2
54
2
8
3
23
16
14
2
27
1
10
2
49
4
5
2
7
1
9
3
63
2
12
1
29
1
14
2
65
4
11
2
41
3
4
3
68
9
10
3
52
16
1
3
45
1
12
3
13
4
5
2
42
2
5
3
66
3
9
1
11
5
9
3
41
2
10
1
49
2
12
3
35
2
13
2
14
2
5
3
17
6
12
1
25
2
12
2
63
2
3
1
11
4
11
2
34
2
10
3
42
2
2
2
55
3
10
3
4
13
2
3
65
4
14
1
68
2
5
1
54
3
9
1
26
2
9
2
32
1
7
2
27
3
2
2
38
3
9
2
6
2
4
2
8
3
14
2
11
3
9
1
45
1
14
3
49
2
10
3
71
5
4
1
43
2
5
2
18
2
7
3
34
3
8
2
30
4
14
2
42
3
10
3
63
3
13
1
1
1
4
2
2
3
1
2
30
2
10
1
39
1
8
2
53
2
12
2
44
3
4
3
66
2
6
1
41
2
8
1
35
4
10
3
27
3
5
1
47
3
5
1
63
1
6
1
25
1
5
1
41
1
12
2
66
2
10
1
28
3
1
3
33
15
13
3
9
12
12
1
4
6
11
2
23
1
9
1
60
2
14
3
1
9
10
3
31
12
3
3
16
7
12
3
67
8
6
1
38
2
5
2
2
2
9
3
40
1
13
3
34
9
4
1
35
1
13
3
2
3
6
2
43
3
3
1
12
8
8
2
32
2
12
2
18
4
10
3
29
5
3
3
40
5
3
3
44
7
5
1
38
1
2
2
13
2
10
3
28
14
4
3
36
2
8
2
6
3
4
2
65
1
1
2
34
3
4
3
31
26
7
1
1
3
4
1
2
5
3
2
3
3
7
3
32
10
13
3
8
11
1
3
18
24
12
1
6
1
7
2
5
1
5
2
68
1
9
1
9
3
4
3
32
1
4
3
4
12
3
1
37
2
13
3
38
1
9
1
27
3
3
1
14
17
6
2
52
2
13
1
37
1
2
2
26
2
12
2
12
2
8
2
49
1
12
2
38
4
2
1
45
2
8
1
22
3
9
3
43
1
7
2
29
3
14
1
7
10
5
1
30
12
1
3
10
18
2
2
35
1
14
2
44
4
11
3
7
1
7
3
16
6
8
2
71
1
14
1
7
1
2
3
30
25
3
1
39
3
9
1
17
3
1
1
32
5
10
2
53
1
12
2
15
2
8
2
28
3
12
2
3
2
11
1
61
1
3
2
60
4
8
1
33
7
12
1
44
1
6
2
39
1
13
2
28
1
7
2
22
3
13
3
55
9
1
3
25
8
7
1
8
13
3
2
17
2
5
2
8
2
14
2
52
4
14
1
13
3
9
3
9
19
11
3
38
12
3
2
61
3
13
2
10
1
2
1
16
4
8
2
25
1
14
1
10
6
5
1
49
1
1
1
68
1
4
1
31
7
5
1
67
1
6
1
36
3
14
1
66
3
10
3
6
3
11
2
12
1
2
1
15
1
3
3
22
2
14
2
47
4
9
2
4
2
8
1
9
14
6
2
68
4
12
1
8
12
5
2
54
1
12
2
22
2
10
1
3
7
11
3
12
3
10
1
26
3
12
3
41
3
10
2
14
1
4
1
52
2
4
2
36
5
6
3
44
6
14
1
10
3
6
2
35
2
9
2
25
3
8
3
13
3
6
3
3
8
10
1
33
5
13
2
4
1
7
3
33
20
4
3
60
28
7
3
53
2
8
2
45
1
13
2
9
2
8
1
40
1
9
3
1
5
7
2
5
2
4
2
45
4
10
1
2
4
12
1
67
2
13
2
33
3
12
3
47
8
10
2
16
1
5
1
71
1
4
3
10
26
1
1
34
9
7
1
55
1
10
3
15
14
10
2
37
2
14
2
66
1
13
2
63
1
14
2
67
2
6
2
1
3
6
2
55
2
6
3
11
15
3
1
23
3
2
1
44
2
6
1
42
1
10
3
71
1
6
3
30
23
4
1
65
1
10
1
42
2
11
3
49
3
2
3
67
2
11
3
14
9
3
2
16
3
6
2
37
4
13
3
61
1
7
1
40
2
7
1
54
1
9
3
5
3
2
2
26
1
4
1
18
10
2
3
37
12
1
3
14
26
2
1
23
1
14
3
54
1
14
2
11
1
7
3
29
17
5
3
37
9
6
1
53
1
2
1
43
1
10
2
61
1
11
3
36
6
9
1
60
1
6
1
3
5
6
3
28
8
2
2
43
2
4
1
5
1
2
1
34
2
7
2
9
1
8
3
11
2
11
3
15
4
4
3
60
32
5
3
61
8
3
2
29
2
5
2
40
4
7
2
39
4
5
2
36
2
14
1
47
2
13
1
6
2
12
3
26
6
9
2
71
3
5
1
4
7
1
3
53
1
2
1
22
2
11
1
71
2
3
3
6
1
2
3
7
2
12
3
39
5
9
1
52
1
12
3
3
7
4
2
40
2
7
3
47
1
14
3
18
5
14
3
22
7
6
1
15
5
9
3
12
4
14
2
31
1
14
2
17
3
5
1
27
1
1
1
65
2
2
2
67
1
9
3
23
10
2
1
66
1
14
2
15
3
3
3
65
19
10
2
60
1
10
3
27
10
1
3
2
10
4
3
26
10
14
2
47
3
7
3
5
4
1
2
7
3
5
2
41
5
1
1
17
16
14
1
12
10
12
1
18
7
7
2
31
3
14
3
42
3
3
1
29
2
8
3
25
3
3
3
54
2
2
2
10
2
11
1
36
1
5
1
32
6
5
3
8
13
6
3
55
13
12
1
53
2
11
1
31
14
2
1
30
19
6
1
14
12
6
1
16
2
12
3
45
6
9
3
68
17
9
1
5
2
6
3
39
4
13
2
1
2
6
3
43
5
14
2
33
2
5
1
63
2
11
