1
27
1
5
2
22
3
3
2
4
2
10
3
33
17
12
3
52
1
8
2
12
3
6
3
37
5
2
3
13
7
13
1
15
2
5
3
14
21
7
2
65
2
7
1
41
3
7
1
63
2
7
3
36
13
12
2
3
3
5
3
45
2
10
2
66
2
1
1
13
9
1
3
14
13
3
3
35
3
6
1
45
2
11
2
65
4
9
2
8
2
6
1
28
2
14
2
13
1
8
1
47
2
11
2
34
1
7
1
2
3
14
1
38
2
2
3
29
3
8
2
61
2
14
1
9
7
10
1
33
7
4
2
10
2
8
1
45
1
8
1
3
8
8
3
39
10
12
2
45
2
9
3
18
10
12
2
30
4
1
1
68
3
2
1
22
3
10
3
10
22
13
2
39
3
11
2
13
3
11
3
3
8
1
1
14
22
10
2
27
2
5
3
9
29
3
1
61
2
10
3
8
18
2
3
25
2
3
1
32
7
11
3
71
2
8
2
66
1
2
1
27
2
1
1
43
3
11
3
35
6
12
2
9
3
5
1
29
1
10
1
22
2
2
3
7
2
6
1
53
2
8
1
16
4
8
3
28
15
13
2
28
2
11
1
44
3
5
1
8
11
6
2
41
5
1
2
25
2
14
2
43
5
2
2
17
3
4
1
31
17
10
1
11
10
14
3
5
1
1
1
2
2
11
1
1
2
7
3
17
5
9
1
38
1
9
1
42
2
8
2
33
2
10
2
47
3
2
3
29
9
9
2
18
4
4
2
44
1
9
1
52
1
6
3
71
3
13
3
68
16
14
3
37
11
11
2
42
2
6
2
41
3
11
2
17
2
8
2
40
1
2
1
66
2
9
1
13
1
12
1
6
1
3
3
15
8
11
3
68
1
6
3
2
11
5
1
42
1
9
2
52
5
7
3
61
6
9
1
37
2
5
2
60
3
11
1
47
3
7
1
30
14
6
1
49
2
3
1
37
1
6
3
41
2
7
2
38
1
10
2
15
3
14
1
34
8
13
3
10
14
4
1
60
2
14
1
43
1
13
1
40
1
1
3
66
3
4
2
49
3
8
2
63
1
14
3
52
6
12
1
17
15
10
1
53
1
6
3
63
12
12
1
39
1
5
1
28
3
12
3
43
7
11
1
40
2
7
3
27
15
3
2
3
1
11
1
34
6
7
2
11
2
5
2
15
2
7
3
60
1
11
2
9
1
2
2
54
1
5
3
53
6
14
3
67
38
1
2
45
4
9
1
23
3
1
1
29
3
5
3
38
10
4
3
67
17
6
1
71
3
3
2
31
4
14
2
6
1
4
3
27
2
10
1
9
12
6
3
42
3
13
3
25
6
6
2
67
2
9
3
43
6
6
2
47
2
9
2
35
2
4
2
5
2
12
1
36
2
9
3
5
4
6
3
49
7
3
2
32
2
12
3
40
4
2
1
44
1
3
3
31
1
5
2
71
3
13
2
28
1
8
2
36
4
6
1
55
1
9
2
26
1
13
3
23
4
10
1
4
8
10
2
71
1
3
2
55
2
4
2
61
1
1
2
12
2
1
3
54
2
2
1
7
9
2
3
30
20
14
3
6
3
9
1
52
2
3
3
26
7
14
1
65
1
10
1
68
1
11
3
28
8
14
1
12
12
11
3
16
2
12
1
26
1
12
2
26
4
5
1
54
2
6
1
49
1
11
3
30
4
5
3
44
6
5
3
31
8
14
2
2
2
11
3
22
10
2
1
3
1
3
3
18
9
12
2
25
3
11
3
41
1
13
1
14
20
2
2
68
2
3
2
49
4
7
3
61
10
13
3
17
14
11
2
34
2
7
3
47
1
2
3
36
1
6
3
66
2
12
1
55
2
6
2
7
3
14
1
1
3
5
3
32
1
13
3
53
1
1
2
29
2
7
1
5
1
13
1
66
3
7
1
30
10
1
2
4
3
7
2
37
2
11
1
39
2
4
2
60
1
9
1
71
1
1
3
3
6
10
3
32
10
8
1
61
3
7
2
10
3
3
3
40
1
9
1
33
2
9
1
5
2
6
1
31
6
8
2
52
3
5
2
1
1
5
3
12
3
12
2
6
3
14
2
33
1
2
1
41
2
4
1
25
2
13
2
35
3
6
2
27
3
5
3
8
2
9
1
67
2
3
1
54
3
13
2
1
3
10
2
67
1
12
1
16
5
6
1
17
5
6
3
4
20
4
3
55
10
7
2
32
4
3
3
33
21
13
1
6
2
4
3
63
9
2
1
60
1
2
1
32
5
1
1
4
5
6
1
67
3
1
3
60
6
9
3
65
10
13
3
55
14
14
2
37
3
1
2
23
2
4
2
18
3
1
3
6
1
7
2
53
3
3
1
8
2
9
2
53
1
2
3
13
5
6
1
15
5
7
3
7
1
5
2
40
3
14
2
16
3
10
2
22
2
2
3
49
8
12
3
16
6
6
3
4
10
10
2
39
2
10
3
23
18
9
1
23
1
3
1
25
1
14
1
36
1
3
1
10
7
6
3
2
6
12
2
14
3
8
3
22
1
8
3
1
7
2
2
54
2
4
3
65
6
9
2
44
2
9
2
7
2
6
1
11
6
10
2
36
1
14
3
12
6
9
1
63
1
10
3
34
2
6
2
8
1
12
2
68
1
8
3
11
17
6
3
15
13
9
2
38
5
12
1
12
3
9
2
31
1
13
2
5
1
9
2
63
2
12
2
55
3
7
2
29
1
11
1
35
4
3
3
47
3
14
1
26
3
4
1
65
2
10
2
30
3
2
3
9
4
4
2
14
2
9
2
23
1
2
2
42
3
6
3
1
1
3
3
34
8
7
3
42
1
13
3
38
5
2
1
35
2
7
3
44
8
14
2
16
2
7
2
2
3
12
3
45
7
1
2
11
1
10
1
18
1
3
3
26
4
6
3
39
3
11
3
11
25
7
3
54
1
8
1
7
11
7
1
10
3
5
1
18
10
6
2
43
1
3
