3
61
5
11
1
60
2
6
1
71
2
10
1
9
8
2
1
25
1
6
2
63
3
13
1
68
1
7
1
32
3
13
3
65
17
1
1
53
2
9
3
26
11
12
1
61
2
10
3
16
1
10
1
33
1
13
1
53
1
6
2
1
2
3
2
25
1
14
1
67
2
5
2
52
1
14
2
26
1
2
1
63
2
2
3
27
17
9
2
16
2
4
1
5
2
3
2
10
3
1
3
7
3
2
3
7
1
1
3
36
13
7
1
63
1
2
2
31
4
5
3
44
9
8
1
13
6
14
2
43
2
13
2
63
2
4
1
45
2
3
3
13
8
9
3
63
6
13
3
17
16
8
1
39
3
14
2
45
2
13
2
3
2
3
2
14
2
4
1
38
3
11
2
36
3
8
1
65
1
13
2
40
2
6
1
66
3
2
2
47
2
1
2
68
1
3
3
1
3
11
3
66
8
5
3
67
27
14
1
6
1
8
2
68
2
11
3
45
5
11
1
16
6
10
1
39
2
8
3
40
1
5
1
6
2
12
3
6
3
13
2
53
2
7
2
15
1
13
2
36
5
12
1
14
10
9
3
34
11
6
3
44
6
5
3
5
4
3
1
25
3
14
3
47
2
9
3
49
5
6
3
60
25
7
1
67
3
13
1
43
1
13
2
38
4
1
2
38
2
12
2
3
1
11
2
66
3
6
2
12
3
12
3
31
8
11
2
26
2
13
2
67
1
11
3
3
7
14
1
61
1
13
1
36
2
10
2
60
3
13
3
34
4
4
1
11
5
4
3
43
7
9
2
49
1
6
2
2
1
11
2
42
1
1
2
42
4
3
2
8
1
13
3
60
14
7
3
38
8
13
3
15
17
13
3
2
6
6
3
17
4
7
1
52
1
13
2
34
2
9
3
54
2
8
3
40
5
7
1
15
5
6
1
9
10
4
3
63
12
7
1
16
5
3
3
25
3
4
3
28
9
3
2
15
3
8
1
47
2
12
2
37
1
5
3
36
12
7
1
1
2
5
1
55
2
11
1
15
4
1
1
29
1
1
2
10
1
4
1
34
6
9
2
22
2
3
2
28
3
4
1
71
3
4
1
42
2
9
3
26
2
1
1
30
19
13
1
43
3
11
1
18
4
4
3
32
3
4
3
35
4
5
2
65
3
9
2
53
3
9
2
39
1
13
2
5
2
10
1
5
1
2
3
14
15
7
3
55
14
13
3
54
1
13
3
52
15
10
1
45
1
4
1
32
7
5
2
7
3
10
3
41
2
11
2
34
3
6
1
42
1
14
2
28
2
3
3
18
17
6
2
13
3
3
1
27
2
7
1
22
3
9
2
33
3
1
1
29
2
5
2
52
4
13
1
36
1
10
3
9
6
1
1
23
2
4
2
71
3
2
1
52
2
6
3
8
2
2
3
22
7
10
2
30
3
10
1
18
7
2
1
23
3
1
2
27
1
14
2
31
1
5
3
68
1
9
2
55
1
14
3
12
1
11
1
12
2
3
1
10
4
5
3
1
10
13
2
9
2
2
3
32
7
3
2
41
4
10
2
30
4
12
2
40
3
9
2
25
2
7
2
37
3
9
3
29
14
6
3
71
5
6
3
65
15
3
3
4
16
1
2
8
3
1
1
7
11
6
2
33
1
9
1
14
2
2
3
23
18
8
3
11
24
2
3
38
6
13
3
42
2
13
3
16
8
14
1
37
1
5
2
44
4
4
2
54
2
11
2
49
3
8
1
17
3
3
3
52
1
12
1
12
14
10
1
35
4
5
3
49
1
3
2
29
2
12
3
33
1
9
3
28
6
11
2
11
3
13
2
67
2
13
1
41
1
9
2
35
1
13
1
4
3
14
3
31
11
8
1
55
1
9
1
1
3
8
1
66
1
6
1
40
1
10
2
29
3
7
1
27
1
7
1
11
2
9
1
44
4
5
3
66
5
12
2
41
5
8
3
14
14
8
3
4
14
4
1
35
3
12
2
16
3
2
3
12
5
3
2
18
4
3
2
6
3
9
2
18
3
3
1
44
2
5
1
17
2
9
3
68
16
14
1
49
2
13
1
68
2
7
2
45
1
12
3
41
3
6
3
42
3
13
1
13
1
2
2
4
1
2
3
8
10
11
1
3
6
4
3
61
7
1
1
26
1
1
1
26
3
6
2
44
1
10
2
7
2
4
2
65
2
5
1
31
10
13
3
13
9
14
1
37
2
13
3
43
4
12
1
49
1
8
2
43
4
2
2
22
1
2
2
60
1
7
1
3
8
3
3
25
8
8
2
32
3
6
3
2
3
12
3
35
7
13
3
11
26
14
2
17
2
8
1
2
3
1
2
71
1
6
3
10
6
5
3
53
6
3
3
37
3
7
2
32
2
10
2
61
3
13
3
29
15
5
3
27
7
2
3
15
1
9
2
27
3
8
2
55
2
4
3
30
24
12
2
9
3
10
2
47
4
9
1
38
2
14
1
65
2
5
2
1
1
10
2
5
1
14
3
37
4
5
1
30
14
3
1
8
1
8
2
17
1
9
1
60
1
3
1
31
5
7
2
66
1
7
3
45
7
12
3
39
10
5
3
5
1
11
2
2
2
3
2
23
3
13
2
35
2
4
3
9
18
9
1
54
3
12
3
18
11
4
1
47
1
10
2
6
1
12
3
22
9
12
1
10
3
12
3
55
15
5
1
2
5
3
2
14
3
6
3
30
12
2
3
3
8
6
1
8
8
2
1
22
2
7
3
23
3
9
3
67
18
13
2
4
3
3
1
40
2
8
1
41
2
5
2
61
1
14
3
39
2
7
3
53
2
11
1
33
4
14
1
34
3
6
1
4
4
13
2
13
2
6
2
12
2
11
3
33
24
12
2
39
4
13
2
11
1
5
1
54
1
10
2
23
1
13
3
10
3
4
1
28
2
8
3
6
1
6
1
7
2
4
1
28
3
6
3
47
1
1
2
54
1
3
3
71
4
2
