3
32
9
4
2
68
1
13
3
71
2
8
3
37
2
2
1
11
1
6
1
22
3
3
3
3
9
12
1
67
3
8
3
4
23
8
2
65
2
4
1
47
2
7
1
36
1
5
1
28
2
13
1
36
3
9
1
37
2
12
3
43
7
11
1
60
1
2
2
44
4
5
2
61
2
1
2
26
3
2
3
9
6
6
1
67
1
13
3
11
10
9
2
60
1
5
2
29
2
13
3
71
4
2
1
42
1
9
2
36
1
9
2
2
1
1
2
42
3
12
3
14
22
1
2
4
3
12
2
41
3
5
2
36
4
4
3
67
11
9
3
53
8
13
2
13
2
4
1
65
1
8
3
15
6
11
2
63
3
11
3
41
3
3
1
18
12
7
1
10
7
8
2
8
1
6
3
31
25
3
1
27
3
10
1
16
5
4
1
4
6
4
2
6
2
14
3
54
1
6
3
22
3
10
3
22
6
8
2
28
3
8
3
45
6
5
3
35
6
14
2
1
2
12
2
29
1
4
1
7
9
14
2
32
1
5
1
68
1
14
1
44
1
14
2
41
5
8
2
31
5
1
3
18
13
7
1
9
14
10
1
63
2
4
1
12
9
2
3
12
3
5
2
45
1
9
3
40
3
13
3
66
9
2
3
17
10
9
2
39
1
12
1
2
5
8
3
61
2
14
3
30
17
10
2
38
4
3
1
29
3
8
2
15
1
14
1
54
1
12
3
29
3
2
1
31
9
2
3
1
9
12
2
66
2
5
2
11
3
11
2
13
1
11
1
49
2
5
2
2
3
3
3
18
3
8
1
23
1
9
3
53
3
8
3
54
2
7
2
30
1
5
3
40
1
2
2
43
4
7
3
6
5
11
3
55
8
1
3
42
2
11
3
4
22
5
2
54
2
12
2
3
2
9
2
10
1
8
2
3
1
7
2
9
1
12
3
6
4
3
3
27
16
8
2
42
4
7
2
61
1
10
1
40
2
12
1
55
1
10
1
6
1
14
2
6
1
1
2
32
2
8
3
44
1
8
3
45
1
12
3
1
10
5
3
66
4
6
2
23
3
3
1
5
2
11
2
9
2
8
2
37
1
10
1
38
3
5
3
8
11
7
2
45
2
1
1
33
3
9
2
68
2
12
3
17
9
4
3
61
4
13
2
33
1
4
3
49
4
8
2
67
2
1
3
47
2
14
2
71
3
13
2
49
4
2
1
52
2
8
2
43
2
11
3
33
14
10
3
5
2
9
3
41
4
3
1
66
2
5
2
16
2
10
3
29
10
2
2
18
2
5
3
42
1
11
1
3
6
3
1
34
2
5
2
66
3
3
2
49
2
9
1
17
4
5
3
14
8
7
2
8
2
5
1
1
3
9
2
22
3
7
1
44
3
2
2
7
2
14
1
60
2
9
3
33
24
13
2
23
1
11
1
28
1
9
1
6
2
6
1
37
1
14
1
26
1
9
1
18
15
13
2
40
1
2
3
38
4
6
1
30
17
2
3
26
5
7
3
31
15
8
1
15
5
11
3
38
2
10
2
55
2
13
2
54
1
12
3
15
1
10
1
39
2
14
2
65
1
7
1
68
3
11
2
38
5
10
2
25
1
7
1
26
2
3
1
2
4
13
1
12
7
9
3
44
10
6
1
32
1
11
3
8
5
5
3
27
7
11
1
22
1
9
1
16
3
12
2
16
1
1
2
60
4
14
2
18
1
5
1
45
1
9
1
31
14
3
1
43
2
10
1
53
1
8
3
34
6
5
2
27
3
9
1
13
6
13
3
28
13
10
1
10
3
3
2
14
2
7
2
53
1
10
3
47
9
13
1
17
6
4
3
30
12
13
1
63
1
2
1
11
4
6
1
49
1
6
3
63
9
4
1
41
2
12
1
23
3
14
1
7
5
12
1
33
2
6
3
26
8
8
2
12
2
14
1
42
2
2
2
26
2
6
2
55
3
7
1
53
2
2
3
39
2
13
2
12
3
12
1
47
1
10
3
2
12
8
2
44
3
11
1
54
2
7
2
52
7
11
2
17
2
5
1
25
1
5
3
28
5
3
3
39
6
3
3
49
8
10
2
34
1
10
3
60
26
8
2
53
2
5
1
61
1
9
1
61
2
4
1
27
2
2
1
65
2
10
3
34
2
9
2
33
2
8
3
2
5
2
1
35
1
10
2
31
1
8
2
63
1
6
3
36
1
14
2
5
2
7
2
14
3
1
3
23
17
10
1
38
2
9
3
16
1
6
3
25
1
11
1
52
1
5
2
30
4
8
1
35
4
11
2
47
4
6
1
1
2
9
1
39
3
12
1
5
1
11
3
5
1
1
1
29
1
7
3
63
1
13
1
4
8
13
1
40
1
11
3
37
10
8
3
65
1
1
3
43
3
4
3
36
11
4
3
60
9
4
3
32
1
4
1
8
2
6
1
3
8
11
3
52
16
3
1
55
2
9
2
71
1
2
3
9
2
4
3
65
3
2
1
71
1
5
2
7
3
1
2
1
3
6
1
41
3
6
1
45
2
4
2
5
3
7
1
14
7
1
2
52
2
5
1
32
4
5
2
25
2
12
3
67
38
10
3
11
19
3
2
40
3
14
2
67
1
11
3
10
1
11
2
28
1
10
1
14
8
9
2
37
3
1
3
13
6
9
3
25
7
9
1
34
8
9
1
66
1
6
3
7
3
10
1
71
3
3
3
16
4
13
3
10
23
11
2
35
3
1
1
30
13
4
3
52
5
2
2
34
2
10
3
13
5
12
1
13
8
11
2
22
1
1
3
35
2
2
3
68
8
10
1
15
4
14
2
4
2
3
1
43
3
6
3
23
12
1
3
55
5
13
3
12
5
2
2
17
3
5
2
39
4
4
2
11
2
14
3
68
15
14
2
10
2
10
2
35
2
11
2
15
2
10
1
9
12
10
1
8
16
2
2
47
2
1
1
25
3
13
3
7
1
2
3
3
5
8
2
27
1
5
