1
71
1
2
2
23
1
4
3
14
11
10
1
65
1
9
3
47
3
9
1
8
6
10
3
31
9
14
1
4
2
13
3
42
1
13
2
67
1
4
2
2
3
13
3
43
6
6
2
45
1
7
1
10
1
1
3
1
6
2
2
10
1
14
3
28
15
1
2
37
4
6
2
9
1
9
1
34
7
5
3
43
5
9
3
14
13
12
2
12
2
2
1
23
1
1
3
15
4
8
3
26
11
9
3
49
4
6
1
26
1
1
3
10
2
13
1
49
2
4
2
9
2
7
3
61
5
10
2
16
1
3
1
44
4
9
2
71
1
14
1
30
11
8
1
2
2
5
2
61
3
3
3
8
8
4
1
5
1
4
2
22
3
2
3
18
21
1
2
14
3
3
3
5
5
11
2
34
3
7
1
30
17
11
2
18
3
5
2
61
1
14
3
66
5
8
1
15
2
5
3
63
1
7
3
37
11
4
3
71
2
8
1
35
1
13
3
29
9
13
1
14
5
11
2
1
3
5
3
16
1
10
1
52
2
5
3
37
4
3
2
38
2
2
2
3
2
9
3
7
5
2
1
7
3
14
2
8
3
10
3
36
1
6
1
52
1
9
2
5
2
12
3
4
5
4
2
43
1
12
1
29
1
13
3
11
25
1
1
9
14
12
2
60
3
9
2
38
5
1
1
38
1
3
3
40
6
12
3
42
4
14
1
42
1
6
3
27
3
3
3
68
17
9
1
55
1
3
2
52
2
11
3
61
4
9
3
12
2
6
1
7
4
5
2
53
1
12
3
60
17
3
3
1
3
10
1
41
1
5
3
15
12
1
2
71
3
12
2
7
1
1
2
25
3
7
1
11
6
1
1
1
3
6
2
40
4
11
3
45
1
1
2
52
3
7
3
2
3
1
2
31
1
5
1
11
7
11
3
13
7
14
2
18
4
13
2
39
2
12
3
5
4
8
3
44
4
8
2
8
2
1
2
63
3
5
1
39
1
13
3
35
7
1
2
67
2
6
1
17
15
7
2
36
1
9
1
63
2
1
3
22
4
11
2
6
2
11
1
71
2
7
3
33
8
1
2
5
1
1
3
26
9
4
1
37
1
1
2
35
1
3
3
17
17
1
3
9
10
13
2
54
1
5
2
27
2
13
3
33
1
1
1
13
7
2
3
22
6
10
1
61
2
5
2
29
2
13
2
12
3
10
1
49
1
9
1
31
17
8
2
26
2
1
2
22
2
14
2
33
3
12
1
37
2
5
1
9
10
12
2
41
5
3
2
11
3
6
2
32
3
14
3
30
10
4
3
12
5
4
1
34
1
6
2
35
3
11
1
44
2
2
3
17
10
6
3
44
6
8
2
47
4
10
3
32
4
14
2
4
2
5
3
32
1
4
1
10
4
6
3
68
16
8
3
2
8
12
2
42
2
10
3
39
6
14
2
34
1
6
3
4
19
6
3
27
7
3
2
55
2
1
3
55
6
3
3
31
18
3
1
43
1
11
3
54
2
1
1
65
2
13
3
16
4
12
1
54
2
2
2
26
1
8
1
22
2
12
3
40
5
2
2
33
1
7
1
66
1
2
1
12
10
4
1
68
3
5
2
2
1
10
1
8
1
13
1
36
1
11
1
35
3
6
1
26
3
4
1
36
3
1
1
53
2
4
1
68
2
13
2
66
2
7
2
13
1
14
1
33
7
3
1
16
4
4
1
60
2
8
1
25
2
6
2
30
2
9
1
47
3
14
2
7
2
9
3
66
9
7
1
61
3
6
3
25
4
12
2
32
4
13
2
10
2
12
1
42
2
5
3
65
5
3
3
65
10
10
2
42
1
9
1
67
2
2
3
34
4
1
1
60
1
11
1
45
1
6
3
38
6
12
1
17
13
11
1
3
6
8
1
4
8
9
1
67
1
5
1
2
7
12
1
43
3
14
2
14
2
5
3
6
2
10
1
55
2
11
3
7
2
9
3
47
2
8
2
40
2
14
3
52
4
5
1
16
1
8
2
53
2
14
3
45
3
6
1
54
1
14
2
15
3
12
2
28
2
3
3
49
3
14
1
18
12
1
3
29
16
6
1
33
5
13
1
22
3
12
3
41
3
13
2
47
1
4
1
15
1
1
1
28
2
10
3
10
16
6
2
11
1
9
3
71
4
7
3
55
5
6
1
32
2
3
1
31
3
14
2
4
1
9
2
17
3
13
2
28
3
10
3
60
6
9
2
6
3
12
2
13
2
6
1
63
1
8
1
47
2
2
2
25
2
5
3
6
6
10
1
40
3
11
2
49
1
10
1
6
2
12
2
68
2
13
3
3
3
12
2
44
3
3
3
13
5
2
2
54
2
7
1
1
2
5
1
40
2
12
3
30
7
11
3
9
11
6
1
6
1
14
3
25
8
14
2
68
3
3
3
18
12
10
1
53
1
2
2
66
1
12
2
16
3
1
2
65
1
7
2
43
2
5
1
27
3
3
2
3
3
3
1
12
8
3
2
44
5
11
3
39
3
13
2
60
4
14
2
30
5
14
3
34
1
11
1
13
5
4
2
36
4
14
1
39
2
7
1
14
16
11
3
38
5
7
3
36
14
6
3
11
21
2
2
63
1
8
2
1
2
4
1
23
2
1
3
23
15
9
2
49
4
2
1
41
3
4
2
15
2
2
2
17
1
1
1
25
1
8
3
67
28
13
1
38
2
10
2
29
3
14
3
67
24
4
2
23
3
10
3
52
7
2
3
54
1
8
3
41
1
3
2
31
2
11
2
45
3
4
1
45
2
7
3
8
16
14
3
28
16
11
3
23
1
12
2
27
1
5
1
66
3
8
1
27
2
3
3
35
8
4
2
39
4
6
1
3
9
12
3
63
6
12
2
55
1
8
1
32
5
4
2
37
2
8
3
53
8
12
2
41
3
1
2
65
2
1
3
3
1
11
1
29
3
5
1
5
2
12
1
28
1
7
1
18
1
8
3
53
2
2
