1
61
1
4
3
67
35
13
3
43
7
2
2
23
3
12
1
55
1
11
3
52
11
11
1
65
2
13
3
66
1
4
1
53
2
12
2
5
3
2
3
26
6
6
2
11
2
14
3
17
1
3
3
63
9
2
1
52
1
1
3
71
1
7
1
52
3
8
3
17
12
13
2
22
2
13
3
71
4
8
3
34
1
6
1
45
2
2
3
15
12
5
3
43
3
4
1
26
3
4
3
53
7
6
2
37
4
11
2
29
1
2
2
12
3
11
2
63
1
9
1
10
5
5
1
43
3
3
2
12
1
3
3
31
19
9
3
37
5
10
1
32
5
11
2
34
3
3
2
53
2
3
3
41
3
11
3
55
14
3
3
54
1
1
2
60
2
13
1
39
4
4
3
33
18
9
2
1
1
10
2
65
2
13
2
61
3
10
1
25
2
11
1
49
1
9
2
61
2
4
2
15
3
12
2
55
1
8
3
31
23
7
1
5
2
9
2
55
2
8
2
5
1
4
3
11
17
14
1
3
1
11
3
29
12
14
1
36
2
12
3
5
5
1
1
16
1
13
1
42
2
6
1
37
2
11
1
63
1
11
2
13
1
13
2
33
3
2
1
11
12
13
2
3
3
4
1
9
3
6
1
28
3
10
3
61
11
8
2
7
3
6
2
4
3
4
3
25
1
6
1
2
5
6
1
33
7
8
3
3
9
14
1
18
15
7
1
54
2
11
2
16
1
2
1
71
2
12
1
28
1
7
2
38
1
8
1
47
2
4
1
7
11
1
1
45
1
4
3
13
1
11
2
26
3
1
3
7
5
2
1
43
2
6
3
38
11
6
3
42
3
14
3
1
10
1
1
22
3
7
2
52
3
9
2
36
5
3
2
68
1
2
1
44
2
10
3
33
11
3
2
29
3
12
1
49
2
14
3
52
12
12
2
67
2
13
3
61
3
14
3
22
2
10
1
8
12
14
1
40
3
6
3
35
3
10
2
60
3
2
2
4
2
5
3
67
27
13
2
43
3
10
3
42
2
11
2
39
4
2
1
15
3
10
1
13
3
4
2
68
4
1
1
37
1
12
2
63
3
14
2
54
2
14
2
49
2
2
1
17
14
4
1
23
2
6
1
30
5
1
3
13
6
10
1
10
8
10
3
28
2
8
1
38
3
9
3
60
9
14
3
23
6
11
3
45
7
5
2
38
2
7
2
35
2
9
2
13
3
2
1
4
5
13
3
1
8
13
3
49
8
5
1
18
5
8
1
67
3
8
3
27
5
2
2
41
2
5
3
16
3
13
1
15
2
13
2
49
1
14
3
15
10
2
3
16
1
8
3
18
10
3
1
36
3
12
3
53
2
4
3
54
2
10
3
36
5
1
2
31
5
10
3
60
17
13
2
40
1
13
1
44
3
7
2
8
1
8
3
32
3
6
1
31
1
6
1
14
20
6
1
65
1
6
1
29
1
10
1
63
2
10
1
66
1
7
1
41
3
11
3
40
1
8
1
29
3
4
2
41
4
5
1
6
1
7
1
23
1
8
2
18
4
8
3
12
7
8
3
10
22
10
2
28
3
12
2
16
3
4
2
27
2
12
1
6
2
2
2
14
1
4
1
11
3
8
1
40
1
4
3
63
8
9
1
13
1
2
3
6
2
7
3
12
2
4
1
22
1
3
3
2
8
12
2
22
1
1
3
49
6
3
2
52
4
12
3
44
8
12
3
37
7
13
2
25
1
3
1
16
3
11
3
18
2
9
2
10
3
12
2
39
1
7
2
15
2
1
2
45
3
11
3
28
6
6
3
39
4
11
2
27
3
12
1
25
1
6
3
66
3
1
2
30
4
11
2
2
3
6
3
45
4
6
1
54
3
6
1
1
3
1
1
66
3
12
1
33
5
4
1
39
1
3
2
43
1
11
2
11
3
14
1
60
1
11
1
27
3
7
3
30
2
4
2
7
2
1
2
35
1
9
2
30
5
10
2
18
3
11
3
27
15
12
3
4
10
14
3
65
21
6
2
34
2
14
1
61
2
10
1
27
2
10
2
31
2
5
2
6
1
12
3
2
5
10
3
7
4
14
3
47
7
3
2
53
1
14
1
1
2
13
3
4
6
11
1
32
7
3
1
7
3
3
1
67
1
3
2
42
3
14
1
60
2
6
1
3
9
14
2
17
3
10
3
29
3
4
2
66
1
8
3
22
3
7
2
9
1
10
2
65
1
11
1
31
17
13
3
32
11
10
3
38
5
1
3
23
4
1
2
14
3
8
1
9
1
12
3
9
6
6
2
33
1
3
2
28
2
5
2
47
3
9
1
41
2
11
2
32
2
11
1
26
2
3
3
26
10
2
2
45
2
1
3
8
1
3
3
5
2
12
2
26
2
13
2
71
1
13
1
68
3
3
1
71
3
11
1
42
1
6
1
8
16
4
2
10
1
13
2
17
1
8
2
32
3
9
2
71
2
11
2
54
1
1
3
11
11
6
2
3
1
11
3
41
1
9
1
17
1
3
2
6
2
6
3
39
8
10
3
34
6
11
3
10
20
4
3
68
4
7
1
53
1
7
3
68
16
5
1
47
1
3
3
14
16
4
1
12
4
4
3
8
17
7
3
40
5
14
1
2
1
13
3
14
13
5
2
25
3
9
1
12
16
13
1
4
1
1
3
6
5
7
3
44
9
7
1
38
1
6
2
9
2
10
2
36
4
14
2
44
4
3
3
9
25
7
1
30
12
1
3
35
1
4
3
55
17
3
2
2
1
10
1
5
1
9
1
34
5
11
3
47
9
14
1
55
2
4
3
65
17
1
1
35
2
9
2
37
3
12
1
68
1
11
2
40
3
5
2
8
2
12
2
42
2
1
2
44
1
11
2
67
1
10
1
34
1
7
1
35
4
14
3
25
6
12
2
1
3
4
3
3
10
13
3
30
28
6
2
66
3
1
3
36
15
12
2
47
1
8
1
14
18
1
2
23
2
9
