1
27
1
7
2
67
2
1
2
67
1
1
3
71
3
4
2
3
2
12
1
52
3
2
1
10
4
10
1
38
1
3
3
60
20
4
2
11
3
10
3
22
12
11
3
8
11
11
1
65
2
12
2
10
1
10
1
7
4
6
3
66
5
12
2
29
2
7
2
29
1
8
1
54
1
7
1
25
1
7
2
47
2
3
3
54
2
13
3
30
21
7
3
18
8
1
3
23
17
6
1
33
6
9
1
11
10
9
1
17
2
1
3
35
5
9
2
42
3
13
3
12
1
7
3
53
3
1
1
45
2
14
1
55
2
11
3
30
26
7
1
22
1
4
2
17
1
4
1
7
3
6
1
45
1
6
2
35
1
7
1
3
9
12
3
7
3
2
3
23
5
14
3
28
16
9
1
35
2
14
2
71
1
8
1
37
2
9
2
68
2
14
1
67
3
8
2
55
1
14
2
31
2
3
2
28
2
8
2
2
2
1
1
34
5
6
1
10
8
9
2
30
3
11
1
41
2
13
3
31
26
10
2
33
1
6
3
54
1
14
2
44
1
1
2
31
1
3
3
53
8
9
2
27
2
3
3
36
4
10
2
53
1
3
1
32
1
3
3
26
9
13
2
42
1
6
2
53
2
3
3
18
9
13
2
41
4
11
1
55
1
7
1
43
1
2
2
63
1
2
1
31
7
2
1
22
3
14
3
4
6
13
3
61
9
6
2
6
3
2
2
6
2
8
2
12
3
6
2
36
4
4
1
66
3
11
2
22
3
11
1
23
3
14
3
38
3
7
3
43
5
12
3
6
1
2
1
16
6
13
3
11
18
14
3
16
2
5
1
1
1
5
2
44
2
8
3
55
4
2
3
32
5
11
3
27
17
11
3
9
10
6
1
14
3
11
3
68
11
13
3
11
15
6
2
35
3
12
2
9
3
1
1
68
2
5
2
12
1
12
1
28
1
5
3
67
6
1
2
25
2
4
2
9
2
1
3
33
20
5
3
34
7
6
2
15
2
6
2
17
3
13
2
37
2
7
2
52
4
11
1
26
1
3
2
65
3
11
1
4
5
10
2
54
1
1
3
43
2
7
3
40
6
14
3
5
2
3
3
52
3
8
1
16
2
7
3
42
3
9
2
2
3
2
1
43
3
12
1
13
4
7
2
61
1
1
1
18
2
1
3
7
2
2
3
12
3
6
1
29
3
13
2
43
2
9
2
11
1
7
3
63
12
2
3
22
1
6
2
39
2
5
1
66
2
12
3
14
9
5
2
22
1
8
3
66
8
10
3
15
2
12
1
61
2
5
3
34
8
4
2
33
3
8
3
45
1
7
1
4
1
4
3
36
9
5
3
37
7
10
2
43
3
6
3
3
6
4
1
26
3
1
1
6
2
12
3
38
1
4
2
27
1
3
2
25
1
4
3
27
14
1
2
7
3
3
2
71
2
10
1
71
1
10
2
32
1
4
1
65
1
8
1
12
4
2
3
55
8
1
2
30
4
2
3
1
8
8
1
41
1
1
1
8
6
5
2
32
3
4
1
15
2
2
1
18
3
7
3
3
4
1
2
65
2
8
2
38
2
3
2
39
4
4
3
41
3
7
1
8
11
2
1
53
1
12
1
12
18
10
2
5
1
2
1
68
1
9
2
45
4
1
3
14
7
10
2
18
4
7
2
61
3
10
2
49
2
4
1
37
1
1
2
4
1
2
2
55
2
10
2
5
2
3
3
9
9
4
3
1
5
8
3
17
3
13
3
44
4
10
1
31
17
8
2
8
1
14
2
38
3
9
1
40
1
3
2
26
1
5
2
40
1
2
1
29
2
8
2
7
1
2
3
35
3
8
1
9
4
3
3
31
2
1
1
53
2
14
1
28
3
10
1
47
3
7
3
60
10
7
3
52
18
4
2
1
1
4
1
27
3
8
1
32
5
5
1
30
10
7
3
47
8
12
1
44
1
5
3
6
5
4
3
39
8
14
3
13
3
5
3
10
20
5
3
25
7
13
1
49
2
6
3
25
6
7
3
67
7
13
3
61
8
10
3
65
5
9
3
41
1
12
1
33
2
14
1
9
5
13
3
45
3
8
2
66
1
14
2
14
3
5
3
33
24
11
3
4
11
12
1
39
1
5
1
71
2
14
1
30
15
6
2
14
1
4
1
11
6
11
2
3
1
8
2
68
4
10
2
16
3
12
2
63
2
10
1
67
2
6
3
37
12
8
3
49
7
6
1
5
2
10
2
23
2
10
1
47
2
6
3
26
1
6
1
39
4
9
2
26
3
6
2
60
1
2
3
2
7
14
2
54
2
2
2
8
2
14
2
16
1
10
3
8
5
2
1
54
3
10
2
23
1
10
1
6
1
11
2
10
3
3
1
42
2
12
1
13
1
4
2
1
2
7
3
5
1
7
1
44
4
10
3
47
3
2
3
2
5
11
3
65
14
6
1
2
7
11
2
47
3
2
1
35
1
2
1
5
1
12
1
36
3
10
2
28
3
14
2
40
3
5
3
44
5
10
1
15
3
14
3
16
1
4
1
40
3
11
1
63
2
7
1
25
2
5
3
15
7
14
1
17
16
13
3
29
11
2
2
49
3
2
1
60
2
9
2
52
7
6
3
32
7
4
1
63
1
7
1
14
12
3
3
40
2
3
1
42
1
14
3
63
2
3
1
60
1
4
1
38
2
2
2
15
1
1
3
42
4
1
2
45
2
2
3
17
7
6
1
2
1
12
2
34
3
7
2
13
1
5
2
4
2
3
2
66
2
9
1
34
8
14
3
49
1
9
1
52
1
9
3
39
6
2
1
49
1
3
3
71
4
3
1
23
2
9
3
68
7
12
2
18
3
9
3
13
6
1
3
28
7
1
1
3
10
7
2
34
1
9
2
37
1
10
1
61
1
5
2
13
2
9
3
10
3
12
2
41
2
9
2
36
2
2
1
36
1
3
3
29
6
11
1
1
2
11
2
60
2
13
