1
53
2
13
2
61
1
11
3
15
10
8
1
54
3
7
2
3
3
5
2
27
2
8
1
7
3
14
2
28
2
1
2
71
1
8
3
18
18
5
3
14
8
5
1
4
5
7
2
17
3
10
2
38
1
9
1
27
2
2
3
7
4
1
3
35
6
1
3
49
6
10
1
11
10
8
1
65
2
2
3
5
5
13
1
71
1
5
1
55
1
11
2
60
4
13
3
60
27
2
1
38
3
11
3
68
6
5
1
15
1
12
2
34
1
8
1
61
2
4
1
28
2
13
3
54
2
6
3
43
5
13
1
6
1
6
1
18
2
12
1
33
1
7
2
23
1
2
2
5
1
13
1
35
3
1
2
18
4
11
3
8
2
12
3
1
10
14
2
15
3
13
3
41
3
2
1
43
1
4
3
71
4
11
1
28
3
8
2
25
2
10
3
13
8
13
3
11
6
14
2
23
3
12
2
44
3
12
3
54
1
5
2
13
2
1
2
47
4
2
2
31
4
7
1
40
2
11
2
40
3
14
3
28
9
13
1
9
12
6
2
16
3
9
1
36
3
2
1
3
8
3
1
45
2
2
3
31
15
1
1
60
2
10
1
36
1
1
2
32
3
3
1
63
2
4
2
47
2
13
2
7
1
4
1
9
11
8
3
6
1
9
3
39
4
2
2
31
1
9
1
4
6
11
2
8
2
12
1
23
2
10
1
3
4
14
3
52
10
3
2
22
3
14
3
47
2
10
3
12
3
1
1
10
8
14
2
66
3
8
1
10
7
2
2
41
2
14
3
35
2
8
2
15
2
2
1
41
3
4
3
37
2
14
3
49
7
11
1
49
2
2
1
27
1
8
2
39
3
10
1
66
3
2
3
60
6
4
1
44
4
6
3
38
3
3
2
30
1
14
3
37
6
1
2
34
2
13
1
1
2
5
1
31
12
8
3
29
19
4
2
11
1
3
3
8
17
13
2
33
3
9
2
9
1
9
1
44
1
2
3
22
4
10
2
2
3
8
2
53
2
7
1
14
2
8
3
40
4
13
3
29
10
11
1
47
2
8
3
1
5
2
2
53
3
14
1
34
3
8
1
35
1
6
2
65
1
8
2
18
3
1
1
60
1
2
3
7
2
8
3
25
3
8
3
65
18
1
2
9
2
6
3
63
9
9
2
5
2
14
3
47
9
5
2
36
4
5
2
41
3
14
3
26
4
11
1
22
1
9
1
37
1
6
3
42
3
6
3
9
29
10
1
8
3
6
1
37
2
3
2
52
1
11
2
44
4
2
2
1
2
6
3
17
3
10
3
23
10
5
1
49
1
1
2
63
3
14
2
54
1
9
2
68
4
12
3
34
11
8
2
65
3
10
3
11
12
11
3
53
8
3
3
61
4
6
3
43
2
12
3
3
4
6
1
2
7
2
1
55
2
7
2
10
2
2
2
7
3
12
3
25
1
10
3
23
9
8
2
35
3
4
2
52
3
8
3
27
9
14
3
10
22
10
2
37
3
1
2
68
3
2
1
18
7
1
3
17
16
3
2
54
2
14
2
49
1
13
3
15
1
9
1
7
10
1
2
55
2
3
3
42
2
2
2
6
1
7
3
67
22
9
3
33
22
7
2
33
1
11
1
12
9
10
1
11
3
9
1
39
1
7
1
22
2
7
3
39
2
8
1
71
3
11
2
61
3
9
2
36
2
6
3
28
1
6
1
68
2
14
2
2
2
2
2
14
2
9
1
53
1
11
2
26
4
7
1
16
2
2
2
40
1
3
3
16
3
4
1
26
2
7
1
42
2
9
1
63
1
9
1
16
1
11
2
26
2
7
2
1
3
7
1
52
3
4
3
16
2
8
3
33
15
2
3
31
4
13
1
15
2
2
2
28
3
9
3
2
4
14
2
43
5
8
2
67
2
12
2
3
1
3
1
29
3
7
2
13
3
4
2
22
2
8
1
61
1
4
2
17
2
3
1
26
3
9
3
65
20
12
3
66
9
6
1
38
2
5
2
67
1
5
1
13
9
2
1
25
1
12
2
12
2
1
1
41
2
3
2
63
1
13
1
34
2
8
3
2
10
2
2
16
2
14
2
4
2
14
1
45
1
5
1
13
7
9
1
31
16
2
1
67
3
6
1
23
1
13
2
55
3
1
2
37
2
1
3
4
12
4
1
29
1
7
1
6
2
4
2
35
1
3
3
52
11
6
3
3
8
11
1
2
5
4
1
39
2
9
3
5
1
6
3
68
15
8
1
17
3
13
3
6
4
12
1
30
20
12
3
36
1
2
3
38
7
8
3
44
6
13
2
45
1
6
1
25
2
2
2
8
1
6
2
32
1
11
2
29
1
14
3
67
2
13
1
32
1
2
3
45
4
5
2
42
4
10
3
36
9
5
1
30
1
6
3
32
3
13
3
44
4
12
1
52
2
12
3
32
8
10
3
30
13
8
3
55
8
4
2
12
1
10
3
34
6
6
1
40
1
13
2
38
3
3
1
42
1
8
3
61
7
1
3
9
7
1
2
6
2
9
1
32
5
14
1
66
2
5
2
39
2
11
3
71
5
13
3
66
8
6
1
65
1
8
1
33
7
6
2
27
1
10
2
25
1
8
2
71
3
5
2
45
2
14
1
17
13
14
1
1
3
14
3
18
1
13
3
30
11
14
1
8
12
13
2
29
3
14
3
40
5
12
2
49
3
10
2
43
4
5
3
45
5
12
2
10
3
9
1
43
2
6
2
11
2
12
1
54
1
1
1
12
3
7
1
67
2
2
2
4
3
6
1
14
6
1
1
5
1
4
2
14
1
5
3
55
12
10
3
41
1
7
3
63
8
14
2
60
1
2
3
53
6
6
3
13
2
13
2
30
2
9
2
42
2
12
3
27
8
8
3
14
13
7
3
10
21
5
3
22
8
12
2
66
1
11
1
5
2
10
3
12
6
6
1
68
3
6
1
47
3
4
3
4
18
7
3
26
9
1
