1
44
1
1
2
22
2
13
2
68
1
2
3
27
10
14
1
47
1
2
1
30
21
1
3
60
10
14
1
60
1
12
1
38
1
2
3
68
3
13
3
66
9
2
2
32
3
1
2
4
1
13
1
32
1
8
2
1
1
12
3
13
3
1
1
39
3
4
3
1
7
2
3
15
12
5
2
60
4
10
2
61
2
13
3
41
1
7
1
27
2
3
3
35
1
4
2
16
2
12
1
15
5
12
2
2
2
5
1
7
6
10
1
65
1
7
3
26
10
13
3
31
30
5
3
30
4
6
1
41
1
2
1
36
3
5
3
27
6
4
1
71
2
8
1
47
3
2
2
18
4
12
1
42
2
13
3
31
11
10
3
66
6
7
2
25
3
11
1
43
3
10
2
35
3
13
3
15
17
2
1
40
1
4
3
49
6
9
3
28
9
13
3
22
10
5
3
36
4
14
3
61
1
2
3
45
4
3
3
29
10
13
3
4
28
11
3
32
10
6
2
52
4
1
1
53
1
8
3
55
5
5
2
2
3
14
2
6
3
4
1
23
1
4
2
53
2
12
2
66
3
5
1
49
1
7
2
29
1
14
2
67
1
12
2
7
3
12
1
40
3
10
1
9
13
12
1
4
7
8
2
34
1
4
3
61
5
13
2
3
2
6
1
30
2
3
2
37
1
1
1
31
11
11
3
9
13
12
3
2
6
4
2
33
2
12
2
18
1
8
1
55
1
5
2
32
4
14
3
26
3
7
1
66
1
12
2
8
1
10
1
18
2
10
2
14
3
13
1
66
2
8
1
53
2
7
3
63
11
14
3
67
13
6
2
45
3
12
2
52
1
8
3
52
9
11
2
23
2
12
2
63
3
3
2
41
3
1
2
6
1
5
1
60
2
7
1
34
11
9
3
53
8
9
3
9
31
8
3
71
4
10
3
43
4
6
1
67
2
7
2
38
4
9
1
33
2
14
2
54
2
10
2
41
1
9
1
55
2
7
2
17
1
6
2
14
2
5
3
8
19
6
1
12
18
9
2
66
1
9
1
45
1
9
3
11
7
7
3
45
2
2
3
34
8
6
3
60
3
13
2
26
1
11
2
1
2
8
2
29
2
12
1
34
7
5
1
61
1
4
3
33
9
4
2
63
2
10
3
18
11
10
1
5
1
13
1
17
9
2
3
37
8
6
2
49
2
4
1
38
3
10
2
33
3
11
2
65
4
14
2
47
3
10
1
43
2
3
1
25
3
2
2
42
2
1
2
26
2
6
2
22
3
14
3
3
3
6
2
8
3
11
1
26
1
1
3
42
4
2
2
40
3
12
1
2
7
14
2
9
3
5
3
53
4
6
1
25
2
9
3
40
2
13
1
36
1
14
3
14
12
1
1
32
4
3
3
23
5
9
1
14
16
5
2
9
1
6
2
55
2
1
2
53
3
14
2
45
2
2
2
11
1
1
2
54
1
1
1
29
1
13
3
63
8
8
3
68
5
6
3
10
9
14
1
22
3
10
2
40
4
4
1
35
2
9
2
61
3
14
2
25
2
11
1
26
2
4
3
1
8
13
1
5
2
5
3
41
2
13
3
47
6
10
1
33
5
2
1
3
1
12
2
4
3
9
3
47
7
7
3
4
16
9
2
39
2
14
3
34
9
2
1
52
3
6
2
16
3
12
1
44
4
2
3
52
17
8
3
44
10
10
1
31
4
13
2
12
3
12
1
22
1
2
2
42
3
6
1
35
1
9
2
3
1
8
3
14
9
10
2
31
1
7
1
11
10
2
2
27
3
3
1
71
1
1
1
6
1
2
2
47
4
7
1
14
12
5
1
49
2
4
1
61
2
6
3
17
9
6
3
65
6
2
3
17
10
5
3
43
2
6
3
22
2
13
1
11
1
6
1
15
1
10
3
7
4
13
2
38
3
5
3
33
7
3
3
42
3
9
1
28
1
10
3
44
7
11
2
68
4
3
3
16
6
11
3
3
5
1
3
30
2
5
1
63
1
13
3
37
11
10
1
63
2
4
3
16
5
5
1
67
1
6
1
9
7
3
1
68
1
12
1
6
2
13
1
18
9
5
1
27
3
11
2
39
1
1
3
5
3
4
2
37
4
13
2
43
5
9
3
11
17
7
3
6
3
9
2
67
2
1
2
17
2
4
1
4
2
4
3
8
20
2
1
41
2
11
3
7
2
7
2
10
2
12
3
71
5
14
2
44
1
9
3
12
5
1
2
49
4
14
2
65
1
3
3
49
4
9
1
8
17
1
1
39
2
6
2
43
3
4
3
12
7
4
1
28
2
6
1
37
1
10
2
5
3
6
1
10
1
2
3
38
3
9
2
30
3
3
1
23
3
5
1
8
3
10
2
7
1
6
3
23
6
3
1
16
5
9
1
54
2
9
3
10
21
4
3
6
1
3
3
25
7
9
1
45
2
12
1
65
2
8
3
54
2
13
2
36
3
2
3
36
3
9
1
12
15
10
3
29
14
13
2
71
3
12
3
32
2
10
1
3
3
7
3
39
3
1
3
2
4
3
2
12
1
10
3
28
14
6
2
71
2
13
1
1
3
13
3
38
6
6
1
1
1
1
2
5
2
13
3
55
2
1
1
29
2
4
1
37
2
14
1
2
5
8
2
60
3
12
3
35
3
9
3
5
5
12
2
34
2
2
1
7
2
8
2
30
2
1
1
54
3
3
2
27
1
1
2
13
2
6
2
11
2
8
1
10
3
3
2
13
3
10
2
10
3
11
2
44
4
4
2
28
3
4
1
16
3
13
3
25
5
13
3
13
6
6
2
55
3
12
2
35
1
2
2
15
3
12
3
67
16
8
1
52
1
8
3
54
1
9
1
13
1
7
3
18
3
3
1
13
4
8
3
40
4
5
2
31
5
7
2
28
1
13
2
23
1
8
1
17
4
8
3
39
2
9
3
65
10
8
2
15
2
2
1
68
3
3
2
36
2
7
1
42
1
6
