2
40
4
3
1
35
1
9
3
41
1
2
1
6
2
5
1
10
7
2
3
12
6
2
3
34
5
13
1
44
2
9
1
22
3
4
2
39
1
6
2
32
4
1
2
35
2
1
2
49
2
3
1
10
2
6
3
8
15
9
2
7
3
8
3
14
8
10
2
54
2
11
1
16
1
1
1
17
6
12
1
55
1
10
2
26
2
13
3
11
8
9
1
9
2
6
3
16
5
10
3
39
8
7
2
8
3
14
1
5
2
3
1
15
1
6
3
63
11
14
3
40
4
13
1
32
3
12
3
43
3
5
3
65
13
11
1
30
19
7
3
53
3
11
3
5
3
9
3
36
8
9
2
29
2
10
2
42
3
5
2
41
3
8
3
61
1
13
3
67
22
12
3
38
8
2
3
45
7
8
3
18
14
7
3
1
1
9
3
3
4
2
3
71
5
1
2
35
3
6
2
29
1
13
2
49
4
10
1
67
1
13
3
4
7
4
2
68
1
14
2
3
2
7
2
12
1
8
3
42
3
13
1
3
9
12
3
13
1
3
2
13
1
4
3
68
8
8
3
38
9
9
1
39
3
12
2
15
2
12
3
2
11
9
3
15
14
8
1
26
2
12
3
47
1
10
1
11
8
1
3
26
5
14
3
71
1
9
2
1
1
1
1
8
9
9
2
5
1
14
1
7
2
7
1
25
3
4
3
11
20
8
2
43
5
11
1
6
1
10
1
32
5
6
2
22
3
14
2
63
2
11
2
23
1
9
3
68
10
12
1
47
1
9
1
45
2
1
2
5
2
5
2
65
4
2
3
42
4
7
1
28
1
8
1
66
1
9
2
43
4
14
1
42
1
4
1
33
8
9
3
4
12
4
2
68
4
4
3
41
2
13
1
44
3
3
1
22
2
6
3
45
1
9
2
45
1
5
1
60
1
7
2
63
3
3
1
4
6
14
1
25
2
12
2
61
3
12
2
10
2
8
2
3
3
1
1
36
1
2
1
27
3
10
1
12
13
1
2
2
3
2
2
60
1
4
3
35
2
5
3
63
6
6
2
11
1
5
2
66
3
13
1
26
1
14
1
13
7
6
3
25
9
14
1
54
3
13
1
39
2
2
3
28
6
11
2
12
2
9
3
65
10
11
3
30
12
7
2
39
4
7
2
4
3
2
2
14
3
8
3
2
5
4
3
54
2
5
1
67
2
6
2
42
1
7
1
16
6
8
2
31
3
8
2
17
3
7
1
66
3
13
1
43
3
13
1
37
2
11
2
40
2
13
1
9
4
13
3
32
5
8
2
26
4
1
2
71
2
6
2
9
2
10
3
37
10
5
3
22
1
6
2
45
4
8
2
41
1
8
1
37
1
5
2
67
2
2
1
29
2
10
1
28
3
7
3
52
6
7
3
54
1
13
2
28
3
3
3
29
18
3
1
15
4
14
3
14
26
4
3
6
5
13
1
38
2
13
2
47
3
9
3
27
17
4
3
28
7
7
3
5
1
6
3
18
11
4
3
31
2
7
2
34
1
12
2
36
1
12
3
35
7
4
2
27
2
4
1
12
14
1
3
39
7
14
2
18
1
11
2
22
1
6
1
17
10
11
3
1
2
12
2
6
2
3
3
12
1
8
1
47
2
7
3
49
1
14
1
49
2
11
2
38
4
3
1
18
12
4
2
36
2
3
2
32
1
6
3
61
3
3
1
68
1
4
3
37
6
5
1
49
1
5
3
7
4
4
2
33
3
14
3
60
12
1
3
49
4
5
1
33
3
14
3
36
1
7
2
31
5
7
3
9
4
12
2
11
2
8
3
33
15
7
1
35
4
14
2
7
1
9
2
1
3
13
3
44
10
7
2
52
5
2
1
42
2
13
3
15
10
8
2
25
2
10
3
3
5
2
2
61
2
1
1
38
1
8
1
29
1
13
2
34
3
9
3
47
4
8
1
53
2
3
3
55
10
4
3
30
23
5
2
28
2
2
3
33
6
1
3
17
1
7
3
43
2
13
1
1
2
14
2
25
1
5
1
61
2
13
2
9
3
12
1
71
3
12
2
55
3
6
3
55
6
9
3
25
2
7
3
66
5
7
1
45
1
12
1
52
3
12
2
14
1
10
1
71
1
2
2
47
1
1
3
67
19
7
3
23
18
5
1
8
3
14
3
27
1
3
1
53
1
8
2
67
1
10
2
71
3
8
1
40
3
14
1
68
2
3
2
10
3
11
3
8
17
8
2
54
1
6
2
30
4
3
2
16
1
4
3
52
12
11
1
14
10
6
1
52
2
1
3
34
9
11
1
23
2
6
2
55
1
9
1
41
2
4
2
37
4
7
1
30
5
14
1
18
11
5
1
2
6
1
3
9
2
5
2
30
3
8
2
53
2
14
1
11
6
5
2
17
2
4
1
55
2
3
3
29
3
12
3
66
9
5
1
63
2
13
2
66
1
10
2
44
4
8
1
34
1
6
1
61
1
6
1
40
2
1
3
13
7
3
3
10
1
7
2
38
1
6
3
44
3
2
3
26
12
7
1
34
11
2
2
4
2
11
2
18
2
4
2
15
3
12
1
4
2
8
1
14
19
11
3
60
2
4
2
33
1
1
2
37
1
2
1
3
4
4
3
10
25
8
1
2
5
5
1
5
1
12
1
13
5
4
3
23
12
4
3
32
3
13
1
63
1
4
1
43
1
12
3
31
18
1
1
36
2
10
3
22
6
2
1
60
2
14
2
65
1
5
2
23
3
8
3
6
6
11
2
16
2
14
2
8
1
6
3
17
11
12
1
54
1
9
2
53
1
5
1
27
2
6
3
16
7
12
2
6
3
6
1
65
1
13
3
7
3
4
1
65
2
1
2
13
2
5
3
40
5
5
3
53
5
13
2
60
4
4
2
2
2
4
2
52
6
1
1
7
8
3
1
31
10
10
2
27
3
5
2
44
1
10
1
23
3
7
1
1
1
5
1
41
3
10
1
31
7
9
