1
47
3
12
3
27
2
12
2
42
2
7
1
31
1
8
1
29
2
8
2
23
3
12
1
49
1
5
2
61
2
14
2
39
4
3
2
4
1
4
2
22
3
11
2
35
2
3
1
17
2
13
1
66
1
11
3
4
5
12
1
49
2
3
3
15
7
4
2
67
1
3
2
35
3
11
2
45
1
10
3
54
2
5
1
54
2
9
3
10
18
10
3
44
7
11
2
41
2
8
2
27
3
6
2
65
2
14
3
34
6
11
2
37
3
4
1
4
5
13
3
18
14
3
1
7
6
6
2
2
1
4
2
53
1
11
2
17
2
11
3
3
7
12
2
43
3
3
1
68
2
14
3
28
3
3
1
17
15
12
2
47
4
10
1
47
1
4
1
6
2
4
1
25
1
14
1
13
9
10
2
15
2
9
3
32
1
4
3
66
3
9
3
44
4
14
3
33
9
4
1
41
2
7
3
47
4
8
3
34
11
9
1
11
1
3
2
40
1
13
3
22
5
12
2
22
1
8
2
1
1
1
1
7
2
9
3
49
5
1
2
67
2
14
2
18
4
8
1
12
3
13
1
12
11
13
2
9
1
3
3
3
9
7
1
52
1
12
2
32
1
11
2
29
2
12
2
54
2
14
3
31
28
3
1
53
2
9
1
27
2
8
1
37
2
9
1
15
4
11
2
15
1
1
2
26
3
12
3
26
11
8
3
47
5
1
1
8
5
5
3
1
10
8
2
65
4
4
2
6
3
12
1
18
1
9
2
1
3
5
2
38
5
5
3
17
8
9
3
60
28
13
3
1
1
14
3
29
6
10
3
37
9
7
2
3
3
2
3
2
12
9
2
28
1
1
1
34
6
14
2
66
1
10
1
4
8
9
2
26
1
2
2
44
1
11
2
63
3
4
3
27
11
12
2
16
3
2
1
52
3
3
3
17
17
1
3
39
9
10
3
12
2
12
3
45
2
14
3
31
6
12
3
60
4
14
1
10
4
5
2
71
2
7
1
39
1
5
3
30
26
4
2
61
3
8
1
35
4
13
2
10
2
7
2
17
3
1
2
63
1
2
1
63
2
9
3
63
6
6
1
29
3
12
2
43
1
3
2
23
2
1
2
13
1
2
2
33
2
9
3
11
18
12
1
54
3
6
1
10
8
3
1
65
1
6
1
36
1
14
3
68
14
14
3
15
1
12
2
31
1
7
2
9
2
4
2
34
1
7
3
68
11
11
2
30
4
9
1
31
4
11
2
27
1
9
3
71
3
12
3
22
10
6
1
5
1
7
3
37
5
13
3
39
3
8
1
38
2
14
3
52
14
14
3
8
6
3
1
22
2
13
3
55
12
7
1
22
3
4
3
8
19
12
1
13
7
1
3
13
2
1
3
61
5
12
1
65
2
2
2
6
1
5
1
42
1
1
2
38
2
10
3
32
7
8
2
55
2
4
3
35
6
2
2
37
4
9
2
28
3
5
3
43
7
2
1
63
1
12
1
16
7
2
3
66
6
1
3
35
4
11
3
14
4
7
2
11
1
1
1
23
2
3
3
40
3
10
2
32
2
9
1
18
3
5
3
52
7
4
1
35
3
12
3
71
1
4
1
14
9
11
2
66
2
11
3
12
6
7
3
28
5
11
3
7
3
13
2
54
1
14
2
34
2
6
2
3
1
9
3
16
7
4
2
25
1
2
3
16
6
12
1
28
1
13
2
31
4
9
1
2
3
14
1
26
2
11
2
53
2
2
1
39
4
1
2
40
4
6
3
6
2
9
1
30
1
11
2
8
3
5
3
41
1
3
1
15
1
9
3
23
9
13
3
23
13
13
2
5
1
10
3
29
4
7
3
53
2
14
1
60
2
10
1
32
7
8
1
43
1
1
2
12
3
11
1
8
8
3
2
71
3
7
1
55
2
8
1
36
2
11
1
43
2
2
1
3
8
7
2
7
2
1
3
45
5
5
1
40
3
8
1
28
2
10
1
67
3
7
1
44
3
5
2
4
3
6
1
60
1
3
3
36
2
10
1
25
2
2
2
11
3
1
1
41
3
10
2
30
1
10
2
13
3
11
2
18
3
4
1
6
1
11
3
43
2
1
1
16
5
6
3
13
1
4
3
18
11
8
3
33
4
7
3
25
9
8
1
53
1
8
1
45
2
1
1
1
3
11
3
65
18
14
3
9
12
5
2
52
7
4
3
26
1
3
2
29
3
14
1
71
1
5
2
14
1
13
2
33
3
10
3
54
1
10
2
8
2
7
3
40
4
7
1
44
4
2
3
38
7
13
2
45
4
12
2
60
1
3
1
11
4
12
1
68
1
3
1
14
17
5
3
53
1
8
3
67
1
13
2
2
2
1
2
5
2
5
1
67
1
4
1
61
1
7
2
60
4
12
1
1
1
13
2
36
1
8
3
38
10
3
2
55
3
4
3
55
17
5
2
49
4
7
3
2
9
3
3
4
13
13
3
5
5
1
2
44
3
4
2
39
3
5
1
37
1
9
1
9
1
11
3
61
7
11
3
6
6
6
2
47
2
4
3
7
5
5
3
67
5
11
1
38
3
6
2
68
2
6
1
71
2
9
2
52
5
6
1
23
1
4
2
25
2
4
1
61
2
7
3
63
4
6
1
33
3
9
3
25
7
12
1
42
2
9
1
34
10
3
3
11
14
2
3
65
16
4
3
49
4
4
2
16
1
6
3
10
24
5
3
30
28
10
1
3
10
7
1
66
2
12
2
7
1
6
2
41
3
14
1
40
1
9
2
14
2
9
1
55
1
11
1
2
5
8
3
42
3
12
1
27
1
6
3
5
1
6
2
36
4
5
2
68
3
5
1
32
5
7
2
49
3
2
1
45
1
11
3
36
5
12
2
12
1
13
2
10
1
12
3
9
18
13
1
33
1
5
1
9
13
13
3
14
10
12
1
5
2
1
1
26
1
11
2
42
3
10
1
30
21
6
3
42
1
1
3
41
3
4
