2
28
3
8
3
14
20
8
3
13
5
12
2
66
3
13
2
60
2
7
1
26
3
12
3
5
5
3
1
54
3
7
2
38
2
13
2
68
2
3
1
28
2
6
1
17
8
2
2
22
1
12
1
23
3
9
1
65
2
5
1
37
1
10
3
18
25
13
1
55
1
11
1
7
1
6
1
3
7
12
2
2
1
9
1
63
2
2
3
9
26
5
3
32
5
4
3
9
6
11
2
39
2
7
2
45
2
11
2
11
1
13
3
38
1
9
1
14
4
7
2
10
2
13
3
1
4
5
2
18
1
7
2
28
2
13
2
16
2
9
2
65
4
5
2
8
3
13
1
17
9
10
3
27
13
6
1
36
3
2
2
32
4
13
1
42
2
1
2
36
3
2
3
36
11
9
3
33
21
12
2
13
1
9
1
44
4
8
2
10
1
5
3
60
11
8
2
52
4
13
3
6
3
11
3
11
26
12
2
44
5
6
2
6
3
3
3
37
3
6
1
22
1
10
2
54
1
14
2
39
3
9
3
16
1
5
1
52
1
8
1
38
1
10
3
17
9
1
1
7
9
11
3
27
6
6
1
47
2
5
1
34
8
14
1
6
2
13
3
39
2
6
3
28
2
3
1
18
3
12
2
7
1
9
1
54
2
9
3
23
18
14
1
65
1
14
1
9
5
9
3
40
3
14
3
25
6
4
1
41
3
14
3
34
6
3
1
52
2
7
2
33
3
6
2
25
2
2
2
3
1
12
2
67
2
2
2
14
2
14
1
40
1
10
1
71
1
14
3
32
1
7
2
40
3
13
2
33
1
9
1
25
2
4
2
67
1
10
3
43
5
13
1
11
7
3
3
61
4
1
3
29
15
8
3
14
6
13
2
41
1
11
2
53
2
5
3
54
1
11
1
35
1
6
3
66
2
6
1
39
2
2
1
45
1
2
1
44
3
5
1
32
4
14
1
53
2
8
2
27
3
9
2
31
5
6
3
40
4
1
1
4
3
6
1
14
2
6
3
63
5
4
2
26
2
13
1
36
2
6
3
12
2
5
1
13
5
13
1
22
3
3
2
63
2
12
2
23
3
5
2
45
4
11
1
12
14
5
1
16
6
3
2
34
2
10
3
33
3
14
2
1
2
9
1
45
2
14
2
71
3
9
3
15
12
8
3
16
3
5
1
31
7
10
1
71
2
9
2
6
1
13
3
6
1
4
1
2
5
8
2
7
3
2
1
39
3
4
2
44
2
2
3
49
1
11
1
15
1
4
1
27
3
1
3
4
21
13
3
1
7
5
2
53
1
8
3
2
2
9
3
42
4
9
2
47
4
7
3
49
6
9
2
36
1
4
3
4
20
6
1
66
3
2
2
37
4
4
3
65
17
4
2
42
2
13
3
22
10
4
1
35
2
14
2
27
1
6
2
23
2
8
1
61
2
10
1
23
2
13
2
35
3
7
3
31
9
8
1
10
4
5
3
26
9
6
1
6
1
12
2
54
2
8
3
5
3
4
3
54
2
7
3
8
10
7
3
17
15
6
3
67
7
10
1
63
1
9
1
68
3
8
2
65
3
3
3
47
6
5
3
43
1
5
3
44
6
10
3
13
2
3
2
49
1
5
3
30
2
13
1
34
1
1
1
33
4
8
1
10
8
3
1
67
1
7
3
31
28
2
3
12
5
9
1
60
1
7
3
28
12
9
3
11
24
12
2
9
1
5
3
52
12
5
1
55
2
2
2
26
3
11
3
3
4
4
2
12
3
5
3
38
7
2
2
49
2
1
2
41
5
7
1
29
3
14
2
12
2
5
3
18
21
11
3
10
1
9
3
2
7
7
2
14
3
11
2
71
2
5
1
12
11
7
3
60
19
13
2
68
1
8
1
68
1
8
3
68
4
6
1
43
3
5
2
17
1
7
3
47
4
4
3
36
5
6
2
63
3
11
1
13
8
11
1
66
1
1
2
61
3
14
2
22
3
12
2
66
2
11
1
47
3
3
2
37
2
12
2
29
3
14
3
45
5
3
1
15
2
11
1
25
3
1
1
27
1
7
3
25
8
11
2
9
3
14
1
61
3
7
2
60
3
10
2
31
2
1
3
30
10
7
2
8
1
13
1
33
7
9
1
28
3
11
1
38
2
9
2
43
2
12
1
49
2
3
1
2
6
3
3
23
2
11
3
53
6
11
3
7
5
12
1
18
15
8
2
40
2
13
2
17
2
11
3
15
3
8
3
7
4
9
1
5
2
5
2
30
1
4
3
71
4
12
1
9
12
13
1
67
2
6
3
22
3
10
3
3
3
1
2
35
1
8
1
1
3
14
2
16
3
7
2
55
2
8
1
30
6
7
2
5
1
9
2
15
1
13
1
26
1
4
1
16
3
9
3
42
1
2
3
65
2
11
3
26
1
1
3
29
8
1
2
42
1
9
3
68
12
4
3
44
8
6
2
2
3
11
1
29
1
8
3
37
1
8
3
63
11
12
1
60
2
9
3
45
7
12
1
49
1
3
2
3
3
12
1
37
2
6
1
43
2
5
2
13
3
2
1
31
4
5
3
71
1
6
3
10
16
4
3
61
5
12
3
35
4
2
2
18
2
8
2
52
5
11
2
32
2
3
2
29
2
12
2
1
1
12
3
34
3
7
3
53
3
3
2
4
2
9
3
52
10
9
1
32
1
10
1
41
1
6
3
66
7
13
3
41
1
1
2
30
4
14
1
30
17
6
2
55
3
7
1
11
6
1
2
11
2
4
2
43
4
12
3
41
3
8
1
40
2
13
2
5
2
3
1
8
10
4
2
61
1
11
3
67
6
11
1
1
2
9
2
47
3
8
3
39
3
6
3
55
9
1
1
8
16
7
2
25
1
3
3
8
16
2
1
5
1
7
2
15
2
2
2
4
1
13
1
42
1
3
3
55
1
10
2
34
1
2
1
53
1
10
1
3
1
3
1
4
1
6
2
38
4
14
3
35
1
9
