3
66
1
12
3
25
1
8
2
1
3
8
2
2
1
13
3
9
7
7
1
6
1
8
1
45
2
9
1
11
1
11
2
37
3
9
1
42
2
6
3
54
1
14
2
4
2
3
2
36
5
3
1
8
14
10
1
10
4
7
2
16
2
11
3
18
20
11
2
23
3
1
1
42
1
10
3
63
7
3
1
47
2
2
2
22
1
5
2
31
2
14
3
23
11
9
2
26
4
7
3
67
3
3
1
18
12
13
3
32
11
2
1
36
2
14
1
11
8
12
3
65
4
10
1
14
8
7
1
30
12
12
3
3
2
5
2
18
3
4
3
14
14
10
3
55
13
14
3
13
8
14
1
40
2
10
1
32
2
5
3
67
21
13
1
55
2
13
1
39
4
2
1
30
15
5
3
9
15
6
1
43
1
11
2
3
3
5
2
67
1
4
2
67
2
5
1
38
2
8
3
40
2
13
1
44
4
6
1
44
3
4
1
17
1
12
1
63
1
11
1
33
1
6
1
15
4
2
1
67
2
2
3
41
3
3
2
2
2
14
2
42
2
9
1
4
1
4
3
71
2
14
3
60
29
10
2
17
3
9
2
32
2
6
1
12
6
5
1
52
3
14
2
10
2
4
1
61
3
2
3
47
4
12
2
12
3
1
1
27
3
10
2
36
3
9
2
29
3
1
2
44
4
12
3
7
3
6
3
4
4
11
2
7
1
10
3
13
2
12
3
35
6
4
1
13
4
11
1
25
1
3
3
2
4
5
2
63
3
13
2
31
5
2
2
41
1
8
3
33
6
2
2
66
3
9
2
25
1
2
1
4
4
14
1
1
2
6
1
65
1
3
2
54
1
13
3
61
8
14
2
45
4
11
2
27
2
8
3
36
14
2
2
14
1
8
2
25
2
9
3
39
10
1
3
44
1
10
3
30
8
9
3
42
1
14
2
29
2
5
3
29
16
9
3
55
5
12
1
9
1
3
3
68
17
10
3
32
8
5
2
52
4
7
1
28
1
13
2
3
2
10
1
9
7
3
2
49
4
7
3
14
16
3
3
61
9
3
2
5
2
12
2
22
3
11
1
23
3
6
3
43
8
10
3
54
2
4
3
34
9
13
1
16
2
1
1
43
2
2
2
37
1
13
3
31
14
10
3
63
3
6
3
17
9
8
2
61
2
8
2
33
2
12
3
4
7
13
2
7
2
14
2
16
3
7
1
2
7
6
2
53
1
14
1
53
1
6
2
32
1
10
3
17
5
9
1
54
3
5
3
34
2
13
1
65
2
1
1
3
7
8
3
65
15
4
3
37
11
10
2
68
4
12
1
29
3
3
2
4
3
10
3
29
18
8
3
47
1
10
1
3
11
2
2
6
2
4
1
71
2
9
2
61
3
9
1
49
1
4
2
40
4
12
1
10
7
12
2
30
1
6
1
66
1
11
3
53
3
8
3
11
14
4
3
52
11
10
3
15
2
3
3
43
3
1
1
40
1
4
2
12
2
11
2
39
3
11
2
5
1
12
1
5
1
6
1
5
2
11
2
28
3
8
2
14
2
3
1
61
1
14
1
55
1
5
1
6
2
11
3
10
16
3
1
31
10
10
3
12
6
11
3
45
4
5
2
30
2
9
2
8
1
10
2
35
2
4
3
49
5
9
2
47
2
10
3
6
3
6
3
52
16
7
2
34
3
9
2
27
3
7
1
26
3
12
1
45
1
2
3
66
7
9
2
38
5
2
1
34
11
12
2
11
3
14
3
8
8
13
3
5
3
10
1
68
2
13
3
33
4
4
2
66
1
4
1
66
3
14
1
35
4
9
3
44
5
5
2
8
2
6
2
55
3
6
3
37
9
2
1
23
2
5
3
45
6
3
1
13
1
14
3
11
9
8
1
68
1
7
1
37
2
5
1
35
1
7
1
16
6
13
3
23
3
13
1
63
2
14
3
36
3
8
2
35
1
14
1
52
2
9
2
47
4
1
3
31
18
11
1
41
2
9
2
68
1
4
3
6
1
5
3
26
9
8
3
53
8
10
2
13
3
4
1
29
1
1
3
27
10
12
1
22
1
3
1
47
3
12
2
1
2
2
1
37
1
2
3
2
3
3
2
71
2
11
2
6
1
3
2
9
1
5
2
49
3
8
2
34
2
5
3
15
1
12
1
12
5
11
1
27
2
5
3
22
6
3
1
71
1
3
3
30
10
6
1
26
2
1
2
63
1
1
1
32
1
5
1
22
3
12
3
68
11
9
3
71
5
4
2
40
1
2
3
1
2
11
3
18
1
9
3
39
9
5
2
38
1
9
1
53
2
8
3
3
8
4
2
65
4
13
3
60
8
3
3
28
8
14
1
28
2
13
1
67
1
14
2
15
1
8
2
41
5
5
3
1
3
13
2
54
2
11
2
60
2
1
1
1
1
10
1
18
4
11
3
12
1
1
2
11
2
10
1
7
3
13
2
26
3
13
2
18
2
1
2
9
2
11
2
10
3
10
3
26
1
13
1
31
7
3
1
34
6
7
2
52
5
11
1
36
1
11
2
60
1
12
3
8
6
12
3
7
5
8
2
33
1
11
2
15
3
12
2
71
3
11
3
16
6
14
3
49
3
3
1
17
13
4
3
16
7
2
2
53
3
3
2
43
4
1
2
28
1
2
1
39
1
12
1
25
2
7
3
5
5
6
3
22
3
12
1
14
11
8
3
38
5
3
2
44
1
7
3
38
2
8
2
39
4
2
2
55
2
13
2
42
3
7
1
33
2
12
1
60
1
5
1
54
2
2
3
10
17
13
1
41
1
14
3
27
13
13
1
49
2
7
3
42
3
14
3
40
4
10
3
25
6
6
1
7
8
4
1
2
2
4
1
8
7
3
2
13
2
2
3
28
9
11
1
15
3
8
2
17
1
13
1
60
2
14
1
38
1
11
2
45
2
5
2
23
2
5
2
43
2
7
3
41
2
12
3
35
7
2
2
65
3
4
