1
35
2
10
2
23
1
3
1
25
1
1
2
29
2
7
1
27
2
7
2
68
2
13
2
43
1
12
2
37
4
10
2
22
3
8
2
9
3
14
1
32
1
11
2
44
2
10
2
3
3
13
1
42
2
11
1
30
1
11
2
30
2
11
1
26
3
10
1
44
3
10
2
60
3
8
3
38
8
4
1
42
1
4
1
16
1
3
1
10
6
1
1
9
2
9
3
63
9
5
1
18
7
5
2
15
1
1
1
55
1
6
1
17
2
2
3
42
2
5
1
5
1
13
2
32
4
2
1
32
3
14
2
71
2
9
3
32
7
11
3
13
4
7
1
38
3
5
3
44
10
2
1
13
1
3
2
63
3
5
2
32
1
6
1
31
18
3
1
66
1
10
2
67
2
4
3
36
4
13
3
40
3
7
1
52
1
13
1
68
1
4
3
28
10
10
2
33
1
1
1
41
2
1
2
28
2
10
1
61
2
6
3
60
2
10
1
41
3
11
3
27
10
3
2
29
3
8
2
4
3
3
3
30
14
12
2
54
1
5
3
45
6
14
2
68
1
11
3
66
8
5
2
71
1
9
3
11
4
9
2
5
2
4
2
49
1
2
3
43
3
10
3
31
3
5
1
26
2
9
2
67
1
10
1
30
12
9
1
49
2
6
1
13
3
7
1
33
7
9
2
34
1
7
3
4
9
7
1
2
2
3
3
39
7
13
1
68
3
8
2
26
2
6
2
1
1
3
2
47
2
11
1
37
1
7
3
53
7
14
3
8
13
7
3
17
1
8
2
40
4
4
2
6
2
9
3
23
6
13
1
47
1
3
3
18
17
10
1
4
7
1
3
42
1
12
1
63
2
2
2
33
3
8
3
41
4
4
1
36
2
7
1
2
6
7
3
6
2
14
1
34
5
1
3
67
20
11
2
42
2
1
2
18
1
11
1
53
1
3
2
65
4
7
3
33
7
7
3
52
16
8
1
45
1
5
3
66
6
13
2
66
1
10
1
8
17
8
3
53
5
8
3
63
4
10
2
30
1
14
1
3
8
6
3
54
1
9
1
36
1
5
2
18
3
10
2
14
2
10
1
15
1
7
1
38
2
12
1
31
12
1
3
2
4
3
3
32
12
13
1
34
11
5
1
28
3
2
3
65
2
4
3
23
12
4
3
47
5
13
2
36
5
3
3
7
3
3
2
27
1
2
2
41
4
7
1
52
3
5
1
37
2
8
3
12
2
2
1
54
3
2
2
8
3
10
3
3
9
3
1
10
2
8
2
55
1
3
1
16
5
7
2
15
2
4
3
34
10
4
3
25
4
7
3
16
4
2
2
54
2
8
2
53
2
7
2
12
1
6
3
71
1
5
3
43
1
2
1
12
8
10
1
18
8
14
1
14
14
14
2
42
1
12
1
53
2
5
2
61
3
8
2
35
1
6
2
52
4
3
2
31
5
1
1
63
1
2
1
60
1
1
1
1
2
2
2
7
2
6
3
18
25
14
3
36
14
8
3
41
2
1
2
52
5
9
1
35
3
7
2
13
1
11
2
38
1
8
2
3
1
3
3
45
1
6
3
13
3
6
3
37
4
12
2
44
5
12
3
61
10
8
3
29
16
12
2
2
2
8
1
39
3
11
2
45
2
2
2
41
1
5
1
4
5
1
1
60
2
5
2
35
2
1
3
68
4
1
1
54
2
2
1
6
2
1
3
71
4
10
2
39
4
2
3
37
8
8
1
40
1
1
3
60
20
13
3
33
24
10
3
16
3
8
3
14
5
4
3
38
11
12
2
8
1
5
2
25
2
11
3
68
11
8
3
17
4
2
1
7
7
4
1
6
1
13
1
65
1
7
2
55
2
7
2
36
1
1
1
8
9
13
3
15
8
2
1
61
3
14
3
22
11
10
1
39
2
1
3
1
10
5
2
23
2
8
3
52
10
9
2
17
3
11
1
55
2
7
2
2
1
1
2
9
2
9
1
27
3
1
3
65
15
10
2
34
2
14
1
43
2
11
3
15
1
4
3
12
5
8
2
38
5
12
3
2
2
3
1
22
3
8
3
14
10
5
1
44
1
1
3
49
3
1
3
5
4
3
3
35
4
7
1
40
2
11
2
16
2
2
2
16
3
5
3
39
5
11
2
22
2
6
2
25
3
10
2
47
4
6
2
10
1
3
2
40
1
10
3
40
1
3
1
67
3
12
3
29
19
6
3
55
14
5
2
66
2
10
1
71
2
8
2
63
1
9
3
67
33
9
1
29
3
13
1
47
3
12
1
49
1
14
1
1
3
1
1
9
6
3
2
49
3
2
2
14
1
2
3
9
28
13
2
61
1
7
3
47
1
5
1
14
3
3
2
43
3
2
2
1
2
7
3
31
19
1
3
4
8
6
1
25
2
8
1
33
8
7
1
43
1
4
2
31
3
9
2
11
3
5
3
5
2
6
3
28
11
1
2
39
2
14
1
29
1
14
3
9
22
8
2
4
2
14
1
45
2
5
3
49
4
3
1
22
1
7
1
65
2
1
2
17
1
4
3
44
9
9
3
25
7
9
3
10
4
11
2
60
4
3
1
23
2
11
1
11
11
4
2
65
2
12
3
3
7
12
2
5
3
14
1
71
1
14
3
6
6
14
2
7
1
10
3
10
20
7
3
61
9
3
1
7
3
13
3
35
8
12
3
30
1
14
1
15
2
4
3
26
1
4
3
11
6
8
3
54
2
9
2
6
3
12
1
28
1
10
3
22
9
1
1
67
1
9
3
34
4
7
1
12
13
4
3
7
4
8
2
53
1
2
2
37
2
11
1
3
11
6
3
1
2
6
2
45
4
13
2
10
2
12
2
28
1
13
1
11
3
8
1
66
3
12
3
55
9
4
1
5
2
9
1
23
3
9
2
27
2
12
2
11
2
7
2
12
2
13
2
26
1
13
2
13
3
10
1
17
11
5
3
27
1
9
3
8
19
5
3
26
3
8
