1
23
3
10
1
10
2
11
3
17
3
1
2
44
3
2
2
55
1
12
3
18
5
8
2
47
3
6
1
67
2
7
1
61
2
1
3
36
6
13
3
65
9
13
3
47
6
2
3
47
5
9
2
34
1
9
3
67
15
1
1
41
2
14
1
27
1
11
3
53
3
7
1
36
3
7
2
23
3
14
1
15
2
11
2
16
1
5
2
42
4
12
2
1
3
8
1
71
3
2
2
10
3
3
3
22
12
11
3
11
22
10
1
39
4
14
3
30
13
13
1
3
2
5
1
8
10
13
1
32
3
5
1
34
4
9
1
35
1
3
3
17
9
12
3
14
25
14
3
13
8
11
3
16
7
12
1
5
2
10
1
1
3
11
2
63
2
2
2
54
1
9
2
2
3
11
1
28
2
6
2
40
3
14
3
44
4
13
2
35
3
6
1
71
2
6
2
66
1
5
1
6
1
2
1
52
1
11
1
61
1
14
1
39
2
3
1
49
1
3
1
40
1
13
2
30
5
12
2
8
1
14
2
8
3
4
1
18
6
2
2
28
3
11
1
10
7
5
2
36
2
6
3
45
2
9
2
26
4
4
1
31
12
1
1
63
2
10
2
61
3
8
2
31
1
5
2
6
3
13
2
39
2
7
3
2
9
3
1
13
1
4
1
55
2
9
3
53
1
9
3
40
6
10
2
33
2
3
1
38
2
13
3
29
9
9
2
60
2
11
2
45
3
13
3
18
3
14
3
32
11
11
1
65
1
3
1
35
2
3
2
39
4
14
2
2
1
6
3
61
7
9
1
67
3
1
2
38
5
7
3
15
15
5
3
54
1
4
2
47
4
11
1
5
1
10
2
61
2
6
1
9
5
7
3
35
2
8
3
5
4
14
3
55
11
13
3
38
7
11
1
11
2
5
3
16
2
6
1
68
2
10
3
35
4
2
3
67
17
4
1
44
2
1
1
8
15
13
1
53
1
9
3
3
7
14
3
68
16
10
1
66
2
2
1
60
1
9
3
66
6
6
2
42
1
4
1
7
1
8
3
52
9
5
2
29
2
2
1
29
2
8
1
6
2
12
3
23
9
4
3
26
11
7
3
29
15
13
1
4
2
9
1
16
7
13
1
54
2
5
1
26
2
11
2
5
2
10
3
10
2
4
2
6
1
10
2
54
2
3
1
4
1
5
1
49
2
11
3
71
5
8
2
26
3
10
2
40
2
2
1
66
1
2
3
42
3
6
2
3
2
13
3
55
15
1
2
18
2
10
3
43
7
10
2
43
3
6
1
65
2
8
1
17
2
10
3
2
5
14
3
31
15
11
2
49
4
9
1
18
8
3
1
33
1
10
2
68
2
8
1
27
3
2
1
44
3
13
3
38
4
8
3
68
8
3
2
27
2
12
1
15
4
5
1
2
3
8
1
42
2
1
3
45
3
13
2
71
1
1
1
25
1
11
2
33
3
13
2
13
3
2
2
65
1
9
2
44
5
3
1
23
1
14
1
60
2
10
1
37
1
5
2
67
2
9
3
6
1
12
3
22
9
6
1
29
1
9
2
37
4
3
1
31
1
3
3
28
10
11
2
55
3
4
2
4
1
10
1
45
1
3
3
5
2
7
2
16
3
3
3
11
6
5
2
65
3
8
3
4
28
4
2
63
3
8
1
36
1
6
1
13
8
12
2
7
3
11
2
10
1
6
2
41
5
14
1
45
2
13
2
66
3
14
1
14
18
6
2
17
2
4
3
3
3
14
3
13
6
7
3
8
17
1
2
37
3
10
3
60
29
6
2
45
2
14
2
36
4
14
2
53
1
2
3
34
2
12
3
66
7
2
1
30
15
9
3
39
3
3
2
9
1
8
2
29
3
6
2
17
3
12
3
31
5
14
3
27
8
4
3
9
6
8
3
36
2
9
1
12
5
3
1
43
3
7
3
25
8
7
2
71
2
12
2
53
3
2
1
7
8
12
1
47
3
2
3
15
11
3
2
60
4
6
3
27
10
12
1
16
1
5
3
23
8
12
3
63
5
9
1
43
1
3
2
12
1
12
3
39
6
11
2
5
1
7
2
18
1
13
3
7
1
1
1
47
2
8
1
22
2
3
1
17
10
8
2
52
2
10
3
52
13
7
1
40
3
12
3
12
5
3
1
37
2
13
3
40
5
11
2
3
1
1
3
54
2
13
3
44
7
10
2
38
3
6
2
11
1
14
2
14
3
11
2
4
3
11
3
1
5
2
2
32
3
5
2
67
1
14
2
25
3
1
1
9
13
8
3
32
12
9
2
41
4
7
3
9
26
10
1
14
21
2
2
9
3
14
3
6
2
11
3
4
27
3
3
7
4
10
1
11
12
10
2
34
3
10
1
42
1
9
3
43
6
4
3
71
2
9
1
34
7
4
3
63
8
8
2
12
3
8
2
11
3
7
2
23
2
9
1
26
3
1
2
31
5
11
2
28
2
5
1
53
2
14
3
1
8
7
3
49
2
6
1
54
3
11
3
60
27
5
1
30
20
9
3
33
23
12
3
34
3
11
2
27
1
13
1
55
1
5
2
52
3
12
2
35
1
12
3
41
4
11
3
33
15
8
2
14
2
7
2
22
1
5
3
37
3
6
3
30
20
3
1
63
1
11
1
28
3
5
2
15
1
12
2
22
2
4
3
41
1
1
1
12
14
4
2
49
3
10
1
52
3
9
1
33
8
11
3
37
7
13
1
38
3
13
1
41
3
9
3
10
11
9
3
14
2
13
3
8
2
10
2
32
4
9
1
1
1
4
1
68
3
12
2
1
1
12
3
12
1
2
2
15
2
14
3
49
4
11
2
13
1
4
1
22
1
8
3
42
1
10
1
32
5
1
3
65
17
9
2
30
4
5
2
7
2
10
1
2
2
14
2
43
1
8
1
25
3
13
3
28
7
12
3
26
3
1
3
25
4
2
2
25
1
10
1
3
6
9
3
61
2
11
2
68
3
14
