2
47
1
9
2
33
1
13
2
15
3
4
1
30
4
10
2
11
3
1
2
66
2
10
3
34
7
13
3
12
1
7
2
42
1
10
1
44
3
13
3
10
23
4
3
36
14
14
1
31
13
8
1
43
2
4
3
71
5
9
3
35
4
13
1
32
3
6
1
8
2
11
2
8
3
7
3
39
3
1
1
12
16
7
2
10
1
14
2
14
3
5
2
17
3
14
3
44
7
1
3
5
3
3
3
44
4
4
1
28
1
8
2
44
3
4
1
67
2
11
3
68
15
10
2
71
3
8
3
2
1
8
2
15
1
14
3
63
1
3
1
49
1
4
2
35
1
10
2
32
3
3
1
68
3
5
1
61
1
10
3
60
17
1
2
8
1
11
1
33
2
13
3
65
4
13
3
14
2
7
2
36
4
4
2
17
2
7
1
42
1
14
2
25
1
7
3
49
2
6
2
60
3
2
3
54
1
10
3
47
2
10
3
25
3
1
1
60
1
9
1
49
2
8
1
6
1
5
1
6
2
13
1
37
1
6
2
14
2
10
1
8
7
11
2
5
3
1
1
39
2
8
3
25
8
4
3
11
19
14
3
55
2
3
2
67
1
7
2
44
2
7
3
55
17
10
1
23
3
10
3
22
7
14
2
12
1
14
1
5
1
6
1
3
3
7
3
1
10
9
3
23
4
11
1
36
1
11
2
41
5
9
2
9
2
12
1
45
2
10
1
38
2
13
2
40
3
3
1
27
3
1
1
9
7
13
3
61
1
12
1
53
2
5
1
71
3
3
1
14
19
4
3
32
2
7
1
30
14
9
1
35
1
4
2
49
4
13
2
39
2
5
2
3
3
10
3
53
7
14
2
65
1
13
3
17
5
12
2
47
3
7
1
52
2
1
1
47
1
12
3
4
6
14
2
27
1
13
3
18
24
7
3
9
9
3
1
45
1
11
2
33
2
11
3
6
4
6
3
11
16
14
1
35
3
4
3
47
3
11
1
10
1
13
3
63
4
14
2
12
2
1
2
7
1
8
3
66
3
6
1
54
1
4
3
27
15
7
3
3
6
10
2
29
2
14
1
60
2
5
1
4
3
6
2
6
1
10
2
30
1
8
1
11
9
7
2
18
2
8
1
7
7
2
2
71
1
14
3
42
2
12
2
13
3
1
2
28
1
3
3
23
8
1
2
7
2
12
1
61
2
6
2
18
1
4
2
5
1
5
2
36
5
2
1
36
3
5
2
40
1
10
1
4
5
5
2
68
1
1
1
18
3
8
1
17
11
3
1
2
6
1
1
33
6
14
3
5
4
2
1
55
2
4
2
1
3
2
2
1
1
3
1
26
2
1
3
7
3
12
3
35
2
11
2
55
2
1
2
22
3
10
1
47
3
9
3
1
9
3
2
61
1
10
2
4
2
1
1
22
3
8
1
44
1
8
2
65
2
10
3
15
5
1
2
42
2
10
3
6
1
1
1
32
6
4
1
16
5
5
2
39
1
4
2
55
3
4
1
29
1
14
2
45
2
12
1
71
2
2
1
37
2
6
3
30
4
3
3
2
7
5
3
33
19
10
3
66
2
7
1
67
1
5
2
53
2
5
2
23
3
5
3
39
9
14
1
34
7
6
2
13
1
8
3
29
14
11
2
54
2
7
2
52
6
4
3
17
2
14
1
54
2
13
1
29
3
1
3
54
2
2
3
12
4
11
3
26
10
12
3
49
7
3
2
22
2
3
3
68
4
13
1
18
2
11
3
67
29
4
1
66
1
10
1
22
1
13
1
17
4
1
1
40
2
10
2
27
2
10
1
28
3
7
3
28
5
2
3
43
4
2
2
3
2
10
2
35
3
14
1
25
2
11
3
37
5
14
1
40
1
12
1
38
1
7
3
40
3
9
1
16
4
5
3
71
2
10
1
11
3
7
2
9
1
1
1
41
1
1
3
38
6
13
3
10
13
7
2
37
4
14
1
52
3
1
2
60
4
4
1
1
1
14
1
63
1
7
1
55
1
4
1
31
5
12
1
15
5
11
2
30
5
2
1
43
1
3
2
68
2
5
3
41
2
4
1
3
10
11
2
63
3
9
2
26
3
12
2
34
3
6
3
34
1
3
3
37
9
4
3
16
8
8
3
60
4
7
3
33
3
6
1
66
3
9
1
15
4
2
2
29
1
14
1
7
10
9
3
30
12
8
3
42
1
6
3
53
3
1
2
61
2
12
2
37
2
13
3
3
9
11
2
41
2
13
1
9
9
11
3
65
7
11
1
65
2
13
2
4
3
14
3
16
2
10
2
31
5
13
2
16
3
2
1
5
2
11
3
18
1
2
3
14
3
2
1
63
2
12
3
29
2
13
2
11
1
10
1
34
1
5
3
43
3
6
3
13
7
7
1
53
1
4
1
65
1
14
2
25
2
6
1
68
2
10
1
12
9
8
2
45
4
10
3
67
19
4
1
13
7
4
3
9
1
7
2
66
1
12
1
41
2
14
1
42
2
8
1
1
3
12
2
6
2
2
3
45
5
7
2
2
3
14
2
34
1
7
2
28
2
12
2
49
1
3
3
38
10
5
3
31
18
3
2
31
4
13
2
26
1
14
3
52
9
11
2
16
2
9
1
26
3
10
2
54
1
13
3
61
10
12
1
23
2
3
2
63
1
8
1
39
4
2
3
27
17
1
3
22
8
9
3
26
3
4
1
2
4
6
2
53
1
8
2
23
2
9
3
45
6
6
3
13
1
12
2
43
1
4
2
32
4
10
2
67
2
10
2
38
4
13
3
8
1
12
3
40
2
13
3
7
4
2
3
52
10
2
2
38
5
8
2
2
2
7
3
28
15
1
2
10
2
3
1
25
1
10
3
4
9
5
3
41
3
2
2
43
3
6
1
27
2
11
2
52
4
3
1
10
3
9
3
36
13
11
1
14
15
8
3
15
1
6
3
31
10
10
1
13
9
14
3
32
3
12
3
8
7
9
