1
5
1
10
3
5
4
3
1
61
1
14
2
43
3
3
3
26
8
10
3
6
6
12
1
67
1
1
1
31
9
13
1
54
3
7
1
18
8
11
1
71
2
11
3
17
16
1
1
16
6
1
1
39
1
13
3
11
21
12
1
22
2
13
3
61
3
14
2
13
1
12
1
47
1
10
1
52
1
8
3
52
5
11
1
39
3
2
3
28
6
11
1
33
5
6
1
66
1
7
3
10
21
14
2
38
1
14
2
42
1
2
2
12
2
8
1
6
2
10
3
15
10
11
2
4
1
11
2
29
3
14
2
25
2
7
1
25
1
10
1
12
8
11
3
18
8
2
3
37
9
11
1
66
3
4
1
29
3
1
2
1
1
5
1
5
2
14
2
33
1
11
2
22
3
5
1
8
15
4
2
27
3
11
2
71
1
3
1
9
1
7
2
33
2
2
2
37
4
4
2
65
1
9
1
53
1
4
1
42
2
8
2
67
2
11
2
15
2
11
3
35
5
11
2
61
1
9
3
54
1
11
1
6
1
5
3
61
8
9
2
61
2
12
3
52
16
9
3
44
2
8
1
71
1
8
3
32
9
6
3
54
2
8
3
47
6
7
1
36
1
7
1
27
2
5
3
23
10
6
1
10
4
8
2
12
3
8
2
28
2
13
3
15
3
11
1
36
2
14
1
3
1
7
3
68
13
11
1
49
2
6
3
43
5
5
1
25
2
3
2
5
3
5
2
65
4
10
2
10
1
5
3
22
9
5
2
28
3
12
2
22
2
4
3
66
9
10
1
31
12
10
3
35
7
3
2
34
3
1
1
55
1
5
1
43
3
11
2
3
3
1
1
29
1
14
2
9
2
7
1
45
1
8
3
36
10
2
1
63
1
10
1
55
2
1
1
11
5
5
2
16
3
4
3
5
1
6
2
14
3
8
3
29
4
13
3
25
4
3
1
52
2
9
2
39
2
8
1
40
2
9
3
67
21
8
3
25
3
12
3
67
7
11
3
40
2
3
2
53
2
6
2
42
3
4
3
40
1
6
1
8
12
8
2
31
1
6
3
53
6
9
3
4
8
14
2
35
3
1
3
65
2
7
1
26
3
4
1
43
2
2
3
10
14
2
3
9
25
4
1
38
3
5
3
11
26
13
2
40
2
12
1
4
6
13
2
34
2
2
3
45
3
14
1
53
2
7
2
37
1
6
2
26
3
10
3
30
15
12
3
42
3
11
2
14
1
1
2
66
1
14
1
15
5
4
3
47
3
3
2
36
5
10
2
60
4
2
3
31
7
8
3
28
1
13
2
63
3
7
1
7
1
5
3
38
2
12
2
2
2
5
2
63
1
6
1
32
6
4
3
26
11
12
3
43
6
12
3
31
11
2
3
8
5
13
2
66
3
7
3
17
10
5
2
5
1
8
1
1
1
4
3
29
13
3
3
60
32
9
2
68
2
5
2
44
1
10
3
12
6
12
1
14
12
11
1
11
8
12
3
44
5
2
3
45
1
6
3
12
7
3
2
38
4
9
1
68
2
9
3
4
21
4
1
60
2
13
2
68
4
4
2
39
1
14
2
29
1
13
1
37
1
10
3
37
8
10
1
17
4
14
2
47
3
11
2
52
3
3
2
41
5
12
2
8
2
11
3
65
18
3
3
71
5
4
2
52
5
2
3
1
2
4
1
65
2
13
3
32
4
4
1
34
5
3
2
27
2
2
2
7
2
4
1
12
6
2
2
44
3
5
1
7
4
13
1
41
1
1
1
41
2
12
2
3
1
1
2
17
3
12
1
27
1
5
3
14
21
11
1
22
3
5
1
44
3
8
1
17
13
14
1
28
3
4
1
23
1
14
3
13
2
6
2
60
3
11
1
4
2
10
2
2
3
3
1
68
3
14
3
63
4
7
1
65
1
7
3
66
5
14
3
41
3
4
1
37
2
13
3
34
8
14
2
18
3
2
1
2
6
2
1
44
4
5
2
9
3
11
1
2
4
13
3
34
10
7
2
49
4
7
1
42
1
1
1
38
2
4
3
33
17
10
1
49
1
4
2
11
1
13
1
28
1
9
2
30
3
14
2
49
1
4
1
3
10
12
2
1
2
1
3
55
11
3
3
53
3
7
3
7
5
5
2
32
3
3
1
34
6
4
3
16
6
9
2
7
1
11
2
26
4
13
3
13
1
2
1
54
1
13
1
32
4
7
3
42
4
11
3
27
16
14
1
40
3
10
3
6
1
6
2
13
2
12
2
53
3
8
3
49
8
14
3
23
1
2
2
23
1
11
3
2
7
5
2
71
2
10
1
45
2
14
2
10
2
7
2
17
1
14
2
36
4
13
3
18
22
7
1
26
1
9
1
1
2
1
3
3
8
11
2
6
2
5
2
45
1
14
2
16
1
9
1
35
3
14
3
7
3
9
2
30
4
11
3
16
5
2
2
4
2
2
2
40
1
14
2
35
2
13
3
30
26
4
2
32
4
8
2
55
2
4
2
23
2
3
2
8
3
7
2
11
3
12
1
67
2
14
2
18
1
14
3
2
6
8
3
68
11
14
3
71
4
2
1
60
1
10
1
63
2
1
3
55
3
10
1
30
2
3
1
10
2
3
2
43
1
8
3
63
9
14
1
18
5
6
2
31
3
7
3
41
2
10
1
9
6
8
3
3
5
7
2
47
4
11
3
14
2
7
3
39
6
8
3
33
24
4
1
61
2
7
3
36
15
3
3
22
10
5
3
27
13
1
3
49
7
3
1
15
4
8
2
6
1
14
1
35
4
14
3
9
10
13
3
8
16
11
2
54
2
7
2
55
3
2
3
38
10
6
2
45
2
7
2
54
1
8
3
60
11
10
1
33
4
4
2
25
3
4
2
41
2
13
1
13
6
3
1
30
11
10
2
67
1
7
2
15
3
8
1
23
2
2
1
13
7
4
3
1
8
9
1
14
22
10
3
39
3
4
1
16
4
7
1
47
2
1
