1
60
2
2
3
61
8
7
1
68
3
6
1
61
1
12
2
52
2
3
3
39
9
3
1
53
2
11
1
16
5
1
3
16
8
8
3
5
3
13
1
31
1
3
1
2
3
12
3
27
10
2
3
42
2
2
3
43
5
11
2
38
3
13
1
68
1
8
2
22
3
12
1
18
4
5
3
37
9
9
1
55
2
4
3
49
3
6
1
1
2
5
1
61
3
13
2
68
1
7
1
52
3
10
2
5
2
8
2
11
3
14
1
32
1
12
1
28
3
14
1
43
2
12
2
55
3
9
2
66
3
7
1
41
2
14
2
13
2
2
3
14
24
5
2
33
3
5
1
47
2
8
3
26
9
7
2
34
2
11
1
37
2
11
2
13
3
13
3
61
2
1
3
66
3
9
3
12
2
14
1
23
1
6
2
53
1
7
2
47
2
1
3
23
7
9
3
15
3
4
3
43
1
9
2
38
5
4
1
45
1
8
3
30
22
13
1
12
7
7
2
54
2
5
2
40
4
8
3
32
2
9
3
52
18
2
3
47
8
10
2
67
2
3
3
25
7
8
2
28
1
5
3
40
1
12
3
63
8
10
2
63
2
7
1
71
2
11
2
12
3
11
2
60
1
6
1
6
2
14
3
13
7
13
1
35
4
2
1
36
1
3
2
67
1
11
1
15
1
11
3
60
27
2
2
3
3
14
2
54
1
3
1
34
7
5
1
47
3
2
3
11
17
6
3
34
4
13
2
27
1
10
1
49
1
2
2
32
3
6
3
17
10
9
1
37
1
3
3
44
7
6
3
38
10
11
3
47
3
11
1
41
1
11
2
9
1
7
2
27
3
4
3
52
17
8
1
7
2
2
3
65
19
5
2
26
2
2
1
42
1
8
3
32
6
4
2
49
2
13
2
23
3
4
2
30
2
13
2
49
1
13
3
41
4
6
2
16
1
11
2
6
3
9
3
31
27
9
1
22
1
9
3
22
4
10
1
23
2
2
3
68
17
2
3
63
13
5
2
71
3
3
1
71
3
1
2
44
2
12
2
45
1
10
3
9
29
10
3
8
14
7
1
13
8
3
3
28
7
9
1
54
1
12
1
30
13
4
2
25
2
6
3
3
3
11
3
28
9
1
1
66
1
2
3
2
8
8
2
6
1
10
1
36
3
8
2
63
3
13
3
35
4
2
3
30
11
3
2
61
3
11
1
52
1
3
3
1
9
13
3
45
7
3
2
16
3
11
1
17
10
9
2
7
3
11
2
12
2
14
1
5
2
11
3
37
1
12
3
39
3
12
2
52
7
10
3
34
1
1
2
29
1
3
2
60
4
9
2
33
2
14
2
37
3
3
3
36
3
2
3
29
8
6
1
28
2
14
1
8
1
5
1
14
15
6
2
39
2
6
1
25
3
14
3
44
1
2
3
5
4
12
2
10
3
1
2
30
1
12
2
1
1
8
3
25
2
13
3
65
12
1
2
35
3
6
2
26
3
3
1
29
2
13
2
9
3
8
2
4
2
6
2
23
1
11
2
8
1
6
1
9
2
10
3
67
28
9
3
36
15
2
2
1
2
11
3
33
6
9
1
33
2
6
1
35
2
5
2
36
1
2
1
38
1
12
1
40
1
13
1
3
9
8
2
66
1
5
1
17
15
13
2
14
3
3
3
33
4
10
2
31
2
5
1
42
2
13
3
53
1
4
3
10
14
4
1
10
1
6
1
29
1
8
1
65
2
1
1
6
1
8
1
38
3
10
3
27
6
6
1
12
13
3
2
17
2
12
1
55
1
11
1
11
10
13
1
15
2
5
3
15
9
3
1
16
7
11
2
18
3
7
3
8
7
8
1
9
11
6
3
6
6
6
1
67
2
1
3
66
2
1
2
71
2
12
1
7
3
3
2
25
3
11
2
17
3
4
3
6
4
5
2
11
2
11
3
38
1
3
2
3
2
12
1
63
2
13
1
1
1
10
3
55
10
5
3
3
10
4
3
29
18
2
2
42
1
6
1
43
3
3
3
26
2
9
3
7
5
5
1
5
1
2
3
68
12
4
1
44
2
3
1
45
2
8
1
33
1
7
3
60
15
12
2
42
3
9
2
28
2
3
2
41
1
12
1
34
2
6
2
31
5
12
2
18
2
5
3
9
24
11
1
26
2
2
3
23
4
1
3
54
2
10
1
18
10
9
1
4
1
9
2
61
2
14
1
22
3
9
1
53
1
2
1
4
5
2
3
16
3
3
3
35
3
1
2
15
1
7
2
8
2
8
3
67
9
3
2
68
4
13
1
44
4
12
2
7
2
11
3
54
1
10
3
17
16
1
2
47
3
6
2
14
2
6
3
7
1
1
1
54
3
8
1
14
4
2
2
45
2
10
2
2
1
12
2
44
1
5
2
37
1
12
1
31
11
14
3
18
19
7
1
39
4
1
3
1
6
9
1
32
5
7
3
13
2
1
3
45
6
14
3
40
3
7
1
11
3
2
2
32
1
14
3
53
2
7
1
65
1
9
2
36
5
4
1
63
1
2
1
39
3
1
2
2
3
4
2
41
4
13
3
10
17
11
2
43
3
9
1
2
7
5
2
40
3
6
3
42
1
9
1
8
12
5
1
49
2
11
2
65
1
5
1
30
10
5
1
10
3
6
2
65
2
12
2
35
2
8
1
40
3
3
2
4
3
6
2
43
1
4
3
12
7
1
1
60
1
9
1
67
1
10
3
41
2
8
3
11
25
3
3
22
3
3
2
22
1
13
2
34
3
1
3
71
3
7
3
18
7
2
3
49
7
11
1
26
1
13
1
66
3
12
1
27
1
6
1
13
4
10
3
14
2
9
1
27
3
8
2
29
3
9
2
39
4
10
3
55
13
1
3
2
10
3
3
31
17
9
1
3
11
8
2
10
1
3
3
4
17
5
2
53
3
3
2
15
2
4
2
55
1
6
2
5
3
1
3
4
28
6
1
25
1
2
3
71
1
12
