3
63
5
11
3
36
4
8
1
53
1
10
1
9
2
2
3
28
12
2
2
49
2
7
1
54
3
13
3
33
20
9
1
39
2
9
2
5
2
13
2
42
4
5
1
60
2
7
2
26
4
7
3
66
3
14
1
55
1
14
2
9
3
7
2
4
3
1
2
49
3
7
2
28
3
11
1
14
9
1
3
49
7
6
3
23
7
4
2
40
3
9
3
42
2
14
2
17
2
7
2
4
2
14
1
61
2
8
1
35
4
6
3
47
6
7
2
47
2
1
1
49
1
10
2
17
3
4
3
39
1
4
2
16
3
4
1
71
2
13
2
30
2
11
3
14
5
11
1
32
4
9
2
37
1
10
2
37
2
10
2
65
2
3
3
45
3
9
3
42
1
6
1
13
3
5
2
30
5
13
2
14
1
4
1
53
2
5
2
29
2
5
3
30
4
10
3
26
12
7
1
32
1
6
2
55
2
12
1
67
2
2
2
36
2
9
2
11
2
12
2
11
1
12
1
26
3
4
1
3
8
6
2
33
2
6
3
13
6
8
3
26
3
8
3
67
5
3
3
10
17
7
2
16
2
11
3
41
2
1
1
10
3
4
3
34
11
9
1
33
2
8
2
12
1
14
2
43
1
11
1
65
1
13
2
53
2
13
2
10
2
11
2
40
1
10
2
15
3
14
3
65
18
2
2
29
1
1
1
68
3
7
2
71
1
13
1
1
2
4
1
17
8
13
1
1
1
8
1
9
9
9
2
55
1
4
2
54
2
14
3
52
13
5
1
23
2
2
3
68
5
7
1
40
1
14
3
3
7
6
2
7
2
13
1
26
2
14
2
12
3
6
3
3
10
2
1
18
3
12
2
60
4
10
2
47
3
3
1
44
2
6
1
52
1
5
3
18
3
10
1
38
3
9
3
38
3
4
2
23
3
8
3
55
6
13
3
39
7
14
1
2
4
6
1
44
3
12
3
61
5
3
3
40
3
2
2
52
5
10
1
15
5
2
3
4
24
12
3
53
4
9
1
8
9
14
2
41
4
11
2
66
3
13
3
23
16
6
3
52
11
2
3
30
5
1
1
38
2
7
1
34
8
5
2
31
4
6
3
17
16
13
3
54
1
9
1
28
3
12
3
53
2
6
3
15
1
5
2
8
2
7
2
66
2
9
3
5
4
2
3
11
2
3
3
34
6
6
3
15
12
5
2
7
3
11
2
9
1
6
2
39
2
1
1
25
3
13
2
22
3
13
2
15
1
11
1
12
3
14
1
37
2
12
1
42
2
7
2
38
4
6
1
67
1
14
3
22
6
11
2
45
2
5
3
63
10
12
1
6
1
3
3
68
7
1
2
34
3
5
3
16
1
2
3
6
4
8
2
27
1
4
3
14
18
9
3
2
5
10
1
5
1
1
1
14
10
4
3
8
18
8
3
1
4
7
3
49
2
9
1
45
1
1
1
22
1
6
1
3
7
6
2
52
4
3
2
35
3
13
2
65
1
5
3
37
3
9
1
68
2
2
3
12
2
9
3
11
14
1
3
1
3
6
3
17
13
3
3
36
12
8
3
60
25
14
2
33
1
2
3
31
4
7
2
3
2
6
2
13
2
2
3
71
1
1
3
5
5
6
3
6
5
14
3
9
30
4
2
71
3
13
1
52
2
9
2
27
2
6
3
4
19
4
1
34
6
11
3
47
4
2
2
42
2
1
3
40
2
2
2
32
1
14
1
7
6
9
1
63
1
14
1
35
3
12
1
5
2
4
1
49
2
3
3
65
16
13
2
53
3
3
3
32
10
8
3
7
5
14
1
17
11
9
2
36
3
14
3
2
4
5
3
18
25
7
3
8
7
3
1
16
1
6
1
29
2
14
2
39
3
5
2
34
2
4
1
47
3
8
1
36
2
8
2
6
2
5
2
44
5
8
3
41
4
6
2
5
1
6
2
54
1
13
3
9
12
5
2
31
3
4
3
31
27
9
3
44
7
10
3
54
2
9
1
31
5
9
2
3
3
2
2
8
3
5
3
44
2
3
2
35
2
3
2
67
1
9
2
23
2
7
1
54
1
14
2
68
3
1
1
36
1
4
2
28
1
14
2
63
3
2
1
43
1
12
1
11
2
5
2
61
3
7
2
63
2
7
2
38
2
11
1
13
7
1
1
11
4
7
1
27
2
4
2
61
2
7
3
67
26
1
1
12
11
8
2
44
1
14
2
18
2
10
3
27
4
5
1
66
2
8
3
37
2
7
1
4
5
4
3
27
2
1
2
1
1
5
3
32
2
4
1
45
2
5
1
33
8
6
2
1
2
4
2
10
1
5
1
30
13
11
3
22
1
1
2
22
2
14
1
42
1
11
2
25
3
1
2
32
4
6
3
71
3
10
1
18
8
14
1
28
1
7
2
45
3
13
3
35
1
6
1
60
1
12
1
7
2
8
1
39
4
5
3
66
2
1
2
41
1
2
2
60
2
14
1
71
1
4
2
68
2
2
2
13
1
4
1
16
4
2
3
25
1
14
2
67
2
9
2
2
2
9
3
13
1
2
1
55
2
3
2
6
1
6
2
14
2
14
2
43
4
5
3
25
2
13
1
22
3
2
3
29
12
6
1
41
3
2
1
25
2
11
1
10
7
1
1
4
7
2
1
40
2
6
3
43
8
7
3
7
4
3
3
16
4
4
1
63
2
3
3
38
4
6
3
45
4
14
1
66
1
14
1
47
2
8
3
29
19
13
1
30
21
6
3
61
2
5
1
65
2
14
2
18
4
3
1
8
3
6
1
29
1
2
3
33
13
2
1
2
3
3
1
37
1
3
3
55
8
10
1
23
3
14
3
12
7
11
2
2
3
10
1
61
3
5
3
60
30
4
1
6
2
9
2
25
1
2
2
26
1
14
3
28
9
2
3
43
2
11
1
15
2
5
3
10
7
5
1
31
15
6
1
43
3
9
1
27
1
4
3
35
2
10
1
41
1
6
