1
5
2
10
2
28
2
9
2
26
4
4
1
68
1
14
2
13
2
14
3
66
2
10
1
65
1
1
3
4
28
7
3
63
13
14
1
28
3
4
1
27
1
12
1
47
2
12
1
54
1
7
1
47
1
8
2
60
3
11
2
53
1
10
1
63
2
14
2
12
1
11
2
17
3
11
2
67
1
6
1
38
2
10
2
10
1
7
3
44
8
12
3
47
1
6
1
18
5
5
1
61
3
2
1
67
1
14
3
53
7
14
1
1
1
11
3
17
2
3
3
22
3
6
1
53
1
11
2
38
3
10
3
34
1
7
2
43
2
13
2
17
2
6
1
12
14
8
3
36
15
1
3
67
38
13
2
5
1
5
1
4
5
11
1
52
1
7
2
65
2
7
1
37
2
3
3
10
8
7
1
23
2
1
3
10
19
3
1
16
3
5
3
8
20
5
3
22
6
10
3
26
6
9
1
7
10
12
3
65
3
10
3
15
11
7
2
67
2
3
2
23
2
6
3
26
4
14
2
6
3
12
1
30
12
10
3
61
4
3
3
28
3
12
3
3
4
6
3
9
27
4
3
27
2
1
2
28
1
12
1
31
3
10
2
4
3
11
1
54
3
14
2
61
3
12
2
71
3
10
1
5
1
10
2
52
4
5
2
3
3
3
3
14
12
6
1
61
1
12
1
41
2
3
1
14
2
12
2
27
1
11
3
31
13
3
3
61
1
11
3
53
2
10
1
36
2
6
1
9
13
13
1
34
11
2
3
30
22
5
1
43
2
8
1
6
2
1
1
41
3
12
1
33
4
1
3
23
18
11
3
12
2
11
1
71
1
10
2
8
2
12
3
4
20
14
1
40
1
11
1
31
16
9
3
35
5
10
3
7
2
6
1
42
2
11
2
22
3
4
3
6
6
8
3
41
2
3
2
23
1
2
2
4
1
8
2
15
1
9
1
65
2
14
3
66
7
13
2
15
3
6
2
37
4
12
3
52
18
10
2
41
3
12
1
10
4
13
1
2
7
13
2
63
2
9
2
29
2
14
1
29
1
9
3
67
6
9
3
31
20
13
3
18
7
12
2
47
2
11
2
22
1
9
1
7
8
7
3
29
15
7
3
30
5
12
3
6
1
9
1
67
2
8
1
60
1
13
1
15
2
6
2
33
3
9
1
12
13
9
3
40
5
13
1
29
2
2
3
55
16
2
2
5
2
11
2
10
2
14
3
32
6
5
2
35
1
8
1
45
2
5
1
55
2
1
1
42
1
14
3
42
4
12
2
34
3
7
1
18
6
7
2
8
3
2
2
38
2
11
2
54
1
4
2
7
2
5
3
45
7
7
3
8
7
12
2
68
4
8
3
71
5
11
2
12
2
12
1
43
3
6
2
41
4
3
3
40
2
3
2
63
3
5
1
13
7
10
3
33
8
14
1
22
3
9
3
27
4
4
1
14
16
6
2
45
1
5
2
42
4
13
2
45
3
8
3
16
4
1
3
1
8
1
2
25
3
5
3
55
1
11
2
14
2
4
1
23
1
2
3
2
2
12
1
3
10
4
2
25
2
2
2
9
3
3
2
32
1
10
2
18
4
8
1
40
3
1
1
13
4
5
2
47
1
11
1
71
3
10
3
68
16
13
2
33
2
9
3
60
32
8
3
54
2
10
3
1
7
7
1
8
1
6
2
18
1
9
1
45
1
12
3
39
1
3
3
37
9
1
3
60
15
5
1
66
2
7
1
66
1
10
3
3
10
12
3
43
4
3
2
44
5
11
1
1
3
14
2
29
3
12
2
55
2
1
2
30
5
2
3
34
11
14
2
6
2
10
1
17
10
2
1
37
1
9
2
55
3
4
2
49
3
8
2
43
3
7
1
44
4
7
3
13
2
10
2
66
3
7
1
33
8
1
1
39
2
14
2
7
1
7
1
35
1
4
1
36
1
3
2
9
1
12
1
49
2
2
2
37
2
5
2
16
3
8
3
45
3
8
2
14
1
1
3
5
3
6
3
25
9
13
2
52
3
3
2
27
2
10
3
39
6
7
1
9
4
4
3
15
12
1
1
35
4
12
3
54
1
12
1
32
6
9
1
49
1
11
1
68
2
14
3
12
7
8
1
55
1
8
1
30
4
11
3
63
12
9
1
10
2
11
1
27
2
2
2
71
1
2
3
9
18
14
1
63
1
13
3
11
3
5
3
38
11
10
1
34
10
5
2
65
4
12
2
54
2
9
3
23
19
4
1
26
1
12
3
7
3
3
1
39
4
5
2
34
1
14
2
42
3
6
2
1
1
13
3
14
16
2
3
71
1
9
2
31
4
13
2
44
4
8
2
31
5
1
1
2
2
8
2
39
2
4
1
25
2
1
1
52
3
11
3
41
1
7
2
16
2
6
1
22
2
11
3
43
5
13
1
6
1
8
1
8
13
5
2
26
1
5
2
36
4
13
3
2
1
4
2
40
1
9
3
29
5
14
2
49
1
3
3
36
11
13
3
52
2
3
1
32
3
8
3
18
21
7
2
53
2
12
3
13
7
10
3
38
1
11
3
25
6
4
2
1
3
6
2
11
2
14
3
16
5
4
1
16
5
8
2
61
2
3
2
3
2
4
2
35
2
13
3
11
19
2
1
38
1
9
1
4
7
11
3
68
3
3
1
3
6
3
3
37
1
12
3
49
7
7
2
60
2
2
3
49
4
7
3
5
2
9
2
68
3
6
1
17
15
10
1
60
2
11
2
36
5
5
3
17
1
4
3
33
10
8
1
11
4
13
1
53
2
7
2
11
1
5
3
32
11
14
3
35
8
7
2
2
3
6
1
26
3
5
3
44
1
6
2
2
2
3
1
11
8
7
3
42
3
5
2
39
1
5
1
28
1
8
2
32
3
12
2
30
1
12
1
25
1
14
3
28
16
14
1
44
2
13
1
15
4
2
2
40
4
12
2
66
2
12
3
65
15
12
3
47
6
5
2
13
1
13
