1
66
1
12
3
27
5
13
3
34
6
6
1
7
10
12
2
7
2
13
2
11
1
9
3
30
27
8
2
54
2
11
1
53
1
10
2
40
2
7
1
10
5
9
3
53
5
13
2
37
1
12
1
22
3
12
1
68
2
14
3
49
8
4
1
36
2
8
1
13
6
13
1
47
3
10
2
9
1
1
1
49
2
14
1
61
2
8
2
31
2
2
2
5
3
7
1
71
1
10
1
38
3
4
2
12
1
4
2
18
2
5
1
26
2
6
3
37
6
3
2
26
4
4
2
66
1
3
3
67
13
5
2
17
1
7
2
26
2
2
2
4
1
7
1
43
2
11
2
36
4
13
3
11
20
10
3
26
11
14
2
32
2
12
2
9
2
5
2
25
1
3
1
31
9
13
1
29
2
12
2
45
2
12
2
71
2
8
2
67
2
3
1
63
2
2
3
38
12
1
1
6
2
8
3
23
7
12
3
38
2
7
3
30
16
8
3
44
4
13
2
13
2
9
2
34
3
7
2
17
2
12
1
61
1
3
1
34
4
5
1
30
21
8
3
22
10
12
1
18
9
3
1
26
3
13
1
53
2
7
1
11
4
5
2
4
2
12
2
44
4
11
3
13
8
8
3
43
4
14
3
18
13
8
3
71
2
12
3
37
10
10
2
2
2
12
3
26
2
13
1
35
1
1
2
66
3
2
1
41
1
1
2
11
2
12
2
44
5
1
3
66
8
7
3
54
1
10
2
35
1
11
1
7
11
8
2
15
3
3
1
65
2
11
2
25
3
9
2
34
1
7
3
1
10
12
2
3
3
8
3
41
4
12
2
22
2
4
1
65
1
3
3
49
6
12
1
52
2
8
3
40
1
13
3
39
4
8
3
65
6
11
3
36
7
9
2
5
1
13
2
43
5
4
2
61
1
8
3
45
3
5
3
53
6
5
2
47
1
1
3
71
1
4
3
61
3
4
1
41
2
4
1
12
6
11
1
38
2
9
1
71
3
1
1
33
8
14
2
54
1
6
2
52
6
14
3
42
4
1
1
11
3
11
2
52
1
5
1
49
1
14
1
40
1
1
2
33
3
13
3
54
2
11
2
42
3
8
2
14
2
14
1
44
3
5
1
32
7
7
1
34
3
9
2
12
2
6
2
16
2
7
1
31
8
6
2
49
2
7
1
37
2
9
2
63
2
12
2
55
3
12
1
12
10
9
2
23
3
14
1
54
1
3
1
2
4
10
3
16
4
3
3
27
17
13
2
45
4
6
1
55
2
4
3
45
5
9
2
55
2
9
2
61
2
1
2
1
3
8
3
4
26
3
1
9
2
9
1
35
4
1
3
1
9
2
2
13
1
9
3
63
1
14
1
29
3
14
3
52
14
9
3
10
12
11
1
66
3
11
2
40
3
7
3
35
3
2
3
25
5
12
3
34
1
12
3
17
7
3
1
30
1
12
2
2
3
7
2
68
2
14
2
63
3
6
1
54
2
7
2
27
2
8
3
60
25
9
3
16
5
4
3
29
12
11
3
6
1
13
3
29
6
14
1
25
1
6
2
29
3
7
2
23
2
3
1
15
5
12
2
14
1
9
1
28
3
2
3
36
2
12
3
33
5
1
1
42
1
11
3
9
17
6
3
25
1
8
3
3
3
8
1
47
2
7
2
47
4
5
3
66
9
4
2
31
3
9
2
35
3
4
3
68
2
3
2
38
4
5
2
33
2
14
3
14
19
10
1
55
1
10
3
41
2
9
2
8
1
13
1
14
21
7
3
17
17
7
1
42
2
12
2
53
2
14
1
8
5
1
1
43
3
7
2
53
3
7
1
5
1
14
2
36
5
10
2
16
1
12
1
39
1
8
2
10
2
4
3
8
3
3
3
52
10
4
1
18
13
2
2
30
4
11
1
68
3
2
1
10
1
1
3
28
10
5
1
25
2
9
2
38
3
9
1
37
1
4
3
67
21
12
2
29
1
11
3
31
25
1
1
67
1
3
3
10
18
5
3
7
3
10
2
43
3
9
1
63
1
2
2
18
4
4
3
43
6
12
3
18
17
9
1
13
7
8
2
60
4
6
1
16
7
11
3
28
14
11
2
30
3
5
1
4
5
13
1
67
2
9
3
14
4
9
3
68
10
8
3
7
2
5
2
27
3
2
1
16
3
8
1
5
2
14
2
65
3
13
2
3
2
5
1
17
12
1
1
6
1
5
3
5
4
10
2
39
3
4
2
71
3
8
1
3
6
3
1
1
2
12
1
40
2
14
2
6
2
7
3
44
1
1
3
55
2
12
3
63
10
1
3
40
2
9
3
11
12
10
1
52
1
14
1
23
1
2
1
28
2
14
2
68
3
14
1
60
1
9
3
13
3
13
1
4
2
1
1
27
1
8
3
65
2
7
2
8
3
3
3
23
18
11
2
60
3
6
3
15
15
7
3
60
30
6
2
7
1
10
1
9
14
5
1
1
1
2
2
28
3
13
3
8
17
14
3
61
11
8
1
22
2
9
1
15
2
3
2
49
1
12
3
12
1
2
2
6
3
3
3
39
1
5
1
17
16
1
2
39
2
13
3
22
4
7
2
32
3
13
1
23
2
8
2
65
4
4
1
33
2
4
3
5
2
7
2
10
3
3
3
47
1
5
1
2
5
6
1
32
5
8
3
35
4
13
3
42
3
10
2
41
3
6
3
15
12
5
2
37
4
8
1
14
9
3
3
47
3
3
2
15
2
11
3
3
8
14
2
41
1
5
2
67
1
9
1
8
6
11
3
9
3
5
3
6
4
11
3
55
14
11
2
1
2
3
1
45
1
3
3
4
9
11
1
39
4
3
3
2
2
14
3
32
11
2
1
36
3
11
3
32
10
10
1
60
2
8
3
31
24
7
2
42
4
4
1
27
2
6
1
45
2
3
3
12
4
9
2
28
1
11
3
33
20
13
1
44
1
8
1
3
4
14
2
22
3
4
3
2
12
6
