3
71
4
1
1
4
2
12
3
65
17
7
3
53
7
10
2
15
1
7
2
27
1
10
1
32
7
8
3
12
5
8
1
22
3
13
2
47
2
9
2
16
1
2
3
2
1
8
2
23
3
10
3
8
15
7
1
61
1
6
3
10
19
12
2
53
3
3
3
32
5
5
2
14
3
10
2
30
5
2
3
36
11
12
3
61
4
4
1
65
1
5
1
26
2
3
3
41
3
8
1
67
3
11
1
68
1
4
3
37
2
12
1
66
3
12
1
15
5
1
3
1
3
2
2
7
3
9
2
8
1
7
1
9
8
13
1
53
2
1
1
43
1
6
3
63
2
4
1
13
6
14
1
61
3
2
1
7
10
1
1
71
1
10
1
42
2
4
3
18
17
7
1
8
4
7
2
10
3
1
3
44
7
6
3
67
32
3
3
55
4
7
2
31
3
1
3
68
8
7
1
54
2
8
2
10
1
12
1
25
2
14
2
14
2
9
2
66
3
8
1
49
2
7
3
45
6
13
1
11
3
2
3
4
21
8
3
23
14
1
3
4
13
11
1
38
3
3
1
60
2
5
1
22
1
3
1
39
1
5
2
26
3
2
1
32
1
9
2
6
2
5
1
52
2
10
3
31
26
2
1
41
3
3
3
45
7
3
1
52
3
7
2
9
1
4
2
41
2
13
3
40
1
9
2
34
3
4
3
61
3
7
1
17
12
10
3
27
4
12
2
3
1
10
3
5
3
11
3
39
6
4
3
23
10
4
2
44
5
5
3
7
4
13
1
54
1
3
3
35
7
13
1
14
21
3
3
11
11
4
2
63
1
10
3
26
1
2
1
27
1
3
3
38
7
2
2
45
4
7
3
18
19
1
1
60
1
3
2
71
1
11
3
9
19
3
2
18
3
7
1
34
11
10
3
35
4
2
2
49
2
13
2
27
3
6
2
1
2
8
3
9
31
10
1
16
4
6
2
53
1
9
3
54
2
2
1
31
13
6
1
55
2
10
3
29
2
1
1
2
3
14
2
43
4
5
2
6
1
11
2
68
3
3
2
26
1
7
2
13
3
3
1
38
2
3
2
16
3
7
2
38
5
7
2
35
2
3
1
6
2
10
3
25
4
3
2
39
1
1
2
12
3
9
2
3
3
2
2
67
2
11
2
61
1
5
3
60
30
13
2
9
2
5
1
36
2
4
3
2
2
11
2
8
2
8
2
25
3
13
1
28
3
3
3
17
2
9
1
13
4
14
1
23
1
11
2
4
3
2
2
42
2
6
3
49
1
1
3
42
3
7
1
35
3
13
1
18
15
7
3
3
4
11
2
2
2
7
3
28
5
10
3
66
3
1
3
38
6
6
3
36
10
3
2
60
3
1
3
17
6
14
3
15
11
10
3
31
22
3
3
33
2
14
1
6
1
12
1
63
2
14
1
41
1
4
2
5
2
2
3
47
8
2
1
71
3
4
1
68
2
2
3
16
1
11
3
33
9
2
2
44
2
12
2
29
1
6
2
65
1
1
2
55
2
5
3
3
10
13
3
13
5
7
3
37
4
2
3
6
2
10
3
8
7
13
2
5
1
14
2
11
2
12
3
39
1
12
3
6
3
6
3
53
2
9
2
71
2
13
1
44
2
9
1
10
4
5
2
41
4
2
1
26
3
13
3
28
13
2
1
53
1
2
3
52
7
11
1
31
1
9
2
38
1
12
2
23
1
2
1
23
3
3
3
34
3
9
3
1
7
9
1
36
3
4
2
18
4
12
1
15
4
2
1
45
1
4
1
47
1
11
2
13
1
5
1
1
2
7
2
55
3
2
2
15
2
2
3
26
5
14
2
65
2
11
3
11
10
12
1
18
13
4
1
30
10
5
1
3
3
1
2
22
2
8
1
33
2
9
1
45
2
14
3
66
4
13
3
71
2
8
2
12
2
7
1
10
1
6
1
5
1
6
1
25
1
2
3
52
14
2
1
39
3
5
1
11
4
8
1
55
1
9
3
42
1
13
2
43
2
7
2
30
3
6
1
67
2
14
2
36
1
10
1
27
2
1
2
54
2
8
1
66
2
6
2
34
2
10
3
41
1
5
3
55
14
9
1
44
4
9
1
28
1
14
2
7
1
6
2
17
1
8
3
15
13
8
2
17
3
7
3
22
12
8
2
63
3
8
2
54
1
8
3
16
4
14
1
42
1
6
3
30
18
5
3
43
2
5
2
45
2
2
2
32
2
3
3
49
5
11
3
30
14
6
2
52
3
9
1
40
3
3
1
3
4
5
1
5
2
3
2
35
1
5
3
5
2
14
3
63
5
8
1
8
3
5
3
43
4
1
2
68
2
7
3
29
3
12
2
2
3
7
1
37
1
12
1
7
3
14
1
43
2
8
1
4
4
5
1
12
14
13
3
22
9
12
3
54
1
1
2
29
3
4
2
37
4
12
1
29
3
6
2
31
1
14
3
32
11
13
1
12
9
1
2
40
1
11
2
4
2
9
1
47
3
5
2
49
1
11
2
32
1
4
3
44
8
14
2
66
1
1
1
29
1
10
2
28
2
6
2
61
3
7
3
68
10
10
1
2
2
9
2
52
7
2
2
60
2
10
3
67
15
10
1
65
2
5
3
14
20
9
3
10
15
2
1
30
17
3
2
33
2
12
1
34
10
12
3
14
11
14
1
9
10
5
2
33
1
12
1
16
2
4
3
27
12
11
1
35
1
5
1
63
1
1
2
39
2
9
3
7
3
7
3
65
7
4
2
25
2
6
3
12
2
9
1
33
5
14
3
47
3
8
1
37
2
10
3
34
9
9
3
40
5
4
1
14
5
12
2
1
3
13
3
13
9
7
2
37
3
10
1
40
2
8
1
17
10
1
2
36
5
5
2
40
3
11
2
47
3
1
2
28
1
4
2
42
4
13
2
11
1
4
3
60
1
13
1
49
1
2
3
25
3
11
2
67
1
1
2
22
1
9
1
1
3
5
