1
67
2
12
3
40
2
10
1
3
8
2
3
49
3
2
1
36
1
12
2
32
2
9
3
44
5
14
3
49
5
13
1
11
5
14
3
37
12
1
3
4
18
6
2
40
3
2
2
42
2
3
1
6
1
11
3
23
17
4
1
27
2
8
1
4
8
12
2
12
2
12
1
18
9
7
1
9
14
2
1
65
1
12
3
60
4
11
3
67
27
8
3
32
6
5
2
13
3
9
1
49
2
13
2
9
1
4
3
40
1
3
1
45
1
2
2
13
2
10
1
28
2
7
3
23
11
14
2
55
3
1
3
66
4
10
1
26
2
5
3
44
2
3
2
63
2
10
1
32
1
8
3
66
3
5
3
7
1
7
3
22
11
7
2
14
3
5
2
43
5
1
3
26
10
14
2
27
2
3
3
22
2
5
1
2
2
7
2
71
1
11
3
12
6
8
3
26
6
9
1
31
3
5
3
9
4
11
1
28
1
2
1
1
2
7
2
41
3
7
2
60
3
3
2
31
4
5
1
37
2
12
2
71
3
13
1
54
1
5
1
5
2
7
2
16
1
14
1
14
9
14
1
30
5
11
2
39
4
12
1
52
2
8
2
42
3
2
3
11
4
8
1
34
11
2
2
3
1
10
3
36
11
13
2
5
2
2
1
42
2
9
3
55
5
4
2
54
2
10
1
15
4
13
1
55
1
5
1
63
2
1
2
40
2
11
3
61
4
3
3
68
2
3
3
63
13
4
2
37
4
14
1
42
1
13
1
38
2
13
1
68
3
5
2
17
3
6
3
2
3
1
2
29
1
6
2
44
3
12
2
33
2
9
2
45
3
2
1
16
1
8
1
41
1
2
3
1
7
4
2
4
1
2
1
29
1
6
3
36
8
9
3
39
4
7
2
45
1
4
1
34
2
13
3
60
16
9
1
52
3
13
1
39
3
11
2
44
4
3
2
65
1
8
3
6
3
4
1
22
2
14
3
30
1
7
3
31
6
8
3
53
8
11
3
18
12
13
3
33
7
13
3
17
13
4
3
45
4
10
3
28
10
14
3
10
18
12
2
68
3
12
1
12
7
10
1
26
3
3
2
37
3
5
2
36
1
14
1
49
1
13
3
42
2
11
3
39
6
9
3
38
4
7
1
61
2
10
1
41
3
3
2
39
3
6
1
13
9
11
1
17
4
7
2
12
3
10
3
29
12
6
1
11
2
12
3
2
8
5
2
61
2
1
2
6
2
1
3
41
3
1
1
40
1
14
2
23
1
14
1
60
1
6
3
45
5
5
2
34
1
9
2
53
2
5
1
53
2
2
3
67
2
14
1
35
2
6
2
15
3
8
2
10
2
8
2
23
3
11
3
52
6
7
2
17
1
3
1
63
1
5
2
49
4
3
2
6
3
7
1
29
3
3
1
31
4
2
3
14
4
4
2
11
1
2
3
5
2
11
3
68
10
9
2
52
2
5
3
6
4
7
2
53
1
12
3
38
1
4
3
18
3
9
2
67
2
10
3
1
9
11
1
14
5
10
1
5
1
7
2
15
1
1
1
15
1
1
1
6
2
4
2
47
4
6
2
1
3
8
1
36
3
5
2
66
2
14
2
66
1
6
3
35
6
8
1
47
3
1
1
7
2
3
3
25
8
12
2
63
3
1
3
42
4
14
2
38
5
6
2
9
3
10
2
7
1
2
3
8
5
5
3
16
2
10
2
4
2
12
1
61
3
4
3
54
2
10
3
25
3
4
3
30
15
14
3
32
4
9
3
47
10
4
3
3
3
3
3
16
4
10
2
33
1
6
1
47
2
7
3
29
3
11
3
27
17
13
1
4
7
10
2
43
2
1
1
65
2
5
1
23
3
5
1
53
1
13
1
71
1
3
1
67
1
7
3
54
1
3
3
53
3
11
2
5
3
9
1
45
2
7
3
14
25
8
3
35
1
12
1
9
6
6
3
13
1
9
3
55
17
12
3
65
1
11
3
71
4
2
3
43
2
11
2
61
3
10
1
66
1
5
1
17
11
3
1
37
1
7
1
32
4
9
2
29
2
11
3
43
5
2
2
30
5
5
1
43
2
4
1
8
9
14
3
34
4
4
3
5
1
8
2
35
1
7
2
67
1
13
1
66
2
14
3
10
25
10
2
47
1
8
3
37
11
9
3
28
5
4
2
22
2
10
1
8
7
12
3
41
2
7
2
26
2
9
2
65
4
11
3
15
8
7
3
27
15
5
2
34
2
3
2
18
1
4
1
30
18
2
2
10
1
10
2
14
1
12
2
68
1
14
2
8
1
3
3
31
1
9
1
35
1
5
3
61
10
9
2
32
1
6
1
10
4
4
2
41
1
1
1
22
1
6
1
60
2
3
3
13
6
14
1
33
2
5
1
39
1
11
1
16
2
6
2
35
2
9
2
11
3
1
2
7
2
3
1
40
3
10
1
2
7
4
1
68
2
9
2
3
3
14
2
26
4
5
1
25
3
13
2
25
1
5
3
71
5
7
1
43
3
11
2
8
3
5
3
33
10
3
3
11
3
12
1
44
2
8
2
52
7
7
2
49
1
9
1
27
1
13
3
47
5
5
3
7
2
8
1
54
3
5
2
28
3
13
1
12
14
3
1
18
4
10
1
1
3
12
3
34
9
3
1
7
9
14
2
54
1
7
2
2
2
14
2
36
3
6
2
22
1
8
1
23
1
1
2
31
1
5
1
10
2
5
3
9
30
8
3
8
2
1
2
1
2
8
2
38
1
8
3
63
6
5
2
60
1
2
2
18
4
7
1
71
3
8
3
4
26
2
2
2
1
1
2
30
4
5
3
52
2
11
1
38
1
5
3
65
11
10
2
55
1
6
1
44
4
11
3
15
1
6
1
33
8
11
1
13
4
11
2
28
1
4
1
3
9
7
2
27
1
10
2
16
3
6
2
25
2
6
3
12
4
1
1
55
2
5
3
17
5
3
1
25
2
9
3
3
6
2
