2
2
2
4
3
23
14
3
1
35
2
10
1
63
1
9
3
23
1
6
2
33
2
8
3
36
1
13
1
10
6
12
3
18
6
1
2
12
1
11
3
10
7
14
3
30
9
5
2
41
5
1
3
54
1
3
3
13
6
8
1
15
3
13
2
30
5
6
2
37
4
5
3
34
3
13
2
67
2
11
3
8
12
12
1
60
1
13
3
67
17
8
2
34
2
5
3
16
3
5
1
40
1
14
1
5
2
14
2
26
4
13
3
43
5
8
2
53
2
13
3
15
13
1
2
35
1
1
3
15
1
5
1
4
8
4
2
36
2
11
1
49
2
7
2
34
3
12
1
47
1
3
1
29
3
4
3
13
5
13
2
3
1
13
2
7
2
13
3
38
11
14
2
49
2
2
3
42
4
14
1
41
2
7
1
44
2
12
1
36
1
12
2
37
3
6
1
66
2
1
1
44
3
3
1
32
6
11
1
37
1
8
3
27
9
14
3
45
3
6
1
65
2
10
1
9
11
8
1
39
2
12
2
49
4
1
2
40
3
6
3
34
4
5
3
31
30
11
3
71
1
12
2
17
2
6
3
44
2
14
2
42
4
7
3
5
2
4
1
6
2
7
2
60
1
3
1
27
2
2
1
43
3
14
2
31
4
6
1
29
1
3
3
8
19
5
2
65
4
2
1
8
5
4
3
35
7
3
1
53
2
14
2
52
4
7
3
54
2
5
1
11
5
7
2
15
1
1
1
28
3
4
1
42
1
4
3
33
22
14
3
29
19
14
3
33
18
7
2
9
1
13
1
32
5
7
2
43
2
13
3
9
26
2
3
44
6
12
2
61
3
8
3
12
1
9
3
60
23
14
2
68
3
11
1
31
16
12
2
54
1
6
3
61
9
4
3
37
5
13
2
61
1
5
3
11
6
6
2
39
4
4
2
13
1
4
1
14
21
2
2
54
2
7
3
47
1
10
1
34
9
3
2
32
2
14
1
49
1
1
1
7
3
2
2
44
1
8
2
35
2
14
2
16
3
9
2
10
2
7
2
6
3
4
3
40
6
8
1
33
7
5
3
14
6
9
3
41
1
9
2
4
2
11
2
16
2
2
1
8
8
14
3
66
8
11
1
39
4
7
1
54
3
2
1
12
16
2
2
3
3
3
2
47
1
8
2
44
3
2
2
43
5
14
1
68
1
3
3
29
5
10
2
53
3
10
1
47
2
5
1
22
2
10
1
16
1
13
2
60
3
7
1
31
18
12
1
12
5
9
1
41
3
12
3
41
4
3
1
67
1
8
3
1
1
2
3
7
5
14
1
35
3
2
3
3
6
14
3
55
14
5
3
26
4
13
1
1
1
3
2
32
3
9
1
10
7
13
2
65
3
11
1
45
1
3
2
30
3
5
3
35
1
13
2
2
3
6
2
63
2
13
1
3
5
6
3
63
13
11
1
17
3
12
1
66
1
12
3
55
4
5
2
40
4
14
3
63
5
8
2
23
2
10
1
11
9
10
3
38
2
3
2
18
2
13
2
39
3
6
1
45
2
3
2
31
5
5
3
31
3
12
3
2
8
9
1
25
3
2
1
25
1
12
1
30
9
14
3
27
10
2
3
45
5
12
3
17
10
7
3
10
9
10
1
54
1
1
2
1
3
2
3
60
31
7
2
71
2
3
1
18
9
14
2
25
3
4
2
63
1
5
1
52
2
8
1
71
3
3
2
9
2
6
3
37
4
8
2
15
3
11
3
2
11
3
2
29
2
9
3
47
4
10
3
22
3
4
3
11
25
5
2
5
3
13
1
17
2
5
2
28
3
1
1
13
6
14
3
18
19
3
3
9
3
14
2
22
1
2
2
38
2
9
1
38
2
4
1
2
5
4
1
15
2
6
3
36
6
3
3
68
9
7
3
40
2
10
1
68
3
12
3
65
9
4
2
8
2
9
3
25
6
6
1
23
1
1
1
67
2
11
1
23
2
13
2
1
2
1
1
38
1
2
1
7
6
9
2
45
4
7
2
42
1
3
1
16
4
12
2
27
1
14
1
33
1
6
2
8
3
3
3
42
3
13
2
67
1
14
1
30
5
10
2
55
2
1
1
40
3
5
2
22
3
2
1
1
2
3
3
43
6
1
2
13
2
1
2
23
1
11
1
43
1
14
2
68
1
6
3
65
11
3
2
36
3
1
2
6
2
1
3
53
4
2
1
55
1
5
2
25
2
4
3
7
2
10
3
52
2
2
3
66
5
12
1
37
2
6
3
49
4
7
3
32
8
14
2
17
1
4
1
61
3
5
3
67
32
1
2
27
2
14
3
1
8
7
3
4
6
8
3
53
6
6
1
36
2
10
2
18
3
9
1
61
2
7
2
45
1
3
1
71
1
9
1
63
2
14
3
14
5
2
2
5
1
6
2
12
2
7
2
11
2
9
1
5
1
12
2
66
2
5
1
18
13
3
1
4
3
3
2
4
1
14
1
22
1
3
1
26
2
14
3
49
3
7
2
28
2
10
2
41
2
1
1
2
2
1
3
12
5
9
3
71
3
2
2
55
1
6
3
4
23
3
3
28
7
5
3
16
8
3
3
61
7
3
3
25
4
14
1
55
2
3
2
14
2
2
3
3
9
3
1
60
2
3
3
39
9
6
3
52
13
8
2
47
2
11
2
38
3
5
2
11
1
8
2
66
3
2
1
9
7
3
2
7
3
14
2
71
3
9
3
6
2
8
1
27
3
11
1
28
1
14
1
34
1
6
3
17
13
8
2
33
3
10
3
68
17
6
1
52
3
12
1
6
1
5
1
13
1
3
1
14
16
1
3
26
9
7
2
10
3
11
3
6
3
1
3
32
10
8
3
30
16
6
1
42
2
8
2
14
1
11
1
65
1
14
3
39
6
3
1
26
3
2
1
53
1
5
2
52
3
2
2
29
1
7
3
28
16
9
2
26
2
8
1
3
11
10
3
5
4
1
3
22
7
1
