3
13
6
5
1
27
2
13
2
37
1
2
3
68
12
11
3
3
10
8
1
34
10
11
1
14
1
12
2
27
2
4
1
47
2
9
2
1
3
13
1
18
7
11
2
38
1
3
2
37
3
4
3
45
5
6
3
41
1
11
2
63
1
11
2
54
2
2
2
1
2
7
2
31
2
11
3
1
9
3
2
5
1
4
2
47
3
8
2
41
5
9
3
15
2
11
2
2
2
11
2
68
4
7
3
33
12
3
1
71
2
1
3
35
7
1
2
10
2
11
2
52
1
12
1
8
16
11
3
44
9
3
2
29
1
10
1
44
1
7
2
71
2
8
3
25
5
1
3
14
5
9
2
4
2
1
1
33
5
7
3
33
21
8
2
16
1
12
2
11
3
8
3
11
13
11
1
25
3
13
1
63
1
5
3
41
4
2
2
17
3
13
1
30
11
6
2
11
2
8
1
43
3
10
1
60
2
3
3
30
15
3
1
26
3
10
1
65
1
13
3
7
3
11
2
43
4
8
1
9
8
1
2
14
3
13
3
22
3
12
3
68
9
6
3
28
12
8
3
43
1
12
3
2
8
2
2
60
4
2
3
53
2
1
3
4
10
9
2
67
2
13
3
60
4
9
2
5
3
2
3
18
12
11
1
71
3
7
2
49
2
1
3
5
4
9
2
42
2
8
2
60
2
9
2
52
5
11
1
7
2
10
3
25
4
11
1
41
3
9
2
45
4
7
2
35
3
6
2
12
3
1
3
52
6
12
3
52
12
8
3
40
1
5
3
35
1
9
3
34
3
4
1
53
1
9
2
30
2
14
1
54
3
10
1
4
3
12
2
53
3
1
3
23
18
13
2
2
3
13
2
30
1
5
2
47
4
14
2
23
3
1
2
25
2
5
3
54
1
3
2
10
1
1
3
32
2
11
3
17
6
9
3
8
8
13
1
29
2
10
1
17
4
7
3
55
7
8
1
36
2
9
2
7
3
7
1
16
2
14
1
6
2
9
3
54
2
1
3
47
1
5
1
47
3
11
1
63
2
12
2
39
3
7
1
45
1
4
2
33
2
11
2
27
1
10
3
31
30
3
3
9
21
13
2
44
2
2
2
28
1
5
3
49
4
13
1
1
1
14
2
43
2
6
1
10
6
8
2
16
2
11
1
61
2
6
3
61
11
9
3
6
5
10
2
14
2
6
2
39
4
7
2
61
3
12
1
23
1
9
2
36
1
6
1
18
5
3
3
45
6
9
2
4
1
12
3
1
5
2
3
2
7
4
2
33
3
12
1
36
1
1
3
3
4
7
1
42
2
14
3
49
5
9
3
6
2
4
2
32
1
11
3
29
3
11
2
9
3
3
2
12
2
9
2
6
1
7
1
14
13
6
1
29
3
2
2
44
3
10
1
39
2
11
2
40
3
9
2
22
2
12
3
13
8
11
2
32
3
11
3
11
8
3
1
45
2
7
2
13
3
2
1
15
3
12
1
53
2
6
2
40
1
4
3
10
22
11
1
34
4
10
2
42
3
14
3
43
8
6
2
65
4
1
1
5
2
13
1
37
2
9
2
26
3
8
1
8
17
12
3
38
1
3
3
37
8
11
1
2
6
5
1
27
3
8
1
49
1
3
3
10
25
8
3
18
22
2
1
67
3
3
3
37
4
4
2
22
1
9
2
15
2
9
3
23
6
4
2
68
1
3
2
9
1
10
3
63
10
2
1
26
2
8
1
54
1
5
3
44
5
8
3
71
3
9
3
28
7
7
2
41
4
13
2
31
4
12
2
25
1
6
3
12
5
10
1
16
6
6
2
34
3
14
3
14
14
3
3
8
16
10
1
30
2
13
2
23
2
4
1
3
5
1
3
67
30
9
3
42
4
5
3
15
16
4
2
49
1
9
3
22
9
2
1
60
1
2
2
66
2
7
1
35
4
7
1
43
2
11
1
67
2
14
3
27
16
13
2
3
1
5
1
22
2
1
1
38
2
7
2
54
1
8
2
29
2
6
2
28
2
9
2
38
3
11
3
31
25
3
3
32
8
2
3
39
10
4
1
1
3
6
1
55
2
10
3
9
29
3
3
39
8
2
2
6
2
4
2
18
4
12
3
16
5
14
2
67
1
10
3
65
18
1
1
55
1
14
1
13
8
9
2
71
1
3
3
63
12
10
1
32
7
11
1
33
3
9
3
26
3
2
3
12
2
3
1
12
18
11
3
7
5
13
2
36
2
12
2
53
1
11
3
36
14
3
1
22
1
6
1
12
11
2
3
34
5
5
1
66
2
4
1
17
1
9
1
37
1
6
2
35
2
8
3
38
2
5
1
5
1
1
1
65
2
1
1
40
3
8
1
68
3
3
3
16
4
5
3
66
5
1
1
40
1
9
1
25
1
2
1
2
7
14
1
11
5
6
3
47
9
7
1
68
1
9
3
53
3
14
2
55
2
14
3
27
7
8
1
66
1
3
2
8
3
3
2
13
1
3
3
26
11
9
3
67
34
12
1
61
3
7
2
34
2
14
3
65
3
12
3
30
18
10
1
15
1
8
1
28
1
1
2
3
2
10
2
8
1
13
1
32
3
8
3
60
23
9
1
39
3
12
1
11
1
11
1
38
1
11
1
52
3
10
3
5
2
6
1
6
1
7
1
44
2
13
2
61
1
6
2
65
3
6
2
63
2
6
3
4
21
2
3
17
8
8
2
7
2
13
1
7
6
8
2
17
2
12
3
61
9
8
1
28
2
2
3
42
3
3
3
36
7
13
2
18
2
2
1
49
2
5
1
10
7
9
3
55
14
7
1
31
18
4
2
26
2
1
1
13
2
9
1
41
1
14
1
3
8
9
1
42
1
11
3
29
18
5
1
35
1
12
2
55
1
6
2
45
3
1
2
15
3
14
3
71
2
8
3
40
2
1
1
9
4
4
3
66
1
6
2
66
1
1
1
31
10
6
1
4
7
11
1
52
2
2
1
23
2
2
