3
53
4
12
3
13
3
12
3
32
4
10
1
47
1
5
3
13
6
2
3
63
9
5
1
15
1
8
1
49
1
14
2
44
5
4
3
67
24
3
1
29
1
6
3
12
3
7
1
3
2
1
2
6
3
14
1
39
2
4
3
8
6
10
3
44
6
2
1
71
3
12
1
22
1
1
3
36
13
8
1
31
2
2
1
28
3
13
3
37
8
3
2
49
2
7
1
26
1
6
1
61
1
3
3
49
5
13
2
71
3
12
3
38
11
6
2
16
1
2
2
29
1
2
2
35
2
12
1
7
10
14
3
63
7
11
1
9
7
6
3
27
16
7
3
1
7
3
3
9
25
14
1
15
3
4
2
15
1
1
3
49
6
10
1
16
6
7
2
45
3
2
2
23
2
10
3
29
12
6
2
25
1
7
1
68
1
13
3
28
14
5
2
28
3
6
2
39
4
5
3
6
5
14
2
3
1
6
3
44
1
11
3
5
3
11
1
45
1
12
3
14
21
7
1
61
3
3
3
68
9
8
2
23
3
3
1
60
2
14
2
66
3
12
3
53
5
5
3
7
5
8
2
1
3
14
2
31
3
5
3
66
7
3
2
61
3
3
3
31
11
14
3
33
20
7
3
17
5
6
1
44
4
7
3
3
6
6
1
41
3
1
3
14
18
2
3
18
23
10
3
4
21
5
1
63
2
3
2
52
5
5
2
2
1
13
1
16
5
13
1
12
12
13
1
53
2
6
2
49
3
1
1
71
1
10
1
22
3
1
2
17
3
9
2
14
3
7
2
47
1
10
2
30
1
12
1
37
2
14
1
28
2
7
2
34
3
3
3
5
1
6
1
8
2
3
1
40
3
1
2
10
1
14
3
66
1
13
2
14
2
7
3
40
4
5
2
3
2
5
3
30
11
2
3
34
10
4
1
1
2
1
2
67
1
11
3
34
3
10
1
65
1
9
1
53
1
7
3
1
10
12
2
15
2
7
1
23
2
8
1
26
2
1
2
31
1
1
2
9
1
10
3
71
1
14
1
39
3
3
1
55
2
11
3
9
3
3
1
52
3
1
2
17
1
9
3
8
16
11
2
16
2
12
1
38
1
8
2
60
1
5
3
28
7
5
1
63
1
10
2
36
5
2
1
32
5
12
3
60
30
7
2
34
1
5
3
47
7
13
3
2
4
2
1
54
1
6
1
33
7
11
1
18
12
6
3
45
7
13
1
36
3
4
2
65
3
11
1
68
2
12
2
5
2
8
2
40
2
4
2
40
3
8
1
11
1
10
3
54
2
1
3
52
4
13
1
38
3
7
2
53
3
8
2
7
3
11
2
33
1
1
1
29
2
8
1
27
2
13
3
41
2
12
3
67
8
8
3
41
3
8
3
65
18
11
1
12
5
3
3
43
4
9
3
40
1
1
2
10
2
10
3
18
21
4
2
4
1
9
2
28
2
7
1
37
1
6
2
47
2
5
1
67
2
8
1
2
2
1
2
27
3
6
2
22
1
10
2
66
1
11
3
27
11
3
2
8
2
9
1
32
4
5
2
39
2
11
2
37
4
4
3
25
2
6
1
60
1
7
2
60
4
3
1
17
15
7
1
65
2
9
3
60
27
1
1
41
1
4
3
65
9
13
3
16
2
14
1
7
2
11
3
45
5
12
3
39
6
8
2
12
3
14
3
35
6
6
2
54
2
2
3
26
5
9
2
32
3
12
2
26
1
2
1
43
2
13
2
52
3
2
3
61
5
12
3
36
6
4
2
33
2
2
2
35
1
10
1
4
6
3
1
25
3
10
2
2
3
12
2
9
2
3
3
55
7
3
3
68
13
7
2
71
1
7
1
52
2
7
1
25
1
7
2
63
3
8
1
30
21
12
3
31
16
10
3
23
10
4
2
37
3
10
2
8
1
10
3
7
3
7
1
23
1
12
3
39
1
2
1
3
11
11
2
26
4
3
2
32
2
4
2
18
4
10
2
6
2
4
3
10
4
1
2
65
4
11
1
34
11
10
3
52
8
9
3
30
21
11
2
68
3
13
1
40
2
6
1
14
9
5
3
11
13
10
3
38
6
3
2
63
1
11
3
10
13
12
1
5
1
3
2
18
3
8
3
26
1
5
3
16
6
10
1
49
2
13
1
6
1
14
1
42
1
7
3
22
6
10
3
15
8
4
2
36
2
12
2
44
1
8
3
54
1
6
2
43
3
8
1
42
2
9
3
71
5
10
3
29
3
5
1
66
3
11
1
17
10
11
1
2
4
3
2
41
3
7
1
34
1
5
3
55
11
13
1
55
1
10
3
11
3
4
3
33
8
1
2
55
1
12
2
1
1
5
2
38
4
12
1
27
1
1
3
15
12
1
1
9
3
8
1
10
6
13
3
6
6
14
1
18
15
7
1
4
4
8
2
7
1
7
2
13
2
12
2
25
3
3
3
61
10
6
1
6
2
12
1
44
3
5
3
2
8
10
1
36
1
13
2
42
3
3
1
54
2
2
2
55
3
8
2
67
2
14
1
1
3
1
2
5
1
8
3
12
4
4
3
22
5
9
2
13
1
5
1
11
5
9
2
22
2
14
3
37
9
8
2
30
3
12
1
10
2
7
1
35
4
8
2
4
2
12
1
67
3
7
2
42
2
9
1
66
2
5
2
11
1
13
3
43
3
12
2
45
4
8
2
68
4
1
2
41
2
6
1
5
2
7
1
33
1
7
2
38
2
3
2
61
1
5
1
35
3
13
1
13
6
7
2
27
1
14
2
54
1
3
2
12
2
13
1
45
2
6
3
17
3
2
1
43
1
1
2
53
2
6
1
47
2
10
3
42
4
11
1
14
15
11
3
35
3
4
1
31
7
12
2
11
2
8
3
3
5
14
3
4
7
4
3
25
4
9
1
30
5
1
1
8
16
9
3
23
5
2
3
42
3
6
2
43
4
9
1
13
1
5
2
29
3
7
3
47
8
2
3
32
10
2
