3
68
1
6
3
5
3
5
3
3
7
5
2
10
1
10
1
14
14
3
1
15
5
11
2
4
1
2
1
67
2
9
3
61
9
3
3
53
2
10
1
37
1
14
3
31
26
6
1
52
1
13
3
44
5
9
1
12
1
10
1
35
1
13
2
26
2
12
2
16
2
8
2
10
2
2
2
28
1
6
2
5
1
1
1
47
1
1
2
26
1
1
3
25
1
1
2
52
4
6
2
55
3
7
3
25
3
10
2
54
1
6
3
63
12
4
1
8
13
7
1
42
2
2
2
65
1
6
3
38
1
12
2
71
3
14
1
10
6
10
2
43
1
5
3
17
12
7
1
55
1
5
1
60
1
1
1
55
2
10
1
14
16
7
3
71
1
1
2
53
1
2
3
11
11
4
2
1
2
4
3
11
23
7
1
23
3
8
1
1
1
3
1
15
3
7
2
29
2
11
3
65
5
10
1
43
2
7
3
9
17
1
3
18
1
5
3
42
3
2
1
10
8
2
3
33
5
8
1
44
2
3
2
47
3
13
2
30
2
7
3
30
15
7
2
27
2
2
1
36
2
14
1
18
4
5
1
9
11
3
1
63
2
11
1
49
2
3
1
2
3
1
3
28
5
13
3
2
10
7
2
16
1
11
1
31
2
6
2
33
3
14
1
34
9
13
3
39
8
1
2
28
3
8
3
49
6
8
2
37
4
5
3
37
12
1
3
5
5
8
2
14
3
14
2
1
1
8
1
13
1
9
3
60
16
3
3
52
9
3
2
3
3
14
3
23
4
2
2
6
3
11
2
71
1
4
1
33
7
8
1
67
3
14
3
40
3
7
2
35
3
12
1
12
14
13
3
16
2
5
3
55
4
10
1
44
3
12
2
11
3
2
1
25
1
1
2
35
2
10
3
54
1
12
1
7
7
14
2
13
1
13
2
22
1
9
3
67
36
5
3
41
4
1
2
40
4
12
3
12
3
8
3
8
5
13
2
66
2
6
2
32
4
11
2
12
3
4
2
18
3
7
1
9
8
7
3
8
18
9
2
37
2
2
3
27
12
3
3
63
2
9
3
68
4
14
2
4
2
13
2
8
1
6
3
10
6
4
1
18
7
10
2
34
3
13
1
43
1
8
3
26
8
6
3
47
8
1
3
31
27
8
1
11
9
3
1
36
1
8
2
67
2
8
2
31
2
14
2
41
3
3
3
12
4
8
1
47
3
9
3
45
3
6
3
32
4
4
1
11
4
3
2
36
3
13
1
61
2
4
1
17
4
9
1
38
3
6
3
41
3
13
1
49
1
9
3
53
6
10
3
43
4
1
1
53
1
5
1
53
2
2
3
66
6
8
2
42
1
4
1
61
1
10
2
2
2
2
3
22
12
1
3
32
8
2
2
55
1
4
1
7
11
3
3
28
6
4
2
29
1
2
3
52
11
9
3
66
3
13
3
10
24
7
1
27
2
9
2
61
2
5
1
8
4
7
2
31
4
3
1
28
2
6
3
4
11
11
1
65
1
1
1
3
11
8
2
5
2
3
1
5
2
6
1
41
1
9
1
39
2
9
1
30
10
13
1
63
1
4
1
6
1
5
2
41
1
13
3
35
8
7
3
44
2
5
2
63
3
10
2
25
1
14
3
65
9
11
3
34
11
7
1
28
3
12
3
27
8
10
1
2
2
2
1
37
2
7
1
52
3
7
2
39
4
7
2
38
3
13
1
38
2
3
3
47
1
14
1
45
2
7
2
13
3
11
2
23
3
3
3
33
11
10
1
68
2
3
3
38
11
7
3
36
8
14
2
14
1
6
2
36
4
10
2
7
3
8
2
43
3
1
2
68
2
3
2
38
2
5
3
71
3
3
2
49
1
9
1
68
1
6
3
6
3
1
1
26
2
11
2
40
1
5
1
25
3
2
3
4
10
13
2
32
3
9
1
41
2
7
1
26
1
13
1
30
3
10
3
18
21
5
2
60
3
13
1
22
1
13
1
29
3
12
1
29
1
6
2
25
3
8
2
22
3
13
2
15
3
7
2
34
2
9
2
6
2
8
2
7
2
4
1
66
1
11
1
22
2
6
1
33
3
10
1
34
5
1
2
30
1
8
2
11
2
7
3
3
5
5
3
54
2
8
3
15
16
9
2
8
2
8
3
60
10
1
1
65
2
8
1
27
3
5
3
22
1
9
3
9
14
7
3
2
11
9
3
40
2
5
1
4
4
5
1
35
2
8
2
54
2
10
2
3
2
6
3
16
5
2
3
61
11
14
1
71
3
8
3
45
7
13
1
71
1
13
2
45
4
11
3
13
6
5
2
60
2
14
2
12
1
3
3
14
1
4
3
42
1
10
1
32
5
8
2
17
2
14
3
7
1
4
3
29
14
2
2
53
2
14
1
4
3
8
1
40
2
14
3
37
5
2
1
1
3
8
1
66
2
11
3
7
2
14
2
47
1
14
3
67
32
8
1
17
12
3
1
6
2
7
1
16
5
10
3
39
7
3
3
6
6
2
2
33
2
4
1
39
3
14
3
55
9
3
3
36
13
7
2
44
2
7
2
27
3
4
2
61
1
6
2
17
1
3
2
9
1
1
3
17
4
4
2
49
4
6
3
23
18
8
3
1
5
1
1
32
6
5
1
54
3
1
2
15
1
11
1
3
7
3
1
31
7
6
2
52
3
12
3
29
17
10
2
42
2
9
3
35
4
12
2
44
1
2
2
45
2
2
2
2
1
3
3
49
8
4
3
26
10
6
1
23
2
3
2
65
2
10
1
45
1
5
1
13
5
5
2
18
1
5
3
43
1
12
1
54
2
1
2
66
3
10
2
9
2
14
1
60
2
9
2
63
2
14
2
23
1
1
1
40
3
8
3
34
10
4
2
39
3
5
3
14
7
14
2
67
1
11
3
15
1
13
1
5
1
6
2
68
3
12
3
13
7
14
1
42
1
9
1
16
1
14
3
1
4
7
3
30
4
9
