3
30
5
4
2
4
1
2
3
61
9
11
2
30
1
11
1
26
3
5
2
8
1
1
2
39
3
1
1
10
3
8
3
36
2
12
1
55
2
3
3
66
1
3
1
7
3
12
3
22
7
14
3
12
2
9
1
29
3
5
1
35
3
10
3
10
9
14
2
17
3
3
3
43
6
1
1
65
1
8
3
13
6
4
1
36
2
1
2
18
1
5
1
60
2
8
2
63
3
11
1
52
1
10
1
42
2
2
2
23
2
5
3
22
11
2
3
4
5
2
3
3
1
4
3
1
6
3
2
31
5
3
2
22
2
10
3
27
8
3
1
68
1
13
2
11
2
4
3
52
5
7
1
6
1
7
3
45
2
12
2
9
1
1
2
55
3
8
3
23
18
5
2
2
3
9
1
18
4
7
2
66
3
10
3
38
1
10
2
54
1
9
3
7
4
12
2
37
3
14
2
5
2
1
2
11
3
9
2
36
5
14
3
67
18
10
2
22
3
4
3
4
26
14
1
2
4
2
2
14
2
12
1
40
3
2
1
27
1
4
1
25
2
8
1
55
1
14
3
15
3
8
2
29
2
11
1
67
3
14
2
7
3
3
3
11
4
2
3
47
4
14
3
14
2
3
3
65
13
1
2
13
2
1
3
60
20
3
2
25
2
4
1
25
3
2
3
42
3
8
2
52
7
6
2
26
4
2
3
16
1
4
3
63
13
4
2
3
1
7
1
41
1
3
2
27
2
8
1
34
6
8
1
12
11
2
3
9
13
1
2
60
1
12
3
61
1
10
2
12
3
14
3
53
5
12
2
71
1
3
1
63
1
8
1
47
1
13
3
36
9
8
1
61
1
8
3
16
8
12
3
68
1
11
1
49
1
12
1
60
1
2
2
47
1
12
1
22
1
1
1
30
9
6
3
25
5
10
2
37
4
4
2
28
3
13
2
39
4
13
3
47
8
3
3
44
9
3
3
17
4
4
3
8
13
5
3
31
5
13
3
6
4
11
2
67
2
1
1
10
8
12
2
66
2
3
2
54
2
9
2
15
1
3
2
23
3
10
3
49
6
5
2
5
3
3
1
54
2
11
1
39
2
6
3
67
21
6
2
26
3
5
2
40
1
5
1
5
1
5
2
43
2
5
1
12
17
5
3
28
13
10
1
3
7
1
2
33
3
8
2
15
3
8
1
47
2
14
1
1
1
9
2
8
3
8
2
47
4
14
3
45
5
9
1
32
2
10
3
32
4
4
3
15
6
1
3
37
11
4
1
45
1
4
3
33
12
14
3
18
7
14
1
67
2
11
2
6
3
8
3
71
2
12
3
33
14
4
1
53
2
3
1
16
1
6
3
28
5
14
2
16
3
13
2
17
1
1
3
54
1
12
3
55
10
8
3
9
30
6
2
44
5
4
2
65
1
11
1
2
1
6
3
5
1
13
1
18
10
1
3
54
2
9
2
29
3
11
2
45
4
2
2
42
3
4
1
29
1
3
1
27
2
4
1
61
3
2
2
53
2
8
1
9
14
3
2
53
3
3
2
45
1
11
2
35
2
14
1
44
3
10
3
35
5
14
3
71
4
13
1
66
3
12
3
66
9
7
1
15
2
13
1
22
3
4
3
7
3
14
3
26
7
9
3
29
9
14
2
52
3
9
1
35
1
1
3
14
18
3
1
23
2
12
2
38
1
3
2
16
2
14
1
33
2
4
1
53
1
8
1
14
17
5
1
15
4
12
2
30
3
5
1
42
1
5
2
6
1
9
2
18
2
5
3
32
10
5
2
35
3
2
3
55
12
2
3
3
6
14
1
52
2
14
2
40
3
7
1
37
1
9
2
4
3
4
1
54
1
13
1
3
6
12
2
36
4
14
2
33
2
8
3
25
1
5
1
65
2
14
3
12
5
5
3
41
2
10
2
1
3
3
3
53
1
2
1
30
14
6
2
12
1
8
2
65
3
8
3
60
4
9
1
31
8
12
1
37
2
14
3
13
7
14
2
10
3
11
3
40
6
10
2
43
4
6
2
67
1
8
1
31
4
14
2
61
1
8
3
43
4
14
3
40
4
3
1
68
2
10
2
1
2
2
2
14
3
5
3
65
12
7
2
63
1
10
1
8
13
8
3
10
11
11
2
44
1
14
1
36
1
12
3
6
1
12
2
68
3
8
2
41
2
8
3
5
3
10
1
17
9
5
2
41
4
1
3
39
2
10
1
66
2
8
1
33
1
6
1
43
3
8
1
39
3
6
2
9
2
1
2
34
3
9
1
5
2
3
3
44
6
1
1
4
5
2
2
25
3
9
1
71
2
12
3
26
5
1
1
4
3
9
1
11
6
10
1
16
3
13
1
28
1
13
1
28
3
7
1
6
2
4
3
8
3
14
1
13
7
11
1
1
2
11
3
42
4
6
3
23
16
11
3
35
2
4
1
13
6
14
3
34
10
3
1
45
2
13
3
63
4
9
2
34
2
2
3
41
4
11
3
18
10
13
3
38
10
7
1
40
2
2
2
68
1
2
3
1
9
10
3
39
1
14
1
7
2
7
3
68
17
9
2
10
2
8
1
14
15
5
3
49
4
7
2
61
2
4
2
32
4
12
1
34
5
12
2
2
1
8
1
26
2
12
2
55
2
10
1
9
13
9
1
44
4
7
3
29
13
10
3
2
1
13
1
38
1
13
3
30
24
10
2
27
3
7
3
2
12
7
2
49
1
13
2
42
1
11
1
49
2
13
2
71
2
8
3
37
4
1
1
71
1
2
1
32
1
3
3
17
5
8
1
8
9
1
3
27
10
12
2
38
4
4
3
52
9
6
1
11
1
8
1
41
3
4
1
38
3
14
1
17
7
5
2
60
4
1
2
31
3
5
3
31
20
7
3
34
8
13
1
63
2
10
2
7
1
10
2
3
2
4
1
23
3
5
1
43
2
10
2
28
1
11
2
49
3
2
2
13
1
8
3
11
1
2
2
32
3
7
