1
5
1
2
2
10
2
4
1
14
1
14
1
8
4
7
3
47
3
11
2
29
3
11
3
25
8
4
3
35
1
4
1
15
5
14
3
18
13
13
1
63
2
5
3
1
10
3
2
47
2
10
2
42
4
9
3
33
11
12
2
65
4
10
3
41
2
14
2
7
3
6
3
13
9
12
3
28
7
6
1
38
3
7
2
44
4
10
1
5
2
5
2
5
1
2
3
53
7
5
1
43
1
1
2
6
3
4
1
4
1
4
1
17
14
8
1
53
2
6
3
30
26
3
3
66
1
2
1
41
2
7
1
66
3
10
1
37
1
8
1
25
1
6
2
16
2
5
3
40
1
13
3
17
2
11
1
9
14
4
2
30
1
5
1
35
1
6
2
1
1
7
1
6
1
9
2
54
1
8
3
35
8
7
3
66
9
10
3
71
5
13
2
49
1
8
2
55
3
8
3
63
6
13
1
52
2
13
1
12
12
11
1
29
2
9
1
26
3
1
2
60
4
3
1
9
9
2
3
7
4
9
2
52
4
11
1
65
2
14
1
10
7
7
2
71
1
12
3
12
5
11
3
68
10
3
1
10
8
12
3
14
17
13
1
18
4
3
1
71
3
3
1
11
2
2
1
43
2
6
2
33
3
8
3
26
10
2
3
61
1
5
2
34
1
6
1
28
3
9
3
18
24
10
2
25
1
14
1
37
2
13
1
12
11
7
3
52
9
5
1
67
1
4
2
16
3
6
2
63
1
14
1
60
1
11
3
15
7
12
3
11
14
13
2
71
2
4
2
45
4
6
2
10
1
11
1
33
1
3
1
47
3
5
2
61
2
13
1
28
1
1
2
35
2
8
2
45
3
14
1
23
1
9
1
61
2
10
2
35
1
3
2
28
1
4
2
52
1
3
1
36
3
8
2
14
3
10
1
17
1
10
1
61
1
10
1
35
3
14
1
6
2
6
2
4
2
6
2
36
4
1
2
38
2
9
2
63
3
3
3
39
2
8
3
65
7
2
2
31
2
6
1
44
3
2
1
38
1
1
2
5
3
7
2
2
2
4
2
3
3
8
1
66
1
1
3
7
5
4
2
68
2
8
3
43
1
12
3
34
1
14
2
47
1
12
2
11
1
4
1
54
2
11
2
27
2
2
2
32
2
6
3
45
2
10
3
10
16
9
3
26
2
10
2
26
2
7
2
18
1
3
3
30
5
10
2
27
1
6
1
39
3
8
3
23
8
4
1
31
1
12
2
13
1
11
3
25
2
9
3
16
5
3
1
34
10
11
1
13
5
8
2
39
4
6
3
27
16
6
1
27
3
14
1
44
4
5
2
36
5
11
3
45
3
9
1
54
1
11
1
22
1
10
1
1
3
2
1
55
2
8
2
17
2
3
2
40
4
7
3
39
4
4
1
32
5
6
1
52
3
4
3
11
3
5
3
37
3
2
2
30
3
2
3
44
2
5
1
71
2
1
2
25
3
13
1
60
2
13
2
38
1
5
3
2
2
11
2
67
2
6
2
67
1
7
1
2
7
1
3
63
13
7
1
15
4
2
2
55
1
10
3
15
16
5
1
68
3
11
1
53
1
10
1
45
2
10
2
11
3
13
2
28
2
12
3
68
4
8
1
49
1
14
3
42
4
7
1
30
17
10
2
66
3
7
2
37
3
5
3
53
4
1
1
40
2
2
2
65
1
14
2
29
1
7
3
12
6
5
2
2
3
5
1
25
3
1
1
11
11
6
2
22
1
7
2
44
3
12
2
31
3
12
3
10
18
8
3
23
11
14
2
39
1
9
1
42
2
13
3
22
11
11
3
29
11
3
3
14
4
3
3
60
15
6
2
9
2
14
3
9
17
8
2
15
3
4
3
71
3
14
3
36
9
4
1
8
2
10
1
3
7
14
3
16
4
13
2
1
3
1
3
28
12
14
3
60
5
9
3
36
4
6
1
55
1
10
1
29
1
5
3
2
9
7
3
38
8
13
3
38
10
13
1
13
2
7
3
55
15
2
2
6
2
10
3
34
8
5
1
68
1
6
2
14
1
5
3
31
7
1
3
52
13
13
1
3
3
4
2
34
2
14
2
8
2
7
3
54
2
14
2
66
1
12
1
18
1
10
3
49
5
10
1
31
18
1
3
3
10
1
2
4
3
10
3
67
10
10
2
54
2
6
1
30
12
11
3
33
21
1
2
42
2
1
3
54
1
1
2
12
2
8
1
40
3
1
3
5
3
8
3
3
2
4
3
55
7
2
2
32
3
8
1
45
1
8
3
8
4
13
2
23
2
1
1
16
3
8
2
15
2
9
3
4
27
5
1
1
1
2
1
39
4
11
2
8
1
4
2
49
4
2
1
32
1
4
3
37
4
1
3
41
4
9
3
6
4
10
2
40
1
13
2
23
3
1
3
22
2
1
2
43
2
5
1
41
3
3
1
7
2
5
2
18
3
9
2
9
3
5
1
49
2
5
3
27
1
5
1
27
1
6
2
41
4
12
3
61
4
5
2
17
1
2
3
29
7
12
2
3
1
6
3
65
1
14
3
43
6
10
2
37
2
6
1
36
1
8
3
67
8
9
3
13
1
7
3
40
4
8
2
41
2
11
2
43
1
8
1
4
6
9
3
32
11
4
1
47
2
10
3
17
1
4
1
33
2
6
1
23
2
4
2
68
4
14
3
5
4
10
1
65
1
5
2
33
1
3
1
2
5
13
3
8
8
5
2
26
3
12
3
44
5
4
2
7
1
5
2
53
1
11
2
22
3
9
3
49
4
12
3
32
2
5
1
7
10
7
1
34
4
4
3
9
7
6
1
42
1
6
3
6
1
11
3
42
1
2
2
61
3
9
1
16
4
10
2
12
3
6
1
67
3
4
3
1
2
12
2
60
1
11
3
4
16
11
3
31
19
3
2
13
3
3
1
63
1
6
1
14
12
14
1
22
2
4
2
53
2
10
3
47
2
2
1
26
1
14
