3
17
13
7
1
29
3
6
3
34
10
4
1
12
1
5
2
61
2
10
2
55
3
11
2
49
3
10
2
26
4
13
1
8
3
6
3
8
11
4
2
16
1
1
1
22
3
1
1
26
1
1
2
63
2
12
1
41
1
10
2
71
1
7
3
36
1
10
2
8
3
5
3
6
2
8
1
15
1
12
3
41
3
10
3
43
4
2
1
39
3
11
2
66
1
5
3
12
1
8
3
26
7
6
3
32
10
7
2
17
1
12
3
2
6
12
2
32
3
6
1
66
1
1
2
22
3
4
3
52
18
7
2
30
5
13
2
25
2
14
3
49
8
14
2
38
2
3
1
17
16
8
1
33
5
5
1
65
1
10
3
40
4
13
3
35
1
5
3
29
14
14
1
34
9
4
3
32
6
7
3
43
6
8
3
27
13
14
2
18
4
12
1
47
3
5
2
36
1
10
2
8
1
11
1
63
1
3
2
10
2
6
3
23
16
7
2
2
2
3
1
44
4
12
1
31
3
13
1
36
1
11
3
61
3
8
1
6
2
12
2
54
1
4
3
16
2
7
1
41
2
10
2
23
3
6
2
44
5
3
3
16
1
13
2
27
3
1
3
28
9
6
3
45
3
6
1
6
1
10
2
34
2
10
2
10
1
6
3
67
38
12
1
4
3
1
1
12
7
2
2
28
1
12
1
7
2
4
3
61
7
6
3
27
14
9
2
37
4
5
2
27
1
6
2
67
1
5
1
52
3
7
2
30
2
4
3
5
4
7
3
7
2
10
3
23
5
3
2
41
5
6
2
15
3
5
1
32
3
7
2
40
2
2
2
52
2
6
1
67
2
13
3
33
3
13
1
25
3
1
2
60
3
5
1
16
4
14
1
4
1
6
2
16
2
4
3
36
13
14
1
55
1
13
2
23
2
3
3
2
3
12
2
53
2
10
2
45
3
14
3
28
11
7
1
13
6
12
3
35
3
1
3
37
12
2
2
47
4
1
3
47
4
2
3
55
16
14
2
1
3
5
3
15
10
2
2
17
2
3
2
67
2
4
2
52
4
10
2
11
3
2
3
18
14
13
1
40
3
10
1
42
1
5
3
38
1
2
3
8
1
7
2
39
1
8
1
66
2
5
2
2
3
11
3
38
10
2
2
53
1
13
1
55
2
3
3
41
4
1
1
9
11
9
2
1
1
7
1
11
9
7
3
9
21
10
2
49
4
8
1
49
2
9
3
13
3
11
2
18
3
10
2
33
3
1
2
68
3
11
1
2
4
6
2
5
1
8
2
65
2
11
2
7
2
2
2
6
3
12
1
38
2
3
1
18
6
14
1
15
5
4
1
38
3
10
3
4
2
10
1
8
8
6
1
17
9
9
1
26
3
5
1
34
1
4
1
61
1
14
1
1
3
6
3
3
4
12
2
68
2
12
3
11
17
2
3
4
4
1
1
36
2
13
1
5
2
10
3
71
1
5
2
33
1
4
3
63
5
13
1
67
3
14
1
54
2
5
1
53
1
3
1
40
1
13
1
42
2
8
3
14
9
12
2
44
2
6
1
71
1
2
3
26
9
7
1
10
4
7
1
3
5
12
3
14
6
14
2
71
3
13
1
22
2
8
2
9
3
12
2
13
3
4
2
4
1
3
2
12
2
10
3
66
6
9
3
34
4
7
3
49
3
8
3
52
9
2
2
43
5
8
3
13
9
5
3
54
2
10
1
30
14
10
1
7
6
8
1
23
3
2
2
41
3
12
1
60
1
9
1
63
2
14
3
44
3
8
2
61
1
11
1
68
1
10
1
39
1
9
1
54
3
3
1
45
1
2
1
71
2
12
3
3
2
11
1
35
3
13
1
10
2
7
2
12
3
5
2
31
3
3
1
68
2
2
1
31
10
8
1
33
2
5
3
22
4
7
1
25
1
8
1
13
1
7
1
5
1
6
3
65
12
6
3
60
18
13
2
9
2
1
1
53
2
10
3
54
1
9
2
40
3
5
3
12
3
11
2
63
1
6
1
2
3
8
3
68
10
13
3
71
2
10
3
7
5
9
1
1
2
2
2
5
3
3
2
22
1
7
1
16
3
3
1
3
1
12
1
43
1
4
1
11
2
11
3
10
13
14
2
39
2
13
2
66
2
9
1
60
2
8
2
36
2
10
2
31
5
4
3
30
18
5
3
60
27
5
3
22
6
12
3
66
1
10
2
60
4
4
2
13
2
9
2
42
2
9
2
4
3
1
2
14
1
13
3
45
5
2
1
52
1
12
1
44
3
13
3
37
11
6
1
28
3
14
1
27
2
13
1
14
8
13
3
30
20
4
3
47
9
10
3
42
3
7
2
14
2
6
3
31
8
14
1
30
19
6
2
42
4
6
1
65
2
3
3
5
5
2
2
37
1
1
1
27
1
10
3
40
2
3
3
17
15
4
3
1
1
10
2
38
4
11
3
39
1
14
1
18
15
4
2
3
3
10
2
29
3
6
2
25
1
13
3
11
25
5
3
53
5
14
3
29
19
11
2
35
2
5
2
28
3
13
2
11
2
12
3
33
6
9
2
3
2
3
3
31
4
4
3
10
21
11
3
18
17
11
3
25
6
6
1
9
1
11
3
65
1
1
1
47
2
11
2
47
2
6
2
29
2
3
1
23
1
5
2
54
2
6
2
6
1
10
2
15
1
2
2
43
1
8
3
42
4
6
1
37
2
4
3
39
2
5
1
49
1
7
1
14
11
11
3
67
35
10
3
9
14
8
2
55
1
14
2
26
1
5
2
65
3
6
3
6
6
1
3
53
7
13
1
35
1
11
3
63
4
9
3
1
5
2
2
34
3
11
2
45
1
4
3
25
1
6
1
43
3
4
1
28
2
10
3
55
1
13
2
35
3
3
3
68
11
2
2
32
4
7
1
37
1
9
2
7
3
8
3
15
9
8
3
44
2
12
1
32
6
9
1
45
2
9
1
29
2
9
1
61
2
2
