3
27
3
1
2
10
1
4
2
30
3
4
2
34
3
4
3
42
1
11
1
29
3
2
2
13
1
11
2
35
3
10
1
4
6
3
1
38
2
9
1
22
3
10
1
23
2
2
1
61
2
10
2
9
2
6
2
14
2
14
2
60
1
8
2
18
1
7
2
39
3
11
3
32
12
9
1
60
1
7
3
65
19
5
2
29
1
5
3
63
2
12
1
28
1
4
1
43
3
12
3
53
3
13
1
37
2
14
3
22
2
2
3
9
13
8
3
47
2
5
3
68
2
8
2
66
3
1
1
30
2
1
1
27
1
3
1
66
2
7
3
12
1
1
2
71
3
13
1
1
3
12
3
41
4
1
3
45
5
3
3
8
3
6
1
15
5
13
2
39
1
13
1
16
1
1
3
1
8
10
2
26
2
1
2
65
4
12
1
15
2
11
3
30
15
5
2
5
3
1
2
22
2
9
1
3
10
14
3
18
15
2
2
52
4
10
1
25
3
5
3
54
2
5
1
39
4
4
2
16
1
14
1
18
2
14
2
61
3
14
3
17
4
12
3
39
6
2
1
40
1
4
2
53
3
14
2
28
3
12
2
71
2
14
3
18
1
12
3
15
7
4
2
38
3
7
2
23
2
12
2
66
2
2
2
43
5
11
3
5
4
10
2
65
3
6
3
63
13
7
3
4
20
4
3
49
8
4
3
31
25
10
2
15
3
4
1
37
1
13
3
40
2
1
3
23
10
11
1
25
2
5
3
27
17
8
3
25
4
3
1
32
5
13
1
29
2
7
3
52
17
1
3
22
9
14
1
2
2
14
1
12
5
11
3
16
3
13
2
8
2
12
1
36
1
13
3
54
1
11
3
10
11
7
3
40
3
2
1
53
1
10
1
55
2
9
2
53
2
5
2
55
1
12
3
33
11
9
1
43
2
6
2
54
1
7
1
71
1
4
3
37
12
11
1
54
3
4
3
17
10
11
3
15
17
9
1
35
1
14
3
68
13
4
1
16
4
7
1
44
2
9
3
35
7
12
1
54
2
14
1
71
2
10
3
29
8
4
2
6
2
8
1
68
2
7
1
49
2
14
2
55
3
9
1
55
1
7
3
26
2
9
3
13
1
13
3
35
3
3
3
60
22
13
2
61
2
8
2
4
1
1
3
67
23
9
3
71
1
5
2
37
3
5
2
40
1
9
3
67
17
5
1
67
1
2
1
65
1
4
2
33
1
6
1
66
3
2
2
32
2
11
1
23
3
11
3
61
2
7
2
23
3
8
2
26
1
8
1
41
3
3
1
38
1
2
1
63
1
8
2
14
3
2
2
7
3
10
2
60
4
7
1
10
1
4
2
34
1
2
3
31
17
6
2
63
2
6
2
52
1
9
3
6
1
4
2
31
2
13
1
67
2
11
1
17
5
13
1
35
4
12
2
44
4
14
1
11
4
7
3
44
6
3
3
12
5
5
2
16
2
8
2
42
2
4
2
67
1
8
1
45
1
11
2
18
3
12
1
47
3
4
1
22
2
14
2
29
3
4
1
14
16
2
1
34
3
6
2
1
2
11
1
49
1
2
1
26
1
11
3
66
8
2
3
9
23
7
1
8
7
1
3
53
5
12
1
7
7
11
2
45
3
12
2
1
1
11
3
7
2
7
3
66
9
13
1
39
1
8
3
36
11
5
1
42
1
11
1
41
2
9
3
2
12
8
2
37
2
7
1
8
5
12
1
10
7
2
3
34
8
14
2
2
3
10
3
30
26
2
2
5
1
6
3
33
14
10
3
32
11
6
2
45
2
8
2
54
2
6
2
41
3
6
2
8
1
6
1
4
1
12
3
4
6
1
1
31
15
13
1
61
1
6
1
33
4
11
2
27
3
7
1
60
2
4
3
7
3
9
3
11
19
2
2
31
5
1
3
28
12
5
1
30
5
9
2
17
2
3
3
14
1
5
3
3
2
4
1
5
2
8
2
25
3
6
1
17
8
5
2
63
1
4
2
17
3
7
2
44
1
2
3
43
7
8
3
71
5
9
2
30
4
9
3
49
1
3
3
28
9
11
1
5
1
9
1
13
4
12
1
6
1
9
2
3
2
3
1
2
6
3
3
16
6
1
3
41
3
9
1
40
2
1
3
23
8
9
3
11
1
7
3
29
5
10
2
41
4
13
1
3
11
12
2
11
1
14
2
12
1
9
3
55
1
11
2
35
1
6
1
31
7
9
3
47
8
8
1
13
8
12
3
34
9
9
3
60
8
5
1
68
3
6
1
36
2
11
2
25
2
3
3
61
1
3
1
52
1
3
3
10
19
13
3
2
2
14
3
8
9
12
1
18
13
5
2
27
2
8
3
36
14
2
2
42
3
2
3
5
1
12
2
36
5
6
2
7
2
10
2
12
3
13
2
10
3
6
1
47
2
13
2
68
3
8
2
13
2
1
2
4
3
7
2
2
2
2
2
47
2
8
3
26
8
5
2
68
2
2
3
45
4
12
2
32
4
3
1
14
2
14
1
11
12
9
3
55
8
2
3
39
10
5
2
22
3
8
1
28
2
7
1
44
3
12
3
1
7
5
2
15
1
6
2
6
3
3
1
33
5
8
3
52
16
11
2
3
3
6
2
9
1
4
1
1
1
5
1
65
2
12
1
53
2
13
1
63
2
8
1
9
11
3
2
49
1
2
2
33
3
10
3
65
6
5
2
28
2
8
3
43
6
6
1
34
7
12
2
47
4
11
3
37
8
6
1
52
2
7
3
6
3
3
2
38
1
4
3
3
8
2
3
14
5
8
1
42
2
9
2
49
4
6
1
26
3
9
2
67
2
13
2
43
2
12
3
38
3
4
3
25
3
4
1
6
2
8
3
42
3
4
1
9
12
5
2
40
4
11
3
38
1
6
3
13
2
11
2
11
2
10
1
45
2
4
1
32
2
6
1
12
1
12
3
44
5
4
2
36
3
8
1
7
8
8
1
27
2
3
