3
28
3
6
2
68
3
10
3
22
4
7
2
45
2
6
3
23
9
7
3
23
16
10
2
6
1
7
3
44
6
14
2
23
1
13
1
6
2
2
2
11
3
7
2
30
5
4
1
4
1
11
1
4
8
11
1
7
11
5
2
4
1
11
1
42
1
7
3
11
26
4
2
12
1
12
3
41
3
5
2
60
1
11
3
39
5
1
2
37
1
4
1
5
1
2
3
54
1
1
1
55
1
4
3
44
4
7
3
29
10
3
1
26
2
1
1
18
11
5
1
42
2
11
3
10
24
5
1
2
6
8
1
43
3
10
2
47
2
11
2
4
2
12
2
18
3
1
3
10
14
12
3
53
7
13
2
71
1
5
3
4
5
5
2
66
2
4
3
43
4
4
3
18
20
5
2
7
1
8
1
61
1
8
1
40
3
6
2
10
1
5
2
42
2
2
2
29
3
13
1
17
12
5
3
66
7
5
1
38
1
5
3
38
7
12
1
3
3
8
1
65
2
11
1
33
6
9
2
25
1
10
3
66
1
13
1
1
2
9
1
41
3
1
3
34
6
6
2
44
1
6
1
31
3
9
2
22
3
7
3
40
1
3
3
3
2
6
2
7
2
14
2
34
2
11
2
67
1
9
3
31
16
12
2
54
1
9
1
36
3
5
3
8
19
1
1
53
1
3
1
1
3
6
3
16
7
9
1
9
1
1
2
53
3
13
1
22
2
4
3
52
17
10
3
16
6
9
1
66
3
6
2
1
3
7
1
52
1
6
1
61
3
12
2
35
3
2
2
61
2
14
1
30
1
13
1
55
2
5
3
63
9
4
2
39
2
4
1
54
2
3
3
32
7
1
2
41
3
5
3
37
2
5
2
33
2
1
2
60
2
9
3
45
6
7
1
68
3
6
3
30
22
8
3
53
5
1
1
16
5
11
1
37
1
14
2
8
3
4
2
44
4
14
2
5
3
13
1
68
2
6
2
41
2
10
3
38
12
9
1
63
2
3
3
67
19
5
1
34
11
5
1
54
1
12
3
45
2
7
2
43
3
9
3
13
8
8
1
18
5
8
2
45
4
8
2
38
3
10
1
25
2
7
1
37
2
11
1
44
4
8
1
6
1
10
3
6
4
3
1
43
1
12
2
28
1
12
3
11
24
4
2
23
2
12
2
68
4
11
2
15
1
13
1
32
4
4
3
68
8
9
3
43
1
9
3
35
2
14
3
15
15
6
3
31
11
10
1
60
2
4
3
5
1
5
1
49
2
6
1
39
2
14
1
23
1
6
3
32
4
11
2
10
3
13
3
6
3
1
3
47
9
7
3
25
9
5
3
67
30
11
3
33
6
6
3
52
1
5
1
63
1
7
2
49
3
10
2
16
2
11
3
61
10
5
2
9
3
9
2
32
4
12
3
36
9
13
2
35
1
9
3
27
11
12
1
34
5
10
3
71
4
4
1
67
1
13
3
61
5
13
1
7
8
13
2
32
1
14
3
30
26
2
1
8
2
1
1
60
1
11
1
11
4
2
3
37
5
11
3
55
13
10
3
40
6
13
3
34
1
3
1
47
2
12
1
38
2
5
1
15
3
14
2
30
4
5
1
14
4
7
2
18
4
6
2
17
1
1
2
11
1
6
2
29
2
2
2
8
2
10
2
63
2
14
2
63
3
14
1
32
7
7
1
12
12
13
1
71
2
5
3
4
15
9
3
17
7
5
3
29
4
13
3
7
3
3
1
2
4
13
2
3
1
7
3
25
8
3
1
9
11
4
3
7
4
10
3
26
4
13
1
16
4
6
2
55
2
13
1
8
13
14
2
52
5
10
3
65
19
8
1
29
2
14
3
14
4
9
2
15
3
4
1
35
3
10
2
16
1
6
2
14
2
14
2
53
2
2
1
11
10
8
1
39
3
1
3
26
5
6
2
65
2
2
3
2
7
8
1
13
4
10
1
5
2
5
1
52
2
8
3
5
5
11
1
13
5
8
1
25
3
5
3
49
4
9
2
14
1
5
1
29
3
8
2
33
3
1
3
12
4
3
2
3
3
5
3
60
21
2
3
68
10
2
1
71
3
3
2
5
1
8
3
65
20
14
2
38
1
4
2
28
2
3
3
55
1
7
3
60
15
6
1
17
8
2
2
66
3
5
1
40
2
9
1
53
2
8
1
28
1
14
3
54
2
7
3
27
8
9
2
52
4
4
2
40
1
9
3
49
8
11
3
63
13
9
1
15
2
3
2
34
1
1
1
41
1
13
1
26
3
5
1
36
1
1
3
15
9
9
3
42
4
7
3
42
1
8
3
18
14
2
1
35
2
10
3
17
16
14
3
41
2
11
1
22
1
2
2
27
2
8
2
31
1
4
1
28
3
7
3
2
5
3
2
42
4
3
3
9
13
11
2
1
1
1
2
37
2
5
2
40
2
8
3
28
14
13
1
10
6
10
3
3
4
8
2
9
2
9
2
31
2
9
2
27
3
3
2
36
4
2
1
10
5
2
2
71
3
5
3
1
1
2
3
22
11
14
2
12
2
1
3
33
19
4
2
47
1
5
2
2
3
6
2
65
3
10
2
54
2
5
2
49
2
14
3
36
7
2
2
67
2
5
1
3
7
1
2
13
3
11
2
39
1
6
1
65
1
12
1
47
3
8
1
27
1
1
2
22
2
11
1
12
10
7
3
47
10
1
1
30
9
7
1
23
2
12
2
25
3
3
1
14
7
5
3
9
30
13
2
26
3
1
2
43
4
10
1
45
2
1
1
27
3
9
2
2
1
3
1
49
1
2
3
14
3
11
3
8
13
7
2
55
1
13
3
39
2
12
3
13
1
13
2
36
2
14
2
13
2
11
3
71
1
10
3
1
3
8
3
35
3
11
1
33
2
7
2
6
3
4
3
12
3
6
1
67
3
10
1
66
1
11
1
31
16
10
2
61
3
6
2
26
1
11
1
45
1
11
2
17
3
1
1
44
3
7
