3
40
6
1
3
12
7
8
1
39
1
2
2
34
2
14
1
36
2
3
3
63
7
2
2
16
3
10
3
44
2
8
2
12
1
1
1
4
5
5
3
67
7
2
3
32
4
4
2
39
2
6
1
14
7
5
2
44
3
14
1
3
6
4
3
60
30
8
1
68
2
7
3
18
4
13
2
45
3
12
1
7
6
4
1
22
2
11
3
44
4
7
3
17
13
9
2
35
1
13
3
16
7
5
3
45
6
14
2
66
2
14
1
36
1
5
3
33
13
7
2
23
2
7
2
25
3
4
1
16
2
10
2
52
1
2
3
6
2
5
3
34
8
7
3
67
24
1
2
14
1
14
3
2
4
6
1
7
7
13
1
17
13
6
1
60
1
11
2
17
1
13
2
41
5
8
3
9
32
5
3
38
11
11
1
61
1
6
2
71
2
2
3
42
2
12
2
47
1
5
3
15
10
5
3
53
2
11
2
44
5
9
1
13
3
2
2
1
3
5
3
18
12
10
1
65
2
6
3
11
18
2
1
33
8
10
2
8
1
3
3
7
2
9
3
5
4
8
2
5
1
7
2
42
1
1
2
5
3
9
3
36
7
1
2
49
2
8
3
35
8
13
1
1
3
10
2
3
2
9
3
55
15
11
3
23
9
8
2
37
3
3
1
53
1
8
1
10
6
11
1
12
15
1
3
27
15
2
3
49
2
12
3
55
11
10
3
16
1
14
1
37
1
4
2
68
2
13
2
39
1
7
2
33
1
3
3
35
3
10
1
28
1
11
1
47
3
7
1
14
3
7
3
1
6
13
2
68
1
14
2
40
2
1
1
1
1
6
3
61
7
13
3
61
3
2
1
52
3
14
2
26
2
5
2
45
1
8
1
26
3
10
3
25
2
1
1
66
1
6
1
55
2
2
3
40
3
3
3
13
9
13
1
28
3
14
2
6
3
9
3
4
22
1
1
34
1
8
3
47
6
12
3
23
16
5
2
38
2
14
2
29
2
14
1
61
3
11
1
15
4
10
3
71
1
6
2
40
1
12
2
7
1
3
3
34
9
9
2
22
2
8
2
11
3
14
1
22
1
3
1
39
2
6
2
36
4
4
1
37
2
7
3
14
18
5
1
35
1
12
2
6
1
14
2
52
5
6
1
52
1
10
2
41
4
5
3
5
5
9
2
38
1
14
2
11
2
5
3
68
7
5
1
38
1
6
1
29
2
6
2
32
2
2
3
41
1
13
1
12
18
9
2
43
5
11
1
41
2
14
1
9
7
3
1
2
6
3
3
12
3
2
1
60
2
14
1
55
1
2
2
2
1
1
3
43
6
11
1
11
10
9
2
17
2
3
3
47
7
8
3
45
1
5
1
30
21
9
3
65
21
1
3
8
11
4
2
23
3
13
2
4
2
3
2
25
2
3
3
37
11
2
3
29
15
5
1
30
1
6
1
71
1
11
2
53
2
14
2
30
2
8
2
12
2
12
1
43
1
10
1
38
2
10
2
22
1
12
1
35
2
6
3
66
7
3
1
27
1
2
1
23
1
2
3
39
4
9
3
37
7
14
3
28
12
11
2
30
4
7
2
18
3
4
3
43
5
12
2
31
4
13
1
16
6
10
1
42
1
10
2
8
3
8
2
18
2
2
2
71
1
10
2
67
2
8
1
54
1
7
3
13
3
7
2
33
2
2
1
34
3
8
3
53
5
13
3
3
7
2
3
38
9
9
1
54
2
7
3
41
3
5
1
9
8
6
3
8
5
14
3
54
1
6
3
52
16
10
2
34
3
14
2
35
3
13
3
4
21
6
2
9
3
14
3
3
4
8
1
23
2
4
1
11
11
14
3
6
5
4
2
60
1
6
1
41
3
1
3
7
3
7
1
63
2
9
2
42
4
6
2
37
4
9
2
63
3
11
2
67
1
3
3
63
11
11
1
32
7
10
3
10
18
12
1
5
2
14
2
60
4
4
2
54
1
12
2
28
2
7
2
32
4
12
3
25
8
7
2
2
3
6
1
13
2
3
3
2
9
8
1
18
9
13
3
36
10
9
2
10
2
11
2
53
3
3
3
65
10
10
2
3
1
1
2
7
3
10
3
33
19
8
2
61
1
9
1
40
2
9
3
14
14
11
1
63
1
10
3
29
3
7
3
28
5
9
1
68
3
5
2
16
2
11
3
30
14
8
1
66
3
11
1
10
5
10
2
65
2
12
3
71
5
6
2
14
3
2
1
44
3
5
1
44
2
14
2
28
1
7
2
47
3
8
1
33
7
12
1
25
1
9
1
45
1
5
1
25
2
6
3
60
22
7
2
26
1
9
3
54
2
7
1
26
1
10
3
52
7
13
3
30
17
13
1
40
3
8
2
29
1
12
1
4
2
1
1
71
3
1
2
10
3
11
1
65
1
12
3
1
4
8
2
49
4
3
1
31
1
10
1
6
1
7
1
29
3
8
3
22
6
10
1
49
2
5
1
2
1
7
1
5
1
3
3
26
9
1
1
32
2
5
1
18
15
8
2
43
1
5
3
68
3
3
2
36
1
12
2
4
1
14
2
63
2
2
3
9
19
3
1
15
2
2
2
31
1
6
3
26
2
11
3
42
4
10
2
61
2
6
3
39
10
2
3
31
3
7
3
49
6
12
1
53
2
11
3
11
1
2
3
32
9
3
2
13
1
1
2
1
2
7
1
3
1
2
2
55
1
6
3
17
2
9
3
31
9
9
1
49
1
2
2
66
3
2
1
42
2
6
2
15
3
4
2
15
1
11
1
31
18
3
1
67
1
2
3
22
11
14
2
27
3
12
1
27
2
2
3
66
4
13
2
13
2
14
2
54
2
12
3
15
12
4
3
10
21
14
1
67
3
2
3
27
12
6
1
17
14
1
1
6
2
3
1
8
13
12
1
43
3
12
2
27
1
3
2
9
2
7
1
47
1
11
1
45
2
14
1
8
7
12
2
55
2
14
2
65
4
11
