2
47
1
6
2
27
3
10
2
40
3
3
2
33
1
12
2
6
2
13
3
23
17
13
3
53
7
3
1
35
1
13
1
31
16
7
3
34
8
5
3
1
4
13
1
34
3
8
3
7
3
7
1
66
1
13
3
71
5
3
1
37
2
13
2
41
5
10
1
68
1
10
2
26
3
7
3
6
3
2
2
7
3
3
2
9
3
8
3
2
8
7
3
39
9
7
2
15
1
10
2
29
1
8
3
38
10
14
1
41
1
2
3
47
10
4
3
18
2
9
2
2
3
9
1
52
2
13
1
7
6
8
3
44
1
7
3
39
3
13
2
52
6
7
3
12
6
12
3
16
5
12
1
22
3
10
1
36
3
2
2
23
3
5
2
65
1
9
1
11
10
6
3
30
17
10
3
31
8
4
3
55
16
9
1
32
1
10
2
52
2
4
3
43
7
10
1
63
1
7
1
49
2
7
3
27
2
8
3
49
5
5
3
16
7
12
1
27
1
3
2
36
4
10
3
1
6
5
3
63
6
8
2
66
1
7
2
28
1
1
1
33
7
1
2
68
2
4
3
44
4
12
2
43
4
4
1
16
4
8
2
11
2
4
1
65
1
1
1
5
2
1
1
26
1
9
1
65
2
4
3
13
4
6
1
40
3
1
2
27
2
7
2
8
2
6
2
41
3
12
2
68
3
8
3
25
3
7
2
53
3
2
1
23
2
8
3
36
5
6
3
12
5
3
3
41
3
14
1
47
1
7
3
40
1
8
2
67
1
8
1
63
2
2
1
45
2
2
3
65
14
12
1
30
8
11
1
61
3
6
3
2
6
1
3
36
11
11
3
13
7
2
2
71
3
13
1
31
2
9
3
61
1
7
2
34
3
10
3
28
3
1
3
23
5
10
2
31
1
7
2
55
3
3
3
52
18
11
3
37
3
1
3
42
4
13
2
5
3
12
3
42
1
10
2
63
2
5
3
45
7
12
1
32
6
10
2
35
3
3
3
31
7
14
3
7
2
5
3
26
4
7
2
63
1
6
3
40
4
3
2
33
3
11
3
18
21
10
1
43
3
4
2
30
4
1
3
15
12
13
1
54
1
13
3
29
5
14
1
14
6
1
2
12
2
6
1
9
7
4
3
9
12
4
3
71
4
6
3
22
5
1
3
63
10
5
1
33
3
11
3
41
4
2
1
44
2
11
1
9
5
11
1
34
9
7
1
41
3
11
1
42
2
4
3
5
5
1
1
3
5
6
1
37
1
2
2
49
3
12
2
17
3
8
3
14
2
8
3
45
6
3
2
61
3
3
2
66
2
8
3
11
16
6
3
52
9
12
2
61
1
9
2
36
3
14
2
71
1
6
2
25
3
2
3
10
3
8
1
53
1
11
3
10
9
10
1
25
2
6
2
12
1
9
2
10
2
4
2
49
4
5
2
4
3
7
3
29
10
8
1
71
1
2
1
60
1
12
1
67
2
10
3
17
4
5
1
22
1
9
1
6
1
2
1
29
1
11
2
39
3
1
1
35
2
11
3
3
10
13
1
67
1
2
2
18
2
13
3
66
3
7
1
17
1
14
1
15
5
4
1
13
4
9
1
14
13
10
2
22
3
14
2
28
3
13
1
47
3
13
2
37
3
1
3
26
1
11
3
14
25
2
1
61
1
13
3
15
1
7
1
55
1
4
1
28
2
5
2
5
2
8
2
67
2
6
2
26
4
14
1
3
8
13
3
33
20
8
3
35
7
2
1
18
12
4
2
8
1
3
2
30
1
14
1
52
3
2
3
3
7
10
3
68
16
5
1
1
2
8
1
26
3
13
3
49
2
12
3
17
9
1
1
45
1
10
1
5
1
14
3
43
2
7
2
42
3
7
1
8
15
5
2
34
2
7
3
30
22
1
3
38
1
14
2
1
3
2
2
14
2
6
3
25
8
10
1
38
3
11
3
8
19
10
2
3
3
14
3
27
5
13
1
7
5
1
2
4
2
10
3
66
9
13
3
68
6
1
1
44
4
11
1
23
1
11
2
42
2
3
3
60
12
1
2
16
2
11
1
11
11
10
2
31
3
14
1
60
2
2
1
30
15
14
1
18
4
1
1
28
3
11
2
32
3
3
1
55
2
9
1
29
3
11
2
1
2
10
2
15
2
9
3
5
4
13
1
13
6
11
2
45
3
4
2
53
1
14
2
40
4
3
1
8
8
6
3
22
11
5
1
53
2
4
2
44
1
5
2
14
3
5
2
3
2
10
1
10
8
10
3
65
15
7
2
9
1
11
2
44
3
8
2
54
2
2
2
29
2
7
2
60
1
6
2
7
2
12
1
36
1
5
2
16
3
10
3
54
1
14
2
54
1
12
2
37
4
13
2
47
2
3
2
35
2
3
3
55
17
10
1
27
2
7
3
11
10
6
3
33
19
14
2
2
1
9
1
38
2
2
3
32
2
5
2
38
3
5
3
67
5
3
2
18
1
3
1
15
2
4
2
65
3
12
2
13
2
8
2
11
3
14
1
6
2
1
3
60
21
9
1
66
2
14
1
49
1
14
1
42
1
5
2
6
1
6
1
12
6
11
1
40
1
13
2
45
4
1
3
8
12
5
3
28
1
12
1
12
7
5
2
25
1
5
3
35
8
1
2
22
2
2
1
2
1
2
1
16
2
4
1
4
3
2
3
9
5
10
2
38
4
1
2
17
1
11
3
61
8
12
2
39
1
3
1
10
2
2
1
54
2
14
1
2
5
13
3
4
24
7
3
53
8
10
3
34
5
2
2
60
2
6
3
4
10
11
2
13
3
11
1
39
3
7
3
47
5
12
1
25
3
6
1
43
1
3
1
17
9
14
1
4
4
9
2
55
1
2
1
1
1
8
1
68
2
4
2
43
2
2
3
54
2
9
3
37
8
4
2
32
2
10
3
67
34
2
2
10
3
8
1
39
4
14
3
6
5
9
3
32
9
7
1
71
2
8
2
23
2
14
