3
29
11
1
2
28
2
14
2
68
3
7
1
43
1
2
3
37
6
4
3
28
13
5
1
1
3
7
2
23
2
9
1
49
1
7
1
33
4
5
3
27
7
7
1
11
5
12
3
38
5
7
3
23
11
2
3
53
2
9
1
6
1
2
1
14
6
5
3
2
4
1
2
1
2
8
3
12
2
14
1
47
1
1
2
47
3
13
2
65
1
6
1
43
3
4
1
27
2
7
3
6
5
9
2
43
4
9
3
66
5
14
3
67
16
6
1
17
10
5
2
61
1
9
1
37
2
2
3
33
16
10
3
18
24
4
3
43
1
10
2
60
1
5
2
26
3
4
1
65
1
9
3
5
3
1
1
54
2
14
3
7
2
2
1
7
8
4
2
16
3
2
2
65
2
5
2
12
2
7
3
26
11
10
1
12
5
8
1
63
2
8
2
23
3
3
3
28
1
4
3
53
7
7
1
61
1
12
1
60
2
3
1
6
2
7
3
68
11
5
2
42
4
7
3
67
31
4
1
18
15
5
2
45
3
10
1
55
2
2
2
40
4
1
1
44
2
12
2
18
3
14
3
34
5
8
1
32
4
14
1
34
5
7
1
63
1
10
2
66
1
14
1
39
2
11
1
45
2
7
3
35
4
13
1
36
1
11
1
41
2
3
2
43
2
10
2
14
3
12
3
44
3
5
3
3
7
13
2
66
3
11
3
23
16
6
2
3
3
3
3
22
3
8
3
68
3
13
1
16
5
2
1
2
5
3
3
14
18
5
1
36
3
9
2
38
4
13
1
15
2
2
3
34
4
1
1
38
2
2
1
61
2
2
1
28
2
2
3
65
19
14
1
40
2
8
2
18
1
7
3
44
8
12
2
13
1
6
1
31
16
12
2
6
1
6
3
65
5
14
1
25
1
3
2
52
1
3
2
54
1
4
3
42
2
3
2
31
5
4
1
71
2
14
2
35
1
4
1
39
1
10
1
42
2
11
2
1
1
2
2
49
4
9
2
41
1
4
3
9
17
10
3
63
12
5
3
41
1
14
2
13
2
5
2
27
2
8
2
49
2
11
1
68
3
7
3
31
8
13
1
26
2
2
1
28
1
14
2
41
3
11
1
40
3
12
1
42
1
12
1
52
2
5
1
15
3
9
1
53
1
1
1
67
2
14
2
55
2
14
3
10
10
10
1
66
1
9
3
60
24
5
2
5
2
1
1
66
3
8
3
32
9
1
3
25
5
9
2
30
2
6
2
4
2
6
2
6
2
10
2
31
3
12
1
2
4
2
3
40
4
11
2
10
1
5
3
29
8
2
2
15
1
9
3
13
1
12
3
37
10
1
3
36
6
10
2
11
3
7
3
16
8
10
2
14
1
7
1
45
1
4
1
23
1
2
2
25
2
3
2
39
4
4
3
1
8
3
2
40
1
5
1
47
2
7
2
53
2
13
3
49
5
4
3
14
6
12
1
22
1
14
3
47
5
11
2
45
4
4
1
16
7
5
1
55
1
7
3
33
22
14
2
5
1
4
3
32
5
8
1
10
3
8
2
9
1
9
1
29
1
2
2
55
3
8
3
11
20
3
2
52
3
2
1
30
18
3
3
61
10
6
1
54
1
6
3
1
5
5
2
39
1
2
3
42
4
8
3
3
8
8
2
7
2
1
1
71
3
1
1
33
6
2
3
39
7
13
2
47
4
5
2
17
2
11
2
35
2
3
3
52
7
1
3
31
20
1
2
10
3
2
3
52
1
9
1
34
3
7
3
35
6
11
3
45
6
5
1
3
2
8
1
41
1
6
1
12
17
9
2
32
1
10
1
44
1
12
1
25
2
14
3
4
13
13
2
8
3
4
1
22
2
6
2
2
3
7
3
6
1
8
3
40
2
11
3
4
5
8
2
15
3
7
2
8
2
3
2
12
1
9
3
26
8
5
2
16
2
9
1
7
9
5
2
68
2
6
2
28
3
13
1
35
2
2
1
65
2
1
2
22
1
2
2
42
1
6
3
7
1
14
3
9
22
1
1
27
3
12
3
18
6
9
2
11
2
13
3
15
11
10
3
15
9
3
1
8
4
13
1
67
3
1
3
8
17
11
2
25
3
6
1
68
2
5
2
33
2
1
1
23
2
13
1
32
1
1
3
60
28
3
3
38
2
12
3
30
28
7
2
71
2
10
1
10
6
8
2
7
1
11
2
29
2
14
1
60
1
7
3
63
2
6
3
36
4
2
2
34
1
14
1
29
2
10
3
55
17
6
2
33
3
13
3
66
8
1
3
71
5
2
2
67
1
11
2
60
2
5
3
55
16
2
3
45
5
3
1
1
1
12
2
27
1
5
1
17
13
1
1
18
6
6
2
61
2
12
1
4
8
13
2
29
1
6
2
3
2
10
2
54
2
8
3
54
2
6
3
2
5
13
2
32
4
12
1
14
21
1
1
31
8
9
3
17
9
5
3
22
4
3
3
27
5
3
1
11
8
13
3
54
1
9
3
17
12
11
3
43
6
9
3
12
3
13
3
16
6
1
2
26
1
1
2
44
2
3
3
13
3
9
3
10
12
4
2
53
1
11
3
39
1
2
3
11
26
13
1
38
1
1
3
8
20
7
1
37
1
6
3
61
11
6
1
35
1
7
1
3
10
14
2
17
1
6
1
53
2
13
2
71
3
2
1
26
3
14
3
5
1
8
2
36
1
2
2
9
2
13
2
36
5
12
1
30
14
11
2
67
2
5
1
13
6
11
1
5
2
13
2
63
2
8
3
41
2
14
1
13
4
1
2
4
1
12
2
38
5
1
2
2
1
5
2
37
2
12
3
47
3
10
2
44
1
6
3
49
3
5
1
9
8
2
2
63
3
14
3
30
14
6
1
4
4
5
1
8
10
1
3
71
2
9
2
30
3
10
2
37
1
14
1
49
2
5
2
22
2
7
3
25
2
10
2
34
2
12
1
52
1
14
1
5
1
1
1
9
6
10
