1
4
6
12
2
16
2
6
1
43
2
2
2
7
1
7
3
66
6
2
1
11
2
9
3
43
1
14
1
35
2
12
2
52
2
6
2
68
3
7
2
30
3
5
2
18
3
11
3
13
6
13
2
31
5
7
3
25
8
8
1
41
3
4
1
28
3
10
1
34
10
10
3
60
3
5
1
54
3
9
2
1
3
9
1
43
1
8
2
49
2
7
2
25
3
4
1
25
1
10
3
31
24
12
3
9
8
8
3
37
5
14
1
61
2
9
1
17
9
9
3
47
8
5
3
10
17
6
2
44
1
10
3
26
7
4
1
7
11
12
2
65
4
14
1
45
1
11
2
27
1
2
2
7
3
2
1
66
3
3
1
44
3
8
2
42
3
7
1
66
1
3
2
36
1
5
2
63
2
4
2
42
2
3
3
5
5
3
1
68
1
10
2
10
2
9
2
15
2
9
2
39
4
12
1
55
2
1
2
13
2
10
1
42
2
1
1
63
1
13
3
41
2
3
3
11
24
10
2
41
5
6
2
31
1
8
3
45
1
14
3
3
10
8
1
22
3
9
1
15
4
10
3
54
2
9
1
5
2
6
3
8
17
3
1
2
1
13
1
71
2
1
3
33
9
1
1
33
2
13
3
11
1
3
2
15
1
7
1
3
2
10
3
27
10
11
1
12
15
11
3
55
5
10
3
22
8
9
2
40
3
5
2
66
3
3
1
14
18
5
2
41
4
8
1
49
2
6
2
23
3
3
3
29
10
9
2
16
1
9
2
29
2
5
3
9
6
7
3
53
3
13
2
26
1
13
1
61
3
2
3
41
1
1
2
52
3
11
1
23
1
11
2
2
1
4
3
39
4
7
2
17
3
5
1
11
11
3
1
52
3
1
1
71
1
14
3
63
10
11
2
54
1
12
3
32
3
4
1
42
1
5
3
6
3
7
1
53
2
9
2
26
3
13
2
34
1
14
2
28
1
3
2
37
1
6
3
44
4
13
1
29
2
4
1
29
3
9
2
68
4
5
2
30
1
6
1
54
1
1
3
65
9
5
2
43
4
13
3
32
10
1
2
2
3
11
1
65
1
8
3
2
6
12
3
68
11
12
3
7
4
3
2
47
1
8
3
66
3
6
3
31
3
4
1
65
2
2
3
12
1
1
1
26
2
4
2
53
1
3
3
71
3
1
1
6
1
5
1
7
7
5
3
4
15
8
3
22
4
9
1
39
3
5
1
40
2
11
3
38
11
8
2
6
2
12
2
43
3
3
1
35
4
6
1
23
3
14
1
31
15
6
2
14
3
14
3
40
2
1
1
9
11
5
3
55
1
5
3
42
1
1
1
10
2
10
2
35
1
2
1
55
1
13
1
38
3
8
2
23
1
7
1
13
5
3
3
40
4
5
3
54
1
14
1
1
3
14
3
33
20
7
3
34
9
1
2
11
3
12
2
61
2
11
1
37
1
12
1
67
1
9
2
6
1
3
3
4
11
7
3
23
11
8
3
13
9
2
2
39
3
10
1
9
2
11
2
63
3
1
2
3
2
7
1
27
1
1
3
7
2
13
1
68
3
13
3
14
18
4
3
39
6
10
1
53
1
10
3
28
6
5
3
37
9
11
2
53
3
12
1
30
6
8
3
38
2
7
3
18
2
5
3
36
11
11
1
47
2
14
3
52
1
14
2
5
3
2
1
2
4
2
1
41
1
6
2
49
4
13
1
27
2
3
3
6
6
11
3
1
9
9
3
14
10
6
3
30
13
4
3
15
5
7
3
47
3
4
2
54
2
13
3
67
8
5
1
47
1
7
2
18
1
10
2
29
3
1
1
67
2
13
2
9
2
6
3
23
1
7
3
3
9
6
2
37
3
8
1
63
2
5
1
18
10
4
1
52
2
5
2
61
1
11
2
67
1
9
1
25
2
3
3
5
3
5
3
30
18
1
1
18
12
8
2
17
2
11
3
29
15
5
1
38
2
3
2
25
1
5
3
18
11
14
1
17
10
6
1
14
17
4
3
17
5
4
2
38
1
5
2
11
2
11
1
22
2
5
2
5
1
6
3
26
11
2
2
33
2
8
1
44
1
10
1
3
11
9
2
66
1
14
2
8
1
1
3
67
23
1
1
8
6
11
1
33
6
1
3
45
7
9
3
35
1
11
3
63
4
10
1
6
2
6
2
12
1
2
3
15
9
7
2
45
4
9
3
16
6
12
2
13
1
14
1
28
2
13
2
67
2
9
3
61
3
10
1
8
10
3
1
34
8
5
2
4
3
5
1
30
18
3
3
27
15
10
3
36
3
8
2
65
3
12
1
31
6
10
2
3
3
3
1
13
6
13
2
8
3
13
2
38
2
4
1
12
17
2
3
8
19
4
3
60
27
7
2
32
1
4
1
5
1
3
3
25
9
5
2
22
1
3
2
12
3
5
2
27
3
5
3
53
5
1
1
36
1
12
2
1
2
10
3
71
1
5
3
10
12
14
3
2
3
11
2
47
4
4
1
60
1
5
2
22
2
1
1
15
2
10
2
34
2
7
3
28
16
11
2
32
3
7
3
12
4
14
1
1
1
2
3
35
7
3
1
49
1
2
3
68
3
14
2
14
2
6
3
42
2
11
1
32
2
8
3
34
8
6
2
60
4
9
3
52
11
6
2
10
3
6
1
10
5
6
2
71
3
5
1
16
7
2
1
37
2
11
2
33
1
9
1
36
2
11
1
45
2
9
3
49
1
7
2
55
1
3
1
60
2
10
3
61
11
1
1
39
4
3
2
9
1
10
1
40
3
11
3
1
4
6
2
55
2
11
2
44
2
13
3
16
4
11
2
4
1
2
2
40
2
2
2
60
1
14
2
28
2
13
1
26
3
14
3
65
4
12
1
32
6
9
2
71
2
3
1
16
6
1
3
49
7
3
2
45
2
5
3
17
12
1
1
4
1
2
2
36
2
12
3
43
3
12
2
35
3
1
3
44
6
9
