2
47
1
14
3
27
16
8
2
71
3
1
2
40
3
3
2
71
2
4
2
7
2
9
3
40
2
8
2
63
3
6
2
42
4
9
1
10
5
1
2
14
3
1
2
11
3
8
2
33
2
13
2
67
1
6
1
63
1
1
1
40
1
5
3
67
9
13
1
3
4
2
1
1
3
4
1
31
9
12
1
11
11
14
3
55
9
2
3
47
7
14
2
1
3
14
1
61
2
9
2
63
1
10
2
35
2
2
3
71
2
2
1
22
3
6
3
4
11
12
3
12
7
3
1
3
1
9
3
14
15
4
1
32
3
3
1
42
2
13
1
4
8
10
3
12
1
6
2
23
2
13
2
2
3
10
1
2
7
8
2
8
1
12
3
37
12
6
3
5
1
10
1
27
1
1
3
33
6
5
2
27
1
14
1
7
8
12
1
34
8
6
3
15
4
1
3
65
17
10
3
68
14
12
3
44
1
7
1
31
6
5
2
45
4
13
2
31
3
4
1
8
5
1
2
1
2
9
1
32
4
2
2
67
2
4
3
13
7
3
3
68
5
9
3
28
9
11
2
17
1
5
3
33
4
2
3
53
7
7
3
31
24
14
1
34
7
8
3
4
8
10
2
68
1
8
1
68
2
10
1
36
3
13
1
15
2
8
2
13
1
3
2
13
2
4
2
47
2
14
2
30
3
7
2
38
1
6
2
42
3
9
1
23
3
1
3
10
23
5
1
10
8
11
1
68
1
5
3
30
2
8
2
34
3
10
2
17
2
12
1
54
1
5
2
34
1
9
2
7
3
1
1
16
3
9
2
60
3
4
1
37
2
2
2
32
2
9
2
11
2
6
1
71
1
10
3
23
7
12
1
66
3
14
1
36
1
7
2
23
1
13
2
4
1
14
3
36
10
14
2
37
1
10
1
39
4
1
2
33
1
7
1
41
2
9
3
35
8
5
2
66
1
6
1
29
3
12
2
41
1
10
2
31
4
7
2
9
2
14
3
15
7
4
2
44
2
8
1
16
4
3
1
52
2
1
1
5
2
14
1
23
1
6
1
60
2
12
1
33
2
10
2
5
1
12
2
5
2
9
2
38
2
13
3
37
8
1
1
45
2
10
1
9
12
1
2
3
1
13
3
22
6
13
2
4
3
11
3
16
7
5
1
28
3
10
3
30
28
14
3
39
1
6
3
31
16
10
3
25
2
3
1
9
10
2
1
47
1
1
1
30
16
11
1
38
2
2
3
6
4
2
2
12
3
10
3
49
4
13
2
55
3
10
2
66
3
5
1
11
1
5
3
39
10
13
3
42
2
7
3
17
9
5
1
53
2
14
1
33
7
12
2
28
3
11
1
66
2
14
3
10
14
11
1
5
1
1
2
60
2
7
3
53
3
3
3
45
4
8
3
45
5
2
2
49
1
12
3
25
3
10
3
3
2
12
1
25
1
12
2
16
3
13
3
36
2
2
2
22
1
1
3
9
29
4
3
7
2
10
1
67
3
12
3
22
11
3
3
26
11
1
3
32
4
6
1
63
2
10
1
4
6
12
1
6
1
11
2
8
3
2
1
17
12
2
3
49
1
1
3
1
10
1
2
6
1
13
1
1
2
2
3
55
17
12
2
25
1
11
1
12
8
5
1
65
1
9
2
32
1
14
2
37
2
9
3
23
13
8
1
7
11
4
1
25
3
13
2
3
2
12
2
29
3
2
3
8
5
11
1
65
2
12
1
49
1
11
3
5
2
10
3
66
8
1
3
35
1
10
1
71
2
6
3
9
15
7
2
6
3
11
2
36
1
10
2
43
1
3
1
13
1
8
3
43
7
7
2
2
1
14
2
10
1
8
3
43
5
4
3
66
9
10
3
60
24
9
1
44
4
3
1
2
1
7
2
30
4
9
3
40
3
10
3
63
8
14
1
39
3
12
2
35
1
7
2
65
2
1
3
54
1
10
2
26
2
4
1
18
9
9
2
39
3
13
1
37
1
13
3
41
2
12
2
15
2
3
3
6
1
11
2
52
5
1
1
14
9
6
1
41
1
1
3
67
7
6
3
47
1
13
3
61
10
14
3
44
3
8
1
67
2
1
3
52
16
6
3
8
7
3
3
32
11
13
3
3
5
11
1
35
4
3
3
2
1
6
2
18
4
5
2
40
4
2
2
28
2
8
3
71
3
6
2
44
4
8
2
12
2
13
3
54
2
5
1
29
1
14
3
28
10
14
2
43
3
9
3
2
7
8
2
27
3
2
3
38
8
7
1
43
1
5
3
16
6
12
1
43
2
9
2
16
1
1
1
55
1
9
2
14
1
8
2
22
3
13
3
17
12
1
1
8
14
14
3
38
12
4
1
45
1
8
2
36
4
12
1
14
20
2
1
38
3
8
3
11
5
1
2
26
1
2
3
7
5
6
1
61
3
14
1
22
1
4
3
41
1
3
1
6
2
3
1
18
14
14
2
53
3
11
3
26
10
14
2
52
2
11
2
29
2
12
1
53
1
4
3
34
11
3
3
11
8
11
3
18
3
8
1
12
7
4
2
39
4
14
1
13
5
11
2
41
2
1
1
26
2
11
1
17
6
3
1
55
2
3
2
49
3
9
2
54
2
1
3
18
23
3
3
14
11
4
2
10
2
6
1
28
2
9
2
18
3
13
1
15
4
5
1
44
2
4
2
45
3
5
2
65
3
2
3
63
3
8
1
27
3
14
2
61
3
14
3
27
8
9
3
52
12
9
3
61
11
5
3
42
3
11
2
54
1
5
2
25
2
14
2
61
1
10
1
54
3
14
1
49
2
2
1
26
1
14
2
53
1
14
3
60
20
6
3
65
11
2
2
55
1
12
1
60
1
11
1
52
3
12
2
68
2
7
1
42
1
2
3
1
2
14
1
30
19
10
3
29
11
9
2
9
1
9
2
15
3
2
1
40
3
5
1
35
3
5
3
34
10
8
1
47
3
5
3
29
5
9
3
13
3
2
