1
11
4
11
3
32
2
13
2
38
4
4
3
40
3
5
2
26
2
7
1
65
2
5
3
23
19
11
2
33
1
11
3
53
5
14
2
65
2
7
2
71
2
3
3
34
3
4
2
31
2
11
1
32
5
11
1
6
1
3
2
54
2
8
2
7
2
9
3
49
8
4
1
66
2
13
2
12
1
8
1
52
2
2
1
42
2
11
1
54
3
3
1
2
7
6
3
61
11
11
3
47
3
1
3
53
6
14
3
65
19
2
1
47
1
2
2
45
4
8
1
1
2
9
3
18
20
14
3
25
6
7
3
22
5
13
1
26
1
2
1
43
2
13
1
5
1
4
3
2
4
2
2
38
3
8
3
60
5
7
1
28
1
13
2
28
2
10
2
63
2
9
1
43
3
4
1
34
2
8
1
32
3
6
1
13
1
1
3
8
13
5
2
32
1
4
1
18
11
8
3
45
5
14
3
9
31
9
1
25
2
1
2
49
3
12
1
49
1
2
2
41
1
3
3
25
2
4
1
29
3
12
2
2
1
10
2
1
2
14
2
29
2
3
3
31
17
1
1
30
3
8
3
44
6
5
1
55
2
5
3
38
2
11
1
60
1
10
3
1
10
6
3
42
4
9
1
27
2
7
2
14
1
14
2
10
2
8
3
43
4
12
1
2
1
3
3
30
9
4
2
67
2
13
1
67
3
7
2
52
5
8
2
23
2
12
3
28
1
2
2
60
3
14
3
35
5
10
3
33
1
2
2
18
2
11
1
16
7
6
1
10
7
9
1
40
1
6
3
6
1
10
1
31
4
6
3
27
4
11
2
35
3
8
1
55
1
13
1
39
3
2
1
49
2
13
2
31
4
6
3
36
7
3
2
16
3
6
2
22
2
6
1
41
1
12
1
42
1
4
1
12
18
6
3
17
7
2
1
3
8
10
1
26
3
4
3
44
5
11
2
22
1
12
3
22
3
5
2
1
3
12
1
16
4
14
1
22
2
9
3
68
6
14
3
65
6
11
1
36
2
1
3
54
2
7
2
27
1
7
2
33
3
3
3
23
16
13
2
10
1
3
3
38
10
11
1
36
1
2
3
71
1
4
2
7
3
12
1
35
2
8
1
12
12
4
1
31
7
8
2
60
2
12
3
11
2
5
1
30
8
11
3
66
8
6
2
66
2
14
2
43
1
11
2
17
3
6
2
9
1
2
2
63
1
13
2
32
4
8
1
61
2
11
1
68
1
8
3
71
5
6
1
39
1
5
2
41
4
10
2
25
3
13
3
15
5
13
1
23
3
9
3
13
3
4
2
55
1
11
1
9
5
12
3
63
10
1
3
10
14
2
3
67
15
5
1
52
3
12
2
6
1
6
3
31
11
9
2
42
2
10
1
45
1
11
2
13
2
14
2
26
4
10
1
63
1
6
1
13
8
11
2
49
2
6
3
29
2
7
1
3
5
1
1
44
1
14
1
23
2
10
1
37
2
3
2
61
1
8
3
26
11
14
3
7
1
9
3
14
1
7
1
14
11
1
2
3
1
11
2
44
3
13
1
5
2
11
2
11
1
10
2
17
2
12
2
5
3
13
3
68
4
7
1
25
1
9
2
53
3
3
1
53
2
5
2
18
3
7
3
11
11
7
3
2
7
7
2
28
3
7
2
39
3
1
1
63
2
2
2
12
3
8
2
68
4
7
3
1
5
13
3
17
9
5
2
47
1
2
2
44
2
11
1
17
8
7
3
6
6
6
3
13
8
13
1
33
3
6
2
40
4
7
1
71
3
10
3
3
7
11
3
27
5
1
3
14
15
12
1
41
2
10
2
30
3
13
2
45
3
3
1
4
8
12
2
23
1
10
2
39
4
6
3
35
4
2
1
68
2
7
2
25
1
12
2
42
1
3
3
41
3
1
3
29
12
7
2
55
2
12
1
34
5
3
1
44
3
14
1
4
7
7
1
14
13
13
2
37
2
5
3
33
17
9
1
27
3
13
1
15
4
10
3
66
5
7
2
36
1
7
3
39
1
4
1
10
5
2
2
14
3
6
1
7
1
11
1
54
1
5
3
15
14
9
3
55
15
14
3
42
2
9
3
12
3
11
3
55
9
5
1
8
8
5
1
6
2
12
2
68
2
8
1
71
2
9
2
35
2
7
1
60
2
1
1
29
2
1
1
37
1
14
1
17
5
8
2
71
3
1
2
36
5
2
2
37
3
9
2
4
1
7
2
4
2
8
2
65
3
6
1
9
6
12
3
9
6
9
1
18
14
7
2
13
3
4
3
10
23
6
2
47
2
6
3
30
27
8
1
28
3
5
2
52
7
12
3
45
3
2
3
26
1
10
3
37
12
5
3
43
6
13
3
18
25
5
3
60
17
5
3
8
7
2
3
37
9
8
3
39
10
10
1
22
3
9
2
8
3
13
3
5
3
7
3
67
23
10
1
35
3
11
3
63
6
6
2
66
1
12
3
32
3
9
2
27
2
6
2
11
2
1
1
7
7
14
1
1
1
12
3
47
10
2
2
6
3
14
3
36
15
3
1
67
2
4
3
16
8
6
3
16
3
3
1
38
1
2
2
34
1
8
3
52
5
12
2
5
2
5
3
12
4
1
2
67
1
7
3
34
9
4
2
2
2
1
3
52
13
4
2
3
3
4
2
8
1
2
2
61
3
1
1
61
1
10
2
40
2
2
3
4
26
4
2
15
3
4
3
40
6
3
3
7
2
4
3
54
1
9
2
15
1
3
1
40
2
11
2
29
1
5
1
38
2
8
1
15
5
12
1
45
2
4
1
11
1
8
1
66
3
2
2
54
1
14
2
9
2
3
2
34
3
5
2
16
2
12
3
5
4
13
1
33
4
2
3
28
7
10
3
4
11
12
3
49
4
1
1
8
13
1
2
30
5
6
3
3
3
14
1
65
1
9
3
61
9
4
3
41
2
2
2
53
1
12
1
47
2
12
1
53
1
7
2
43
5
10
