3
13
8
14
2
63
2
9
3
27
4
13
3
44
7
13
1
42
2
2
2
2
2
1
2
71
2
14
3
6
6
13
1
60
1
5
2
42
3
8
1
17
4
4
3
49
8
1
3
23
2
7
1
68
2
11
2
26
1
12
3
12
4
3
1
3
9
10
3
38
5
10
1
37
2
2
3
16
6
8
2
27
2
13
3
30
26
8
1
10
8
3
2
39
2
1
3
29
4
2
1
40
2
14
3
32
6
1
1
66
3
3
2
60
4
10
3
45
1
14
2
17
3
12
2
37
2
10
1
12
14
1
2
67
1
8
2
44
3
2
1
63
2
6
3
29
7
8
3
38
3
9
2
7
2
4
1
44
1
2
2
53
2
8
3
61
4
5
1
27
3
4
1
29
2
9
2
41
5
6
1
49
1
1
2
14
1
1
2
38
3
11
1
52
1
10
2
23
3
11
3
5
4
10
2
52
6
12
3
33
10
3
2
55
1
13
3
1
4
6
3
10
5
5
2
2
1
7
1
23
3
1
2
12
2
11
2
23
2
5
1
11
12
12
3
41
1
1
3
12
2
9
2
9
3
5
3
42
3
11
2
13
1
3
3
3
7
12
1
23
1
4
1
54
1
8
3
1
2
2
3
53
1
12
2
47
3
3
3
54
1
3
1
34
11
14
3
3
2
1
2
49
1
2
1
14
2
7
2
14
3
9
1
45
1
2
3
47
4
1
1
61
2
2
1
16
3
12
1
38
1
10
1
40
3
1
3
32
3
4
2
11
1
7
3
43
3
10
1
38
2
3
3
47
8
12
3
4
26
5
1
7
6
3
1
18
3
14
1
55
1
8
3
68
9
9
2
32
3
1
1
39
2
9
2
36
4
13
3
35
4
11
1
42
1
3
3
39
7
14
3
2
11
12
1
41
2
1
1
22
3
2
3
43
6
2
3
44
2
10
2
34
2
8
2
68
3
12
2
33
1
3
1
68
1
6
3
15
8
4
1
43
3
3
3
7
2
6
1
29
1
5
2
8
2
10
1
1
1
12
1
12
13
9
3
2
10
2
3
71
4
4
3
33
4
7
2
28
3
11
2
4
3
9
2
63
3
10
2
45
4
12
2
31
3
3
2
43
2
11
1
39
1
8
1
47
2
9
1
66
1
13
3
41
2
13
3
26
6
12
1
67
1
4
1
43
2
8
3
22
9
10
2
31
5
7
3
7
5
3
3
8
13
12
1
11
2
7
2
39
3
11
1
33
8
4
1
35
4
10
2
66
2
11
3
25
2
5
3
36
9
3
3
9
13
5
3
49
6
1
3
28
7
13
1
47
3
7
2
7
1
6
3
22
3
1
2
42
1
13
2
54
1
6
2
34
1
3
2
37
4
14
2
10
1
8
2
54
2
11
3
61
9
14
3
39
3
10
3
14
5
4
1
30
9
11
2
10
3
6
2
38
5
1
1
1
3
8
2
53
1
10
1
15
3
9
3
25
7
4
1
5
2
5
1
22
1
13
1
6
1
14
2
61
1
5
1
65
1
13
1
9
8
4
2
15
2
4
1
8
11
6
2
45
1
6
2
35
1
1
2
25
3
10
3
15
10
8
2
36
2
11
3
67
35
2
1
36
2
12
3
66
4
7
1
30
1
7
2
40
1
1
2
65
4
2
1
28
1
4
2
44
4
13
1
8
2
6
3
31
29
6
3
10
2
9
3
53
5
1
1
32
6
10
1
36
1
11
1
2
3
5
3
5
3
7
3
17
6
7
3
65
3
14
2
71
3
12
2
47
2
13
1
71
3
9
2
1
1
10
1
26
1
11
1
15
5
13
3
63
3
1
1
71
1
8
1
13
3
3
3
60
19
10
1
65
2
14
2
4
2
1
3
11
24
3
2
6
1
11
3
17
1
8
2
60
2
5
2
8
3
6
1
33
3
1
3
40
1
14
3
13
6
7
3
55
4
7
2
49
2
7
1
31
7
5
1
10
4
1
3
18
7
14
3
37
11
5
2
32
4
3
3
71
2
5
3
18
21
1
2
29
2
12
1
6
2
8
2
67
2
10
2
28
1
13
3
34
10
4
3
35
1
6
2
1
3
1
2
41
4
1
3
27
16
5
3
8
2
11
1
27
1
5
1
35
2
9
1
49
2
2
2
29
3
12
3
54
2
4
1
4
8
1
2
18
2
2
2
66
1
2
3
60
2
11
2
12
3
7
2
68
4
6
2
30
1
14
2
15
3
2
3
11
17
12
3
63
9
13
1
41
1
3
3
4
10
9
3
68
12
8
1
67
3
7
1
32
1
13
3
28
2
5
1
52
3
6
1
45
2
7
2
18
3
10
1
3
10
14
1
54
3
1
2
13
2
1
3
23
10
6
3
6
4
7
2
55
3
10
1
53
1
11
2
5
3
14
2
33
2
8
3
26
1
3
1
5
1
14
1
26
3
1
3
14
1
3
1
14
20
3
2
30
5
1
1
9
5
1
1
34
10
7
1
28
3
8
3
30
20
3
3
36
12
7
1
55
2
4
3
66
9
8
2
27
3
11
1
37
1
10
1
31
1
11
2
52
2
1
1
7
11
10
1
16
4
4
2
35
2
13
1
17
7
12
2
61
3
7
1
25
3
7
2
17
1
6
3
55
3
7
2
25
1
5
2
26
3
11
3
65
5
11
2
5
2
4
1
4
3
11
3
9
28
7
2
65
3
2
2
11
2
6
3
67
12
6
1
60
2
5
3
31
1
4
3
45
5
9
1
25
1
3
2
3
2
12
1
13
8
14
3
40
6
11
3
16
2
2
2
16
1
6
2
22
2
9
3
34
7
4
2
3
3
3
2
6
3
1
1
53
2
6
3
42
4
8
1
61
1
5
1
2
2
9
3
52
14
3
1
63
1
2
1
44
4
5
2
43
1
13
1
18
12
1
2
40
4
1
2
16
2
2
3
52
15
7
3
37
3
9
2
9
1
4
2
22
3
11
