3
18
1
7
3
31
2
12
1
22
2
4
3
63
2
11
3
18
6
6
3
53
6
12
3
43
2
14
2
68
1
9
3
52
10
4
3
12
6
11
1
71
3
11
1
28
1
14
2
25
3
5
3
28
7
2
2
45
2
2
3
6
6
12
2
66
1
7
1
66
1
7
2
13
3
5
3
25
3
2
1
7
3
8
3
45
3
14
2
37
1
12
3
44
2
6
2
18
1
1
1
47
2
6
2
30
2
12
1
3
5
10
2
2
3
6
1
31
1
5
3
14
15
1
3
8
1
1
3
6
4
8
2
44
5
9
1
43
1
13
2
39
2
10
1
26
2
9
2
67
2
11
2
28
1
6
1
45
2
13
1
4
3
14
1
39
3
3
1
61
2
2
2
15
3
8
2
10
1
6
3
33
9
10
3
45
1
4
2
53
2
5
2
40
4
1
3
17
3
6
1
54
3
6
3
7
4
13
1
7
8
6
3
29
12
7
1
55
2
9
2
7
3
12
2
35
3
1
2
36
1
4
3
55
9
10
3
37
4
10
1
23
3
1
1
1
3
13
1
41
1
10
1
60
1
8
1
14
8
7
2
33
1
14
2
23
2
11
3
1
2
14
3
22
6
9
3
2
6
7
2
42
2
8
2
7
2
5
2
6
2
3
2
29
3
3
3
36
8
11
3
35
8
8
2
54
1
13
1
34
5
6
3
42
1
1
2
66
3
12
1
2
4
13
2
12
3
5
2
11
1
7
2
16
3
9
3
5
4
5
2
34
1
6
1
8
10
4
2
65
3
1
3
53
5
7
1
33
1
14
1
65
1
12
3
32
12
9
2
45
4
4
3
2
4
8
2
11
2
10
1
38
1
3
2
15
2
7
1
49
1
5
1
16
4
5
2
17
3
10
3
23
8
4
3
40
1
1
3
39
4
8
3
27
12
7
3
15
13
8
1
6
2
1
1
44
4
5
2
3
3
14
2
18
3
12
3
4
26
7
1
1
2
11
3
34
7
10
3
1
8
10
2
32
1
5
3
63
11
13
2
49
2
14
3
54
2
14
2
1
1
2
1
17
16
12
1
60
2
8
2
28
3
10
1
13
9
10
2
9
3
6
2
52
5
2
3
32
11
9
1
26
3
14
3
14
20
7
2
55
3
10
2
9
2
8
3
49
4
7
1
47
1
9
1
32
1
12
1
25
3
9
1
11
1
12
1
33
4
12
3
60
10
11
2
16
1
3
3
13
9
2
3
61
5
11
3
38
12
8
2
27
2
10
1
65
2
7
1
16
6
7
2
14
2
13
2
22
1
10
3
26
2
11
2
47
1
11
1
71
1
14
3
11
19
2
1
13
1
8
1
30
5
1
2
13
1
2
3
16
4
4
3
3
9
10
1
23
2
9
3
15
11
12
1
68
2
6
3
47
1
3
2
3
1
13
2
36
3
6
1
63
2
3
1
5
2
13
1
45
1
7
1
29
2
8
2
12
1
1
2
55
1
11
2
2
2
2
1
28
3
4
1
49
2
7
1
41
3
1
3
16
8
11
2
43
4
2
3
30
28
4
3
31
24
10
2
31
2
8
2
5
1
10
1
53
2
5
2
40
3
5
1
34
6
10
1
14
13
14
1
22
1
5
3
68
1
3
3
66
7
8
2
22
3
6
1
40
3
5
1
36
1
14
1
67
2
13
3
66
3
1
1
15
5
1
3
41
1
10
1
2
1
6
2
39
4
7
3
40
2
10
3
35
3
7
2
1
3
8
1
61
3
12
2
27
3
2
3
49
6
3
3
10
11
9
2
49
4
5
2
8
1
12
3
38
2
4
3
36
5
4
1
9
11
7
3
30
10
3
1
68
3
11
1
18
10
7
1
15
3
3
2
34
3
12
3
54
1
12
3
9
14
6
3
27
2
3
2
41
4
2
3
29
9
12
1
8
9
12
2
25
1
4
1
54
2
3
2
52
4
14
3
61
10
9
1
4
2
3
2
6
3
7
2
33
2
1
1
52
3
11
1
42
2
8
1
31
4
9
2
4
3
13
3
33
11
11
3
8
5
10
1
37
2
13
3
39
6
9
2
10
2
2
3
23
3
2
1
66
2
2
2
54
2
13
3
42
2
5
3
52
2
10
3
34
6
12
3
10
17
9
1
42
1
14
2
32
4
9
3
12
7
11
3
71
4
8
1
63
1
2
3
43
7
10
2
4
2
5
2
17
1
7
2
61
2
14
2
65
2
6
3
67
18
9
3
68
7
13
2
53
1
8
3
65
7
8
3
55
16
9
2
60
3
2
1
5
1
14
3
71
2
3
1
30
16
11
1
32
3
4
1
18
11
7
1
43
3
14
2
26
2
8
1
25
1
2
1
12
6
10
3
60
5
1
1
27
1
12
2
8
2
7
2
30
5
13
3
28
11
14
2
5
3
4
2
42
3
8
1
9
2
3
1
3
6
4
3
41
2
4
3
65
19
8
3
26
4
2
3
25
9
9
1
35
1
4
1
12
11
10
3
3
6
12
1
17
5
7
1
6
1
7
1
37
1
8
3
22
11
9
2
61
1
14
1
55
1
2
3
47
4
10
3
44
4
5
3
11
2
1
3
17
11
14
1
35
2
6
1
39
1
7
1
11
4
13
1
10
5
8
2
37
3
7
2
63
3
7
2
35
2
3
2
68
4
3
2
63
2
3
1
44
1
12
3
37
1
10
3
7
5
4
2
47
4
13
2
60
4
1
3
13
2
6
2
38
4
9
1
27
2
2
1
10
6
9
2
71
3
3
2
43
5
1
1
53
1
9
1
40
2
4
1
29
3
4
3
5
2
2
3
9
20
8
3
4
9
1
2
44
2
5
1
38
3
9
2
29
2
3
2
31
3
8
1
36
2
2
1
67
1
8
2
14
3
11
2
71
1
14
2
26
1
1
2
38
1
8
2
67
1
11
2
23
1
2
2
41
3
8
3
67
8
10
1
52
1
10
