2
42
4
10
2
45
3
5
1
68
1
8
1
54
2
13
1
65
1
12
1
34
2
4
1
6
2
14
2
61
2
7
3
66
8
13
3
26
6
10
1
14
10
2
2
61
3
5
3
38
9
8
3
49
7
13
1
25
3
4
1
3
6
14
1
8
7
9
3
23
13
8
1
12
14
3
3
30
5
2
3
9
8
12
3
52
11
12
1
15
5
13
2
29
1
10
3
53
7
9
1
71
3
9
3
41
2
11
2
54
2
2
2
13
3
13
3
61
10
9
1
43
3
10
2
63
2
3
2
55
2
11
2
34
1
13
3
1
6
7
1
1
3
2
1
1
1
1
1
67
2
14
3
10
10
7
3
34
6
8
3
18
11
8
2
68
2
13
3
60
12
6
3
44
6
5
2
43
1
4
1
28
2
1
3
7
3
1
2
2
3
9
3
34
11
11
1
14
6
11
1
33
3
12
2
14
1
1
3
32
10
10
2
25
3
2
2
41
4
5
1
26
2
7
1
35
4
5
2
9
3
2
2
16
2
12
1
2
3
3
3
13
2
9
3
18
18
2
1
63
2
9
3
52
2
14
1
12
10
13
3
12
5
1
2
12
3
9
1
52
1
6
3
54
1
10
3
63
6
4
1
15
1
3
2
68
4
9
3
7
2
7
3
31
23
13
1
52
2
5
1
31
11
14
3
11
14
10
3
67
4
11
2
22
3
9
2
53
1
13
3
2
6
7
1
47
2
6
1
27
3
11
2
28
3
6
3
67
35
2
1
39
2
13
1
31
1
7
2
60
4
8
2
39
1
1
3
14
20
13
3
39
10
2
1
47
1
12
1
60
2
14
1
13
9
12
2
60
2
7
1
35
1
14
3
37
10
8
1
68
3
10
3
33
8
8
1
27
1
8
3
38
6
4
2
44
4
11
1
53
2
13
1
32
7
10
2
18
2
2
2
35
3
4
2
5
3
8
3
28
11
13
2
15
1
13
1
44
1
1
1
42
1
4
1
10
7
9
1
40
3
11
2
16
1
12
1
32
3
13
1
44
2
8
1
16
3
4
2
1
3
8
3
66
3
5
1
17
5
4
2
27
3
9
1
17
9
13
3
23
1
7
1
60
1
12
2
8
2
5
3
4
20
5
1
42
2
3
2
52
6
6
3
37
1
2
2
10
1
6
2
1
2
7
1
36
2
2
1
30
7
14
1
49
2
11
2
26
3
8
2
40
2
2
1
66
2
14
2
31
4
12
2
32
3
14
2
23
3
12
3
15
16
9
2
42
3
9
1
67
1
9
2
33
3
6
2
53
2
13
2
7
3
4
2
13
1
11
3
60
1
10
1
45
2
7
2
66
2
4
3
17
14
10
1
23
3
2
3
47
4
12
1
41
2
6
1
63
1
12
3
47
5
3
1
7
3
6
1
5
2
11
3
29
3
9
2
38
5
5
2
3
3
7
1
61
2
10
2
49
4
10
3
33
23
10
1
10
6
14
1
22
1
12
2
17
2
12
1
40
2
9
3
63
8
5
2
32
2
5
1
34
5
14
2
67
1
5
2
40
4
6
1
38
2
9
1
11
7
3
2
47
3
9
2
52
5
13
2
71
1
7
2
26
4
3
2
30
2
8
3
31
13
3
3
28
1
14
2
10
3
10
3
17
1
3
1
18
3
1
1
7
7
2
1
49
1
9
2
14
2
7
1
13
3
2
2
8
1
10
2
3
1
8
3
16
4
2
1
66
3
3
3
12
7
3
1
55
1
14
2
67
2
1
3
45
2
5
1
16
5
10
3
68
14
7
3
25
5
10
3
6
5
5
1
28
1
9
3
8
9
2
1
29
1
12
3
43
6
3
3
11
8
11
1
23
1
14
2
30
4
1
2
22
1
14
2
39
3
5
1
2
2
4
1
5
1
8
3
41
4
12
3
45
4
11
2
55
3
7
2
5
1
1
1
61
1
6
3
39
7
6
2
27
2
2
1
37
1
4
1
11
3
4
1
9
1
4
3
43
7
1
3
65
19
10
2
36
3
6
1
22
3
5
1
43
1
13
3
3
8
9
3
25
9
14
1
41
1
5
2
65
2
12
1
4
6
7
3
2
7
2
1
65
2
11
2
11
3
9
2
37
1
6
3
27
17
1
2
9
2
12
2
6
1
13
1
39
3
9
3
8
6
5
3
22
9
14
2
38
3
13
3
22
3
1
1
37
2
12
1
45
1
14
1
36
3
14
3
61
8
8
2
37
3
10
2
33
1
1
3
5
5
9
3
35
5
1
2
29
2
1
3
49
6
9
2
7
2
6
1
8
16
4
3
1
10
12
1
54
3
2
1
25
1
12
1
3
7
12
2
71
2
4
2
34
2
13
3
54
2
6
2
35
2
12
3
26
9
12
3
42
2
6
3
68
2
11
3
15
12
3
1
38
3
14
2
6
2
11
3
16
8
7
2
23
1
12
3
36
4
11
2
49
2
11
2
66
1
3
3
10
5
11
3
35
7
2
3
40
5
8
3
13
6
6
3
42
4
2
2
54
1
12
1
29
3
11
2
17
1
9
2
2
2
8
2
4
3
11
3
14
25
5
1
18
12
5
1
30
18
8
2
63
1
9
3
6
2
8
3
53
2
9
2
45
2
14
3
40
4
10
1
71
2
7
2
31
5
6
2
12
2
12
2
25
1
3
3
44
10
4
1
6
1
11
3
55
13
10
3
36
1
12
2
18
3
2
3
3
7
11
1
26
1
9
3
5
2
13
3
29
5
7
2
4
1
3
2
65
1
10
1
53
1
8
2
44
5
13
3
65
13
4
1
9
11
13
2
47
4
1
3
30
28
11
2
28
1
3
2
15
2
2
2
36
4
2
1
33
8
7
3
27
1
4
1
55
2
13
3
32
2
10
2
43
4
14
3
9
9
12
1
4
8
10
3
71
4
12
2
11
2
11
3
4
18
5
3
71
5
9
2
41
1
9
3
55
5
4
