3
68
13
4
2
23
1
11
2
30
2
4
1
44
4
12
2
6
1
4
2
71
3
4
2
1
2
4
1
15
1
1
3
45
3
2
2
7
3
5
3
13
4
6
1
45
1
10
1
45
2
7
3
33
6
2
1
52
3
14
2
5
2
11
1
41
2
12
2
27
1
4
2
7
1
2
3
7
4
1
2
49
2
5
1
22
2
4
3
39
9
4
3
18
3
4
3
61
10
13
3
1
3
5
3
68
10
6
3
4
21
6
2
12
1
11
3
12
6
4
1
68
1
7
3
22
5
6
2
14
2
14
2
33
2
8
2
36
4
11
2
54
1
11
3
39
3
6
2
40
4
6
2
28
3
13
3
66
7
7
3
2
1
5
1
9
12
3
3
49
3
1
3
33
20
4
2
49
4
9
3
63
3
12
3
5
1
4
2
42
2
6
1
28
3
6
2
5
3
9
2
44
5
7
1
55
2
11
1
38
1
8
2
15
3
12
1
18
6
14
3
11
24
1
3
2
11
6
2
41
1
1
3
27
9
11
2
53
2
12
2
14
3
10
2
39
1
12
1
42
2
9
3
54
1
10
2
32
1
5
3
61
4
7
1
41
3
4
1
53
1
4
3
5
5
5
1
35
3
1
1
23
3
8
3
17
15
10
1
17
11
4
3
25
6
5
2
40
2
10
3
26
1
1
1
17
12
6
1
44
2
3
2
55
3
1
3
22
9
12
2
11
1
8
1
31
2
9
3
38
5
3
1
37
2
11
1
10
6
12
2
26
3
9
2
61
1
10
3
40
6
8
1
13
5
4
3
42
1
14
2
10
3
10
3
66
2
7
2
31
2
2
2
45
1
4
1
6
1
11
3
42
2
13
2
31
3
2
3
16
1
6
3
3
1
1
3
54
2
5
1
60
1
6
1
3
9
6
1
32
4
6
3
38
1
1
2
63
1
1
2
17
2
6
2
8
2
8
1
65
1
12
3
23
1
5
2
47
1
7
1
61
1
7
2
52
5
5
3
34
8
7
2
30
1
14
1
37
1
6
3
65
18
11
1
14
5
13
1
13
9
8
1
5
2
3
3
13
5
10
1
2
7
10
2
54
2
5
2
35
1
6
2
12
2
2
2
38
1
6
2
63
3
13
1
3
7
9
1
66
2
9
2
67
2
10
2
16
1
13
3
40
4
5
3
14
15
8
1
40
2
10
1
68
2
10
2
68
2
1
1
28
2
10
1
34
8
7
1
16
4
12
1
5
1
4
2
47
2
7
1
11
3
12
2
43
1
7
1
53
2
8
2
29
2
3
3
67
11
1
1
8
4
14
1
43
3
5
1
26
2
2
3
47
4
9
2
61
3
11
2
65
1
10
1
43
1
5
1
27
3
10
3
55
5
3
1
27
1
6
2
18
1
6
1
7
6
14
2
11
3
6
1
36
3
7
2
71
2
4
1
26
3
11
1
7
10
9
1
22
3
2
3
15
15
13
3
10
20
5
1
32
5
3
1
29
3
14
3
36
9
8
3
35
1
2
3
44
10
5
1
15
3
6
2
4
2
1
2
36
1
9
2
3
1
8
1
52
1
14
2
34
1
14
3
53
2
3
3
34
7
3
3
15
11
1
2
65
3
6
1
63
2
9
1
30
17
10
3
67
35
14
1
40
3
8
2
6
3
14
1
47
1
2
3
7
5
12
2
39
3
4
2
52
4
3
2
22
2
14
2
32
4
4
1
66
1
6
3
49
2
1
3
10
26
3
2
67
1
10
3
52
11
7
3
45
4
3
2
29
1
12
3
44
3
9
2
13
2
3
3
65
6
14
3
43
5
2
1
63
1
9
2
68
1
9
2
34
2
5
1
55
1
11
2
23
3
3
1
54
1
10
3
29
11
14
2
66
2
6
1
10
4
1
1
12
4
2
3
11
10
4
3
9
11
7
1
49
2
8
3
8
15
11
2
16
2
14
1
14
11
14
3
3
6
11
1
31
13
8
2
41
4
14
3
6
6
13
3
26
10
3
1
71
2
5
1
33
5
13
3
52
4
5
1
61
3
11
3
53
7
11
1
18
5
6
2
43
5
8
1
49
1
10
3
36
11
11
2
60
4
11
2
3
3
7
2
37
2
12
3
41
3
8
3
47
1
4
2
25
2
1
2
55
2
7
1
30
1
1
3
30
28
11
1
67
3
11
1
47
2
12
2
37
4
2
3
37
5
7
1
39
4
2
3
35
2
6
2
25
1
11
1
1
3
10
2
27
2
13
3
12
3
10
1
2
4
12
2
38
2
9
3
32
5
5
3
43
6
1
2
45
2
12
1
25
3
2
3
4
11
8
1
38
3
9
1
11
9
13
2
4
3
2
3
6
4
6
3
17
17
11
3
28
8
3
2
22
1
13
3
14
20
1
3
41
1
7
1
36
2
3
2
9
3
2
3
29
3
3
3
31
12
4
2
15
1
11
1
67
2
5
2
26
1
1
3
60
24
6
1
23
2
13
3
60
1
11
2
2
1
5
2
2
3
1
2
44
2
11
3
28
11
3
2
28
1
1
1
33
3
10
3
23
19
4
1
39
2
9
1
25
2
14
1
35
1
7
1
4
5
2
1
4
1
14
2
33
3
10
2
1
3
10
1
6
2
8
3
25
1
1
2
35
2
13
2
60
2
10
3
1
9
4
3
32
3
6
1
1
1
10
3
63
1
9
1
65
2
3
2
17
1
8
3
37
1
6
1
12
12
8
1
71
1
5
2
13
3
12
3
31
4
9
2
9
2
2
1
16
7
4
1
60
2
2
2
66
1
8
3
27
12
8
2
53
1
5
3
18
1
10
1
8
10
8
3
55
15
2
3
16
3
11
1
9
11
8
1
42
1
6
1
29
1
14
1
54
3
8
2
8
3
9
2
10
2
9
2
18
3
4
3
71
4
13
3
30
9
13
3
71
3
4
2
42
1
10
3
8
12
5
3
9
20
3
1
34
5
12
