1
47
1
11
1
16
7
2
1
37
1
3
1
54
2
1
1
44
3
10
2
42
1
12
3
44
7
2
2
14
2
7
1
36
3
12
1
2
7
7
2
65
2
8
2
25
3
14
3
55
12
8
1
34
9
4
1
6
1
10
1
17
15
5
1
35
2
12
2
29
2
3
2
53
3
4
2
16
3
6
1
25
1
9
3
31
4
1
1
12
9
1
2
26
4
5
3
52
15
1
3
37
12
2
3
17
12
9
3
49
2
6
2
5
3
3
1
67
3
13
3
60
11
11
1
26
1
12
2
41
1
13
3
53
2
11
2
54
1
3
2
4
3
4
3
5
2
6
1
54
1
12
2
16
2
1
1
25
3
8
3
52
17
14
1
52
1
1
1
33
4
11
1
38
1
2
2
39
1
5
2
27
1
13
3
54
1
4
3
1
10
7
1
40
1
2
2
18
3
12
3
25
2
6
3
1
3
8
1
42
2
4
3
7
2
10
3
35
2
8
3
12
6
10
1
63
1
7
2
63
3
2
2
13
1
7
2
1
3
3
1
43
3
2
3
41
4
6
3
36
10
4
1
11
7
11
2
28
1
2
2
71
2
13
3
18
17
14
3
27
6
3
2
23
1
14
3
36
8
10
3
4
2
13
1
6
2
4
1
67
1
2
3
15
16
6
2
25
2
6
2
36
2
10
3
3
5
13
1
18
8
12
3
55
1
2
3
40
3
9
2
22
2
1
3
63
11
1
3
43
3
13
1
5
2
2
2
30
3
7
3
4
14
5
3
38
6
10
3
41
2
3
2
68
3
10
1
38
2
14
1
60
1
11
1
28
1
10
1
35
4
5
2
27
3
4
1
42
1
11
1
3
6
3
2
66
1
7
3
15
3
2
3
13
9
10
2
37
1
12
1
12
15
5
2
10
3
14
1
33
6
1
2
53
1
13
2
42
4
3
1
32
2
11
1
22
2
4
1
65
1
2
2
13
3
14
2
31
1
8
3
34
10
9
1
68
1
8
2
61
2
5
1
16
2
7
1
26
3
12
3
63
6
10
1
49
1
3
2
32
4
12
1
32
6
10
1
3
10
10
3
37
6
7
1
4
8
3
2
1
2
11
1
53
2
5
2
67
2
13
3
30
8
3
2
8
1
12
1
27
2
10
1
34
11
13
2
8
2
11
3
45
5
4
3
31
29
4
3
22
3
8
2
32
2
3
3
3
3
14
1
7
1
9
3
65
1
2
1
11
10
9
1
31
12
3
1
5
1
6
3
5
1
14
1
28
3
8
3
8
20
13
3
32
10
5
1
18
11
4
2
49
1
3
3
40
4
4
1
10
3
7
2
15
2
2
3
35
8
6
3
44
4
3
2
71
3
12
3
61
8
9
2
9
1
9
2
44
1
12
2
45
3
1
3
61
2
6
3
34
2
5
3
11
8
1
2
26
3
7
3
39
9
1
1
8
3
6
2
34
2
3
3
49
8
1
2
14
3
5
1
61
2
9
1
14
18
6
3
17
5
12
2
67
1
6
1
31
6
14
2
6
1
4
3
11
20
10
3
27
15
13
2
7
1
14
1
15
2
12
3
42
2
5
2
55
3
14
1
10
5
9
1
14
17
8
3
66
2
7
3
33
1
9
2
5
2
9
2
40
3
12
1
45
1
9
2
43
2
9
3
43
6
13
1
66
3
3
1
30
17
1
1
39
4
12
3
14
9
10
1
8
10
1
3
33
22
6
2
45
1
9
2
38
4
8
3
6
3
1
2
68
4
14
1
9
2
11
1
66
2
12
1
15
4
11
3
42
4
13
1
30
9
10
1
22
3
8
2
34
1
6
1
23
3
12
1
41
1
14
3
54
2
14
2
38
5
1
2
61
1
3
3
14
2
11
2
2
2
12
2
7
2
10
1
37
2
8
3
60
26
14
2
40
1
1
2
60
1
4
2
28
3
10
2
6
3
2
1
47
3
14
3
22
6
5
2
29
3
5
1
49
2
7
3
9
17
8
3
29
6
11
2
30
4
12
3
29
18
12
3
68
8
9
2
54
2
7
1
13
4
1
3
32
1
1
3
47
10
7
3
10
21
10
2
2
1
10
2
17
3
5
3
71
4
5
3
10
11
2
2
36
3
9
3
66
9
11
3
25
8
4
2
11
1
3
3
16
7
1
1
17
11
3
1
43
2
10
2
47
1
7
2
63
1
9
3
28
11
2
3
39
3
10
1
63
2
9
1
36
2
7
3
53
4
12
1
39
3
14
1
2
2
10
2
47
2
8
2
11
2
2
1
29
3
1
2
41
5
14
2
65
1
11
2
35
3
4
3
47
1
8
1
29
2
1
1
60
2
10
2
66
2
1
1
71
2
9
1
65
2
3
3
18
10
4
3
12
7
9
3
23
17
10
3
65
21
1
3
8
12
9
2
12
1
4
3
30
17
9
1
13
7
8
1
53
1
3
3
13
3
10
2
3
1
10
2
39
2
8
2
12
2
4
2
33
2
6
1
55
1
14
3
68
9
7
2
3
2
13
2
23
3
3
3
38
1
13
1
1
3
3
1
61
3
5
2
18
4
8
1
68
3
8
1
1
2
9
3
7
5
10
1
55
2
1
2
22
1
2
1
45
2
13
3
71
1
4
1
4
5
12
3
6
6
9
1
7
9
13
2
37
4
5
2
52
1
5
2
44
4
11
1
41
2
1
3
28
12
10
2
15
1
14
2
4
1
6
2
60
2
7
1
44
1
13
2
43
1
2
2
35
1
6
3
26
1
12
3
23
6
5
2
9
3
10
3
45
1
6
1
40
3
4
2
17
2
2
2
52
5
14
2
55
2
5
3
67
22
11
3
67
2
4
1
71
1
13
3
9
14
8
3
16
3
13
3
2
12
6
1
9
4
7
3
2
8
14
1
27
3
11
1
52
2
2
2
10
1
9
1
23
1
9
2
33
3
1
2
49
4
5
3
26
6
10
2
31
5
11
