1
31
17
13
3
31
22
5
2
55
2
6
3
11
8
5
2
66
3
12
1
2
6
3
3
47
7
1
2
3
1
9
1
23
2
2
2
17
1
12
3
42
4
8
1
14
12
13
3
7
2
2
3
4
6
13
1
10
8
11
3
43
7
14
3
66
4
11
1
33
1
14
3
31
18
14
2
6
2
5
2
35
2
12
1
33
5
8
2
12
1
13
3
28
9
8
2
34
1
11
2
7
3
10
3
61
5
10
3
17
2
5
3
55
16
8
1
42
1
5
1
12
7
3
3
71
1
10
3
17
6
9
3
29
13
3
2
6
1
13
1
26
3
13
3
2
9
6
1
12
15
14
3
29
11
5
2
25
3
1
3
5
1
4
2
12
2
9
2
14
1
12
1
61
1
12
1
47
3
13
3
3
7
6
1
13
7
12
3
26
12
13
2
4
1
7
1
71
3
5
2
55
1
3
2
15
3
14
3
53
6
14
1
53
1
4
2
16
3
8
2
27
1
3
3
47
5
8
2
29
2
2
2
35
1
11
3
55
8
6
1
6
2
4
1
3
10
11
2
30
2
7
1
39
4
13
1
7
8
4
1
10
5
7
2
53
1
11
3
52
1
7
2
63
1
4
1
6
1
4
2
26
2
9
3
44
10
6
2
11
2
9
1
29
2
10
3
18
9
10
3
30
22
4
2
9
2
12
1
60
2
11
3
25
5
10
1
45
1
5
3
25
2
9
3
26
3
10
3
10
17
1
1
16
4
13
1
15
4
5
1
27
2
14
2
38
2
14
1
39
1
14
3
61
3
3
2
10
2
12
3
68
12
1
2
44
5
14
1
63
1
4
2
36
5
11
1
37
1
12
3
49
4
14
3
7
3
3
2
41
1
5
3
45
5
5
2
32
3
10
2
37
2
12
3
13
1
12
1
54
1
1
2
2
2
12
3
10
15
6
1
5
1
11
1
36
2
14
3
6
2
9
1
4
5
11
2
68
3
4
1
9
5
7
3
14
24
5
3
71
5
6
1
38
2
4
2
65
1
13
1
32
5
10
1
32
2
9
2
45
2
10
2
28
2
13
2
26
3
11
2
66
2
7
3
41
2
4
3
67
26
5
1
47
1
13
2
2
3
11
2
16
1
13
1
55
1
12
1
37
2
4
3
38
12
8
1
54
3
5
3
66
6
5
2
18
3
13
1
38
1
9
2
11
3
10
3
36
1
7
3
12
2
11
3
68
3
14
3
27
7
4
3
15
4
11
2
52
5
3
3
37
11
5
3
16
8
2
2
42
4
12
1
4
3
12
3
65
19
12
1
31
12
11
1
49
1
3
1
25
3
2
1
9
4
6
2
37
1
14
3
60
9
5
2
47
2
6
2
67
1
13
1
3
6
10
3
43
2
9
1
40
3
10
3
33
23
6
2
49
4
3
3
4
26
4
3
63
11
2
3
49
2
14
1
63
2
3
3
60
28
12
1
41
2
8
2
36
2
6
2
53
2
14
2
52
6
9
2
47
4
2
3
38
11
11
2
60
1
4
2
33
1
13
1
43
1
9
1
52
3
13
2
13
1
7
2
45
1
7
3
23
7
5
3
41
4
9
1
18
8
6
1
67
1
13
1
40
2
13
3
22
8
3
1
17
8
1
2
13
2
2
3
8
1
2
2
31
1
2
3
28
6
7
3
54
1
7
1
27
3
11
3
18
3
4
3
22
10
12
2
9
3
3
3
15
12
11
1
30
16
5
1
29
1
13
2
32
1
11
1
34
9
13
1
68
1
14
2
18
1
11
1
65
2
7
1
71
1
13
1
15
1
12
2
15
1
8
1
65
1
5
3
44
4
7
3
54
2
1
2
43
1
7
1
16
2
8
3
40
2
4
2
5
1
12
2
8
2
10
2
5
3
13
1
1
1
6
2
29
1
3
1
25
1
10
3
34
4
11
3
16
1
9
1
52
2
5
2
54
1
13
2
22
2
9
1
44
1
3
2
17
3
13
2
7
1
10
2
42
2
3
2
3
2
5
1
14
6
3
1
49
2
11
3
32
8
5
2
10
1
1
3
39
4
5
2
40
4
12
2
61
3
7
3
35
7
8
3
23
1
8
2
33
2
2
3
40
4
12
1
22
1
14
1
26
2
14
2
67
2
6
1
36
3
4
2
38
1
3
3
27
14
4
1
8
11
8
1
17
16
10
1
55
2
2
3
14
23
14
2
1
1
12
1
34
10
1
2
4
3
4
3
1
6
6
2
27
3
7
1
43
2
12
3
32
3
1
1
7
2
2
1
42
2
13
2
28
1
3
3
2
4
3
2
71
1
8
1
53
2
5
2
44
2
14
2
54
2
5
1
66
2
3
3
13
4
6
2
8
3
8
1
30
9
3
3
65
18
5
3
37
7
8
2
39
3
6
1
1
3
10
1
45
2
2
1
13
8
4
2
14
2
9
2
68
1
13
3
34
5
10
2
39
2
1
3
45
4
11
2
61
1
4
3
9
25
8
2
71
3
9
3
42
2
3
1
68
2
9
3
52
11
1
3
67
14
8
2
43
4
8
2
49
3
1
1
44
3
13
3
36
8
2
3
5
5
4
3
35
1
9
3
6
4
12
1
11
8
4
1
61
2
2
3
11
9
6
1
22
3
12
3
33
2
13
2
30
1
5
1
35
3
11
2
25
2
7
2
40
3
13
3
12
7
14
1
41
3
13
1
28
2
1
2
34
3
10
1
66
1
11
2
23
2
9
2
23
1
10
1
2
5
11
2
41
5
8
3
53
5
2
2
65
4
14
3
3
1
8
3
39
5
9
3
63
8
3
1
67
3
3
1
18
1
2
1
23
3
13
2
31
5
3
1
28
3
9
3
9
22
1
2
63
2
8
1
8
4
13
1
35
4
5
2
22
1
7
2
1
3
12
2
60
3
6
3
1
9
13
1
60
1
8
3
30
3
3
1
5
2
8
3
8
16
1
1
11
9
4
