1
2
5
1
3
11
1
12
1
5
1
3
2
71
3
12
1
22
3
1
2
33
3
4
1
68
1
10
2
8
2
2
2
22
1
8
2
9
2
9
3
29
14
9
3
55
13
7
2
5
2
5
2
1
3
12
1
11
11
7
2
15
2
7
2
10
3
3
1
67
3
12
1
4
2
5
2
40
2
12
2
36
2
1
2
11
2
10
1
41
3
9
2
7
3
13
1
14
9
6
1
47
1
8
2
61
3
1
1
44
2
2
2
36
4
9
3
60
20
7
3
7
4
4
2
5
3
3
3
4
7
14
3
7
3
12
1
35
4
2
1
37
2
9
2
71
1
2
2
22
3
12
1
31
5
7
3
32
12
11
3
67
31
11
2
42
2
8
1
36
2
8
2
3
3
4
3
65
9
11
1
33
6
5
2
35
1
10
2
23
3
4
2
60
3
11
3
35
5
4
1
23
3
2
3
11
16
12
3
4
12
1
3
71
4
10
2
45
4
14
2
30
3
4
3
53
2
10
2
31
1
7
3
1
5
12
1
63
2
1
2
67
2
4
2
35
3
11
1
17
5
11
2
47
1
14
3
16
5
7
1
63
1
3
3
61
6
2
2
65
3
14
1
11
7
7
3
42
4
7
1
66
2
11
3
9
32
6
3
18
19
11
2
3
2
6
2
45
1
4
3
39
7
1
3
44
7
3
2
25
1
6
1
65
2
9
1
37
1
13
1
31
10
5
3
43
3
6
1
38
2
13
3
23
10
11
2
42
1
12
2
34
1
11
1
53
2
10
1
2
2
14
2
29
3
7
3
5
3
4
2
32
3
1
1
3
3
5
3
49
6
11
2
53
1
13
1
53
1
4
1
29
1
7
2
41
4
8
3
13
5
2
3
49
3
10
1
29
2
1
3
36
9
6
1
10
2
9
3
52
13
2
2
6
1
11
2
55
3
9
3
14
19
4
3
10
21
2
2
68
2
1
1
36
3
10
2
54
2
2
3
3
10
9
3
47
8
7
3
31
4
1
3
6
1
7
3
53
4
8
2
54
1
12
2
14
3
14
1
12
16
9
2
27
2
10
2
44
4
3
1
49
2
4
3
33
7
6
3
1
7
2
1
67
1
7
3
60
26
4
1
27
1
12
3
54
2
10
1
18
3
2
1
28
1
12
1
12
7
5
3
26
12
7
3
12
2
4
1
40
3
8
3
2
5
8
3
8
3
10
1
10
4
5
3
42
1
1
1
52
1
8
1
34
2
14
2
1
2
6
3
68
11
3
2
7
1
3
3
27
5
10
2
2
2
12
1
43
2
1
1
38
1
2
3
63
1
8
2
49
3
5
3
25
8
8
3
67
14
8
3
33
21
11
2
67
1
12
1
33
2
14
2
17
1
8
3
65
20
13
3
47
1
7
1
39
4
9
2
49
1
6
2
29
1
9
2
52
5
5
2
13
2
6
3
15
3
8
1
61
3
13
1
49
1
8
1
16
2
13
1
7
10
6
3
28
2
1
1
9
3
10
3
44
10
5
1
42
1
13
2
33
2
14
3
17
7
14
3
27
13
7
1
9
6
7
1
32
4
1
2
15
3
6
2
10
1
11
1
61
2
5
2
28
2
7
3
38
4
9
3
3
8
1
1
35
3
8
2
39
3
9
1
25
3
6
2
44
1
9
2
17
3
5
3
18
4
4
2
2
3
1
1
34
3
6
1
8
12
9
3
32
1
9
2
14
2
1
2
53
3
4
3
6
2
14
1
47
3
4
2
39
4
6
3
45
2
6
1
40
1
4
1
54
3
8
3
22
7
12
1
6
2
5
2
31
2
12
1
6
1
3
1
13
6
4
2
63
1
3
1
54
1
12
2
16
1
3
2
11
1
1
2
8
3
14
2
12
2
11
3
36
14
3
1
13
1
8
3
34
1
7
3
40
2
1
1
16
3
4
2
37
4
12
1
71
2
8
2
25
2
9
2
26
3
4
1
15
3
7
2
47
2
4
2
4
3
4
2
63
2
12
2
18
3
7
3
28
5
10
1
52
3
2
3
22
12
4
2
18
2
5
1
60
2
5
2
52
2
3
1
5
2
2
3
35
3
4
3
37
4
14
2
37
2
12
3
23
1
3
3
29
18
11
2
66
2
4
1
4
4
6
1
30
16
6
1
55
2
6
1
71
1
7
2
4
2
13
3
68
14
14
3
45
1
8
1
28
2
2
2
66
1
12
2
12
3
2
1
41
1
12
3
5
5
2
2
16
3
12
2
41
3
7
1
1
1
11
2
26
2
3
3
41
1
9
1
55
1
14
3
43
5
9
2
65
1
7
1
1
2
12
1
60
1
3
3
8
2
9
2
38
2
3
1
8
13
5
1
32
3
4
1
65
1
10
1
15
2
9
1
68
3
14
1
25
1
12
1
17
14
6
2
6
2
1
3
17
14
9
3
15
13
3
2
61
1
4
3
71
2
10
3
9
12
13
3
41
3
7
3
39
6
14
3
55
10
7
2
9
1
9
3
52
3
1
3
66
7
13
1
27
3
3
1
18
9
6
3
13
9
4
3
37
6
10
3
10
19
8
1
39
3
14
1
42
2
10
2
40
3
4
1
7
7
12
2
38
3
2
2
32
4
10
1
22
1
7
3
30
4
8
1
26
3
5
3
63
8
5
1
26
1
3
3
34
11
9
1
3
1
2
1
45
2
11
3
40
5
7
3
26
6
4
3
54
1
14
2
30
5
1
3
30
12
3
3
14
12
9
2
27
1
8
1
45
1
6
1
14
5
10
1
30
17
6
2
43
4
12
2
68
4
12
3
25
2
13
1
23
1
14
1
44
1
4
3
66
5
14
2
28
1
11
2
60
4
12
3
38
12
9
3
16
1
5
3
12
1
9
3
61
7
5
1
43
1
3
1
66
1
14
2
34
2
10
2
55
2
1
2
23
2
6
3
31
25
10
2
43
3
13
3
2
9
9
2
13
3
6
