3
49
2
7
3
27
11
9
2
63
1
8
3
67
10
6
1
45
1
2
2
22
3
9
2
9
3
10
2
36
2
1
3
71
1
12
2
5
3
9
2
60
4
6
3
17
5
8
2
65
1
13
1
68
2
13
1
29
1
7
2
67
2
1
2
26
2
10
1
9
4
9
1
67
3
6
1
11
1
6
2
22
1
2
3
32
5
14
1
63
2
2
3
40
6
5
2
10
2
12
2
34
3
12
1
7
3
13
1
34
10
1
2
17
3
6
3
36
5
1
1
49
2
8
1
32
6
12
2
6
3
6
1
61
3
8
1
47
1
14
3
11
1
10
3
3
7
11
3
10
21
6
1
67
1
3
3
18
9
4
3
2
1
5
3
30
9
3
1
40
3
12
3
25
9
6
3
68
12
11
2
4
3
4
3
38
6
3
2
71
2
10
3
66
2
6
3
39
7
5
1
66
3
11
1
37
1
6
3
17
2
8
3
6
5
10
2
32
1
13
2
18
3
11
3
28
8
6
3
36
15
1
1
11
5
9
2
28
2
8
3
49
4
2
1
60
1
12
3
54
2
8
3
60
17
10
2
15
2
3
3
53
4
4
2
34
2
4
1
16
4
14
1
52
1
8
1
10
7
5
2
30
2
6
2
8
1
5
2
29
2
10
3
7
2
12
2
17
2
2
2
63
2
5
2
15
3
4
3
13
2
8
2
49
3
14
2
40
1
8
2
35
3
1
2
43
5
10
1
25
2
9
1
8
7
9
2
41
2
6
3
18
4
7
1
39
1
5
1
18
5
13
2
52
1
5
1
29
2
11
2
1
2
7
3
55
14
11
3
9
23
4
1
63
1
6
1
15
4
13
3
43
8
2
2
27
2
12
3
68
13
5
2
66
3
2
1
45
2
6
1
26
1
1
2
13
3
5
2
39
4
12
2
42
3
8
3
5
1
4
1
9
8
11
1
37
2
12
2
45
4
4
3
12
1
4
3
10
2
13
2
68
1
7
1
44
4
3
2
31
5
4
2
61
3
14
3
6
6
4
3
9
6
3
1
22
1
12
1
6
2
7
3
38
3
1
3
53
3
12
2
44
1
12
1
32
5
9
1
35
2
8
3
34
6
13
1
42
2
14
3
16
7
1
3
29
9
8
2
25
2
10
1
23
2
4
1
14
13
12
3
63
10
1
3
65
13
12
2
3
2
13
1
30
7
1
2
1
1
4
1
42
1
4
3
25
4
9
2
13
2
5
2
43
3
4
3
15
1
4
2
40
3
5
2
39
1
6
3
26
7
8
3
2
10
5
2
23
3
1
3
52
5
13
2
9
2
3
1
12
12
10
2
68
2
2
1
43
1
12
1
39
3
7
2
66
1
4
2
18
2
3
1
60
2
9
3
67
38
2
1
8
8
2
1
31
8
13
2
47
2
2
3
4
4
5
2
7
2
11
1
5
2
12
2
12
2
6
2
29
3
8
3
1
7
4
3
71
4
12
1
2
6
2
2
55
1
12
2
33
2
4
2
60
2
9
1
15
3
14
1
33
6
12
1
38
2
10
3
15
12
14
3
52
10
4
1
28
1
7
3
16
3
1
3
23
10
1
1
22
2
3
2
11
1
3
3
30
14
2
2
11
2
6
3
28
7
13
2
26
1
6
3
43
4
7
3
13
7
13
2
41
5
2
3
45
4
10
1
47
2
7
3
40
1
5
2
54
1
4
2
33
3
9
1
23
1
10
3
14
20
2
2
35
2
4
2
36
5
8
1
65
1
13
3
3
10
3
2
53
2
9
1
54
1
13
1
33
7
5
1
49
1
1
2
27
1
8
1
36
2
2
2
54
2
9
3
65
1
1
1
3
10
10
1
16
7
8
1
38
1
2
1
7
4
12
3
39
1
11
1
36
1
13
2
28
3
2
3
45
2
10
1
71
1
14
1
30
21
8
1
18
1
14
1
41
2
12
1
53
2
7
1
41
1
13
2
7
1
13
3
60
18
12
3
31
2
2
2
5
2
14
3
8
20
7
3
44
6
4
3
11
20
7
3
35
6
11
1
61
1
7
2
47
1
9
3
12
6
12
2
31
2
9
3
35
1
6
2
14
3
14
2
38
5
6
3
22
4
9
2
3
1
13
1
13
9
9
2
10
1
1
1
65
2
7
2
45
1
4
2
2
1
14
3
44
8
3
2
49
4
7
2
44
4
7
3
22
9
2
3
4
8
6
1
2
4
4
3
41
1
4
1
10
3
7
2
38
3
9
1
53
1
11
2
37
2
6
1
17
10
9
2
6
1
2
3
33
18
6
1
5
1
10
3
23
13
11
3
41
2
8
2
30
1
9
3
27
5
3
2
37
4
7
3
37
2
9
1
27
3
13
1
4
3
5
3
34
2
3
1
12
17
11
3
31
13
5
1
68
3
14
3
1
10
6
3
61
1
3
2
16
1
8
1
71
3
9
3
7
5
10
3
54
1
13
2
8
3
1
2
25
1
3
3
47
9
10
1
55
1
1
1
55
2
11
3
47
3
9
1
28
3
14
3
61
4
8
3
29
17
4
1
13
1
1
2
32
3
14
2
65
4
1
1
17
5
3
2
53
1
13
2
42
2
5
3
42
2
8
2
16
2
8
1
14
22
14
3
42
3
12
1
44
1
6
1
43
2
10
2
14
2
5
2
52
2
13
2
71
3
11
1
1
2
1
1
1
3
14
2
61
1
6
3
33
23
4
1
40
1
12
1
31
12
13
3
37
8
1
3
14
25
9
3
63
4
10
2
2
2
11
1
26
2
1
1
25
3
8
2
23
1
6
3
8
5
13
1
54
3
9
1
52
3
14
3
55
5
7
3
5
4
3
3
32
4
8
3
26
8
5
2
67
1
13
1
4
4
9
1
6
1
9
1
35
1
11
1
27
1
4
1
34
4
3
2
55
2
12
1
3
5
4
2
4
2
11
3
66
4
3
1
66
2
8
2
12
1
12
