1
16
7
4
1
34
3
8
1
68
1
9
2
1
3
7
1
55
1
1
2
28
3
14
3
66
2
9
2
45
2
1
1
2
1
6
3
63
2
3
1
12
9
6
3
29
17
1
2
8
3
13
2
5
3
5
1
27
3
4
2
4
3
4
1
11
10
2
1
49
1
11
2
12
2
12
3
68
10
3
3
7
5
12
3
11
13
5
3
49
7
13
2
53
3
6
3
1
1
11
1
37
2
5
3
4
18
13
2
66
2
14
1
8
16
6
3
18
19
7
3
47
5
8
3
7
3
8
1
6
1
5
1
17
5
3
3
55
14
10
1
65
1
11
1
49
2
11
2
32
1
5
1
71
2
3
1
18
11
3
2
53
2
7
3
15
15
7
3
13
2
2
1
66
1
13
2
6
2
10
1
9
6
11
2
67
2
13
2
10
2
8
3
29
4
4
1
14
1
5
1
44
1
5
3
67
12
5
2
15
3
5
3
26
12
9
1
14
4
14
3
2
5
7
2
14
3
13
2
27
3
6
2
12
3
14
2
52
3
7
2
44
4
13
3
1
4
5
1
32
6
14
1
37
1
8
3
61
8
6
2
26
4
14
2
3
1
12
1
71
1
9
2
52
4
14
3
2
6
3
2
2
1
13
2
49
1
8
3
25
2
3
3
52
8
2
3
49
6
4
1
35
4
10
1
6
2
7
3
38
7
8
3
12
2
9
2
49
2
3
1
25
2
6
1
38
2
9
3
5
1
1
3
39
4
2
3
31
21
6
1
41
1
8
3
3
1
2
1
60
2
7
1
13
8
12
1
68
2
6
1
29
2
14
1
40
2
13
2
13
1
13
2
5
2
6
1
7
5
8
1
16
1
5
2
18
1
7
1
1
3
1
2
18
3
8
1
4
7
12
1
63
1
3
2
35
2
12
3
45
4
12
2
68
2
12
1
5
1
2
3
38
9
13
2
3
3
8
3
14
11
2
3
71
5
8
2
22
1
2
1
33
2
14
1
45
2
10
2
35
3
11
2
2
2
8
3
40
2
13
1
9
14
2
3
23
8
14
2
13
2
11
1
2
3
3
2
25
3
11
1
31
10
2
3
39
7
11
1
43
1
2
2
16
2
2
1
61
2
11
1
3
6
2
2
44
1
2
3
36
11
4
3
33
20
13
2
63
3
2
2
1
1
7
1
1
2
9
3
12
5
12
2
43
1
3
3
65
8
2
2
39
3
10
1
53
2
5
3
5
2
9
2
71
3
7
3
26
8
8
3
18
15
13
1
65
2
10
2
34
1
14
1
25
3
7
3
30
6
11
3
25
9
8
2
22
3
10
2
11
1
9
3
35
5
1
2
43
3
7
2
71
2
11
1
29
3
3
3
55
11
3
1
17
9
9
1
36
3
2
2
31
5
7
3
34
5
9
2
6
1
9
1
3
7
5
1
60
1
14
3
8
6
4
3
44
2
7
1
40
3
1
2
41
2
5
2
11
3
5
2
61
1
9
2
65
1
9
2
7
1
4
2
38
1
10
3
28
4
7
1
18
6
6
3
32
2
13
2
25
2
9
2
39
1
10
1
4
8
6
3
28
12
3
1
52
1
2
3
44
9
12
1
10
5
1
3
35
6
8
1
43
2
14
1
10
3
6
3
60
31
11
2
4
1
11
2
9
1
10
3
3
3
13
2
31
4
3
1
33
5
12
3
17
5
2
1
30
14
9
1
34
10
6
3
43
5
11
3
42
1
14
3
41
1
14
2
65
3
13
1
28
1
14
3
68
13
9
1
52
2
10
3
8
13
10
2
29
2
2
3
23
18
14
1
47
2
9
1
63
2
1
3
14
14
1
1
5
2
5
1
53
1
4
3
6
3
13
3
66
1
8
2
42
1
3
1
7
2
6
2
55
2
13
3
41
2
12
2
55
3
3
2
9
2
8
1
22
2
8
1
30
5
4
1
67
1
11
2
40
1
5
2
29
3
1
3
37
10
11
1
42
2
11
2
14
2
1
1
15
2
10
2
33
1
2
3
36
2
5
3
9
4
2
3
61
6
6
1
54
3
14
2
37
4
5
2
61
3
8
3
42
4
3
1
45
1
7
3
53
6
11
2
17
2
1
2
47
1
3
2
42
3
6
3
13
7
4
3
47
3
3
2
37
1
9
3
4
24
5
3
22
10
2
3
32
12
2
1
26
3
9
3
54
1
5
3
10
24
14
2
63
2
14
2
16
1
5
2
10
1
12
2
17
1
9
3
30
20
2
1
13
1
4
3
52
3
14
2
47
2
6
3
54
2
11
2
32
2
2
3
16
3
13
1
23
2
5
2
28
2
12
1
67
3
3
2
15
2
11
1
32
7
6
1
61
1
3
1
15
1
8
3
9
18
7
2
34
2
3
3
40
5
10
2
54
2
14
3
10
1
14
1
39
4
7
1
36
2
5
1
11
12
9
1
26
1
13
3
33
24
9
2
26
2
7
2
38
5
4
1
47
1
4
1
44
3
13
1
39
2
9
2
67
1
6
3
53
4
14
3
34
2
6
1
35
2
9
3
27
5
8
1
38
1
14
1
41
3
1
1
8
3
1
3
71
3
12
2
27
1
14
3
37
7
9
2
36
3
5
2
36
2
14
2
60
2
4
3
15
3
4
3
16
8
13
2
41
4
2
2
54
1
10
1
42
1
4
2
68
4
14
2
23
1
11
2
7
3
12
1
54
2
14
3
6
2
14
1
31
17
7
3
43
6
13
2
8
1
12
2
45
1
7
3
63
4
12
3
67
38
10
3
11
10
3
3
45
5
10
1
27
2
4
1
28
3
3
3
60
4
13
1
12
15
3
2
60
1
12
2
23
2
13
3
17
1
11
2
30
1
3
3
31
13
9
1
66
3
9
3
27
4
2
3
22
6
11
2
40
4
13
2
66
1
12
1
23
3
13
1
55
2
8
3
65
2
3
2
33
2
1
1
22
3
12
2
30
4
5
