2
45
1
12
3
43
1
8
3
37
5
4
2
60
1
8
1
47
1
4
2
15
1
12
2
52
6
6
3
6
4
3
3
28
10
2
2
26
1
2
3
40
2
1
3
11
10
6
1
29
3
2
3
4
27
10
1
45
1
13
2
13
1
7
3
67
2
5
1
11
11
11
1
42
2
8
2
68
3
1
2
14
3
13
1
15
5
12
2
5
3
10
1
30
15
10
2
71
3
9
1
5
2
2
1
68
1
12
3
31
5
3
1
54
1
5
1
45
2
6
2
71
1
2
1
6
2
6
3
55
16
1
3
25
1
8
2
8
3
14
2
7
3
2
1
65
2
13
2
53
1
13
1
1
3
6
2
47
2
11
1
53
1
11
1
17
5
13
1
44
2
6
3
6
2
12
2
60
2
8
3
65
20
1
1
18
1
5
3
47
5
5
2
18
4
2
2
2
3
1
2
35
3
4
2
30
4
1
3
22
7
11
2
8
2
1
1
52
2
11
2
43
3
10
1
27
2
12
1
7
3
14
3
38
5
1
2
63
1
2
2
17
2
11
1
35
4
3
2
9
1
5
3
53
8
10
3
18
17
9
2
10
3
8
1
8
8
9
2
28
1
9
3
34
8
10
1
16
3
11
3
45
4
2
3
26
11
10
1
60
2
1
1
27
1
14
1
33
1
14
2
26
2
10
1
3
5
12
2
31
1
5
3
66
4
12
2
47
1
5
3
31
7
13
2
16
2
5
1
34
8
8
2
36
4
8
2
7
2
2
2
65
1
3
2
54
2
4
3
1
10
12
3
53
1
8
1
41
1
3
1
49
1
6
1
29
1
1
2
49
4
8
3
52
15
2
1
65
1
1
1
66
1
5
1
43
3
2
1
13
4
4
2
23
1
1
3
71
5
14
1
7
5
8
2
67
2
3
1
63
1
14
2
22
3
9
2
61
3
13
2
52
1
1
2
41
4
2
2
40
2
13
2
65
2
3
3
68
4
6
1
34
9
6
1
52
1
5
1
28
1
1
1
54
2
10
1
16
7
10
3
5
4
2
3
10
3
10
2
34
3
2
3
22
2
1
2
36
1
3
3
30
3
4
1
26
2
4
1
40
1
3
1
12
7
1
3
32
4
8
2
1
3
14
3
28
4
4
1
66
3
6
3
47
10
9
1
60
1
13
1
53
2
13
1
63
2
9
2
44
2
9
3
12
7
6
1
6
1
12
1
10
8
3
3
2
12
6
1
12
16
10
3
23
13
2
2
68
4
14
3
60
9
2
3
17
12
2
1
55
1
10
3
32
5
4
1
55
2
2
2
18
1
1
2
54
1
14
3
14
16
1
1
71
2
7
3
41
4
8
1
67
2
9
2
29
3
5
3
43
5
12
2
11
3
5
2
61
2
9
3
33
19
6
2
39
4
8
1
1
2
9
3
3
2
6
2
35
2
12
2
42
2
9
1
32
5
14
3
49
8
6
3
60
22
10
3
41
2
5
3
45
1
10
1
41
3
11
3
1
4
9
3
35
1
4
2
25
3
9
2
22
2
13
3
14
25
3
3
2
2
3
3
61
6
5
1
23
1
13
1
30
6
13
2
40
3
5
3
54
2
10
2
32
3
2
1
10
7
2
3
33
13
9
3
40
4
6
3
36
13
12
2
25
1
11
3
10
13
3
2
3
2
13
2
55
2
13
1
18
4
8
1
15
4
7
3
9
11
5
3
55
12
3
1
35
2
5
2
37
2
7
3
27
2
9
3
15
5
13
2
27
2
9
3
34
2
7
2
6
1
2
1
38
2
5
3
38
7
6
1
25
2
7
1
40
2
10
1
36
2
2
1
47
3
11
1
36
3
8
1
39
1
8
1
37
1
6
2
28
3
3
3
16
4
2
3
25
9
2
3
7
4
10
1
2
4
7
3
29
7
3
1
4
4
14
1
2
6
1
2
49
1
2
3
67
20
10
2
12
3
2
3
5
1
13
1
31
12
12
2
34
2
1
1
33
8
8
1
71
1
13
3
7
1
3
3
61
1
1
1
13
9
14
1
67
1
7
3
30
11
6
2
23
2
5
3
23
16
6
1
9
2
4
3
9
4
8
3
44
2
8
2
6
3
9
3
35
8
13
2
5
2
11
3
18
10
2
2
43
5
11
3
36
4
6
3
12
6
11
1
3
3
3
1
11
3
8
3
15
10
2
2
10
1
4
3
52
9
5
3
66
5
3
3
54
1
9
2
9
2
6
2
38
1
4
3
26
7
6
1
61
1
4
3
27
16
2
3
63
4
14
3
42
2
9
2
38
4
12
1
44
3
14
3
29
3
8
2
55
1
10
1
8
3
9
2
16
3
6
3
37
4
13
3
71
4
2
3
11
20
9
1
42
1
10
1
39
2
9
1
28
3
8
2
4
3
1
1
32
1
12
2
66
1
1
1
4
7
11
2
33
3
5
2
1
2
1
3
68
10
4
1
14
1
5
2
45
2
5
3
44
8
14
2
12
1
13
3
16
1
5
2
31
5
5
3
13
3
12
1
22
2
12
1
5
1
14
3
65
2
3
2
44
3
6
3
8
19
4
2
37
3
10
2
27
3
5
1
14
6
14
1
49
2
7
2
4
1
13
3
63
1
4
2
66
2
1
2
67
1
9
2
2
1
12
2
29
2
7
1
9
12
5
1
26
1
5
2
3
3
10
3
4
7
14
2
15
2
8
3
8
15
14
2
32
1
4
2
30
3
12
3
39
6
3
3
3
6
5
1
25
1
5
1
17
4
11
1
38
3
12
1
37
2
10
3
39
5
13
2
41
5
10
3
17
1
9
1
43
2
7
1
22
1
3
2
42
4
12
1
61
2
3
2
14
2
6
1
31
10
11
3
13
9
1
2
13
2
14
2
33
2
7
3
49
4
7
2
11
2
2
2
63
2
10
3
42
1
5
1
68
3
2
2
53
2
1
2
17
3
5
2
39
2
5
1
23
3
1
