2
61
1
11
3
55
9
14
1
71
2
9
1
45
2
12
1
32
3
14
2
32
1
10
2
2
2
10
2
68
3
5
2
12
3
14
1
3
8
10
2
44
1
13
3
15
13
4
1
45
1
13
3
42
2
2
3
27
10
2
3
31
23
7
1
44
4
12
2
52
7
14
3
17
4
3
1
14
17
5
2
14
2
9
3
16
6
6
1
61
3
9
3
37
8
7
3
4
26
14
2
36
1
7
1
68
3
3
2
68
2
7
1
5
1
8
2
36
3
6
1
67
2
4
1
43
2
2
1
29
3
7
1
63
2
13
1
12
3
12
1
5
2
11
3
18
18
3
2
35
2
2
2
42
4
7
3
25
5
13
2
26
1
13
2
49
1
11
1
34
8
11
3
30
17
8
2
29
1
7
1
47
1
9
3
71
1
11
3
10
21
6
2
10
2
10
1
39
4
13
2
17
1
13
1
25
3
5
3
13
4
12
3
6
4
13
3
30
23
3
1
36
2
7
3
67
4
8
3
43
7
5
2
7
1
5
2
18
2
1
2
42
2
1
1
47
3
8
3
39
9
5
1
43
1
7
3
60
20
7
3
8
19
1
3
47
8
11
1
41
2
4
1
28
3
5
2
29
3
8
2
4
2
12
2
32
2
14
3
53
4
13
3
9
22
14
2
12
1
2
3
41
4
6
2
71
1
8
2
63
1
7
2
13
2
14
2
10
3
8
2
9
3
10
2
40
3
3
3
2
5
7
3
29
13
5
2
33
1
7
3
9
14
7
3
7
2
8
1
15
5
8
2
43
1
6
3
10
8
11
2
52
4
5
1
35
4
6
2
13
3
8
2
16
1
5
3
38
9
5
1
66
3
12
1
1
1
1
2
40
1
7
1
15
1
1
1
10
5
6
1
37
1
2
2
43
4
13
1
18
11
2
1
27
3
5
1
7
2
13
1
41
3
8
3
12
2
3
2
15
2
3
2
18
1
1
3
5
5
10
3
49
2
8
3
38
10
10
1
40
2
4
3
5
4
6
2
47
3
7
3
33
5
1
3
52
9
7
2
26
3
10
3
66
8
2
2
5
2
11
1
36
3
12
1
4
6
12
1
25
1
14
3
3
1
7
3
49
6
10
1
22
1
14
3
45
5
12
3
4
23
6
1
44
3
12
3
2
2
14
3
66
7
4
3
3
9
3
3
40
1
8
3
68
6
8
2
53
1
4
3
35
7
8
2
65
4
3
1
49
2
1
1
55
2
11
2
8
2
8
1
39
1
3
1
55
1
11
1
53
1
2
2
5
1
9
3
25
3
13
3
18
8
7
2
35
1
5
2
2
3
13
2
9
1
13
1
52
2
7
1
33
6
7
2
41
4
9
3
65
4
11
1
67
3
7
1
29
2
5
2
17
3
12
2
71
3
4
1
27
1
13
3
1
10
6
1
66
1
14
1
60
2
6
3
54
1
3
2
31
4
11
1
22
2
10
1
14
13
6
1
4
1
9
2
8
1
5
3
16
2
3
2
30
4
12
2
28
1
5
2
45
4
4
1
40
3
10
2
25
2
11
3
26
6
14
1
13
7
10
1
31
13
8
3
7
5
11
2
66
2
1
1
65
1
6
3
43
4
14
2
63
3
11
2
67
1
4
1
61
1
13
1
23
1
14
3
35
5
9
2
22
3
13
3
36
10
10
3
36
7
13
3
39
8
9
1
16
7
7
1
71
3
6
3
44
4
7
3
52
17
4
1
53
2
10
2
27
3
5
2
4
1
6
1
7
6
6
2
60
4
10
1
63
1
13
1
26
2
12
1
18
9
4
3
61
7
2
2
44
3
2
1
23
3
2
1
42
2
14
1
26
1
13
3
14
3
13
3
55
11
2
1
16
5
12
1
2
7
13
3
32
1
1
2
11
1
2
1
13
8
13
2
37
4
14
2
61
2
12
1
30
9
14
1
34
11
1
1
52
1
9
2
60
1
6
2
3
3
2
1
10
3
6
1
17
14
3
2
39
4
7
1
54
1
5
3
47
3
11
1
37
2
12
1
65
2
2
2
28
2
4
2
65
1
5
3
22
5
5
2
15
1
10
2
49
3
7
3
53
6
4
3
67
22
12
2
39
3
7
1
54
2
3
3
34
5
10
3
27
13
14
1
35
3
2
3
31
12
13
2
34
3
12
1
68
1
5
1
33
4
8
1
60
1
3
2
6
1
13
2
38
4
7
1
6
1
3
1
11
2
4
1
2
6
6
2
34
2
1
3
37
6
7
3
8
14
11
1
38
3
12
3
26
11
6
3
6
5
11
2
11
3
9
3
54
2
13
2
54
1
9
2
1
3
10
1
8
9
12
3
40
4
4
1
49
1
13
3
11
18
13
2
47
4
8
1
31
17
13
3
44
8
11
2
37
2
1
2
38
3
11
1
11
4
8
3
32
10
10
3
13
3
8
1
38
2
14
3
60
25
3
3
65
20
5
3
71
2
4
3
63
6
4
2
23
3
3
2
6
3
5
3
22
12
10
3
1
4
6
3
45
6
7
1
12
17
7
1
28
2
6
2
30
1
3
3
29
2
12
1
32
6
11
2
45
3
9
2
3
1
6
2
31
2
3
2
66
3
4
2
55
2
3
1
1
2
5
3
17
9
3
1
9
1
6
2
27
1
3
3
11
4
4
2
41
2
10
3
34
8
14
3
14
21
5
1
6
2
8
1
9
3
10
3
68
14
12
2
16
2
9
2
25
1
1
2
53
3
12
1
42
1
8
2
55
1
2
3
63
8
8
3
23
2
2
2
1
2
8
3
28
14
13
1
17
8
1
1
3
6
14
3
33
17
1
3
28
2
5
3
42
3
14
3
12
5
9
2
67
2
10
3
41
2
12
3
61
8
7
3
23
10
4
2
54
2
1
2
7
3
1
1
30
2
1
2
33
2
3
1
8
3
1
3
15
10
9
2
22
1
4
2
14
3
7
2
23
2
3
