3
16
4
4
1
53
2
9
2
16
3
14
2
38
3
1
3
5
3
8
2
71
3
1
1
14
3
1
1
16
5
8
3
11
4
6
1
15
3
6
2
39
3
5
3
68
2
9
1
49
1
12
3
1
2
7
1
31
1
9
1
9
3
4
1
40
3
14
3
9
20
9
2
1
3
10
1
71
2
4
3
30
24
7
3
8
19
13
1
66
3
13
3
63
12
1
1
55
1
14
3
3
2
3
2
12
1
6
1
54
2
9
1
12
16
9
1
29
2
10
1
3
4
7
3
61
1
13
3
36
6
12
2
10
1
6
2
6
2
3
1
39
3
9
2
40
1
2
1
37
1
3
2
43
4
12
2
29
2
1
2
67
1
11
3
45
7
7
1
34
6
2
3
71
1
8
1
25
3
10
3
3
8
6
3
1
9
10
2
34
2
12
1
23
2
9
3
18
14
4
1
67
1
8
3
4
9
8
3
30
3
12
1
30
10
14
3
32
6
6
2
4
2
5
2
67
2
8
2
18
3
6
2
49
2
9
3
12
4
8
2
45
1
13
1
23
3
14
1
68
3
7
2
10
2
3
3
34
11
6
1
30
14
7
2
35
3
3
3
37
8
5
2
27
3
6
2
2
3
6
2
38
4
13
2
5
1
8
1
11
12
14
1
63
2
6
2
45
3
6
3
41
1
11
2
53
2
7
2
14
3
2
2
54
2
2
3
53
6
13
3
66
6
2
3
49
2
10
3
34
4
7
1
41
3
7
2
29
3
10
3
29
7
4
2
15
2
10
2
1
1
10
1
18
7
7
2
44
2
9
1
33
5
8
2
28
2
2
2
13
1
13
3
39
2
14
3
10
18
9
2
11
3
14
1
47
3
8
1
16
6
3
1
6
2
6
3
44
9
5
1
47
2
1
1
8
10
11
1
71
1
3
3
31
11
14
1
45
2
1
1
43
3
2
2
3
2
8
3
49
3
1
3
40
6
4
1
36
1
4
3
55
7
11
1
13
4
14
3
32
11
2
1
55
2
7
2
11
1
14
3
5
5
12
2
53
3
12
3
35
3
6
1
61
1
10
1
65
1
6
3
14
4
6
2
25
1
13
2
13
2
1
1
4
8
5
3
71
2
14
3
7
4
3
1
60
2
10
3
68
10
14
2
41
3
3
2
44
5
2
1
36
2
7
3
26
8
13
1
18
12
4
1
6
1
11
3
29
2
13
2
17
2
14
3
42
4
7
1
5
2
2
2
31
3
1
1
2
5
2
3
25
7
12
1
32
6
8
2
12
3
6
3
40
4
1
1
39
4
9
2
63
3
12
1
7
9
9
1
17
13
6
2
15
3
11
2
68
3
5
1
9
4
8
3
25
6
1
3
44
3
10
2
60
3
11
3
13
6
6
1
10
4
4
3
6
1
4
1
2
2
9
3
65
17
4
1
22
3
9
1
35
4
4
2
68
1
7
2
52
5
1
2
55
3
2
3
27
7
14
2
22
1
12
1
17
6
9
3
43
2
7
1
44
2
6
3
15
11
12
3
12
6
11
1
15
2
10
2
30
2
9
1
42
1
5
2
42
4
9
3
43
5
1
2
17
3
10
2
36
1
7
1
49
2
3
3
14
6
5
3
47
6
9
3
27
14
4
3
55
11
3
2
35
1
7
3
28
9
5
3
33
7
14
1
44
1
4
3
35
5
14
1
52
1
2
3
47
1
13
3
31
1
7
1
67
3
13
1
29
1
14
2
33
1
6
2
65
3
12
2
43
2
8
1
7
5
11
3
22
5
12
1
52
2
8
1
53
1
3
3
16
7
10
3
66
7
6
1
28
2
4
3
2
4
3
1
1
2
11
1
42
2
6
3
37
10
6
1
32
2
13
3
15
4
1
1
25
2
12
2
7
3
6
3
42
2
11
1
38
1
12
2
41
5
12
2
30
3
1
2
16
1
11
2
23
2
7
2
36
4
13
1
63
1
5
2
22
2
2
1
27
3
9
3
33
10
13
3
11
16
11
2
66
2
10
2
34
3
14
3
65
18
10
1
26
1
11
1
54
3
4
1
37
2
7
3
39
5
5
1
8
15
3
3
63
5
7
3
53
5
1
2
40
2
10
2
3
3
5
1
5
1
7
3
36
10
4
3
45
3
1
1
34
3
14
1
60
1
14
3
4
7
1
3
8
20
11
2
42
1
4
1
41
1
10
1
12
2
6
2
8
2
2
3
41
3
2
2
47
4
10
2
4
1
4
3
6
5
5
2
39
4
7
3
60
18
3
1
10
3
6
1
33
8
3
1
65
2
7
1
14
13
14
2
52
6
4
2
63
2
5
2
6
3
11
2
37
2
8
3
10
10
4
2
65
1
12
2
18
4
1
2
25
3
6
2
7
2
11
3
9
11
7
2
26
2
3
3
26
4
13
1
3
8
3
3
67
19
11
2
8
3
12
3
54
1
13
3
17
10
3
2
9
2
9
3
61
11
10
3
18
9
13
3
28
15
12
1
40
2
6
1
35
3
2
2
37
4
9
2
26
4
3
1
38
3
12
2
61
1
9
2
2
2
10
2
9
3
12
2
5
2
10
1
61
3
10
2
60
2
14
2
54
1
7
1
45
1
5
1
43
1
11
2
27
2
12
2
47
3
13
1
68
1
3
3
52
2
8
3
13
2
5
3
38
4
9
1
66
1
3
1
27
1
3
2
32
2
4
2
55
2
2
2
71
1
9
1
4
7
9
1
31
15
10
3
60
27
7
3
23
15
2
3
67
38
4
3
23
14
2
2
14
1
14
1
11
7
6
2
32
4
4
2
66
3
4
2
28
1
11
1
22
2
1
3
38
6
7
2
23
1
6
2
49
1
11
3
17
2
9
3
52
15
1
2
61
2
12
3
54
2
9
3
2
12
4
1
1
1
8
1
28
3
7
1
26
3
10
3
22
3
3
2
33
2
11
2
31
2
8
3
7
5
7
1
13
2
6
