3
61
3
12
1
9
4
7
2
16
1
6
3
34
3
9
3
44
3
4
3
53
4
11
3
12
6
11
1
54
2
5
1
32
1
14
2
17
2
14
3
41
3
4
3
5
5
2
2
29
3
1
3
66
6
6
2
38
4
2
1
15
4
3
1
68
1
6
3
45
2
4
1
49
2
1
1
65
2
7
3
23
6
9
2
54
2
14
3
65
15
4
1
22
1
5
2
27
1
4
2
37
3
4
1
29
1
11
3
27
15
13
2
44
3
5
2
60
3
11
2
53
3
12
2
3
1
6
3
68
13
9
1
27
2
13
2
7
3
14
1
29
2
8
3
12
2
13
1
11
11
2
1
45
1
8
3
29
1
5
1
1
3
12
2
42
4
12
2
66
1
9
1
12
11
3
1
25
1
6
1
25
3
4
1
37
2
7
3
4
17
11
3
33
7
2
1
5
2
3
2
71
1
2
1
16
6
4
1
6
1
13
3
49
1
5
1
27
1
14
2
30
5
4
2
32
4
10
1
28
1
3
3
42
3
5
2
15
2
10
3
15
3
6
3
71
2
8
3
40
4
6
2
28
3
8
3
32
10
11
1
7
7
1
3
14
14
5
1
38
2
1
1
44
1
5
2
32
3
13
1
39
2
6
1
43
1
2
2
43
3
7
2
26
3
11
2
14
3
5
3
7
3
8
3
52
16
3
3
7
5
9
3
61
1
9
2
23
2
4
1
18
15
13
2
66
2
11
2
30
1
10
2
8
2
12
1
3
1
10
2
34
3
5
1
61
3
4
2
3
2
6
1
71
3
1
1
23
3
14
2
23
3
5
2
49
2
7
1
3
10
11
1
11
9
11
2
9
1
5
2
40
4
9
1
4
8
7
3
10
19
13
1
53
2
13
1
52
1
5
2
4
1
11
2
33
1
11
3
6
4
8
1
35
2
12
3
66
4
9
1
10
4
6
2
26
1
10
3
38
2
4
1
47
3
11
3
39
8
8
2
13
2
4
3
37
4
9
3
45
3
14
1
52
3
6
2
11
3
12
1
55
2
3
2
18
4
9
2
45
4
6
1
17
7
4
2
1
1
13
3
36
1
9
1
8
5
11
1
18
8
4
1
13
4
14
3
30
13
3
3
63
11
10
2
2
1
8
2
47
1
9
2
53
2
13
3
67
38
6
3
36
9
13
2
61
1
5
3
31
29
14
1
23
2
1
2
1
2
14
1
36
2
4
2
12
1
10
2
11
2
2
3
8
18
10
3
16
1
14
2
55
3
14
3
11
8
2
3
40
2
11
1
13
9
7
1
49
1
9
3
53
5
14
2
35
3
14
1
42
2
5
3
33
23
4
1
6
2
10
1
63
2
9
2
14
2
13
1
33
4
2
1
34
2
7
3
10
11
13
3
5
2
12
1
17
13
8
2
27
3
1
2
25
3
5
2
37
2
2
1
14
2
11
3
34
5
3
2
39
2
4
2
22
3
10
1
31
16
3
3
31
8
2
1
22
2
10
2
16
3
14
3
55
5
9
3
2
12
8
3
13
2
7
2
67
1
13
2
13
1
6
1
40
1
9
3
9
27
1
1
66
3
9
3
60
13
3
1
45
2
6
2
36
3
10
1
42
1
2
2
10
2
13
3
68
3
13
1
2
6
5
3
25
4
11
3
3
1
1
3
37
1
4
3
8
8
1
1
60
1
11
1
35
1
5
1
41
1
3
2
39
4
1
2
43
2
8
2
18
2
12
2
49
3
1
3
38
7
4
3
32
7
8
3
1
10
8
3
17
14
8
2
8
3
4
2
40
1
2
3
47
6
2
2
5
2
5
3
16
4
6
2
61
3
7
3
47
2
14
2
17
3
14
1
26
2
7
1
28
2
3
2
6
2
6
1
2
7
9
2
31
4
2
2
47
4
6
3
28
1
14
2
68
3
8
3
54
1
3
3
71
4
5
2
2
2
3
1
66
1
4
1
36
3
10
2
41
2
12
3
67
14
8
3
11
20
4
1
55
1
2
1
38
1
6
3
29
4
9
1
9
7
7
2
45
2
9
2
52
2
9
2
36
4
6
1
5
1
2
1
12
15
10
3
4
22
4
2
54
1
1
3
43
2
3
3
13
6
9
3
44
5
13
2
34
1
1
1
53
1
4
2
25
1
10
3
18
20
5
1
8
16
13
1
7
5
1
3
42
1
13
3
14
4
10
3
28
13
12
1
60
2
1
2
15
3
11
2
63
1
6
1
65
1
8
2
71
2
14
3
41
1
7
3
43
6
13
3
52
7
8
3
6
1
14
2
55
1
14
1
61
1
1
3
1
9
13
2
35
1
10
2
28
1
13
2
65
3
5
1
31
15
5
2
33
2
14
1
1
2
5
1
71
2
13
3
18
7
11
2
68
4
5
3
60
25
7
1
47
2
3
3
55
7
14
3
3
3
5
1
63
1
2
3
63
1
4
1
34
10
10
3
9
5
4
1
37
1
9
2
60
1
5
1
43
2
8
2
5
3
3
1
39
1
5
2
29
2
11
1
41
2
3
2
22
1
11
2
12
3
9
2
52
6
10
2
10
3
3
2
67
2
2
1
10
3
13
1
67
1
6
3
35
7
2
3
27
7
4
1
4
7
14
3
26
8
14
1
30
18
5
3
23
1
10
1
44
3
2
3
22
1
14
1
30
21
4
1
67
3
10
2
44
4
6
1
33
7
4
1
40
3
13
1
16
7
2
3
2
2
9
1
15
3
13
3
25
3
14
2
4
2
6
1
68
2
6
2
63
3
11
3
49
2
6
2
31
3
4
1
14
17
14
3
30
25
4
3
22
4
12
2
7
1
12
2
42
1
14
3
17
13
9
1
54
3
11
2
38
2
6
3
35
8
10
2
6
3
14
3
65
12
9
3
26
6
11
3
54
2
6
2
9
3
1
1
26
1
7
2
41
4
8
1
32
2
4
3
39
4
12
2
65
2
11
3
15
2
14
