1
10
5
3
4
54
11
1
2
61
1
3
4
42
1
1
3
2
11
1
3
8
7
4
4
5
11
3
3
7
5
2
1
18
10
2
4
12
3
1
4
71
3
1
4
16
5
3
4
3
21
4
2
28
2
4
2
41
2
4
1
52
2
4
2
10
3
2
1
13
1
4
1
31
5
1
4
14
5
3
4
2
2
2
4
11
2
4
2
33
1
1
4
67
5
4
3
31
25
2
1
3
1
1
4
35
5
1
3
28
15
1
3
66
8
2
1
30
12
1
4
23
3
1
1
60
1
4
4
17
20
2
4
16
6
4
3
34
7
1
4
8
17
4
4
65
12
1
3
33
15
3
4
8
13
1
1
7
1
2
3
5
4
2
4
33
5
1
1
45
1
1
1
33
7
2
4
13
11
4
3
53
1
1
4
15
14
2
1
14
18
2
1
22
1
2
2
2
1
3
4
40
6
3
2
32
1
1
3
33
12
3
1
37
2
2
1
5
2
4
1
71
3
1
2
12
2
1
3
1
4
4
4
63
3
1
2
14
1
2
1
47
1
3
3
17
12
3
3
26
4
4
3
45
5
1
3
11
1
4
1
9
6
4
1
6
1
1
1
63
1
2
3
12
3
3
4
33
11
1
3
68
13
3
4
27
7
2
3
32
9
4
1
66
1
4
4
40
2
4
2
12
3
3
4
6
23
3
3
4
10
4
1
29
3
1
2
43
1
1
2
45
2
1
1
15
1
3
1
71
2
3
4
47
4
2
4
11
3
4
4
45
5
3
1
26
2
3
1
2
5
4
1
38
3
1
3
30
16
3
2
52
2
2
4
6
24
2
1
35
3
3
2
71
2
3
3
8
8
1
3
1
9
3
4
18
16
1
4
68
2
3
3
31
24
2
4
15
22
3
2
68
4
3
2
25
2
2
4
13
1
3
2
17
1
1
4
47
16
1
1
4
2
1
1
18
12
3
3
42
4
2
1
66
2
1
4
7
6
1
4
12
10
2
2
66
3
4
3
27
13
1
2
55
2
1
1
14
11
2
4
26
3
3
4
67
29
4
3
71
4
2
1
40
3
1
3
52
11
2
4
37
8
2
3
38
8
4
3
39
8
4
3
23
14
2
2
30
4
3
3
27
1
3
2
52
6
1
4
31
16
3
1
65
1
2
2
22
2
1
1
25
3
2
2
14
2
1
2
63
3
3
2
18
2
1
1
1
1
1
1
37
1
3
2
1
2
2
4
14
10
2
3
54
2
3
1
32
1
2
3
68
14
1
1
33
4
1
1
35
1
2
2
15
3
4
4
44
2
1
3
41
4
3
4
61
5
1
3
47
10
3
1
67
3
1
2
25
1
4
2
29
2
4
2
27
3
1
2
60
3
4
3
43
2
4
3
38
12
2
2
42
3
3
2
5
2
1
3
40
4
2
1
55
1
2
2
39
2
1
2
22
1
2
1
53
2
3
1
15
4
2
3
40
3
1
2
35
2
3
3
63
9
1
4
54
10
3
3
30
25
3
3
6
1
2
4
30
5
3
1
36
2
3
4
53
9
4
2
8
3
2
2
30
2
3
1
30
10
2
2
67
2
3
4
9
12
2
4
28
9
2
4
36
10
1
2
26
2
3
4
25
2
3
4
2
4
3
3
44
7
4
2
5
3
2
4
66
5
4
2
49
3
2
2
44
5
2
3
9
14
3
2
16
2
1
1
41
3
3
4
29
8
4
3
23
17
4
4
45
13
2
3
52
7
2
1
5
1
2
4
42
2
4
1
61
3
4
3
45
3
3
1
45
2
2
4
66
1
2
1
23
2
2
2
3
1
2
2
34
1
1
2
11
1
2
3
9
17
3
3
29
2
3
2
40
3
3
1
16
3
4
3
53
2
4
4
7
2
3
4
34
13
3
3
55
3
4
2
47
1
1
2
42
1
3
3
36
12
1
4
34
5
4
2
15
1
1
1
10
7
3
1
54
2
2
4
49
1
1
1
12
7
4
1
12
13
4
2
55
3
3
1
28
1
2
2
53
2
3
4
55
13
3
2
23
3
4
1
43
3
3
2
33
2
3
3
63
1
4
1
34
5
4
3
22
8
4
4
10
16
3
3
5
3
1
4
32
10
2
3
16
8
4
1
44
4
1
3
14
10
4
4
55
8
2
1
31
1
2
3
28
9
1
4
32
7
2
2
27
2
3
4
18
6
4
2
7
3
4
2
2
2
4
4
71
1
1
2
53
3
1
4
4
24
3
3
61
3
3
1
42
1
2
4
22
14
2
1
63
2
2
3
37
7
4
4
27
11
4
2
9
1
2
3
13
7
3
2
49
4
2
4
29
12
4
2
66
1
4
4
35
1
1
3
11
22
4
4
60
1
4
2
67
1
1
4
44
11
2
1
40
2
2
1
67
2
3
1
9
14
1
3
32
5
1
3
55
15
2
4
41
1
2
1
36
1
3
2
37
4
4
3
12
2
3
4
68
20
2
1
38
2
4
1
27
3
4
2
6
2
3
4
37
1
4
4
31
22
2
2
68
3
3
4
26
12
4
3
44
8
4
2
39
3
2
2
23
1
2
1
17
10
4
4
39
7
1
3
14
22
3
1
44
1
4
4
53
12
2
1
32
6
2
2
1
1
3
3
47
2
4
4
30
6
4
3
29
15
1
2
3
2
1
4
41
2
3
4
61
11
2
1
4
6
3
4
49
7
1
2
13
3
1
3
42
2
2
1
2
4
4
2
34
3
3
1
42
2
4
3
3
8
2
3
10
11
2
3
35
5
1
3
67
33
1
3
65
15
4
1
8
12
4
3
25
1
1
4
1
5
3
3
37
3
3
2
18
1
4
3
26
10
1
3
6
5
3
2
28
1
1
2
38
3
2
2
4
2
1
3
18
11
1
4
52
8
4
1
60
2
1
2
60
2
4
3
18
5
2
2
31
1
4
3
60
15
1
2
9
2
4
2
13
2
2
1
22
2
4
4
43
4
4
2
6
1
3
1
34
4
3
3
16
7
2
3
65
11
1
1
43
1
2
1
28
3
4
3
66
4
1
1
52
3
4
1
41
2
1
2
43
5
2
4
28
10
1
2
61
2
2
3
4
28
1
4
38
5
4
3
71
2
2
1
29
2
3
2
29
3
4
3
49
3
3
3
13
6
4
3
35
8
1
4
22
8
3
1
61
2
2
1
8
14
2
1
7
7
2
3
60
27
3
2
36
1
2
3
54
1
4
1
49
1
1
1
39
4
1
2
65
4
4
3
39
4
2
3
22
9
3
3
15
2
1
2
7
2
1
4
3
3
3
2
45
1
1
1
47
2
1
2
10
2
2
1
49
2
1
2
65
3
1
2
8
1
1
4
65
15
2
3
7
3
4
1
6
2
2
2
41
3
1
3
49
1
2
3
34
10
1
4
17
5
2
1
27
1
4
3
41
1
1
4
52
3
3
2
4
3
2
3
17
13
3
4
60
3
4
1
54
1
2
3
67
23
2
1
3
8
4
1
11
3
3
4
10
24
2
1
55
2
3
2
31
5
2
1
65
2
4
2
37
1
3
2
40
4
4
4
9
2
3
2
11
3
4
2
63
2
3
2
54
1
4
1
68
2
2
1
17
16
1
1
13
6
1
3
61
10
1
3
43
5
3
3
36
10
4
2
16
3
3
4
38
9
3
2
35
1
2
2
47
4
1
4
43
1
2
4
25
1
1
1
53
1
4
2
38
2
2
4
1
6
3
1
26
3
1
3
3
9
2
4
63
10
3
3
25
8
3
1
39
1
4
3
15
10
2
2
26
1
2
2
17
2
4
1
68
3
2
3
10
5
2
1
11
10
4
4
39
3
4
1
16
6
1
4
36
2
1
1
25
1
2
2
36
5
4
4
23
13
1
3
2
5
3
2
44
1
2
2
71
3
2
4
4
5
3
1
1
3
1
2
32
2
2
2
54
2
4
1
23
1
3
4
5
6
1
