1
31
14
2
2
11
2
3
1
17
7
1
4
71
2
4
3
8
2
1
4
17
13
2
4
53
11
2
4
22
13
2
3
15
6
3
2
40
3
3
3
2
9
4
2
66
2
1
4
39
10
1
2
15
2
1
2
4
2
1
1
55
2
2
2
71
1
4
1
35
3
3
2
25
3
4
3
7
3
3
2
43
2
2
2
61
1
2
3
33
21
4
4
33
2
3
1
47
3
4
2
31
3
1
4
54
3
2
3
40
5
1
2
49
4
1
4
25
2
1
2
13
2
1
2
23
2
4
1
30
14
4
3
31
28
1
2
47
3
4
3
68
4
4
3
28
12
2
4
9
8
2
1
37
1
1
2
47
4
3
1
37
2
2
1
54
2
3
3
47
9
3
3
7
2
3
3
36
4
1
2
41
3
3
3
47
2
4
4
11
31
1
1
2
1
2
4
22
5
1
4
41
3
2
1
26
1
3
1
10
5
1
1
28
2
1
3
39
9
4
1
65
1
2
1
42
2
2
2
36
5
3
4
35
4
1
4
67
31
1
2
43
3
4
3
3
1
1
3
45
6
2
1
6
1
1
3
12
7
4
2
34
1
1
1
67
1
1
3
42
1
1
1
23
1
2
1
12
10
4
2
8
1
2
4
5
19
2
4
13
15
3
2
32
3
1
2
15
3
1
1
68
2
1
1
28
1
2
1
26
2
1
4
52
21
3
3
6
5
2
2
7
2
1
2
10
2
4
3
43
1
3
1
18
9
2
4
15
14
2
1
22
2
3
3
66
8
2
1
49
1
3
3
22
1
1
3
14
1
2
2
5
1
2
3
60
29
3
2
27
3
1
2
63
1
3
4
15
19
2
3
12
5
2
3
54
1
3
4
30
5
4
2
33
3
1
1
14
11
4
2
45
3
3
4
27
9
3
3
11
4
1
3
10
10
3
3
71
5
2
3
65
14
2
4
18
10
4
3
26
7
1
2
30
1
1
1
5
2
3
1
63
2
2
1
49
2
1
3
67
20
3
1
4
1
4
4
6
25
2
1
35
1
1
3
25
4
2
4
4
3
4
3
11
1
3
1
47
1
3
3
3
8
4
3
17
9
4
4
9
33
4
2
65
3
4
1
9
8
2
4
31
23
2
1
8
3
2
3
38
10
4
2
13
1
4
4
61
10
4
4
55
10
4
3
18
5
1
2
53
2
3
3
53
5
4
4
42
1
1
1
1
2
2
3
71
1
3
3
37
2
1
1
9
12
3
3
34
1
4
1
61
2
1
2
28
2
1
2
2
1
2
3
28
3
1
3
41
2
2
4
11
30
3
1
52
3
2
3
54
2
2
1
25
2
2
4
27
4
2
3
29
11
3
2
68
2
4
1
14
15
4
1
23
2
4
2
67
2
3
1
31
3
3
4
41
1
4
1
16
6
3
3
40
3
1
2
4
3
2
1
38
2
1
2
41
1
2
4
29
4
4
3
25
8
3
4
26
4
4
3
42
2
1
4
31
5
3
1
33
1
3
1
32
1
2
4
38
5
4
2
44
2
4
4
60
6
2
3
16
4
2
1
52
2
1
4
3
19
1
3
4
9
3
3
1
3
3
4
35
2
2
3
29
9
4
2
60
3
3
3
52
9
2
2
67
1
4
2
38
3
1
1
25
3
4
3
27
4
3
3
35
6
1
3
18
14
2
3
49
1
2
4
30
2
4
4
47
2
2
2
71
3
3
3
34
10
4
1
39
2
4
2
68
4
1
4
1
1
3
1
5
1
4
1
29
1
2
2
35
2
1
3
65
4
3
2
52
7
2
4
34
9
2
1
60
1
4
3
15
9
3
3
52
15
4
1
36
2
4
4
43
12
2
4
47
9
2
2
66
1
1
4
49
7
2
1
71
3
1
2
3
2
4
4
63
8
2
3
14
22
3
1
13
9
4
4
5
10
1
4
4
23
2
2
29
2
1
4
25
1
3
2
29
3
1
3
60
21
3
1
40
3
4
3
32
6
1
2
1
1
4
4
12
9
1
1
22
3
4
1
45
1
2
4
28
9
3
1
36
3
3
1
67
2
3
2
33
2
2
4
32
13
3
3
61
6
3
4
43
7
2
2
18
2
2
1
2
2
2
3
5
3
1
4
40
3
4
1
66
3
2
1
18
5
1
1
1
1
2
2
55
3
2
3
32
9
4
1
29
3
4
2
1
2
3
3
17
7
3
2
3
1
1
3
8
16
3
2
49
2
1
3
9
10
2
1
61
3
2
4
8
15
2
4
34
14
1
4
71
6
2
2
6
1
2
4
29
10
3
2
32
1
3
4
14
31
4
1
45
2
4
3
43
6
4
3
44
1
1
4
68
24
1
1
32
3
3
1
39
1
2
3
61
5
3
3
63
9
3
2
25
2
1
1
38
1
2
3
53
2
2
2
8
2
2
1
54
1
2
4
18
26
1
2
17
1
1
1
12
2
1
1
53
1
1
4
37
10
3
1
17
6
4
4
61
5
2
4
16
7
3
1
43
2
1
1
44
2
4
4
36
5
3
1
34
3
4
4
28
3
1
2
63
3
1
3
63
3
2
3
13
7
2
3
22
8
4
2
9
1
1
1
11
8
3
2
61
2
4
2
22
1
4
1
71
1
1
2
9
2
1
2
14
3
1
1
27
1
1
3
68
11
1
3
16
2
3
4
23
6
3
2
31
2
2
4
49
8
1
3
30
28
4
2
44
3
2
4
2
13
4
1
13
7
3
2
35
3
2
3
6
4
2
4
45
11
2
3
35
8
1
1
8
16
1
4
67
8
3
2
54
2
2
2
17
2
4
2
38
4
1
1
66
1
4
1
60
2
3
1
10
8
3
3
5
5
2
3
9
22
3
4
54
6
1
4
10
19
3
2
10
3
4
4
23
21
1
2
2
3
4
4
1
8
2
1
34
5
2
1
30
8
1
4
44
1
4
4
53
12
3
3
26
2
4
3
23
14
4
2
11
1
4
1
43
1
2
2
45
4
3
2
52
2
2
4
8
10
4
1
15
2
3
3
36
1
2
1
41
3
3
4
44
3
3
3
67
9
3
1
68
1
1
4
40
7
2
1
4
5
1
4
65
10
4
1
55
1
2
3
31
16
2
4
14
12
3
2
16
1
3
2
22
2
1
1
3
10
3
4
7
9
3
2
54
1
2
4
45
5
4
3
27
2
2
4
68
10
4
2
14
2
4
3
2
3
2
4
13
10
3
2
40
1
3
2
39
2
3
3
55
12
3
3
41
3
3
1
11
1
3
3
10
2
3
2
37
2
2
4
32
6
2
3
45
3
4
1
3
7
2
3
37
8
1
3
4
12
3
2
26
4
3
2
34
2
4
2
12
1
4
4
36
3
2
1
41
2
1
2
28
1
3
1
16
7
1
4
37
6
4
4
26
12
3
4
63
11
4
4
55
12
3
4
39
7
3
4
38
6
4
3
13
4
1
4
3
13
4
2
42
3
1
3
1
8
2
2
5
3
3
3
44
2
3
3
55
10
3
1
44
1
3
4
33
6
2
4
2
11
4
2
37
1
4
1
15
1
4
2
7
3
2
4
60
4
1
1
6
2
1
3
30
16
1
2
26
3
2
4
17
4
4
1
7
3
1
2
42
2
1
3
39
10
3
4
16
9
3
4
12
6
3
1
42
1
1
2
60
1
4
2
53
3
1
3
38
5
3
2
30
2
4
1
63
1
3
4
10
30
4
2
65
2
1
2
18
3
2
1
40
2
2
2
55
2
2
1
7
10
2
3
66
1
1
2
6
2
1
4
6
8
2
4
52
8
2
1
53
2
4
1
33
5
4
1
27
3
2
4
65
2
3
2
12
3
1
4
42
2
2
4
66
6
1
2
36
1
1
2
23
1
4
3
33
18
3
1
65
2
4
2
16
3
4
4
66
4
1
2
27
1
1
3
23
3
1
2
39
1
4
3
49
6
1
4
7
5
2
