2
55
1
1
1
27
2
4
1
12
2
3
3
3
7
2
1
26
2
4
3
29
9
2
3
6
6
4
3
42
3
1
2
39
1
4
1
67
1
2
4
63
12
4
2
53
2
2
4
3
20
2
1
2
7
1
1
27
1
4
4
16
12
3
1
5
2
4
1
29
2
4
3
13
1
1
1
6
1
3
4
18
16
2
3
5
3
4
2
42
2
2
3
2
10
3
4
54
1
1
1
47
1
1
3
13
4
1
4
27
9
3
3
1
6
4
3
41
2
4
2
44
2
1
1
11
1
1
1
1
1
4
3
7
1
2
2
27
2
3
3
47
3
1
2
40
4
3
2
10
3
3
2
14
1
1
1
35
4
1
3
66
5
3
1
41
3
4
4
71
4
3
4
31
4
1
4
41
4
4
2
2
3
1
1
53
2
4
3
25
6
3
4
31
12
2
3
60
31
4
4
42
2
3
3
33
3
4
3
7
3
4
1
65
1
1
4
43
11
4
4
44
16
2
1
16
7
4
2
38
3
1
1
11
3
1
4
49
7
2
3
37
1
4
1
43
3
4
3
8
15
4
2
37
4
4
2
41
5
4
3
54
1
2
3
26
11
1
1
61
3
3
1
15
5
4
1
45
1
2
2
41
1
4
3
29
6
4
3
34
11
3
1
13
8
2
3
71
4
2
4
38
2
4
3
8
18
3
1
53
1
4
4
53
1
3
1
52
2
3
1
55
2
3
2
13
3
4
2
45
2
4
1
37
2
1
3
9
4
4
3
33
19
2
3
22
2
4
2
26
3
3
4
33
11
4
1
18
11
1
2
45
4
2
1
63
2
3
2
14
3
2
4
4
11
2
2
11
2
3
1
2
1
3
2
34
1
3
2
9
3
1
2
61
2
1
3
54
2
4
2
65
2
4
4
45
3
2
2
18
1
4
3
9
9
2
4
40
8
1
3
18
9
2
3
40
2
4
4
30
2
2
4
66
6
2
1
29
3
3
3
35
1
3
3
16
3
1
1
34
10
1
3
36
7
1
1
25
2
2
2
68
4
1
4
68
14
3
3
49
3
4
4
5
3
3
4
8
8
3
3
66
3
4
1
39
1
2
4
60
2
4
3
65
4
2
2
55
2
2
1
43
2
4
2
25
3
2
1
40
2
4
1
7
1
4
1
12
10
2
2
4
1
3
2
52
2
3
2
10
1
4
1
16
4
2
4
6
26
3
4
35
3
1
3
36
5
2
4
10
18
2
3
31
21
3
3
55
7
1
2
15
3
4
3
27
5
2
4
11
9
4
1
25
1
1
4
55
2
4
3
40
3
2
1
52
1
3
2
7
2
3
2
5
2
1
1
44
1
4
4
17
2
1
4
2
11
3
2
34
3
4
3
44
7
1
4
6
28
1
2
12
3
3
2
6
1
1
2
54
2
4
2
37
1
2
3
10
1
4
3
23
1
4
4
8
12
4
3
17
2
2
2
23
1
1
2
28
2
3
1
32
3
1
2
61
1
4
2
38
5
3
1
7
3
4
2
71
1
3
3
43
6
3
2
4
2
2
1
36
3
1
1
6
2
1
3
49
8
3
2
22
1
4
2
3
2
2
1
1
3
2
3
10
2
3
2
22
3
4
3
45
2
3
3
52
8
2
2
1
2
3
1
13
5
3
4
13
7
1
1
71
2
4
4
44
3
2
1
68
2
4
3
14
18
4
4
15
16
3
1
41
2
4
4
10
1
2
4
33
4
2
3
38
10
2
4
25
5
3
4
14
2
1
3
25
7
4
3
16
5
1
3
38
1
4
2
35
1
1
2
60
2
3
2
31
4
3
4
18
2
3
4
12
8
4
2
67
1
4
4
22
3
4
1
28
3
3
2
5
1
2
1
61
1
1
4
23
13
3
2
26
2
4
1
40
3
4
2
63
3
4
1
35
2
2
3
68
11
4
1
67
2
4
1
15
2
3
1
22
3
2
4
38
1
4
3
32
12
1
4
7
8
1
2
11
1
2
1
4
1
1
2
18
4
2
3
32
4
4
1
32
6
1
4
55
8
4
3
11
22
1
1
10
8
4
1
38
3
2
4
36
1
2
3
43
3
1
4
26
11
4
3
53
5
4
4
40
6
1
4
23
5
1
4
35
1
2
3
27
12
3
2
43
4
3
3
23
13
2
4
60
1
2
2
23
2
2
1
68
1
2
4
37
7
1
1
54
1
3
3
44
2
3
3
6
1
4
1
66
1
3
2
29
3
4
1
30
8
2
3
30
26
1
1
31
3
3
1
9
4
3
1
55
1
3
1
14
19
2
2
36
2
2
4
67
34
3
2
16
1
4
4
27
12
4
1
47
2
1
4
5
1
3
3
28
13
3
2
3
3
1
3
67
1
3
2
17
2
3
2
2
2
1
3
12
3
1
2
36
4
4
3
12
6
3
1
54
2
1
3
52
3
4
4
47
4
3
1
23
1
2
2
67
2
1
4
29
6
4
4
28
1
2
1
14
21
4
4
12
4
3
1
9
8
3
3
71
3
4
2
40
1
3
3
30
7
3
2
44
1
2
4
1
7
4
1
42
2
3
4
4
10
4
2
28
3
3
4
36
4
2
1
28
2
1
2
1
1
4
3
17
15
4
3
11
21
2
2
63
1
3
4
13
16
4
4
52
9
3
2
47
4
4
4
65
1
4
4
14
14
2
4
7
2
4
4
9
23
4
2
33
3
4
3
31
14
4
4
11
21
1
1
17
14
3
2
65
3
3
4
30
1
1
2
15
2
3
4
39
6
2
1
36
2
2
4
3
5
1
1
22
1
1
4
67
25
4
2
6
3
3
1
45
2
3
4
42
3
4
3
35
6
4
2
17
1
1
1
71
1
1
4
34
1
3
1
31
11
1
4
1
10
4
1
60
2
1
4
66
4
3
4
2
9
1
3
45
7
3
3
39
10
2
1
38
1
4
3
53
3
3
3
5
4
2
1
10
5
4
4
65
5
4
1
8
8
1
1
4
5
2
4
54
8
4
1
17
11
4
3
15
1
2
4
52
17
4
2
49
3
2
3
63
5
4
1
63
1
4
4
47
14
4
4
61
1
4
3
37
11
2
2
39
3
1
3
15
5
1
1
26
1
3
2
12
1
3
2
66
1
4
1
33
4
4
1
66
3
2
4
63
2
1
2
47
2
2
2
32
3
2
3
4
7
4
4
61
5
4
1
3
6
2
1
42
1
4
4
32
12
4
1
37
1
3
2
9
1
4
2
27
3
3
2
29
1
3
4
17
13
2
2
8
1
2
1
8
5
4
4
32
3
1
2
13
1
2
3
18
20
4
3
68
6
1
1
18
8
1
3
67
31
4
4
15
12
4
2
68
2
4
1
33
1
2
4
34
9
3
1
65
2
2
3
61
7
3
4
16
2
4
3
22
1
3
3
47
6
2
2
52
5
3
2
25
2
1
1
34
4
2
2
42
3
3
4
29
14
1
3
28
9
4
1
44
3
1
4
25
6
1
2
31
3
2
3
1
7
2
2
33
2
4
2
30
5
4
3
55
17
1
3
4
25
2
1
3
10
1
3
63
11
4
2
43
3
1
1
49
2
4
3
2
5
3
4
53
12
4
2
54
1
1
4
68
22
1
4
9
5
4
2
49
4
4
4
22
18
4
2
60
3
3
1
39
4
2
3
39
8
4
2
30
2
1
2
32
2
3
4
26
3
2
2
35
2
1
3
14
19
4
3
3
2
4
1
5
1
3
2
8
3
4
2
16
2
1
1
60
1
3
4
45
1
3
4
37
10
3
4
49
4
4
3
41
1
1
3
26
1
1
4
71
2
3
3
60
24
2
2
7
3
1
4
41
3
3
2
71
3
2
1
23
2
4
3
61
9
1
3
42
2
3
2
53
1
1
4
43
7
3
1
30
17
4
1
49
1
1
3
34
6
3
3
65
2
4
4
28
7
4
4
39
2
3
2
66
2
2
