1
6
1
3
3
8
9
2
3
26
6
2
3
26
12
3
4
12
5
4
4
16
3
1
3
54
1
1
2
30
5
3
2
7
3
3
3
5
2
2
4
33
7
1
2
10
3
2
3
27
9
2
2
39
1
3
2
40
2
4
4
36
6
1
2
6
2
1
2
67
2
4
2
2
2
1
2
71
1
4
4
9
17
3
3
49
5
4
4
44
16
1
2
53
3
2
2
27
2
1
1
12
12
3
1
29
1
2
2
18
1
2
4
7
7
2
3
5
1
1
2
54
1
3
2
3
3
3
4
68
24
3
4
13
1
3
1
5
1
2
2
68
3
3
4
52
16
1
3
4
5
2
1
1
3
4
4
8
5
4
2
9
1
3
1
10
6
3
4
38
2
2
2
60
3
4
3
25
6
1
1
47
2
2
3
6
2
3
2
14
2
1
3
49
7
2
4
39
2
2
4
4
21
1
3
66
6
4
1
4
4
3
4
32
12
1
3
14
15
3
3
6
3
3
4
47
14
4
3
18
23
3
3
53
1
2
1
16
5
1
4
11
16
2
3
35
3
2
2
34
1
4
1
68
2
2
1
71
3
4
4
37
11
2
2
61
1
1
3
18
10
1
4
43
7
2
2
61
3
1
3
39
10
2
1
54
2
2
3
1
5
3
3
68
16
1
3
30
13
4
1
13
7
1
1
39
1
3
2
18
3
1
4
41
3
3
2
66
2
3
3
10
16
4
4
3
8
2
4
61
7
4
2
5
1
3
2
35
1
4
2
13
3
1
4
8
11
2
4
32
2
1
3
17
13
1
3
67
7
3
1
38
2
1
2
26
4
4
2
8
2
2
3
3
6
4
3
11
11
2
4
11
7
2
4
30
8
4
3
45
1
3
4
53
11
1
3
25
5
3
3
33
23
3
4
22
12
1
3
16
4
2
2
25
2
2
2
15
3
3
3
44
5
3
3
9
13
1
4
34
11
1
2
49
4
4
3
43
3
1
2
47
2
2
3
44
7
3
2
14
3
2
3
35
7
1
1
22
3
1
3
60
7
1
3
38
9
1
2
25
3
4
3
32
6
2
1
2
4
2
3
66
5
3
3
61
3
1
3
61
1
4
4
3
19
3
2
4
3
4
2
8
3
3
3
7
5
4
3
40
3
2
2
31
4
2
3
15
10
4
2
7
2
3
3
47
7
1
4
5
21
1
4
27
4
4
2
68
1
4
3
32
10
2
3
31
25
2
4
9
8
4
3
15
5
1
1
31
7
2
2
12
1
1
4
14
1
4
3
33
3
3
2
1
2
3
1
23
2
1
1
27
1
2
1
55
1
4
4
10
26
3
1
25
1
2
1
41
2
4
2
45
3
2
4
45
13
1
4
60
3
3
3
34
8
4
4
1
7
1
1
44
1
2
1
42
2
3
2
52
6
1
1
52
2
3
1
33
2
3
1
38
1
2
4
27
7
2
3
34
9
2
4
23
24
1
2
28
1
3
4
30
7
1
4
25
3
1
1
61
2
3
4
38
4
4
1
45
2
4
1
42
1
3
1
15
5
4
2
35
2
4
1
66
3
1
3
23
14
2
3
71
1
3
1
49
1
1
2
16
3
4
2
9
2
3
4
40
2
4
1
35
2
1
1
32
6
3
4
16
6
3
2
39
2
3
1
63
2
4
4
17
12
1
1
31
10
1
1
7
4
2
1
5
2
3
4
43
12
2
3
47
4
4
1
65
2
3
3
27
8
3
3
52
10
4
3
23
18
3
4
6
14
2
3
13
5
3
3
63
10
4
4
49
2
2
4
7
4
1
3
36
2
3
4
60
2
2
1
16
2
1
1
34
8
3
3
13
7
4
4
29
3
4
2
41
2
3
4
29
2
4
4
42
1
4
2
37
3
4
2
44
4
4
1
40
1
1
4
28
3
4
1
30
1
2
2
6
1
4
2
22
1
1
3
39
2
1
2
23
1
4
4
28
13
1
4
2
10
3
3
40
5
3
3
8
3
4
1
55
2
3
3
67
28
4
1
8
4
4
2
60
1
4
3
29
15
4
4
65
12
4
4
34
6
4
3
11
16
3
1
28
2
4
1
53
1
1
1
60
2
2
4
71
4
2
1
11
12
3
4
39
9
1
3
42
1
4
4
54
10
2
4
26
12
3
1
23
1
1
2
43
3
2
2
52
3
1
3
30
7
3
3
3
7
2
2
63
1
3
1
4
5
3
2
42
1
2
4
35
3
3
3
53
8
1
1
71
2
4
3
52
6
3
4
71
3
2
3
16
1
2
1
37
2
4
1
54
3
3
2
15
2
3
1
41
1
2
3
12
5
4
1
61
1
4
4
15
1
4
1
43
2
3
4
33
6
2
3
22
11
3
1
35
4
4
1
67
1
4
4
14
10
4
2
66
1
4
4
35
1
4
2
63
3
2
2
32
3
1
2
22
2
1
1
52
1
1
2
65
4
2
1
3
10
2
3
38
7
1
1
67
2
3
1
9
2
1
1
11
5
1
4
2
8
2
2
28
2
1
4
17
22
2
1
26
1
3
3
45
6
4
4
65
4
4
3
29
7
1
2
3
1
3
4
10
27
4
3
43
1
3
3
4
14
4
1
63
1
1
2
55
3
4
2
45
2
2
1
28
1
4
4
54
1
3
2
4
1
2
3
14
12
3
4
26
4
2
2
29
3
4
1
22
1
3
1
68
1
1
3
37
10
3
2
37
4
4
2
13
1
1
1
60
1
1
4
45
9
1
2
36
2
4
3
41
1
3
3
41
2
2
3
68
12
2
1
14
17
1
1
6
2
2
4
25
1
2
1
12
1
4
2
36
3
3
1
36
1
3
1
45
1
4
3
71
2
2
2
26
3
2
3
28
11
4
4
15
9
1
2
71
2
4
1
44
4
3
3
37
9
3
4
63
11
3
2
34
2
2
3
55
14
2
3
22
4
1
1
2
2
1
1
13
3
3
1
7
5
4
2
1
1
4
3
10
12
4
4
18
26
3
4
55
11
1
4
53
6
3
2
10
2
2
4
41
4
1
1
18
3
2
1
30
6
3
1
43
3
4
4
63
2
1
2
11
2
3
1
1
1
4
3
7
2
2
1
18
6
3
4
66
5
3
1
17
11
4
2
43
4
4
4
31
26
1
3
9
24
3
2
47
4
4
4
47
7
1
4
1
4
3
1
32
2
1
2
44
1
2
3
28
7
1
4
22
5
2
2
54
2
4
2
27
1
1
3
65
11
3
3
1
1
4
4
42
3
1
4
66
6
4
2
5
3
2
1
3
8
3
1
34
10
2
2
16
2
1
4
67
35
3
2
12
2
3
4
40
5
1
1
66
2
4
3
12
6
4
1
40
2
2
2
55
2
3
3
31
6
4
3
54
2
1
4
6
29
1
3
65
20
2
2
23
2
3
2
29
2
2
4
23
14
1
1
27
2
1
3
36
12
1
2
41
5
1
4
31
6
2
2
17
3
3
1
65
1
3
2
38
5
3
1
8
3
2
2
67
1
2
3
2
1
2
3
42
3
4
1
36
2
1
1
10
4
2
2
17
1
1
1
25
3
1
4
5
25
2
2
42
3
2
1
29
2
4
4
4
11
3
2
40
1
4
2
65
3
4
3
63
3
3
4
61
6
1
3
55
4
3
3
2
2
3
4
12
9
2
2
30
4
4
4
36
12
2
2
31
1
1
2
33
2
4
4
13
10
4
1
9
5
4
1
17
14
2
4
44
10
1
1
39
3
4
2
33
1
1
2
49
1
2
1
33
4
3
4
52
1
2
2
2
1
3
1
37
1
3
1
14
14
2
1
47
3
4
1
53
2
2
4
49
8
1
2
38
2
3
1
15
3
4
3
17
14
3
3
60
28
1
1
26
3
4
2
11
3
3
4
68
3
3
4
18
9
2
2
53
2
1
1
49
2
3
2
32
1
4
4
55
6
1
4
67
11
4
4
37
2
4
