4
40
4
3
3
13
4
4
1
39
4
1
4
52
1
4
2
3
3
3
4
53
12
4
4
34
3
1
1
66
2
3
1
27
2
3
1
10
5
1
4
39
2
3
1
60
2
4
2
5
2
4
1
47
2
1
3
22
9
3
3
43
2
2
1
33
5
3
3
35
2
1
3
12
5
3
3
6
2
3
4
41
2
3
3
29
4
3
2
33
1
1
3
71
3
2
4
22
20
2
4
36
14
3
3
22
8
4
1
9
7
4
3
12
2
4
4
34
8
3
4
60
2
1
4
1
10
2
1
45
2
3
4
4
25
3
4
8
7
2
2
44
1
2
4
29
8
4
3
33
3
1
4
67
23
1
2
6
2
4
1
54
3
1
1
6
1
1
2
35
1
2
3
54
2
2
1
52
2
3
1
35
1
4
1
11
8
4
1
31
9
3
4
14
1
2
2
41
4
3
2
35
2
4
1
7
10
1
2
2
1
1
1
65
1
2
1
43
1
3
1
4
5
3
1
66
3
2
1
44
1
1
4
55
3
3
4
31
17
2
3
66
3
4
2
29
3
2
4
60
6
3
4
28
5
1
2
11
1
1
2
12
1
4
1
32
7
1
4
65
9
1
3
7
4
4
2
39
4
1
1
55
1
2
1
1
1
2
4
7
9
4
1
31
18
2
3
10
13
3
3
53
5
1
1
3
10
4
2
8
2
1
4
8
13
4
2
9
2
4
1
26
3
4
4
27
12
1
3
40
6
1
2
68
3
1
2
9
1
3
2
49
1
1
4
66
1
2
1
49
2
1
2
10
1
4
4
13
2
4
4
47
12
3
3
32
5
3
2
31
1
2
3
41
3
4
4
32
14
4
2
15
1
2
3
9
29
3
2
63
3
2
2
8
3
3
3
53
7
3
4
3
1
1
4
16
5
4
2
40
2
2
3
45
1
4
2
4
3
4
2
14
1
1
3
14
2
1
3
49
3
1
2
5
3
2
3
3
4
3
3
14
20
1
4
35
1
2
4
1
13
2
3
23
9
2
4
11
23
4
3
44
7
3
2
42
1
1
4
63
3
3
3
71
5
3
1
2
1
4
1
47
1
1
1
10
8
3
3
45
5
2
1
13
3
1
1
36
3
1
4
53
10
4
4
54
10
1
3
67
8
2
4
5
24
3
2
34
3
1
2
33
2
1
3
68
12
2
2
18
1
1
2
10
2
1
2
37
3
4
1
5
2
1
1
22
3
2
2
52
3
2
3
61
6
2
2
32
1
3
3
40
4
4
4
38
9
1
2
38
2
1
2
71
2
4
3
47
7
2
4
26
4
2
4
16
3
3
1
40
2
3
4
10
30
1
3
8
3
2
1
36
2
2
4
43
10
4
2
28
1
4
1
68
3
1
3
52
4
4
1
67
3
1
4
27
3
2
3
27
5
4
4
25
4
2
4
33
6
4
3
27
11
2
1
44
3
3
1
14
16
1
1
30
16
4
3
39
2
1
3
30
20
2
4
15
14
2
3
37
8
2
3
30
24
1
1
53
2
4
3
7
3
1
4
44
5
3
4
29
7
1
1
6
2
3
3
37
12
2
3
32
3
1
2
53
3
1
4
4
3
1
4
12
3
1
2
43
3
4
4
52
18
2
3
1
9
4
3
52
17
4
3
35
6
2
1
5
1
1
1
61
3
3
2
49
2
4
2
60
1
3
3
26
5
1
1
25
1
4
3
2
12
1
4
18
20
3
4
39
8
3
2
25
3
3
3
28
9
2
2
66
1
2
1
37
2
4
2
65
2
3
2
66
3
2
3
60
1
2
2
39
1
3
4
36
15
2
3
61
1
1
1
22
1
2
1
39
2
4
3
60
27
4
2
54
1
3
4
40
1
3
2
61
2
2
3
3
5
3
2
32
2
2
1
34
2
1
3
44
4
4
1
54
1
1
4
45
2
3
4
14
14
2
1
28
2
2
1
14
4
2
3
54
1
2
2
43
4
3
2
40
4
3
2
44
2
3
4
23
1
3
1
18
6
4
3
68
7
2
3
6
4
1
2
68
1
4
2
60
4
4
2
1
1
3
3
55
17
3
3
55
2
4
4
12
6
4
2
61
1
4
1
12
1
3
2
1
3
1
2
34
2
4
3
34
8
2
4
66
4
2
4
18
9
4
4
61
2
3
3
34
9
2
1
17
13
3
3
38
9
4
2
38
5
1
1
49
1
2
1
38
1
3
2
30
5
1
1
37
1
2
4
17
6
2
3
36
2
3
2
63
1
1
3
4
24
3
1
32
2
3
3
66
7
4
4
35
3
2
4
9
12
3
3
49
4
4
1
12
16
4
4
30
7
2
4
47
14
2
2
4
2
2
3
25
1
4
2
54
2
3
1
71
2
1
4
68
4
1
3
11
2
1
2
26
4
1
4
44
11
1
1
61
1
1
1
65
2
2
2
17
3
2
4
61
1
3
1
42
1
3
2
13
3
1
2
12
3
3
4
54
7
1
3
15
15
3
2
6
1
4
1
2
5
4
2
7
3
4
2
25
2
4
1
63
2
1
4
37
9
2
3
16
4
4
2
15
3
4
4
49
6
1
2
22
2
3
3
63
2
3
2
55
1
4
4
31
23
2
3
13
5
1
2
23
1
1
3
29
19
2
4
43
2
4
2
37
4
4
4
42
1
3
3
26
4
3
3
65
19
4
1
40
1
2
1
35
4
4
4
41
1
1
4
49
4
2
3
65
3
3
2
41
3
3
1
4
8
4
3
17
17
2
1
34
3
3
2
36
2
1
4
15
15
4
4
68
7
4
1
41
1
2
1
16
2
3
1
1
2
2
1
63
1
1
1
27
3
2
1
11
10
4
1
28
3
1
2
47
2
3
1
33
4
2
2
45
3
1
3
31
25
2
3
39
6
1
2
53
2
3
1
25
2
3
1
38
2
3
4
25
9
2
1
8
9
3
2
27
2
2
4
5
2
4
1
42
2
1
2
45
4
4
3
36
7
2
4
30
5
2
2
30
4
2
2
28
3
2
2
71
3
4
3
5
3
3
3
38
5
4
3
9
30
3
4
55
9
1
4
2
12
2
4
7
4
1
1
52
3
2
4
3
18
3
3
16
3
4
4
2
13
2
2
7
1
2
2
55
3
1
1
41
2
3
1
30
8
2
4
38
1
3
3
2
1
3
3
15
9
1
2
52
6
4
4
11
21
1
2
17
1
1
3
23
10
1
2
67
1
4
4
71
6
3
4
37
7
3
2
16
2
4
2
11
3
2
3
43
4
2
3
4
22
2
2
13
2
4
4
22
3
4
1
60
1
1
1
13
5
4
4
71
1
1
3
10
12
3
1
29
2
4
3
18
10
2
1
3
3
4
3
28
2
4
3
41
1
3
3
5
5
3
3
47
1
1
2
22
1
2
2
47
1
3
1
53
1
1
1
15
5
2
2
36
4
4
2
23
2
1
4
9
10
2
3
25
6
4
2
42
4
2
2
3
2
3
1
9
1
3
4
42
4
2
3
17
4
1
1
45
1
3
4
10
23
2
4
65
6
2
1
8
7
1
2
16
1
3
3
63
12
1
1
16
6
1
1
18
5
2
4
63
4
1
4
32
5
1
1
15
3
1
4
6
14
4
4
23
24
3
3
8
11
2
2
27
3
4
1
23
2
2
1
23
3
2
1
68
2
4
3
1
6
3
1
55
2
3
3
42
1
3
4
13
15
3
1
71
3
2
2
18
2
2
2
31
5
4
3
31
1
3
1
26
1
2
2
67
2
4
1
29
1
4
1
17
10
1
4
33
1
1
2
29
2
1
4
67
40
4
4
45
4
2
3
18
13
4
4
17
25
2
2
2
2
4
3
42
3
4
4
26
3
1
4
28
9
1
3
33
23
3
1
67
2
3
2
14
3
2
1
7
6
1
3
11
25
3
2
65
4
3
3
67
10
4
1
43
2
3
4
6
30
4
2
26
2
2
