4
31
24
3
1
28
3
2
2
54
2
1
2
49
4
2
3
67
12
2
4
2
7
4
1
11
6
1
1
39
4
3
3
33
10
4
2
10
2
3
3
37
9
1
2
17
2
4
2
15
2
3
1
22
2
2
4
52
12
3
3
49
4
2
1
11
2
2
1
53
2
1
3
32
4
2
1
38
1
4
3
6
1
3
2
22
3
4
3
66
1
3
1
35
3
4
1
71
1
2
1
27
2
4
1
45
1
4
2
36
4
2
3
38
4
4
2
5
1
4
4
54
11
4
2
11
1
4
2
71
1
1
4
7
8
4
3
1
8
1
1
9
4
2
3
33
8
1
2
71
3
4
4
65
7
3
1
41
1
3
4
30
2
3
2
52
2
3
1
54
1
1
1
42
1
3
1
43
3
1
1
16
1
4
2
1
1
1
4
45
11
1
1
40
2
4
3
10
26
2
3
53
6
3
1
54
3
1
1
52
3
3
4
7
2
2
4
29
1
4
2
25
1
2
2
12
3
4
1
10
1
2
2
55
2
1
3
2
8
4
4
61
11
3
4
66
3
1
3
42
1
4
2
27
1
1
2
60
4
2
4
40
1
1
1
31
6
4
3
25
3
3
3
34
5
3
4
5
17
2
1
17
1
4
2
47
2
4
3
30
17
2
1
23
3
4
1
34
2
2
2
1
2
4
4
37
5
1
3
45
2
2
2
41
2
4
3
39
10
2
4
25
1
4
4
41
3
2
4
1
9
3
1
36
3
1
2
33
3
1
3
15
11
4
1
60
1
3
3
47
10
3
2
26
3
4
1
65
1
1
2
52
7
2
3
14
24
3
1
45
2
3
1
61
3
1
2
11
2
1
4
33
9
1
3
1
9
2
2
2
3
2
4
34
1
1
3
22
3
4
1
6
1
2
4
2
3
1
4
13
16
3
3
63
10
2
4
13
3
1
1
37
2
2
4
3
5
1
4
31
26
3
3
18
3
2
4
65
13
3
3
22
7
3
3
54
1
4
1
14
17
2
2
36
5
3
4
14
27
2
1
49
1
1
4
42
5
1
1
1
1
4
2
37
3
3
3
9
31
3
1
30
10
1
3
27
12
3
4
6
21
2
4
39
9
3
1
40
3
3
3
3
7
2
1
47
1
3
1
55
2
1
3
36
7
1
2
67
2
4
3
18
25
3
2
68
3
1
4
27
8
2
4
28
1
1
4
71
2
2
4
22
1
3
3
55
16
4
2
13
1
2
3
4
5
1
3
41
4
4
4
34
4
4
1
16
3
2
4
6
17
1
3
30
8
3
3
15
13
3
3
71
5
1
1
18
6
2
3
35
7
4
2
38
1
3
3
28
9
4
2
23
1
2
2
40
4
3
2
14
2
4
3
65
2
4
2
31
2
1
3
27
11
1
1
18
9
1
4
15
20
1
2
10
1
1
1
63
2
4
1
44
4
2
1
1
2
1
1
26
3
2
3
45
5
2
3
29
12
4
4
71
6
1
2
37
4
1
1
53
1
1
1
31
8
2
3
44
6
2
3
49
6
2
3
36
14
3
3
52
3
1
3
68
8
1
2
65
2
1
4
67
16
3
1
29
3
4
1
30
15
4
2
63
3
1
2
29
1
3
4
66
4
2
3
40
2
2
1
4
8
2
4
12
8
1
4
49
7
2
4
43
10
2
4
44
3
1
4
15
24
3
1
33
7
4
3
4
1
2
2
22
2
2
3
13
7
3
2
44
5
2
4
10
26
1
3
3
4
3
1
27
3
1
3
2
11
2
3
17
7
3
2
18
2
3
4
45
8
4
1
71
2
3
4
12
9
1
1
26
1
2
1
13
9
4
2
28
3
2
1
42
2
4
4
32
1
4
4
36
6
1
1
3
4
2
3
60
11
4
1
14
9
3
3
31
1
2
3
55
1
1
2
44
4
3
3
42
4
3
3
35
3
3
2
18
3
2
4
33
1
1
2
16
1
3
4
10
22
2
2
41
4
4
2
40
3
1
4
55
4
3
4
44
12
4
2
39
3
1
2
34
1
2
2
7
1
3
3
44
7
1
3
7
2
2
4
53
9
4
2
42
4
1
4
30
1
1
1
68
1
4
1
3
2
2
3
67
19
3
1
36
1
2
2
23
3
3
4
52
14
3
4
42
4
3
2
31
3
1
3
25
7
4
1
12
11
4
1
2
3
1
4
37
8
4
2
45
1
1
2
8
1
3
4
36
14
1
2
29
2
1
2
63
1
3
3
17
9
3
3
71
1
2
3
40
5
2
3
43
7
4
1
25
1
4
4
16
10
2
4
68
24
3
1
55
1
2
4
1
1
4
2
61
1
1
2
68
1
2
2
33
1
4
4
29
11
4
1
5
2
3
1
32
4
3
4
49
3
2
4
53
3
1
1
67
1
2
2
43
1
2
2
7
2
2
1
65
2
2
2
6
1
3
1
47
3
3
4
47
5
4
1
9
10
2
4
38
1
1
4
27
12
3
2
3
1
4
2
8
3
3
1
12
9
2
1
8
2
3
1
8
16
1
1
43
2
1
3
16
1
1
2
65
4
1
2
45
2
1
1
67
3
2
4
28
6
1
4
55
1
2
4
23
23
1
3
10
20
2
3
8
19
1
2
3
3
2
2
17
3
2
1
32
6
4
2
30
3
4
3
52
8
4
4
26
11
1
2
16
2
2
3
63
3
2
3
34
7
4
1
37
1
3
3
65
8
3
2
35
3
3
3
60
10
4
2
53
1
4
4
9
18
1
4
25
2
2
2
53
2
2
4
54
4
2
3
47
4
2
1
17
11
4
4
14
11
2
1
13
7
1
4
68
5
2
4
60
4
3
3
5
3
4
1
34
10
2
4
22
20
4
2
9
1
3
3
37
2
1
1
63
1
2
1
29
1
3
3
66
2
2
2
6
3
3
2
2
1
4
4
38
2
4
4
4
25
1
3
12
6
2
3
28
11
1
1
7
6
3
1
28
1
1
3
12
7
1
2
38
2
3
3
38
2
3
3
5
5
4
4
39
5
3
4
35
2
3
1
66
3
1
1
25
2
2
4
8
5
4
1
66
2
2
1
2
1
1
3
11
11
3
4
9
22
1
3
31
21
4
1
10
5
3
4
11
13
4
4
3
11
3
2
13
2
3
1
15
5
3
4
5
23
2
2
61
3
1
4
61
9
4
1
33
3
1
2
66
2
2
2
43
3
2
4
23
24
2
2
60
1
3
4
41
2
3
2
32
3
4
3
26
10
3
1
39
2
3
2
4
1
4
3
9
29
3
1
38
2
3
1
7
7
2
1
68
3
2
1
23
2
4
2
39
1
3
2
34
3
2
3
61
2
1
2
42
1
1
2
12
1
3
2
66
3
3
1
52
1
3
4
26
4
2
4
18
22
1
4
60
1
2
3
16
3
1
4
63
11
3
1
22
1
3
3
8
5
1
2
14
3
1
1
44
2
2
2
32
2
1
1
4
3
3
1
49
2
4
1
5
1
4
3
6
6
1
2
25
2
4
2
9
3
2
4
63
1
1
1
41
2
3
3
41
2
4
4
67
26
4
2
28
1
1
4
16
4
2
4
17
17
3
2
67
1
4
4
35
4
1
1
61
2
3
3
61
9
4
3
23
6
2
2
54
1
2
4
18
25
3
3
13
9
2
2
4
2
3
3
43
6
2
4
8
9
4
3
53
4
1
2
55
1
2
3
26
9
4
4
40
4
2
2
47
4
2
3
32
5
1
2
27
3
1
1
35
1
1
2
35
1
2
2
30
1
4
2
15
1
2
1
6
2
3
3
7
4
2
4
11
30
2
3
29
17
2
4
47
8
3
4
43
2
3
4
4
7
3
2
26
1
2
4
32
4
1
3
54
2
2
1
15
3
4
3
68
9
3
3
11
16
1
2
49
3
2
4
17
8
1
3
23
9
2
2
5
2
4
3
39
2
4
1
60
2
3
3
14
2
1
