1
41
3
1
2
31
4
2
1
10
5
3
2
45
4
4
3
12
3
2
4
47
15
4
4
22
15
1
3
27
6
2
2
29
1
2
4
34
2
3
3
63
8
2
4
27
8
1
2
67
2
4
1
25
1
2
1
65
2
1
1
23
2
1
4
71
3
3
1
54
1
3
1
71
3
3
4
61
6
2
3
55
6
4
3
42
3
4
3
39
2
3
3
13
2
1
2
29
2
4
1
4
5
3
1
54
2
3
4
17
2
1
2
55
1
3
3
23
5
1
1
29
3
4
1
8
10
2
3
11
3
2
4
9
7
2
3
61
7
3
1
42
2
4
2
43
3
4
1
30
1
3
2
39
3
1
1
38
2
1
2
68
2
3
4
68
16
1
2
16
1
2
3
11
18
4
1
60
2
3
1
66
2
3
4
60
1
2
1
52
3
3
4
41
3
1
3
41
3
1
4
40
7
3
1
38
3
2
1
2
3
2
4
36
9
2
2
53
3
4
1
15
1
1
3
36
12
2
2
55
2
4
4
41
1
2
3
61
5
1
3
54
1
3
1
41
2
1
1
29
1
1
3
1
2
2
2
1
3
3
1
22
1
4
2
54
1
3
3
38
12
3
4
26
8
2
4
14
28
4
3
45
3
3
2
61
1
1
4
28
7
2
2
16
3
3
4
49
4
1
4
52
3
1
1
61
2
3
4
55
12
2
2
37
3
3
3
29
18
4
2
9
2
1
2
7
2
4
1
36
2
4
1
55
1
4
2
23
3
4
2
53
2
1
3
13
7
1
4
43
1
2
2
13
1
1
4
42
4
4
1
53
2
3
3
2
5
4
4
34
14
4
3
5
2
3
3
25
1
2
1
36
1
1
3
1
6
2
3
32
12
1
3
67
13
2
1
39
1
1
4
6
10
1
2
30
2
1
1
10
2
3
2
36
3
2
4
16
6
1
4
52
20
4
2
1
1
3
1
49
1
4
2
14
2
1
2
8
3
2
2
60
1
1
2
13
3
3
1
34
4
3
2
2
1
4
3
60
7
3
4
63
10
2
2
26
4
2
4
15
4
3
4
3
2
2
3
4
26
3
2
18
1
3
4
12
2
3
4
27
7
4
3
66
3
3
4
68
2
1
1
35
1
3
1
68
3
1
4
13
4
2
3
47
2
3
3
44
1
4
3
16
3
4
2
34
3
2
1
7
10
4
4
30
5
1
3
9
10
1
3
32
5
1
1
26
3
4
4
11
7
3
3
12
4
1
2
7
1
2
2
33
2
2
1
63
2
1
1
11
11
1
3
42
4
2
4
25
3
2
3
33
11
1
4
32
3
2
4
49
3
3
1
30
14
3
1
34
1
1
4
39
5
3
2
63
1
1
1
60
1
4
4
31
19
3
3
40
3
4
4
54
3
4
2
6
1
1
1
13
6
1
4
55
7
1
4
10
16
2
3
9
2
4
3
22
2
3
2
17
1
4
2
22
3
1
3
34
7
1
2
66
2
1
3
25
6
2
3
53
3
2
2
44
5
2
3
49
1
3
1
28
2
1
2
68
4
1
3
7
3
2
1
67
3
1
4
37
1
1
1
16
6
2
4
18
7
1
2
39
1
4
3
14
15
4
1
71
2
1
1
32
6
2
2
14
1
4
4
2
9
3
3
28
14
3
3
54
2
2
3
60
14
3
3
14
22
4
4
40
2
1
3
44
5
4
3
37
4
4
4
4
25
2
3
53
1
1
2
26
1
4
1
61
1
2
4
60
8
3
1
27
3
1
2
31
5
3
1
14
16
4
2
52
2
1
2
25
2
1
4
7
5
1
3
68
3
3
3
5
5
3
4
25
7
3
3
68
16
3
3
26
1
2
4
32
5
4
2
4
2
4
3
18
16
1
3
15
10
2
1
9
4
2
3
38
1
1
4
11
26
1
1
4
7
2
3
33
10
1
4
65
7
4
1
31
16
3
4
8
18
3
2
4
1
1
2
67
1
3
4
8
10
4
1
11
5
3
1
49
2
2
4
38
6
3
3
40
1
3
2
35
2
1
4
53
12
2
4
39
7
1
4
38
3
3
1
37
2
3
2
2
3
3
4
36
11
2
4
31
22
1
3
26
2
1
3
37
8
4
2
11
3
1
3
67
37
1
1
65
1
3
2
54
2
2
2
3
3
2
3
8
11
3
3
30
17
4
3
43
6
4
4
22
1
2
4
37
8
4
2
25
1
3
2
5
1
3
3
31
27
4
2
9
1
4
4
53
5
4
1
14
10
4
2
66
3
1
1
9
7
2
4
23
1
1
4
23
11
1
3
10
25
3
2
35
1
1
2
42
2
4
1
37
1
4
1
32
5
1
3
29
15
1
4
6
19
1
1
16
7
1
4
67
22
1
4
10
6
1
4
33
11
4
1
35
4
1
1
47
2
1
2
43
1
4
4
35
2
2
4
1
4
4
3
35
2
3
4
15
19
3
3
18
22
3
1
8
5
2
2
33
3
3
3
6
5
2
1
17
6
1
4
5
26
2
2
23
2
3
4
42
1
4
2
47
4
3
1
33
7
4
4
43
11
1
3
17
14
2
3
71
1
1
2
41
5
1
3
43
2
1
4
66
3
3
4
33
7
4
2
3
2
4
2
28
3
3
3
3
7
4
3
4
10
1
1
7
4
4
3
65
8
1
2
36
5
1
1
18
1
3
4
1
13
3
4
45
11
4
1
47
1
3
2
8
2
3
4
12
1
3
2
52
4
1
3
28
3
4
1
1
2
2
4
45
6
4
3
52
5
3
2
27
1
4
4
67
13
1
4
16
10
1
1
12
12
2
1
67
1
1
4
5
19
2
1
6
1
2
4
35
1
2
2
42
4
4
3
2
10
1
1
13
1
3
2
40
1
3
1
6
2
4
3
22
9
1
2
32
3
4
1
1
3
3
1
26
1
4
4
7
7
4
3
15
5
3
3
39
4
2
3
27
15
4
2
41
1
3
1
15
2
1
2
17
3
3
2
10
1
2
1
33
3
4
2
49
1
1
2
6
2
2
3
52
7
4
1
42
1
2
2
61
2
1
4
30
1
2
1
55
2
2
2
22
1
3
2
30
4
4
3
47
8
1
4
17
26
2
3
71
2
4
1
2
2
2
1
17
4
1
4
71
6
3
2
27
2
3
3
31
4
2
3
63
2
3
1
63
1
4
1
25
2
4
4
65
13
3
2
28
1
4
1
18
14
4
1
23
1
4
4
3
14
1
4
18
9
2
3
36
3
3
2
11
2
2
3
30
6
2
1
53
1
1
1
40
1
3
3
65
13
1
2
65
1
4
2
12
3
4
3
66
5
3
1
27
1
2
1
45
1
2
3
55
17
4
1
45
2
4
2
71
3
3
1
40
3
2
1
3
10
2
2
45
1
3
2
63
3
3
3
7
4
4
4
44
2
1
1
52
2
3
3
49
6
2
2
5
2
1
1
44
1
4
4
14
20
4
3
17
15
2
2
49
3
4
1
12
2
3
2
12
1
4
3
45
4
1
4
26
10
4
2
60
2
3
4
54
8
4
2
47
1
1
2
32
4
1
1
68
2
4
1
5
2
4
2
40
3
2
3
10
23
4
4
63
8
1
4
29
1
3
1
3
1
4
2
15
3
1
2
34
1
1
2
38
1
1
1
28
1
4
2
15
1
1
2
18
4
1
2
38
2
2
1
43
3
4
3
34
5
3
1
22
3
1
2
71
1
3
3
23
13
2
1
5
1
2
4
47
12
2
2
37
4
4
1
44
2
4
3
3
6
3
1
43
1
1
2
44
1
2
4
66
6
2
3
8
7
2
2
10
2
1
3
41
2
4
1
39
3
4
4
61
5
2
4
13
8
4
2
65
4
1
4
4
4
2
1
66
1
1
4
28
5
4
3
16
7
3
1
31
8
3
3
6
4
2
3
35
6
2
4
29
13
3
4
2
7
3
4
9
3
4
4
44
10
1
