4
47
16
3
3
1
2
1
4
41
3
1
4
8
7
2
1
33
2
3
4
12
1
1
1
68
3
4
1
30
14
4
3
61
3
2
1
6
2
1
4
13
8
1
1
54
1
1
3
28
12
1
1
66
2
2
4
6
19
3
2
2
3
1
2
13
1
3
1
54
2
2
3
23
17
4
2
38
4
3
1
27
1
3
3
71
4
1
3
39
5
2
3
42
4
3
3
1
1
1
4
10
4
4
1
35
3
3
1
29
2
1
1
22
3
1
2
10
1
2
4
40
7
4
4
23
2
1
2
32
3
1
4
65
5
3
1
60
1
2
1
27
2
3
2
15
1
2
3
28
4
2
3
45
7
4
1
18
3
3
3
3
6
2
2
43
5
2
2
71
2
2
1
6
1
1
2
22
3
1
1
53
2
4
3
47
4
3
3
36
14
1
2
53
1
1
4
39
10
2
3
34
2
4
1
7
8
2
4
26
11
2
4
34
8
4
3
68
3
4
2
22
2
2
1
16
3
1
2
16
3
4
4
71
3
4
4
30
5
2
4
10
19
3
3
35
7
2
3
5
5
4
2
36
4
1
1
11
6
1
4
35
1
2
1
44
1
1
3
11
3
4
4
6
30
3
4
63
4
4
1
23
2
4
4
13
4
4
4
18
8
2
4
53
2
2
4
31
16
3
4
66
4
4
1
9
3
2
3
63
9
2
4
32
10
3
1
44
2
4
2
4
1
2
1
35
1
2
2
43
2
1
4
26
12
4
3
8
7
4
3
47
1
3
1
14
7
3
1
63
2
1
1
18
7
3
4
55
6
3
3
15
12
2
1
38
1
2
1
31
4
2
1
55
1
4
1
41
1
1
1
9
2
1
4
23
6
2
3
36
12
2
1
47
3
1
4
3
5
1
1
25
3
1
2
61
2
4
3
26
8
3
3
27
1
1
1
12
6
2
1
14
9
4
3
53
2
2
4
49
4
1
4
11
27
2
4
60
3
4
4
16
7
3
3
17
2
2
4
37
14
1
3
3
10
2
1
68
2
3
1
65
2
3
4
5
2
4
1
30
3
2
4
27
11
2
1
55
2
2
3
31
17
3
2
45
2
2
3
54
2
3
2
2
1
4
1
49
2
2
4
14
6
3
4
17
9
2
2
38
2
4
4
68
1
4
1
15
4
3
3
9
21
2
3
7
4
1
4
43
6
2
3
30
8
4
3
65
6
3
1
33
6
2
1
10
6
1
1
1
1
2
2
54
2
4
4
45
7
2
1
52
3
1
2
45
3
2
4
1
12
3
4
54
11
4
3
13
6
4
1
42
1
2
4
33
5
1
2
30
2
1
3
63
12
4
2
52
3
1
3
65
13
2
2
41
4
2
3
7
5
2
2
71
1
3
2
7
2
2
4
52
13
4
2
25
2
1
1
65
1
3
3
10
11
1
4
12
7
2
4
17
13
1
2
66
2
2
1
28
2
3
2
25
3
1
3
16
2
3
3
49
5
4
4
47
8
2
4
36
9
4
4
28
11
3
4
30
4
3
2
60
2
4
3
16
1
2
2
17
3
4
4
14
32
3
1
29
3
2
2
35
2
1
4
52
1
2
1
5
2
1
2
63
3
3
4
67
35
4
2
53
2
3
4
67
36
3
4
15
19
4
2
9
2
4
4
7
5
3
4
7
6
3
4
41
2
1
1
4
4
2
2
37
4
4
2
3
2
1
1
37
1
2
2
12
2
3
1
40
1
4
1
34
5
3
2
34
2
3
2
39
2
3
2
68
4
3
3
2
2
4
4
43
9
1
2
42
4
3
3
41
1
4
4
9
23
1
1
60
2
3
2
26
2
4
3
55
13
4
4
2
10
3
3
52
11
4
1
8
2
1
3
29
17
2
1
34
7
1
2
1
2
2
3
6
4
1
4
25
8
4
4
63
5
4
2
6
2
4
3
41
3
4
3
2
9
1
1
45
2
2
3
9
25
3
1
45
1
3
2
36
3
4
1
67
3
1
1
61
3
2
2
15
3
1
2
40
4
3
1
32
1
1
2
29
1
2
4
8
12
1
4
68
23
4
4
15
2
3
4
54
5
4
3
18
8
3
3
12
7
1
1
2
3
2
4
31
2
2
2
55
3
3
2
67
1
4
2
16
2
1
4
37
1
2
3
31
7
3
3
26
3
4
2
7
1
3
3
29
8
1
4
22
3
1
1
41
2
3
4
45
3
1
2
31
4
3
3
43
4
3
4
38
1
4
3
55
4
4
3
30
7
4
3
60
20
4
1
13
9
4
3
10
23
4
1
52
2
2
4
44
12
4
1
43
1
1
4
1
9
2
1
23
3
4
4
60
7
4
2
68
2
1
4
22
8
1
3
38
3
2
1
26
3
4
2
17
1
3
4
53
15
4
2
12
1
1
4
66
5
2
3
71
5
2
3
34
8
2
1
49
1
1
3
40
6
2
4
16
10
4
3
25
7
3
2
65
4
2
2
28
1
1
2
40
2
1
2
47
1
1
2
1
3
2
2
28
3
2
1
53
1
2
1
16
6
2
4
25
9
3
3
44
6
1
1
5
1
3
3
39
4
1
1
3
5
4
1
71
3
2
2
39
1
1
1
11
9
4
2
63
1
2
1
28
1
3
2
44
5
2
2
49
1
3
2
8
2
1
1
39
1
3
4
4
18
1
4
65
2
1
2
31
1
3
4
4
16
2
1
67
1
3
2
30
3
2
2
37
3
1
4
38
4
1
4
44
10
2
2
29
3
4
4
35
2
1
3
5
4
4
2
27
3
1
2
14
3
4
3
23
18
1
1
17
8
1
1
31
17
3
3
38
7
3
3
11
14
4
4
28
12
3
4
55
3
4
4
39
2
4
4
9
15
1
3
33
23
3
3
67
15
1
2
32
1
3
2
65
1
4
1
47
1
1
1
25
2
3
1
32
2
3
3
17
3
4
2
9
3
1
3
13
5
1
4
3
2
3
1
26
1
1
2
34
3
3
3
14
16
2
4
49
2
2
3
32
3
1
2
60
1
2
1
36
3
1
2
61
1
3
3
68
4
4
1
37
2
2
2
14
1
4
1
71
2
2
2
55
1
3
4
42
1
1
2
5
3
2
3
12
5
2
3
45
2
1
3
67
12
1
2
67
2
3
4
18
6
1
1
13
5
4
3
43
6
3
2
23
2
4
3
40
3
2
3
61
10
2
3
37
9
1
3
66
9
1
3
6
5
1
3
27
10
2
1
10
4
3
3
60
24
4
4
42
3
4
2
49
2
4
2
33
2
4
2
23
3
2
3
15
14
3
2
26
4
4
4
61
2
1
3
37
11
2
1
22
2
4
2
47
4
4
4
29
1
2
4
5
16
1
2
13
3
4
4
2
3
4
3
53
1
3
3
49
8
3
3
35
8
2
3
52
10
4
3
44
1
3
2
5
2
3
2
3
3
1
1
4
7
2
2
10
2
2
2
52
1
3
1
8
12
1
3
42
1
4
3
18
3
2
1
3
8
1
1
66
3
1
2
6
3
3
1
7
2
3
1
63
1
3
4
27
9
1
4
40
6
3
2
4
3
1
1
38
2
4
2
42
2
4
3
25
9
3
1
2
1
4
3
22
4
1
1
43
3
2
3
22
11
3
2
18
4
4
3
14
25
2
1
61
2
3
3
66
8
4
4
34
7
2
4
36
2
1
2
8
1
4
1
36
1
2
3
4
10
2
3
8
16
3
3
4
1
2
1
40
2
4
2
33
1
2
4
33
4
1
2
44
1
4
3
32
7
3
3
33
3
1
2
11
1
1
1
39
4
2
1
12
14
3
4
32
9
3
2
41
5
3
1
17
11
4
4
71
4
1
2
18
2
3
3
54
1
1
4
61
11
3
2
27
1
1
1
42
2
2
2
35
3
1
2
54
1
1
1
15
1
4
4
11
12
3
4
29
14
4
2
11
2
3
1
1
2
4
2
66
1
3
