3
12
7
2
3
36
4
2
3
63
8
4
4
28
7
4
3
30
18
4
1
31
16
3
3
54
2
3
1
15
2
4
1
1
1
2
1
2
7
3
2
37
3
3
4
37
5
2
3
43
3
3
3
71
4
2
4
47
12
1
1
27
3
3
3
26
11
3
3
15
11
1
3
23
19
4
1
12
11
1
1
43
3
3
1
49
1
3
2
26
2
3
1
34
2
4
1
68
2
3
2
61
2
3
2
36
1
3
4
41
2
1
1
5
1
4
3
10
8
3
4
8
7
1
1
61
3
1
3
2
5
3
2
45
2
2
3
30
11
2
1
22
1
3
2
31
3
2
2
27
1
2
3
71
1
2
1
6
1
2
2
42
1
4
1
52
1
2
4
36
2
3
1
45
1
1
1
33
3
2
3
28
2
2
3
17
9
4
3
40
5
2
2
33
1
2
2
35
2
3
1
29
3
2
3
61
7
3
2
10
3
1
2
12
3
3
2
8
3
2
4
52
1
1
4
53
12
4
3
27
9
1
4
41
3
1
1
67
1
1
4
5
8
4
3
65
3
4
4
25
1
1
3
41
4
2
2
14
1
1
4
35
2
2
4
65
11
4
4
68
24
3
3
17
2
2
4
54
7
3
3
18
25
1
2
4
1
2
2
7
1
3
2
47
2
2
2
43
5
4
2
34
3
1
3
34
8
4
1
36
1
3
3
25
5
1
3
53
4
2
4
61
6
3
1
23
1
2
4
30
7
2
1
55
1
3
4
13
3
1
4
16
9
3
2
22
2
2
2
65
3
4
2
60
4
3
1
71
1
3
2
28
2
1
4
23
3
1
4
39
7
2
3
23
13
4
2
38
3
2
3
11
17
2
4
2
1
2
4
49
4
1
2
1
3
1
1
10
5
4
2
11
2
1
3
8
7
4
1
18
12
4
1
27
2
2
2
6
2
2
4
15
16
4
1
42
2
1
3
45
7
2
2
45
3
2
4
65
6
1
3
33
11
4
1
18
4
1
2
23
1
4
3
55
12
2
3
14
21
4
4
10
2
3
3
14
2
3
4
33
4
3
4
18
12
1
2
18
2
1
2
9
2
3
2
32
3
3
3
5
1
4
3
13
1
1
2
71
1
4
1
15
4
2
2
52
7
2
2
61
1
4
4
71
2
2
1
25
3
3
1
35
2
4
3
54
1
1
2
17
2
1
3
52
17
2
3
38
1
4
2
5
1
2
1
47
1
3
2
7
3
3
3
36
14
1
4
31
24
2
4
12
5
4
1
25
1
3
4
63
3
4
2
35
1
3
4
11
6
1
3
28
8
2
3
38
3
4
4
53
5
3
4
66
1
4
1
71
2
4
4
27
10
4
3
67
38
1
2
54
2
4
3
22
10
3
4
26
12
4
4
40
6
4
3
29
19
1
4
11
30
2
4
6
13
1
4
3
6
4
4
16
11
3
1
29
2
4
2
16
3
1
2
15
1
4
3
6
6
2
1
52
2
1
3
32
3
2
4
38
5
4
4
30
4
4
2
2
2
3
1
40
2
3
3
44
6
3
2
41
1
3
4
32
4
1
3
39
3
3
3
37
2
3
4
52
2
1
4
71
4
2
3
22
6
3
2
39
1
4
3
42
3
3
2
18
1
3
2
4
3
1
4
10
13
3
1
11
1
1
1
49
2
1
4
44
19
1
3
9
26
1
3
32
2
4
4
31
22
4
1
32
7
4
1
54
3
4
2
36
3
1
2
60
1
4
2
30
3
3
1
33
4
4
2
66
2
4
3
4
23
4
4
8
16
2
2
41
5
3
3
5
5
2
1
39
2
1
1
42
1
3
2
11
3
4
1
4
7
4
2
2
3
2
2
8
1
2
3
44
8
1
3
53
8
1
1
66
3
2
1
1
2
2
4
34
12
1
1
65
1
1
4
54
2
1
1
23
2
2
4
5
18
2
2
6
1
3
1
30
16
2
1
28
2
1
3
42
2
4
3
1
9
1
3
47
8
2
3
1
2
4
2
37
1
4
1
14
21
1
1
45
2
4
4
27
9
1
3
7
5
1
4
1
12
1
2
22
3
2
4
28
12
4
1
5
2
2
3
67
7
3
1
60
1
3
4
55
9
4
1
67
3
1
1
3
10
2
1
9
5
1
2
66
3
3
2
34
1
4
4
25
2
2
1
35
3
2
2
42
3
3
2
13
2
3
4
6
18
1
4
22
14
1
2
49
4
3
4
60
3
4
4
36
4
2
2
40
1
3
4
35
1
4
1
34
3
3
4
68
2
1
4
40
3
3
1
43
2
2
3
63
10
1
3
29
15
3
2
16
1
1
3
35
6
4
4
63
11
3
3
18
3
3
1
41
3
2
2
44
4
2
2
53
1
3
4
23
7
4
4
29
15
4
1
4
8
4
1
8
14
2
1
16
4
3
3
65
15
4
2
3
2
2
1
63
2
3
1
12
15
1
3
43
8
4
2
63
1
3
2
29
2
3
2
65
2
4
4
7
9
3
4
12
4
1
4
39
9
3
1
41
2
1
4
4
27
2
4
32
1
1
1
63
1
1
4
34
9
4
4
45
14
2
1
13
3
1
1
7
4
3
2
25
1
3
4
49
5
2
2
10
1
4
1
38
2
1
1
3
6
1
3
33
22
3
4
43
8
4
2
13
3
3
4
67
30
2
2
3
1
3
4
45
12
2
1
6
2
3
2
32
1
1
1
66
1
3
2
53
2
2
1
36
2
2
3
34
7
3
4
7
3
4
3
4
14
1
2
55
1
1
1
16
2
4
4
43
1
4
3
35
5
4
1
68
3
4
3
49
7
4
2
33
2
3
2
68
1
1
4
9
5
2
1
44
1
1
3
49
5
4
4
60
4
4
3
68
17
3
1
31
18
1
1
37
1
4
3
68
11
2
1
60
2
4
1
55
2
3
2
40
2
2
3
27
12
3
1
53
1
4
1
37
2
3
3
60
1
2
2
23
3
1
2
68
3
1
2
49
3
3
4
14
6
3
3
31
7
2
3
15
5
3
3
40
6
3
4
44
14
1
3
13
9
1
3
10
17
4
3
60
4
1
2
25
3
3
2
67
1
4
4
3
17
1
3
16
5
4
4
38
2
2
1
11
11
2
1
32
5
4
2
54
1
4
3
55
1
2
3
6
3
1
4
14
4
1
1
9
3
2
3
66
9
1
3
2
1
3
2
12
2
1
3
37
4
1
1
53
2
4
1
30
13
1
1
40
3
3
1
47
2
4
4
66
4
4
3
8
14
3
3
26
12
4
2
44
1
4
2
1
1
4
3
16
3
3
1
22
3
4
3
66
7
2
4
26
2
1
1
13
1
1
4
2
11
4
3
47
1
2
4
13
6
1
1
54
2
1
1
14
6
1
3
11
3
4
3
3
6
3
4
33
10
2
2
27
2
4
2
39
2
2
1
26
1
4
2
63
3
4
2
5
2
1
2
26
1
4
3
12
3
1
1
65
2
1
2
9
3
1
1
17
6
4
2
38
5
1
4
9
15
2
1
26
2
3
2
43
4
2
4
42
5
2
3
39
5
2
3
45
2
2
4
1
5
4
1
8
12
2
2
29
3
3
1
61
1
2
3
31
10
3
3
25
3
3
4
42
4
4
1
38
1
4
2
14
2
2
1
10
1
1
4
55
6
1
4
4
2
4
3
52
7
2
2
52
6
4
4
29
3
2
4
17
17
2
4
22
2
3
3
9
30
3
3
3
8
2
4
18
26
2
4
17
18
1
3
61
6
2
2
15
2
1
2
17
3
1
2
28
1
1
2
31
1
2
4
67
21
2
1
2
1
1
4
61
2
4
4
15
23
4
1
28
1
2
3
41
2
2
1
44
3
2
4
37
4
3
2
47
1
2
1
7
8
3
1
39
1
2
2
30
2
4
4
47
17
4
2
55
3
3
2
71
2
2
1
17
12
4
3
7
2
1
2
67
2
4
