4
44
18
2
1
3
5
3
2
54
1
3
2
71
3
2
3
11
21
2
4
35
5
3
4
40
6
4
2
8
3
2
2
44
1
2
2
45
4
4
2
2
2
3
2
6
3
2
4
10
31
3
3
53
1
4
4
34
13
4
2
7
2
1
4
22
12
4
4
25
3
1
1
68
3
4
3
18
16
2
4
42
4
4
1
63
1
2
1
7
8
4
2
28
3
4
4
4
21
3
1
13
3
2
3
22
12
4
4
7
2
1
1
12
4
4
2
52
4
1
3
43
5
3
3
3
8
2
3
43
6
4
3
3
9
2
2
61
1
2
1
30
10
2
3
1
7
2
1
4
3
4
1
28
3
4
3
41
4
2
4
15
27
2
3
40
5
3
1
38
2
3
4
35
4
2
1
37
1
4
4
45
4
1
2
65
4
4
4
43
5
2
3
65
18
4
2
16
3
3
3
38
3
1
4
68
23
1
4
60
8
4
1
11
6
4
4
45
10
3
3
4
28
4
4
8
3
4
2
52
2
4
1
47
2
4
3
37
2
2
3
2
4
3
2
18
4
2
3
4
25
4
2
15
3
3
4
28
9
1
1
66
1
3
1
49
2
1
3
61
3
1
2
41
1
2
4
43
2
2
2
27
1
3
2
36
5
2
2
17
3
3
4
12
1
1
1
27
3
3
1
23
2
4
1
2
5
1
4
38
9
4
4
28
10
2
2
53
1
4
4
55
5
1
2
49
3
3
3
14
22
1
3
12
2
2
3
35
7
2
3
66
6
4
2
67
1
4
2
7
1
1
4
32
11
1
4
3
22
3
2
53
3
1
2
47
1
4
3
47
5
4
4
54
10
1
2
35
2
3
3
52
6
2
3
23
8
2
1
44
3
4
2
41
3
2
4
29
16
2
3
34
8
2
1
31
15
2
1
31
2
2
3
30
24
4
3
42
4
4
1
5
2
1
1
66
2
2
3
63
9
1
2
40
2
2
1
17
8
4
4
5
1
1
3
11
3
2
1
43
3
1
1
52
3
4
3
45
5
4
1
34
10
2
3
39
4
1
2
60
3
3
1
39
3
4
4
15
25
1
2
34
2
3
3
16
1
2
4
66
2
1
3
23
17
3
2
1
1
3
2
12
2
4
2
49
2
3
4
52
14
2
3
1
5
2
2
44
2
1
1
16
6
2
1
32
1
1
1
12
8
4
2
31
4
4
3
32
5
2
3
15
7
2
4
32
12
4
1
6
2
1
1
16
4
2
1
71
2
3
1
15
3
2
3
7
5
1
4
14
19
1
1
22
3
1
4
13
11
4
1
8
10
1
1
41
3
2
3
33
7
3
4
13
7
4
3
54
2
3
1
45
2
3
3
39
6
2
1
11
11
2
3
5
4
4
2
28
2
1
3
55
12
2
3
71
3
3
1
7
7
1
1
44
4
1
4
2
10
1
1
17
13
3
2
13
1
4
1
9
4
1
2
29
3
4
1
1
3
3
1
65
1
4
3
13
8
3
4
36
5
4
2
3
3
4
3
28
6
1
2
30
2
3
4
26
7
4
4
7
3
1
3
5
3
2
1
60
1
3
1
34
8
4
3
32
12
4
3
10
18
3
2
22
2
4
1
28
1
3
3
13
7
3
3
60
16
4
3
55
7
1
2
29
1
4
4
52
19
4
4
39
3
4
4
17
22
1
1
5
1
2
4
37
6
3
4
39
2
1
4
67
6
3
2
55
1
2
3
38
7
3
2
37
2
2
2
43
4
1
1
25
3
2
4
67
9
3
3
49
2
2
1
67
1
3
4
10
9
2
2
38
2
3
1
33
4
1
4
4
6
3
1
68
1
1
4
61
10
1
1
54
1
3
3
6
3
3
3
17
11
3
1
42
2
3
1
33
8
2
4
12
2
4
2
37
4
3
4
65
10
4
4
2
9
3
4
27
5
2
4
9
24
1
4
17
21
4
4
41
1
2
3
61
7
3
3
71
2
3
4
71
3
3
2
26
3
4
1
55
1
4
4
34
4
3
4
33
10
2
3
17
15
3
3
66
4
1
3
36
14
3
1
1
2
3
2
39
1
2
1
10
4
4
2
36
2
4
4
65
6
1
1
41
2
3
1
71
1
2
1
15
2
2
3
60
4
4
2
66
1
4
2
71
1
3
1
61
1
2
3
40
4
3
2
2
1
3
4
71
5
3
1
35
4
1
3
7
1
1
4
18
22
1
3
15
10
1
4
68
7
2
4
47
16
1
4
27
10
3
3
63
11
3
3
30
25
4
2
45
2
4
2
5
2
4
4
44
11
4
4
41
4
4
3
27
2
3
4
33
6
1
3
6
2
1
2
8
1
2
4
36
11
1
3
33
21
1
3
12
1
2
4
30
5
1
2
14
3
1
4
16
12
4
1
13
5
4
2
68
1
4
1
25
2
3
2
23
3
4
1
49
1
2
2
30
1
1
4
9
18
3
4
18
13
4
1
10
6
2
4
55
1
4
4
11
16
4
1
26
1
2
2
10
2
1
4
14
5
1
4
25
8
1
2
40
1
3
3
2
5
2
1
4
6
2
4
1
9
2
1
42
1
3
2
18
3
2
2
5
1
4
1
3
6
3
4
60
1
4
3
44
4
1
1
37
2
1
2
47
3
2
2
34
3
1
4
63
10
2
4
23
20
4
2
9
1
1
2
13
2
2
2
9
3
3
2
17
2
3
3
54
1
1
2
63
1
3
3
26
10
4
4
3
1
3
4
26
4
1
3
45
1
1
2
25
1
4
4
42
5
3
4
6
27
2
3
47
4
2
1
2
6
4
3
29
10
3
3
68
1
4
4
47
9
3
4
53
5
3
2
60
2
2
2
4
3
4
2
26
4
3
4
54
9
1
3
16
8
4
3
9
29
2
2
33
2
4
1
40
3
3
4
1
1
4
2
12
1
1
2
43
2
2
2
35
1
1
1
8
16
2
4
66
4
3
1
53
1
3
3
35
1
3
2
39
4
4
4
31
6
1
3
10
2
3
4
49
8
3
2
65
3
4
2
4
1
2
1
65
2
4
2
16
2
1
2
61
2
3
3
37
4
4
3
25
2
1
3
53
4
4
1
27
1
2
2
66
2
2
4
22
7
4
1
40
2
4
3
49
7
3
4
31
16
3
3
31
15
3
3
52
10
4
4
53
13
3
3
25
7
4
1
23
1
4
1
61
2
3
3
8
17
4
3
42
2
4
1
63
2
2
1
60
2
2
2
32
2
1
4
38
7
3
2
42
3
3
1
18
6
3
3
67
34
1
4
61
8
3
4
29
3
4
2
1
2
2
1
35
1
2
3
14
6
2
3
28
11
3
3
26
3
2
3
65
15
3
2
55
2
2
1
43
2
4
2
33
1
3
1
39
1
4
1
55
2
4
2
3
2
2
2
23
2
1
1
14
5
4
2
22
3
1
1
38
3
4
2
67
2
4
1
29
2
4
3
8
2
4
1
14
3
1
2
63
3
1
1
30
16
1
3
27
9
2
1
36
1
1
1
54
3
1
3
9
23
1
3
44
6
2
4
40
7
4
1
26
2
4
4
37
13
3
4
49
4
2
4
63
6
4
1
36
2
2
2
54
2
1
1
67
3
3
4
16
4
1
1
47
1
3
3
68
4
2
4
23
3
4
1
9
7
3
3
18
1
2
4
11
15
3
2
27
2
3
4
5
5
2
3
34
5
4
1
18
14
2
2
6
1
2
4
6
20
4
1
52
2
4
1
6
1
3
2
68
4
3
3
22
4
1
3
36
7
1
2
15
1
1
4
30
8
2
1
32
3
3
2
14
1
2
1
45
1
2
2
31
1
3
2
11
2
1
2
38
1
4
3
41
3
1
3
29
13
4
2
11
3
1
1
53
2
1
2
32
1
1
1
29
3
4
2
25
3
1
2
10
3
2
4
8
18
3
1
22
2
1
3
31
29
2
2
42
1
1
3
67
32
4
