4
29
14
1
4
49
6
2
1
54
1
2
2
34
2
3
2
4
2
4
4
71
5
2
3
15
9
1
4
40
6
1
3
1
9
2
3
39
6
4
2
66
3
1
3
7
1
1
1
1
2
3
1
28
3
4
1
33
4
2
2
2
1
3
1
71
3
1
2
22
2
4
3
23
9
3
4
1
13
4
2
65
2
3
2
7
3
1
2
15
1
2
2
16
2
3
4
52
16
2
2
15
3
3
1
68
3
2
1
41
1
4
3
60
22
4
3
35
2
1
1
10
6
4
3
5
4
4
1
45
1
4
3
32
10
4
3
33
6
3
2
6
1
4
2
33
3
4
1
26
2
2
2
45
3
3
2
32
4
4
3
68
6
2
1
16
5
2
2
38
1
4
1
67
1
3
1
37
1
4
2
67
2
2
1
42
1
1
4
43
5
4
4
45
2
2
4
17
18
3
3
40
6
3
2
53
3
2
1
44
1
2
3
66
1
4
2
28
1
2
3
18
3
1
2
9
1
4
4
13
15
1
3
52
6
2
4
32
12
1
2
10
1
4
2
52
1
1
3
10
11
1
4
68
21
2
2
18
1
4
3
26
2
1
4
23
1
2
1
60
1
4
3
7
2
3
1
30
14
3
2
26
3
1
3
30
14
3
3
44
10
1
2
10
2
4
2
8
1
4
2
44
3
1
2
1
1
3
2
26
4
4
1
35
4
4
3
22
6
4
1
32
5
4
3
68
1
3
4
67
33
3
2
14
1
3
1
34
5
1
3
63
11
4
4
30
1
1
4
17
24
4
3
55
12
3
1
23
3
2
1
34
4
3
3
14
16
3
1
18
6
1
2
55
1
3
4
30
7
3
1
22
3
1
4
2
4
3
3
65
11
1
1
38
2
2
3
36
14
2
4
38
1
3
2
52
4
2
4
39
6
2
1
36
3
3
3
30
8
1
1
14
3
4
2
2
2
1
3
13
8
3
4
3
8
1
3
71
5
3
1
54
2
3
4
8
19
3
1
36
1
4
2
22
3
4
1
11
12
2
2
61
3
2
4
55
3
4
4
32
5
4
2
6
2
2
1
12
18
2
4
37
5
2
4
31
12
2
4
11
15
4
1
68
1
2
4
34
4
1
2
25
3
2
4
44
8
2
3
65
19
1
4
66
2
1
3
47
5
4
1
65
2
3
4
5
8
1
3
28
6
3
4
63
11
2
1
38
1
2
1
55
2
4
2
42
3
3
3
53
3
3
1
52
2
4
3
36
9
3
2
54
2
4
3
9
26
4
1
44
4
1
1
25
3
2
3
8
12
3
1
40
1
3
3
12
7
1
3
28
9
1
1
10
4
4
4
7
6
4
3
40
2
4
2
12
2
4
4
65
4
4
3
34
8
1
2
18
4
2
2
43
3
1
3
34
1
1
3
29
5
4
4
27
10
1
1
15
3
3
2
45
2
3
3
17
6
4
4
16
9
4
1
66
3
2
2
47
3
1
2
32
3
2
4
23
9
4
2
5
3
3
2
36
1
4
3
71
1
3
1
61
1
2
2
11
3
3
1
23
2
4
3
27
12
2
4
54
12
1
2
61
2
4
2
65
3
4
2
39
3
1
1
2
2
1
4
10
24
4
3
31
26
3
3
12
4
4
1
31
11
1
4
29
16
2
2
9
3
2
3
38
12
4
1
7
8
1
1
27
2
2
3
42
3
1
3
47
9
1
2
63
2
4
2
35
3
1
4
15
18
3
1
1
3
3
2
4
1
2
2
28
3
3
2
33
1
1
1
41
3
4
2
25
1
1
2
37
1
3
2
31
5
2
1
14
19
3
3
18
5
3
3
9
9
3
3
25
5
4
1
35
2
3
1
49
2
1
4
3
16
3
4
4
19
4
1
12
3
2
1
53
2
4
2
8
3
3
4
26
5
4
1
18
4
2
2
41
5
4
4
49
5
1
1
9
10
2
4
12
7
3
3
39
1
2
2
54
1
1
2
29
1
1
3
45
3
2
4
45
10
1
1
4
5
4
3
63
12
4
3
25
9
1
3
16
6
2
4
12
1
1
3
31
21
4
4
47
11
2
2
3
2
1
2
13
2
2
3
61
4
3
4
33
2
4
4
25
6
4
3
13
2
1
2
27
2
1
2
17
3
3
1
55
1
4
1
29
2
3
3
11
26
1
2
11
2
3
2
36
3
3
1
27
1
3
3
3
6
1
1
53
1
4
1
13
2
2
3
33
11
1
4
39
5
1
3
4
20
3
3
43
1
3
3
16
4
3
3
66
6
1
2
14
3
2
4
27
1
2
1
43
3
1
3
5
5
3
1
67
3
2
2
12
3
2
1
31
5
2
2
29
2
1
2
71
1
1
4
28
10
3
1
4
7
3
4
15
23
3
3
37
10
2
4
14
30
2
2
30
1
1
2
49
4
1
3
1
8
1
4
8
12
1
3
60
2
2
4
53
6
4
1
63
2
4
4
38
2
2
1
29
3
3
4
52
12
4
1
5
1
1
1
9
5
2
4
44
17
2
4
61
1
2
3
35
4
1
1
39
2
3
4
6
22
2
3
3
5
2
1
2
7
4
1
26
3
3
2
17
1
4
4
71
2
1
4
36
7
1
3
27
1
1
1
11
5
3
2
31
3
3
2
68
1
2
1
63
1
1
1
6
2
1
3
61
7
4
4
35
1
1
2
1
2
1
4
10
10
3
2
16
3
3
2
40
1
2
3
37
2
2
1
66
2
3
3
15
17
4
4
66
1
3
4
35
5
3
4
11
12
2
2
35
1
3
1
47
3
2
2
34
3
2
4
63
12
2
3
2
12
2
4
55
7
2
1
45
2
3
3
32
3
3
2
23
1
2
4
53
13
4
3
38
6
1
1
65
1
1
3
54
1
4
2
23
3
2
1
15
2
2
4
43
10
3
4
37
13
3
4
1
6
2
3
6
3
3
1
61
2
2
3
29
8
1
1
3
3
3
3
49
7
2
3
4
3
2
1
17
14
4
3
45
6
2
1
43
1
2
4
47
17
3
2
43
2
1
2
66
1
4
4
54
10
3
4
16
2
4
1
28
2
4
4
5
7
4
3
26
6
4
3
17
11
3
2
3
3
2
3
23
8
2
4
68
25
2
4
60
3
1
2
38
3
3
1
6
1
2
2
63
1
2
2
60
1
3
4
26
9
4
3
42
2
4
4
18
25
3
4
4
26
1
2
55
2
3
2
5
1
1
2
40
3
4
4
18
4
4
3
43
7
4
2
49
3
1
1
42
2
2
3
10
7
2
4
60
8
3
2
44
4
2
1
17
13
3
4
6
25
4
2
39
4
4
3
67
16
1
3
6
2
2
2
60
4
1
1
49
1
2
3
2
7
4
1
25
1
4
1
22
1
1
2
47
4
1
3
41
1
1
3
53
4
4
4
65
8
1
3
49
1
3
4
31
15
3
4
13
16
4
1
5
2
2
1
13
5
3
1
16
1
4
1
8
8
2
4
28
12
2
4
14
28
2
2
41
2
1
3
41
3
1
4
9
28
3
4
9
32
1
2
37
2
4
4
61
12
2
1
30
4
1
1
37
2
3
3
22
8
2
2
71
2
2
2
30
3
4
4
22
17
4
1
7
10
2
4
41
3
4
3
52
2
4
1
8
10
1
3
67
15
4
1
47
2
4
3
14
15
2
2
67
1
2
1
33
6
2
2
68
2
4
2
53
2
2
4
7
9
2
4
25
4
3
1
71
2
2
4
22
15
2
1
32
6
4
4
33
6
3
4
42
1
4
1
60
2
1
1
40
3
4
4
2
12
1
4
42
4
1
3
8
6
2
1
39
4
2
4
36
12
3
2
13
3
2
3
55
16
4
3
11
17
1
1
52
1
3
2
42
2
2
2
27
1
1
2
7
1
1
3
44
3
4
4
41
2
1
3
54
2
2
4
40
2
2
4
67
12
3
4
34
12
3
1
3
10
1
