4
35
2
2
3
44
4
1
4
68
16
1
3
39
3
4
1
16
6
1
2
61
1
4
4
8
9
1
2
52
5
2
3
15
12
3
2
28
1
3
1
2
3
2
4
29
7
3
1
14
21
1
3
17
3
4
4
10
6
3
2
25
3
3
1
54
2
3
2
40
3
2
3
31
22
4
4
25
8
2
4
30
7
4
4
31
21
2
1
25
3
1
1
45
2
1
2
55
1
2
4
37
13
3
4
9
33
4
4
14
4
1
1
22
1
3
1
38
3
3
1
35
2
4
1
17
4
1
2
45
1
3
2
39
3
1
3
34
8
2
4
2
9
1
3
12
7
1
3
18
13
3
2
31
4
2
3
31
15
1
2
67
1
4
3
34
7
2
3
33
2
4
4
42
4
2
2
7
3
1
3
16
4
1
4
39
6
4
3
53
3
1
2
32
1
4
1
33
7
4
4
41
3
3
3
9
28
1
4
4
20
3
3
67
1
3
3
36
6
2
3
66
2
4
4
5
1
2
4
40
3
2
4
26
5
4
3
2
8
3
2
26
1
4
2
22
3
1
2
33
2
4
1
63
1
2
1
41
3
3
1
44
4
3
3
6
5
2
3
55
13
1
4
15
16
1
4
18
11
4
1
45
1
4
3
52
7
4
4
18
20
2
4
44
3
1
3
9
10
2
1
31
7
3
4
49
4
2
3
35
4
1
1
8
17
2
4
23
11
1
1
63
2
2
1
28
1
4
4
42
2
2
1
36
1
1
4
65
2
4
3
61
3
4
1
2
4
1
3
17
7
4
1
27
3
2
3
40
5
1
4
71
5
3
2
31
1
2
1
26
1
1
1
36
2
3
4
9
11
2
3
32
4
1
1
18
12
4
1
37
1
1
1
9
12
2
3
68
3
2
4
3
16
2
3
18
2
3
3
71
4
4
3
54
2
4
4
22
14
3
2
37
4
2
2
47
2
3
1
61
2
4
4
33
7
4
4
5
6
3
2
43
5
2
4
16
3
4
1
11
3
4
4
14
16
3
3
39
8
2
1
22
3
1
4
15
15
3
4
12
5
3
1
66
1
1
1
3
4
1
4
66
2
3
4
53
12
1
1
14
17
1
2
23
3
2
2
18
2
3
2
45
2
3
2
9
3
1
3
37
2
2
2
40
2
1
1
41
1
2
2
66
2
1
2
12
2
4
2
47
4
2
2
55
3
1
3
3
3
2
4
4
22
2
2
71
2
1
4
33
2
1
3
71
2
3
1
32
1
1
4
28
7
1
2
30
1
3
3
65
16
4
2
66
3
3
2
11
2
1
3
45
4
3
4
1
10
4
3
7
1
1
4
60
1
1
4
16
2
1
4
39
7
3
2
41
5
2
4
11
30
2
3
6
6
4
2
63
2
3
2
65
4
2
3
13
3
2
2
1
3
4
3
27
16
2
4
41
4
3
2
25
1
1
3
10
18
3
1
9
8
4
2
23
1
3
4
44
8
1
2
34
1
2
2
11
1
4
4
40
8
4
3
33
23
3
2
44
1
2
3
30
7
1
2
71
3
3
3
23
5
4
4
30
5
4
1
67
1
4
1
29
3
1
1
15
2
2
1
7
2
2
1
39
1
2
2
6
1
1
2
32
3
1
1
35
4
2
1
27
1
3
2
53
3
2
2
5
1
1
1
6
1
1
2
4
2
1
2
13
3
3
3
29
2
4
4
55
8
1
4
32
11
3
1
52
3
4
4
3
14
3
2
54
1
1
4
52
19
1
1
66
3
2
3
13
6
2
4
32
7
2
3
29
17
3
2
42
1
4
3
36
12
1
4
67
19
3
4
26
9
1
4
65
13
4
1
30
6
3
4
53
10
1
3
14
9
2
4
45
5
2
4
43
8
3
1
5
1
2
2
16
2
1
3
41
4
2
3
40
6
2
3
3
8
3
2
29
1
1
2
18
3
3
2
68
3
1
4
7
2
3
3
43
3
4
1
65
1
3
1
40
2
2
4
67
2
4
1
11
8
3
4
28
11
1
3
53
4
4
4
37
3
1
3
30
5
1
4
36
9
4
4
63
6
2
3
28
7
3
1
5
2
2
4
27
4
3
1
3
3
4
3
23
6
1
2
30
4
1
3
37
4
3
3
65
9
4
1
42
2
1
2
2
1
4
4
13
13
2
4
10
21
4
1
17
7
2
3
45
6
4
4
8
17
3
3
63
9
2
2
35
2
1
1
32
7
3
4
7
9
4
4
36
8
3
3
27
1
1
1
12
11
2
2
60
1
4
2
5
3
1
2
34
2
3
2
54
2
3
2
17
3
1
4
38
4
3
3
1
3
4
2
63
1
4
4
2
8
1
4
6
4
3
1
7
1
3
4
34
4
1
2
67
2
4
4
29
9
4
3
55
9
4
4
43
2
3
2
60
4
1
2
10
3
2
2
36
3
3
4
61
5
2
1
8
14
2
2
44
2
1
3
26
2
4
1
26
2
3
2
28
3
2
3
8
5
1
1
47
3
3
3
4
26
2
2
7
1
2
1
33
3
3
4
17
25
1
1
4
1
2
3
38
7
2
3
67
6
4
2
39
2
1
2
53
2
2
4
38
1
1
3
11
12
4
2
38
1
2
1
68
2
2
1
4
6
2
1
55
2
2
4
71
4
2
1
54
1
2
1
23
1
4
2
65
3
1
2
49
4
3
1
18
6
1
1
15
5
4
3
14
15
4
3
54
1
2
2
33
1
4
2
16
1
1
1
1
3
3
3
25
5
2
3
22
4
3
2
52
3
1
1
37
2
3
2
38
2
2
1
49
2
2
2
2
2
1
4
27
7
3
1
34
1
2
1
43
1
2
3
1
9
1
1
52
1
1
4
22
10
4
2
1
2
3
1
1
2
3
3
35
5
2
1
53
2
1
3
15
10
3
2
42
2
3
1
30
4
3
3
2
1
1
4
17
10
1
3
60
9
1
1
13
2
3
4
12
2
1
2
43
2
4
3
22
5
1
1
31
11
2
2
3
2
2
4
11
4
2
1
65
2
3
3
8
14
1
3
42
4
4
4
6
19
3
1
13
8
1
3
11
17
4
1
71
3
4
2
14
3
2
2
68
4
3
1
12
7
4
4
68
18
2
3
43
5
4
3
10
13
2
3
41
2
4
1
47
1
3
1
55
1
1
3
63
5
2
1
49
1
2
3
49
7
3
1
25
2
1
3
66
8
2
4
61
12
4
1
42
1
1
4
47
5
1
2
17
2
4
2
37
3
2
4
25
9
3
2
10
1
4
3
47
7
3
3
26
9
2
3
38
10
3
4
23
8
3
1
43
2
1
4
34
14
2
3
68
9
1
2
4
3
1
2
15
1
1
1
34
11
4
4
1
2
3
3
42
3
1
3
12
5
2
4
35
5
2
1
53
1
4
4
31
27
1
2
35
3
3
2
49
1
2
2
29
2
1
1
39
4
4
1
16
4
4
1
40
3
4
4
52
14
1
2
14
1
4
3
7
3
3
4
55
7
2
1
28
3
2
2
9
1
1
2
26
3
3
3
61
6
2
2
13
2
3
2
22
1
2
4
13
8
2
3
4
19
2
3
52
18
4
1
6
2
3
3
32
2
3
2
12
1
1
1
44
2
4
4
45
14
3
4
54
1
2
4
66
3
1
1
71
2
3
4
54
12
2
3
44
7
4
2
27
2
4
1
23
3
1
3
28
12
1
3
49
8
1
3
16
2
3
1
29
2
2
1
60
2
2
1
38
2
3
4
47
1
2
2
15
2
3
2
8
1
2
1
61
1
3
2
3
1
1
2
27
1
2
2
36
2
3
2
41
2
3
2
8
2
2
2
6
3
3
4
63
11
2
1
60
1
4
1
67
3
3
3
60
27
1
3
5
2
3
3
5
1
3
1
68
3
4
3
25
9
4
1
10
1
2
3
47
6
4
2
61
3
1
4
49
2
2
1
10
5
3
4
60
4
3
