3
7
5
3
3
45
4
1
3
5
4
1
2
44
4
2
1
16
3
4
1
25
2
1
3
38
4
4
2
68
1
1
4
63
5
3
2
31
5
4
3
34
5
1
3
68
17
1
2
15
1
4
3
28
10
2
2
52
7
3
2
22
3
3
4
16
2
1
2
10
3
3
1
12
3
1
4
49
7
4
2
36
2
4
3
28
12
4
1
43
2
2
1
12
6
4
1
60
1
2
2
11
2
4
3
44
5
3
1
65
1
3
3
37
3
2
3
36
7
2
1
47
2
4
3
52
14
2
3
13
6
2
4
65
2
3
1
61
3
3
1
15
4
2
4
32
2
2
2
52
5
3
1
7
5
4
3
54
2
2
4
61
9
2
2
13
1
3
2
35
1
3
1
9
3
2
1
3
4
4
1
33
4
1
4
30
3
2
1
34
8
1
1
42
2
2
2
40
4
3
3
71
3
3
1
71
2
1
2
14
3
2
1
52
1
1
1
26
2
2
4
30
7
1
2
3
3
2
4
27
12
3
2
12
1
2
1
14
16
4
1
44
4
1
1
28
2
2
4
54
2
2
4
3
2
1
1
17
12
4
1
10
1
4
1
65
2
1
3
10
3
2
1
61
2
3
4
42
4
3
4
7
8
2
2
30
1
2
1
41
1
2
3
35
7
3
1
54
1
3
3
15
13
4
1
11
11
4
4
55
8
3
3
6
5
2
3
9
21
1
4
52
8
3
1
26
3
4
1
37
2
3
3
61
11
2
1
54
3
1
2
42
1
1
2
66
1
2
2
13
2
1
3
40
4
4
4
41
3
2
1
41
3
4
3
32
3
1
2
47
1
3
2
61
1
2
3
52
7
2
1
2
1
4
2
33
2
1
1
7
7
1
2
41
4
1
2
37
3
1
3
33
10
2
1
38
2
4
1
5
2
1
2
25
1
4
2
41
3
3
1
29
3
2
2
17
3
2
2
1
2
4
4
23
12
3
2
3
1
2
2
1
1
2
2
63
1
2
3
7
1
3
3
8
6
3
4
26
8
1
2
16
2
4
2
65
4
2
1
28
1
4
3
4
16
2
2
5
1
1
1
66
1
1
4
15
14
2
4
68
4
2
4
53
3
4
1
49
2
2
2
26
4
3
1
66
3
3
4
9
19
4
1
30
5
1
2
66
3
3
3
36
8
1
3
9
17
1
2
27
2
2
2
36
3
3
3
55
16
1
2
8
3
1
1
35
4
3
4
39
3
1
1
60
2
2
3
63
2
4
1
40
2
1
2
60
4
1
2
54
1
2
2
42
3
3
4
11
31
1
4
43
8
3
4
65
5
2
1
8
16
1
3
41
2
3
4
63
8
2
2
55
1
1
3
17
16
1
4
40
2
3
3
38
1
2
1
53
2
4
2
4
3
3
4
5
16
1
2
63
2
2
4
2
8
1
1
40
3
4
4
44
5
1
4
5
19
1
4
38
8
2
2
23
3
1
2
39
2
1
3
71
1
3
4
45
13
4
2
27
1
4
4
13
15
3
3
54
1
3
4
10
9
1
4
67
5
4
1
3
1
4
3
31
2
1
2
15
3
2
1
5
1
4
4
42
5
3
2
23
2
4
1
42
1
4
4
71
4
1
3
39
1
4
4
49
4
2
1
38
1
3
2
38
2
3
2
54
2
2
4
17
2
3
2
67
1
3
3
12
7
1
4
68
9
3
4
15
11
4
3
44
4
4
2
6
3
2
2
44
5
2
1
25
1
4
3
13
9
2
1
16
7
3
3
42
1
4
2
71
1
2
1
63
1
2
1
32
5
4
4
6
27
3
2
61
2
1
2
47
4
3
4
37
3
2
4
10
19
2
2
68
4
2
3
11
1
3
3
22
11
3
1
36
2
2
3
3
1
2
3
35
5
1
4
31
3
2
3
53
1
4
1
55
1
4
2
53
3
1
3
25
5
4
4
22
1
4
4
4
14
2
4
1
6
4
2
14
1
1
3
26
8
1
4
1
3
4
4
26
10
3
3
16
7
2
3
30
26
2
2
34
3
4
4
25
3
1
3
41
3
4
4
43
11
1
2
60
2
4
1
22
2
4
4
52
17
1
1
10
4
4
3
66
9
1
3
29
8
4
4
34
2
1
2
38
1
4
3
60
25
2
4
8
4
4
2
28
3
1
3
61
10
2
4
34
1
1
3
55
17
2
3
34
9
3
1
52
2
3
4
7
6
4
4
55
10
3
1
43
1
1
1
18
12
4
3
10
6
2
3
66
3
3
3
60
4
2
4
37
5
3
1
47
3
3
1
22
3
2
3
27
13
4
1
49
1
2
3
22
3
4
2
39
4
3
3
18
13
3
2
34
1
1
2
16
1
4
2
8
2
1
4
29
7
1
2
49
2
2
2
35
2
3
4
35
1
1
2
31
1
3
3
67
26
2
1
18
15
3
2
45
3
1
3
1
8
4
2
32
4
1
1
15
5
1
1
2
2
3
4
53
15
1
2
32
2
2
2
6
1
1
3
23
10
1
1
27
2
2
2
29
1
1
2
10
2
3
1
9
6
4
1
33
6
1
3
53
4
2
1
35
2
3
3
18
23
3
2
49
4
4
4
8
9
4
3
3
2
1
1
53
1
2
4
16
11
1
4
66
4
4
4
18
12
3
2
30
3
2
1
8
17
1
4
44
9
2
2
18
1
4
3
6
1
3
1
29
2
2
2
17
1
3
2
33
1
4
3
43
8
1
1
67
2
3
4
9
24
1
3
49
7
1
4
25
1
3
4
2
13
2
3
26
1
1
2
29
3
3
4
47
13
1
3
5
2
4
4
11
20
1
4
45
1
4
3
47
6
4
1
14
1
3
1
31
17
3
4
67
14
3
4
14
31
1
3
63
4
1
4
12
8
1
4
35
5
1
4
28
12
3
3
4
7
1
3
43
2
2
4
54
1
1
2
9
2
3
2
45
2
4
1
37
1
1
4
40
4
1
1
23
3
2
4
47
10
1
4
6
30
4
4
13
9
1
1
13
5
2
4
33
7
4
3
33
8
1
2
37
1
3
4
32
7
3
1
4
2
2
3
67
25
2
4
27
3
2
1
45
1
1
4
33
5
1
1
1
2
2
2
12
2
3
3
37
8
1
3
49
2
2
3
14
13
3
3
16
3
1
2
2
3
1
1
31
3
4
1
39
2
3
4
36
5
2
3
2
3
4
2
67
2
2
3
65
15
1
4
14
23
2
3
14
1
2
4
39
10
3
3
30
25
2
1
45
2
3
1
6
1
3
3
8
13
3
2
2
2
2
1
67
1
2
4
41
1
4
2
55
2
4
3
45
2
2
3
12
5
2
1
13
1
1
4
36
11
1
1
34
6
4
2
7
2
3
3
1
7
2
2
22
1
4
1
4
4
4
3
32
9
3
1
39
1
1
4
71
1
1
4
18
17
1
1
27
1
4
2
7
3
3
4
22
17
1
1
11
2
2
3
42
3
3
3
17
2
4
2
18
4
3
1
6
2
4
3
15
11
2
1
32
2
2
2
9
3
1
2
65
1
3
4
31
17
4
1
36
3
4
1
68
2
2
2
11
3
4
2
28
2
4
3
68
13
4
4
66
6
1
3
27
2
2
2
26
1
1
3
47
7
3
4
60
8
2
4
28
10
2
1
23
1
2
4
61
6
1
1
44
3
1
1
30
9
4
1
63
2
2
1
17
5
1
3
2
2
1
2
5
3
3
2
53
1
4
3
40
2
1
3
29
19
3
2
43
5
3
1
55
2
4
3
65
13
1
4
12
9
4
3
25
4
3
4
60
2
1
3
23
17
4
3
39
7
3
4
38
1
2
3
11
5
2
4
3
15
2
2
43
3
1
1
71
3
4
1
1
1
2
3
31
26
1
4
29
8
3
2
71
3
1
4
17
12
1
4
4
8
1
4
23
24
3
2
4
1
4
2
40
1
1
2
25
3
2
1
68
3
3
