1
63
1
2
2
26
4
1
2
9
1
2
3
2
5
4
2
41
4
1
4
38
2
1
2
35
2
2
3
27
8
2
1
36
1
2
4
16
11
1
2
4
3
4
1
12
17
1
4
39
8
2
1
1
2
4
1
67
1
3
2
43
5
4
4
53
6
1
3
53
7
3
3
49
8
2
3
8
10
2
4
28
3
2
1
23
1
4
2
17
1
3
2
49
4
2
4
23
13
1
1
7
4
3
2
71
3
1
4
36
12
2
4
26
8
1
2
18
2
4
4
29
4
2
4
55
11
3
3
61
8
4
3
17
2
3
4
71
4
3
1
26
2
2
4
32
12
1
4
9
29
2
3
66
6
2
1
11
6
4
1
67
2
3
4
15
18
2
2
41
2
1
4
43
7
1
3
26
10
4
1
53
2
4
2
6
3
3
2
63
2
4
1
15
1
2
4
29
2
4
3
18
24
1
1
71
3
3
1
45
1
2
2
39
1
1
3
3
6
2
4
14
1
3
4
63
1
2
2
30
4
1
4
27
11
3
3
65
11
4
4
1
13
4
3
71
5
4
4
4
23
3
4
13
14
4
1
9
1
1
1
18
10
2
1
47
3
3
3
22
7
3
4
36
13
3
4
10
2
2
2
33
2
1
3
13
3
4
4
28
11
4
1
55
1
4
3
15
15
1
1
10
6
1
4
35
5
3
2
23
1
4
3
33
19
1
3
43
6
4
2
67
2
4
2
37
2
4
3
36
13
2
4
33
3
4
3
55
8
4
3
25
5
3
4
61
12
1
2
32
1
3
1
6
1
3
3
54
1
3
3
65
17
3
3
22
11
2
1
13
2
3
1
27
3
2
3
29
3
4
1
5
2
2
3
44
1
3
2
27
1
1
1
28
2
1
4
15
3
3
1
29
3
4
4
52
1
3
3
54
2
3
2
52
7
3
2
30
1
1
4
11
28
4
3
31
19
2
1
60
1
2
1
39
1
3
2
13
3
2
1
25
1
2
3
33
12
3
2
65
1
3
2
61
1
4
3
43
1
4
3
30
16
4
3
63
12
3
1
61
3
4
2
8
2
4
1
35
1
1
4
34
3
3
4
13
8
2
1
41
1
2
4
9
16
4
2
33
1
2
2
42
3
3
3
34
8
1
2
68
2
1
1
4
5
2
4
45
3
2
2
39
4
1
4
54
2
3
4
3
2
2
4
41
1
1
2
29
3
2
1
53
1
3
4
66
4
1
2
27
2
3
3
2
1
2
4
5
19
4
2
52
1
4
3
7
3
3
3
42
1
4
1
3
6
3
1
14
14
2
2
44
5
4
1
22
1
1
3
40
5
1
1
36
2
3
1
38
2
3
2
44
4
4
4
54
9
3
3
12
7
2
1
14
17
4
2
25
2
3
4
47
9
4
4
17
8
4
1
42
1
3
4
61
2
2
3
8
4
3
3
13
2
1
3
67
27
1
4
42
1
1
1
34
8
4
3
45
4
1
1
23
3
1
3
11
11
1
4
66
1
1
2
66
3
2
2
12
2
3
3
29
14
1
3
41
3
2
1
2
1
1
1
38
3
1
2
53
2
4
1
8
11
2
2
47
2
2
2
10
2
1
2
49
2
1
3
37
8
1
3
40
1
3
4
18
22
4
1
13
7
1
4
12
6
3
1
68
3
3
2
22
2
1
3
60
15
2
4
6
15
1
4
44
17
3
4
25
7
1
1
29
2
4
1
35
2
2
2
31
3
3
1
33
5
2
4
2
9
1
1
44
4
4
4
8
14
1
4
1
10
4
4
6
20
3
3
34
11
4
1
63
2
2
3
49
7
2
1
61
2
3
1
34
4
3
2
53
1
2
4
2
4
2
1
71
2
4
3
66
1
1
2
11
2
3
2
1
2
4
4
32
11
1
2
38
5
3
2
1
1
4
2
7
2
2
4
17
22
1
3
1
5
1
2
3
3
3
1
44
1
2
4
30
8
4
3
32
7
1
4
25
4
4
1
55
2
1
1
8
6
2
1
54
3
3
1
10
8
4
4
42
3
4
4
49
1
2
3
11
8
2
2
25
3
4
4
26
9
3
3
39
2
2
2
17
2
2
2
12
3
4
3
32
10
3
2
54
1
2
4
22
7
3
2
14
3
1
2
32
3
4
4
14
5
3
3
9
13
3
4
71
1
4
1
66
3
1
4
65
1
1
4
30
7
1
3
68
7
4
3
23
12
2
4
10
3
2
2
40
1
4
3
7
4
3
3
16
8
3
3
45
2
3
3
37
6
3
1
66
2
4
1
49
2
3
3
55
13
2
3
44
4
2
2
10
1
2
2
45
2
1
3
14
19
2
4
37
10
2
4
52
11
1
2
4
2
3
1
52
2
3
4
60
1
2
2
15
2
3
3
5
2
3
1
32
5
2
3
28
1
3
3
17
14
4
2
13
1
2
3
27
1
3
4
55
6
2
1
18
5
3
2
11
1
2
3
36
9
3
2
60
4
1
1
4
3
2
3
1
9
1
1
30
3
3
1
52
1
4
2
71
1
3
1
68
1
4
4
12
1
2
2
45
3
1
3
4
3
4
2
47
1
2
1
26
1
1
3
30
11
1
2
55
3
2
3
35
8
3
2
16
3
2
1
7
7
4
2
22
1
2
3
71
3
4
2
34
1
4
2
2
1
3
2
66
1
3
4
3
19
3
4
53
9
4
3
23
9
3
1
42
2
3
1
39
4
2
1
16
4
2
1
32
3
1
3
18
5
3
3
14
7
2
3
52
17
4
1
45
2
1
4
67
10
4
2
43
1
1
2
61
3
1
1
3
3
4
4
47
8
4
1
25
3
3
3
38
9
1
3
10
16
4
1
1
3
2
1
54
2
3
1
37
1
1
1
6
2
2
4
65
6
1
3
61
1
3
2
65
3
4
1
60
2
1
1
49
1
2
4
39
1
3
1
40
3
4
3
12
4
3
3
5
5
1
4
37
3
4
4
68
22
2
4
27
5
1
3
53
1
4
2
29
1
1
1
40
1
3
4
40
1
1
4
18
23
2
1
17
10
1
1
65
2
3
2
34
3
3
4
7
9
4
3
10
1
4
3
52
3
2
4
44
16
1
2
5
1
4
2
7
3
1
1
11
12
4
1
33
6
2
2
28
2
2
2
15
3
3
3
67
36
2
4
8
2
1
1
2
5
1
4
23
20
1
2
23
3
1
4
5
15
3
4
45
13
3
3
60
9
4
4
31
13
1
2
2
2
4
4
49
4
2
1
31
10
4
4
60
8
3
3
15
1
2
1
37
2
1
3
3
7
1
1
31
17
1
3
68
17
1
3
35
4
2
2
63
3
3
2
60
2
1
2
36
2
2
1
43
1
2
4
4
11
4
1
12
16
2
2
68
3
3
1
22
3
3
3
31
29
2
2
31
4
3
4
7
2
1
2
9
2
2
3
63
4
4
4
35
3
4
3
41
4
2
3
16
4
3
2
38
1
3
2
35
3
1
3
26
11
1
1
43
2
4
3
38
11
3
4
33
2
4
1
28
1
1
4
11
1
2
2
14
1
2
3
42
4
3
1
15
2
3
4
40
2
1
4
38
1
3
4
41
4
4
2
16
2
3
2
3
1
4
2
8
1
4
2
40
3
4
4
16
10
3
2
26
2
3
1
65
1
2
3
4
2
4
1
27
1
2
3
6
5
4
4
43
11
1
2
6
2
1
2
37
4
3
1
30
14
3
4
22
20
4
4
67
24
2
3
28
8
2
1
41
2
4
1
5
1
2
3
25
4
4
3
47
9
4
4
63
11
3
1
47
1
1
2
55
2
1
3
47
3
3
3
39
6
4
2
36
3
3
4
31
17
3
2
18
1
2
1
9
12
1
3
9
1
1
4
68
4
3
2
67
1
2
2
5
2
1
2
54
2
4
2
42
1
2
4
34
14
2
1
16
1
2
1
17
3
4
2
28
3
2
3
6
6
4
