4
61
3
1
3
12
5
1
1
40
3
1
3
23
9
2
3
38
12
2
2
45
3
1
2
6
3
4
3
8
9
1
4
71
3
2
1
41
2
1
1
1
1
4
3
27
12
1
1
3
2
2
4
38
9
3
1
63
1
2
2
11
3
4
2
31
2
2
4
7
3
4
2
54
1
3
3
28
6
2
4
63
4
3
1
40
2
2
1
68
1
4
2
33
1
2
3
26
10
3
3
27
16
4
4
47
5
4
2
30
5
3
4
16
10
3
3
5
5
4
2
44
1
4
4
36
15
1
2
31
1
1
3
10
1
1
4
3
9
4
3
42
2
1
2
63
3
1
1
15
5
4
4
68
10
1
4
23
2
3
4
33
7
1
2
66
1
1
3
37
9
4
3
33
13
1
2
61
2
1
4
22
1
1
1
2
7
2
4
15
12
4
1
35
4
1
2
65
3
1
3
44
1
4
3
7
4
3
2
18
3
4
3
11
4
4
3
54
2
3
2
35
3
3
4
25
7
2
4
13
6
4
4
8
10
2
1
14
22
1
2
5
1
3
3
25
9
2
2
4
3
3
3
3
4
1
1
33
3
4
2
37
2
4
1
61
1
4
4
4
3
4
2
9
1
4
1
66
3
2
3
35
2
2
4
44
5
2
2
25
3
1
2
16
1
1
1
65
2
1
1
38
3
4
2
53
1
2
4
2
13
3
2
34
2
3
2
12
3
2
4
27
7
4
1
4
6
1
1
14
19
4
4
14
28
1
3
49
8
1
3
71
5
2
2
39
1
1
3
63
13
4
2
61
3
1
3
53
6
1
3
25
8
4
1
67
1
4
1
26
1
3
3
1
7
2
1
22
1
2
2
66
2
3
3
66
9
1
1
1
2
1
2
39
2
1
3
61
10
1
3
38
8
4
4
18
20
2
2
49
3
1
1
30
5
4
2
15
2
3
2
14
2
4
2
49
2
4
2
32
2
2
3
8
16
2
1
8
15
2
2
3
2
3
1
71
3
1
2
26
3
1
4
43
10
3
3
22
2
3
4
61
4
2
3
29
4
1
3
6
5
3
3
55
7
2
4
11
24
3
1
66
2
1
1
35
2
2
3
30
23
4
2
43
4
4
4
43
12
3
1
43
2
1
1
60
2
2
2
52
5
3
3
40
5
4
1
71
1
3
3
60
1
3
2
29
1
2
2
1
3
3
2
67
1
3
3
26
4
1
3
43
6
3
2
38
5
1
1
42
1
3
2
47
2
3
1
39
4
4
4
11
1
4
2
27
3
3
4
41
4
3
1
7
9
1
2
7
3
1
1
60
1
2
2
6
2
1
1
23
3
1
2
35
2
3
1
55
1
1
2
67
2
4
2
41
3
1
3
45
6
4
4
8
13
4
3
9
17
4
1
36
3
3
3
37
5
3
4
55
2
3
4
6
3
3
2
12
2
2
1
17
2
4
2
10
2
3
3
60
24
4
4
30
6
4
4
4
8
4
2
32
4
2
4
45
11
2
3
18
4
2
2
8
2
3
1
44
2
4
2
3
1
4
2
42
3
1
4
10
24
3
1
3
4
1
1
8
2
4
1
55
2
2
2
2
1
2
4
63
3
3
3
43
7
1
4
36
10
3
3
1
5
1
1
30
7
4
1
9
11
2
2
15
1
2
2
29
3
3
2
16
3
2
1
25
3
3
1
27
2
1
1
10
8
1
3
41
4
4
4
14
5
1
4
60
3
3
2
11
1
2
2
18
2
2
3
65
15
3
4
25
1
4
1
49
1
1
1
12
6
2
3
32
7
4
4
18
4
2
4
6
11
2
1
23
2
2
2
8
3
1
3
49
5
3
2
4
1
3
3
11
18
4
4
49
4
3
2
40
2
4
1
13
3
4
1
39
3
3
1
15
3
3
4
12
6
1
3
67
15
4
3
63
6
3
2
55
3
3
1
6
2
1
3
67
17
2
2
68
3
4
4
65
7
3
2
17
3
2
3
15
12
4
2
60
1
4
3
68
14
1
4
23
7
4
1
29
2
4
4
53
3
3
4
29
6
3
4
35
3
4
3
52
11
1
4
32
2
4
4
31
1
2
1
9
6
4
4
32
11
3
4
31
23
2
4
5
26
3
1
16
6
3
3
35
7
1
3
12
4
3
1
49
2
3
3
34
2
3
1
6
1
2
3
41
1
1
1
18
5
4
4
22
10
1
4
66
3
4
2
2
3
4
2
9
2
4
1
37
2
4
1
2
5
3
2
34
1
4
4
26
8
1
1
11
3
1
1
33
8
1
1
25
1
1
3
13
6
1
3
15
11
3
4
33
3
1
2
71
2
1
3
39
9
2
3
2
5
1
2
65
4
2
1
45
1
4
2
43
1
1
3
36
4
2
2
42
1
2
4
67
9
1
4
1
6
1
2
22
3
1
4
29
3
2
3
5
3
2
2
68
1
4
2
44
4
2
3
47
2
1
1
45
2
2
1
65
1
3
2
71
3
2
2
28
2
2
2
54
2
2
4
34
5
2
3
32
5
2
2
63
2
1
3
29
17
1
4
34
13
4
1
53
1
2
4
55
7
4
1
47
1
4
3
28
14
3
3
31
2
3
4
66
6
1
4
39
9
2
1
5
1
2
3
22
4
2
2
23
2
2
1
68
2
4
3
17
8
2
4
5
11
4
2
55
1
2
2
23
3
4
1
44
4
3
1
5
2
3
4
37
8
1
3
31
6
3
2
14
1
1
4
15
23
1
3
9
18
2
2
10
1
1
4
26
9
2
1
37
1
1
1
7
6
2
3
4
13
1
1
28
2
4
1
34
4
4
4
17
14
4
1
67
3
1
3
3
3
3
3
6
3
1
1
13
2
1
3
44
2
2
4
12
10
4
3
10
17
3
3
17
15
2
4
47
8
2
1
34
9
2
1
26
3
3
4
49
5
1
2
38
2
3
3
42
4
3
1
31
17
4
3
66
7
4
2
60
3
1
1
42
2
4
3
13
4
2
3
61
7
4
3
36
2
2
3
23
1
2
4
40
1
3
4
54
2
4
1
32
4
2
4
3
19
4
1
31
10
1
4
54
1
2
4
65
15
4
1
32
1
2
2
5
3
2
2
41
1
1
2
13
2
3
3
14
18
3
4
30
7
4
4
28
11
3
3
40
4
1
1
53
2
3
1
11
6
1
3
39
7
4
4
38
2
4
3
30
19
3
4
42
1
1
4
7
9
4
3
16
2
1
4
1
9
2
2
22
1
2
1
61
2
2
3
47
6
3
3
54
1
3
1
54
1
1
1
43
3
2
3
71
3
3
4
35
4
3
1
10
3
1
4
39
1
4
2
7
1
4
1
16
7
2
3
52
3
1
4
16
4
2
3
16
3
2
1
4
7
3
1
12
1
1
1
38
2
2
1
63
2
4
4
27
2
3
4
17
19
3
1
22
3
1
3
14
15
4
2
52
2
1
3
34
8
3
4
44
6
4
2
47
1
3
1
36
1
1
2
53
3
1
2
13
1
4
1
18
15
3
4
28
5
1
3
2
11
1
4
53
13
4
4
60
6
1
4
9
31
3
1
54
3
1
4
68
25
3
2
25
2
4
3
4
22
4
4
52
7
2
3
7
1
4
4
45
12
1
2
45
2
4
4
71
6
4
4
2
1
2
3
55
3
1
3
65
13
3
4
41
2
4
2
37
4
3
2
26
1
3
1
29
3
1
4
52
14
4
4
37
12
3
2
36
4
1
3
68
12
1
4
10
12
2
1
52
1
3
1
28
1
1
2
27
1
3
4
67
37
2
1
41
3
3
2
17
1
1
4
40
2
3
2
28
3
4
2
40
3
1
3
45
2
1
2
36
5
1
2
30
3
3
4
9
26
1
3
18
22
3
1
52
3
3
2
33
3
3
1
27
1
1
3
33
3
1
1
47
3
4
4
42
3
1
3
53
5
1
2
1
2
2
4
13
16
1
1
17
16
4
