1
41
3
3
4
68
22
2
3
36
3
3
4
28
4
2
1
38
2
4
4
12
4
2
1
67
1
2
2
10
1
2
4
29
2
2
3
30
23
1
1
55
2
1
4
52
14
3
1
5
2
3
3
9
26
4
3
34
8
1
1
6
1
4
4
66
5
1
3
6
5
4
4
45
3
3
3
4
4
1
3
1
1
2
2
52
6
3
4
33
3
4
2
5
2
2
4
23
12
2
2
60
3
2
3
54
2
3
1
49
1
1
3
11
17
1
4
55
2
1
2
10
2
1
2
42
1
2
4
14
10
4
3
1
9
2
2
27
3
4
1
2
3
4
1
63
1
3
1
4
2
4
2
16
3
2
1
8
6
4
3
31
12
1
4
4
25
3
1
60
2
3
3
68
9
2
2
12
3
2
2
34
2
2
4
53
5
2
4
4
1
1
3
5
4
1
2
49
3
2
2
1
1
1
4
9
1
3
2
43
2
2
4
35
4
2
4
67
23
3
4
15
13
3
3
18
22
3
3
3
8
3
4
43
8
2
3
45
6
2
2
8
2
4
4
67
40
1
4
30
1
1
1
10
8
1
3
37
11
4
2
15
1
3
1
8
1
3
4
35
1
3
2
31
5
1
2
11
1
2
3
34
1
1
4
60
1
4
2
61
2
3
1
36
3
3
4
54
8
2
2
6
2
2
1
32
3
2
4
41
1
1
2
54
2
2
1
13
6
2
1
63
2
1
1
1
3
1
3
53
4
3
3
10
23
3
4
52
13
4
2
67
1
2
4
55
5
2
4
11
7
1
2
66
1
3
4
66
4
4
3
52
12
2
1
9
9
1
1
28
2
3
4
27
10
4
4
13
4
2
2
15
2
4
3
66
3
1
2
40
3
1
3
65
9
2
4
30
8
1
1
23
3
2
1
34
1
4
2
26
1
2
4
42
4
2
2
34
1
2
4
2
12
4
2
47
4
2
1
35
3
4
3
33
4
4
1
15
5
4
4
53
1
4
3
22
4
2
1
67
2
2
1
39
4
3
4
26
8
4
1
3
9
4
4
18
7
1
3
7
5
4
2
41
4
4
3
14
9
2
4
61
9
3
2
3
3
1
3
71
2
1
3
61
5
1
4
18
11
4
4
44
8
3
4
1
12
2
2
8
3
2
1
68
2
3
2
7
2
2
4
44
5
2
3
37
7
3
4
32
14
2
4
5
8
1
3
63
9
3
3
10
3
1
2
4
3
2
4
11
12
2
4
38
7
4
1
42
1
1
2
18
3
2
1
12
17
2
1
41
2
4
1
54
1
1
2
17
2
4
4
17
19
1
1
15
1
1
3
12
6
1
2
2
2
4
4
71
3
1
1
35
2
2
1
53
1
2
4
3
21
3
2
40
2
1
3
41
2
1
2
53
2
4
4
61
1
2
2
63
3
1
1
40
2
1
4
31
17
3
1
52
2
2
3
55
11
2
1
43
2
1
3
4
9
2
2
2
3
2
1
53
2
2
4
7
2
4
2
30
1
4
3
66
1
3
4
33
8
3
2
65
2
1
4
43
4
1
2
55
1
4
2
1
3
1
3
12
3
3
1
43
3
3
3
65
20
4
3
27
2
4
1
65
1
3
4
13
2
3
1
16
1
1
3
26
1
2
1
45
1
4
4
32
9
4
3
17
1
2
4
68
24
2
3
39
9
2
2
43
4
2
1
14
1
3
3
13
8
4
4
41
2
3
2
17
1
3
1
47
1
1
2
67
2
3
4
65
10
2
3
28
1
2
1
27
2
4
3
40
5
3
1
66
1
3
3
52
15
3
4
3
12
3
1
6
2
4
2
16
2
1
3
47
6
2
2
3
2
3
1
71
1
2
2
37
2
3
4
26
7
1
3
29
8
4
2
30
5
3
4
71
2
1
4
37
5
2
4
10
17
1
2
45
3
4
4
6
1
1
3
67
28
2
2
7
1
4
3
32
7
2
1
52
3
4
2
35
2
2
2
49
4
4
1
25
1
4
1
37
1
3
3
7
1
2
4
49
3
2
4
5
21
4
1
44
4
3
2
14
2
3
4
16
5
2
2
29
1
4
1
47
3
2
1
23
1
2
1
5
1
2
3
30
15
2
2
33
2
4
2
39
4
2
1
25
3
1
4
37
9
2
2
53
3
1
3
63
5
3
2
38
4
4
4
6
15
3
1
27
1
1
3
25
9
3
2
33
1
1
4
47
13
2
4
40
5
3
2
23
3
1
3
2
2
4
3
43
4
4
4
40
8
1
4
12
8
4
4
8
8
4
4
2
9
4
1
49
2
3
2
42
4
3
4
25
2
1
2
44
2
3
3
15
4
3
3
54
1
4
1
7
7
2
1
60
1
1
1
39
2
1
1
10
1
2
3
27
8
1
3
60
12
1
3
11
10
4
1
26
1
3
2
27
2
2
3
40
1
3
2
47
3
1
3
71
1
4
2
11
3
2
1
18
14
1
4
45
4
3
3
28
12
4
4
63
9
2
2
66
2
2
1
2
2
2
4
17
26
1
3
35
4
2
2
54
1
4
3
15
8
4
2
36
5
1
1
29
1
3
1
12
9
2
4
7
6
3
1
61
3
3
3
38
10
4
2
45
2
1
2
9
2
1
1
17
13
2
3
36
8
1
1
31
6
1
1
30
4
2
1
44
2
4
3
49
2
2
1
55
1
1
1
26
2
2
2
65
3
4
2
28
3
2
4
54
2
4
2
23
1
2
3
60
22
4
3
3
10
4
3
47
7
2
3
49
7
1
4
23
8
3
4
9
32
2
4
8
11
4
4
25
6
2
4
49
6
3
3
8
13
3
3
31
11
3
1
66
3
2
3
67
10
3
3
23
1
3
1
11
3
3
1
1
2
1
2
32
1
4
2
22
2
2
1
9
7
4
1
31
1
1
4
34
9
4
2
61
1
4
3
29
19
3
3
17
9
2
4
63
6
4
1
33
8
3
3
43
6
4
2
63
2
3
2
71
1
3
4
1
2
3
3
55
3
2
3
42
2
3
2
68
1
3
4
47
2
4
4
16
10
2
4
15
15
2
2
6
3
1
2
60
1
4
3
8
12
2
3
5
3
2
3
45
7
2
1
18
6
1
3
35
8
2
1
34
6
2
1
22
1
4
3
2
8
1
1
38
1
1
1
13
5
3
3
68
11
3
2
25
3
4
2
52
7
2
3
42
1
3
1
42
2
1
2
68
4
4
2
22
1
2
3
16
6
2
2
9
3
3
4
10
12
1
2
38
2
3
1
14
16
4
2
12
1
3
1
16
3
1
1
45
2
3
2
18
2
1
4
39
6
3
1
7
5
1
1
29
2
4
3
41
4
3
3
23
10
4
1
3
11
3
2
32
2
4
2
25
1
1
1
33
4
4
2
35
3
3
3
14
19
3
1
71
3
1
4
22
16
4
3
26
3
4
4
39
5
1
3
16
7
3
2
28
2
1
1
36
2
2
3
13
6
4
4
38
9
1
2
44
4
1
1
65
2
3
2
55
2
3
1
30
8
4
3
61
4
2
2
71
2
1
3
33
6
2
3
32
6
1
1
54
3
2
2
31
2
4
3
44
2
3
4
29
13
4
3
25
8
1
1
17
5
3
1
4
5
2
4
60
3
1
3
53
2
4
4
34
10
3
2
36
1
2
2
41
2
3
4
22
1
4
3
44
3
1
2
5
3
2
1
22
2
4
1
37
2
1
4
14
25
2
4
28
5
1
2
29
2
3
1
68
3
4
2
39
1
2
2
4
2
3
3
22
11
2
3
6
2
3
2
13
3
3
4
31
11
3
3
39
3
1
1
28
3
4
3
18
24
1
1
11
8
4
4
36
12
2
4
36
10
1
4
27
3
3
3
9
21
2
2
26
4
3
1
32
5
4
4
65
15
1
2
37
3
4
2
13
1
3
1
40
1
3
2
14
3
4
4
42
3
1
3
38
3
4
1
61
1
2
