4
14
26
3
2
54
2
2
3
54
1
2
1
29
1
2
4
28
11
1
4
30
1
2
4
1
1
3
1
8
17
2
3
11
22
4
1
22
1
1
2
18
1
3
2
31
1
1
4
67
24
1
3
16
3
4
1
71
3
3
3
9
26
4
4
71
4
1
4
11
1
4
2
44
2
4
3
6
2
1
1
22
2
4
4
29
9
2
1
55
1
2
2
41
4
1
3
39
2
4
3
53
6
1
1
3
11
3
4
61
6
3
4
29
7
3
4
38
6
3
2
6
3
1
1
14
1
1
2
23
2
1
3
4
4
1
2
34
2
2
3
13
1
1
4
47
3
2
4
65
9
3
4
55
2
4
1
30
5
1
1
34
1
1
3
10
19
3
4
6
29
3
4
66
6
1
2
66
3
3
4
41
3
4
1
6
2
4
3
45
3
3
2
37
1
3
1
11
12
2
1
13
8
2
2
10
1
2
1
41
1
3
2
52
3
1
2
68
2
4
3
36
7
4
4
37
3
4
4
6
8
4
4
25
8
1
2
52
1
3
4
63
4
2
1
55
2
4
2
15
2
3
4
13
2
1
1
63
2
2
1
25
3
4
1
9
6
4
4
54
12
4
4
60
2
1
4
54
6
1
3
34
6
2
3
27
2
2
1
28
1
3
3
1
7
4
3
26
5
1
2
71
3
3
1
23
2
4
1
2
6
3
4
2
11
4
3
28
9
1
2
36
4
2
2
45
1
4
3
37
7
1
3
49
5
2
3
54
2
1
2
29
1
2
2
61
1
3
1
65
1
2
1
37
1
3
2
15
3
3
4
23
8
4
2
42
4
3
1
71
2
2
2
16
1
2
2
63
2
4
1
67
2
1
4
45
4
1
1
35
2
1
2
4
2
4
2
12
2
4
4
22
20
4
1
68
1
2
3
40
5
3
2
55
1
3
3
25
9
1
4
52
1
1
4
5
15
3
4
4
2
2
3
15
15
1
1
2
4
2
3
65
11
3
2
12
1
1
4
9
9
1
1
49
1
1
4
43
2
4
1
67
1
4
3
66
7
3
1
28
2
2
3
61
11
4
3
3
3
2
2
22
2
4
2
60
2
4
1
40
2
1
4
36
15
4
3
60
14
4
1
15
2
2
2
29
3
3
4
39
7
1
3
11
12
3
1
39
1
1
3
52
18
2
3
29
18
2
1
60
2
2
1
25
2
3
2
65
3
3
2
36
3
4
1
33
4
4
3
8
1
2
1
17
10
3
1
9
12
1
1
26
1
1
2
37
4
2
4
68
20
4
2
14
1
3
4
36
8
1
1
42
1
4
2
71
1
3
1
45
2
2
3
47
3
4
2
9
1
2
1
52
1
3
4
3
9
2
3
32
6
1
3
2
11
1
4
66
2
1
2
53
3
3
4
13
15
4
1
1
3
4
1
47
3
2
1
38
3
2
4
32
6
2
1
27
1
1
4
43
10
3
2
3
1
2
3
18
12
4
4
31
9
4
2
3
3
3
1
31
14
1
2
13
3
4
4
28
6
2
4
34
14
2
4
25
5
1
4
42
5
1
3
45
4
2
3
63
10
4
3
68
16
2
2
10
3
4
3
25
3
1
4
23
19
3
3
52
6
3
2
39
4
1
2
33
2
3
2
30
2
4
1
16
5
3
2
2
1
4
4
47
9
4
3
31
20
2
3
23
17
3
1
18
13
3
3
27
16
1
1
61
2
4
2
28
2
1
1
42
2
2
3
1
3
2
4
1
8
4
4
67
17
2
2
7
2
2
1
30
10
1
3
22
6
1
4
8
3
4
2
16
2
3
3
29
9
4
3
5
1
3
2
1
1
2
1
27
3
2
4
35
1
3
3
17
4
3
1
18
10
3
3
60
6
2
4
32
9
3
2
13
2
2
2
26
4
1
1
43
3
1
3
6
4
4
2
8
1
3
3
14
11
1
3
41
2
2
2
54
1
4
4
63
6
3
3
35
1
2
3
15
13
3
2
68
4
1
4
16
8
1
4
40
2
3
4
44
18
4
2
31
2
2
4
17
25
1
1
33
7
1
1
45
1
3
3
4
27
2
3
12
4
2
1
44
2
4
4
10
27
4
1
65
2
2
2
38
1
4
1
36
2
2
4
26
12
2
4
27
9
1
4
15
27
4
2
55
2
3
4
30
3
1
4
7
6
3
1
49
2
4
3
2
4
4
3
67
27
2
1
53
2
1
1
39
2
4
3
13
6
1
2
27
1
4
2
43
2
2
3
47
4
3
1
36
3
2
1
7
10
2
3
14
21
1
1
66
1
2
4
55
12
4
4
12
6
1
1
14
22
2
4
31
22
2
2
33
3
4
3
8
7
2
3
61
10
1
3
44
9
2
3
40
3
3
4
22
15
2
4
44
6
1
2
30
3
1
4
18
13
4
3
37
9
3
3
66
3
1
3
68
6
3
2
63
1
3
4
34
7
3
2
32
1
3
1
61
3
3
4
61
10
4
3
35
8
3
1
41
2
1
2
2
2
4
1
54
1
3
1
52
3
1
2
53
1
4
3
10
16
1
1
7
9
3
3
71
3
2
4
5
12
4
4
11
4
2
1
12
11
1
4
33
7
4
2
60
4
2
1
13
6
3
3
55
12
4
1
6
1
2
3
67
23
4
4
9
29
3
2
47
4
4
3
30
7
4
1
4
3
1
2
49
2
2
3
18
4
4
2
39
1
1
3
7
2
2
2
6
1
1
4
15
21
3
1
12
9
3
2
49
3
4
2
40
4
2
4
2
6
1
1
10
7
4
3
34
2
2
2
11
1
4
4
17
9
2
1
66
2
4
2
44
4
1
1
54
2
4
3
38
8
3
1
3
1
2
4
33
9
2
1
4
2
4
3
38
12
4
1
5
2
1
1
32
7
2
2
41
5
1
2
14
3
1
3
65
14
4
2
25
3
3
3
41
4
1
4
49
8
1
1
29
2
2
3
36
4
2
2
8
3
4
2
67
2
4
4
26
1
1
4
3
16
1
3
42
1
2
1
53
1
4
3
43
2
3
1
63
1
2
4
65
12
1
4
53
11
2
4
45
8
1
3
5
4
4
3
43
3
2
3
16
7
2
2
22
3
4
3
33
24
4
2
18
3
2
4
41
4
1
2
27
3
1
1
38
1
2
2
66
2
1
3
22
3
4
4
60
3
4
2
32
2
1
1
1
1
4
4
37
8
3
2
23
1
1
4
4
16
4
2
47
3
3
3
71
5
3
2
1
2
2
3
17
3
2
4
39
2
2
4
14
5
4
3
53
7
2
2
17
3
2
4
16
12
3
3
26
12
2
3
31
6
3
2
38
2
4
3
12
7
3
1
16
1
4
3
42
4
3
4
49
7
1
4
7
5
3
1
37
2
1
2
7
3
3
2
26
1
4
2
35
3
1
1
43
2
3
1
17
12
1
2
67
1
2
3
30
11
2
2
25
2
3
3
32
5
2
2
28
1
2
2
61
3
1
2
9
3
1
1
32
1
3
2
34
1
1
1
5
1
3
1
44
4
3
2
65
4
3
1
40
1
1
4
38
5
3
4
18
4
1
3
44
4
2
4
35
3
4
1
26
3
2
3
49
1
1
3
39
3
1
2
43
5
2
3
7
4
3
4
68
15
1
2
40
2
3
4
8
2
4
1
60
1
4
2
35
2
4
4
52
13
3
4
71
6
3
2
4
1
4
4
27
12
3
2
11
3
1
1
47
1
2
4
40
4
2
2
5
1
4
2
5
3
1
2
17
1
3
1
31
6
1
1
23
1
1
2
42
3
1
3
9
18
2
3
63
12
1
1
34
5
3
1
10
4
3
4
53
1
1
3
33
23
4
3
55
6
2
2
45
3
3
3
3
6
1
1
15
3
4
4
12
5
2
1
8
12
3
3
23
14
4
4
10
11
4
1
11
7
2
3
28
3
3
4
42
4
4
1
68
2
1
1
35
4
4
