1
41
3
2
2
9
1
4
4
6
10
3
4
60
7
4
2
9
2
3
3
13
4
3
3
66
7
3
4
63
6
4
2
53
1
3
3
15
17
4
1
34
3
3
2
15
1
2
1
11
9
4
4
55
3
4
1
15
4
2
2
33
3
2
1
43
2
1
1
52
1
4
4
39
9
4
2
41
3
4
4
54
10
4
4
4
9
1
3
23
10
4
2
27
3
1
1
39
2
3
4
49
5
2
1
2
4
4
4
67
9
3
2
42
1
4
3
38
5
3
2
53
2
1
4
1
7
1
2
23
2
3
2
38
5
1
3
1
10
1
4
38
1
3
1
22
1
1
4
61
4
1
4
65
15
1
2
71
2
3
2
31
1
2
4
2
7
2
3
40
3
1
2
1
3
2
3
2
4
2
4
33
9
4
1
71
3
2
3
3
1
1
2
43
5
1
3
18
17
3
4
32
7
3
4
52
2
3
3
9
17
4
2
10
3
1
4
8
4
3
1
5
1
3
3
11
4
3
1
5
2
1
2
6
2
1
3
32
9
3
1
7
1
2
2
17
2
1
1
42
2
1
1
18
6
4
3
10
1
3
4
55
5
4
1
65
2
1
3
14
26
3
1
28
2
2
3
10
22
2
2
28
3
4
1
40
2
1
4
41
4
3
3
29
19
3
1
65
1
4
1
43
1
4
2
44
5
1
2
40
2
2
2
38
3
4
4
16
4
3
3
22
2
3
1
4
1
3
2
5
3
3
1
18
14
1
3
33
9
3
1
8
2
1
4
2
9
3
3
44
9
1
1
13
9
2
4
12
2
1
3
28
4
3
2
12
3
4
4
32
10
2
2
63
3
4
4
9
28
2
3
66
5
3
4
44
7
3
1
3
11
3
3
12
4
3
4
31
11
2
4
47
1
4
2
1
1
3
1
16
7
3
4
6
6
3
4
11
23
1
2
3
2
2
3
22
8
2
3
37
7
4
3
32
5
3
1
30
4
2
2
14
1
1
2
16
1
4
4
65
6
4
2
29
3
3
1
67
3
3
4
31
8
1
3
65
4
1
2
27
2
1
1
44
3
2
1
37
1
2
3
12
2
3
4
53
1
3
3
17
10
3
3
16
7
3
4
16
1
1
3
55
13
1
4
60
5
2
2
25
1
1
1
25
1
3
1
55
1
4
4
54
7
4
3
29
6
3
3
36
10
3
2
10
2
4
2
39
3
4
2
52
4
4
3
23
18
2
4
68
23
1
2
41
4
3
1
16
6
3
2
13
3
4
2
45
2
2
2
60
2
4
2
30
2
1
3
30
27
4
2
26
2
4
4
40
4
2
1
25
3
3
3
25
7
1
1
9
10
4
2
47
2
3
1
38
1
2
4
10
29
2
4
28
3
4
4
8
10
2
2
6
3
3
1
45
2
1
1
49
1
3
2
11
1
3
1
37
2
3
3
31
13
1
2
61
3
3
3
14
21
1
1
2
5
3
2
36
5
2
1
9
8
4
1
32
6
1
1
47
1
1
3
53
4
4
2
44
3
1
4
25
6
3
4
7
6
2
2
13
1
3
4
13
1
2
1
55
2
2
4
27
6
1
2
68
1
4
2
16
3
1
3
43
4
2
4
18
6
1
4
35
1
1
3
47
5
1
3
45
6
2
2
68
3
3
2
37
4
2
3
30
9
4
3
55
5
1
1
10
1
2
2
33
1
2
3
37
2
2
1
60
1
4
1
23
3
4
1
4
5
4
3
7
2
4
3
52
4
2
1
29
3
2
2
26
3
1
1
36
3
2
1
31
17
1
3
44
3
2
4
42
3
2
4
15
24
1
2
15
2
4
3
40
6
2
2
54
1
1
3
8
8
1
1
63
1
2
1
1
2
2
1
14
9
1
1
27
2
4
3
60
9
1
2
25
2
3
4
22
10
1
4
28
5
3
1
61
3
3
1
26
2
2
4
3
9
2
2
29
2
3
3
39
1
1
1
40
3
4
3
41
4
2
1
49
2
4
3
38
11
2
3
35
4
2
3
52
11
1
2
42
4
4
3
34
10
1
3
49
5
1
4
17
17
1
3
34
9
3
4
10
7
4
2
55
2
4
3
54
1
2
4
66
1
3
2
5
2
2
3
15
4
1
3
25
9
4
1
8
6
1
1
54
1
2
2
36
1
2
3
61
5
1
2
22
3
2
2
40
1
4
3
54
2
3
3
7
5
1
3
36
11
4
2
34
3
1
1
32
7
1
4
61
8
4
4
5
27
1
2
63
1
4
3
60
24
3
1
30
11
2
3
16
3
2
2
8
3
2
2
66
2
3
4
34
8
3
2
43
4
2
1
14
20
2
3
6
2
4
4
49
6
1
4
14
22
3
3
28
7
2
4
17
22
3
3
67
37
1
4
47
15
3
1
33
4
1
4
26
1
4
4
39
1
2
3
71
1
4
3
4
13
1
3
6
5
1
2
67
1
3
2
31
4
1
3
11
21
3
4
53
6
3
4
23
19
2
1
63
2
2
3
26
11
4
2
65
4
4
2
35
1
1
1
33
5
1
4
23
4
4
4
25
9
4
2
35
3
2
2
49
4
1
2
22
2
4
1
52
3
2
4
22
14
3
2
37
2
1
4
66
5
3
2
55
3
3
2
49
1
2
1
15
5
1
3
65
19
3
4
41
1
2
1
23
2
4
4
45
8
2
3
13
1
1
3
47
3
4
1
13
8
1
2
12
2
2
2
47
1
1
4
18
12
1
2
11
3
4
1
31
9
2
2
61
2
2
1
7
6
3
4
30
1
4
2
23
1
4
1
10
7
1
3
31
28
4
4
27
2
4
2
65
1
1
1
35
2
4
3
27
13
4
3
8
19
2
4
29
16
3
2
34
2
4
1
67
1
4
3
41
3
4
4
67
37
1
4
37
2
3
4
3
12
4
3
17
4
1
4
42
5
4
1
26
3
2
4
36
6
2
2
7
1
1
4
13
16
1
3
68
11
3
1
39
4
3
3
63
6
3
4
35
3
2
4
63
8
4
3
1
9
2
4
29
11
3
1
29
1
4
4
12
5
2
2
39
4
3
1
60
2
4
4
36
10
1
2
67
2
3
4
37
4
3
1
6
2
1
3
71
5
1
1
44
1
3
3
5
1
3
2
32
2
1
4
26
5
1
1
1
3
3
4
1
9
2
1
42
1
4
3
61
9
3
4
43
6
2
4
44
15
3
1
47
2
1
1
12
15
2
2
18
4
2
1
61
1
3
4
5
13
2
1
34
5
2
4
38
7
3
2
32
4
1
4
15
12
4
3
9
21
3
2
28
1
2
3
3
10
2
2
2
3
4
3
43
2
3
1
17
6
2
4
40
6
4
3
4
11
1
3
42
4
4
2
54
2
1
3
26
8
4
1
68
1
1
3
68
4
4
2
71
1
4
1
45
1
3
4
33
8
2
3
27
11
3
1
3
2
2
1
28
1
1
1
41
2
3
1
12
18
3
2
3
1
1
4
34
3
4
3
18
25
3
2
14
2
3
2
18
1
2
2
52
1
4
3
53
1
2
1
6
1
4
4
71
2
3
1
66
1
1
2
8
1
3
1
53
2
2
1
36
2
2
1
11
11
4
4
11
27
1
4
7
1
3
2
45
4
2
1
53
1
3
4
52
5
2
1
27
1
3
3
67
16
4
1
54
2
1
2
17
3
1
2
4
2
3
1
38
3
1
4
30
5
1
1
35
4
4
4
45
6
3
1
68
2
1
3
35
7
4
3
42
2
3
1
71
2
2
3
49
4
1
3
63
8
4
3
5
3
4
2
2
2
1
3
39
6
4
3
2
12
4
2
66
1
3
2
4
1
1
2
60
4
4
4
71
5
1
1
22
3
4
3
45
2
3
4
4
27
3
1
17
1
2
4
14
28
1
1
66
2
1
3
33
24
4
4
43
7
1
4
9
26
4
4
68
4
2
2
30
1
2
2
7
3
1
