3
23
8
1
3
13
1
3
4
40
6
1
3
25
7
3
4
35
1
3
1
28
1
2
1
33
3
3
1
38
1
4
1
32
6
3
3
28
16
4
4
26
12
2
1
54
1
2
2
52
7
2
3
63
10
2
2
40
3
3
1
4
4
2
1
43
2
3
3
55
4
2
2
63
1
3
2
42
4
4
1
31
14
2
2
47
2
2
3
34
10
2
1
47
1
1
2
27
3
4
2
68
4
3
1
1
1
2
1
29
2
1
4
8
4
3
2
11
2
3
3
22
1
4
1
49
1
1
3
16
8
1
4
23
13
2
3
71
2
1
3
11
4
3
2
71
1
4
4
28
9
2
2
31
4
4
3
66
4
4
1
22
1
4
3
39
2
1
2
44
2
3
3
65
10
3
1
65
2
1
1
54
2
1
2
42
2
1
2
25
2
2
1
42
2
2
4
5
23
4
2
14
3
2
4
71
2
4
1
17
15
3
2
32
4
2
4
11
27
3
2
13
3
2
1
14
17
4
2
55
3
2
2
26
3
4
1
14
9
4
4
67
6
2
3
8
2
2
1
67
1
3
1
37
1
1
1
18
8
2
2
15
2
4
2
67
1
3
2
34
2
1
3
2
1
3
3
30
5
1
1
52
1
2
4
12
8
4
1
42
1
3
3
41
2
2
3
8
18
3
4
40
4
4
4
66
3
4
4
41
4
4
2
61
3
3
3
7
2
1
3
36
10
4
3
42
2
3
1
34
3
4
4
63
8
3
3
35
8
4
3
41
3
2
3
61
4
3
2
43
3
4
3
4
25
3
1
1
2
1
2
6
1
4
4
36
12
3
4
4
2
4
3
9
8
2
2
7
1
4
2
38
3
3
3
11
11
1
4
37
8
2
4
39
5
1
2
41
3
3
2
4
1
1
2
28
1
4
1
16
6
2
1
41
1
2
3
61
2
4
1
11
9
2
2
23
3
1
3
17
14
1
4
13
2
1
4
71
1
2
3
12
2
1
4
38
3
4
2
52
5
3
4
33
9
1
2
65
3
2
1
63
1
2
4
68
19
4
1
55
2
4
1
63
2
1
4
43
4
2
2
30
4
4
1
34
5
1
2
9
3
2
3
68
3
1
2
34
1
2
4
13
8
1
3
14
11
3
1
39
3
2
4
25
4
2
4
22
5
2
3
30
20
3
2
33
3
4
4
65
15
1
3
67
12
4
3
6
5
2
1
40
3
1
2
18
2
4
4
52
9
1
3
49
1
4
4
31
28
4
2
10
3
4
1
31
18
2
4
5
9
4
4
3
20
2
2
14
2
3
3
26
6
2
1
29
1
3
2
22
2
2
4
29
3
3
3
42
1
3
1
12
3
4
3
4
7
3
4
34
11
3
4
14
6
3
2
3
3
2
3
2
2
2
2
13
2
2
2
15
1
1
4
7
2
4
3
40
3
1
1
6
1
2
1
23
1
2
2
10
1
4
3
16
1
3
3
38
8
2
3
54
2
3
3
22
8
3
1
52
2
3
3
10
8
1
1
47
3
2
3
26
7
4
3
34
3
2
1
66
3
4
1
67
2
1
4
1
9
1
4
55
11
3
4
15
15
3
4
16
6
3
1
15
2
3
4
26
8
2
2
54
2
1
2
2
3
3
1
71
2
2
3
5
3
1
3
44
8
3
4
67
32
4
1
55
1
1
1
13
4
2
4
30
4
3
1
36
3
1
1
10
3
2
1
68
2
4
3
39
10
3
4
32
5
4
4
53
9
2
4
49
7
4
3
49
5
3
3
35
7
3
4
55
6
1
3
5
5
2
2
6
2
3
4
66
2
3
2
9
1
1
3
55
13
2
4
16
10
4
1
38
3
2
1
37
2
4
1
44
2
4
2
3
2
4
1
4
1
4
4
47
9
4
2
66
3
2
2
35
1
3
3
1
10
1
1
53
1
2
2
18
3
1
2
36
4
1
3
31
13
3
4
33
10
1
4
30
8
2
2
4
3
4
4
65
5
4
1
66
2
4
3
28
11
4
4
60
8
2
1
10
4
2
3
29
16
1
1
15
5
4
4
22
19
2
1
25
1
4
4
14
20
1
1
9
11
1
2
29
2
3
4
44
14
3
4
38
4
4
4
2
8
3
3
67
36
2
3
63
2
3
3
71
4
2
4
6
27
1
4
31
20
1
3
15
13
4
1
30
7
2
2
45
1
4
2
41
4
1
2
5
3
4
4
18
21
3
2
30
5
4
1
5
2
2
1
71
3
1
2
53
1
1
3
3
7
1
1
9
8
4
2
25
3
3
3
29
12
4
2
23
2
2
4
15
19
1
2
67
2
3
1
60
1
3
3
27
4
4
3
18
13
2
4
43
12
4
4
7
4
1
4
32
11
1
1
2
2
4
3
68
15
2
4
54
8
1
1
2
6
4
4
61
3
4
1
30
16
1
4
42
2
2
3
14
3
4
4
39
9
4
2
43
2
1
3
33
19
1
3
3
3
4
2
61
2
1
4
60
6
2
1
23
3
2
4
68
9
1
3
36
6
2
3
27
13
4
1
35
2
3
4
34
7
3
2
38
5
2
3
6
2
4
2
68
3
4
2
1
3
2
1
3
9
2
4
41
3
3
1
35
1
2
2
53
3
1
4
61
11
3
1
17
5
4
3
38
5
3
2
11
3
3
4
9
25
2
3
32
10
2
4
36
5
2
1
39
2
4
1
8
12
2
2
65
4
3
1
26
3
2
2
12
1
3
2
49
2
2
2
45
3
1
1
26
1
1
2
44
1
2
3
32
3
2
1
28
2
2
1
40
2
3
3
54
1
4
4
4
26
1
1
12
15
2
4
8
16
1
1
3
6
2
1
6
2
3
2
49
4
4
3
60
14
4
1
8
6
1
4
1
1
1
3
65
12
2
3
33
13
3
2
16
2
2
2
1
1
2
2
17
1
2
4
3
21
2
2
2
2
3
2
27
1
2
3
44
6
4
3
43
7
3
1
61
1
2
3
18
20
4
2
16
3
4
2
37
1
1
1
68
3
2
4
11
3
4
4
18
12
3
1
13
1
4
3
47
8
2
1
45
2
2
1
33
2
2
4
9
19
3
1
45
1
1
2
29
1
4
2
36
5
4
3
31
24
2
2
39
1
1
2
54
1
2
1
32
3
3
4
52
10
4
4
29
9
4
2
47
1
4
4
27
10
4
1
43
1
2
1
49
2
1
4
53
6
3
2
31
1
2
1
22
3
3
4
37
5
1
4
10
2
4
1
5
1
3
3
45
2
2
3
40
1
4
2
26
1
3
4
23
12
2
4
17
10
4
3
52
9
3
4
17
2
3
4
54
5
3
3
15
12
4
3
37
5
2
2
66
1
3
2
33
2
4
3
60
7
1
3
45
4
1
4
47
16
1
1
60
2
1
3
7
3
4
4
27
2
4
3
9
23
2
2
22
1
2
3
53
5
2
1
18
13
1
1
27
3
3
2
17
2
1
2
40
4
4
1
53
2
3
2
60
1
3
2
12
3
1
1
65
1
3
1
41
2
2
3
23
19
4
3
1
6
2
3
12
3
3
1
44
4
1
3
17
15
2
2
32
2
2
4
12
5
1
4
6
11
4
2
71
2
3
4
42
5
4
3
10
12
1
2
55
1
3
2
60
3
3
3
66
8
4
2
7
2
2
4
44
15
2
2
8
2
2
1
16
5
2
4
10
32
3
4
49
3
1
1
36
1
4
1
27
1
4
2
39
2
3
4
35
3
2
1
11
12
2
3
43
2
3
4
25
6
1
2
35
3
2
1
25
3
1
3
13
5
2
1
61
2
1
3
53
8
4
2
5
2
4
4
45
3
1
2
63
3
2
2
37
3
4
2
28
2
3
4
28
12
1
4
45
7
4
3
47
3
4
4
2
5
2
1
7
6
2
3
25
3
1
2
8
3
1
4
63
6
4
1
7
4
4
3
52
12
3
3
37
3
1
