1
68
1
3
4
71
4
3
1
14
17
1
4
3
9
1
4
38
4
4
3
49
2
3
1
17
2
4
3
7
3
3
3
65
14
3
2
12
3
2
3
17
15
2
4
17
1
4
4
49
1
2
2
52
5
4
3
38
1
1
3
37
4
1
2
33
3
4
4
13
5
2
1
26
1
2
1
43
1
2
4
66
3
2
1
43
3
3
1
30
16
2
2
37
1
1
1
44
3
2
1
39
1
4
4
35
3
4
2
23
3
4
3
22
11
1
1
23
3
4
2
4
1
4
1
45
1
1
2
15
1
1
1
60
2
2
4
30
4
3
3
45
6
2
1
39
4
4
4
10
31
1
4
37
1
3
2
67
2
4
3
9
20
4
3
28
11
3
3
9
14
4
3
53
4
3
2
47
3
1
1
47
1
4
2
65
1
2
1
15
4
3
1
33
4
4
3
36
2
3
4
55
1
4
1
40
2
4
4
23
1
4
2
45
4
4
2
32
4
2
2
71
3
4
4
39
1
2
4
49
8
3
4
38
1
1
2
38
2
1
3
55
14
4
1
40
3
4
1
27
1
1
4
9
21
2
1
60
1
1
3
71
5
4
2
54
1
1
1
44
4
3
4
6
17
3
2
8
1
4
4
53
10
4
4
47
8
1
2
35
2
3
4
36
15
4
2
6
3
4
1
55
2
4
2
29
2
3
2
63
1
3
2
1
1
2
4
15
12
1
2
53
3
4
3
60
19
4
2
63
2
2
2
25
3
3
4
60
2
1
1
37
1
3
1
13
4
2
3
67
23
1
1
41
1
2
2
37
3
1
4
47
15
4
2
55
2
4
2
17
2
2
4
36
7
2
4
15
9
2
4
25
8
2
1
42
1
2
2
6
1
2
4
1
4
4
4
67
31
2
4
10
13
3
1
5
1
4
3
27
7
2
1
18
6
3
1
63
1
1
4
8
16
2
3
53
5
2
3
33
20
1
3
40
5
3
4
4
19
3
4
31
25
2
4
17
17
4
1
38
2
4
4
27
1
2
4
29
4
4
1
55
1
3
2
9
1
3
2
39
3
2
1
1
1
3
4
54
8
1
1
42
2
3
2
33
2
1
1
32
2
3
1
36
3
4
2
23
2
2
4
45
14
4
3
42
1
1
1
35
1
2
1
30
15
2
3
71
4
1
3
32
11
2
4
16
2
3
4
68
20
1
3
37
9
4
4
22
15
2
1
11
1
2
1
66
2
3
2
61
3
2
2
36
5
3
2
28
2
4
2
55
1
4
4
43
7
4
4
12
4
1
3
27
11
1
4
6
7
1
3
61
6
3
3
67
2
3
1
71
2
1
2
15
3
1
3
25
3
4
2
5
1
1
2
45
2
2
2
40
3
3
2
28
3
1
3
18
19
1
2
30
4
3
3
14
5
2
3
33
4
3
2
8
2
1
2
43
5
2
3
1
6
3
4
13
13
2
1
25
3
4
2
14
3
3
2
4
2
3
2
35
3
1
1
18
14
2
1
9
13
4
4
44
10
4
4
34
12
2
4
5
18
3
3
65
13
3
3
8
12
2
4
40
5
1
1
31
10
4
3
6
1
4
3
35
7
2
4
3
14
2
3
68
2
3
3
26
4
2
2
16
1
1
4
11
16
3
4
41
3
3
1
49
2
2
1
5
2
1
2
30
2
2
3
52
2
3
1
13
5
3
2
43
4
3
3
23
1
4
3
47
10
2
1
38
3
2
2
49
3
4
3
31
16
4
3
39
4
1
1
25
1
4
2
5
2
2
3
31
21
4
4
26
12
4
1
53
2
3
1
47
2
2
1
4
6
1
2
10
2
2
4
55
11
4
3
38
5
4
3
41
4
2
3
60
23
2
4
67
12
1
1
61
1
4
3
44
4
4
4
42
2
2
1
28
1
2
4
16
3
1
2
40
1
3
3
16
7
2
1
6
2
4
2
13
2
4
3
15
10
4
2
17
3
2
3
11
20
2
2
26
3
4
3
43
1
3
1
34
1
2
3
44
3
4
2
7
2
2
1
8
8
1
2
22
2
3
3
23
13
3
3
54
2
2
4
54
2
4
3
55
10
1
2
39
2
1
3
15
16
4
2
7
1
3
4
29
5
2
4
60
9
2
3
1
9
2
1
29
1
2
4
61
3
3
2
32
1
3
3
29
6
4
2
18
4
1
1
3
1
2
4
2
5
1
2
47
1
3
2
12
1
2
2
31
5
4
4
12
8
2
2
34
1
3
2
10
1
1
1
9
1
1
3
66
8
3
1
10
6
1
3
22
7
3
3
68
9
4
4
40
7
4
1
6
1
3
1
54
2
1
2
31
2
3
4
26
9
1
1
28
2
2
3
42
4
3
4
14
31
1
2
27
2
2
1
36
2
3
2
36
4
3
2
71
2
3
3
61
11
2
1
67
3
3
1
65
1
1
3
18
9
2
4
53
14
1
3
34
9
2
2
26
4
4
2
41
1
4
3
10
22
4
4
66
4
3
3
54
1
3
2
38
5
2
3
66
9
4
4
18
12
1
4
71
2
2
2
2
1
1
2
68
4
2
2
11
2
1
4
30
2
4
1
61
3
2
4
18
28
4
2
65
3
1
4
11
20
4
1
65
2
3
1
49
1
1
4
31
15
2
1
4
5
3
1
8
5
2
4
23
4
2
1
27
2
1
2
53
2
1
3
34
7
3
3
49
7
1
2
44
4
1
3
11
2
4
3
39
2
4
1
33
3
1
1
54
1
3
4
63
11
4
2
2
3
2
4
7
4
4
4
9
1
1
2
1
3
4
1
17
4
3
3
25
2
2
1
15
1
4
3
13
1
3
2
67
1
3
3
3
6
4
1
26
2
1
3
3
2
2
4
65
13
1
2
13
3
2
4
32
14
1
3
10
1
1
1
1
3
4
3
6
4
2
1
53
1
4
4
33
6
4
1
34
8
1
4
65
6
3
3
13
9
1
1
11
3
3
2
14
1
2
3
36
11
4
4
37
7
3
1
3
4
2
3
4
16
3
1
16
4
3
4
28
5
3
3
45
4
4
2
3
2
3
2
61
2
3
3
41
2
2
1
71
3
2
4
45
4
1
3
7
2
4
1
41
2
1
3
5
1
2
3
8
18
3
4
61
10
1
3
17
9
1
1
7
3
2
2
54
2
2
3
2
12
1
1
29
2
1
4
63
10
4
2
60
1
1
1
31
1
1
3
52
17
4
4
39
3
2
3
4
13
4
3
63
4
1
4
32
3
4
3
35
2
1
4
14
32
4
4
2
6
1
2
44
3
3
1
7
6
4
1
2
5
1
4
43
4
1
4
52
5
4
4
42
3
1
4
5
6
3
1
22
1
1
2
27
3
4
4
28
7
2
3
30
15
1
4
25
5
3
2
68
3
4
2
11
1
1
3
32
3
2
2
42
3
4
1
52
1
3
2
25
2
1
2
22
1
1
3
43
6
1
4
7
1
2
1
22
3
2
2
29
3
3
4
52
8
4
4
27
11
2
1
32
3
1
4
33
9
3
2
49
4
2
2
42
4
4
1
12
6
4
2
60
4
2
1
45
2
4
3
14
6
1
4
44
17
2
2
34
2
4
1
14
22
1
2
9
3
4
3
30
4
1
1
12
17
2
1
52
2
2
3
40
4
4
1
16
3
3
4
34
6
3
4
35
1
2
4
68
25
2
3
16
3
3
2
18
2
2
3
63
7
1
1
2
7
1
1
68
3
2
1
10
2
1
1
37
2
2
2
52
4
4
2
16
3
4
3
47
3
2
4
4
11
4
1
63
2
1
2
66
1
3
2
41
4
2
3
12
7
2
3
12
3
3
3
29
1
2
4
41
2
3
3
28
10
4
2
3
3
1
1
35
4
4
3
26
1
2
1
23
2
1
4
22
7
1
3
5
5
3
4
1
2
3
3
2
7
4
2
66
2
1
1
67
1
1
4
8
2
3
1
66
1
4
