2
54
2
1
1
65
2
3
2
53
2
3
2
68
1
2
2
12
3
4
4
40
3
1
1
66
1
2
3
55
15
3
1
33
8
2
1
49
1
1
1
68
3
2
1
42
1
2
1
10
1
3
1
22
2
2
3
10
3
3
4
18
18
1
3
45
2
3
1
23
1
4
3
9
19
3
2
66
2
3
3
12
4
4
4
6
15
2
1
49
2
3
3
15
13
4
1
13
1
1
1
36
1
4
3
39
5
4
2
36
1
2
2
31
3
2
4
27
11
2
3
42
2
4
3
47
2
2
4
35
3
4
4
49
1
2
1
15
4
3
2
2
1
1
2
5
3
4
1
53
1
2
3
71
2
2
3
33
5
2
1
34
9
2
2
8
2
3
3
29
11
1
1
17
13
3
1
4
3
4
1
16
7
2
1
12
2
3
4
25
2
4
2
41
4
2
3
18
3
2
4
1
14
3
1
47
2
4
4
23
12
1
3
65
19
2
4
16
11
4
1
43
1
1
3
17
2
4
2
23
1
3
4
15
25
2
3
65
18
4
1
43
3
4
1
61
3
2
4
11
8
2
3
32
10
1
4
26
1
1
4
32
10
3
1
16
3
3
3
45
1
4
4
54
9
1
2
17
3
1
1
29
1
3
4
52
17
1
2
10
2
1
3
5
3
1
2
65
4
4
1
3
7
1
3
25
3
2
1
18
6
4
2
26
2
2
1
6
1
3
3
43
8
4
3
49
4
1
4
11
5
3
2
26
1
4
1
32
7
4
1
66
3
4
2
63
1
1
2
60
3
1
2
1
3
1
4
32
13
4
1
63
1
3
2
37
4
2
3
52
14
1
4
35
4
3
2
71
2
4
3
4
8
3
4
23
2
4
2
4
3
3
1
29
3
2
4
31
25
2
3
68
6
3
4
8
16
3
2
6
2
3
3
31
1
2
4
38
5
1
1
9
5
1
2
52
1
2
2
61
3
2
2
39
1
4
4
33
2
2
4
39
6
3
3
40
1
3
4
15
26
4
4
6
18
2
4
38
8
3
1
67
1
2
4
5
15
3
2
55
1
4
2
7
1
1
1
53
2
3
1
44
4
4
3
40
3
3
4
28
9
3
3
37
5
3
3
10
18
2
2
23
2
2
2
55
2
1
3
54
2
4
4
9
17
4
3
35
3
3
1
14
8
3
3
6
2
2
3
16
5
1
3
37
1
4
4
29
13
3
2
63
2
2
3
2
1
2
3
14
6
3
1
28
1
3
1
1
2
3
1
39
4
3
4
68
5
1
2
3
2
1
1
18
13
1
3
60
32
4
1
36
2
3
1
8
12
2
2
18
4
2
4
53
7
4
1
34
6
4
1
23
3
1
2
37
1
1
3
41
1
3
2
43
2
1
4
67
40
3
2
40
1
4
4
17
9
2
3
53
1
3
1
31
17
1
4
2
8
3
3
13
2
2
1
7
8
3
2
18
3
4
1
32
5
4
2
34
1
2
3
18
9
3
2
30
1
4
2
16
1
2
2
36
4
4
2
5
2
1
4
22
6
3
2
15
1
3
1
30
19
4
2
25
2
3
3
14
5
2
1
9
2
3
4
5
9
2
3
26
12
4
3
30
17
4
4
49
2
3
3
43
3
3
4
43
9
1
4
52
20
3
1
14
17
3
4
7
1
1
4
39
9
3
1
45
1
4
1
38
3
4
1
38
2
4
2
68
4
3
2
22
3
1
1
71
3
1
4
61
7
3
3
52
4
4
4
26
3
1
2
67
2
2
4
28
7
1
2
29
2
1
2
61
2
4
1
47
3
4
4
47
16
4
4
66
1
3
4
41
1
1
4
40
4
4
1
3
6
3
3
47
7
3
2
49
1
3
4
65
14
2
3
35
6
4
1
35
3
1
3
49
5
3
4
55
5
4
2
65
1
4
2
67
1
3
2
52
6
2
2
43
4
3
3
55
3
3
3
8
9
2
2
35
2
2
1
28
2
1
4
44
15
1
3
32
5
4
4
37
7
4
2
71
1
1
3
7
2
1
4
16
2
1
4
71
1
4
2
30
3
1
3
71
1
3
3
34
6
1
4
30
3
4
3
9
13
4
2
49
2
3
4
12
4
1
3
31
20
4
3
28
9
4
2
29
1
1
4
36
3
3
2
3
1
1
1
17
16
4
1
5
2
1
2
42
2
2
4
29
1
4
4
71
4
2
1
45
2
3
3
22
12
1
1
25
1
2
4
30
1
3
4
12
8
1
3
53
5
1
3
5
2
1
3
27
13
4
1
12
4
2
3
42
3
3
1
37
1
2
1
60
2
4
3
15
4
2
1
35
1
1
4
55
7
2
1
54
1
1
1
42
2
2
4
25
9
3
1
26
1
1
2
40
3
1
1
55
2
4
4
34
2
2
4
36
12
3
3
23
3
2
1
5
1
1
4
7
4
1
4
44
7
1
4
53
6
3
1
71
2
4
3
27
15
4
4
66
2
1
4
3
11
3
2
25
1
4
3
4
22
2
3
66
2
3
1
6
2
4
2
15
2
1
3
68
1
3
4
34
10
3
1
27
1
1
4
18
15
4
2
45
2
1
1
60
1
3
4
60
1
3
3
25
9
3
2
33
1
3
2
14
3
3
1
31
13
3
2
32
4
2
1
15
5
4
4
43
4
1
2
12
1
4
4
63
1
4
1
41
3
2
3
7
1
2
1
8
15
2
1
11
10
2
1
10
3
1
4
47
5
4
3
41
2
3
3
36
6
4
2
13
2
4
1
13
7
2
2
33
3
3
3
36
9
4
4
67
31
2
1
40
3
4
4
10
3
3
2
16
3
1
2
41
1
3
2
44
4
3
3
67
24
1
1
7
4
2
2
7
3
4
3
22
11
3
3
63
12
3
3
28
16
2
4
54
10
2
2
28
1
4
1
65
1
4
2
14
1
3
2
27
3
2
1
22
3
1
2
1
2
3
1
63
2
2
1
39
1
4
3
38
2
1
2
28
3
1
3
6
5
1
1
2
6
4
4
41
3
3
1
30
6
4
2
54
1
2
4
60
8
4
1
26
2
3
2
60
2
4
3
2
4
2
4
4
22
1
2
45
3
4
3
11
7
2
3
67
12
4
3
60
9
4
4
33
1
4
2
22
2
3
1
52
1
3
1
25
2
2
2
27
2
4
4
42
1
1
3
39
4
1
2
17
2
3
1
44
3
3
4
14
12
4
4
13
3
1
1
11
7
2
1
4
6
3
1
61
2
3
3
54
1
3
2
9
1
2
3
3
5
1
3
38
9
4
2
2
3
4
2
9
3
2
2
35
3
1
4
2
3
1
3
61
6
4
4
3
14
2
2
11
1
4
4
17
11
4
4
4
19
3
1
2
2
2
2
10
3
4
2
13
1
4
3
23
6
3
3
1
4
1
3
30
25
2
4
31
28
4
3
26
8
3
3
1
10
1
2
44
3
3
4
37
12
2
3
66
8
1
3
44
9
1
1
68
1
2
3
63
11
4
1
1
3
4
3
12
3
4
4
45
11
2
3
11
2
3
4
45
10
4
2
66
1
3
2
38
4
4
4
10
24
3
4
8
3
1
2
47
4
4
3
34
10
1
2
53
1
1
2
34
3
4
1
52
3
3
4
61
10
4
1
27
2
4
4
13
4
1
3
8
6
1
2
32
2
4
2
39
4
2
2
6
3
4
1
41
1
2
3
16
4
4
2
11
2
1
4
14
6
1
3
29
15
3
3
13
7
2
1
67
2
2
4
65
3
1
2
31
2
4
4
1
2
3
4
9
22
2
4
42
3
1
1
54
2
2
1
37
2
4
4
68
7
4
1
33
6
3
3
44
3
2
2
47
3
2
3
17
14
3
3
3
2
1
2
4
1
2
2
42
3
1
2
8
1
2
1
55
1
3
3
33
7
2
1
40
2
4
4
27
12
1
3
61
2
2
4
63
3
2
4
22
10
3
2
38
2
4
