2
61
2
3
1
26
1
1
4
35
2
4
2
35
1
2
3
35
4
1
4
37
1
4
1
54
1
2
3
10
11
2
1
28
2
2
1
18
7
1
1
31
7
4
3
53
6
4
3
30
28
2
1
18
5
1
1
33
6
4
2
13
3
2
4
2
6
1
4
25
4
2
3
17
11
2
3
41
4
2
2
38
5
1
4
55
7
4
3
7
5
1
1
5
1
3
3
40
1
3
2
30
2
2
4
8
13
3
4
63
4
1
4
44
19
4
3
60
17
2
2
52
5
1
4
38
3
2
3
30
3
3
4
65
8
2
2
22
3
4
4
45
9
3
2
30
5
4
3
5
2
4
3
27
3
1
3
10
2
4
3
33
7
2
3
3
1
4
4
52
5
4
3
1
9
3
2
65
4
1
4
29
15
2
3
43
3
2
1
14
4
3
2
12
1
2
1
47
3
2
1
54
2
4
4
9
33
2
3
8
9
3
2
16
2
4
3
44
9
2
3
16
1
4
2
1
1
4
4
17
18
3
1
43
3
3
4
37
12
4
2
34
3
2
3
67
17
3
2
45
2
2
4
43
5
1
2
71
1
4
2
36
5
4
3
52
16
1
4
22
16
1
4
10
13
1
2
39
3
3
2
35
3
1
1
63
2
2
4
7
5
1
3
66
6
2
2
4
2
2
2
53
2
4
3
8
18
2
3
34
8
3
1
27
3
3
3
26
12
1
2
3
3
2
1
63
1
4
4
60
3
3
1
4
1
3
1
40
2
3
4
68
24
3
2
37
1
1
4
32
12
4
4
44
1
3
4
13
14
4
3
5
3
1
1
35
1
2
4
67
27
1
2
10
2
4
1
53
1
3
4
6
10
2
4
15
20
1
2
49
2
3
2
43
3
4
4
47
13
1
1
38
3
3
3
29
14
3
3
4
27
2
2
11
2
4
2
32
1
4
3
9
32
1
3
61
5
4
1
65
2
2
3
11
20
3
4
7
7
4
3
37
6
1
3
35
5
2
1
52
3
4
4
60
7
1
2
27
2
3
4
18
21
3
1
1
2
1
3
28
10
2
3
22
10
4
2
5
3
1
4
16
6
4
2
40
4
1
3
67
3
1
4
3
20
4
4
12
7
2
1
22
1
1
2
54
1
4
2
23
2
4
3
55
5
1
3
65
8
4
4
5
25
4
4
71
2
4
2
1
2
4
4
53
3
3
2
45
3
3
4
27
5
2
4
42
3
2
3
27
12
4
1
6
1
2
3
45
2
1
3
37
3
1
3
31
28
3
2
39
4
3
1
16
1
4
1
61
2
1
4
41
2
2
2
13
1
4
2
16
3
3
2
67
2
1
3
68
7
4
2
41
2
4
3
25
1
2
1
16
2
2
4
39
6
1
4
66
4
1
4
52
21
4
1
39
1
4
1
36
3
3
4
34
4
1
3
13
4
2
3
36
8
1
1
10
3
1
2
31
2
3
3
16
2
2
1
44
4
2
1
13
5
1
3
40
5
1
3
71
4
4
4
66
1
3
3
26
10
4
2
27
3
3
3
49
1
1
4
1
8
2
4
27
10
1
1
35
3
4
1
30
16
2
4
61
2
1
1
52
2
4
4
54
12
3
1
8
8
3
1
32
6
3
3
63
5
1
2
47
3
1
2
49
4
4
3
38
12
3
1
25
1
3
2
37
2
1
4
14
21
3
4
31
18
1
1
23
1
3
2
66
2
1
2
55
3
3
3
2
10
4
2
12
2
3
3
15
12
2
3
1
7
2
4
47
2
1
4
40
7
2
3
61
1
3
1
65
1
2
2
33
3
2
3
32
3
1
2
22
1
2
4
6
21
4
1
11
9
4
2
65
3
2
1
22
2
2
4
5
5
2
3
38
6
1
1
40
3
4
1
36
2
4
1
27
2
3
2
68
1
1
1
25
2
2
1
3
3
3
1
23
2
4
3
55
11
3
4
49
8
2
2
71
3
4
1
3
2
3
2
7
3
2
4
53
11
3
1
42
1
3
3
44
6
3
4
4
10
4
1
30
12
4
4
26
3
1
2
8
2
4
2
63
3
4
1
2
6
2
3
15
2
1
2
7
2
2
2
63
2
3
1
67
2
1
1
31
11
1
3
47
1
3
3
7
2
1
3
29
6
3
3
18
19
4
2
10
3
1
2
66
3
3
1
15
4
1
2
61
3
2
3
43
4
1
3
53
8
2
2
41
3
2
2
3
2
1
4
25
6
2
1
67
3
1
2
42
1
2
4
36
15
1
4
28
6
4
1
38
1
4
1
33
1
3
2
6
2
2
3
42
1
3
4
68
16
3
2
47
1
4
2
18
2
4
1
68
1
2
1
17
13
3
4
17
24
2
4
23
21
4
3
6
2
2
2
32
3
1
2
28
2
3
1
43
1
4
3
41
3
4
3
23
17
4
1
13
8
1
3
39
2
4
3
12
2
2
2
53
1
4
1
41
1
4
2
40
2
1
2
18
4
4
3
23
5
4
4
8
18
2
3
3
6
4
1
7
8
2
2
42
3
1
1
45
1
1
2
38
2
1
3
63
9
3
3
36
1
2
1
71
3
2
4
1
14
1
4
3
17
1
2
55
1
1
1
66
3
4
1
17
7
3
4
40
8
2
3
49
4
4
3
18
11
4
4
30
1
4
1
61
1
4
3
52
13
1
4
22
13
4
3
17
8
2
4
15
2
1
2
44
3
4
3
11
22
3
1
8
14
1
4
32
2
1
3
28
1
1
4
18
11
2
1
39
2
3
4
10
19
1
4
34
11
1
4
26
7
3
4
31
8
3
2
34
1
2
3
25
2
3
1
37
2
3
1
55
1
2
2
17
1
1
2
33
1
3
2
15
1
1
4
43
7
3
1
45
2
2
3
45
1
4
2
29
1
4
2
25
2
1
3
22
5
3
4
28
5
2
1
12
11
4
3
39
3
1
4
63
8
3
1
4
3
3
1
42
2
3
1
9
3
3
4
67
15
2
1
6
2
1
1
28
1
2
2
29
2
3
4
49
1
3
1
10
6
2
1
7
10
3
1
49
1
4
1
60
1
4
2
68
3
2
4
9
20
3
4
29
10
2
2
9
2
2
2
2
3
1
1
47
2
1
4
65
11
3
4
71
4
3
2
31
1
4
2
11
1
2
4
55
2
4
3
4
28
1
2
43
5
2
3
71
2
4
1
60
2
4
3
34
6
3
2
17
3
1
4
4
2
2
2
67
1
2
3
47
9
1
1
32
3
3
4
39
2
1
4
36
3
1
3
9
5
2
4
30
2
3
1
29
2
4
2
6
3
2
2
25
3
2
4
12
1
2
1
26
3
4
3
54
1
4
2
28
3
2
3
6
1
4
4
61
12
1
2
14
3
2
2
26
4
3
4
38
6
3
3
2
12
1
3
54
2
2
4
11
13
1
3
32
6
3
3
14
5
4
4
11
8
3
2
26
1
2
1
68
2
3
1
11
10
3
2
2
1
1
1
55
2
1
1
14
9
1
2
5
1
2
1
34
3
4
2
8
1
1
1
5
2
2
4
54
8
2
3
66
9
3
2
60
1
4
4
35
3
2
4
45
2
2
2
60
4
3
3
60
16
3
4
14
26
2
2
4
1
3
2
36
4
4
1
29
3
1
4
33
8
2
1
53
2
2
1
15
1
3
3
33
1
4
2
15
2
1
1
66
1
2
1
71
2
4
1
44
3
4
4
16
4
4
3
13
9
2
1
34
6
1
4
2
12
1
3
31
11
3
3
65
9
1
2
23
1
3
1
49
2
3
4
23
2
1
2
52
6
3
1
12
1
4
3
12
6
1
1
1
1
3
4
33
9
4
1
41
3
4
1
2
7
3
3
14
4
2
2
44
1
1
1
37
1
3
2
54
2
2
2
9
3
3
4
41
1
1
4
42
1
3
4
13
7
1
3
68
14
3
2
14
1
1
1
9
9
3
3
42
2
4
