2
67
2
1
3
22
1
1
2
60
3
1
2
3
3
3
4
25
2
4
3
2
11
4
4
47
12
4
1
35
2
1
2
55
3
4
3
31
28
3
2
15
1
1
3
10
16
3
1
52
1
4
3
27
15
1
4
31
4
4
2
17
3
1
2
42
4
3
1
2
1
2
4
42
2
3
1
39
3
4
2
36
4
2
3
41
1
3
2
1
2
3
2
45
2
4
3
45
3
4
3
8
14
3
4
16
12
4
2
38
5
1
2
9
2
1
1
66
2
2
4
54
8
4
3
23
14
1
3
22
10
2
4
8
9
3
2
35
2
2
1
17
4
4
1
13
3
2
3
17
6
2
2
40
1
3
3
34
6
2
4
14
13
3
4
32
14
1
2
1
3
2
4
37
9
2
2
31
1
1
1
65
2
3
3
40
3
3
1
47
2
3
3
60
10
2
4
63
7
1
4
52
21
4
4
40
8
3
3
65
5
1
1
18
7
4
2
31
3
1
1
14
21
2
3
9
15
2
4
2
4
3
2
27
3
2
1
14
18
3
1
26
2
4
4
4
25
4
4
39
3
4
3
35
3
4
4
5
13
4
1
66
3
3
3
63
8
3
4
29
8
2
3
28
10
2
1
31
17
1
4
3
1
2
2
12
3
1
1
42
2
2
2
22
2
3
2
32
1
4
4
12
5
2
4
65
7
3
4
68
20
1
2
6
3
3
3
7
4
3
1
29
1
2
4
53
11
1
4
44
12
4
3
23
6
2
1
26
1
2
4
10
6
1
3
38
2
4
3
27
7
1
2
44
3
3
4
55
3
4
2
33
3
2
4
6
27
1
4
23
8
4
2
32
3
2
4
12
10
2
3
12
3
3
3
6
5
3
3
43
7
1
2
7
1
3
1
44
4
1
2
6
1
2
4
34
8
2
4
38
4
1
1
60
1
2
1
55
1
2
1
44
2
4
3
53
2
2
4
49
5
1
2
39
2
1
1
11
4
1
3
2
12
4
3
1
2
2
1
6
1
1
4
35
5
2
2
49
3
3
2
29
2
2
2
23
1
2
1
27
2
3
1
7
2
4
1
55
2
4
2
41
2
1
2
9
1
2
1
71
1
1
4
42
3
3
3
9
32
4
3
1
6
3
3
16
5
4
4
17
14
2
4
36
3
1
2
47
3
1
3
55
1
3
3
52
12
1
3
14
24
3
4
43
7
4
3
4
17
2
3
33
24
3
1
49
1
4
2
8
1
3
2
3
1
2
4
22
14
1
4
17
19
1
1
34
2
1
2
54
2
2
3
47
1
3
3
15
6
3
3
7
2
3
4
71
6
4
1
38
2
4
1
8
16
3
3
32
2
3
1
28
3
1
1
68
1
3
3
36
6
1
1
16
5
4
3
71
4
3
2
33
2
2
4
8
13
1
1
34
7
2
4
30
4
2
2
63
3
2
3
54
2
1
2
10
3
2
2
68
2
2
3
45
7
3
1
2
5
3
3
13
7
4
1
25
1
4
2
36
2
4
3
65
16
3
1
4
4
4
4
9
33
2
3
66
8
1
4
43
11
1
3
34
2
1
2
67
1
2
3
54
1
1
2
45
4
3
4
66
4
2
2
47
1
2
3
18
2
2
3
49
8
1
3
30
1
4
4
13
11
4
3
25
1
1
2
11
3
4
2
12
1
1
1
43
2
4
3
67
10
3
2
66
2
1
4
60
3
4
1
63
1
1
3
61
10
2
1
27
1
1
4
7
3
3
3
49
2
4
2
2
1
2
1
49
2
1
1
36
1
4
2
52
2
1
3
42
1
4
2
28
1
2
2
13
3
2
2
5
1
3
2
30
4
2
3
28
11
4
1
1
1
4
1
12
10
1
4
27
3
3
1
28
1
4
3
35
1
2
1
40
2
2
2
13
1
1
2
8
3
1
4
55
5
4
4
9
9
2
1
15
2
4
2
53
1
4
4
28
13
3
4
27
8
2
4
1
3
4
2
25
2
1
4
26
11
1
2
43
2
3
1
25
2
3
4
38
2
2
1
29
3
1
1
12
4
1
4
36
15
3
1
6
2
3
3
30
4
4
4
32
4
2
1
37
2
1
3
63
3
3
3
37
7
4
1
68
2
4
1
32
1
3
2
43
3
1
3
5
5
3
3
12
7
4
4
49
1
2
2
34
1
3
1
43
3
1
2
30
5
1
1
71
3
3
3
61
9
4
2
68
3
2
2
16
2
4
4
11
19
4
4
37
13
3
2
14
3
2
1
22
1
3
4
18
19
1
3
13
9
1
1
10
4
3
4
33
3
2
2
18
2
2
3
44
6
2
2
40
3
4
3
6
4
4
1
17
2
2
2
11
1
3
2
27
1
2
4
35
3
3
3
47
2
3
2
53
3
2
2
55
1
4
4
16
6
4
3
5
1
3
4
53
8
1
3
39
4
3
1
42
1
2
2
66
3
2
3
31
9
3
4
33
5
2
2
15
2
2
3
66
9
1
1
54
1
2
3
41
3
3
1
8
11
2
1
18
11
4
1
22
3
2
2
37
2
2
3
16
1
3
1
32
7
3
1
13
7
2
4
63
5
4
3
39
7
2
1
37
1
1
3
52
4
1
1
67
3
4
4
15
7
3
2
41
5
1
4
3
21
3
2
18
3
3
2
28
2
3
2
10
2
2
2
29
1
2
4
44
13
2
2
25
3
3
1
45
2
2
3
38
9
1
1
9
14
2
3
10
11
3
1
39
4
4
3
29
2
4
1
23
1
3
1
3
11
1
1
9
9
3
2
26
1
2
1
47
3
3
1
41
1
2
3
71
2
4
3
11
1
3
4
41
4
2
3
42
2
2
2
42
1
3
3
53
1
2
2
60
1
1
3
17
13
3
1
61
3
2
4
31
6
1
4
13
5
2
4
65
6
3
2
26
4
4
1
41
3
4
4
67
25
2
4
60
8
3
1
63
2
3
3
26
10
1
1
31
3
4
4
23
15
2
4
41
1
4
2
5
3
1
3
37
3
1
4
67
19
1
2
39
4
3
2
22
1
2
4
66
1
1
3
3
10
4
1
36
2
1
2
65
4
1
4
34
13
3
2
16
1
4
3
68
6
3
4
4
7
4
3
11
3
2
4
2
2
1
4
5
18
1
3
68
10
2
2
71
1
3
3
67
38
4
2
37
3
4
2
17
1
4
2
35
3
3
4
45
2
2
1
10
6
3
1
53
2
2
1
3
10
3
3
32
11
1
3
26
9
4
2
38
1
4
2
23
2
3
4
45
7
4
2
71
3
4
2
4
1
2
2
52
5
4
2
54
1
3
3
55
4
4
3
4
24
3
1
7
6
4
4
61
7
3
4
29
5
3
1
30
1
3
3
43
8
2
4
25
1
3
3
60
24
4
2
65
2
4
4
47
17
1
3
3
7
1
3
36
4
4
3
15
8
3
1
16
7
3
2
49
1
3
1
33
2
3
1
4
3
4
3
44
9
2
2
34
3
2
1
5
1
1
4
11
27
3
1
61
1
2
2
2
3
4
3
33
16
4
1
67
2
4
3
40
4
1
1
38
3
3
4
52
3
4
4
15
9
1
1
30
19
2
3
8
3
3
2
44
4
4
1
52
2
4
2
7
2
2
3
18
10
2
4
10
1
3
4
54
11
1
2
61
1
2
1
11
5
3
3
29
4
4
4
6
11
1
4
18
22
2
4
28
1
3
2
61
3
2
1
45
1
4
4
14
7
1
2
63
2
4
4
22
13
2
4
1
11
2
2
14
1
2
1
65
1
4
4
68
18
2
1
15
5
2
1
35
1
3
1
23
3
2
4
40
3
3
2
4
3
1
1
53
1
3
4
26
6
1
3
14
20
4
4
71
3
3
4
61
12
4
1
54
3
4
4
30
5
1
1
60
2
4
1
5
2
3
4
7
5
1
1
40
3
2
1
1
2
3
3
25
2
2
4
39
6
1
1
33
5
1
