1
67
1
3
3
39
7
2
3
30
20
3
3
68
4
2
2
38
2
1
2
1
2
3
3
36
5
2
3
6
1
1
3
10
8
2
3
35
8
2
2
44
2
2
1
26
3
4
2
34
3
3
3
67
36
2
1
17
8
3
1
4
1
1
4
9
10
3
2
31
3
2
4
32
14
3
3
65
7
4
1
65
1
3
4
3
16
4
1
3
2
4
3
49
3
1
1
9
1
3
3
8
6
2
3
36
9
2
4
29
7
2
4
49
3
2
1
37
2
1
4
13
12
2
3
23
9
1
4
36
15
2
2
35
3
1
3
3
3
1
3
1
1
2
1
29
1
3
3
9
11
1
4
34
2
3
3
53
8
3
3
12
5
4
4
11
31
3
1
40
3
1
2
41
1
2
2
1
3
1
2
38
5
3
2
37
3
3
2
18
2
1
1
54
1
3
2
8
2
3
3
8
7
3
2
43
4
2
3
41
1
2
2
32
3
1
1
5
1
1
4
27
11
1
1
23
2
4
4
10
19
3
3
44
2
3
4
31
25
3
4
1
11
4
1
49
2
1
3
4
11
2
1
12
1
1
3
61
5
1
1
38
2
3
2
66
1
1
3
14
20
3
1
3
7
4
1
42
1
1
4
42
3
3
3
43
7
4
2
29
1
2
3
34
5
4
4
28
7
1
3
22
11
4
2
42
4
4
3
40
6
4
2
14
2
3
2
45
1
4
4
8
16
1
4
47
10
1
3
29
12
4
4
32
8
4
3
38
12
2
4
60
1
4
3
66
6
2
2
26
4
2
1
12
16
2
2
9
2
4
1
31
6
4
4
66
1
2
2
66
2
3
2
40
4
2
4
71
6
2
4
22
5
2
1
10
8
3
1
35
1
3
4
31
6
2
1
14
22
3
4
68
7
2
3
63
10
2
3
11
23
3
3
26
11
1
2
49
3
1
1
60
2
1
1
47
1
2
3
12
6
1
3
55
5
3
4
10
25
4
4
39
3
4
2
5
3
2
1
2
5
2
4
22
16
3
3
5
3
3
4
23
6
1
3
23
7
4
2
53
1
1
1
67
2
1
2
25
2
2
4
23
14
1
3
45
3
2
3
6
2
4
2
49
4
3
4
35
3
4
2
16
3
2
3
54
1
3
3
28
7
3
1
1
2
4
3
37
7
2
1
34
4
3
3
60
7
1
4
47
7
4
1
7
5
1
4
14
18
3
1
36
3
3
3
9
28
3
2
61
1
1
4
27
10
2
2
16
2
4
2
17
2
2
4
9
26
1
3
29
2
1
1
26
1
1
3
47
10
1
4
12
7
2
4
65
10
4
2
63
1
3
2
27
2
3
2
33
1
2
2
23
1
4
2
13
3
1
4
55
11
3
3
2
6
3
2
54
2
3
4
54
7
2
4
34
6
1
2
4
2
1
2
15
2
3
2
32
1
4
4
15
16
4
1
30
20
3
4
14
16
2
4
1
7
3
1
42
2
4
4
63
12
1
1
31
13
1
4
60
2
2
2
63
3
1
1
49
1
3
4
61
5
1
2
9
1
1
4
68
10
3
1
28
3
2
4
35
1
3
1
43
3
2
1
14
7
3
4
43
5
1
2
53
2
1
1
55
2
4
1
68
3
3
2
60
4
4
4
5
27
4
1
52
1
4
4
2
1
3
4
4
6
3
3
65
14
2
2
45
2
1
1
33
3
2
1
18
15
3
3
39
4
2
4
8
6
4
2
12
2
4
3
35
4
2
1
40
2
4
1
15
5
2
3
28
16
4
4
44
17
4
3
32
6
3
2
47
3
3
4
39
10
3
3
17
3
2
2
31
2
4
2
27
1
1
4
5
24
3
1
60
1
4
2
11
2
3
3
16
4
2
1
41
3
2
2
68
3
1
2
13
2
1
2
10
3
1
2
65
2
4
4
15
24
1
4
41
1
3
3
41
3
4
1
11
5
4
2
52
5
1
3
15
14
2
1
11
6
3
2
43
2
4
3
66
9
1
2
60
2
2
2
35
2
4
1
6
1
3
2
44
1
4
4
33
8
4
2
71
3
3
3
42
3
2
1
32
7
1
4
13
9
1
4
7
7
3
2
29
3
2
1
54
3
1
1
17
12
3
4
38
5
3
3
16
8
4
3
68
5
2
3
15
12
2
2
7
1
2
1
29
2
4
2
52
6
3
3
31
6
2
1
41
1
1
4
26
11
4
1
55
1
2
1
44
4
2
1
23
1
2
3
53
7
4
1
28
1
3
1
25
3
4
4
3
2
3
1
27
1
1
1
7
8
2
4
67
23
1
4
36
10
1
3
34
7
3
4
4
14
4
2
47
2
1
3
33
22
3
2
12
3
3
1
44
2
2
1
53
2
4
2
55
1
3
2
6
3
4
3
33
13
1
4
25
8
2
1
13
8
2
2
30
1
1
2
11
3
2
4
18
19
1
2
30
4
1
2
28
2
4
4
29
12
1
1
34
10
4
4
44
13
3
2
37
2
4
3
4
12
3
1
18
2
3
2
67
2
3
2
25
3
1
4
67
14
1
4
33
3
3
3
27
12
3
2
41
2
1
2
36
5
4
2
22
1
3
2
39
1
1
1
6
2
1
1
27
2
4
2
26
2
2
4
53
1
1
4
53
9
1
2
67
1
2
2
7
3
3
4
65
2
1
2
14
1
1
4
16
7
4
1
39
3
2
3
7
4
4
1
32
2
3
4
25
6
2
4
17
26
4
1
10
3
2
3
47
1
3
2
71
2
3
1
47
3
3
4
52
4
3
1
33
1
2
3
43
8
3
4
66
5
2
1
66
2
3
4
30
4
2
1
36
1
3
2
39
3
2
1
1
3
4
4
17
21
3
3
54
2
1
1
22
3
1
1
53
1
2
1
61
3
2
4
61
4
4
4
49
2
1
2
22
2
2
1
9
8
2
3
13
9
3
3
42
2
2
4
40
8
4
3
5
5
2
2
2
3
4
2
8
1
2
3
63
8
4
2
3
1
3
2
23
3
1
2
17
3
2
1
2
2
1
3
71
4
3
4
40
5
1
1
71
2
2
1
16
2
2
2
33
2
4
1
30
10
3
4
11
21
2
2
54
1
4
3
3
2
3
3
55
14
3
1
45
2
1
4
52
7
4
2
15
1
1
3
27
4
2
4
28
5
4
3
25
2
3
3
71
3
1
4
43
3
1
2
10
2
1
4
18
21
4
1
66
3
4
1
25
1
3
3
31
3
2
2
3
2
2
3
40
2
3
2
2
2
3
4
45
3
3
3
44
8
4
3
11
15
3
1
52
2
4
3
7
1
4
2
36
1
3
4
63
10
3
3
52
14
4
1
39
2
4
2
42
2
1
2
65
4
1
4
54
8
4
1
68
2
4
3
45
6
4
3
49
2
4
2
61
2
1
1
35
3
2
2
18
1
2
1
65
2
4
1
71
3
3
4
37
13
2
1
8
7
4
1
61
1
4
2
40
1
2
3
37
2
2
4
30
3
3
3
17
4
4
2
4
3
2
3
10
9
4
2
6
1
3
1
5
2
4
3
25
7
2
3
60
32
3
3
52
11
4
3
61
11
2
3
38
8
1
1
22
1
4
3
14
6
2
1
4
2
1
4
41
2
2
4
12
4
3
2
55
3
4
1
37
1
4
1
16
1
3
4
71
4
4
3
2
12
4
3
18
23
2
4
6
7
2
1
15
3
4
4
16
5
4
3
30
14
3
1
63
1
2
4
37
14
3
2
68
1
2
3
22
3
4
4
55
8
2
1
63
2
2
4
38
4
2
3
13
6
4
3
1
8
4
2
28
1
2
4
45
14
1
4
6
22
3
2
34
1
2
1
45
1
2
4
42
1
4
4
2
10
3
3
67
19
4
1
38
1
3
4
26
3
2
1
13
2
3
1
8
17
1
3
26
1
4
3
18
6
4
3
32
3
1
4
7
4
1
1
43
1
2
2
5
2
3
