3
5
1
1
1
1
3
3
3
55
6
3
1
49
2
3
2
41
4
4
3
53
4
3
3
2
12
1
4
2
11
2
1
26
3
3
4
13
2
3
2
15
2
3
2
63
3
3
2
52
5
1
4
61
2
3
1
37
2
2
2
8
1
3
2
45
2
1
4
23
3
3
1
36
3
4
4
22
4
1
2
39
2
3
2
61
3
2
4
53
4
2
4
9
11
4
3
27
16
3
1
45
1
2
3
33
16
4
2
33
3
2
4
60
4
1
3
71
1
3
4
6
7
4
2
18
4
2
1
39
3
1
1
71
2
4
1
52
2
4
2
25
1
2
2
55
1
2
2
17
2
4
3
47
8
2
3
35
8
3
4
36
15
3
1
63
1
1
4
10
28
2
4
42
5
3
2
29
2
3
4
41
1
3
1
35
1
3
1
60
2
4
3
7
2
2
1
22
1
3
3
45
1
2
2
3
2
2
4
68
19
4
4
17
2
4
2
33
1
1
4
10
27
2
1
61
1
2
2
6
2
2
1
66
2
4
4
54
12
3
4
34
2
2
2
6
3
1
3
30
8
1
1
9
9
4
3
14
4
4
3
9
16
1
2
3
3
1
3
68
8
2
3
16
2
3
2
22
1
1
2
67
1
3
1
31
18
4
1
36
2
1
3
40
5
4
1
40
1
4
3
18
23
3
3
26
9
3
3
32
11
1
1
65
2
4
3
11
2
2
3
14
20
1
4
42
4
1
2
4
1
2
1
14
14
2
1
53
1
2
2
23
2
2
4
25
7
4
4
12
5
1
3
37
1
3
1
10
1
4
4
33
6
1
2
4
2
1
3
63
11
2
3
38
5
4
3
31
8
4
1
61
2
1
1
11
6
3
1
63
2
1
1
16
5
4
4
26
7
1
2
44
5
1
4
55
13
3
3
63
4
1
2
22
3
1
3
43
3
3
1
41
3
2
1
68
2
1
4
8
12
2
3
29
16
1
3
32
7
3
3
23
14
4
4
2
3
3
2
42
4
4
2
68
4
3
1
71
3
2
4
30
5
4
3
13
1
2
1
13
1
2
4
5
13
1
3
9
26
2
3
1
8
4
1
11
12
1
2
47
1
2
2
27
1
2
4
44
6
1
1
54
2
4
3
67
19
3
2
1
3
3
2
40
3
3
2
18
3
1
3
34
8
3
4
41
2
4
1
5
1
2
2
28
1
2
2
12
2
3
3
22
6
3
4
33
1
4
3
71
3
2
2
39
1
2
4
28
10
4
2
53
3
2
2
67
2
4
1
65
1
2
4
32
2
1
3
67
18
4
2
60
2
4
4
18
21
2
3
65
5
2
1
32
5
3
2
55
3
1
3
34
7
3
4
66
4
3
4
31
24
1
2
29
3
1
4
4
5
3
3
3
1
2
2
66
2
3
1
31
10
2
4
45
6
4
4
29
12
3
3
35
5
2
3
15
6
3
2
5
2
3
3
18
22
4
1
55
1
3
3
52
16
4
2
49
3
1
1
41
2
4
4
60
1
3
4
3
17
4
3
4
14
3
4
43
10
3
3
6
1
3
1
12
12
2
2
15
1
2
3
42
1
3
4
38
8
4
2
43
4
4
1
18
15
4
1
8
7
3
3
65
12
1
3
61
8
3
4
8
6
4
1
2
6
4
2
32
1
4
3
28
15
1
4
14
25
1
3
16
1
1
2
41
5
2
4
39
1
2
4
7
7
3
2
11
1
2
3
15
14
2
2
10
3
1
3
17
15
3
2
7
3
3
3
60
5
2
4
54
1
1
4
27
11
3
1
1
2
4
1
5
2
2
3
49
2
1
1
37
1
3
3
1
3
1
2
28
2
4
2
63
1
2
3
33
10
1
1
15
1
2
1
17
13
2
4
40
4
3
1
49
1
1
3
10
5
3
1
67
3
1
1
45
2
3
1
35
2
2
1
22
2
2
1
10
6
3
1
54
3
2
3
8
19
3
4
47
2
3
2
23
3
1
2
7
1
3
4
1
14
1
1
30
2
4
2
16
1
4
2
40
1
2
1
2
4
3
1
33
8
3
1
9
11
3
3
41
2
2
4
16
11
4
1
30
1
1
2
52
3
1
2
26
4
2
3
44
1
3
4
16
3
1
4
71
5
4
3
60
14
3
3
39
8
2
3
12
7
2
3
12
6
2
1
34
2
2
4
35
2
1
2
36
2
2
1
47
2
1
2
26
2
4
3
37
9
1
4
37
4
3
2
2
3
3
3
22
4
1
2
9
1
3
3
54
2
4
3
43
1
3
3
10
10
4
4
13
4
3
1
55
2
4
4
65
8
1
3
52
5
4
3
5
2
3
2
38
3
2
4
22
13
2
4
45
12
3
2
68
2
2
1
53
2
4
4
1
8
2
2
35
1
3
4
5
6
3
3
25
8
4
3
54
1
3
2
16
3
3
2
32
4
3
4
52
2
3
1
12
9
4
1
38
1
2
4
35
3
2
2
60
3
3
4
71
2
2
4
7
3
4
3
4
22
4
2
35
3
1
4
9
20
4
3
6
4
2
4
63
8
1
1
29
1
2
1
4
1
3
2
2
2
3
3
13
2
4
1
33
7
3
4
47
3
2
3
49
6
2
4
4
9
2
4
30
3
2
1
8
6
3
2
71
2
1
2
49
2
3
2
13
2
2
1
60
1
4
4
49
7
3
4
14
14
3
4
37
2
4
2
13
1
4
3
30
15
2
3
7
5
3
1
23
1
2
2
61
2
3
2
66
1
3
2
30
1
2
1
43
1
3
2
9
2
4
1
44
4
4
4
12
3
2
1
43
3
1
3
3
3
1
2
65
4
1
1
18
14
2
3
47
5
2
1
7
5
3
1
67
2
4
2
54
1
3
3
39
2
1
3
26
4
4
3
68
14
3
1
13
7
4
1
68
3
1
4
52
9
2
2
37
3
4
1
15
2
4
2
38
2
1
1
40
3
2
1
27
1
2
3
2
9
1
4
67
3
3
1
66
1
1
4
26
1
3
4
18
17
2
2
65
3
3
1
7
1
3
3
61
6
2
1
16
2
3
4
23
1
3
1
32
3
2
1
38
3
1
4
15
13
4
1
28
2
3
2
42
2
4
1
34
10
3
4
25
5
2
3
55
7
1
2
14
1
2
4
36
1
3
4
11
16
1
4
68
2
2
4
31
8
3
3
66
6
3
4
40
2
3
1
17
10
3
4
38
4
1
4
61
11
2
2
43
3
1
2
12
1
4
1
42
1
3
4
32
8
1
2
17
1
4
3
53
2
3
1
3
9
1
2
44
1
4
1
47
1
1
4
17
3
3
1
4
6
3
4
11
23
2
2
31
3
4
1
27
2
2
3
23
19
2
2
45
1
2
2
27
3
3
1
39
4
1
1
3
11
4
3
29
14
4
3
27
5
3
4
29
10
2
2
30
5
1
2
8
2
3
3
25
1
1
1
25
1
2
3
38
10
2
2
34
1
1
3
11
21
2
4
53
15
4
3
42
3
1
1
26
2
4
2
11
2
4
2
1
1
4
2
14
2
2
4
6
28
2
2
53
2
1
2
54
2
1
3
44
7
3
3
36
9
2
4
3
20
3
1
23
3
3
1
6
1
1
4
34
1
2
2
10
1
1
2
25
2
3
3
8
15
4
3
17
3
4
4
66
2
3
4
15
20
1
3
41
1
3
1
6
2
2
4
27
2
1
4
55
11
3
4
63
2
1
1
52
1
3
2
71
3
4
2
5
1
1
1
28
1
1
3
28
1
2
1
42
2
2
1
44
2
3
1
29
3
1
4
67
10
3
3
66
1
3
4
43
4
3
3
40
6
3
2
36
4
1
2
31
5
3
2
34
3
1
3
45
5
2
3
31
6
4
4
28
12
1
3
36
8
2
1
25
3
4
2
37
1
1
4
65
12
3
4
49
6
4
4
39
10
3
1
14
5
4
4
44
15
2
2
47
3
4
