1
63
2
3
3
65
16
4
2
43
5
3
3
60
24
4
2
39
3
3
4
30
1
2
4
66
4
2
4
45
2
3
1
4
1
4
2
7
2
4
2
43
3
3
4
7
6
3
1
68
1
2
4
28
13
1
3
40
3
4
1
52
3
4
3
6
5
4
2
9
3
3
4
9
19
1
3
25
8
1
4
32
7
4
1
32
2
2
2
34
3
4
2
27
2
4
4
55
2
3
2
4
3
2
3
35
8
4
4
40
1
2
3
47
7
1
1
41
1
3
4
41
1
3
4
49
1
4
4
60
7
1
2
9
1
2
4
68
11
2
4
18
15
3
1
34
11
1
1
7
8
4
1
45
2
3
4
13
16
1
2
63
3
4
2
68
2
4
1
39
3
2
2
6
2
2
1
6
1
1
3
35
4
2
4
29
8
4
3
71
5
4
4
42
5
4
2
12
2
1
4
37
3
2
3
29
17
1
2
53
1
4
3
16
8
1
4
13
12
4
4
2
3
1
3
16
2
1
4
2
10
1
4
15
18
3
2
65
4
2
1
52
1
2
2
29
1
3
4
27
10
3
2
11
1
2
3
34
10
4
4
16
4
2
2
41
5
2
1
55
2
1
1
47
1
1
1
33
5
3
4
26
2
4
1
29
2
3
3
34
6
4
1
61
3
1
1
17
2
4
2
14
1
4
1
54
3
4
2
8
1
4
3
71
3
4
2
55
3
3
1
30
7
1
4
8
11
2
1
66
3
1
4
54
10
4
1
5
1
2
4
43
7
2
3
32
3
1
1
25
2
2
4
18
27
4
2
36
4
4
4
26
1
1
3
29
3
4
2
3
3
2
3
11
7
1
4
66
6
1
2
30
4
1
4
38
7
3
3
13
8
1
1
44
4
4
4
10
24
1
1
29
3
1
1
13
6
1
2
52
2
1
2
66
2
4
1
2
5
3
1
33
7
2
1
41
3
3
1
67
1
1
4
71
2
1
1
32
1
3
1
25
1
3
2
13
1
1
1
9
2
4
1
68
2
4
3
54
1
4
2
27
3
3
4
12
8
3
4
52
16
4
2
49
2
2
2
26
3
4
1
54
2
1
3
37
7
2
4
63
1
4
3
68
17
1
1
65
1
1
1
61
2
2
3
10
11
1
1
30
15
1
3
40
2
2
2
67
1
4
3
12
3
4
1
37
1
3
1
6
2
3
4
63
8
2
4
4
27
2
1
12
13
4
3
7
4
4
3
26
3
2
2
2
3
1
1
65
2
1
2
30
5
1
4
61
3
1
4
53
11
3
4
36
8
1
2
47
4
3
2
55
2
2
4
71
3
4
3
28
15
2
3
5
5
4
4
53
8
2
2
40
3
4
1
11
6
3
2
17
2
2
3
39
1
3
3
49
4
2
2
45
3
1
1
8
7
4
4
34
6
3
4
47
13
2
4
25
9
1
2
31
5
3
4
35
2
1
4
47
1
1
1
66
1
3
2
61
1
2
4
44
16
1
3
68
8
3
3
31
6
4
3
4
24
2
4
31
11
1
3
65
18
2
2
35
2
4
3
41
1
3
3
36
11
3
3
15
4
4
2
68
1
3
4
16
8
1
3
18
4
1
2
23
2
1
4
12
6
4
1
42
1
3
4
5
21
2
4
11
25
3
1
45
1
3
3
27
8
2
4
15
25
2
2
52
3
3
3
4
22
2
2
47
1
4
2
44
1
2
1
2
6
3
3
23
19
4
1
17
1
1
1
42
2
3
3
14
5
2
2
1
3
4
2
10
2
2
2
1
1
4
4
41
4
2
2
54
1
1
4
11
1
4
4
55
13
3
2
71
1
1
3
47
10
3
3
14
24
1
3
44
9
2
2
26
1
4
2
31
1
2
1
15
4
4
3
11
21
1
1
7
5
2
1
36
3
1
2
41
1
1
2
37
1
2
3
45
1
2
4
1
4
3
4
6
3
4
2
3
2
4
4
8
19
3
4
45
9
1
2
32
3
2
4
14
33
3
4
5
4
2
3
22
6
4
2
28
2
3
3
53
3
1
1
60
1
4
4
36
14
2
2
65
1
3
4
49
2
4
3
9
27
4
1
5
2
4
1
14
3
2
2
63
2
3
1
28
1
3
2
2
2
4
4
17
10
1
2
16
1
3
1
38
2
1
2
53
2
2
3
66
5
3
2
16
2
1
2
61
3
2
1
34
10
2
2
25
3
4
4
7
5
1
1
36
1
2
3
60
21
2
3
61
2
2
4
67
25
1
1
26
1
4
3
36
5
3
2
37
4
2
3
7
5
2
1
15
5
2
4
60
2
2
2
8
3
2
3
38
3
4
4
22
11
1
2
34
1
4
3
43
5
3
1
37
2
3
3
37
12
1
1
63
1
4
4
34
5
1
2
33
1
3
1
49
1
3
1
35
2
2
1
49
2
2
4
29
10
2
4
31
7
3
1
26
2
1
4
9
11
4
2
18
2
1
4
32
6
4
1
12
3
2
1
27
1
2
1
23
2
3
4
23
19
3
2
17
3
2
4
33
1
2
3
3
4
1
1
28
2
3
3
54
2
4
2
35
1
2
3
38
8
3
3
49
1
1
2
10
1
3
4
44
18
1
1
31
13
3
2
32
2
1
4
42
1
1
4
40
2
1
3
2
6
4
3
42
1
1
2
60
2
1
4
14
21
1
3
42
2
1
4
37
14
2
3
52
3
2
1
8
2
1
3
18
13
1
4
65
11
1
4
17
3
3
1
60
2
4
3
1
2
4
3
33
10
1
3
61
10
2
1
22
3
2
1
3
7
3
3
66
7
4
2
38
5
1
1
55
1
4
1
44
2
2
4
4
4
1
3
15
8
2
2
38
4
3
3
17
7
1
3
25
9
2
3
31
24
3
1
10
7
4
3
1
8
2
2
28
1
1
1
10
2
2
1
16
3
1
1
39
2
3
4
25
5
4
3
26
6
1
1
31
1
4
3
23
12
2
4
33
9
2
3
22
10
3
4
3
18
4
3
32
5
2
4
23
15
1
2
12
1
2
1
3
6
1
2
18
1
1
2
29
3
3
4
22
19
1
3
3
7
2
4
65
6
2
1
1
2
3
1
71
2
2
1
40
1
1
1
9
7
3
2
11
2
1
2
15
3
1
3
8
10
1
2
6
1
4
2
33
3
1
4
54
3
2
3
12
7
2
2
49
1
3
3
27
15
4
3
63
8
4
2
23
1
4
1
71
3
4
2
39
2
4
3
33
5
3
4
43
4
1
3
10
22
3
3
53
4
2
3
5
3
3
3
9
8
3
1
11
4
1
2
42
4
4
3
55
5
1
2
15
2
2
1
18
13
4
3
28
16
2
3
55
16
4
4
68
6
1
4
39
8
4
1
14
22
4
3
52
5
4
4
10
12
1
1
40
2
4
1
4
8
2
1
43
1
4
4
38
5
1
2
45
4
2
4
52
21
4
4
1
12
3
2
13
2
2
3
6
4
1
2
7
1
1
3
45
4
1
3
63
4
3
4
39
2
3
3
41
4
2
3
30
13
3
2
4
2
4
4
27
8
3
3
17
17
2
3
2
7
4
4
30
7
2
3
67
4
3
1
1
3
4
1
43
3
4
2
60
3
2
4
3
10
4
3
30
25
2
2
14
2
1
1
22
1
3
2
22
2
3
1
53
2
4
1
23
1
3
2
67
2
4
1
13
8
1
1
53
1
1
1
67
3
3
2
54
2
4
3
8
12
3
2
25
2
3
1
16
7
2
4
61
11
4
2
5
3
2
2
22
3
4
4
28
2
1
3
44
5
4
4
6
19
1
2
71
2
3
2
66
3
3
3
39
9
2
2
42
2
3
2
44
4
1
1
35
1
3
1
18
1
1
1
47
3
4
3
67
26
2
2
5
1
1
1
27
2
3
2
36
1
2
3
43
4
1
2
40
2
2
1
38
3
2
4
35
4
4
4
67
39
2
3
13
2
3
