3
11
19
2
4
5
15
3
4
63
4
3
1
1
3
4
3
31
29
3
3
32
10
1
3
1
7
2
4
35
1
2
3
5
3
3
2
71
3
2
4
15
23
3
2
26
4
1
1
8
7
4
3
34
7
2
2
60
4
1
4
34
10
4
2
5
1
1
4
71
6
2
4
23
12
1
2
17
3
2
1
42
2
3
4
67
15
3
2
44
4
2
3
44
7
3
1
12
8
2
4
10
24
3
2
8
3
1
4
34
11
4
3
9
17
2
2
1
1
3
2
3
2
3
2
35
3
4
3
4
21
1
3
18
15
2
2
47
2
3
2
27
2
3
2
11
2
3
4
33
8
4
3
41
2
2
4
14
19
4
2
36
3
2
1
36
3
4
1
35
3
4
4
66
2
4
4
6
16
1
3
2
3
1
4
2
1
2
3
13
2
2
3
31
25
3
3
12
2
4
3
11
25
2
1
41
1
2
4
11
11
4
1
32
3
2
1
7
9
1
4
18
10
1
1
30
15
2
3
28
12
3
2
32
2
3
4
16
6
2
2
47
4
3
2
18
2
2
1
60
1
2
1
2
4
4
1
45
1
1
2
43
3
3
3
63
12
3
1
7
11
3
4
39
3
4
4
28
1
3
2
49
2
3
3
1
1
4
1
1
1
1
3
45
5
1
3
61
3
1
1
43
3
1
4
54
11
2
3
68
11
2
1
31
9
4
2
54
2
2
1
39
2
4
3
38
9
4
3
43
3
4
1
8
10
3
4
27
1
4
4
52
2
2
4
53
9
3
2
55
1
2
1
30
6
4
2
71
2
2
1
3
3
4
4
7
7
1
4
13
13
4
3
28
1
3
3
29
14
2
4
12
5
2
1
40
3
2
3
26
6
4
1
52
3
2
4
22
2
1
1
71
2
4
2
1
2
1
4
32
10
3
2
53
1
3
2
52
3
3
3
54
1
2
3
40
5
2
4
52
11
4
2
13
3
1
3
42
3
3
4
40
5
4
4
37
7
4
3
25
4
2
3
9
23
2
3
68
5
4
2
42
1
1
2
12
2
1
2
13
1
1
1
36
1
2
2
16
3
2
1
38
1
1
3
5
5
4
3
43
7
2
4
1
5
2
4
36
5
3
4
38
1
3
1
28
2
2
1
67
2
1
1
68
1
3
3
36
14
2
3
37
4
1
2
67
2
2
3
67
15
3
3
36
11
2
3
60
10
4
4
63
9
3
3
16
8
1
3
52
18
3
4
71
3
1
1
29
1
4
3
49
6
1
3
39
8
3
1
53
2
2
4
55
7
2
1
3
8
1
2
68
2
4
2
5
3
3
3
6
6
1
1
6
2
2
1
60
2
1
1
34
11
2
1
66
2
2
1
45
2
4
3
42
4
4
3
3
9
2
1
38
3
2
1
22
2
4
3
49
7
4
3
47
3
3
2
7
2
2
4
26
4
4
1
65
1
3
3
71
5
4
1
27
3
2
4
12
7
2
2
55
2
4
2
34
3
1
2
63
1
2
4
15
27
1
1
16
4
4
4
42
3
1
1
32
4
3
2
31
5
1
2
18
4
3
4
43
5
2
1
54
2
3
1
35
4
2
1
2
3
1
1
33
1
4
4
16
8
4
2
36
4
2
2
65
4
4
3
8
17
3
1
63
2
3
3
26
4
2
4
25
5
4
2
6
3
1
4
27
6
1
3
15
16
4
4
2
6
2
3
35
4
4
2
66
1
1
2
39
4
3
1
9
4
2
4
67
13
2
1
47
2
1
2
8
1
4
3
30
21
3
3
45
2
3
2
15
1
1
4
66
1
2
3
10
6
1
1
31
18
2
4
25
9
4
3
53
8
4
4
45
4
4
4
68
14
2
1
61
3
4
3
55
12
4
3
40
2
4
1
40
2
1
2
37
2
3
3
63
13
3
2
25
2
2
3
18
18
3
4
30
6
3
4
49
4
2
2
63
3
1
1
22
3
2
3
22
8
3
4
13
12
4
3
44
3
3
1
49
1
3
1
39
4
4
2
14
2
2
2
40
4
3
2
6
2
1
2
61
3
3
4
3
14
2
2
22
3
1
1
52
1
1
1
17
1
1
3
41
1
4
2
2
1
4
4
11
29
3
3
4
12
1
1
53
1
3
2
65
3
2
1
66
3
4
2
29
1
4
2
9
3
2
4
60
8
2
3
71
1
2
1
25
2
3
1
47
1
4
2
66
3
3
2
43
5
1
4
5
16
4
4
33
11
2
4
17
4
3
4
9
4
3
1
23
1
4
2
53
2
4
2
68
4
4
1
23
3
3
2
31
4
1
2
27
1
3
4
31
2
3
3
23
2
2
4
49
2
4
1
25
3
2
2
2
2
4
2
10
3
4
2
14
3
3
4
14
10
3
3
38
3
3
3
66
4
2
2
33
1
2
2
45
4
2
2
12
1
4
3
32
8
4
1
18
6
1
4
1
6
2
3
60
21
2
2
39
3
3
2
4
1
3
2
25
1
2
3
10
4
3
3
67
23
3
3
22
6
3
3
53
1
1
4
65
11
1
2
33
3
1
2
9
2
3
3
7
2
2
1
15
5
2
3
17
15
2
4
23
22
1
4
29
3
1
1
13
9
1
2
52
5
3
2
7
1
4
3
3
2
1
1
27
2
3
1
68
2
3
1
44
1
3
2
30
4
4
4
7
5
1
2
35
2
4
4
18
16
1
2
28
2
2
4
41
4
1
3
66
7
4
4
6
4
1
3
39
2
1
2
38
1
2
4
44
14
1
3
34
2
3
1
17
13
4
1
42
1
3
3
12
7
1
1
71
1
2
4
22
1
4
2
23
2
4
4
47
3
2
4
41
3
2
4
29
13
2
3
27
9
3
1
44
3
2
1
61
1
2
1
5
2
1
2
28
1
3
2
61
1
3
3
65
3
3
3
17
14
3
2
37
3
3
1
16
3
3
2
40
3
4
1
54
1
2
4
9
11
1
3
15
11
4
2
22
2
3
1
6
1
2
1
63
1
4
1
49
2
1
1
18
8
4
4
65
5
4
4
17
6
4
1
26
3
2
3
8
2
4
1
12
15
2
1
13
4
3
4
4
23
4
4
44
16
2
1
4
2
2
4
68
10
1
3
14
16
1
2
49
4
3
3
33
18
1
3
47
10
1
1
37
2
2
3
14
15
1
2
38
5
4
2
41
4
2
4
54
1
2
4
42
1
3
2
41
3
4
2
34
2
4
3
33
14
3
4
4
10
3
1
9
14
4
4
31
29
2
2
60
1
2
1
43
1
3
3
52
9
2
1
28
3
2
4
28
12
4
4
36
8
4
1
5
1
3
4
53
7
3
4
35
4
2
4
26
10
4
3
37
11
2
1
14
18
2
1
29
2
4
4
3
22
2
4
10
29
4
4
32
8
4
1
26
2
2
3
54
2
2
1
65
2
1
3
23
10
3
3
25
1
4
1
67
3
2
3
16
2
3
2
54
1
3
3
61
5
3
4
38
9
4
3
6
4
1
4
40
4
1
4
45
2
1
3
29
8
1
2
32
4
3
1
41
3
1
4
55
10
3
1
33
2
4
4
39
7
4
2
15
2
4
3
35
3
1
2
26
2
3
1
10
4
3
4
8
5
4
4
37
11
1
3
13
7
3
4
61
8
2
1
4
7
4
3
65
2
1
1
10
1
2
2
17
1
4
3
30
9
2
2
29
2
1
2
42
4
3
2
11
3
3
2
30
2
2
4
30
1
2
1
55
1
2
3
27
2
1
1
11
10
1
2
45
3
2
4
60
3
1
1
55
2
1
2
3
3
3
4
8
6
1
3
2
12
4
2
23
3
3
3
55
10
4
1
15
2
3
2
44
3
2
4
47
4
1
2
16
1
4
2
10
1
1
4
43
1
3
1
14
20
4
2
67
1
1
4
61
11
2
1
11
1
4
1
34
6
3
3
7
3
1
1
37
1
3
2
4
3
4
