4
6
29
4
2
17
3
3
3
55
3
4
1
66
1
4
3
28
9
1
2
53
1
4
1
33
6
4
3
52
9
3
4
9
19
3
1
37
2
3
2
26
2
4
4
18
13
3
2
8
3
4
2
38
2
1
3
1
4
3
2
34
2
1
1
52
3
4
3
47
4
4
4
38
2
2
3
43
6
3
2
27
2
2
4
71
5
4
2
9
2
4
4
37
3
4
3
25
8
2
2
33
2
3
4
61
8
4
4
11
3
3
1
33
8
3
3
42
4
1
1
1
3
3
4
27
8
1
4
67
40
3
3
35
6
3
4
66
5
1
3
26
6
3
2
43
1
2
3
14
25
2
3
4
10
3
1
11
7
2
2
55
1
4
2
32
3
4
3
17
12
3
3
36
13
3
1
26
3
1
4
10
5
4
2
63
1
1
1
32
4
2
4
45
5
3
2
22
3
3
1
49
2
1
2
23
1
3
4
22
8
1
4
42
2
2
4
16
1
3
2
32
2
1
1
68
3
4
1
37
1
4
2
18
3
2
2
61
1
4
3
41
1
2
1
15
4
2
3
34
1
1
2
42
4
3
1
13
7
1
2
66
1
1
4
15
4
3
4
44
16
1
3
11
23
2
4
53
5
3
3
37
11
4
3
44
9
4
3
60
1
3
3
39
6
4
4
17
24
3
4
45
7
4
2
5
3
2
3
2
9
4
2
55
3
1
2
26
1
3
1
41
3
2
4
71
1
3
4
60
4
3
3
45
3
3
4
3
10
3
4
13
2
4
3
45
1
3
2
14
2
3
1
43
1
4
4
34
12
2
4
30
1
2
4
39
7
3
1
17
11
4
3
12
5
4
1
2
7
4
3
68
12
3
2
52
1
3
4
12
7
3
4
5
3
1
3
18
16
4
4
26
4
3
2
52
3
4
4
22
4
4
2
35
1
3
2
33
1
1
3
3
2
4
3
22
11
3
4
55
1
3
1
30
18
4
3
27
8
3
2
10
3
1
1
55
2
2
2
12
2
2
2
54
2
4
2
44
5
1
3
33
6
4
3
8
15
2
3
67
33
2
3
32
9
2
1
71
3
4
1
29
3
2
3
55
12
4
1
31
12
1
1
71
2
3
2
39
4
3
3
66
7
2
1
7
11
3
4
60
5
4
3
4
8
2
2
40
2
2
1
30
3
3
3
54
1
1
3
30
17
3
1
44
2
2
1
49
1
1
1
35
4
1
4
43
3
2
2
67
2
3
1
6
2
1
1
32
1
4
3
11
7
1
4
28
9
1
1
63
1
3
3
61
3
3
3
23
4
1
4
11
2
2
3
63
11
4
1
1
2
4
2
15
1
3
4
37
13
4
4
18
9
4
2
37
2
4
2
47
1
2
1
23
1
3
2
53
3
3
1
27
2
3
3
41
4
2
1
61
2
3
4
47
14
4
2
38
1
4
3
42
1
4
2
34
3
3
1
22
2
2
1
53
1
4
4
5
5
4
1
34
10
4
4
2
5
1
2
18
4
2
4
40
6
2
4
67
27
4
4
40
7
1
3
16
1
3
2
27
3
3
1
26
1
1
3
17
11
1
1
18
2
4
2
71
2
2
1
16
3
3
4
4
10
1
2
10
1
1
3
26
11
3
1
68
1
2
4
38
3
4
4
39
5
1
3
27
6
3
2
28
1
4
3
12
3
4
3
18
24
3
4
54
2
3
1
13
8
4
2
4
3
4
2
16
2
1
3
9
23
4
3
40
5
1
3
34
3
2
1
42
2
1
4
14
7
1
2
60
4
3
3
5
3
2
3
6
5
1
2
1
3
3
1
10
8
3
3
71
1
3
2
2
1
2
3
71
3
3
4
52
12
1
2
60
3
4
4
9
1
4
1
61
1
1
4
68
9
3
3
39
9
4
1
44
3
3
1
2
2
1
2
65
3
3
4
44
6
1
2
6
3
2
4
29
3
2
2
1
2
1
3
32
1
2
2
11
2
3
4
31
2
4
2
54
1
4
2
30
4
4
2
43
4
3
1
54
1
2
4
28
5
2
4
12
5
2
1
42
1
4
1
47
1
4
2
9
3
4
3
22
7
4
1
67
3
1
2
29
2
1
2
6
2
2
1
22
1
1
2
35
2
1
2
45
2
4
2
12
1
3
3
31
24
3
3
15
17
2
4
42
4
1
1
34
4
3
4
34
11
4
2
14
3
1
1
28
2
3
4
63
6
4
4
8
1
4
2
66
3
2
2
8
2
2
3
65
15
1
4
30
2
4
4
43
4
4
2
25
1
1
2
45
1
4
3
61
8
1
1
35
1
3
3
25
2
3
2
7
1
3
4
3
9
2
4
41
1
3
1
38
1
1
2
49
1
4
4
14
4
1
4
27
2
2
2
29
3
3
2
44
3
2
2
40
3
2
3
63
1
3
4
6
20
3
4
7
2
1
3
16
8
2
4
15
22
4
3
49
6
3
3
43
5
3
3
67
37
2
3
31
16
3
3
28
6
3
4
52
3
1
4
66
6
1
1
3
1
2
2
49
3
3
2
37
3
4
3
29
7
4
1
53
2
1
3
53
4
4
1
8
9
1
4
4
9
4
3
44
6
1
3
10
6
1
2
17
1
2
1
12
13
2
4
32
14
4
4
47
10
3
4
36
13
2
1
39
2
2
4
23
19
2
2
41
5
4
2
7
2
2
2
61
3
4
1
36
2
2
2
42
1
4
4
2
12
2
1
14
15
4
2
67
1
4
3
66
5
4
2
3
3
3
1
11
10
1
1
65
2
4
3
65
4
3
1
67
1
3
4
33
2
4
1
27
1
4
3
40
2
2
1
18
7
3
2
65
1
3
1
60
2
1
1
31
4
4
4
25
1
1
3
1
5
2
4
8
19
1
1
39
1
4
3
8
4
4
3
35
8
2
3
9
5
2
1
40
2
3
3
23
6
2
1
4
7
1
1
55
1
4
1
52
1
3
1
45
2
1
3
30
7
2
4
13
16
2
3
7
2
4
1
25
2
1
4
32
11
2
2
68
3
3
3
53
8
3
2
36
2
1
3
13
4
4
4
23
12
4
1
41
2
4
3
29
9
4
3
15
9
1
1
15
5
3
2
28
3
2
1
36
3
2
2
16
3
3
2
23
3
2
2
3
1
4
2
31
5
2
1
9
14
1
1
5
1
3
1
66
2
2
4
65
15
3
4
16
8
1
4
29
9
3
4
31
6
4
2
13
2
4
4
61
7
1
3
52
13
4
1
3
4
2
2
36
5
3
1
7
3
2
2
4
2
4
4
35
3
2
3
60
23
3
3
14
3
2
1
14
13
2
4
65
8
3
4
25
3
2
1
5
2
3
3
38
9
3
4
41
2
1
4
7
5
4
2
30
5
3
3
49
3
2
1
9
8
2
4
36
4
3
2
25
2
4
3
6
2
4
4
26
7
3
4
49
6
4
1
38
3
2
4
53
15
1
3
68
2
3
4
35
4
2
2
39
1
1
2
11
3
4
3
37
2
2
3
54
2
1
1
29
1
2
2
2
2
1
3
13
6
1
4
17
1
3
1
45
1
3
3
36
2
2
3
5
2
3
1
28
3
1
1
8
8
4
4
33
5
1
2
47
3
1
2
5
1
1
4
54
6
2
1
47
3
1
1
12
9
4
3
38
8
1
1
23
2
2
1
17
15
3
3
47
8
1
4
1
1
1
2
63
2
2
1
43
2
4
1
16
5
2
2
15
3
4
4
55
2
4
3
33
1
4
2
68
1
1
1
63
2
4
3
2
6
2
2
22
1
2
3
7
4
2
2
13
1
1
1
40
3
1
1
6
1
1
2
71
3
3
4
1
6
2
1
4
3
2
1
25
3
3
1
60
1
1
4
10
21
4
1
10
5
1
4
63
12
3
1
54
3
1
3
10
9
4
2
31
3
3
1
65
1
4
3
3
8
3
4
68
3
1
2
41
1
3
4
49
7
2
