2
36
4
2
3
12
5
3
2
22
2
3
3
63
10
1
4
38
6
3
3
42
4
4
1
36
1
2
3
4
4
3
3
11
14
2
2
71
1
4
3
54
2
2
3
63
5
4
3
41
2
1
1
54
1
2
1
53
2
3
3
8
2
1
3
6
4
3
4
16
4
1
4
22
13
2
4
28
10
4
2
45
4
3
1
28
1
1
3
9
10
4
2
7
1
2
2
22
3
1
2
3
1
3
2
9
1
1
4
36
3
1
4
39
9
4
4
55
11
3
4
3
10
4
1
18
9
2
2
53
3
4
4
23
1
2
1
9
13
3
2
2
2
2
4
53
15
3
4
67
21
4
1
27
2
3
3
22
4
4
4
63
10
3
4
27
11
1
4
1
12
4
4
7
4
4
4
49
5
3
4
15
22
4
4
61
2
3
3
40
4
4
3
10
16
4
2
34
3
2
1
63
2
2
4
17
15
2
2
26
1
1
1
8
3
1
1
61
3
4
4
67
18
3
2
13
1
1
1
71
3
4
1
41
3
3
1
52
3
3
2
67
2
1
3
65
6
4
2
40
2
4
2
34
1
3
2
36
1
4
2
1
3
2
2
30
4
1
4
34
3
1
3
27
12
1
4
17
24
2
4
49
4
3
1
34
7
3
3
6
2
1
2
53
1
3
2
13
3
2
2
54
2
3
1
38
1
4
3
14
25
3
3
42
1
1
2
32
2
3
4
23
11
2
1
66
2
2
3
60
15
2
2
6
2
3
1
13
7
2
4
71
3
2
2
5
3
2
1
15
2
4
2
65
1
1
4
52
12
2
2
61
3
1
3
4
23
4
2
31
5
4
1
17
13
1
1
32
6
2
3
43
3
3
3
45
2
2
4
60
4
4
3
13
3
1
4
12
5
2
4
29
9
4
1
39
3
2
3
37
12
2
4
27
8
1
4
14
6
2
2
23
3
1
1
68
2
3
3
53
1
4
2
15
2
1
1
66
3
1
2
55
3
1
1
28
3
1
4
34
8
3
2
27
2
2
3
2
1
4
4
65
14
1
2
28
1
4
4
16
1
2
3
11
23
1
2
41
5
3
4
30
1
4
3
67
29
2
4
33
7
1
4
54
6
1
4
5
7
1
3
16
1
3
2
40
4
4
3
30
8
2
2
10
1
1
1
55
1
2
2
5
1
1
3
32
5
1
1
8
16
1
2
8
2
4
3
30
13
1
2
38
1
1
2
17
3
3
3
36
4
2
2
4
1
2
2
18
3
4
4
13
1
4
3
26
10
3
4
25
9
3
3
33
3
3
2
43
3
1
3
25
3
2
1
32
7
2
1
5
1
3
3
17
6
3
2
68
4
2
2
7
3
1
1
11
10
1
1
35
3
2
2
63
1
1
1
65
2
3
4
22
15
2
1
12
1
3
3
2
6
2
2
14
1
1
2
68
3
3
4
8
15
1
1
49
1
1
2
39
4
4
1
30
8
4
1
55
2
4
3
16
4
4
4
9
6
4
2
52
3
2
4
4
7
1
2
12
1
1
3
36
2
3
4
45
14
1
4
44
11
1
3
10
2
2
3
1
10
3
2
17
2
2
3
67
26
4
1
43
3
3
1
53
1
2
1
61
2
1
4
43
12
4
1
25
3
4
4
37
11
2
2
33
1
3
4
47
12
4
2
63
3
1
3
13
4
3
4
8
8
4
4
10
7
3
2
35
3
1
2
8
1
3
1
34
5
2
1
35
2
1
4
66
3
2
1
25
1
1
3
29
12
3
1
36
2
1
1
54
3
4
3
43
6
3
3
5
5
2
2
18
2
1
3
12
3
3
1
37
1
4
1
22
1
4
2
28
2
2
3
31
8
1
1
40
2
4
4
18
19
2
3
18
15
4
4
42
5
1
4
36
1
3
1
42
2
1
2
42
4
2
4
2
3
1
4
63
3
4
3
15
5
2
2
49
2
3
3
28
7
3
4
18
3
2
3
35
8
2
2
12
3
2
1
60
1
2
4
45
8
1
4
40
4
1
3
53
8
4
3
61
11
3
4
15
1
1
4
65
2
4
1
41
2
1
1
10
8
4
1
9
12
4
4
5
3
3
4
68
7
1
4
1
9
1
3
5
4
3
3
7
2
2
1
71
1
1
2
29
3
4
3
22
11
1
1
2
5
4
4
35
3
2
1
33
7
2
2
27
3
1
2
55
1
1
1
63
1
1
3
52
13
3
3
39
6
3
4
11
3
4
1
13
2
4
4
68
11
1
3
34
7
2
3
44
6
2
4
12
7
2
1
6
1
1
4
35
4
3
4
31
15
2
3
33
15
3
3
31
10
3
2
54
1
4
4
41
1
3
4
4
10
2
4
6
20
2
4
47
5
1
3
25
9
2
3
41
3
1
2
16
1
3
3
3
5
2
3
3
3
1
3
32
6
3
2
6
1
2
1
37
2
2
1
47
1
1
3
29
1
2
4
42
4
1
2
1
2
2
1
47
3
1
4
13
4
4
3
55
14
1
2
38
4
2
4
28
5
1
1
1
3
3
2
47
4
3
1
30
21
2
3
37
11
1
3
65
8
4
1
45
1
2
1
38
3
3
3
1
9
3
3
34
2
2
1
31
16
1
3
49
4
2
3
27
1
4
1
52
2
4
4
52
14
2
2
39
2
4
2
25
3
3
1
27
3
1
2
9
2
2
4
38
4
2
4
39
1
1
3
60
18
2
2
67
1
3
1
60
2
2
3
18
6
2
4
25
8
3
2
41
4
2
1
29
2
3
2
37
2
2
4
32
3
1
2
52
4
3
2
60
4
3
2
49
3
1
3
26
7
3
1
65
1
4
1
40
1
1
1
42
1
4
3
45
6
1
2
14
3
1
2
66
1
4
3
47
2
3
2
31
4
1
3
38
11
4
1
33
8
3
2
37
1
3
3
7
4
1
3
38
3
3
3
52
7
2
1
3
6
3
4
30
2
3
4
37
7
1
1
14
2
4
3
49
5
3
4
44
18
4
2
15
1
4
3
68
17
3
2
60
2
3
4
31
19
2
3
66
1
3
1
29
3
2
4
3
21
3
2
65
4
3
3
17
8
4
1
43
2
3
4
26
1
3
4
60
6
3
2
42
2
4
3
15
13
2
2
23
2
3
2
35
1
3
3
23
13
4
3
14
19
1
3
71
2
4
4
6
3
1
3
39
1
4
1
16
6
1
2
61
2
2
1
44
1
2
2
26
2
1
1
6
2
3
3
28
3
4
1
45
2
3
2
66
2
1
2
43
4
4
3
66
8
2
2
33
2
4
3
44
4
4
2
47
3
3
2
16
2
2
3
35
7
3
2
10
3
1
4
40
6
3
2
44
5
1
1
18
11
4
1
31
5
4
4
61
11
1
4
53
11
1
1
17
3
1
1
11
2
4
1
26
2
2
1
5
2
4
3
47
10
4
3
55
3
1
2
4
2
3
2
30
2
1
1
23
3
1
1
49
2
1
1
15
1
2
1
26
1
4
1
3
4
1
3
8
15
4
4
41
2
3
4
55
7
2
1
22
2
3
1
7
7
1
4
32
11
3
1
23
1
4
1
39
1
2
1
44
2
1
4
11
22
1
4
29
7
2
3
23
18
2
3
61
7
1
3
40
1
2
1
14
9
3
2
3
2
3
4
71
6
2
2
45
1
3
4
66
4
1
2
29
2
4
2
2
1
4
4
9
3
3
1
12
7
4
2
71
2
4
4
14
23
1
1
68
1
2
1
67
2
4
3
71
5
4
1
7
11
1
1
4
5
2
4
2
5
2
1
67
3
4
4
33
6
3
2
11
3
4
4
43
9
4
2
11
2
2
2
44
2
4
3
9
16
3
3
54
1
2
4
10
4
3
3
68
16
4
4
26
11
4
1
10
7
4
1
4
4
1
2
25
1
4
2
32
4
3
1
2
7
2
4
7
6
3
4
54
1
3
1
16
3
1
1
1
1
4
