4
5
9
3
4
63
3
4
3
38
3
1
2
65
2
3
2
10
3
1
4
61
11
3
4
12
7
2
4
43
11
2
4
7
3
1
1
4
8
4
3
66
4
2
2
66
3
1
3
65
7
1
2
53
1
4
4
4
19
1
2
23
3
1
1
55
2
2
4
34
10
3
1
27
3
2
1
65
2
3
3
32
11
2
2
25
2
4
2
71
3
3
1
61
1
1
4
32
8
3
3
33
16
3
3
68
13
4
4
54
2
4
2
1
2
4
3
23
10
2
4
25
5
1
1
43
2
3
4
16
8
1
1
29
2
4
4
45
2
1
4
66
5
4
1
26
1
4
4
28
8
1
4
17
24
4
3
44
1
2
3
53
8
2
3
15
4
1
3
18
17
3
3
65
14
4
1
60
1
3
1
71
2
1
2
30
1
4
4
14
29
2
1
9
6
3
1
5
1
2
1
5
2
3
2
38
4
3
2
44
2
2
3
16
6
3
4
52
11
3
3
60
2
1
3
43
3
3
3
40
1
1
3
60
9
2
1
1
2
3
4
5
5
2
2
47
3
1
3
42
4
1
2
45
4
2
2
13
1
2
2
29
1
2
1
36
2
1
3
54
1
4
1
71
3
3
3
45
3
4
2
32
2
2
3
16
3
1
2
16
2
1
4
30
4
4
1
15
1
1
3
37
2
2
1
37
2
4
4
23
1
4
4
60
1
2
2
29
3
2
4
55
8
2
4
35
2
3
1
3
11
1
2
43
5
2
4
3
17
4
1
9
10
4
1
3
3
1
4
61
4
1
2
66
2
3
1
34
10
4
2
41
2
4
2
54
2
1
3
6
4
2
2
17
1
1
2
18
1
2
3
35
2
1
3
6
3
1
1
17
12
4
4
6
2
1
3
1
3
1
2
36
5
3
3
49
4
4
1
53
2
3
4
9
4
2
4
1
2
2
2
8
3
2
3
55
6
3
4
13
9
1
2
7
1
4
2
11
1
3
1
26
3
2
3
7
1
3
4
60
8
2
2
9
1
1
3
30
17
2
2
5
2
4
1
8
15
2
2
47
2
4
4
14
5
1
1
11
10
4
2
38
1
3
2
3
1
1
3
41
1
2
2
4
1
4
2
33
1
2
3
34
6
4
2
13
2
1
1
42
2
1
1
44
1
2
4
27
7
3
2
15
2
2
1
49
2
4
2
33
3
3
1
68
1
3
1
10
1
4
3
31
9
3
4
13
16
2
3
13
2
1
3
7
4
4
2
43
1
1
1
45
1
4
4
2
10
3
3
27
4
4
3
67
14
4
3
63
4
1
3
11
4
4
1
25
3
3
2
26
4
3
4
3
6
4
3
17
9
3
3
52
18
1
3
18
7
1
3
63
2
2
4
9
22
1
4
52
17
2
2
53
2
4
1
49
1
4
4
10
26
1
2
67
1
4
4
33
2
1
3
10
18
4
2
31
3
2
2
15
3
2
1
36
3
3
2
31
1
4
2
49
2
2
4
8
7
4
3
37
9
3
3
45
4
2
2
39
4
2
2
41
5
1
1
32
5
2
3
3
8
4
3
25
2
1
2
10
2
4
1
16
6
4
4
11
31
1
3
66
2
1
1
34
1
3
4
49
4
2
3
4
17
1
3
61
11
2
1
22
1
4
1
29
1
2
2
63
3
3
1
13
2
3
1
55
1
4
1
32
6
1
3
28
13
2
3
61
9
3
4
54
9
3
4
45
1
1
4
42
2
3
3
26
10
3
3
39
2
2
2
40
4
3
4
34
13
3
2
68
2
4
3
49
5
1
4
36
12
3
3
22
6
2
2
27
3
4
3
43
7
3
2
9
2
3
2
11
3
4
2
52
1
3
1
43
3
2
2
68
1
2
4
41
3
4
3
5
1
2
4
16
9
4
2
60
4
1
1
47
1
2
3
8
15
1
2
12
1
2
4
47
10
3
4
31
18
2
3
12
5
2
1
38
3
4
4
44
13
2
3
36
15
4
2
61
1
3
2
16
3
3
2
42
4
2
3
13
7
4
2
45
2
2
3
2
11
3
4
55
5
4
2
5
3
3
4
32
13
2
2
42
2
4
3
3
2
2
4
12
10
4
4
67
10
1
3
34
4
1
1
12
7
3
2
28
1
3
1
40
2
4
3
26
5
4
1
66
3
4
1
25
1
1
4
63
11
2
3
17
8
1
3
55
14
3
2
1
3
4
1
4
2
3
1
15
3
4
4
71
2
2
4
39
3
4
2
22
3
3
2
14
3
3
1
61
2
2
3
12
2
4
1
54
3
4
4
71
5
4
3
10
24
4
3
53
2
4
4
22
4
1
1
66
1
4
3
9
12
4
3
71
5
2
4
37
11
2
3
67
26
1
2
55
1
1
4
18
13
2
1
42
1
3
3
29
18
2
2
52
6
2
1
41
3
3
2
6
3
1
1
63
1
1
2
67
2
3
3
31
19
2
4
15
1
4
3
4
23
3
2
35
2
3
3
44
8
3
2
27
1
4
4
65
1
4
1
65
1
1
1
2
6
1
1
17
1
4
3
40
4
1
4
67
3
1
1
53
1
2
1
39
4
3
4
37
1
3
1
7
5
4
2
2
1
2
3
47
6
3
4
1
14
1
3
71
4
1
4
7
5
4
1
6
1
2
1
23
3
3
2
40
2
2
4
23
15
4
2
37
3
3
4
66
6
2
1
38
1
1
2
65
1
2
1
63
2
2
3
47
3
2
3
28
1
1
4
68
12
4
4
40
2
4
2
44
3
2
4
38
1
3
1
40
1
3
4
47
12
4
2
14
2
1
1
11
4
4
4
36
13
1
1
12
15
4
2
49
4
3
2
6
1
3
1
54
2
1
4
27
5
4
3
38
12
3
4
43
9
2
3
52
9
2
1
67
2
4
4
65
2
3
1
33
6
4
3
54
2
3
4
26
5
3
4
29
8
1
1
23
1
2
4
18
22
3
4
68
17
3
1
27
1
4
4
33
9
3
3
1
8
1
3
25
3
2
4
4
23
2
1
35
4
2
2
12
3
1
3
30
19
1
2
25
1
2
1
8
16
2
2
35
3
3
1
39
1
2
3
5
4
1
1
52
2
4
2
32
3
4
1
14
17
2
4
35
5
3
3
14
11
2
1
60
2
3
2
17
2
3
3
32
3
2
4
25
8
2
1
6
2
2
3
9
32
1
4
49
8
2
1
52
3
3
4
6
10
2
1
30
13
2
3
39
3
3
3
35
4
4
3
8
6
1
4
26
6
1
2
22
1
2
4
39
5
1
2
54
1
4
3
15
11
2
1
67
1
4
1
13
6
1
1
37
1
4
1
47
3
4
3
27
5
1
4
2
12
3
1
7
2
4
4
41
4
4
3
42
3
1
4
53
9
3
3
22
7
2
4
53
6
2
1
28
3
2
2
3
2
2
2
60
2
3
1
16
3
2
3
68
17
4
3
23
5
3
1
68
3
2
4
28
11
3
4
11
26
4
2
55
3
1
2
37
1
3
1
22
2
1
3
41
4
3
1
41
2
2
2
2
3
1
2
71
2
1
3
33
1
3
2
61
2
2
2
7
2
2
4
15
18
4
4
10
20
4
1
10
6
1
4
8
2
3
4
31
20
4
3
29
13
1
2
4
2
4
2
39
3
1
2
18
2
3
1
1
3
4
3
14
7
1
2
63
1
2
1
2
1
4
1
31
15
2
1
33
4
3
2
8
2
3
2
30
5
2
1
18
3
1
1
30
8
2
2
23
1
3
1
31
1
1
3
2
5
3
1
18
2
1
1
45
2
1
4
22
8
3
1
14
13
3
4
30
8
2
3
36
5
1
1
44
3
2
4
38
4
3
2
26
1
2
4
42
4
1
3
11
10
4
4
44
14
1
4
29
15
4
2
34
1
2
1
35
2
2
2
36
2
2
1
28
1
4
2
34
2
2
4
40
3
1
2
28
2
4
4
17
15
3
