2
42
4
4
4
39
10
3
1
35
4
2
2
38
1
3
3
2
4
1
2
37
3
4
2
44
3
1
1
30
16
1
2
8
3
2
2
10
3
4
4
44
18
2
3
54
2
4
1
15
1
3
3
26
12
1
1
23
1
4
2
63
2
1
1
8
7
4
4
55
5
2
1
16
5
2
3
68
16
1
2
1
2
1
3
15
5
4
1
68
2
3
4
17
10
3
4
66
6
1
1
52
2
4
1
55
1
1
4
17
14
3
1
17
15
1
3
43
2
3
1
2
5
2
3
32
7
2
3
66
3
3
4
54
12
3
4
65
5
4
1
35
2
4
4
41
4
2
2
67
2
2
2
33
1
4
2
32
4
1
3
66
8
3
2
67
1
3
1
67
3
2
2
47
2
1
4
13
4
4
1
9
9
3
2
54
1
4
3
9
15
1
4
5
2
2
2
18
3
1
4
45
9
1
2
54
2
2
1
16
4
4
4
33
8
3
4
65
8
3
1
4
6
3
4
36
10
4
1
38
1
1
1
66
2
4
2
66
2
2
1
10
3
2
1
36
2
4
1
31
8
2
3
60
13
1
3
39
10
1
1
12
12
1
3
5
3
3
2
40
1
3
1
63
1
2
4
7
7
1
1
71
1
1
4
54
6
2
2
11
3
4
3
35
2
2
2
39
3
4
4
35
4
3
1
33
5
2
3
28
14
2
1
34
2
2
2
15
3
2
4
53
6
1
3
37
5
4
3
43
5
4
1
13
8
3
1
1
3
4
4
52
21
1
2
61
3
3
2
39
4
2
3
40
5
1
1
7
9
1
3
44
2
3
3
67
34
4
1
3
8
4
3
30
10
4
2
31
3
2
4
28
5
4
3
27
1
1
3
27
8
3
1
5
2
3
4
43
2
1
2
44
2
2
3
47
8
3
1
60
2
2
3
16
3
3
2
25
1
2
3
17
4
3
1
34
7
2
1
5
1
2
2
4
2
4
3
7
2
2
4
29
12
3
3
65
3
2
3
54
1
2
3
14
5
1
4
1
8
2
2
26
3
4
3
32
8
4
1
39
2
2
4
61
1
4
4
27
8
2
2
34
3
1
4
8
2
4
3
4
19
4
4
31
16
3
3
5
5
3
1
67
1
3
1
53
2
3
2
53
3
1
3
18
25
1
3
31
19
4
4
45
7
1
1
11
12
4
1
71
3
1
1
18
10
2
2
47
3
2
1
10
6
3
1
38
2
4
1
22
1
2
3
37
2
1
2
13
1
2
3
65
17
1
4
18
11
2
4
2
3
3
2
10
2
3
1
32
3
4
3
39
7
3
4
35
3
1
3
44
3
3
1
13
6
2
4
12
6
3
4
27
2
1
1
44
4
4
4
1
5
2
1
23
3
2
2
66
1
4
2
22
2
2
3
35
8
2
3
52
3
3
2
27
1
3
1
65
1
1
3
60
22
4
4
55
12
3
1
27
1
4
4
7
1
4
3
36
12
1
3
10
5
1
2
43
5
1
2
68
3
2
3
6
6
3
4
22
12
3
2
16
2
4
4
14
5
1
2
36
4
4
2
36
1
1
4
18
26
1
4
10
9
1
2
31
5
4
2
41
1
3
1
45
1
4
4
14
21
3
4
44
5
1
3
30
7
1
3
49
7
2
3
47
10
4
4
9
5
3
2
42
3
3
1
30
12
4
3
18
13
2
2
60
3
3
1
22
2
3
3
55
3
2
2
9
2
2
3
38
5
2
2
28
3
3
1
61
1
2
3
13
9
4
2
41
5
4
2
11
1
4
3
33
10
4
1
47
1
3
3
38
3
1
2
7
2
1
1
60
1
4
2
45
1
2
4
11
4
3
3
11
12
4
3
40
4
2
1
3
2
2
2
23
2
2
4
42
4
1
4
2
6
4
3
1
7
1
3
22
9
3
2
6
3
4
4
42
5
3
4
6
14
2
4
5
15
3
1
8
9
4
3
7
1
3
2
40
3
3
2
60
1
4
1
29
2
2
1
37
1
1
3
3
8
1
1
39
1
2
2
2
1
3
4
38
5
3
4
16
12
2
2
29
1
4
1
37
2
1
3
10
7
2
4
47
14
4
4
10
7
4
2
29
2
4
1
7
2
3
1
42
1
2
4
43
11
3
4
28
3
4
4
60
6
2
4
30
8
3
4
53
5
1
1
41
3
1
2
35
1
4
2
18
1
1
4
39
2
1
2
71
1
1
1
2
6
3
3
63
2
3
3
41
2
3
4
26
12
4
1
54
3
4
3
13
2
3
1
41
1
4
2
35
3
3
1
28
3
3
2
14
2
1
1
11
11
2
3
4
8
3
1
26
2
1
4
4
22
2
4
36
8
1
4
13
9
2
1
43
3
2
1
12
4
4
3
53
5
3
3
22
3
4
2
45
3
1
3
23
15
1
2
3
3
3
4
68
7
4
1
54
1
2
3
34
4
1
3
31
5
4
4
34
10
4
1
6
1
3
2
52
3
3
1
18
11
4
4
37
4
1
3
71
2
4
4
52
10
1
4
71
6
4
3
67
18
4
2
25
2
2
3
34
5
3
2
65
2
2
3
71
3
2
3
6
1
4
3
2
12
4
2
61
1
2
2
53
1
4
3
9
7
3
4
68
23
4
3
16
4
4
2
3
2
4
1
9
8
3
2
15
1
4
4
66
3
3
1
68
3
3
1
40
1
4
2
4
1
4
4
67
38
1
1
1
2
1
3
14
7
3
4
33
9
4
2
33
3
4
1
49
2
3
4
63
10
4
3
61
1
1
2
30
5
1
4
15
11
2
2
22
1
4
4
3
11
2
2
30
1
3
1
52
1
2
4
61
10
1
4
25
4
1
2
7
1
3
2
23
3
3
4
3
16
2
4
49
4
3
4
40
6
2
3
45
7
2
4
9
16
1
1
31
3
2
3
49
5
4
2
43
3
2
3
68
6
1
4
15
15
1
3
42
4
2
2
55
1
3
1
53
1
4
2
6
1
4
2
68
4
3
4
11
17
3
3
45
5
2
4
38
3
1
4
60
1
1
4
23
21
1
3
28
16
1
1
25
3
4
1
42
2
1
3
17
10
3
1
65
2
2
4
16
7
3
1
25
1
1
1
14
3
1
1
49
1
3
3
11
13
4
3
3
9
4
3
29
3
4
4
34
7
2
3
25
1
2
1
17
10
1
4
37
3
1
1
36
1
3
4
49
8
1
2
71
3
3
3
12
3
1
1
6
2
1
4
71
5
4
3
61
3
3
1
47
2
1
1
27
3
4
2
65
1
1
4
12
9
3
4
63
3
2
2
26
4
4
2
8
1
4
3
52
11
3
2
49
3
1
4
30
1
2
1
61
2
4
3
25
6
1
4
31
2
1
4
40
5
3
1
4
5
2
2
28
2
1
2
32
1
4
4
4
6
3
2
49
4
3
1
45
2
4
3
23
14
4
3
29
13
2
4
29
5
4
1
32
1
3
3
33
7
2
3
42
3
2
1
43
2
1
2
16
3
3
3
63
11
4
1
26
3
4
3
41
1
3
1
33
1
4
3
26
2
3
3
55
1
3
4
23
16
2
1
14
9
3
1
63
2
4
4
8
4
1
2
55
3
2
1
15
5
1
4
26
11
4
2
13
3
2
3
8
19
2
1
29
3
1
4
32
14
4
1
55
2
1
4
6
16
2
3
12
4
3
2
34
2
3
3
15
7
4
2
9
3
2
2
12
1
3
1
66
3
1
3
36
11
1
3
53
2
3
2
17
3
2
4
67
40
4
2
1
3
2
2
14
3
3
4
22
11
3
2
52
1
1
4
41
1
4
2
38
5
3
3
8
3
2
4
25
9
2
2
5
3
3
1
44
3
1
2
27
2
4
3
1
1
1
2
63
1
1
4
32
13
2
1
28
1
2
2
12
3
4
1
40
3
2
2
17
1
4
2
5
1
3
2
37
1
1
4
47
15
2
2
2
2
1
