1
15
1
4
4
41
2
2
1
2
5
4
2
40
2
4
1
28
1
2
3
54
2
1
1
44
2
1
2
6
3
2
3
66
9
1
3
18
16
3
4
37
7
1
3
1
4
4
2
32
1
3
1
60
2
2
1
12
8
4
1
30
15
3
4
18
16
4
1
28
2
1
2
23
3
4
1
32
1
2
3
5
1
1
1
6
2
4
1
33
4
1
3
16
6
1
1
37
2
4
3
61
8
3
3
17
17
1
4
12
3
1
1
11
7
1
1
47
2
2
3
65
8
4
2
34
2
1
1
4
7
1
4
11
16
4
3
31
30
3
1
55
2
3
1
29
1
2
1
61
2
1
1
71
1
4
4
2
5
4
3
31
15
4
2
22
1
4
3
60
26
3
1
17
15
4
2
7
2
4
1
36
2
1
3
35
7
4
3
11
11
2
3
71
2
4
1
12
3
2
1
13
6
3
3
22
8
1
4
45
6
2
3
23
5
3
2
33
1
1
2
49
2
2
2
38
2
2
4
39
6
4
3
42
4
1
2
43
5
1
3
53
5
2
1
30
12
2
1
40
2
3
2
41
1
2
3
35
2
4
3
3
3
2
3
10
7
3
4
66
4
3
3
6
6
4
4
38
6
2
1
22
2
4
1
34
6
1
2
39
2
4
1
25
3
4
1
34
2
4
4
14
34
4
3
7
4
1
1
26
1
3
3
14
18
2
2
52
7
4
3
41
1
4
2
26
2
2
4
26
2
1
2
63
1
2
4
34
8
2
4
42
4
2
1
54
2
4
3
39
10
2
4
17
24
4
4
60
7
1
3
63
3
2
3
53
8
4
4
55
10
1
1
49
1
4
4
52
6
2
4
7
7
2
1
68
2
4
1
10
3
3
2
15
1
3
1
45
2
4
1
16
6
3
2
13
3
4
4
1
13
3
2
12
2
2
3
13
4
3
3
67
21
2
1
22
3
2
4
15
13
3
3
38
5
4
3
43
4
3
4
5
21
1
3
28
16
1
1
61
3
2
1
1
1
2
4
25
4
3
4
30
7
4
3
8
14
2
3
45
5
3
2
65
1
2
2
5
2
1
3
36
14
4
3
5
3
1
4
68
25
4
1
9
2
4
3
36
1
3
3
8
20
1
3
41
2
3
4
68
22
4
2
17
2
3
2
10
3
4
1
3
9
3
4
33
3
4
4
17
21
4
2
4
2
1
1
53
1
3
3
55
11
3
3
34
9
1
1
33
7
4
3
44
9
2
4
38
5
1
4
40
4
4
4
66
6
1
2
61
1
3
2
10
1
4
4
28
5
3
2
8
2
3
3
54
1
4
2
40
4
4
2
47
4
3
4
3
8
2
1
16
2
4
2
12
1
4
1
47
1
2
2
53
2
4
1
37
1
3
3
65
18
4
4
47
12
2
2
3
2
4
2
11
3
3
1
18
2
4
1
65
2
4
1
71
3
2
4
49
5
3
1
67
1
1
3
61
5
2
4
54
11
1
1
8
6
4
4
2
6
2
1
35
3
3
3
17
6
1
2
34
3
4
4
8
4
3
1
66
1
4
3
4
12
3
4
28
4
4
2
14
2
3
3
26
12
2
4
37
12
3
1
67
3
1
4
13
5
1
1
63
2
1
3
25
3
2
3
7
5
4
4
43
3
4
4
61
7
2
4
22
19
3
4
27
5
2
3
15
1
4
3
33
21
1
4
12
10
2
3
37
12
2
3
9
31
3
3
66
6
3
2
42
1
3
2
15
3
4
2
2
2
4
2
32
3
2
3
68
9
4
2
36
3
1
3
60
24
2
4
4
2
1
1
14
20
1
1
40
1
4
2
49
1
1
2
66
1
1
4
55
2
1
4
60
8
4
4
9
32
2
1
31
10
2
3
33
3
4
2
67
2
1
4
10
11
2
4
31
19
4
2
65
3
2
3
27
5
2
2
27
2
4
1
41
3
3
2
47
3
2
4
25
5
4
2
27
3
2
4
47
13
2
4
13
2
1
4
34
5
3
1
60
1
3
3
45
4
3
2
37
2
2
1
5
2
1
1
65
1
3
4
41
1
3
1
9
3
2
3
43
1
4
3
47
7
4
4
36
6
2
2
63
3
4
3
23
10
2
3
26
8
3
4
31
15
1
4
33
10
1
1
52
2
2
2
11
1
2
2
30
3
3
2
61
2
3
3
40
5
3
2
22
2
3
3
3
7
2
4
29
1
3
2
28
2
2
4
54
12
3
1
42
1
2
4
4
14
4
2
42
4
3
3
4
3
2
3
15
9
4
2
31
1
3
1
54
1
1
1
49
2
1
2
35
2
2
3
68
5
1
2
37
1
1
2
9
1
4
2
29
3
1
3
44
2
4
2
1
1
4
4
32
11
2
3
16
7
4
4
61
4
2
3
49
1
2
4
15
6
4
4
45
2
1
3
49
7
2
2
39
3
3
2
17
3
4
4
43
12
4
1
53
2
1
4
6
23
3
3
32
2
1
3
42
2
3
4
1
3
1
2
3
3
4
4
23
11
4
3
10
23
4
3
2
7
4
3
25
9
1
4
71
5
1
2
16
1
1
1
23
2
4
1
1
3
4
1
15
2
4
4
67
30
1
3
1
9
1
3
30
21
2
1
43
2
2
4
11
31
4
3
11
21
4
2
8
1
3
3
67
4
3
3
18
25
2
3
29
1
1
1
23
3
4
4
63
2
4
3
6
2
4
4
27
11
3
2
52
5
3
3
38
3
3
3
52
13
2
3
12
1
2
1
4
6
1
4
49
1
2
3
13
2
4
4
10
19
3
4
52
19
3
1
6
1
2
1
66
2
2
1
41
2
3
4
30
6
4
2
67
1
3
1
45
1
2
4
22
9
2
4
8
10
1
1
18
1
2
3
30
28
1
1
17
6
2
1
26
2
3
4
67
38
4
1
36
3
3
4
35
4
2
3
14
14
3
4
7
4
1
4
53
7
2
4
35
2
1
2
14
3
1
1
10
8
3
2
26
4
4
2
41
2
1
1
68
3
4
4
36
11
3
3
22
1
2
4
53
15
4
2
9
2
1
1
7
1
1
2
44
3
2
3
71
4
4
4
5
20
3
4
32
8
2
1
32
6
1
2
60
4
3
1
35
1
2
2
45
4
3
2
43
4
3
2
16
3
3
1
13
4
1
1
25
2
4
1
44
4
3
4
23
22
2
2
54
2
1
2
55
2
3
1
29
2
3
3
2
1
1
1
27
1
3
2
71
1
3
3
34
1
1
2
35
3
4
2
36
5
2
4
14
8
4
1
2
3
1
1
38
2
2
4
6
13
3
4
63
3
4
4
65
5
1
2
28
3
1
3
37
10
4
4
16
5
3
4
44
15
4
4
71
2
3
3
27
11
2
2
4
1
4
4
44
19
3
4
42
5
3
1
38
3
2
1
42
2
1
3
39
2
4
4
26
8
2
2
71
3
1
2
33
2
1
2
68
3
3
2
54
1
3
1
63
1
1
2
2
3
3
1
43
3
3
4
18
18
1
1
8
16
4
2
29
2
1
2
68
2
2
3
29
11
2
2
60
3
3
2
45
3
3
4
39
4
3
1
3
6
3
2
6
1
2
2
25
3
3
1
7
2
1
4
3
15
3
1
11
8
3
2
23
2
2
3
40
4
1
1
39
3
3
1
55
1
4
1
31
3
1
1
52
3
4
3
52
7
1
3
9
10
4
3
32
5
1
1
5
1
4
2
13
2
1
2
1
3
1
1
39
2
3
1
27
3
3
2
18
2
1
2
66
2
1
2
38
3
3
2
25
1
3
4
16
7
3
2
18
3
2
3
63
2
4
4
29
2
4
2
30
1
2
4
40
3
2
3
55
15
3
2
44
4
4
3
28
5
1
1
14
10
1
2
53
1
1
2
7
3
2
2
31
2
3
2
5
1
1
4
9
6
3
3
12
3
1
4
65
6
2
2
55
3
4
3
47
9
4
