3
60
22
1
1
23
2
3
2
60
2
3
2
37
1
2
3
13
3
2
3
67
34
1
2
31
2
3
4
14
7
1
2
5
3
1
1
43
3
2
4
33
6
3
2
25
2
2
4
10
4
2
3
47
8
4
2
14
3
4
3
18
21
1
4
71
2
2
3
41
3
3
3
39
10
2
3
52
18
2
1
4
7
3
2
30
1
3
4
30
8
3
1
34
9
3
4
40
7
2
1
68
3
1
3
15
14
2
2
47
1
4
2
41
3
2
1
5
1
2
2
52
7
1
2
63
1
1
4
53
12
3
4
55
3
2
3
71
4
1
3
5
3
1
3
8
5
1
4
12
8
1
4
35
1
2
1
1
3
3
3
55
7
2
3
63
13
1
2
67
1
3
3
49
5
2
2
60
4
1
4
67
9
1
3
9
4
2
3
32
6
3
3
17
16
1
1
36
3
3
2
68
1
3
3
71
2
4
4
25
2
1
2
12
1
3
4
45
14
4
4
37
6
4
4
43
1
3
3
41
1
4
4
29
12
2
1
31
2
4
2
53
2
3
2
10
1
2
4
52
10
3
2
47
4
3
1
67
1
3
1
3
6
2
2
66
2
1
3
35
6
4
1
66
3
2
2
11
1
3
3
37
2
4
3
3
3
3
3
33
7
4
1
37
1
4
1
30
19
2
3
9
19
4
2
10
3
3
2
1
2
1
4
40
8
3
3
5
2
4
4
1
12
3
1
45
2
3
1
27
1
3
4
54
8
3
1
49
2
1
3
65
4
2
2
11
2
4
1
11
6
1
2
9
1
1
4
31
15
3
3
29
9
2
2
6
1
3
3
17
10
4
4
17
21
1
2
15
1
3
1
22
3
4
2
37
2
4
1
26
2
2
3
61
1
4
1
5
2
3
1
6
2
3
1
33
6
4
4
38
4
1
3
66
7
1
3
35
1
2
3
6
4
3
2
34
2
3
1
25
3
3
4
42
1
1
4
52
19
2
4
44
2
1
3
15
7
3
1
55
1
4
2
43
2
2
3
31
6
1
3
32
8
2
1
42
2
1
1
61
1
2
1
33
3
4
3
42
3
1
1
60
2
3
2
29
2
1
2
18
3
3
4
2
8
1
4
60
3
4
2
49
1
1
4
11
5
2
3
16
5
4
1
15
4
1
3
30
4
4
3
22
11
4
4
23
5
2
2
4
1
1
2
17
1
1
4
10
17
2
2
6
3
3
4
45
6
2
1
39
2
3
1
2
4
1
3
12
3
4
1
28
1
1
3
26
5
2
3
40
5
2
2
42
2
4
2
8
3
3
1
52
3
4
1
9
2
4
4
42
2
3
2
54
1
1
2
54
2
1
4
32
9
2
3
12
6
1
3
28
3
2
2
13
2
2
1
3
3
3
1
7
11
1
4
8
12
4
2
68
4
3
2
32
1
1
4
35
2
4
1
68
1
4
4
47
1
4
3
10
1
2
1
4
5
4
4
8
7
4
2
5
1
3
4
34
14
4
3
2
5
2
3
27
13
4
2
34
3
2
4
43
8
1
4
13
9
1
3
18
1
2
1
10
6
1
3
16
4
4
4
6
30
3
4
29
15
4
2
66
1
2
1
39
1
4
4
5
23
3
1
14
17
1
3
23
9
4
1
52
1
1
1
38
2
2
4
16
10
3
1
14
18
2
2
36
2
3
2
1
1
2
3
44
7
4
2
27
1
3
4
18
7
1
3
60
28
3
4
37
7
3
1
53
1
2
2
42
1
4
1
10
4
3
4
27
3
2
4
61
8
2
1
35
3
2
1
25
1
2
2
61
1
3
4
28
13
3
3
1
10
1
3
36
10
3
4
54
2
1
2
27
3
3
1
63
1
3
4
22
5
2
3
53
1
2
2
16
1
2
1
34
11
3
4
4
27
1
3
7
2
4
3
23
7
2
4
47
9
1
2
26
2
3
1
43
1
1
3
38
12
3
4
3
15
1
2
71
1
1
3
43
4
4
2
22
1
1
2
2
3
3
3
42
4
1
1
65
1
4
4
31
17
3
4
49
6
1
1
31
14
1
4
14
28
4
4
65
12
3
2
45
3
4
4
2
12
2
3
34
10
2
1
32
4
3
3
55
14
2
2
30
3
4
2
71
3
2
3
30
17
4
4
15
15
2
3
13
7
4
4
44
7
3
2
26
3
3
1
6
1
3
4
27
9
3
1
71
2
3
1
67
2
1
4
63
5
1
2
8
2
1
1
18
11
1
3
14
3
3
1
41
1
1
4
30
4
4
2
4
3
3
3
61
10
1
3
11
24
3
2
25
1
2
4
15
4
4
3
34
3
2
1
1
2
2
3
47
6
3
1
29
2
2
1
13
3
1
3
25
4
1
4
26
7
4
3
4
9
1
2
23
3
1
2
43
3
4
2
29
1
2
4
36
15
4
4
60
9
4
2
65
1
2
1
38
1
3
4
68
12
3
1
11
5
2
2
44
3
4
2
33
1
4
1
18
5
1
4
34
7
2
2
18
4
3
3
6
5
4
4
39
3
1
1
54
1
4
4
9
15
2
4
28
4
3
1
47
2
4
3
68
15
3
3
8
6
2
4
22
8
1
1
16
7
2
2
49
3
3
2
14
1
1
4
1
8
1
1
15
3
1
2
31
5
3
1
17
1
2
1
30
21
1
2
38
3
4
1
41
3
1
2
65
4
3
3
45
4
1
2
12
3
4
4
67
4
4
4
68
18
3
2
55
1
4
3
22
1
4
2
39
2
4
1
65
2
2
2
33
3
1
2
3
2
2
3
33
24
2
1
55
2
2
3
39
4
1
4
61
10
3
4
3
9
2
3
2
7
4
2
32
3
1
4
65
1
1
3
10
8
2
1
60
1
1
3
3
6
1
2
55
2
4
3
54
1
4
3
43
2
2
1
28
2
2
1
47
1
1
4
4
15
2
3
44
6
3
3
29
3
1
4
7
5
3
2
2
1
3
2
28
1
4
4
23
10
4
1
53
2
2
2
16
2
4
2
40
4
1
4
71
6
1
2
9
2
3
4
66
4
4
3
25
9
2
3
63
7
2
4
32
8
3
1
66
2
1
1
26
3
1
2
61
3
4
4
63
10
4
3
66
5
2
1
71
1
3
3
27
8
2
4
55
12
4
2
15
3
3
2
45
1
1
1
63
2
1
2
28
3
3
1
44
1
3
1
8
14
3
1
13
9
1
1
54
3
3
1
2
7
2
4
41
1
4
2
13
3
3
3
1
6
3
2
17
2
2
2
7
3
2
3
28
16
3
1
42
1
3
1
45
1
1
4
49
2
2
1
44
4
3
2
22
2
4
3
7
5
3
4
36
2
2
2
38
5
4
4
9
9
3
3
36
7
1
2
36
4
2
4
18
19
2
1
37
2
4
4
41
3
1
1
29
3
2
1
35
4
2
3
40
6
4
1
36
2
3
1
22
1
3
1
9
4
2
4
39
7
3
1
12
9
3
4
13
4
1
2
3
3
1
4
66
6
2
2
7
2
3
3
45
1
1
4
12
5
2
1
61
3
4
3
53
6
2
4
16
11
4
4
7
3
1
4
25
5
4
4
53
11
1
4
11
28
1
4
6
23
3
4
5
26
4
3
37
10
4
2
39
4
1
4
26
9
1
2
35
2
4
1
27
3
2
3
11
9
4
1
7
8
3
1
23
1
3
1
32
6
1
2
63
2
4
2
35
3
2
1
40
3
3
2
41
1
4
1
12
15
2
2
53
1
1
3
68
12
1
1
49
1
4
2
67
2
1
3
49
8
3
3
54
2
2
3
67
36
4
3
31
13
4
2
23
2
4
2
44
4
1
3
38
4
3
3
65
14
4
4
38
3
1
1
8
13
3
3
26
11
1
3
4
19
2
1
17
11
4
2
40
3
2
3
52
9
4
2
52
4
2
4
33
3
2
1
40
2
4
3
14
14
4
4
17
6
2
1
16
4
4
