2
26
3
2
3
11
4
2
3
7
2
1
2
65
2
3
3
61
10
1
2
47
4
1
3
65
2
2
1
38
1
3
1
30
1
1
1
44
1
1
3
63
8
4
3
5
4
4
3
28
2
3
4
49
3
3
1
31
9
2
3
27
8
1
4
54
9
1
2
38
4
3
1
35
3
4
1
60
1
4
4
26
3
2
4
66
5
1
1
29
1
1
2
29
1
2
3
43
7
2
3
6
2
2
1
49
2
4
2
9
3
2
1
66
1
3
4
12
2
3
1
37
2
1
2
35
3
4
3
54
2
3
2
6
2
4
3
28
16
1
1
17
7
2
2
44
5
2
4
3
22
1
4
27
7
4
2
27
2
2
1
5
2
4
3
7
3
1
1
41
3
4
4
16
9
2
1
49
1
1
4
68
5
2
4
39
4
2
2
54
2
1
4
16
12
1
4
12
7
1
2
53
1
4
2
35
1
4
1
53
1
3
4
28
8
1
3
15
9
2
2
31
5
1
3
33
16
1
4
18
2
1
2
30
4
3
4
34
11
3
1
1
1
4
2
67
1
1
4
14
30
1
2
71
1
3
1
33
2
3
3
53
6
2
1
2
7
3
2
12
2
4
4
32
6
1
4
17
19
2
1
52
2
4
4
43
9
2
2
44
2
1
3
67
25
3
2
23
3
4
3
47
8
1
1
13
1
2
1
60
2
3
3
42
2
2
3
26
8
1
3
4
16
1
1
47
3
4
3
38
12
4
3
6
4
4
4
60
4
2
1
44
3
1
2
1
2
2
3
12
5
3
2
52
4
2
3
63
10
1
4
37
2
4
2
10
1
4
2
34
2
1
2
33
1
4
3
53
2
3
2
13
2
2
2
18
2
1
1
63
2
1
4
3
19
2
1
7
9
3
2
23
1
3
2
3
1
1
1
54
3
4
2
7
1
2
4
2
9
4
2
4
1
3
3
41
3
2
2
8
1
1
2
27
1
1
3
71
2
2
4
18
8
4
4
63
8
2
4
43
1
4
4
67
38
3
4
40
1
4
1
27
3
3
1
53
2
4
3
17
4
4
1
61
3
2
3
39
8
1
1
28
2
1
4
33
8
2
1
18
7
4
2
45
3
1
3
26
10
3
2
39
4
2
4
25
1
3
1
68
3
3
4
7
5
3
4
10
19
2
4
11
17
3
1
25
2
3
3
45
3
2
4
15
11
1
1
27
2
3
1
31
6
4
1
40
3
4
3
13
6
2
3
61
11
2
4
1
10
1
2
71
3
2
1
32
2
3
3
34
3
3
1
66
3
3
3
16
1
4
2
36
1
3
3
1
1
2
3
52
18
2
2
17
2
3
4
22
3
3
2
66
1
3
1
67
1
2
4
10
33
3
4
67
27
1
3
30
8
3
2
6
3
2
1
6
1
4
1
14
7
4
4
23
11
4
4
55
11
3
2
63
2
4
3
23
13
1
1
26
2
2
1
34
7
3
4
17
10
2
2
61
2
3
2
45
4
2
2
68
3
4
3
43
6
2
2
40
1
1
1
3
2
3
2
43
3
4
1
67
3
2
3
55
13
2
3
39
4
3
2
63
3
1
3
30
14
1
1
40
1
1
4
13
9
2
4
11
9
1
4
47
14
1
2
65
3
2
2
53
2
3
2
8
3
2
2
29
3
2
4
31
10
4
3
22
1
4
2
28
2
3
2
68
2
1
3
22
3
1
4
7
4
2
2
61
1
1
3
44
4
3
1
16
2
4
4
41
1
1
2
3
2
4
3
42
4
2
3
60
31
2
1
15
2
1
2
11
2
2
3
25
6
2
4
1
1
3
2
13
3
2
2
26
4
2
4
52
13
4
2
17
3
1
4
38
2
2
3
32
7
3
2
54
1
1
4
28
2
1
3
49
5
3
2
28
3
4
3
37
11
4
2
41
5
3
4
53
4
2
4
30
1
3
1
29
3
3
2
37
3
2
1
45
2
3
3
9
30
1
3
18
23
3
3
29
9
1
3
10
1
1
3
47
6
2
3
40
4
4
4
14
29
2
1
61
1
3
1
2
6
1
3
2
8
2
4
68
24
4
1
22
2
3
4
9
12
2
1
39
1
3
2
10
2
3
1
42
1
2
3
10
25
1
3
27
11
2
3
54
1
3
3
14
12
3
3
5
5
2
1
23
2
4
3
38
11
4
4
71
6
2
3
16
2
3
3
68
16
3
2
5
2
4
1
4
2
3
4
22
11
3
4
65
3
2
4
36
10
4
4
23
22
1
4
41
4
1
2
32
1
2
4
61
6
2
4
66
6
4
1
43
3
1
3
67
35
4
4
45
13
1
4
63
11
1
1
54
1
1
1
10
4
4
1
11
6
2
1
12
6
3
4
44
5
4
3
40
2
4
1
22
1
1
3
1
5
1
3
2
10
2
3
35
6
4
1
34
3
2
2
60
4
3
1
28
1
4
4
40
8
1
4
29
4
4
1
30
10
2
2
7
3
3
1
39
4
2
3
3
2
2
1
14
21
2
4
42
4
1
1
9
8
2
3
66
6
4
1
42
2
2
1
17
13
4
4
65
2
1
4
36
4
1
1
10
5
4
2
33
2
1
4
25
3
2
2
42
2
3
4
6
22
1
1
18
13
1
1
41
1
4
4
52
21
4
2
9
2
4
1
36
3
1
1
15
4
2
1
71
1
2
4
8
12
2
2
16
1
4
1
38
2
4
2
11
3
2
3
68
8
1
2
40
4
1
2
2
2
4
2
42
4
2
4
4
27
1
2
52
6
2
1
11
5
3
2
34
1
1
2
12
1
2
4
37
1
3
3
4
24
2
1
43
1
2
1
8
3
3
4
26
11
2
3
17
6
3
3
71
4
2
3
13
8
2
3
36
14
4
4
44
11
4
3
37
6
3
1
6
2
1
2
16
3
2
1
35
1
1
4
29
10
3
3
15
4
2
3
49
2
4
1
36
1
3
3
52
9
3
4
53
14
3
4
38
4
2
2
5
3
4
1
12
8
2
2
1
3
3
2
15
2
4
2
22
1
2
3
31
7
2
1
13
6
2
4
45
12
4
2
14
1
3
3
60
4
3
2
4
3
2
2
39
2
3
3
45
2
4
2
22
2
2
3
25
1
1
3
66
7
1
1
52
3
1
3
41
2
2
2
49
2
2
1
23
1
2
2
32
3
3
4
15
24
2
1
1
2
4
1
37
1
4
2
25
1
4
3
23
19
1
3
9
18
4
1
25
1
2
1
55
2
3
2
55
1
4
1
71
3
2
2
43
5
4
4
9
23
4
1
4
8
2
1
8
4
2
1
26
3
2
3
65
17
3
4
4
14
2
1
68
2
4
3
14
2
1
2
18
4
4
4
6
4
1
3
33
15
1
3
36
3
4
4
2
5
3
2
30
3
1
3
31
3
2
4
42
2
1
1
7
3
2
4
34
14
1
3
32
12
2
4
47
10
3
4
8
6
4
1
3
4
3
1
47
2
4
3
18
11
2
2
55
2
2
3
12
2
3
4
35
5
3
1
65
1
3
2
47
1
3
2
31
4
2
4
32
14
3
3
34
5
2
1
45
1
3
3
8
8
4
1
55
1
1
3
55
16
4
3
29
4
4
1
32
5
3
4
71
3
1
4
5
1
1
4
27
3
3
4
33
11
4
3
3
8
1
4
13
3
2
2
49
1
4
2
37
1
4
1
16
3
3
1
63
1
3
2
2
1
4
2
14
2
4
2
60
3
3
3
11
13
3
4
30
2
2
4
55
5
1
3
44
5
2
2
15
1
2
4
54
11
2
4
35
2
1
4
5
21
3
1
9
5
1
1
33
3
4
3
8
6
3
4
39
8
2
1
65
2
2
2
25
3
4
4
60
2
3
3
35
3
1
1
5
1
3
2
38
3
4
2
36
2
4
4
31
1
3
4
49
4
2
2
41
2
3
4
61
8
1
2
66
3
4
2
67
2
3
