2
32
2
1
4
4
14
4
1
47
2
1
3
41
4
1
4
53
2
2
2
60
3
3
1
49
1
4
4
44
16
1
4
36
12
1
4
13
15
1
4
23
2
2
2
17
1
4
2
8
1
4
1
3
3
3
3
44
1
3
1
8
13
2
3
53
6
4
3
15
17
4
3
17
3
3
1
28
2
3
4
54
10
3
1
47
1
3
2
42
3
1
4
28
5
1
1
65
1
1
2
33
3
3
2
22
1
4
2
2
2
3
2
54
2
2
3
25
8
4
2
6
1
2
3
52
18
2
4
10
3
4
2
52
6
2
2
44
3
3
2
5
1
1
3
42
2
1
1
32
7
2
2
63
1
2
1
10
6
2
3
30
7
3
3
22
9
1
2
65
3
4
3
40
3
4
4
43
9
4
3
68
7
4
4
41
3
2
2
41
3
3
2
12
2
1
4
11
4
3
4
55
7
1
2
16
1
2
4
32
13
1
1
16
2
1
2
18
3
2
3
71
3
1
4
15
18
1
2
39
4
4
2
18
4
4
3
26
4
4
3
65
12
4
3
45
7
2
4
67
10
3
1
38
1
4
1
8
14
3
4
14
21
1
4
34
2
3
4
26
10
3
4
23
22
1
3
28
1
1
4
65
15
3
3
43
8
1
1
5
2
2
2
28
3
4
3
33
1
1
3
47
5
2
2
53
3
2
2
36
5
2
3
37
8
3
2
29
1
4
3
27
2
4
2
30
2
3
4
35
5
2
1
40
3
2
2
27
1
3
1
23
3
4
2
1
1
2
3
28
13
1
1
9
3
2
1
30
21
2
4
18
21
4
2
27
3
3
3
14
5
4
1
6
2
2
2
45
3
1
4
65
6
3
4
29
8
4
2
60
1
4
2
7
2
1
3
10
12
1
4
60
3
2
3
32
8
1
2
14
3
1
2
68
2
1
2
3
2
2
1
18
15
4
3
16
8
3
1
53
2
2
4
68
23
4
4
42
3
3
3
8
14
1
4
25
3
2
3
4
8
1
4
33
10
1
2
10
1
2
2
45
2
4
1
45
2
2
2
26
3
1
1
54
2
4
1
2
3
4
2
65
2
1
1
32
3
3
2
38
3
3
4
45
5
3
2
47
4
2
4
68
18
1
4
49
3
4
2
30
4
3
4
9
9
3
3
1
2
2
3
41
3
4
3
6
6
1
1
52
2
2
4
41
1
3
2
3
1
4
2
13
1
4
1
28
1
3
4
52
16
3
3
7
4
3
3
71
2
2
3
67
6
3
3
54
1
2
2
34
1
4
4
30
4
3
1
38
2
1
3
52
11
2
3
36
4
3
3
2
6
2
3
18
10
3
1
29
2
2
2
31
3
4
2
31
4
2
4
25
9
1
3
39
10
2
4
33
8
2
3
31
12
3
1
45
1
2
4
10
23
3
1
5
1
4
1
17
4
2
3
35
7
4
3
36
11
1
4
17
20
2
2
40
3
4
2
7
1
2
3
18
11
2
3
40
2
4
2
61
2
1
4
32
5
3
3
35
5
4
3
29
18
3
1
34
2
1
4
6
14
3
4
12
9
3
4
38
1
1
1
63
1
3
2
42
2
2
1
34
7
3
4
66
6
1
3
54
2
1
3
3
3
3
2
28
2
3
1
60
2
2
3
44
4
4
2
9
3
3
4
4
16
4
4
2
13
3
2
54
1
3
4
67
30
4
3
63
5
2
3
34
2
4
1
13
8
2
1
16
5
2
1
49
2
3
3
49
1
3
3
25
7
3
1
14
22
4
4
39
1
1
2
35
2
2
3
16
6
3
4
27
12
3
1
12
3
1
1
25
3
3
4
3
3
1
1
39
4
4
2
22
2
4
4
49
7
4
2
14
2
4
1
14
14
3
1
66
2
4
3
43
3
1
2
44
5
1
4
26
11
4
1
9
7
1
2
67
2
1
1
29
3
1
1
22
3
2
2
15
2
3
1
25
2
2
2
4
2
3
1
41
2
4
1
33
4
3
2
35
3
1
4
54
11
3
3
65
9
1
2
9
2
2
1
17
15
2
1
15
4
3
3
60
20
4
3
11
7
2
1
35
2
3
4
1
6
4
4
47
2
4
2
49
1
3
2
4
1
1
2
12
1
3
4
27
7
4
4
31
26
2
1
27
2
3
1
66
3
4
1
18
13
2
3
7
2
1
1
30
7
4
4
71
6
2
3
11
5
2
1
31
13
1
3
66
8
3
2
16
3
1
3
61
2
2
4
39
4
1
1
31
8
1
4
7
3
1
2
66
1
4
1
65
2
1
2
53
1
4
3
55
11
3
1
61
1
4
1
23
1
3
3
31
1
4
1
55
1
3
4
40
4
4
4
16
7
3
2
6
3
2
2
1
3
2
3
4
23
4
1
4
3
1
4
34
4
3
3
22
2
1
3
60
26
3
3
38
5
2
3
8
2
1
1
11
11
3
1
4
4
2
1
6
1
4
1
40
2
1
1
63
2
1
4
2
8
1
3
12
4
3
1
11
10
2
1
37
2
2
2
39
2
3
1
1
3
2
2
17
3
4
4
31
14
4
1
42
1
1
2
11
3
1
1
3
6
2
3
55
5
1
4
7
5
3
4
44
19
1
2
49
3
4
1
52
3
1
1
7
6
4
3
42
3
4
1
7
3
1
4
8
17
1
1
35
3
3
1
2
7
2
3
23
3
2
4
28
6
2
4
1
9
2
4
53
10
4
1
10
5
2
4
66
4
4
2
34
3
4
2
47
3
4
3
13
9
3
4
14
28
4
1
33
7
2
2
68
4
4
4
63
5
4
1
37
1
4
3
27
14
1
4
47
9
4
2
37
4
2
4
13
10
3
4
22
12
4
2
41
4
1
4
30
1
1
1
71
1
3
3
67
25
2
1
43
2
4
1
15
5
2
4
71
4
4
1
22
2
1
4
5
26
3
2
71
3
4
2
25
3
2
2
29
2
3
3
13
5
1
2
11
1
1
4
5
11
3
2
66
2
2
2
23
2
1
4
9
2
1
2
67
1
3
4
38
4
4
2
71
2
3
4
8
1
2
1
43
3
3
1
26
1
2
2
38
5
3
3
9
5
4
1
36
2
2
2
55
2
4
2
15
3
2
2
25
1
1
4
12
6
4
2
2
3
2
1
12
14
2
1
44
1
4
3
38
7
4
2
43
2
4
2
23
3
1
2
40
1
3
4
37
11
1
3
66
1
2
4
45
4
1
2
33
1
2
3
3
2
3
4
61
4
4
4
35
3
4
1
53
1
4
3
29
12
3
1
39
3
3
4
52
12
1
3
32
5
3
1
27
3
4
4
3
19
3
1
54
1
3
3
15
9
2
3
30
27
3
3
26
8
1
4
15
25
3
2
36
4
3
4
60
7
1
3
34
4
4
4
11
15
1
2
5
3
1
1
13
9
4
3
45
4
1
1
68
1
4
1
36
1
4
3
6
4
1
2
61
1
2
4
36
10
2
4
22
4
1
3
17
2
1
3
39
1
2
1
67
2
2
4
37
10
3
2
55
3
3
3
53
7
4
3
33
19
3
2
37
3
4
1
44
4
1
3
1
5
3
4
16
10
1
3
2
5
3
4
17
19
2
3
61
3
1
3
10
4
1
3
37
5
3
4
63
11
4
1
55
2
4
1
71
2
2
3
5
3
1
2
32
1
4
2
8
2
2
2
43
1
2
3
63
13
2
4
61
7
1
3
47
1
3
1
67
3
3
2
26
2
1
3
12
2
4
1
61
2
3
3
49
8
4
3
14
2
3
4
42
1
4
2
10
2
3
1
41
3
1
2
63
2
4
4
6
8
3
4
43
4
4
4
55
4
2
1
42
2
3
3
5
5
1
4
29
4
1
4
40
2
2
2
13
3
2
1
60
1
3
3
68
2
2
1
26
3
3
2
52
2
1
1
1
1
1
1
68
3
1
3
23
11
2
3
9
1
4
4
18
1
2
