2
1
3
2
3
29
11
4
4
44
15
3
3
42
4
1
3
45
5
1
2
3
2
4
2
37
3
3
3
31
30
1
1
23
3
1
4
13
10
1
4
71
2
3
1
68
3
1
1
18
8
3
1
26
1
4
2
33
3
4
2
10
1
1
1
3
7
2
4
6
10
2
3
55
14
1
4
34
11
1
3
12
4
2
3
23
8
2
3
40
4
2
4
66
4
3
1
55
2
3
3
16
1
2
1
36
3
3
4
37
13
2
3
27
13
3
2
52
3
3
4
43
3
3
4
23
10
2
2
2
2
3
2
11
2
3
4
11
15
1
2
40
2
2
3
54
2
4
1
53
2
3
4
27
8
1
3
10
6
4
4
4
14
4
1
17
16
3
2
5
3
2
1
2
4
3
1
71
1
4
4
3
3
3
2
23
3
3
3
36
13
3
3
8
12
3
2
22
3
3
3
68
7
2
4
17
9
1
2
34
3
1
1
63
1
3
1
45
1
2
3
38
1
3
1
61
2
1
3
17
10
2
4
41
1
3
1
17
12
1
1
5
2
4
4
66
1
3
2
27
2
1
4
22
19
1
2
52
6
1
1
4
7
2
1
39
2
1
3
49
2
1
3
37
9
3
3
33
16
3
1
14
9
2
4
15
1
2
2
9
3
1
1
43
3
4
2
13
2
1
3
22
2
2
2
67
2
1
2
41
5
4
2
32
2
1
3
7
3
1
2
14
2
1
2
67
1
3
3
71
5
1
1
40
3
1
1
11
7
3
2
54
1
3
1
40
1
3
1
44
1
3
4
47
4
3
3
3
9
3
2
14
1
2
3
32
2
3
2
31
1
1
2
31
2
3
1
6
1
4
4
17
16
2
4
7
4
3
3
13
9
1
4
45
9
4
1
11
9
4
2
11
3
4
2
49
3
1
4
15
24
4
2
30
3
3
4
71
3
3
4
31
27
2
1
36
1
3
3
42
3
2
3
6
2
2
3
5
3
4
4
42
2
1
3
1
5
3
3
68
10
4
3
40
3
2
1
47
3
1
3
47
2
1
1
2
6
3
1
31
16
3
1
8
3
4
2
7
1
3
4
65
14
3
4
7
6
1
4
30
1
4
2
3
3
2
1
23
2
2
1
42
2
4
2
71
2
4
3
4
19
1
4
52
8
2
4
11
31
3
3
33
12
4
2
23
2
1
4
25
9
3
1
32
1
2
2
15
3
3
3
67
35
1
1
38
3
1
3
12
2
1
3
41
4
1
4
5
12
2
1
10
1
1
2
36
5
4
1
52
1
4
1
65
1
4
4
12
8
1
2
17
2
1
2
2
1
4
4
44
16
3
2
47
3
4
3
26
9
2
3
52
13
4
1
38
1
3
2
60
4
1
2
32
4
1
2
43
4
3
4
32
14
1
3
67
15
4
3
25
9
4
3
1
8
2
4
29
2
2
3
32
3
2
2
43
3
3
3
26
7
2
4
36
14
4
3
35
6
1
4
32
12
1
1
14
6
2
1
3
2
4
2
17
3
4
2
13
3
1
2
44
4
4
3
36
10
3
1
52
3
4
1
15
5
4
3
2
9
4
3
10
11
3
3
30
13
4
1
63
2
1
1
35
2
3
2
66
1
3
4
54
4
1
2
28
3
1
1
1
2
3
4
13
12
2
1
26
3
3
1
30
7
1
1
1
3
4
1
9
1
3
4
33
8
2
3
71
3
3
2
16
3
1
2
41
1
2
1
68
1
1
4
55
10
2
4
43
8
2
3
9
22
4
4
61
1
2
3
14
12
4
1
54
3
1
2
37
4
1
1
43
1
2
1
28
3
1
1
49
2
1
3
34
5
2
2
66
3
3
1
33
4
4
1
67
3
2
2
26
3
4
3
28
3
2
2
4
3
4
3
18
18
1
4
38
2
4
4
28
12
2
3
35
8
3
4
67
39
3
4
41
4
4
3
63
4
3
4
53
13
1
2
34
1
3
3
29
14
1
1
7
3
4
4
34
13
1
3
43
2
4
4
2
3
2
4
10
32
2
3
47
1
1
4
8
3
1
1
66
1
1
2
65
2
3
3
37
12
4
1
16
6
4
3
38
6
3
3
2
5
2
3
16
8
1
1
37
1
1
2
42
3
4
3
6
3
2
4
4
1
2
1
33
1
3
4
63
6
3
2
65
3
2
1
29
1
1
3
65
17
3
4
68
25
3
4
38
3
2
4
67
10
1
2
25
3
2
4
28
3
3
2
6
1
1
2
7
2
1
2
18
2
2
2
9
2
1
4
49
7
3
2
25
1
1
3
41
1
1
3
60
14
4
3
39
1
4
1
5
1
3
1
6
2
1
2
39
1
2
1
8
15
2
4
60
4
4
2
6
2
1
4
35
1
4
2
44
3
4
4
60
6
2
4
40
8
2
2
45
2
3
1
16
1
1
2
30
1
1
4
14
33
1
2
63
2
4
4
31
21
3
2
47
1
2
4
53
15
4
4
9
22
4
1
67
2
2
3
31
8
3
4
40
3
4
1
12
17
2
3
9
6
3
3
63
12
2
2
55
3
3
2
54
2
2
1
25
1
4
3
52
10
1
2
18
1
3
2
12
2
1
2
71
3
3
4
55
7
1
1
25
3
4
3
65
9
4
2
22
1
3
1
47
2
2
1
34
9
1
4
14
8
3
1
10
2
3
1
27
2
3
3
61
8
1
3
34
4
3
3
61
11
4
4
6
6
2
1
28
1
4
3
30
9
4
3
66
8
3
2
35
3
3
4
23
4
2
4
26
6
3
2
1
2
2
4
54
3
4
3
28
7
4
4
35
2
1
4
39
7
4
2
68
1
4
1
18
5
1
1
31
17
2
3
22
1
4
4
5
11
1
1
45
2
4
2
55
2
4
3
45
3
4
4
1
3
4
2
38
2
3
4
37
4
2
2
53
1
3
4
18
23
4
4
2
11
3
2
5
1
3
2
45
3
1
1
60
2
2
4
65
11
3
3
5
2
4
2
61
3
1
3
13
2
2
3
7
1
4
1
7
9
4
4
22
14
2
1
34
2
3
3
43
1
2
4
39
6
3
1
49
1
4
3
60
10
2
4
61
10
4
1
27
3
1
3
23
15
1
3
44
9
2
1
60
1
2
4
25
5
4
1
55
1
3
4
18
18
3
2
49
1
3
1
66
3
1
3
53
6
4
3
14
17
2
3
15
3
3
2
8
2
2
3
54
1
3
3
17
3
4
3
53
8
1
2
68
3
1
4
3
5
1
1
32
2
2
1
37
2
4
1
65
2
1
2
4
2
3
2
15
1
3
2
53
2
1
2
61
2
3
4
9
21
2
2
26
4
2
1
53
1
4
1
41
3
4
3
55
16
4
2
63
3
2
1
22
1
3
4
8
11
3
1
13
2
1
1
35
1
2
4
26
7
4
4
29
16
4
1
44
4
4
1
4
8
1
1
29
3
3
4
27
10
3
4
68
21
2
4
33
6
3
3
4
8
1
4
10
25
3
1
22
3
3
2
36
1
1
2
42
4
3
3
27
8
3
4
63
2
1
1
41
1
4
2
10
3
3
2
39
3
2
2
12
1
2
4
16
9
3
3
3
7
3
2
60
3
2
3
15
15
3
4
36
7
4
3
11
5
4
3
49
5
2
2
35
1
1
3
11
24
4
3
39
3
1
3
66
7
2
4
47
14
3
2
29
2
1
1
71
3
2
4
45
2
2
4
12
6
3
3
8
16
2
1
61
3
4
2
29
3
3
4
16
6
1
4
42
3
1
3
44
8
3
2
8
1
2
4
1
4
1
3
25
2
1
4
49
2
3
2
27
1
1
1
13
7
2
2
28
2
4
1
30
10
1
2
16
2
2
2
38
3
2
4
52
12
3
3
18
15
4
2
33
2
4
1
54
1
3
1
12
18
4
1
42
1
4
2
40
3
3
1
39
3
2
1
15
3
3
1
9
14
3
4
30
5
2
