3
22
8
3
4
22
18
1
3
18
8
2
2
55
3
1
4
42
2
3
4
4
23
3
2
10
2
1
2
68
2
3
4
9
3
4
4
30
3
1
3
28
8
1
4
35
1
3
1
7
3
1
1
55
1
2
1
44
3
3
3
23
14
2
2
39
2
1
1
30
12
3
3
9
24
4
1
65
2
2
4
6
20
3
1
23
1
1
2
53
3
3
4
71
6
2
2
60
2
2
4
55
1
4
1
12
3
4
4
27
9
3
3
9
15
2
4
45
8
2
1
40
3
1
4
38
8
4
3
36
9
1
4
28
13
4
1
18
9
1
2
45
2
4
3
52
2
4
2
10
3
4
4
29
7
4
4
36
5
2
3
63
12
4
3
23
2
4
2
67
1
2
4
40
4
3
1
14
1
4
1
5
1
3
1
44
4
2
3
53
7
4
4
63
8
1
3
47
10
3
2
38
1
2
4
1
1
3
1
60
1
4
1
28
3
2
3
11
15
2
4
60
6
1
1
68
2
2
2
7
1
4
2
11
2
2
3
55
7
3
2
1
3
4
2
22
1
4
4
13
1
3
3
66
6
2
2
39
1
3
1
53
2
2
3
71
5
2
4
60
7
3
1
5
2
1
2
32
2
2
3
7
5
4
3
30
10
3
4
3
21
1
2
13
3
4
3
25
4
2
1
16
6
1
3
10
25
1
4
36
11
1
2
37
1
3
2
54
2
4
1
34
4
1
4
28
7
2
4
35
5
1
4
23
11
3
1
47
1
2
4
9
4
2
1
22
1
2
3
54
1
2
2
3
1
3
2
34
2
4
4
32
1
2
3
15
12
4
4
18
17
1
1
12
11
2
3
32
1
4
3
65
13
3
4
8
17
3
2
12
3
3
3
8
18
3
2
66
2
3
1
39
4
4
4
38
9
3
1
8
9
4
3
36
4
3
4
52
10
3
3
29
5
2
3
29
12
2
1
9
10
2
2
41
5
1
1
34
9
1
2
42
3
1
3
15
11
4
3
45
3
1
4
67
27
1
4
66
4
2
2
30
1
2
4
5
9
2
2
32
1
3
4
33
1
3
2
49
3
3
4
66
2
2
3
12
5
3
1
7
4
1
4
52
1
4
2
16
2
3
1
61
1
2
4
41
3
4
1
6
2
4
2
47
3
1
1
1
2
4
4
37
4
4
2
1
1
2
3
60
7
3
1
31
18
2
2
13
1
1
1
42
1
3
1
33
4
2
3
33
11
3
4
18
11
2
2
40
4
3
3
44
6
4
2
61
3
3
1
41
2
4
3
45
1
3
4
7
5
3
4
25
7
1
3
12
6
3
1
29
1
1
1
40
2
2
1
53
1
1
3
65
11
4
2
5
3
3
4
47
2
2
1
11
2
2
3
8
15
3
4
11
2
3
1
13
9
4
3
54
2
2
2
36
4
3
1
23
3
2
2
17
1
1
4
15
26
4
3
5
1
1
1
32
6
1
3
34
1
3
3
37
2
4
3
67
19
3
2
52
3
3
4
45
10
3
3
16
6
4
3
66
7
1
4
17
7
2
1
43
2
2
2
25
3
3
2
2
3
3
1
52
1
4
2
44
1
1
2
14
1
4
3
38
8
2
3
3
10
3
1
49
2
4
3
40
6
4
1
14
21
2
2
14
2
1
3
41
2
3
2
28
1
1
2
27
2
3
3
18
1
1
1
3
9
3
4
65
5
1
1
38
3
2
4
10
20
4
3
28
3
1
1
1
3
2
1
52
2
2
2
65
4
3
4
61
10
3
4
11
29
4
1
39
1
2
1
29
3
2
2
23
1
4
2
30
2
1
4
3
7
2
4
2
2
1
3
60
19
2
2
66
1
4
3
39
1
2
1
47
3
4
2
43
5
2
3
2
8
3
2
60
3
2
4
26
8
3
1
33
3
1
3
1
10
2
3
68
10
2
3
34
2
2
2
52
4
2
2
54
1
4
3
68
13
4
4
14
18
1
4
40
5
2
2
40
2
3
2
15
3
2
4
12
8
2
3
43
1
2
3
26
3
2
2
4
1
2
2
31
5
1
1
28
1
4
3
44
7
4
1
4
8
4
4
65
6
1
4
26
9
3
1
6
1
2
1
38
2
2
3
5
2
4
2
63
3
4
4
27
10
4
3
35
8
4
3
35
2
2
4
61
2
4
1
8
12
2
3
22
5
3
1
54
2
4
2
12
1
4
2
23
2
2
2
34
3
2
4
1
10
4
3
63
5
4
1
27
2
1
4
4
17
3
2
31
4
2
3
6
3
2
2
67
2
3
2
42
4
2
4
31
20
1
3
27
16
1
4
5
13
4
1
13
4
2
4
41
2
3
1
17
9
2
1
22
3
4
1
55
2
3
3
42
3
4
4
49
1
3
4
71
3
3
2
16
3
2
1
35
2
1
3
16
4
2
4
15
12
4
4
13
7
2
3
67
2
1
1
60
2
2
4
68
24
2
3
10
9
3
1
71
3
1
4
16
11
3
4
49
5
3
3
52
10
4
4
44
18
4
3
1
1
3
1
37
2
2
4
29
16
4
2
9
1
2
2
7
3
1
2
5
1
2
3
71
1
1
2
63
1
1
2
35
2
3
1
2
1
3
1
36
2
1
2
71
1
4
1
4
7
2
1
49
1
1
4
55
11
3
4
54
4
4
2
38
3
4
2
25
2
4
3
11
22
4
3
49
3
3
4
10
26
2
1
36
3
3
2
2
1
2
1
66
3
1
4
68
18
2
1
25
2
3
2
65
2
3
4
22
10
4
3
7
3
4
1
65
1
2
3
13
6
3
3
31
15
3
3
27
13
3
2
17
3
2
4
53
9
2
1
45
2
4
3
61
3
2
2
71
2
3
3
2
7
2
2
27
1
1
2
61
1
2
2
68
4
4
3
31
21
2
1
63
1
1
3
61
10
4
1
37
1
3
4
23
8
1
2
44
4
1
1
71
2
1
2
8
3
4
3
4
23
4
4
2
1
3
4
17
18
2
1
3
3
2
2
18
3
1
4
43
4
2
1
11
5
3
1
17
7
2
1
41
1
1
4
14
11
2
2
49
2
2
4
42
5
1
2
29
1
3
3
3
6
3
2
4
2
2
4
6
7
3
4
53
13
3
2
15
1
1
3
17
14
1
2
36
2
1
4
7
1
1
3
33
3
3
4
30
7
3
1
25
1
3
1
68
1
4
1
16
7
4
3
14
18
3
1
61
3
4
2
29
3
4
2
53
2
2
3
30
20
1
2
33
1
4
4
8
7
3
2
9
2
4
1
67
2
4
2
55
1
2
1
9
4
4
2
47
4
4
2
8
1
2
3
38
10
4
4
12
4
1
2
26
3
2
3
26
11
1
3
53
4
4
1
27
3
1
2
41
2
3
3
43
6
2
3
17
6
3
1
43
3
2
2
3
3
4
1
30
5
1
2
45
3
4
1
42
2
1
3
47
5
3
4
67
16
3
4
25
9
4
2
22
3
2
3
32
9
1
1
45
1
4
4
54
12
2
1
10
6
2
2
28
2
4
1
31
10
3
4
44
13
2
2
6
2
1
4
31
22
3
2
35
1
3
3
25
1
1
1
63
2
4
4
34
9
1
3
49
2
3
1
18
13
2
3
4
25
1
3
39
8
1
4
16
12
1
3
41
1
4
3
6
5
1
3
14
16
2
4
39
4
2
3
13
9
1
1
2
3
2
2
26
2
3
4
34
11
4
1
26
1
3
2
11
1
4
1
15
2
1
1
15
4
3
4
37
8
2
2
6
1
2
1
26
3
3
1
66
2
3
4
33
10
2
4
39
3
3
1
67
1
2
3
42
4
1
4
63
6
3
1
35
4
4
2
37
3
3
4
43
8
2
3
40
5
4
1
10
4
3
3
55
1
1
4
32
12
3
2
33
2
2
2
18
2
1
2
43
1
3
1
54
3
2
4
47
9
3
1
32
7
4
3
37
3
2
