1
34
9
3
1
2
3
2
4
29
12
1
4
14
29
3
4
47
4
1
4
34
7
2
4
54
8
2
2
60
2
1
4
43
10
3
3
39
9
3
4
40
2
4
3
13
1
1
3
9
5
3
3
49
2
4
4
25
2
1
4
71
3
3
1
12
12
1
2
15
3
2
1
52
3
1
4
39
1
4
2
15
1
4
1
16
7
4
2
4
2
1
3
54
1
1
1
63
2
2
1
11
7
3
2
33
2
1
1
67
2
4
2
1
1
3
4
55
3
4
3
9
28
2
4
26
11
4
3
55
6
4
4
17
24
1
1
71
2
4
2
44
3
3
4
41
2
2
4
52
5
1
3
5
5
1
2
55
1
2
2
66
1
4
1
27
2
1
2
28
1
3
2
68
2
2
2
71
2
4
4
10
2
4
3
44
5
2
3
18
25
3
1
68
3
2
2
13
2
2
4
5
7
4
1
67
3
1
3
6
3
3
1
41
2
4
2
53
3
2
2
33
1
3
1
4
5
3
4
29
14
2
3
60
6
4
3
11
3
3
4
13
4
3
2
67
2
3
3
10
4
4
4
5
12
3
1
33
4
4
3
47
7
4
2
40
2
4
4
25
1
2
1
71
3
1
4
22
10
1
4
39
7
3
3
18
10
1
2
22
1
1
3
66
3
4
1
25
3
3
4
11
7
1
1
27
3
3
4
44
15
1
1
23
3
4
4
22
12
1
4
2
5
3
1
31
6
4
2
8
2
3
1
42
2
3
2
36
3
1
2
49
2
2
2
42
3
4
4
12
9
2
2
6
3
2
1
22
1
3
4
23
3
3
1
55
2
2
1
18
3
1
4
15
3
3
4
61
2
4
1
17
12
1
4
8
5
2
4
43
8
4
2
45
2
2
3
31
30
2
3
7
1
3
2
63
3
2
4
4
18
1
3
28
8
2
4
68
5
4
3
2
3
2
2
10
2
3
3
37
10
1
3
10
10
4
2
7
3
3
1
8
4
3
3
13
3
4
1
6
1
1
2
17
3
1
2
11
1
2
2
14
3
2
1
32
6
2
4
16
7
2
3
26
1
3
1
43
2
3
4
23
21
2
2
18
3
3
4
15
14
2
2
18
4
3
3
27
4
1
3
28
13
3
3
60
23
3
4
55
6
2
4
42
1
2
2
47
1
1
4
9
30
4
1
30
13
4
4
27
8
3
3
42
3
4
2
60
3
4
1
11
8
4
3
45
3
4
4
3
15
4
3
53
5
2
1
1
3
3
3
63
5
3
2
4
3
1
2
31
4
4
1
44
2
4
2
7
1
3
1
8
5
2
4
11
4
3
2
55
3
3
1
60
1
4
3
65
7
4
3
7
2
4
1
16
3
1
3
65
20
1
2
39
3
4
2
61
3
4
3
6
1
2
4
47
7
4
4
31
24
1
1
10
2
1
2
52
3
4
4
17
3
2
2
68
4
2
4
49
8
3
2
13
3
1
3
25
6
2
3
22
5
2
1
30
2
1
2
3
2
1
4
60
3
1
4
6
10
1
2
22
2
4
1
65
1
2
1
60
2
3
3
29
1
3
1
55
1
2
3
61
2
4
4
67
12
2
1
63
1
2
4
9
13
4
2
26
4
3
4
13
8
4
3
30
25
3
4
28
11
4
4
18
25
2
4
41
3
3
2
41
5
3
4
10
22
2
4
45
4
2
4
26
8
4
2
53
2
1
1
37
1
3
3
33
23
2
1
34
5
1
3
31
22
2
2
11
3
3
3
4
7
1
2
54
2
1
3
23
11
4
2
3
3
2
3
3
1
1
4
35
3
1
3
38
6
1
4
30
2
2
3
61
8
1
3
27
1
4
4
12
3
2
2
28
2
2
3
15
2
1
1
45
1
2
3
36
11
2
3
4
21
2
3
41
4
1
4
67
14
1
3
67
7
3
2
44
1
4
2
49
4
2
4
42
5
4
3
55
10
2
1
13
7
2
1
23
1
3
4
68
20
2
1
5
2
4
4
2
3
3
2
34
3
3
2
31
5
1
2
1
3
2
3
23
19
3
3
35
8
1
1
12
13
4
2
38
5
4
2
2
3
3
3
37
4
3
3
8
17
1
4
33
5
3
4
1
10
2
1
38
3
4
2
27
3
4
2
37
4
4
1
29
1
4
1
17
6
3
4
49
3
2
1
6
2
2
4
35
5
1
3
12
5
4
4
33
1
4
4
16
11
2
2
34
1
1
4
44
19
3
3
38
8
1
3
66
2
1
2
16
1
3
2
14
1
3
1
54
3
2
1
31
4
3
2
8
3
1
2
54
1
2
3
71
3
2
3
2
9
3
2
52
7
4
2
41
2
4
2
25
1
3
1
39
3
4
1
38
2
2
3
40
5
3
4
36
11
2
2
38
4
2
1
14
6
2
1
5
1
4
2
26
2
2
1
3
10
4
1
53
2
2
3
67
12
3
4
53
8
2
1
32
3
2
1
40
3
4
3
14
12
4
2
12
2
3
1
7
7
1
2
27
2
4
2
2
2
1
3
17
6
2
1
61
2
1
3
3
5
3
1
36
1
3
4
38
2
2
2
5
1
4
1
26
1
1
1
40
2
3
1
28
1
2
3
39
5
1
3
40
4
3
2
42
2
3
3
52
7
3
1
13
4
2
2
5
2
4
3
30
12
2
4
6
9
2
3
63
10
3
1
9
2
2
1
9
6
3
2
37
1
1
2
30
4
3
3
32
2
4
2
10
3
3
4
45
12
1
3
71
1
4
3
32
9
3
4
63
4
1
1
39
4
3
4
63
9
3
1
49
1
2
3
29
5
2
3
36
15
2
4
34
8
4
2
35
2
4
1
66
3
3
3
1
9
1
2
30
1
3
2
35
3
2
4
3
14
4
3
22
12
1
2
43
5
4
1
25
2
1
1
29
2
2
3
17
15
1
2
29
1
3
2
32
3
1
1
15
5
3
1
35
1
1
1
15
4
2
4
66
2
3
3
52
13
4
4
61
4
1
3
16
3
2
3
43
2
1
1
61
1
2
3
49
6
2
1
7
1
2
1
68
2
2
2
12
1
3
1
4
3
4
4
66
1
1
4
28
7
3
4
37
2
2
4
30
6
3
3
44
3
3
4
40
1
3
2
39
1
2
3
35
6
2
2
25
3
4
4
36
13
4
4
8
4
4
3
68
8
4
1
28
3
2
1
1
1
4
3
47
5
2
1
37
2
2
1
45
2
1
4
32
10
1
3
11
19
2
2
43
2
1
1
10
5
4
4
71
6
4
1
47
3
4
2
45
4
3
3
54
2
3
3
5
2
1
1
44
3
2
1
66
1
4
3
45
7
1
3
33
11
4
3
34
7
4
2
65
4
4
3
26
7
1
4
1
8
1
1
42
1
4
4
54
10
1
1
36
2
1
3
1
2
2
1
14
19
1
4
7
1
4
4
32
13
4
4
7
2
3
1
41
1
2
2
40
3
3
2
32
1
2
4
31
16
4
3
12
3
3
2
63
1
2
3
25
2
1
1
35
3
1
3
14
5
1
2
65
2
1
4
37
6
1
4
52
9
2
2
66
3
2
1
47
2
1
1
26
3
3
4
53
6
2
2
23
2
1
3
34
11
4
2
36
4
4
2
67
1
3
1
52
1
3
3
41
3
3
4
65
11
4
1
22
2
3
4
38
1
3
1
49
2
3
2
23
1
4
4
18
26
4
4
4
6
2
2
47
4
1
4
14
32
1
2
6
2
3
3
53
6
3
4
65
10
1
1
54
1
4
2
9
2
1
2
17
2
1
1
18
8
2
3
8
12
1
3
68
4
1
1
3
7
3
4
27
5
2
3
43
4
3
1
65
2
4
3
16
7
3
3
15
8
1
2
29
3
2
1
2
7
1
1
33
3
4
1
53
1
4
2
71
3
2
1
43
3
4
2
9
1
1
4
60
9
2
2
61
1
1
2
16
3
4
3
42
4
3
