4
7
7
1
2
26
2
4
4
28
2
2
4
9
20
4
1
63
1
4
4
63
7
2
3
36
11
1
1
34
10
4
3
49
5
2
3
71
3
4
2
37
4
4
1
47
3
4
2
22
2
3
4
26
8
2
1
45
2
1
3
10
5
4
1
36
1
2
3
63
2
3
2
12
3
3
4
71
5
2
3
35
6
2
2
16
1
2
3
15
12
4
4
18
21
1
3
45
5
1
3
26
4
2
3
9
14
3
1
52
2
1
3
12
7
2
1
44
4
2
3
7
2
4
2
27
3
3
3
67
18
1
3
8
15
2
1
53
1
3
3
18
14
1
1
66
3
4
4
15
17
4
4
17
9
2
1
61
3
3
4
44
18
2
1
15
4
3
2
36
1
1
4
12
5
1
4
42
5
3
2
4
2
2
2
10
2
3
2
67
2
3
4
66
2
1
2
61
2
2
1
27
2
4
3
33
6
3
4
55
7
4
3
55
15
1
2
1
2
3
4
39
6
3
1
16
4
2
3
61
8
3
2
53
2
3
2
29
2
3
4
7
8
2
2
34
1
1
4
1
9
2
2
3
2
2
4
5
23
4
4
41
3
3
4
54
5
4
1
12
14
3
3
44
5
4
2
39
2
2
4
36
15
4
1
71
2
2
3
5
5
4
2
25
2
3
3
23
1
1
1
63
2
2
4
25
5
1
1
13
4
2
3
27
15
2
4
34
9
1
2
60
3
1
1
35
1
2
4
37
2
2
3
60
20
4
1
42
2
1
2
41
3
4
1
18
5
1
1
37
1
2
1
10
6
1
2
41
5
2
2
17
2
3
3
40
4
4
4
2
13
1
1
55
1
3
4
65
3
2
1
8
14
4
3
25
5
1
1
35
2
3
4
54
10
1
3
42
1
3
1
65
2
2
3
28
8
1
3
1
4
3
2
68
1
1
4
43
1
1
2
2
3
4
3
6
5
3
3
41
4
3
4
27
1
3
2
40
4
1
4
10
8
3
1
4
4
2
1
40
3
1
3
42
2
2
4
34
2
1
4
4
2
3
1
17
15
2
4
27
12
4
3
13
7
2
4
17
23
4
3
6
3
4
2
43
5
1
1
49
1
2
1
29
2
3
2
28
1
3
2
30
1
4
4
6
10
4
2
32
4
4
1
25
2
3
3
63
3
2
1
37
2
3
4
35
5
4
1
66
2
2
4
14
18
1
2
67
1
4
4
31
27
2
1
9
14
3
3
30
16
4
4
65
6
1
4
47
2
1
4
5
20
1
1
5
2
4
1
14
3
1
3
60
13
2
3
13
5
2
3
16
5
3
3
23
2
4
1
33
4
4
3
7
1
4
2
66
3
1
1
13
6
3
4
49
8
2
4
55
2
2
3
39
5
2
3
54
2
2
2
13
1
3
2
65
4
2
1
11
10
2
2
31
3
3
3
1
3
4
2
37
1
4
3
30
17
2
4
68
22
4
3
34
2
4
1
6
2
4
4
33
9
4
1
26
3
1
2
25
3
1
3
40
3
1
2
49
2
1
1
68
1
1
1
18
2
4
3
4
23
1
1
67
1
4
1
68
2
2
2
12
2
3
2
42
4
2
3
49
6
2
1
27
3
2
3
11
15
2
4
28
1
2
1
9
3
4
4
11
1
2
2
29
1
4
2
35
1
4
3
41
1
3
1
17
6
3
2
39
3
4
1
65
1
1
3
33
12
1
2
45
2
3
1
23
2
2
1
44
2
3
2
55
3
3
2
9
3
2
3
22
6
2
2
44
5
2
3
65
2
1
4
71
2
4
2
40
3
2
2
18
2
1
4
44
11
1
3
53
2
3
2
16
3
3
4
30
3
4
2
54
1
3
4
16
5
1
2
65
2
1
2
28
3
3
3
37
12
2
4
33
7
3
2
22
3
4
4
15
6
2
1
39
1
3
2
55
2
3
2
1
1
4
4
45
3
1
1
4
8
4
4
47
11
4
1
8
17
3
1
28
1
2
4
52
21
1
1
3
7
1
4
60
9
2
4
38
8
4
1
43
1
2
4
16
12
2
2
71
2
4
3
4
17
3
2
23
1
4
2
8
2
1
3
66
3
4
1
30
12
1
4
53
12
2
4
31
3
2
1
25
3
2
1
45
1
1
1
54
3
1
3
38
10
1
1
7
2
2
2
14
3
3
1
60
1
4
4
32
3
1
2
42
2
3
3
35
7
3
2
8
1
3
2
3
1
4
1
54
1
2
3
43
5
4
4
66
6
2
4
52
15
4
2
11
3
1
3
8
14
3
2
43
4
4
2
38
1
1
3
52
5
1
2
6
1
2
4
13
12
4
3
65
19
2
2
30
4
3
1
12
15
1
3
25
2
4
4
35
3
2
2
2
1
4
3
47
9
2
1
16
7
4
3
47
2
1
4
3
16
1
1
38
2
3
1
43
3
4
2
44
3
4
2
52
2
3
4
42
4
1
2
71
3
4
1
6
1
4
4
23
3
4
1
40
2
4
4
63
11
4
2
9
2
3
4
40
4
3
4
32
12
2
3
29
18
3
1
34
11
1
2
35
3
3
1
53
2
4
2
34
3
3
1
42
1
2
3
14
23
3
4
45
5
2
3
53
5
3
4
12
1
3
4
49
1
1
2
23
2
3
1
52
1
3
1
33
8
4
2
53
3
4
4
23
13
2
3
10
11
2
4
2
1
3
1
1
1
2
1
22
2
2
1
67
3
3
1
3
2
1
1
15
1
3
3
9
25
2
2
66
1
2
1
14
11
3
4
43
2
2
2
38
5
2
3
27
6
4
1
38
1
1
2
10
3
4
3
26
8
3
1
32
7
2
3
28
6
1
3
31
17
4
3
12
3
2
4
41
2
1
2
7
3
1
2
5
1
4
3
32
9
2
1
2
2
1
4
29
5
2
2
27
1
3
4
14
15
3
2
52
1
2
1
2
7
1
2
31
1
4
1
26
1
3
1
55
2
4
1
30
10
2
2
60
4
4
4
67
24
4
4
3
22
2
1
23
3
4
2
45
4
4
1
71
1
1
3
68
17
2
3
44
2
1
4
8
1
3
2
33
1
2
3
38
6
1
4
61
1
4
1
7
9
3
3
71
4
4
1
36
3
1
3
17
4
3
3
16
1
4
3
18
16
1
2
32
2
2
4
25
7
1
4
18
4
1
4
6
11
2
3
3
6
4
3
45
4
3
1
41
2
2
4
61
2
2
3
34
11
3
4
9
11
4
3
3
9
3
3
17
6
3
1
22
1
2
2
54
2
1
3
43
2
3
3
29
5
1
4
29
8
3
1
5
1
2
4
38
2
3
3
52
3
3
1
31
15
3
2
18
1
1
2
7
2
3
1
60
2
3
2
15
1
4
1
29
1
2
2
5
2
4
1
61
1
1
2
17
1
4
3
66
7
3
4
67
17
3
4
22
18
2
3
68
6
1
2
33
3
2
4
22
9
3
2
13
3
4
2
26
3
3
1
11
12
3
3
14
8
3
2
11
2
3
4
37
13
2
2
4
3
2
2
6
2
4
4
4
24
3
1
49
2
4
2
14
1
4
3
67
3
2
3
61
11
4
4
60
1
3
1
32
6
1
4
11
26
3
3
31
29
2
3
5
3
1
4
39
9
4
4
68
5
1
2
61
3
4
1
31
8
2
3
55
14
1
3
32
8
3
3
15
1
2
1
1
3
4
2
47
3
1
1
28
2
2
2
68
3
4
3
22
1
1
1
47
1
4
4
8
7
4
2
63
3
3
1
39
2
2
2
36
4
2
4
13
10
1
3
54
1
1
4
30
6
3
4
40
1
1
4
36
1
2
3
39
10
2
3
11
5
1
4
1
12
2
1
10
5
2
2
47
2
4
4
10
1
1
3
36
8
2
2
15
2
3
4
53
15
3
2
63
2
3
1
41
3
4
3
2
8
2
3
2
1
2
4
26
4
4
3
37
6
4
2
49
4
4
