2
27
2
3
1
10
2
3
1
40
1
1
3
18
22
3
1
67
1
2
3
17
15
2
3
45
2
4
1
54
2
4
1
65
1
2
1
30
8
1
4
44
3
3
4
12
10
3
2
35
1
2
1
33
5
3
1
22
3
1
1
9
10
1
1
11
9
2
2
13
3
1
2
67
1
3
4
2
3
3
3
42
2
2
3
22
12
1
1
43
2
1
4
32
10
1
4
18
8
2
1
55
1
1
4
25
5
1
1
12
6
3
4
7
6
2
4
66
6
2
2
9
1
1
1
27
2
3
3
37
9
3
4
18
24
1
2
45
4
4
1
38
3
2
4
36
4
1
2
27
1
2
3
7
2
3
2
10
1
2
4
29
8
2
2
45
3
4
3
60
10
4
4
25
9
2
4
32
7
3
4
52
14
3
2
7
1
2
4
35
2
4
3
36
4
1
3
40
3
4
4
34
13
4
4
35
3
4
1
12
15
1
1
65
2
2
3
1
9
1
2
52
2
1
2
38
3
3
3
43
6
4
4
60
8
1
3
39
6
4
1
33
1
2
3
1
1
4
1
60
2
1
2
28
2
4
2
43
1
2
4
33
3
2
2
26
2
4
4
40
2
1
1
43
3
3
2
1
3
2
3
4
18
3
2
32
3
4
3
49
7
2
1
15
4
3
4
14
19
3
1
14
18
3
3
6
4
2
2
67
2
1
1
16
5
4
1
68
3
4
2
25
2
4
3
22
1
3
1
66
3
1
3
31
17
4
3
9
4
2
3
30
2
4
1
45
1
3
2
68
1
4
2
40
1
4
3
2
6
3
2
30
2
2
3
10
8
4
2
18
3
4
3
12
3
2
1
37
2
4
4
43
2
1
2
53
3
1
1
25
3
4
1
47
1
3
1
54
3
2
1
5
2
1
2
14
2
4
2
54
2
1
1
49
1
3
1
60
1
4
3
43
8
3
1
63
2
3
2
3
1
2
1
47
2
3
1
61
2
1
1
31
13
2
4
13
15
3
3
34
1
1
2
33
1
1
2
4
2
2
4
41
1
3
1
1
2
3
3
11
4
1
1
18
13
3
1
9
9
2
2
11
2
1
1
14
11
1
4
15
24
3
2
32
2
4
2
40
4
1
3
13
1
1
1
8
9
1
1
11
5
2
3
47
2
4
2
2
1
4
4
42
4
3
2
54
1
3
3
49
8
1
1
31
4
2
4
22
15
2
3
32
8
1
3
17
1
1
2
30
1
1
4
4
26
4
4
12
8
4
4
28
11
1
1
67
2
1
1
26
3
1
2
16
2
1
2
29
3
3
2
41
5
3
4
17
12
1
2
15
3
3
3
8
19
1
1
63
1
4
3
53
3
4
3
65
16
4
3
55
9
3
2
66
2
4
4
11
24
1
1
30
3
3
4
45
9
1
1
39
1
2
3
4
25
1
2
61
3
1
1
28
1
1
3
16
6
1
2
2
3
1
2
53
1
3
1
34
1
3
1
42
1
4
3
71
3
4
3
36
10
1
3
11
6
1
2
17
2
1
4
5
20
1
4
3
3
3
3
68
12
1
3
26
4
2
1
71
3
3
3
27
13
3
3
44
10
2
4
6
18
2
2
44
1
4
3
66
2
4
4
27
5
1
1
55
2
4
1
32
3
1
2
43
2
2
3
44
7
3
4
8
13
3
1
6
1
3
3
7
5
2
1
8
10
2
4
53
13
4
4
67
29
4
2
5
2
3
2
14
1
1
3
23
10
2
2
41
3
2
3
32
5
3
3
30
13
2
1
15
2
1
2
39
3
4
3
25
7
4
3
34
6
3
4
27
10
3
2
42
1
1
2
35
3
4
3
3
2
3
3
66
7
1
1
36
2
1
2
16
3
2
3
54
1
4
3
29
9
3
3
52
10
1
4
3
17
2
4
61
11
1
4
42
1
1
2
37
2
4
2
42
4
1
3
12
5
3
1
28
2
2
1
3
5
3
3
45
3
1
3
13
3
3
4
31
21
2
1
35
2
4
4
8
7
4
2
28
1
3
3
35
5
3
4
40
1
4
1
35
1
1
3
15
15
2
3
8
18
3
3
38
12
2
1
71
1
2
1
41
2
3
2
47
2
1
2
6
2
3
2
23
2
3
4
22
12
2
3
71
1
2
4
54
10
4
1
52
1
4
4
39
4
1
3
52
18
1
1
2
7
2
3
23
9
2
4
33
10
1
2
25
1
2
2
12
2
4
3
47
6
2
3
41
1
2
2
5
3
1
1
36
1
3
2
15
1
1
2
49
2
3
3
61
11
4
2
52
7
3
4
60
9
3
2
7
3
2
4
71
2
2
2
22
3
2
3
28
1
2
4
55
5
4
1
16
4
3
4
47
4
2
4
23
8
3
3
67
16
1
2
8
1
2
1
32
2
4
1
13
1
2
1
2
2
3
4
53
5
1
2
31
1
2
3
39
4
1
1
61
3
1
2
12
1
3
3
63
7
4
1
44
3
1
3
54
2
4
3
68
8
4
4
14
16
1
1
37
1
1
2
65
1
2
4
23
20
2
2
34
3
2
4
9
26
3
1
29
2
1
4
10
25
3
4
63
8
1
4
2
8
3
3
5
5
2
3
6
6
3
4
30
7
3
3
53
8
3
2
36
4
4
2
10
3
2
2
71
2
1
4
66
3
4
4
31
1
4
1
4
7
2
1
17
1
1
4
10
26
3
4
68
14
1
2
6
3
1
1
6
2
3
4
49
8
2
2
68
3
2
2
47
3
2
3
35
6
2
4
26
3
2
2
39
4
3
2
44
2
2
3
14
24
3
4
36
2
3
2
49
4
2
2
63
3
4
4
47
1
2
1
13
8
2
4
37
13
3
2
55
1
2
3
10
24
4
1
7
8
2
1
42
2
3
2
63
1
2
1
27
1
3
1
4
2
3
4
63
5
4
2
60
4
4
3
60
9
4
4
43
12
4
1
68
1
3
3
65
18
4
2
33
2
4
2
13
1
1
1
41
1
4
3
63
3
4
2
66
1
3
3
29
4
3
4
61
9
1
3
28
11
3
4
65
10
4
1
52
2
2
2
1
2
3
2
3
3
1
3
41
4
3
4
54
5
2
1
1
1
1
4
45
11
2
2
34
1
1
3
18
18
2
4
11
30
2
1
53
1
2
4
15
21
2
2
18
2
1
4
13
1
4
4
9
5
3
4
7
3
4
1
3
7
4
1
22
2
3
4
1
13
3
3
5
2
1
3
40
5
1
1
23
1
2
3
25
4
3
2
9
3
2
4
49
7
2
3
9
10
4
2
29
1
2
4
37
6
4
1
25
2
2
2
17
1
4
4
52
20
3
3
26
5
1
1
53
2
1
1
40
2
2
2
71
3
4
3
37
4
3
2
26
4
1
4
67
16
4
2
31
3
2
4
34
12
2
4
6
7
2
1
18
4
1
1
7
2
4
2
8
2
2
1
49
2
1
1
66
1
1
1
29
3
3
2
61
2
1
3
27
7
3
2
11
1
1
4
38
2
4
3
61
1
1
2
65
3
3
3
15
1
1
2
37
4
1
3
55
12
1
3
2
10
1
3
33
15
4
1
38
1
3
2
22
1
4
4
41
4
1
2
38
4
3
4
16
5
2
4
29
2
3
4
17
5
3
1
34
2
1
2
55
2
4
3
38
9
2
1
10
7
3
3
3
5
4
4
28
8
1
3
16
7
1
1
45
2
4
2
23
3
1
1
23
3
4
2
60
1
4
4
65
13
4
1
26
1
3
4
16
3
1
1
44
2
1
4
68
3
2
1
5
1
2
4
1
10
1
2
36
5
4
1
17
3
4
4
44
5
1
2
4
3
1
4
30
1
2
3
33
6
2
4
39
7
1
3
67
23
4
4
26
8
4
4
38
8
1
3
42
4
4
3
31
20
4
1
39
2
4
4
71
6
3
4
4
10
3
3
14
25
4
4
5
16
3
4
55
7
2
