3
60
1
2
4
41
1
2
1
52
2
1
1
8
10
3
4
16
2
3
4
5
6
2
3
3
6
1
3
23
14
4
4
30
4
1
1
18
7
3
3
53
7
1
2
30
1
4
2
31
5
1
1
36
3
2
1
36
1
2
3
1
8
4
2
2
3
2
4
61
5
3
1
38
2
2
4
25
7
3
1
38
1
1
2
65
3
1
2
61
3
4
1
49
1
4
2
68
2
3
2
52
2
1
4
67
9
3
2
41
5
4
1
3
9
4
4
18
7
2
1
68
1
1
1
53
1
1
1
35
4
2
3
63
7
4
2
45
4
1
3
55
13
2
4
68
6
2
3
47
4
2
3
12
7
4
3
49
6
3
4
16
1
1
2
8
3
1
1
5
1
4
3
44
2
3
2
22
2
3
2
52
5
2
4
9
21
4
3
12
6
2
1
47
3
2
1
60
2
2
4
54
7
1
4
43
2
2
4
43
5
1
4
34
5
1
1
63
2
1
3
9
10
1
1
14
12
3
4
22
11
4
3
15
14
4
1
23
2
1
2
36
5
3
2
27
2
3
1
4
7
2
2
53
3
1
3
2
1
4
3
9
4
4
4
5
7
1
3
13
2
2
2
4
2
2
3
8
20
2
4
15
25
2
2
3
2
3
4
54
5
4
2
9
3
2
1
1
3
4
3
71
3
1
1
31
15
2
2
23
1
1
4
67
5
1
2
67
2
4
4
27
6
3
3
34
2
4
3
18
14
2
1
47
2
4
4
32
12
3
3
26
5
1
1
10
7
1
4
3
11
4
3
37
11
4
2
44
2
1
3
49
1
1
4
45
1
3
3
17
1
4
4
23
5
1
3
29
16
1
3
32
7
4
1
40
1
3
1
34
2
2
3
25
2
1
3
68
7
2
1
42
1
3
1
53
2
1
3
16
8
2
1
45
2
4
1
17
4
4
3
66
7
3
2
54
1
4
1
67
2
4
4
37
7
2
4
36
2
4
2
12
3
1
1
28
1
3
2
71
1
1
4
28
11
2
4
1
8
2
3
38
5
2
4
37
5
4
2
39
1
4
2
31
4
1
4
28
9
3
1
33
8
3
4
31
3
4
1
8
13
3
4
14
30
2
4
4
10
3
2
61
2
4
1
40
2
1
4
29
8
4
4
33
7
4
4
33
11
2
2
11
2
2
1
12
13
2
3
65
17
1
3
11
12
1
1
67
3
1
3
4
26
4
3
63
6
3
4
17
3
4
1
39
1
4
3
27
8
4
3
27
1
4
2
53
1
3
3
18
7
3
3
54
1
1
3
45
4
3
3
52
15
3
3
11
13
4
2
7
1
1
1
7
4
1
2
63
3
4
3
22
10
2
3
13
4
4
1
22
2
4
3
44
8
1
1
41
2
2
1
16
5
3
2
49
2
1
4
3
9
4
3
40
2
1
2
33
3
2
2
55
2
4
3
25
8
4
1
6
2
1
4
52
21
1
4
10
7
3
1
37
2
2
4
53
7
3
4
23
2
4
1
63
1
4
1
13
9
1
3
10
1
3
2
9
1
2
2
12
2
3
2
16
2
4
4
49
2
1
4
55
12
3
2
43
4
1
4
12
2
4
1
43
1
2
2
40
3
3
1
5
2
1
3
30
2
3
4
41
3
4
4
40
3
4
2
34
3
2
2
55
1
1
2
32
1
4
4
42
2
2
2
30
2
3
2
40
2
4
3
38
1
1
1
23
1
1
3
6
2
2
4
44
5
4
1
61
2
2
3
17
9
4
2
66
1
2
4
38
6
1
3
14
19
4
1
16
2
2
2
11
3
4
2
43
3
3
4
68
2
4
4
1
5
3
3
35
7
1
1
30
17
3
3
31
23
2
4
55
9
2
1
33
7
4
1
12
4
3
3
10
11
4
1
26
3
3
1
13
5
3
3
33
16
3
4
52
2
3
2
1
2
2
4
65
15
4
2
65
2
3
2
14
1
1
4
6
26
3
4
32
10
4
2
23
3
1
4
17
13
1
3
43
4
2
4
13
14
3
2
68
4
3
1
10
1
4
4
60
4
3
2
2
1
3
1
60
1
2
4
47
9
3
4
14
20
4
4
65
2
3
2
37
1
1
3
15
9
3
1
22
3
4
3
36
5
2
1
17
15
2
2
25
2
4
2
49
1
1
1
65
1
1
4
8
2
4
3
42
1
1
2
22
1
3
1
29
2
2
3
28
16
3
4
25
8
2
2
47
1
2
4
66
5
2
3
31
5
4
2
1
3
3
3
6
6
2
3
37
12
4
1
71
2
4
1
15
5
2
3
53
1
3
2
26
2
2
3
16
1
2
3
61
5
4
4
60
8
2
4
47
16
1
1
11
8
3
4
42
4
2
1
28
2
4
1
18
11
2
3
66
2
2
4
35
1
1
2
6
1
3
1
7
8
4
1
4
4
2
3
65
5
4
1
15
4
4
1
41
1
2
4
40
5
2
4
15
9
2
2
41
3
2
2
10
3
1
1
9
3
1
3
34
4
2
2
54
2
3
3
22
3
1
3
26
6
1
1
27
3
1
1
2
5
1
2
8
2
2
4
27
9
4
4
11
31
3
3
5
4
4
1
55
2
2
4
8
14
2
2
35
1
1
2
38
1
4
4
11
24
4
2
39
3
2
3
28
7
1
1
14
20
4
2
67
1
1
3
55
4
1
1
66
3
4
2
7
2
2
2
16
1
1
4
66
1
2
2
47
2
2
1
31
18
2
3
32
5
1
1
2
2
4
2
18
4
4
3
2
12
1
1
25
2
4
2
60
1
3
2
28
2
3
4
45
2
1
4
2
7
4
1
32
4
2
4
26
8
2
2
60
3
4
3
3
3
1
1
66
2
1
2
34
2
2
3
54
2
3
2
25
3
4
2
66
2
3
2
18
1
3
1
34
1
4
3
36
12
2
2
14
2
2
4
63
1
1
3
67
28
4
4
61
6
4
1
54
1
4
2
42
3
2
2
45
3
1
4
31
26
1
3
61
8
3
3
71
2
3
3
5
3
4
1
55
1
2
1
29
1
4
3
45
3
2
4
22
6
1
2
36
3
4
1
6
1
2
4
13
8
3
2
42
4
2
3
42
4
3
1
30
12
4
1
43
3
2
4
49
8
1
4
10
6
1
3
7
2
4
2
4
3
1
3
39
3
2
1
68
3
2
4
18
25
2
1
45
1
3
3
41
2
1
4
36
9
4
3
30
25
2
3
1
5
2
3
33
6
3
4
34
14
4
3
7
3
2
1
27
2
3
4
6
25
3
2
6
2
1
4
30
3
4
2
71
3
4
1
9
8
2
3
67
9
2
2
10
1
4
3
35
1
3
3
14
12
2
2
3
3
2
2
17
1
2
1
61
3
4
4
44
14
2
3
29
3
3
1
49
2
2
1
25
1
4
4
39
3
4
3
43
3
1
2
28
3
1
1
26
2
2
4
26
7
1
1
71
1
3
4
53
2
4
4
38
9
2
2
27
1
1
2
13
1
2
2
15
1
4
4
71
1
3
2
44
4
2
3
39
6
4
1
44
3
4
2
5
2
3
4
35
2
3
2
37
3
1
4
12
6
3
3
60
26
4
2
15
3
1
2
29
2
3
3
40
1
3
4
7
6
4
1
32
7
2
2
5
1
2
2
32
3
3
1
35
1
1
4
29
4
1
1
52
3
2
3
68
17
2
1
39
3
3
4
7
5
2
3
23
12
4
2
13
2
3
4
71
2
2
4
63
11
3
4
4
8
3
2
35
3
4
1
3
6
1
2
33
1
3
1
54
2
2
2
29
3
1
1
44
1
2
2
38
2
2
3
47
3
3
4
2
13
3
2
17
3
4
1
37
1
1
4
39
1
3
4
9
23
4
3
8
14
4
3
4
1
2
1
42
2
2
1
1
1
2
2
26
4
2
1
65
2
3
3
41
1
3
1
11
1
4
3
52
2
2
2
63
1
1
