3
14
23
4
1
28
2
2
3
54
1
4
3
67
35
2
2
23
1
1
4
13
15
2
2
4
2
3
1
54
2
1
1
38
2
2
3
5
3
4
3
27
16
2
2
16
2
4
3
13
4
1
4
1
3
2
4
9
31
4
2
42
2
3
2
67
2
4
3
60
22
4
2
26
4
3
4
5
10
4
4
18
19
4
3
23
9
2
1
37
2
1
2
10
2
2
2
40
1
3
3
29
16
1
4
9
17
1
1
28
3
1
2
3
1
4
4
7
2
3
2
68
3
3
1
41
3
1
3
53
7
2
4
16
11
2
3
2
4
2
3
9
25
4
4
4
8
3
1
8
2
3
2
7
1
3
1
9
1
1
4
44
14
2
4
36
1
2
1
45
1
2
4
40
5
1
2
8
1
3
1
32
7
2
4
13
16
3
2
49
4
2
3
47
3
3
3
42
4
3
3
31
27
4
2
27
1
4
4
52
5
2
2
54
2
2
2
34
2
2
2
2
2
3
1
16
3
1
3
15
11
3
3
67
8
1
1
52
2
2
3
33
4
1
3
34
6
3
4
22
11
4
2
44
2
3
3
63
7
2
2
40
3
1
3
61
10
1
2
10
1
3
3
13
9
3
3
8
14
4
4
38
4
1
1
34
3
2
3
26
2
3
4
54
12
1
1
30
1
2
4
25
5
1
1
23
1
2
4
11
23
3
1
15
1
4
3
66
3
4
3
35
4
1
3
65
8
3
1
11
10
4
1
37
1
4
1
63
1
2
2
52
5
2
1
39
3
2
1
68
3
2
2
6
2
2
2
2
1
3
2
36
3
4
2
60
1
2
1
29
1
3
1
71
2
4
1
34
2
3
4
40
7
4
2
9
1
3
4
61
3
1
1
43
1
1
3
18
8
4
4
37
7
2
3
45
7
2
2
13
3
4
3
55
7
3
1
35
4
1
2
65
1
2
3
25
8
1
1
27
1
2
2
37
1
2
2
66
1
4
1
11
11
1
1
61
1
1
4
15
27
1
2
3
2
1
4
49
4
3
4
10
7
4
2
53
1
4
2
54
1
4
3
68
9
3
1
6
1
4
3
61
2
3
3
12
7
3
1
22
2
2
3
23
6
1
3
38
11
4
2
25
2
3
4
8
16
1
3
11
20
2
3
6
3
1
3
3
8
4
3
43
4
3
3
1
6
3
1
12
16
4
1
17
10
1
3
30
5
2
1
4
3
4
4
23
9
4
2
63
3
3
4
71
4
1
2
5
3
3
1
61
2
1
3
42
3
4
4
29
10
3
4
12
2
2
4
42
5
1
2
26
2
1
1
39
2
1
4
41
3
4
1
29
3
2
1
26
3
1
3
45
4
3
3
28
9
4
3
6
4
3
1
40
3
3
2
34
3
2
2
14
2
3
1
18
11
4
3
35
3
1
1
22
1
3
4
6
30
3
2
31
1
4
2
1
1
2
1
8
3
4
1
2
5
3
3
39
8
3
4
16
6
3
4
8
8
3
4
47
12
2
2
63
1
2
2
28
1
1
2
71
1
1
4
18
27
3
4
34
9
1
1
63
2
3
2
27
3
3
2
33
2
4
2
30
1
4
1
13
1
1
4
55
10
4
1
41
2
2
3
12
2
4
2
52
4
3
2
45
4
4
1
71
3
3
3
55
15
3
4
60
2
3
4
4
9
2
4
28
12
1
1
49
2
1
1
55
2
2
4
6
22
2
2
12
3
4
4
34
3
2
4
3
3
3
3
25
3
2
1
60
1
1
2
15
3
3
1
44
2
1
3
41
3
4
3
30
6
3
1
4
2
4
3
36
9
4
4
55
8
4
2
22
3
3
4
32
8
2
3
39
2
4
1
6
2
3
1
49
1
3
3
18
15
4
3
52
3
3
3
60
9
4
3
3
7
1
1
25
2
4
4
15
4
2
2
29
1
1
2
11
3
1
4
35
4
2
2
53
3
1
3
53
6
3
4
14
31
1
3
7
4
2
4
66
2
2
3
5
4
2
1
18
9
3
4
28
6
4
3
36
11
1
4
54
3
2
3
1
3
4
2
5
2
3
3
10
17
3
3
44
5
1
1
66
3
3
1
42
2
4
2
14
1
4
3
43
3
3
2
55
1
1
4
36
12
3
4
2
11
1
1
31
12
3
2
35
1
3
2
38
5
1
4
17
4
2
2
4
3
4
3
10
13
2
2
44
1
4
2
35
3
1
1
25
1
4
4
38
5
1
1
26
2
3
1
67
2
3
4
63
3
3
4
27
11
1
1
14
6
2
1
54
3
3
4
5
4
4
2
16
3
3
4
53
12
4
2
42
4
1
1
10
1
3
2
66
3
2
3
29
17
3
1
38
3
1
2
30
4
3
4
10
14
1
3
52
18
3
1
65
2
1
3
37
8
3
1
10
7
2
3
16
1
4
2
11
1
2
2
28
3
2
4
71
3
1
2
41
3
2
3
22
6
3
3
17
14
1
3
68
3
4
4
49
8
4
4
37
1
1
1
2
4
2
3
4
18
1
4
53
8
3
4
43
9
4
2
61
1
1
1
23
2
2
4
66
1
3
4
63
1
1
4
33
8
1
4
39
4
3
2
39
1
1
4
47
14
4
2
25
1
4
3
49
4
2
4
42
4
2
2
17
2
3
4
52
9
2
3
33
22
4
4
60
7
4
2
18
2
3
2
49
1
3
4
22
18
3
3
71
5
4
4
61
7
1
4
31
22
1
1
32
2
4
4
45
4
3
3
37
10
4
4
26
8
1
1
40
1
4
1
66
1
2
4
45
6
1
2
22
1
4
1
7
3
2
2
15
2
3
4
7
4
1
2
43
5
1
4
32
1
1
3
15
5
1
2
13
2
1
1
30
5
1
1
52
1
4
1
33
5
1
2
60
4
2
4
2
4
4
3
65
13
2
2
23
2
4
1
43
2
1
1
42
1
1
4
68
23
3
3
66
6
2
4
41
4
3
3
32
3
2
3
63
11
1
2
55
3
3
1
35
1
2
1
9
11
1
1
65
1
1
4
29
3
2
2
47
4
4
2
41
4
4
3
40
4
1
1
60
2
2
1
5
2
4
2
17
1
2
4
68
4
3
1
14
12
1
3
2
5
2
1
36
3
3
2
61
3
2
4
35
5
2
3
31
22
4
3
4
14
2
4
14
7
2
2
65
2
4
4
44
3
3
1
47
1
2
1
1
3
4
1
7
6
4
1
5
1
2
2
12
1
4
3
22
9
2
4
39
3
4
4
67
2
3
4
30
6
3
1
31
16
4
1
1
2
3
1
53
2
1
2
32
2
3
4
33
6
3
3
40
5
4
2
7
2
3
2
36
5
4
4
17
15
3
2
8
2
3
2
47
1
1
4
43
5
4
2
45
3
2
4
1
8
3
2
71
3
1
2
67
1
1
1
3
3
2
3
34
3
2
1
17
13
2
3
16
8
3
3
26
5
3
4
31
1
4
1
45
2
3
2
43
2
4
1
12
10
2
2
38
2
1
4
27
1
2
4
25
2
4
1
36
2
4
1
44
4
3
1
53
1
2
3
49
1
2
4
30
7
3
1
27
3
2
3
9
8
2
1
33
4
2
1
55
1
3
2
6
1
3
4
65
1
1
1
15
2
2
1
68
1
1
4
12
4
1
2
18
1
3
3
54
2
1
1
3
10
4
3
47
2
2
3
41
1
4
3
28
13
2
4
67
18
4
2
33
1
4
3
14
17
4
4
3
14
2
4
11
14
3
2
1
3
3
2
32
3
4
3
11
21
2
1
47
2
3
1
13
4
3
3
17
3
1
4
23
3
4
1
16
1
1
2
9
2
3
2
68
1
1
3
71
2
3
1
67
3
1
2
29
2
3
3
7
5
4
4
26
4
4
2
37
2
2
3
8
18
2
2
39
4
3
4
65
7
1
3
38
1
3
3
32
1
1
3
27
4
1
2
31
3
4
3
44
2
4
