3
41
2
1
2
1
2
2
4
26
5
1
2
47
2
2
1
28
3
1
2
53
1
1
1
22
1
2
1
52
1
4
3
32
5
2
4
41
4
1
4
4
1
4
1
28
2
4
4
34
9
3
3
60
5
1
2
38
3
2
1
23
3
1
4
65
4
4
4
38
8
2
3
42
3
4
3
65
11
3
2
6
1
2
3
27
1
4
4
3
9
3
3
39
9
4
3
44
3
2
4
7
6
4
1
68
2
3
1
37
2
1
1
30
8
4
3
49
7
4
2
12
1
4
3
5
2
2
2
68
2
3
3
55
14
4
3
1
1
3
3
22
3
3
2
13
2
2
3
35
1
4
3
52
2
2
4
11
16
2
3
7
5
2
2
55
2
1
2
44
5
3
1
40
2
1
4
49
2
2
4
61
8
1
2
30
5
2
4
53
3
4
3
14
17
3
3
68
13
2
1
42
2
2
2
22
3
4
4
53
6
3
3
15
10
1
1
10
5
4
2
11
3
2
1
53
1
1
1
5
2
3
2
27
3
2
4
42
1
3
1
1
1
4
3
31
4
3
2
42
4
1
2
49
4
1
1
37
1
2
3
40
4
4
1
65
1
1
2
67
2
3
2
5
1
1
3
63
5
4
4
1
2
2
4
68
19
1
2
63
1
3
1
36
1
3
2
3
2
2
4
26
8
2
1
16
7
4
4
40
2
4
1
43
2
3
4
36
13
4
2
7
1
2
1
11
12
1
1
7
2
1
4
23
3
1
4
66
3
3
1
27
1
2
4
43
8
2
3
13
2
2
4
32
10
4
1
2
4
1
1
17
8
2
2
33
1
4
3
43
5
3
4
13
15
1
4
33
5
2
2
26
2
4
3
4
3
3
2
36
1
1
1
41
3
3
1
41
1
4
3
29
7
3
4
9
4
3
2
54
1
4
1
60
2
2
1
8
15
1
3
28
15
2
2
8
2
3
3
54
1
4
1
25
2
3
4
6
9
1
2
65
4
3
3
55
1
4
4
18
9
4
2
32
4
3
1
32
6
4
4
68
17
2
2
29
3
2
1
71
3
1
1
63
1
4
2
43
5
2
2
34
2
2
3
10
3
1
2
6
3
3
1
36
2
1
2
34
1
2
3
16
4
3
4
40
7
4
3
9
17
1
1
42
1
2
1
47
3
1
2
44
2
2
1
15
4
1
4
25
5
4
3
40
3
3
4
22
8
3
4
61
7
2
1
22
2
2
3
15
14
2
2
9
2
3
2
42
2
2
2
39
4
1
4
28
10
2
3
10
14
3
2
14
3
2
1
18
10
2
2
14
2
3
3
49
6
4
3
6
6
3
4
44
14
1
1
23
1
3
1
44
2
3
2
32
1
4
1
11
3
4
3
36
5
1
3
11
18
1
2
31
3
2
3
17
15
2
4
29
15
3
2
66
2
4
4
63
8
4
4
33
9
4
1
6
2
4
2
37
1
1
3
12
2
4
4
47
16
1
1
26
2
1
3
47
2
1
1
54
1
3
4
71
1
1
4
41
1
1
1
7
7
2
2
11
2
1
3
13
9
1
1
31
17
3
3
35
5
2
2
67
1
1
1
44
3
3
4
39
6
2
2
43
4
2
1
63
2
3
3
71
2
2
4
66
2
3
2
40
3
1
2
37
3
3
4
30
3
4
2
55
1
2
4
16
12
1
4
54
10
1
1
66
3
1
1
33
6
4
3
41
1
3
3
31
30
4
2
27
1
1
3
22
6
2
2
3
1
3
1
49
2
2
2
2
1
1
3
67
3
1
2
25
3
2
2
26
1
4
3
8
20
1
1
55
1
4
3
68
17
1
4
9
31
3
1
5
1
2
2
61
2
1
3
33
20
1
3
29
18
2
1
25
1
4
4
37
9
4
2
38
1
2
3
16
7
1
4
10
33
1
2
1
1
2
3
38
6
2
2
41
3
1
4
1
5
2
3
38
9
1
3
3
10
4
4
63
2
3
4
45
6
3
4
65
12
3
4
27
8
3
2
16
2
2
1
65
2
4
3
52
3
1
3
4
11
3
3
25
8
1
4
12
1
1
2
33
3
1
4
18
17
3
1
14
18
1
2
12
3
4
3
30
22
2
2
52
2
2
2
63
2
4
1
47
1
3
4
13
7
3
4
27
11
3
4
10
31
2
1
39
4
2
3
3
5
3
3
61
2
2
4
42
2
3
4
8
1
4
1
3
1
2
2
66
3
1
4
11
17
2
2
60
3
1
3
60
13
4
1
26
3
1
2
39
3
4
1
4
2
2
4
28
3
3
1
54
3
4
4
34
11
1
2
4
2
3
1
61
2
1
1
27
2
2
2
15
1
1
1
67
3
1
3
8
5
1
2
8
1
3
1
52
3
3
3
43
6
3
2
41
1
1
4
49
8
2
3
61
4
1
4
2
5
4
2
9
1
3
3
2
8
2
4
31
19
2
2
7
2
1
3
27
7
4
2
23
3
4
2
52
5
4
2
17
2
1
3
42
4
2
3
12
7
2
4
7
4
2
3
67
34
3
1
68
1
3
3
66
2
2
1
33
8
2
4
60
7
2
1
35
2
1
3
63
1
1
2
49
3
1
2
60
1
4
3
28
2
2
4
55
3
2
1
18
6
3
1
30
14
2
1
39
1
3
1
40
3
2
2
36
5
3
4
32
4
3
1
13
5
3
2
61
3
4
3
23
5
2
3
65
16
1
1
29
3
1
2
35
2
2
1
45
2
2
3
37
11
2
1
32
4
2
4
47
3
2
2
45
3
4
1
60
1
1
2
71
2
3
1
16
1
4
3
6
4
1
2
68
1
2
3
33
14
2
2
53
3
2
3
44
1
2
2
5
3
4
4
4
5
4
3
34
7
1
4
43
9
2
2
17
3
2
4
5
10
1
3
18
24
2
4
14
23
2
2
29
1
2
4
35
5
3
2
22
2
3
1
13
8
3
1
10
3
2
3
18
12
2
1
2
1
3
4
5
17
1
4
44
18
4
2
47
3
3
2
30
2
1
2
4
3
4
3
23
13
2
2
15
2
3
3
5
4
2
3
53
7
3
3
45
1
1
4
14
33
1
2
25
1
4
1
3
7
4
4
71
5
1
4
67
38
4
1
34
8
4
2
23
2
3
1
14
13
1
2
31
2
2
1
49
1
3
4
6
5
4
3
37
3
4
1
17
2
2
2
40
1
4
2
13
3
2
3
7
1
2
4
25
6
4
4
67
34
2
3
32
12
4
4
2
2
2
2
18
1
2
1
34
7
2
4
22
18
2
3
2
5
3
4
39
9
3
4
30
6
4
3
17
17
2
3
30
13
3
4
55
11
2
1
43
3
4
3
54
2
4
4
3
18
2
1
4
8
2
4
60
6
1
1
6
1
1
1
61
3
2
4
36
9
3
3
25
2
3
2
28
2
1
1
15
3
4
3
1
7
1
2
71
3
2
1
12
17
4
1
8
11
4
4
52
14
3
1
9
1
4
3
71
4
4
3
11
15
1
1
71
2
4
4
23
21
4
4
45
12
1
4
16
5
1
3
26
6
2
2
45
1
4
4
12
5
1
2
28
3
4
1
31
3
2
4
31
6
2
4
54
3
3
3
45
3
4
4
52
19
1
1
29
1
2
3
14
9
3
1
12
14
4
3
47
8
4
3
53
2
2
1
35
4
4
2
2
3
3
4
17
7
3
2
10
3
1
1
66
1
4
4
15
19
4
3
34
9
3
2
16
1
4
4
17
24
3
3
39
8
2
3
66
7
2
4
35
4
1
1
67
1
3
1
38
3
4
3
26
1
2
4
37
2
2
1
55
2
1
1
9
6
1
2
35
1
2
2
54
2
2
1
45
1
3
4
15
9
2
1
1
3
1
1
38
2
1
2
65
2
3
3
36
6
4
2
10
1
3
4
29
3
1
3
9
8
4
4
38
2
2
4
8
7
3
1
53
2
4
2
18
2
4
