2
8
2
2
4
23
4
3
4
54
5
4
3
13
5
3
2
1
1
4
2
7
1
3
2
7
3
4
3
67
15
4
2
54
1
4
2
11
1
3
1
34
11
4
2
39
1
3
1
16
2
3
4
22
20
2
3
47
3
4
2
49
1
3
3
61
7
3
1
41
1
2
1
26
2
1
2
18
3
4
2
41
4
4
1
38
2
3
3
63
5
4
2
31
4
4
3
14
10
3
1
47
1
2
4
14
21
4
3
35
3
2
3
1
1
4
3
39
5
1
2
10
1
2
1
43
3
3
3
66
9
4
4
39
2
3
3
13
9
4
1
40
2
3
2
26
4
2
2
40
1
3
2
26
3
4
4
60
5
1
3
28
1
1
4
36
2
1
2
28
2
1
1
35
4
4
2
9
2
1
3
41
3
1
2
63
1
2
3
52
12
1
1
7
2
3
4
17
12
1
2
36
5
4
1
66
3
3
3
60
3
2
1
40
3
4
3
65
15
1
3
25
8
1
4
27
6
1
3
68
7
2
4
52
11
2
1
14
20
2
2
1
3
4
2
17
2
1
3
45
7
1
2
66
3
1
1
45
2
4
2
68
4
2
3
8
10
3
2
47
1
2
2
9
3
3
3
7
4
4
4
26
12
3
4
4
1
3
3
52
7
3
4
2
4
4
1
1
2
4
2
31
2
1
1
8
6
3
3
54
1
3
1
37
1
3
2
23
3
2
1
43
2
4
4
11
5
3
2
38
3
3
3
49
5
1
1
27
2
1
1
68
3
1
3
42
3
2
3
44
4
1
3
12
3
2
3
23
19
4
4
53
13
4
2
54
2
4
3
49
1
2
4
27
3
4
3
15
3
2
2
60
3
4
2
6
1
3
1
3
3
4
2
68
3
2
2
11
3
4
2
66
2
3
3
45
3
2
4
49
8
2
1
6
1
4
2
30
5
3
4
15
17
1
3
28
9
4
4
49
5
4
1
61
2
1
2
27
3
2
4
9
24
3
4
18
10
1
3
11
22
3
2
33
1
4
4
7
5
4
2
27
2
3
3
23
14
4
2
13
1
3
3
15
16
2
1
68
2
2
4
12
6
3
2
4
1
4
1
13
2
3
3
39
2
2
2
61
2
1
4
42
2
3
4
16
7
1
3
71
4
3
1
25
3
2
2
5
3
2
3
9
9
4
1
55
2
3
4
31
11
2
1
3
6
2
2
37
1
3
1
54
2
2
1
52
3
3
1
49
1
2
4
33
8
1
4
55
12
3
2
34
3
3
1
44
2
1
4
40
5
1
2
35
2
1
4
35
1
1
4
25
3
3
1
67
2
3
4
47
4
1
4
6
26
1
2
52
7
1
4
52
16
2
4
23
2
4
3
55
1
2
4
45
7
2
4
55
8
3
1
65
1
3
4
4
21
1
1
12
4
1
2
53
1
1
1
11
4
1
3
31
5
4
2
3
1
4
3
18
20
3
1
30
10
1
1
42
1
4
4
29
11
3
4
67
9
3
2
60
4
1
2
22
1
2
3
37
2
2
2
65
2
3
3
40
3
2
4
11
11
3
3
38
4
4
4
65
3
1
4
32
2
2
3
53
8
3
4
18
17
3
1
31
16
4
1
33
2
4
1
11
12
4
4
38
7
4
2
12
3
2
1
13
3
4
2
52
2
4
1
15
2
1
1
67
1
3
3
41
1
4
1
55
1
4
4
63
8
3
2
45
2
3
3
16
2
2
3
54
2
3
4
71
1
1
3
18
4
3
1
33
6
3
3
7
2
2
4
66
4
2
1
44
1
4
3
16
3
1
3
43
2
3
1
32
7
3
2
3
2
1
4
13
4
3
1
27
1
1
3
1
5
2
4
2
2
3
3
12
7
2
3
66
3
1
4
44
9
1
2
67
1
4
4
26
11
2
4
35
2
3
4
1
2
2
1
31
11
4
3
30
2
2
4
16
2
4
4
36
3
1
4
3
7
3
3
37
6
2
1
17
6
3
4
47
16
3
4
63
11
2
1
53
2
3
4
34
11
1
1
53
1
3
2
55
1
1
4
60
1
3
4
8
12
1
3
60
23
4
1
17
2
2
3
33
24
4
4
53
15
1
1
29
3
4
4
42
4
4
2
45
3
4
2
28
1
1
2
16
2
4
4
68
3
1
3
14
8
2
1
71
3
2
3
34
11
3
2
63
2
4
3
11
6
3
4
15
5
1
2
42
2
2
4
1
13
3
1
16
4
1
3
47
1
4
3
17
2
2
1
47
3
1
2
49
2
4
3
32
1
4
3
2
9
1
2
53
2
3
3
4
2
1
4
22
8
1
4
14
27
3
3
44
8
2
1
71
2
2
3
10
23
2
2
55
2
1
4
38
4
3
1
36
2
1
3
68
17
2
4
25
2
2
4
54
12
2
2
2
3
4
1
39
3
3
2
2
2
2
2
41
3
2
1
28
1
4
3
32
10
3
4
71
4
1
1
25
1
4
2
42
1
2
1
1
3
1
4
17
25
2
2
4
2
2
3
6
6
3
1
30
11
2
4
5
20
4
3
27
17
3
3
65
6
3
2
43
3
2
2
39
3
3
3
36
8
2
3
29
18
4
3
17
13
4
3
33
1
4
4
41
4
2
4
41
2
3
2
65
4
4
1
9
8
1
2
47
4
4
4
61
4
3
2
10
2
3
1
29
2
1
4
12
2
1
3
35
1
1
4
37
14
3
2
14
2
3
1
23
2
1
2
44
5
4
2
44
1
2
4
33
9
3
3
5
3
2
1
66
1
4
1
35
2
1
2
35
1
4
1
26
3
2
3
27
7
4
4
67
15
1
1
5
1
1
1
22
1
2
4
32
13
4
2
33
2
4
4
37
1
2
3
71
2
2
4
45
3
1
2
36
3
2
4
65
10
2
4
44
3
3
2
15
2
1
3
3
8
3
2
13
3
1
2
40
4
2
2
29
1
1
1
5
2
4
1
32
3
3
2
6
3
4
2
32
2
4
3
38
2
2
2
29
3
4
1
39
4
3
2
71
3
4
2
14
3
4
3
42
1
3
1
63
2
3
4
43
2
2
4
34
1
3
2
16
3
4
4
5
26
4
1
41
2
1
3
3
9
4
4
8
9
4
2
22
3
1
4
30
7
4
2
8
3
4
1
28
2
1
3
36
3
3
3
43
6
4
3
67
36
1
4
9
21
1
2
34
2
4
3
53
7
1
2
61
1
4
1
6
2
3
1
14
6
4
3
40
6
4
1
18
9
4
4
31
3
4
1
54
1
4
3
9
10
2
2
5
1
4
4
40
8
4
1
22
3
3
2
17
3
1
4
39
7
4
2
37
4
2
4
10
19
3
4
28
9
3
2
30
3
4
2
67
2
1
3
2
1
2
1
23
3
4
3
26
5
4
2
43
4
2
4
43
3
2
4
10
31
4
1
34
6
2
1
2
3
3
4
66
1
1
3
22
10
3
1
2
6
2
3
31
28
1
3
6
2
3
1
4
3
2
2
12
2
1
3
10
11
4
3
55
14
3
1
15
5
1
4
61
11
3
1
42
2
4
2
23
2
3
1
38
3
4
4
3
15
2
3
26
4
4
3
34
8
2
3
5
2
1
3
8
3
2
1
9
1
3
3
63
11
3
4
28
7
4
4
6
12
4
2
71
2
2
2
25
3
4
4
68
13
1
1
18
5
2
2
38
4
1
1
36
3
4
1
4
7
2
1
61
1
4
1
12
17
1
4
13
7
2
4
29
14
2
3
30
17
1
3
61
10
1
2
15
3
4
1
10
5
4
1
60
2
3
1
37
2
3
1
10
2
4
1
65
2
1
2
25
1
2
1
8
16
2
2
18
4
2
2
32
3
4
3
25
4
1
1
7
4
4
1
60
1
2
4
30
3
3
3
29
19
2
4
7
2
4
3
22
3
2
1
45
1
1
3
4
18
3
1
52
2
1
1
49
2
3
1
63
1
2
