1
22
3
2
1
43
3
1
2
32
2
3
2
16
2
2
4
12
7
3
2
63
1
1
1
30
10
2
2
1
2
4
2
13
1
1
4
49
3
4
1
40
2
1
3
26
11
3
4
45
9
4
1
16
6
4
3
23
15
3
3
13
9
2
3
7
5
4
4
44
10
1
4
11
9
4
2
54
1
4
4
25
5
3
3
10
11
3
4
37
1
4
2
17
1
3
3
35
2
1
2
66
3
1
4
60
3
3
1
29
3
1
3
49
8
4
1
27
1
2
1
26
3
1
4
2
7
3
3
29
13
4
4
31
18
2
1
4
4
2
1
35
2
3
3
54
1
4
4
55
6
3
3
35
7
1
1
53
1
3
4
31
17
1
4
61
3
3
4
18
24
4
1
53
2
4
2
65
4
1
2
18
3
3
1
10
4
2
3
44
2
4
4
44
3
2
2
7
2
1
1
23
1
1
3
55
9
1
3
43
2
3
3
60
29
2
2
13
3
4
1
38
1
3
4
40
3
1
4
4
16
3
2
29
1
1
4
34
6
3
2
37
1
4
1
6
2
1
2
61
1
1
1
2
6
1
4
8
18
4
2
27
3
2
2
12
1
3
2
25
1
4
4
36
10
4
2
43
3
1
1
15
1
3
2
6
1
2
1
7
6
3
3
14
14
4
3
60
22
4
4
38
9
4
4
37
3
2
4
66
6
4
4
65
12
1
3
53
7
2
4
38
2
3
1
22
2
3
1
18
13
3
3
32
8
4
1
28
2
2
2
17
2
2
4
13
13
2
2
49
4
2
3
25
1
2
2
22
2
3
3
36
11
4
1
6
1
4
3
37
5
3
1
14
19
1
1
27
3
3
4
18
21
4
2
33
2
3
3
49
5
1
3
34
4
1
1
71
3
2
2
32
3
4
4
7
4
4
2
1
3
3
1
68
2
3
1
42
1
4
1
25
3
2
4
28
10
2
1
25
2
1
1
35
3
4
3
63
7
3
2
23
2
3
4
32
3
3
1
30
16
4
2
42
1
2
2
40
4
2
1
34
8
2
3
52
13
3
3
4
2
4
4
22
13
3
4
55
12
4
3
66
5
3
1
12
8
2
3
2
7
1
2
71
3
1
3
66
8
3
1
47
2
1
2
26
4
1
2
8
2
1
1
39
2
2
4
9
17
3
3
15
12
4
2
43
5
1
1
13
3
1
1
32
5
4
1
45
2
1
3
7
4
3
3
2
4
1
2
63
3
3
4
5
12
4
4
16
11
3
1
68
1
3
1
66
2
2
1
8
5
3
1
11
9
4
3
68
3
3
3
22
12
4
2
44
5
4
2
31
3
1
3
40
2
2
2
8
1
3
3
27
2
3
1
67
2
4
1
28
3
4
3
32
10
4
4
65
4
2
2
6
2
3
1
61
2
2
2
25
2
3
3
38
10
1
3
1
4
2
4
14
16
3
2
53
2
1
2
29
3
1
3
47
4
1
3
29
7
1
1
45
1
2
2
39
2
1
3
1
9
4
3
47
5
4
4
12
3
3
3
65
2
4
4
42
1
4
3
34
8
2
2
38
4
2
2
52
2
3
2
22
3
4
3
22
11
4
3
43
3
4
2
44
1
3
4
67
37
4
1
37
1
1
4
61
6
1
4
11
30
1
4
6
7
2
1
13
7
4
2
26
1
1
2
28
1
3
2
3
2
3
2
61
3
2
4
54
2
2
3
45
2
2
4
26
9
3
4
1
10
2
3
53
1
1
3
5
4
1
4
6
24
4
1
33
2
2
4
1
2
4
4
27
11
4
3
41
2
3
3
9
31
4
1
67
1
1
1
43
2
2
1
33
5
4
4
35
2
1
3
63
12
4
4
52
10
4
3
6
6
2
1
54
2
3
1
29
2
4
3
18
25
4
3
8
11
4
4
71
6
3
1
44
3
4
3
14
3
1
3
38
1
2
1
52
2
1
1
7
3
4
1
17
3
1
3
27
1
2
2
10
1
2
3
61
9
4
4
7
5
4
4
53
15
2
2
52
1
2
2
5
2
3
2
60
3
3
1
31
5
3
2
38
2
4
3
33
12
3
2
4
3
4
2
3
1
3
2
23
1
3
2
35
1
3
2
31
2
1
1
49
2
1
2
9
1
3
3
15
16
4
1
34
2
1
1
10
2
1
1
55
2
3
3
71
4
1
1
63
2
4
2
41
1
3
4
67
22
1
4
10
5
3
2
14
3
2
3
30
13
2
4
28
11
3
4
22
2
3
4
53
14
2
1
39
3
3
1
3
4
3
4
33
6
4
4
32
12
4
1
8
15
4
3
10
20
1
4
39
1
3
2
2
1
4
2
7
1
3
4
26
4
3
1
63
1
3
2
54
2
4
2
65
1
2
3
25
4
2
4
45
6
1
4
40
6
4
2
2
2
4
4
63
2
2
1
40
1
3
4
17
15
4
2
15
2
1
2
66
2
4
2
45
4
3
4
15
12
3
3
5
3
4
3
33
1
2
1
71
1
4
3
71
2
4
4
41
4
1
2
53
3
4
2
11
3
1
1
18
7
3
3
9
18
4
4
36
14
4
2
34
2
1
4
13
3
2
4
23
15
4
3
36
2
3
4
29
12
1
4
68
17
2
3
11
7
2
1
52
1
3
2
39
3
3
1
66
1
3
3
8
6
3
4
60
5
3
4
71
1
3
2
60
1
1
3
16
1
1
2
5
1
3
1
12
16
3
2
41
5
2
1
61
3
3
3
40
6
1
3
61
7
1
4
25
7
1
2
36
5
2
4
5
23
2
2
68
1
4
4
27
6
3
4
47
17
3
2
10
2
4
3
67
10
3
2
55
2
2
1
41
3
2
2
67
2
2
1
36
3
1
1
23
3
3
3
28
8
4
2
47
3
3
1
5
2
1
4
54
8
1
4
23
22
2
3
16
6
1
3
18
15
4
4
2
4
4
3
3
3
3
3
42
2
2
4
49
4
4
4
34
12
3
3
44
5
4
4
3
20
3
2
28
3
1
3
52
7
2
1
49
1
4
1
37
2
4
1
9
10
1
4
10
21
2
1
11
10
3
1
4
7
3
1
65
2
1
2
68
3
2
1
65
1
3
1
31
11
1
1
16
3
1
4
47
8
3
1
47
1
1
1
9
12
2
4
4
8
1
1
44
2
2
4
68
5
4
3
31
1
3
3
28
16
2
3
17
13
2
1
42
2
1
3
65
7
3
3
45
4
1
3
6
2
3
4
30
8
1
4
30
6
3
3
12
1
1
2
71
1
1
2
9
2
2
3
31
29
3
3
4
17
1
2
33
1
4
4
33
5
2
2
40
3
1
4
52
21
1
4
66
5
1
1
54
3
3
4
39
2
2
2
37
3
4
1
2
4
1
3
26
1
4
4
43
8
3
4
3
5
1
3
67
31
2
3
3
1
1
1
1
1
4
1
26
2
3
4
42
2
2
4
9
14
4
2
12
3
2
2
15
3
1
3
12
6
2
2
45
3
3
3
30
25
3
1
3
10
1
3
13
1
1
3
41
1
1
3
23
5
1
1
5
1
1
2
36
3
2
4
29
7
2
1
15
3
1
3
68
11
1
4
43
5
3
1
55
1
1
2
34
1
4
2
30
4
3
3
55
14
3
2
4
1
3
3
39
1
3
4
16
8
4
2
16
1
4
1
14
22
4
2
11
1
3
4
8
6
4
3
39
10
1
2
18
4
1
1
60
2
3
1
32
2
2
2
55
3
3
2
27
2
3
4
41
2
2
4
17
5
3
2
42
3
1
2
47
1
2
2
67
1
3
1
41
1
3
1
60
1
3
3
11
21
2
3
42
4
4
4
15
20
4
1
17
15
3
3
17
6
4
4
14
21
4
2
30
3
3
4
35
1
4
1
1
2
3
3
37
1
1
2
35
3
3
2
14
1
4
1
38
3
3
4
63
12
1
3
54
2
2
1
36
1
3
2
49
1
1
