4
43
12
4
1
34
8
4
1
12
3
4
4
68
5
1
2
39
1
3
4
15
10
4
1
17
6
2
1
40
1
3
3
13
5
4
3
47
10
1
2
4
3
3
3
27
1
1
4
54
7
4
4
55
4
4
4
71
5
3
4
45
11
3
2
65
1
3
4
39
3
4
3
16
4
4
3
60
22
3
2
42
3
1
3
53
7
2
2
26
2
4
4
42
1
4
4
67
2
1
2
61
3
3
1
45
2
1
3
6
1
2
2
30
2
4
2
17
1
1
1
60
1
3
4
40
1
1
2
43
2
1
2
47
1
1
2
31
4
3
1
63
2
3
3
2
4
2
1
54
1
1
3
37
4
2
2
35
3
2
3
54
1
3
1
4
7
4
1
52
2
2
2
7
1
1
3
23
4
2
2
7
2
2
4
7
4
4
2
13
2
4
2
36
5
1
2
25
2
2
4
36
2
4
4
49
1
4
4
52
9
3
2
15
3
3
4
6
27
1
2
42
1
3
4
5
7
1
1
16
3
3
2
40
1
1
1
36
1
3
2
43
5
2
3
16
3
4
1
38
1
4
1
44
2
4
2
29
3
1
1
14
5
3
3
61
3
1
2
14
1
2
3
36
3
1
4
38
9
3
4
13
4
2
1
55
1
2
2
25
1
2
1
10
7
4
4
14
22
2
4
17
20
1
2
34
1
4
3
67
8
1
4
13
11
3
3
44
1
4
4
3
3
1
3
63
6
3
3
15
6
4
4
47
11
4
1
7
9
3
4
4
26
2
4
9
21
3
2
36
1
2
2
28
2
4
2
53
2
2
2
12
3
3
3
6
3
1
4
29
13
2
1
39
2
3
2
14
2
4
2
67
1
4
1
4
6
2
4
28
5
2
4
35
4
4
3
68
15
2
3
31
26
4
4
41
2
1
2
27
2
1
2
8
3
3
1
17
11
4
3
5
5
2
3
66
3
4
1
30
17
4
1
65
2
4
4
2
7
3
2
55
2
1
1
28
3
1
3
40
3
3
4
8
2
4
3
41
3
2
2
54
2
1
4
27
6
4
4
61
1
3
3
29
16
2
2
2
1
4
3
12
2
2
1
32
3
2
4
9
17
1
3
8
1
4
4
18
18
4
2
29
2
1
2
27
3
2
3
5
1
1
4
61
9
2
1
61
2
2
2
33
2
3
4
32
6
2
3
44
10
1
1
42
2
3
4
4
6
2
4
42
3
2
4
28
9
1
3
7
1
2
2
53
1
3
4
36
1
2
3
38
10
1
1
27
3
4
4
60
6
4
3
18
10
4
4
34
11
1
4
65
1
3
3
39
8
3
1
8
6
4
2
55
1
4
1
29
2
1
4
14
18
1
1
41
2
2
2
54
1
4
2
11
3
4
2
6
3
1
3
34
9
2
4
71
6
2
1
25
2
1
3
14
8
4
1
43
1
3
1
2
1
4
2
61
2
4
4
10
31
2
1
38
2
3
2
2
3
4
2
45
4
1
4
30
5
3
1
47
2
2
1
33
7
3
4
12
1
4
3
14
22
4
3
23
3
2
1
16
2
2
1
27
1
1
3
11
6
1
2
1
3
3
1
49
1
1
2
41
2
1
2
11
1
1
2
60
2
3
4
53
12
3
1
22
1
4
4
16
12
3
2
34
3
1
3
4
3
4
3
29
15
3
2
13
3
1
3
33
20
4
3
35
6
4
1
42
1
2
4
8
9
1
2
30
4
3
2
5
1
4
4
60
3
3
4
15
19
1
1
9
14
4
3
65
3
1
4
17
13
4
3
22
6
3
4
47
3
4
2
45
3
3
2
38
1
3
3
42
4
3
1
71
1
3
2
65
3
2
1
29
1
3
3
67
35
4
3
55
3
1
1
71
3
1
4
54
8
3
3
1
3
4
1
60
2
1
4
41
3
3
3
26
1
2
4
49
7
2
2
32
2
3
4
10
6
4
4
26
12
4
4
45
12
4
3
63
7
1
4
6
6
2
3
12
6
3
4
23
10
1
1
52
1
2
1
3
2
4
3
52
18
2
1
32
5
3
4
22
3
4
2
23
3
2
1
8
9
2
4
66
2
2
2
16
3
2
1
30
12
4
1
22
2
3
3
28
12
4
2
66
3
1
2
4
2
1
3
10
13
1
2
1
1
2
4
2
8
1
2
18
3
2
1
53
2
2
3
40
5
1
3
55
6
4
4
26
5
1
1
40
3
1
1
39
1
1
3
18
9
1
1
66
2
4
3
33
5
4
3
49
2
4
2
37
4
2
1
61
3
3
1
55
2
3
2
38
2
2
4
25
9
3
2
23
2
2
4
1
6
2
3
10
16
2
4
44
1
4
3
47
5
2
3
71
4
4
4
43
5
3
2
37
2
4
2
3
3
2
1
6
2
1
2
71
2
1
1
15
5
2
3
30
15
2
2
49
3
3
1
15
2
1
3
17
2
1
4
39
1
4
2
8
2
1
4
1
9
1
4
65
4
4
3
31
17
1
4
40
8
3
3
39
5
3
4
31
24
4
3
65
10
1
3
45
3
1
1
68
1
1
4
33
6
4
3
34
6
2
4
23
4
1
4
68
8
3
4
29
5
3
1
53
1
1
3
42
1
3
3
53
3
1
4
22
8
3
3
32
6
4
4
34
13
4
2
47
4
1
3
15
11
1
3
27
10
3
1
1
1
4
1
33
6
2
1
36
3
4
4
52
8
3
4
16
11
2
2
40
2
4
1
54
2
4
2
68
1
4
1
65
1
4
3
22
4
2
1
18
9
4
1
45
1
2
4
55
2
1
1
35
3
2
1
6
1
4
2
6
1
1
4
37
11
4
3
71
1
4
2
39
2
1
2
44
3
4
1
1
3
2
3
8
12
1
2
12
1
3
3
17
13
2
3
43
3
3
1
5
2
4
3
41
4
1
1
49
2
2
2
22
2
1
4
37
8
1
1
26
1
1
1
12
4
3
4
32
9
1
4
12
9
1
2
17
3
3
2
16
2
3
3
25
9
2
4
30
6
1
1
2
4
1
3
26
12
3
4
25
2
1
3
38
4
2
2
68
2
1
3
13
8
2
2
35
2
2
3
54
2
1
1
34
11
3
3
52
12
4
2
32
3
4
2
5
3
1
4
27
12
3
1
13
6
2
3
49
6
2
2
33
3
3
1
7
8
2
1
31
6
4
4
7
5
3
2
3
1
1
4
38
2
4
1
28
1
4
3
45
7
4
2
10
3
4
1
66
1
3
2
63
2
3
3
28
4
3
3
60
7
1
4
5
10
2
1
11
6
3
1
23
1
1
3
11
20
2
2
52
1
4
2
26
3
1
1
63
1
1
3
7
3
1
4
67
21
2
4
53
1
1
1
13
2
1
1
26
2
4
3
4
5
3
3
1
10
4
1
47
3
4
1
10
4
2
1
5
1
2
1
9
1
3
3
35
2
4
2
44
2
4
2
18
4
4
3
30
9
3
4
63
6
1
2
9
2
3
2
9
1
1
1
37
2
1
4
66
3
4
3
3
10
1
2
15
2
3
1
3
10
4
3
68
2
2
4
33
5
3
1
25
1
4
1
67
1
3
4
3
20
1
3
9
27
1
3
61
7
3
2
31
5
4
2
10
2
1
1
11
5
3
3
9
26
3
1
23
2
1
4
63
3
3
2
67
2
4
1
31
13
4
2
41
3
4
3
3
8
3
1
43
3
4
2
49
2
4
3
36
14
4
1
67
3
4
4
11
1
3
1
35
1
1
3
43
4
4
3
2
6
4
1
41
3
4
4
18
10
3
4
11
30
3
2
28
3
2
2
60
4
2
2
66
2
4
1
18
2
2
1
37
1
3
1
14
18
4
3
25
3
1
2
63
3
3
1
68
3
2
3
37
7
2
2
71
3
3
4
35
2
2
2
52
3
3
1
44
1
1
2
22
3
3
3
66
4
3
3
32
9
3
4
31
28
4
4
44
11
4
