2
33
2
3
2
71
2
4
1
45
2
2
3
22
2
3
1
4
3
1
3
61
5
2
3
17
14
4
3
8
17
1
4
14
2
1
3
68
10
1
1
42
1
3
3
9
4
3
1
67
2
2
2
16
2
2
4
36
13
3
2
29
3
4
4
34
13
3
1
23
1
2
4
5
27
1
3
11
5
2
3
9
9
3
2
44
3
4
3
27
16
3
1
53
2
4
1
22
2
2
2
55
3
1
2
43
3
3
2
3
1
4
1
28
1
4
3
55
10
4
3
29
5
2
4
65
11
4
3
41
4
3
2
8
2
1
4
68
2
2
4
3
17
3
1
8
1
2
4
29
6
3
2
3
3
4
4
2
7
3
4
8
19
1
3
63
7
2
3
10
9
1
3
16
1
1
3
41
1
4
3
67
9
1
3
12
6
3
2
66
3
3
2
40
3
2
2
15
3
3
4
66
2
3
4
67
26
1
4
44
8
4
1
55
2
1
2
7
1
3
2
52
5
3
1
27
2
2
2
2
3
3
2
33
1
2
4
61
2
1
1
61
3
4
1
28
2
2
2
47
4
1
4
30
6
4
1
47
1
1
2
63
2
1
4
40
2
4
2
17
1
3
3
37
8
2
1
7
11
4
2
13
2
1
1
11
7
2
3
39
7
2
1
44
2
4
1
10
3
4
1
2
6
3
2
45
4
4
3
36
15
3
2
1
1
3
1
22
1
1
4
5
12
1
3
47
5
1
1
37
2
2
3
39
5
4
4
33
6
4
1
35
4
3
1
65
1
4
2
29
2
2
1
38
3
1
1
43
3
1
4
71
4
4
1
13
8
4
4
26
11
4
2
16
3
3
3
5
1
2
1
37
1
2
2
2
1
4
4
25
5
1
1
49
1
1
2
28
1
1
4
65
15
1
1
15
3
4
3
5
2
2
1
38
1
4
4
9
2
2
2
10
1
2
4
45
11
2
2
36
2
4
4
33
11
2
3
17
7
1
3
30
4
3
2
4
1
4
1
54
1
4
1
67
1
2
1
17
2
3
2
43
5
2
1
68
1
2
2
8
1
3
4
8
12
2
2
31
5
3
3
40
2
3
4
66
3
3
4
31
8
4
3
44
4
2
3
55
5
3
3
12
3
4
1
36
2
3
4
27
12
4
2
38
3
3
1
30
11
3
3
4
13
1
2
44
4
1
4
4
3
4
2
27
1
2
3
38
2
3
1
34
3
4
4
11
24
1
1
14
10
2
4
43
6
3
1
39
4
4
4
49
1
3
3
25
2
1
1
12
11
1
2
68
1
2
3
47
6
1
2
63
1
3
1
25
3
2
2
30
2
1
3
3
5
3
1
10
8
3
4
6
7
2
3
23
16
1
2
55
1
4
3
1
8
3
4
34
10
3
3
60
30
2
2
37
3
2
1
11
2
4
2
12
3
1
3
32
3
3
4
41
1
3
4
28
10
2
4
32
7
3
3
30
17
1
3
54
1
1
1
54
3
4
2
22
2
3
2
53
2
4
1
63
1
3
4
23
9
3
3
31
16
2
4
17
17
4
4
7
9
2
2
65
3
4
2
5
1
3
4
15
2
4
4
1
13
1
1
71
2
4
1
29
2
3
2
66
1
3
2
67
2
4
4
53
10
1
3
43
6
3
4
17
13
4
1
13
3
1
1
41
2
3
2
42
4
1
3
35
2
1
2
17
3
3
4
10
26
2
2
15
2
2
4
43
12
4
4
36
12
1
2
68
2
4
3
37
11
1
3
34
11
4
4
13
3
4
2
49
3
4
3
18
14
1
2
23
2
3
1
36
1
2
2
40
4
2
4
52
6
3
4
27
2
4
1
5
2
3
4
22
6
2
3
36
4
3
4
29
16
1
1
30
21
3
4
55
9
4
4
32
13
4
4
55
4
4
4
54
3
3
2
65
4
2
2
18
3
4
3
52
6
3
4
60
8
4
2
32
2
2
3
8
5
2
3
54
2
2
4
35
5
3
2
35
2
2
1
34
8
3
1
33
6
2
1
26
1
1
2
39
4
2
3
26
2
2
2
22
3
2
2
41
2
3
4
11
30
2
2
52
6
4
1
3
10
1
3
71
3
3
4
23
7
4
4
16
2
1
2
61
3
1
1
41
1
2
2
10
2
2
2
54
1
3
4
45
9
2
4
35
4
4
1
33
2
3
3
28
9
3
3
3
1
4
1
1
1
2
1
2
3
4
1
12
7
2
1
60
1
1
2
30
4
1
2
6
3
1
2
32
4
4
4
3
1
1
4
67
8
2
3
65
10
3
1
17
6
3
2
11
1
1
1
14
12
3
1
9
10
4
3
43
8
1
4
71
2
4
1
39
2
2
1
18
10
4
3
68
12
1
2
14
3
4
2
71
1
4
1
1
3
1
1
16
3
3
3
14
7
2
3
7
4
1
2
61
1
3
1
4
7
1
4
2
2
4
2
1
2
2
4
12
4
1
1
31
8
2
3
13
2
3
4
1
2
2
3
7
2
2
3
31
8
2
2
9
3
4
2
25
3
3
3
45
4
1
2
49
4
2
1
44
1
2
3
27
1
1
1
15
2
1
1
43
1
1
2
37
4
2
1
40
2
4
4
25
1
2
4
10
9
2
4
49
3
4
1
60
2
1
1
66
2
2
2
26
1
2
2
13
3
2
3
26
4
4
3
18
17
2
3
38
5
1
2
54
2
4
2
4
2
3
3
60
13
1
1
35
2
3
2
39
3
4
4
42
4
4
2
36
1
1
3
53
6
3
4
38
5
4
4
15
7
1
4
38
1
4
2
23
3
1
4
52
8
1
3
65
3
4
4
53
1
1
1
3
3
2
3
28
1
3
4
6
20
2
4
68
3
4
3
53
7
3
4
47
16
1
2
18
1
3
1
65
2
3
1
23
3
4
3
11
21
2
1
45
1
4
1
49
2
2
1
8
11
4
4
14
5
2
3
2
5
2
2
35
3
3
2
9
2
4
2
67
1
2
4
47
4
3
2
38
2
4
4
37
8
4
1
55
1
1
3
13
7
1
1
31
6
4
2
11
2
2
1
7
5
1
3
29
14
2
3
66
7
4
2
27
2
3
4
61
3
2
4
30
4
3
2
41
3
3
4
26
5
3
1
66
3
2
1
52
1
2
2
28
3
2
3
2
10
2
2
47
2
1
3
33
11
1
1
68
2
3
3
4
19
2
1
42
2
4
3
52
7
1
2
7
3
2
1
6
2
3
3
22
9
2
2
31
1
1
3
1
4
4
1
63
2
4
3
67
6
4
4
13
2
2
1
47
3
3
3
34
8
3
2
60
3
2
1
9
5
2
3
15
1
2
2
34
2
2
3
23
18
2
3
10
10
3
2
5
2
3
2
14
2
2
4
18
16
1
4
39
10
4
3
6
2
1
3
66
4
1
2
34
1
2
2
45
2
2
3
49
3
3
2
53
1
3
4
18
22
1
2
12
2
3
4
37
10
4
2
6
2
2
2
60
4
2
1
53
1
4
1
26
3
2
3
42
2
3
3
6
3
2
3
61
6
3
4
41
3
1
4
16
11
2
3
40
6
4
1
71
1
4
4
4
23
4
1
29
3
2
4
40
3
1
2
42
2
4
4
28
9
2
2
26
4
4
3
15
16
1
1
16
4
2
3
16
3
1
3
42
3
3
3
33
8
1
3
44
2
4
4
31
21
2
4
63
1
1
4
7
2
4
3
14
22
1
1
40
3
1
1
27
3
1
4
22
19
3
4
60
3
2
2
25
1
2
3
63
6
1
4
63
2
2
1
32
4
2
1
52
3
1
3
49
7
1
3
32
6
1
4
54
5
1
1
18
1
2
1
25
2
3
3
71
4
2
1
6
1
4
4
39
3
2
1
5
1
2
4
42
5
4
3
35
4
3
4
12
9
4
1
61
2
2
3
25
7
2
4
9
15
2
3
45
5
4
4
44
10
4
1
32
2
2
