4
18
1
2
2
3
2
3
3
28
4
3
1
55
2
3
1
52
3
3
1
54
1
4
3
66
6
2
3
30
22
1
4
29
12
2
4
15
23
3
2
71
1
2
4
34
5
2
2
13
2
1
4
7
8
4
1
29
3
4
1
61
3
3
2
22
2
3
4
12
4
4
1
38
2
2
2
49
3
2
2
67
2
3
2
38
1
1
1
23
2
4
4
11
31
1
4
71
1
1
3
22
10
1
3
27
5
1
2
30
4
3
2
63
1
1
1
11
6
3
4
22
3
4
1
34
11
4
2
4
1
1
3
12
5
3
4
11
4
2
4
23
6
2
1
10
3
3
4
26
8
3
2
28
3
3
4
29
4
2
1
67
2
1
1
12
9
4
4
55
9
4
2
15
1
3
3
60
5
1
1
17
16
1
4
45
7
3
3
33
20
4
1
28
1
1
4
8
3
1
1
67
3
2
1
34
6
2
1
65
2
3
3
34
10
1
3
36
1
1
1
66
2
3
2
47
2
3
3
35
8
3
4
36
4
4
3
39
6
1
4
65
7
4
1
45
2
4
3
30
19
4
4
22
11
3
3
43
4
1
3
25
1
1
3
9
31
3
1
4
4
2
4
4
16
2
2
7
2
3
1
1
2
4
4
26
5
4
1
26
3
2
4
61
6
2
3
8
12
1
3
43
8
2
3
49
2
1
2
14
3
1
1
28
2
1
2
16
3
4
3
52
13
4
3
37
8
2
1
43
2
3
4
3
18
1
3
47
8
3
2
43
5
3
4
32
10
1
2
38
5
2
1
40
3
3
1
30
6
1
4
25
4
1
4
39
7
3
4
38
4
3
2
8
1
3
4
25
9
1
3
6
1
2
2
65
2
4
4
6
9
4
2
10
3
3
2
5
3
2
2
30
3
2
4
37
1
2
1
18
3
3
1
18
10
3
4
49
2
4
2
12
1
4
3
3
9
4
3
32
10
2
3
35
6
1
4
33
4
1
1
6
1
2
2
37
2
1
2
4
2
2
2
28
2
1
1
13
3
1
4
17
13
3
2
52
3
2
2
63
3
2
3
8
17
2
1
26
1
2
2
32
4
1
3
14
14
1
2
65
4
1
2
11
2
2
1
14
14
2
3
1
8
3
2
60
1
1
4
40
1
1
2
17
3
1
2
35
2
3
4
44
1
4
3
61
3
1
2
9
2
1
3
63
5
4
4
8
13
1
4
10
30
2
2
22
1
2
3
38
1
2
3
29
7
2
4
4
12
3
4
68
4
2
3
16
4
3
1
36
2
1
2
12
3
2
4
5
27
1
4
54
7
3
4
68
2
1
2
16
2
1
1
43
3
3
1
60
1
1
4
12
10
4
1
29
2
4
1
12
6
4
2
68
4
2
4
33
1
4
1
49
2
3
4
42
1
1
2
36
3
2
3
44
3
3
2
47
4
4
3
67
34
1
1
25
3
1
1
53
1
4
4
27
6
1
4
39
10
2
4
42
4
3
1
45
1
3
4
63
9
2
4
61
3
3
1
25
1
3
2
33
2
1
4
52
11
2
4
15
10
2
1
35
3
1
1
22
1
1
4
67
31
4
2
29
2
1
2
1
1
4
3
52
5
2
1
42
2
3
4
5
21
2
2
26
1
2
4
9
10
1
2
2
1
2
3
45
4
4
1
15
3
3
2
39
3
2
4
17
16
4
2
25
3
3
3
26
6
2
3
15
4
2
3
61
11
1
1
55
1
2
1
2
6
3
2
2
2
4
1
63
1
4
3
10
14
1
4
47
9
3
1
5
2
4
4
60
2
3
4
13
11
3
1
39
4
3
3
65
18
3
3
23
5
4
4
14
17
1
1
14
22
1
3
33
16
2
1
68
1
4
3
5
1
2
2
27
1
1
4
3
5
3
1
47
2
4
1
42
1
4
1
52
1
3
2
66
2
4
2
60
2
2
1
13
8
3
2
6
3
2
2
34
3
4
3
22
9
3
3
42
4
3
4
9
24
2
3
41
2
3
2
26
4
2
4
63
3
3
3
63
9
1
2
71
3
4
4
28
4
2
2
31
2
1
3
27
7
4
1
41
2
3
2
17
1
1
1
7
4
1
3
7
2
3
3
36
13
1
4
2
1
4
3
54
2
2
3
37
10
1
4
53
9
2
4
47
2
1
2
31
1
4
2
68
2
4
2
42
2
1
2
14
1
3
4
23
19
1
1
60
2
4
4
44
9
4
2
61
3
3
3
71
4
4
1
31
13
4
2
53
3
3
2
1
3
3
2
43
3
3
4
30
3
3
4
1
14
1
3
4
24
1
1
54
2
3
4
6
29
1
2
23
1
3
3
3
10
2
3
7
1
2
3
11
8
2
3
40
6
3
3
16
7
4
4
55
5
2
3
44
8
3
2
52
2
4
4
52
19
1
2
15
2
1
3
17
8
3
3
31
23
4
1
44
3
3
3
39
8
3
2
44
4
2
3
14
23
1
2
41
4
4
1
65
1
2
1
23
3
2
4
32
5
4
2
45
2
3
3
10
11
3
3
67
30
4
3
2
9
1
1
44
1
4
4
18
13
3
2
40
1
3
1
1
1
2
4
31
18
3
4
35
1
1
1
4
5
4
1
61
2
1
1
47
3
3
2
11
1
3
3
68
1
2
3
55
16
4
2
61
2
2
4
36
11
4
1
36
1
4
4
66
2
2
2
29
1
3
1
10
4
2
4
38
7
1
2
66
1
4
3
55
6
1
1
8
17
3
1
32
3
1
2
13
3
3
3
9
19
2
4
41
3
4
3
18
22
3
2
23
2
3
1
53
2
1
3
1
1
4
1
6
2
3
2
34
2
2
4
37
2
1
2
41
3
1
2
32
3
3
2
18
3
2
2
42
4
1
1
63
2
3
2
27
3
3
4
31
20
2
2
33
3
1
3
42
2
1
2
49
4
4
3
13
7
2
2
55
3
2
2
8
3
2
4
16
7
2
1
37
2
2
2
67
1
1
1
33
2
4
1
3
8
3
1
27
2
1
4
40
3
1
4
45
12
3
3
4
21
3
3
71
5
4
4
2
2
4
1
16
2
3
1
31
11
4
3
26
11
1
2
18
1
3
1
49
1
3
2
39
1
2
2
44
1
3
1
40
2
2
1
33
3
2
3
53
5
1
3
32
5
3
3
60
8
2
2
53
2
4
4
14
31
4
3
54
1
3
3
18
1
2
1
71
2
2
4
27
5
2
2
54
1
1
1
17
14
3
4
53
3
4
4
10
3
4
2
25
2
2
1
22
2
1
4
7
1
2
1
11
1
3
1
15
1
4
4
43
1
1
4
49
3
1
1
7
3
1
4
66
5
1
2
45
1
2
2
37
4
4
1
32
2
1
3
12
1
4
2
40
4
3
4
13
3
2
3
17
7
4
1
35
4
2
3
25
2
2
1
38
3
1
3
11
4
2
3
65
5
2
3
34
8
1
3
41
4
2
3
23
18
4
3
66
3
1
2
55
2
1
4
1
5
3
1
5
1
2
4
34
14
3
1
37
1
3
4
71
2
1
3
49
4
2
1
9
13
2
1
39
2
2
1
27
1
1
1
9
3
1
2
3
3
1
1
71
3
3
3
5
5
4
3
45
5
1
3
40
2
4
1
3
2
2
4
54
9
3
2
36
4
4
2
7
1
4
3
31
26
4
3
38
2
1
4
35
3
3
1
8
15
1
2
10
2
3
3
6
3
2
1
41
3
1
4
60
1
4
3
2
7
3
3
53
3
1
3
28
12
3
4
41
2
3
1
66
1
4
3
15
6
4
4
65
12
4
1
16
4
2
4
67
28
1
3
13
4
4
1
30
8
3
4
16
2
3
3
68
12
3
4
28
11
2
3
29
15
4
4
43
11
4
2
54
2
3
2
35
1
3
3
47
3
1
1
68
2
4
1
2
7
1
2
6
1
1
4
30
2
4
2
5
2
1
2
9
1
1
