1
18
9
4
2
22
2
2
3
34
10
3
3
32
1
3
1
44
4
2
4
49
3
1
1
66
1
4
3
67
13
3
1
49
1
2
3
36
1
3
4
35
5
3
2
4
2
1
3
18
12
2
2
13
2
1
3
18
21
3
2
31
1
4
4
60
3
3
4
9
29
1
4
9
16
2
1
16
3
1
2
54
2
2
1
1
3
4
3
11
6
3
2
6
1
4
1
34
9
4
3
60
25
1
3
33
7
4
4
10
17
1
3
32
11
1
1
68
1
1
1
41
1
1
4
37
3
3
4
33
8
4
1
12
13
1
2
45
1
3
3
1
7
2
3
9
5
4
1
28
3
4
1
55
2
2
2
26
1
2
4
17
13
2
4
55
12
2
2
28
2
2
1
23
1
2
2
32
4
4
2
42
1
1
4
2
6
3
1
25
3
1
4
66
2
3
4
42
3
1
3
28
11
4
4
33
11
2
3
1
3
4
2
29
3
3
2
36
1
3
2
66
2
4
4
22
14
3
3
47
4
4
2
2
3
2
1
65
1
4
1
33
2
4
1
27
2
2
2
63
1
1
4
34
7
2
3
40
5
4
2
23
2
3
2
17
3
4
3
53
1
2
2
61
1
2
2
6
3
1
3
43
8
2
1
37
1
3
1
45
2
4
2
37
4
1
3
23
16
1
3
7
1
4
2
35
3
2
1
28
2
3
4
71
4
4
4
28
2
2
4
2
12
1
1
43
3
1
4
65
2
1
1
7
7
3
1
15
3
1
3
63
5
1
1
45
1
3
3
17
10
4
2
44
4
4
3
26
4
3
4
1
12
3
1
22
1
3
1
38
2
4
4
41
2
1
1
12
18
1
4
14
28
1
1
6
2
2
2
18
1
1
4
40
8
1
4
68
16
2
1
52
3
3
1
18
14
4
4
1
13
4
4
42
1
1
2
28
1
4
2
32
3
3
4
67
13
4
1
4
1
3
2
33
2
3
2
15
2
4
3
22
12
4
3
39
4
1
2
43
5
2
4
39
6
4
4
23
13
1
4
30
1
2
2
53
2
1
4
5
27
4
4
13
7
4
3
42
4
2
4
44
13
1
2
22
3
1
4
32
14
4
2
54
1
2
4
12
7
1
2
16
2
1
1
60
2
4
4
60
8
1
4
55
5
4
3
27
12
3
1
37
2
1
2
37
2
1
4
38
6
2
3
43
3
1
1
38
1
2
3
61
9
2
4
22
15
2
2
27
2
3
2
11
3
4
4
25
8
4
2
33
1
1
3
52
3
1
1
63
2
2
1
26
1
1
1
16
4
1
3
3
6
3
4
8
18
3
3
22
9
3
2
41
5
2
2
3
1
1
1
31
12
2
1
35
4
1
3
67
33
3
4
61
9
4
3
2
2
1
2
16
1
1
3
53
2
3
4
37
7
1
3
39
8
3
3
13
1
3
4
53
11
1
2
71
1
2
3
33
14
3
2
9
1
4
3
28
13
1
2
7
1
4
2
9
3
4
2
38
1
1
1
2
3
1
2
47
2
1
3
54
1
1
3
6
1
4
1
25
2
4
1
10
2
3
2
30
3
2
1
14
22
1
4
4
9
3
4
26
2
3
3
4
23
1
1
29
1
2
3
15
8
2
2
44
1
3
1
42
1
1
4
68
15
4
4
31
19
1
1
9
8
2
3
9
22
3
4
16
7
2
2
49
1
1
2
39
3
1
1
32
2
1
2
45
3
4
3
34
5
1
2
11
2
2
4
16
2
2
1
41
3
4
3
71
1
2
1
14
9
2
4
43
8
3
1
33
1
4
2
3
3
4
1
3
4
1
3
63
6
4
3
71
2
3
3
30
3
1
2
67
2
2
1
61
2
1
2
41
3
4
3
45
4
4
4
11
5
2
1
27
1
3
3
47
10
3
4
65
10
4
4
28
8
2
2
7
2
1
4
17
4
2
3
37
6
4
2
29
2
1
2
67
1
4
3
6
3
1
2
61
2
2
1
71
3
2
2
35
1
3
1
30
8
4
1
49
2
4
2
17
1
1
4
15
18
4
1
63
1
4
1
11
11
2
3
5
5
1
3
65
17
3
4
25
5
4
2
47
3
2
3
52
2
4
4
6
17
4
3
26
3
4
4
6
27
4
1
30
6
2
1
47
1
2
4
47
9
3
3
23
15
2
4
13
1
1
3
65
20
4
2
36
5
1
3
12
2
4
3
12
6
1
1
47
2
2
4
5
25
3
4
14
21
2
3
37
5
2
3
54
2
1
1
36
3
1
2
65
1
3
1
36
2
1
3
66
6
4
1
31
14
1
4
31
18
1
4
18
12
3
2
10
2
2
1
55
1
1
4
45
12
3
1
9
14
2
1
2
5
3
4
45
4
2
1
5
1
1
1
39
1
1
1
65
2
4
1
15
5
2
2
23
3
2
3
40
4
3
3
44
6
1
3
61
7
1
2
66
1
2
3
13
8
3
4
43
10
3
3
5
3
4
2
18
3
3
1
23
3
4
1
71
2
2
3
29
12
4
3
45
5
1
3
16
8
4
4
67
22
4
4
30
3
1
2
60
1
2
1
67
2
1
2
10
3
4
1
68
3
1
3
11
1
4
4
61
4
4
3
49
1
2
1
8
5
4
3
17
12
4
2
49
2
2
1
54
1
3
4
18
5
1
4
29
1
2
2
65
3
3
2
4
3
1
1
52
2
1
3
60
32
1
4
4
17
3
4
36
10
2
3
44
3
3
1
10
1
3
2
25
1
4
3
8
9
2
3
68
3
1
2
27
1
4
2
39
2
3
3
8
12
2
2
14
3
1
4
52
14
2
3
3
3
2
3
49
8
3
1
34
2
3
3
68
17
2
3
41
1
2
3
31
23
3
3
36
13
3
4
54
7
4
2
68
3
3
1
61
1
4
1
44
2
2
2
43
2
2
1
54
3
2
1
53
2
2
4
10
8
4
4
35
4
1
3
66
7
4
3
7
3
2
3
29
14
4
1
53
1
3
1
7
2
1
2
68
4
3
4
8
9
3
1
39
3
4
3
27
16
1
4
11
9
3
2
63
3
3
4
3
8
3
3
35
5
2
2
55
2
3
1
32
1
3
3
41
4
3
4
71
2
1
4
15
3
3
3
35
3
2
2
52
3
2
3
15
9
4
1
67
3
4
4
47
3
1
4
39
8
3
2
40
2
2
3
10
22
2
2
1
2
3
3
30
8
3
4
40
7
1
2
5
2
1
4
23
23
1
1
8
7
1
2
40
3
3
3
25
3
3
4
49
6
2
3
38
12
3
3
55
8
3
1
29
3
2
2
14
2
1
4
34
2
2
4
53
14
3
4
27
12
1
1
42
2
2
3
31
3
3
4
29
4
3
3
55
9
3
1
66
3
4
1
6
1
4
2
52
7
4
2
71
3
2
2
55
1
3
2
31
3
1
4
12
5
2
2
8
1
1
2
12
1
1
3
2
8
4
2
13
1
4
4
52
13
3
2
34
2
3
2
60
3
4
2
38
5
4
2
42
3
3
1
13
9
1
3
16
4
1
4
63
1
4
4
7
2
3
4
27
3
1
1
35
1
4
1
60
1
2
2
8
2
4
2
34
3
2
2
53
3
3
3
14
9
1
4
66
3
4
4
7
3
3
3
38
11
1
1
13
1
1
1
17
13
1
3
14
3
4
3
4
13
1
2
26
4
1
1
26
2
1
4
38
2
3
4
32
3
2
4
54
10
3
2
15
3
4
2
1
3
2
1
4
3
2
1
1
2
4
4
36
13
4
4
44
9
4
2
30
1
4
1
5
2
4
4
63
7
1
3
25
9
2
2
12
2
2
1
17
1
2
3
42
2
1
2
5
3
1
1
11
1
3
1
22
3
3
1
40
1
4
3
10
23
4
4
26
12
1
2
2
2
2
1
40
2
4
4
41
1
2
1
3
11
3
1
43
1
1
4
3
9
2
2
25
2
3
