4
55
10
1
4
61
7
2
2
63
3
1
3
41
1
3
4
14
6
3
4
55
2
1
3
13
5
1
3
60
11
4
1
49
2
4
3
42
1
4
4
5
18
3
3
30
12
2
3
45
7
1
4
71
2
4
1
36
3
1
2
14
3
4
2
53
1
1
3
68
1
3
3
53
2
3
3
22
10
4
2
12
2
2
4
36
10
1
1
10
6
1
4
63
3
4
3
61
9
2
1
34
10
4
1
4
3
4
1
55
2
2
1
23
1
3
4
38
9
2
2
28
1
4
1
54
1
3
2
35
1
2
1
27
1
4
1
71
2
4
3
65
9
4
1
40
2
2
4
52
6
1
3
39
3
4
2
47
2
1
4
34
14
2
3
34
11
2
2
4
3
1
4
49
4
1
2
33
2
3
3
7
2
1
4
13
8
1
4
39
4
4
1
6
1
1
4
28
5
3
2
10
1
1
1
43
3
3
2
12
1
1
4
65
8
2
4
7
4
1
2
8
2
3
1
60
1
4
2
5
2
3
3
67
16
1
3
7
5
3
2
67
1
4
2
10
2
2
4
22
9
4
1
47
2
2
4
34
7
2
1
25
3
2
1
13
9
2
3
71
3
4
2
38
5
3
1
30
7
4
3
35
4
3
2
52
5
3
1
68
2
4
1
27
2
2
4
10
21
3
4
60
1
1
4
29
8
1
1
40
1
3
1
71
3
4
2
66
3
4
3
23
15
4
1
8
3
2
4
4
19
3
3
44
5
3
4
26
12
4
4
11
3
2
1
18
7
4
2
53
2
4
3
3
1
2
3
71
4
1
2
15
2
3
4
31
7
2
2
13
3
2
1
26
1
4
1
30
17
4
3
14
19
2
2
44
2
3
2
37
3
1
4
43
1
1
1
11
10
2
3
11
15
1
4
35
5
4
3
27
10
1
1
7
6
2
2
68
2
2
1
61
3
3
2
45
2
3
4
8
3
1
4
42
1
3
3
14
22
3
3
31
6
3
3
37
10
2
1
31
18
1
4
5
23
3
1
2
2
1
4
25
9
2
1
6
2
4
2
16
3
2
4
3
14
2
3
27
14
1
3
32
11
2
4
31
26
4
2
43
5
4
1
41
2
1
3
43
2
1
2
27
3
4
2
60
3
2
3
60
9
4
2
9
2
3
3
26
6
3
4
2
5
2
1
68
1
1
1
5
2
2
2
26
4
4
1
63
1
3
1
10
2
2
1
32
7
3
3
63
8
4
2
8
3
3
4
66
5
1
1
52
2
1
1
14
3
2
4
25
5
4
2
18
2
3
4
15
1
1
3
49
4
1
4
1
2
1
4
53
3
1
2
40
4
3
4
32
9
4
1
42
1
1
1
66
1
2
4
67
13
2
3
18
17
2
2
27
1
2
2
32
4
2
3
10
13
4
4
45
14
4
1
38
2
1
2
36
5
1
4
10
7
1
2
25
3
3
4
71
1
1
2
71
3
4
3
34
3
4
1
65
1
4
1
63
2
4
1
4
7
4
1
18
9
1
2
29
1
2
2
35
2
1
2
28
3
1
4
45
11
4
4
32
2
3
1
25
2
1
1
32
1
2
4
42
2
2
4
16
9
4
3
12
5
2
2
22
3
4
3
23
8
4
2
41
5
3
2
23
2
3
3
6
6
4
1
35
4
2
1
28
2
3
1
3
5
1
1
52
1
1
2
49
1
3
4
9
25
3
4
3
7
2
2
41
2
3
3
52
4
3
4
27
1
1
3
41
4
2
2
66
1
2
4
26
8
1
3
9
16
3
3
11
4
3
3
28
4
3
1
16
4
3
1
66
3
3
2
39
3
3
4
41
1
1
1
33
1
3
1
44
4
2
3
15
13
2
1
3
7
3
3
43
6
1
1
54
2
3
4
4
9
1
4
13
9
3
3
47
9
4
2
33
3
4
4
35
2
3
4
39
8
3
2
15
3
3
1
29
1
1
3
38
8
1
1
29
3
3
4
22
11
1
1
17
6
1
3
31
29
1
3
66
9
4
4
66
4
3
3
32
7
2
1
35
3
3
2
30
2
3
4
30
1
3
3
40
5
4
2
6
3
4
4
60
2
3
4
23
21
4
2
42
3
1
2
55
2
2
3
44
8
4
4
47
15
1
1
15
2
4
1
45
2
4
4
28
4
4
1
5
1
3
2
6
1
1
4
1
9
2
1
22
3
4
3
33
1
3
1
60
2
3
1
34
3
4
3
45
5
4
2
25
2
1
2
36
1
1
4
27
2
1
4
23
22
1
3
29
16
3
2
3
2
3
4
29
10
3
3
66
1
4
3
29
10
1
4
53
7
3
2
47
3
1
3
22
7
4
4
8
18
2
4
68
21
4
3
25
4
2
3
38
9
1
4
36
12
2
2
23
1
1
3
5
2
2
1
37
1
1
1
65
2
4
1
61
1
3
4
6
7
4
4
6
31
1
3
8
12
3
1
33
8
1
2
34
2
3
1
14
12
2
3
63
6
3
4
12
2
1
3
18
18
1
4
63
2
3
1
12
13
3
2
1
2
1
1
16
6
1
4
12
1
4
3
36
6
4
1
13
8
3
2
5
1
2
2
31
1
4
2
2
1
3
1
28
3
2
3
67
33
1
1
2
7
1
3
40
2
2
3
65
18
4
1
8
8
3
1
39
3
1
2
17
3
3
3
12
6
4
2
55
3
1
4
37
13
4
1
15
3
2
3
49
1
2
2
34
1
3
1
67
3
4
4
47
4
4
3
68
3
3
1
31
5
3
4
37
3
4
4
52
13
4
4
44
4
1
3
2
11
4
1
44
3
2
1
36
1
2
2
60
1
4
4
9
31
1
4
40
4
2
1
1
1
1
4
15
27
1
3
61
7
1
4
38
3
3
1
22
2
2
4
54
10
2
3
54
2
3
1
37
2
2
1
26
3
1
3
33
24
2
3
1
6
2
4
18
23
3
1
11
11
3
3
25
8
1
1
53
2
2
2
43
4
3
3
55
2
2
2
52
4
2
1
23
3
2
2
4
2
1
3
16
3
2
2
32
1
2
4
14
8
3
2
37
2
2
3
28
13
1
2
7
3
2
3
26
9
4
1
47
3
4
2
54
1
4
1
55
1
1
1
45
1
2
2
13
2
4
3
15
4
1
2
38
2
2
2
63
1
1
4
67
6
2
2
39
1
4
2
16
1
2
2
17
1
3
3
2
4
1
2
22
2
3
4
40
3
2
4
30
4
2
3
52
18
2
2
31
3
2
2
2
3
4
2
61
1
4
4
49
7
3
4
65
10
2
2
30
1
2
3
35
3
4
3
1
2
3
1
7
5
1
2
9
1
4
3
13
3
2
2
61
3
2
2
54
2
4
2
3
1
3
4
33
3
4
2
11
3
3
1
9
8
2
2
65
4
3
4
43
11
1
1
67
2
1
3
6
2
2
4
2
11
4
1
49
1
3
1
42
2
1
4
68
25
4
1
38
3
4
3
17
1
4
4
61
3
2
3
10
21
2
3
53
4
3
1
41
1
1
2
1
1
4
3
47
8
4
2
71
1
1
4
17
10
2
2
26
3
2
4
33
6
4
3
9
30
3
4
44
5
3
4
54
7
2
3
4
15
3
3
54
1
3
3
37
4
4
4
7
2
3
3
42
4
1
1
12
9
4
2
65
3
3
2
68
1
4
3
39
10
2
2
18
3
3
1
53
1
3
1
9
14
3
2
45
4
4
2
11
2
4
2
7
2
2
3
5
3
1
3
4
6
1
2
67
2
2
2
49
3
1
2
14
2
3
2
40
3
1
2
44
4
4
1
1
2
1
4
16
8
1
4
11
12
2
3
3
5
1
3
30
28
4
1
17
14
1
4
41
3
2
1
39
2
3
3
36
1
4
4
17
23
2
3
55
9
2
2
42
1
4
3
16
2
1
3
17
9
2
1
43
2
4
3
8
3
3
4
18
22
4
2
29
2
4
